0
0
0
0
0
0
0
0
0
0
0
0
0
0
0
0
0
0
0
0
0
0
0
0
0
0
0
0
0
0
0
0
0
0
0
0
0
0
0
0
0
0
0
0
0
0
0
0
0
0
0
0
0
0
0
0
0
0
0
0
0
0
0
0
0
0
0
0
0
0
0
0
0
0
0
0
0
0
0
0
0
0
0
0
0
0
0
0
0
0
0
0
0
0
0
0
0
0
0
0
0
0
0
0
0
0
0
0
0
0
0
0
0
0
0
0
0
0
0
0
0
0
0
0
0
0
0
0
0
0
0
0
0
0
0
0
0
0
0
0
0
0
0
0
0
0
0
0
0
0
0
0
0
0
0
0
0
0
0
0
0
0
0
0
0
0
0
0
0
0
0
0
0
0
0
0
0
0
0
0
0
0
0
0
0
0
0
0
0
0
0
0
0
0
0
0
0
0
0
0
0
0
0
0
0
0
0
0
0
0
0
0
0
0
0
0
0
0
0
0
0
0
0
0
0
0
0
0
0
0
0
0
0
0
0
0
0
0
0
0
0
0
0
0
0
0
0
0
0
0
0
0
0
0
0
0
0
0
0
0
0
0
0
0
0
0
0
0
0
0
0
0
0
0
0
0
0
0
0
0
0
0
0
0
0
0
0
0
0
0
0
0
0
0
0
0
0
6.11041140412822E-59
1.20598613656313E-26
7.79184864422799E-18
9.2886544619311E-14
2.11624088918708E-11
6.97781080592037E-10
7.30992298315369E-09
4.63045928665084E-08
1.8267073740596E-07
5.66325163136254E-07
1.42226568864089E-06
2.89269582744214E-06
5.50844277419986E-06
1.06121454272068E-05
1.62225129417497E-05
2.45732700906776E-05
3.54212705185697E-05
2.08879472678732E-04
2.79100298163059E-04
3.97904588875541E-04
5.09141436373713E-04
5.67395939002475E-04
6.8949327104317E-04
8.24221040433082E-04
9.59172634734879E-04
1.11585971323612E-03
1.29958048412343E-03
1.47985428140657E-03
2.06169516966802E-03
2.30773381375232E-03
2.56426075628622E-03
2.83044639203229E-03
3.10547645821782E-03
2.0331354513246E-03
2.20735803684449E-03
1.98792830415205E-03
2.18210637087654E-03
2.33917459100709E-03
2.59655502932665E-03
2.7643105622113E-03
2.93387976674105E-03
2.98781830577583E-03
2.65900435216071E-03
2.47416567298718E-03
2.66749921381853E-03
2.79617513323546E-03
2.9251625831339E-03
3.83749374366091E-03
3.75497163484242E-03
3.73745677594332E-03
4.0595342175634E-03
4.39454719405875E-03
4.74234915132438E-03
4.71026381015138E-03
5.07008915076035E-03
5.23295920725371E-03
5.71876313231672E-03
5.33406896442563E-03
5.48801685373824E-03
5.05343823093471E-03
5.67242243910821E-03
6.06800545707283E-03
5.0784815610753E-03
4.81239413775593E-03
5.19262455777268E-03
5.58420105374517E-03
5.15157081115697E-03
5.4050689458033E-03
5.22794549223544E-03
5.33438991242764E-03
5.13769834821441E-03
5.08247313345357E-03
5.17750283135793E-03
5.11192699013664E-03
5.03983534270315E-03
5.29205826343402E-03
5.71717345160781E-03
5.63974491733484E-03
5.20873372281284E-03
5.28964520950867E-03
5.54877025662908E-03
6.72059866758497E-03
6.81751869256079E-03
6.9134907608965E-03
5.87200349977747E-03
6.33476316706784E-03
6.61233465078548E-03
6.89406837927307E-03
8.17710421725503E-03
1.15074554547129E-02
1.00109176444606E-02
9.50817957180477E-03
9.82632508791744E-03
1.60677861909369E-02
9.61840190047944E-03
1.08021527895229E-02
1.17893259276577E-02
1.16905220877232E-02
1.04719953453648E-02
1.03508585306369E-02
0.011133137600114
1.23861601342671E-02
1.15759124143683E-02
1.19157355716011E-02
1.03727562184195E-02
9.75087630407402E-03
1.00752747968342E-02
9.98727110464294E-03
1.01297430124048E-02
1.05198491960703E-02
1.09139244112149E-02
1.13118964373329E-02
0.012006536439555
1.09073224754214E-02
1.09624257758142E-02
1.13236761226441E-02
1.06862021017589E-02
1.10221166738249E-02
9.23062303601552E-03
9.50795710766457E-03
1.05403100881993E-02
1.12308115684141E-02
1.55289526473785E-02
1.75940886986826E-02
3.40384363334419E-02
3.62346654005854E-02
3.67337884539609E-02
4.03933865200385E-02
4.37298512229955E-02
4.76633093344422E-02
4.88122630958454E-02
4.99678440205015E-02
0.051129918392598
5.22983543321648E-02
0.053473021761115
5.46537923697394E-02
5.58405395836662E-02
4.73375049809797E-02
4.83321167897576E-02
3.86330103011338E-02
3.88126860366117E-02
3.95901517071191E-02
0.040370978537679
4.43703343489382E-02
4.39084724413747E-02
4.47359970953193E-02
4.55667373407773E-02
4.70931663611111E-02
4.72375720065401E-02
4.52072225719518E-02
0.047460089908675
3.11966823084004E-02
3.17285931921754E-02
3.22622095957076E-02
3.20165967420963E-02
3.17470388323333E-02
3.22598787705659E-02
3.68709583562093E-02
3.82834078205895E-02
3.12715164758606E-02
3.00348324326691E-02
2.96185191847186E-02
3.00614315023391E-02
3.14026182565281E-02
0.029129784540822
3.04729647352855E-02
2.90336393523567E-02
2.94420148773882E-02
0.030814160994922
3.31897294375236E-02
3.46296833476915E-02
3.20862316009827E-02
4.57197000263991E-02
0.049407096147894
4.48342700544636E-02
5.59691321032203E-02
0.05988670629275
5.30576406484449E-02
0.051522864551864
0.049935204498022
5.16639059190919E-02
5.91033013526209E-02
5.75045574983382E-02
5.93433582403681E-02
5.06158827580078E-02
2.50035515111706E-02
2.52879862293971E-02
2.55726739500408E-02
2.58576000037305E-02
2.61427498567779E-02
2.76865904950368E-02
3.05299011325515E-02
3.21421415034675E-02
3.11832013844985E-02
3.15101218835192E-02
3.18372016081257E-02
3.61849780845592E-02
3.11379524722749E-02
3.14517724999368E-02
0.030384569325641
3.20796788756064E-02
3.23937364729246E-02
3.83961655302375E-02
4.02006828863161E-02
4.05831475571237E-02
4.24286808534365E-02
4.72549624878054E-02
4.76920443737863E-02
5.11371491944385E-02
6.07075693786043E-02
6.73790529476653E-02
6.95246337096193E-02
0.065462792164951
6.76080268085163E-02
7.29521660618527E-02
5.91832846427984E-02
5.96874336221557E-02
5.85645498078116E-02
6.06949922426835E-02
6.61603911554439E-02
6.67042505701101E-02
6.89289589374452E-02
7.11804584351265E-02
0.138375688955617
0.139473953280036
0.14230679833837
0.145165807611834
0.126900775438195
0.143857916732196
0.143161904995272
0.146043868250456
0.139869259442379
0.142735540773955
0.143784190374607
0.144831654347963
0.149618354017463
0.139388369121033
0.147966558507363
0.150919277844529
0.151973601708268
0.153026500513874
0.156028291402953
0.157091521203447
0.160130112720889
0.161203450862322
0.172292127339738
0.177461401329617
0.186741197695261
0.189995537582939
0.178881380563814
0.177953810103825
0.176998043135241
0.176014112401823
0.175002052594293
0.184569333281791
0.168624714057427
0.167502537646086
0.174994126328749
0.210814783280177
0.212066145765042
0.21111579227686
0.214561051896716
0.213579728097827
0.219282851393677
0.220533619283986
0.219518493325506
0.218475102022159
0.221980411263273
0.227809243282766
0.224430722055696
0.220998824256442
0.233885697270013
0.235137908258103
0.236386936524994
0.237632744537481
0.238875294989368
0.240114550799882
0.241350475112111
0.242583031291482
0.243812182924275
0.245037893816167
0.246260127990808
0.247478849688435
0.248694023364507
0.249905613688383
0.251113585542021
0.252317904018707
0.253518534421818
0.254715442263611
0.255908593264036
0.257097953349579
0.258283488652133
0.259465165507891
0.260642950456268
0.261816810238846
0.202499768084724
0.198114466708205
0.20163902685416
0.189195361088734
0.190014517967191
0.258024675071416
0.261823537186459
0.262930583717806
0.220481616844442
0.221399203216296
0.183888799239521
0.195665442495188
0.229665172075192
0.23059105884588
0.234302610046719
0.243633385249369
0.244592329424161
0.25401451761332
0.254998419634991
0.255978227282852
0.256953914261007
0.160486949428979
0.201361083663777
0.216546658919243
0.12171363649797
0.110524955028504
0.248124491976562
0.257806921972715
0.258727787961789
0.262594905237938
0.213182784023947
0.207983339805108
0.199757819178665
0.254292799062727
0.252155425659091
0.28914918452287
0.290115919255571
0.233468658830064
0.234236267528249
0.210584370593966
0.205141544864494
0.236515456214025
0.23726724130087
0.241106125995639
0.238758778560359
0.24260886249913
0.233994296691582
0.234706866398448
0.247970933652627
0.261306143809139
0.26523901247064
0.275519763724104
0.276322978624808
0.318530412300058
0.319442739949072
0.320349579011372
0.321250906612535
0.322146700048121
0.323036936783445
0.323921594453364
0.324800650862056
0.325674083982818
0.326541871957865
0.327403993098135
0.328260425883103
0.329111148960595
0.329956141146619
0.330795381425187
0.331628848948155
0.332456523035064
0.333278383172983
0.334094409016362
0.334904580386888
0.335708877273348
0.336507279831492
0.337299768383905
0.334705460185684
0.260927532708391
0.268316829028721
0.272328155856274
0.225174063849007
0.28722071669223
0.280997582097277
0.281608062339928
0.282213554019102
0.282814042362328
0.283409512733006
0.283999950630337
0.288055894636695
0.28516567168041
0.324072026407699
0.321227079075967
0.349848969496751
0.350531830640431
0.351208435465277
0.351878767609778
0.35254281087745
0.353200549236786
0.353851966821209
0.354497047929025
0.355135777023382
0.355768138732226
0.356394117848265
0.35701369932893
0.357626868296345
0.35823361003729
0.358833910003174
0.359427753810006
0.360015127238367
0.360596016233391
0.361170406904734
0.361738285526562
0.344184656610646
0.362854452540736
0.363402714303773
0.363944410758642
0.364479529001777
0.365008056294024
0.36552998006063
0.366045287891238
0.366553967539874
0.367056006924941
0.290365601362081
0.294432093919876
0.243224628997901
0.177118812456268
0.166259784846035
0.162768382410254
0.155561017459567
0.207665851101404
0.256178809825556
0.25647896563679
0.253053086532414
0.268242023265235
0.257351409306372
0.309906193594344
0.310239104443269
0.318049888778242
0.374563805429489
0.374944441494379
0.375318238975325
0.24043852101011
0.172980830259901
0.173143315886331
0.173302640036982
0.154604581689922
0.15851511171018
0.16998418035569
0.166347019982195
0.170267977475269
0.170405207272189
0.197067658951263
0.204804375905306
0.182184728776006
8.73606072204742E-02
9.12237558199438E-02
0.106501437999462
0.11418558265285
0.11806906989578
0.118144208011906
0.118217181332541
0.122103729704884
0.118356626814057
0.114602995854088
0.110843045349045
0.103252806067001
9.94789091344265E-02
0.103355341046385
0.114893072176445
0.118776260761758
0.11882750071529
0.161058565044803
0.161122076224674
0.165020311463426
0.168918330285058
0.17281591989237
0.211287124108316
0.203665423004542
0.196035483769348
0.203777134998391
0.207673176915544
0.31158082884294
0.307798685092592
0.327098661478116
0.315608556189667
0.315657311004933
0.319550269393526
0.315737420617795
0.319619612251292
0.350454676870102
0.346625200988973
0.342788944725031
0.134808115927576
0.138660802378246
0.138659280323581
0.142506743872271
0.354324180231736
0.335045280730514
0.335016973569863
0.354234378902003
0.358041333120313
0.357991335051841
0.288657064149115
0.230884908333791
0.23083992363898
0.22694418664483
0.319186506220476
0.319106683544742
0.269053855245337
0.276661697600254
0.318832057173258
0.311048590599989
0.307103321430346
0.29164289402606
0.303040131881797
0.302919587658267
0.329623286018681
0.337142283685395
0.33316001165806
0.382761826797934
0.382574089665548
0.382379335121422
0.382177567713129
0.236820651134814
0.244321928523358
0.251809955924466
0.255471312322855
0.262933958797117
0.277998577026198
0.274009861609874
0.273824327078703
0.231828617547242
0.235460688668644
0.235287980426148
0.348874336651411
0.363762038011669
0.367260829435846
0.378313109089572
0.377999888676917
0.377679757897392
0.377352724261333
0.377018795443569
0.376677979283421
0.376330283784685
0.375975717115623
0.375614287608959
0.375246003761862
0.374870874235943
0.374488907857242
0.374100113616222
0.373704500667761
0.28370957953167
0.335603570481049
0.335229159233314
0.33484864558604
0.319597059028683
0.363764400238122
0.37074508975365
0.370295276448701
0.369838734227765
0.369375473889529
0.368905506397043
0.368428842877712
0.367945494623304
0.367455473089946
0.366958789898128
0.366455456832705
0.3659454858429
0.365428889042309
0.364905678708908
0.364375867285061
0.363839467377524
0.363296491757458
0.36274695336044
0.362190865286473
0.361628240800001
0.361059093329922
0.360483436469608
0.35990128397692
0.359312649774228
0.358717547948433
0.358115992750991
0.357507998597936
0.356893580069907
0.356272751912176
0.355645529034681
0.355011926512055
0.354371959583664
0.353725643653643
0.353072994290932
0.352414027229321
0.344713783200142
0.351077203769067
0.350399379662653
0.349715302441897
0.349024988665538
0.348328455057464
0.34762571850677
0.346916796067825
0.346201704960332
0.345480462569399
0.34475308644561
0.344019594305101
0.343280004029637
0.342534333666692
0.341782601429537
0.341024825697328
0.340261025015196
0.339491218094346
0.338715423812157
0.337933661212281
0.337145949504758
0.336352308066124
0.335552756439529
0.334747314334858
0.333936001628854
0.333118838365253
0.332295844754914
0.331467041175961
0.330632448173928
0.329792086461908
0.328945976920709
0.314970374975051
0.160345933369633
0.166450420051103
0.162752241979692
0.194777972619553
0.2525248484924
0.242148045149771
0.241479554936483
0.250439176497487
0.246533567999864
0.296916966655995
0.296067510696818
0.295212975974279
0.294353384109313
0.306111929220651
0.311497768890093
0.294881521717762
0.300247621375012
0.302452608005675
0.301524879385596
0.309888699608154
0.308921762465951
0.307949604487619
0.306972250641582
0.30598972606996
0.305002056088914
0.304009266189
0.303011382035526
0.302008429468929
0.301000434505156
0.299987423336054
0.298969422329778
0.297946458031201
0.296918557162343
0.295885746622808
0.29484805349023
0.293805505020735
0.292758128649415
0.291705951990812
0.290649002839414
0.28958730917017
0.288520899139012
0.287449801083392
0.286374043522834
0.2852936551595
0.284208664878769
0.283119101749834
0.28202499502631
0.280926374146857
0.279823268735825
0.278715708603911
0.277603723748828
0.276487344355996
0.275366600799254
0.274241523641578
0.273112143635826
0.2719784917255
0.159795953436858
0.161819098153821
0.163816852295712
0.251357683187611
0.255597360069625
0.249183309685341
0.263925954682934
0.262759264645163
0.261588589908221
0.260413963368142
0.259235418121287
0.258052987465351
0.256866704900398
0.227552177675632
0.221399965583885
0.227956575429063
0.211750335463562
0.233317191227099
0.249670021195924
0.248457730497668
0.247241863308757
0.246022455001372
0.244799541161847
0.243573157592006
0.242343340310522
0.241110125554319
0.191898839823999
0.188520583235588
0.187538465067373
0.186553779149939
0.197311273660246
0.198595315104757
0.204499313372654
0.203391337626482
0.197683380050738
0.196595353292796
0.193231449102138
0.226060040112695
0.224786057797553
0.223509209103669
0.222229533732858
0.2209470716324
0.173532871767703
0.172515419134362
0.171495860839538
0.161842622690327
0.186610106932941
0.194008402050849
0.11230446479104
0.113719641608797
0.117200286234682
0.133106015136716
0.138467386734373
0.119105927095327
5.91716313078803E-02
6.28441203101149E-02
5.84070651616619E-02
4.80197435597509E-02
4.77021093120056E-02
4.93583224098268E-02
5.49096274743465E-02
5.25896286647277E-02
5.22301784726923E-02
5.57124705294958E-02
5.72331103174729E-02
5.68321059519511E-02
5.83116108780466E-02
5.97638188154616E-02
5.37718842069258E-02
5.15415846773133E-02
4.93377413222673E-02
0.125156478192796
0.117025097807722
0.134017244736223
0.129457756682664
0.163668710814223
0.165903359250354
0.173281205030873
0.171926182129216
0.170570097608909
0.169213003154567
0.16785495082678
0.166495993067105
0.165136182703136
0.163775572953726
0.162414217434296
0.161052170162283
0.159689485562704
0.158326218473847
0.156962424153082
0.155598158282815
0.149606472667289
0.110065274485386
0.110597259133497
0.112603131131884
0.124968257487516
0.140035542161075
0.109529897445379
9.25912848883803E-02
9.17170891425465E-02
9.79400703852066E-02
0.106838125600121
0.105800408080269
0.10476291397447
0.102360878941024
0.101337617683827
0.062863890176905
6.22231301500181E-02
6.28929266303087E-02
4.92726614295305E-02
0.101359850587074
0.100285069736094
0.123071848694306
0.122982605730809
0.122867199910318
0.106929349719946
0.104535022191121
0.104544870855702
0.101005340532092
9.98429999454457E-02
9.17971081101031E-02
9.18521886731038E-02
8.96405767427192E-02
0.088564264524001
9.51446510031051E-02
8.64158464105513E-02
8.64106603435707E-02
0.086380278997134
8.52847675875829E-02
7.28970757812899E-02
6.99247752210625E-02
6.90074817755294E-02
6.41444612539866E-02
6.13362746905167E-02
5.76222389872912E-02
6.44079454110701E-02
6.63145369855104E-02
6.53815706681826E-02
6.71739012185422E-02
6.35217920130197E-02
6.25951047175438E-02
5.12474304511397E-02
5.04811080787587E-02
0.056457989845596
5.72517241961635E-02
0.05881310236396
5.54758651182769E-02
5.69652693515243E-02
5.99374444088993E-02
3.82835622473804E-02
3.76486959483723E-02
3.84965046703406E-02
3.34743241716967E-02
3.28960193751331E-02
3.37249397510124E-02
3.38158762327441E-02
3.25287821491809E-02
3.19340693072263E-02
3.19946219537906E-02
0.032032957356378
3.07924463794063E-02
3.20438033397435E-02
3.32249195260255E-02
5.80165703796053E-02
5.56778205051529E-02
5.39604824819038E-02
5.22724961400636E-02
4.89811004370767E-02
4.79194672732926E-02
3.17629367677829E-02
3.71593217179431E-02
4.12861586564241E-02
3.98422080134951E-02
3.98499449802885E-02
3.84286283214576E-02
3.74874653720672E-02
0.036992555637239
3.60520451195623E-02
3.55357788186818E-02
3.45966952507788E-02
3.36641111959101E-02
3.23529994740042E-02
3.10702725025832E-02
3.05430335549991E-02
0.030001349408648
2.91032138261299E-02
3.11995637098469E-02
3.02226160658565E-02
3.04988966315305E-02
2.85950050199172E-02
2.73426604841678E-02
2.80852906821129E-02
2.70922431848314E-02
2.61089726615864E-02
2.51356601702494E-02
2.41724893889086E-02
2.39487806901433E-02
2.37422581966662E-02
1.01194807347624E-02
9.79566415417653E-03
9.70629863391031E-03
9.61603705017463E-03
8.16417346313696E-03
8.30983374784112E-03
0.008450270238174
9.46596174616151E-03
9.36880542339505E-03
8.62387771456313E-03
8.9582491667112E-03
1.62441564832135E-02
1.66888786217403E-02
1.64988121747725E-02
1.63068283750433E-02
1.55086755503701E-02
1.53201499986808E-02
1.53262197417269E-02
1.51313916748167E-02
1.51260833581358E-02
1.49247939279224E-02
0.013789761540948
1.35974491235543E-02
1.21353648584953E-02
6.24661128267816E-03
5.27395433551015E-03
5.0197945276069E-03
5.11104565413752E-03
5.02841702523275E-03
4.94500411861592E-03
4.53675304346883E-03
3.82066073656178E-03
3.43937958736991E-03
3.22246470109691E-03
3.01080235130678E-03
2.95207712247793E-03
3.03748467648776E-03
2.8331038206155E-03
2.77286716447488E-03
2.98335392769219E-03
2.38583763498851E-03
2.84817431632233E-03
2.90617338146782E-03
2.83419492208933E-03
3.00186756750725E-03
2.57185925307862E-03
2.61534737787877E-03
2.43099808450254E-03
2.25269736967492E-03
2.08052375778031E-03
2.01531921246561E-03
1.94984316855648E-03
1.9783359095914E-03
1.90912588931295E-03
1.57692681692355E-03
1.6859512113678E-03
1.61969455190078E-03
1.55342377376121E-03
1.41283652756085E-03
1.35002091955484E-03
1.35512630474279E-03
1.09601077329503E-03
1.04044082152437E-03
1.10112805787719E-03
1.09461838546553E-03
1.03075489456775E-03
9.67596828512849E-04
1.04104490343854E-03
9.70431203057876E-04
9.01041068312882E-04
8.33028651326472E-04
7.66556229138972E-04
5.18717158181197E-04
5.0002313931735E-04
4.02165863744879E-04
3.61437795435152E-04
3.22413863385173E-04
2.67401043006398E-04
2.34386210724953E-04
1.89783206754354E-04
1.62749298210533E-04
1.37756552232534E-04
1.23096635669854E-04
1.07678478173831E-04
8.66159542704099E-05
7.23975520336072E-05
5.22342798855985E-05
3.15632877091985E-05
1.91642590794966E-05
1.31768224995524E-05
7.8229636139812E-06
4.31766927462128E-06
2.44926738203103E-06
1.39938999219916E-06
6.34329405867927E-07
2.92345115218096E-07
7.47961710554498E-08
1.6794472820706E-08
2.38962640764938E-09
1.68365672072997E-10
4.80364644027987E-12
1.22513745207534E-14
2.88282157299584E-19
7.1588231561846E-30
4.02326699390092E-79
0
0
0
0
0
0
0
0
0
0
0
0
0
0
0
0
0
0
0
0
0
0
0
0
0
0
0
0
0
0
0
0
0
0
0
0
0
0
0
0
0
0
0
0
0
0
0
0
0
0
0
0
0
0
0
0
0
0
0
0
0
0
0
0
0
0
0
0
0
0
0
0
0
0
0
0
0
0
0
0
0
0
0
0
0
0
0
0
0
0
0
0
0
0
0
0
0
0
0
0
0
0
0
0
0
0
0
0
0
0
0
0
0
0
0
0
0
0
0
0
0
0
0
0
0
0
0
0
0
0
0
0
0
0
0
0
0
0
0
0
0
0
0
0
0
0
0
0
0
0
0
0
0
0
0
0
0
0
0
0
0
0
0
0
0
0
""
