0
0
0
0
0
0
0
0
0
0
0
0
0
0
0
0
0
0
0
0
0
0
0
0
0
0
0
0
0
0
0
0
0
0
0
0
0
0
0
0
0
0
0
0
0
0
0
0
0
0
0
0
0
0
0
0
0
0
0
0
0
0
0
0
0
0
0
0
0
0
0
0
0
0
0
0
0
0
0
0
0
0
0
0
0
0
0
0
0
0
0
0
0
0
0
0
0
0
0
0
0
0
0
0
0
0
0
0
0
0
0
0
0
0
0
0
0
0
0
0
0
0
0
0
0
0
0
0
0
0
0
0
0
0
0
0
0
0
0
0
0
0
0
0
0
0
0
0
0
0
0
0
0
0
0
0
0
0
0
0
0
0
0
0
0
0
0
0
0
0
0
0
0
0
0
0
0
0
0
0
0
0
0
0
0
0
0
0
0
0
0
0
0
0
0
0
0
0
0
0
0
0
0
0
0
0
0
0
0
0
0
0
0
0
0
0
0
0
0
0
0
0
0
0
0
0
0
0
0
0
0
0
0
0
0
0
0
0
0
0
0
0
0
0
0
0
0
0
0
0
0
0
0
0
0
0
0
0
0
0
0
0
0
0
0
0
0
0
0
0
0
0
0
0
0
0
0
0
0
0
0
0
0
0
0
0
0
0
0
0
0
0
0
0
0
0
0
0
0
0
0
0
0
0
0
0
0
0
0
0
0
0
0
0
0
0
0
0
0
0
0
0
0
0
0
0
0
0
0
0
0
0
0
0
0
0
0
0
0
0
0
0
0
0
0
0
0
0
0
0
0
0
0
0
0
5.69056458138457E-61
4.63292591577712E-25
1.28416611277906E-16
6.95102579081826E-13
7.7318644837484E-11
1.76975783605629E-09
1.57065577804323E-08
7.85283656813112E-08
3.15174175160726E-07
8.38408417858522E-07
1.85467958963594E-06
4.0896006698166E-06
6.2208217893391E-06
9.97064712073622E-06
1.71219631560989E-05
2.74723616328895E-05
3.75429706277576E-05
4.95182997232117E-05
6.34000143714629E-05
7.91544409937739E-05
8.59732332867705E-05
1.03123071543704E-04
1.21721825254028E-04
1.41673334077835E-04
1.62876204783143E-04
1.62073453171075E-04
1.56466195020015E-04
1.74719182892685E-04
1.93605207293507E-04
2.48562411373694E-04
3.10662439479301E-04
3.37829113044161E-04
3.65492168374662E-04
3.93577799668233E-04
4.22017521216394E-04
4.50748035284537E-04
4.19747163844826E-04
4.45246397673614E-04
4.7085935999858E-04
4.96546908871984E-04
5.22273398825431E-04
5.48006447798924E-04
6.55676238609661E-04
5.99377648913543E-04
8.03526862988954E-04
8.36303460258554E-04
8.68933361192721E-04
9.01394343700088E-04
9.33666585529443E-04
8.58428857279231E-04
5.54209095850644E-04
5.71769191212311E-04
4.71353287518741E-04
4.85176393120258E-04
4.98880605179629E-04
5.12462426331898E-04
6.57398594405579E-04
6.74059301563406E-04
6.90557548291405E-04
7.06891212584964E-04
7.23058611449809E-04
7.39058459611847E-04
9.17682780102402E-04
1.12970764574218E-03
1.18999891369069E-03
1.43025938864674E-03
1.31411541362379E-03
1.37788825432968E-03
1.85498984368607E-03
1.93980225264776E-03
1.3506506504876E-03
1.40898646311667E-03
1.46818842860724E-03
1.78294247387994E-03
1.8539623974851E-03
1.9259236396075E-03
1.99880400068665E-03
2.07258171038678E-03
1.84048750646262E-03
1.58767444235123E-03
2.29908758956946E-03
2.71570907463003E-03
2.80479780817288E-03
3.25661943194632E-03
3.73201567215275E-03
3.84661972384912E-03
4.35847751312209E-03
3.67099918073157E-03
3.77685175407626E-03
3.8835628629081E-03
3.99111104185797E-03
3.64397801220667E-03
4.20863492974945E-03
3.83872876427475E-03
3.93712025140154E-03
4.54068682714803E-03
4.65283051106557E-03
4.76567273345289E-03
5.42132807169889E-03
5.54820026307254E-03
5.10821013594372E-03
5.80407532486087E-03
7.11964849637379E-03
7.27519915913063E-03
7.4315207952786E-03
1.07505056687877E-02
1.16195890798306E-02
1.11986109891786E-02
1.07521329537042E-02
1.30212804968778E-02
1.32754320027499E-02
1.35305824870612E-02
1.45123185099867E-02
0.014043763463385
1.50544598021907E-02
1.45605948255216E-02
1.56003265181798E-02
1.58745853493253E-02
1.61496906657571E-02
1.39617729190675E-02
1.50320989337694E-02
1.69798151713282E-02
0.017258038368281
1.66601274606965E-02
0.066812264427452
6.60536720665535E-02
6.70790790381333E-02
0.070905644990835
7.95544014847908E-02
8.36254374629825E-02
7.99807522272743E-02
8.11442805335823E-02
8.23098724727561E-02
9.36576146460822E-02
9.29051264438305E-02
9.41906499740916E-02
9.65389241867574E-02
0.105368789116988
4.24918670416081E-02
4.30519552073593E-02
4.47309781421128E-02
9.28788241809784E-02
9.40603746496748E-02
8.24665690929703E-02
6.46765550433676E-02
6.78520021373843E-02
7.22907593002535E-02
6.95010368222907E-02
7.27939916628487E-02
0.124828522500317
0.12627818516479
0.12772855075173
0.129179536206334
0.130631059523015
0.132083039722212
0.133535396827849
0.134988051845428
9.68730579859149E-02
0.11583091331203
0.117051504112432
0.11827208763211
0.12091513234845
0.122150042916393
0.123384758594446
0.12461921830067
0.108085828233236
0.116621130047
0.113223936184972
0.114311734911737
0.112321739244084
0.104060668121489
0.142654040115785
0.145553277872724
0.1468840485348
0.149824940481617
0.152793763566467
0.159070225009069
0.163777799935325
0.166873090477934
0.168312769419121
0.169751097309684
0.171188014081361
0.172623460247593
0.168835655586305
0.171979911550457
0.175151184869041
0.174782381532266
0.17618105760843
0.177577954128257
0.177146761243465
0.180366190683479
0.185466758205779
0.18688434742121
0.18829984727799
0.189713204530523
0.191124366398823
0.192533280561124
0.193939895146677
0.195344158728732
0.196746020317707
0.19814542935452
0.199542335704102
0.200936689649072
0.202328441883568
0.15889968393565
0.192797709258247
0.18996859320827
0.207868461670671
0.209246479756038
0.210621608611741
0.211993801652615
0.213363012661006
0.214729195781867
0.216092305517998
0.217452296725378
0.218809124608638
0.220162744716636
0.221513112938139
0.22286018549762
0.22420391895116
0.225544270182445
0.226881196398867
0.228214655127725
0.229544604212511
0.2308710018093
0.232193806383216
0.233512976704999
0.234828471847646
0.236140251183142
0.237448274379265
0.238752501396479
0.240052892484895
0.241349408181308
0.242642009306316
0.243930656961494
0.245215312526656
0.246495937657164
0.247772494281324
0.249044944597829
0.250313251073274
0.251577376439729
0.252837283692372
0.254092936087179
0.252790854167289
0.251459504005379
0.198532180423065
0.088084572211731
0.140565297849996
8.10759966550291E-02
8.14557035666073E-02
8.71136162855156E-02
8.75148128459136E-02
8.52504132136845E-02
8.29603516517968E-02
8.33329158774396E-02
8.91042794403749E-02
8.13616005829255E-02
7.62700193979631E-02
8.20727125778253E-02
0.145619434063777
0.193148701051399
0.21059210596155
0.228171640912979
0.229121408069016
0.230067074184276
0.228191435403702
0.234774610678945
0.238559191533468
0.24236217732815
0.246183388170191
0.247148819653429
0.213489798425517
0.243273963603986
0.244203725121804
0.248047233849431
0.234333197208
0.235205884516567
0.268534469671811
0.26951731398962
0.267522726106544
0.265501772691922
0.260460791281429
0.255372563302129
0.247222489421648
0.190598804899774
0.200362217271438
0.20713806974306
0.259798108030378
0.279068939411606
0.304610898037355
0.302526628874605
0.300416503955919
0.301387762091283
0.289885191833543
0.287678602840786
0.276036540115603
0.254871150489858
0.255658415411201
0.23744524347388
0.18100559238811
0.184734458963724
0.178895183622427
0.163402795685724
0.167093432981662
0.164354293578919
0.174520981474158
0.272247820243958
0.279513702769826
0.28355138894669
0.284333517673149
0.285110228910909
0.328599429251797
0.197687808440203
0.191605110927034
0.288162517178741
0.278949378242064
0.276338162738778
0.333786120110347
0.334628296282376
0.335464053379093
0.336293370978158
0.33711622883999
0.243311476973393
0.281156262803779
0.27503213391688
0.282484411538657
0.283140328964803
0.294048285520858
0.294716581447949
0.343464172538504
0.344228012005453
0.34498519933261
0.345735716273707
0.346479544762323
0.347216666911688
0.347947065014487
0.341697307111822
0.331918238189936
0.329091876218825
0.242052737668274
0.351497587612984
0.352187279609628
0.352870128618374
0.353546118361331
0.354215232738588
0.354877455828074
0.355532771885422
0.356181165343842
0.356822620813995
0.357457123083871
0.358084657118672
0.358705208060698
0.359318761229239
0.359925302120469
0.356919568243274
0.346672598341932
0.347234600393469
0.347789816660284
0.348338234066351
0.352514004701842
0.334855678303485
0.127583226785882
0.120471882948148
0.131616709638489
0.128145664605094
0.131994646856142
0.209284584986433
0.220603730108313
0.213540119475402
0.217512430063793
0.214107243456529
0.214384507150814
0.222059548259557
0.226043288634066
0.341337492196301
0.338035854046362
0.353314150840118
0.353726786629789
0.253484294797562
0.208986808820553
0.268994232717345
0.164563575025756
0.202179128121191
0.202389891321845
0.202596672243168
0.255377105445719
0.139091405960551
0.131699214528762
0.128056516176909
0.131943958033717
0.128289220558874
0.124625260171196
0.128511816001332
0.121053474257701
0.124938273622932
0.159138877211209
0.159262268932363
0.166972164398103
0.227856613319958
0.368631392240597
0.30803992877058
0.304442041430141
0.304641110009227
0.339128011717602
0.339336096639095
0.331907429016755
0.328280525492749
0.328462170102346
0.328637330744373
0.328806003387543
0.321317761263492
0.321469825830745
0.321615542350147
0.329415738601013
0.226087942396524
0.218509887359117
0.195581881186037
0.180305871758285
0.17269090450355
0.176583896232925
0.28415328138353
0.384096219469402
0.384193928913241
0.384284046876336
0.368991908437902
0.384441500258
0.384508832061739
0.384568565155071
0.384620698166893
0.384665229900621
0.384702159334192
0.384731485620062
0.384753208085206
0.384767326231116
0.384773839733802
0.384772748443789
0.384764052386121
0.384747751760358
0.384723846940577
0.384692338475372
0.384653227087855
0.384606513675658
0.384552199310929
0.38449028524034
0.384420772885084
0.384343663840875
0.384258959877954
0.384166662941089
0.384066775149574
0.383959298797236
0.383844236352436
0.383721590458069
0.383591363931571
0.38345355976492
0.383308181124638
0.3831552313518
0.382994713962033
0.382826632645524
0.38265099126702
0.382467793865839
0.290530553938464
0.290379848499451
0.290223410488923
0.282428052888877
0.267007034081493
0.20585349783797
0.217155305050825
0.175136140478421
0.175020684605027
0.23193496377212
0.235572258076905
0.277167687652832
0.276962573218292
0.299498737077428
0.306841276806023
0.306595521232781
0.32147180760649
0.313643562765059
0.320924341163236
0.309324375138161
0.312813899424439
0.316290375780249
0.293420939911198
0.296896074685772
0.352920689143646
0.352565684876506
0.3484568941995
0.344349022174316
0.373892635437578
0.373485501846262
0.373071024089511
0.372649211798994
0.372220074781498
0.371783623018951
0.371339866668472
0.370888816062395
0.370430481708322
0.369964874289155
0.369492004663144
0.369011883863932
0.368524523100601
0.368029933757721
0.367528127395406
0.367019115749361
0.366502910730943
0.365979524427217
0.365448969101017
0.36491125719101
0.364366401311759
0.363814414253794
0.363255308983684
0.362689098644104
0.362115796553922
0.361535416208268
0.360947971278624
0.360353475612908
0.359751943235559
0.359143388347636
0.358527825326907
0.357905268727954
0.357275733282271
0.356639233898374
0.355995785661908
0.355345403835766
0.354688103860203
0.35402390135296
0.35335281210939
0.352674852102592
0.351990037483542
0.351298384581237
0.343587911704783
0.342896737531147
0.345690736516754
0.34846372295835
0.347738129815835
0.28107469808985
0.28047606865271
0.314424111375148
0.313739397165191
0.213285871367666
0.295189603252689
0.294525361933247
0.215266191666391
0.238634755428373
0.125842419515381
0.125546900957724
0.338510716437585
0.337698970611865
0.336880730802381
0.336056016936296
0.335224849123054
0.334387247654658
0.333543233005956
0.332692825834942
0.331836046983052
0.330972917475488
0.330103458521533
0.329227691514884
0.328345638033998
0.32745731984244
0.326562758889245
0.32566197730929
0.324754997423679
0.204020360296285
0.200211970431109
0.212518082004138
0.298590959441888
0.294517684316842
0.29045764678744
0.289593394939085
0.28872367127612
0.275195816437786
0.277507416007805
0.232638019476275
0.291458421216343
0.290541960956927
0.199308418273616
0.251442026997483
0.250629626575581
0.240560220153353
0.239768896437242
0.235909339252202
0.235119343975351
0.231281789241926
0.224427814872602
0.226678414213351
0.252999041235327
0.279125741213072
0.278140238585927
0.277149599099013
0.2791232447744
0.278111647486958
0.282990573869954
0.284883984595164
0.289676404145641
0.192393084444503
0.133584732949378
0.133074880057938
0.132562604611609
0.132047920228927
0.145827671128687
0.14240367349605
0.144673197972843
0.149742707906477
0.225111039596568
0.226993697850728
0.242803465598055
0.241794542095076
0.232478499237648
0.228740153450082
0.208556218964042
0.207659925547411
0.220362588542827
0.222108162810508
0.221129302630933
0.217461846805456
0.1817424101444
0.183581688470971
0.198635964927667
0.213541020723552
0.230920150586217
0.227229300950667
0.231357682386735
0.225084085639509
0.221430910514156
0.181926052661446
0.206538334221258
0.205523731149641
0.204505660550395
0.198459851986389
0.197460241964138
0.198944139032094
0.195451167478216
0.19444176222814
0.235053146087816
0.21676948753089
0.205930720328421
0.204831051019359
0.208521665360413
0.207389363796987
0.206253734875022
0.235764153159744
0.234451303248343
0.233134749159625
0.231814531607084
0.230490691604133
0.229163270467398
0.227832309820095
0.226497851595495
0.225159938040481
0.223818611719183
0.222473915516719
0.221125892643022
0.219774586636771
0.218420041369414
0.217062301049303
0.215701410225929
0.21005066551838
0.202321839149265
0.198904268313819
0.195511337920592
0.200497230939713
0.199173545847055
0.193725329653292
0.192423947927347
0.17892084802774
0.167601300870711
0.166445522595402
0.159313346130981
0.158195242350419
0.157075147896673
0.155953102974628
0.154829148129855
0.153703324253842
0.152575672589365
0.151446234735995
0.148436114497562
0.143587837353476
0.14434643487227
0.14323867957799
0.143951562642791
0.139210680876994
0.136319042025456
0.131675177664114
0.135912665004388
0.134810670815265
0.135443882213509
0.125714498094265
0.114419763851347
0.106683216612769
0.102418827525053
9.32174105734921E-02
8.74597166771808E-02
8.83309285104546E-02
0.118356436175359
0.120515496356962
0.116246316348846
0.112034287154171
0.112569924462806
0.113076003245983
0.112018053593539
0.112479589848353
0.108395189138902
8.05127800640121E-02
6.34878298125985E-02
6.57873308062493E-02
6.80285845186446E-02
7.30773845512064E-02
7.23364114780875E-02
6.73838769508966E-02
0.076411495173622
7.83618434390065E-02
9.11360356329533E-02
0.115731158092704
0.115813126771134
0.11323300033559
0.111984403057272
0.112023849044942
0.10948851684588
0.125862056497875
0.124412611061495
0.122963977021766
0.121516239923822
0.120069486443049
0.11862380441128
0.117179282843758
0.115736011966869
8.57205624350235E-02
8.12545843812507E-02
8.35609683873415E-02
8.35827357683665E-02
0.100943747811669
0.101752470669707
0.102505702642362
0.101118736456281
0.102818380236895
0.101392866695907
9.99696850640902E-02
8.47520906230461E-02
8.25611359332396E-02
7.84864741468126E-02
7.82710314838052E-02
7.71008313267438E-02
7.59331220337535E-02
7.47680013953884E-02
7.36055687981411E-02
7.24459252654284E-02
7.21480792045649E-02
7.09804229611373E-02
6.81536229918763E-02
6.70200048021059E-02
6.18720042488486E-02
6.23933518092474E-02
6.05349204785459E-02
5.94697193389573E-02
5.69104270183847E-02
6.76436896019092E-02
6.42350409220442E-02
6.44531630909847E-02
6.32324852312563E-02
6.26981342582572E-02
6.28103349866828E-02
0.061564817669902
6.03247396867804E-02
6.09761177614967E-02
5.84770826370041E-02
5.72412707775612E-02
5.18844398074109E-02
5.07512447604697E-02
4.90601602081656E-02
4.29913675548281E-02
4.52344270110299E-02
4.25989496231269E-02
0.043638745014886
4.30824951842358E-02
0.043485558027712
4.23930771342376E-02
4.17722591436278E-02
4.29430870547948E-02
4.04816387654375E-02
3.89565965037135E-02
3.99614216398284E-02
3.80259362691292E-02
3.77180352810025E-02
0.033941235891215
2.73749524709954E-02
2.07992393042559E-02
2.98757303650104E-02
2.01773054304012E-02
0.017891443741085
1.63501885379009E-02
1.63984223477705E-02
1.78757620416102E-02
1.61048987423081E-02
1.36083983011016E-02
1.20485985504079E-02
0.011080059781937
7.98110517486994E-03
1.13692623634177E-02
1.02278785878675E-02
1.02150422707902E-02
1.17991628158213E-02
1.10699772610011E-02
9.99787615950623E-03
6.8735432511023E-03
6.70041560332274E-03
6.19892182428344E-03
6.02230017598388E-03
0.005875869663165
4.88536250768771E-03
4.77509870397694E-03
4.80087515281812E-03
3.88190634379213E-03
4.17655886576734E-03
4.19576149202216E-03
4.08341898077748E-03
3.84976928178391E-03
3.62207608867872E-03
3.40045952260472E-03
3.51452700995543E-03
3.61363945956611E-03
3.38955772686988E-03
3.27102060349934E-03
3.15181143406885E-03
3.21576324820189E-03
3.08815234367754E-03
2.96009726108265E-03
2.83170899101183E-03
2.70311081442379E-03
2.13310686805428E-03
2.16632029448099E-03
1.92021080598118E-03
1.75165869449784E-03
1.47305652912692E-03
1.32742837505662E-03
1.18974080341093E-03
1.10824950743746E-03
9.83142871595788E-04
8.24945294555106E-04
7.95291770223986E-04
6.91394357747978E-04
6.58435219954045E-04
5.92944164399575E-04
5.29741913404726E-04
1.74233303281941E-03
1.44918813326654E-03
1.20535549134397E-03
8.86339365859324E-04
6.86341538478565E-04
5.48986917179304E-04
3.2259267767241E-04
2.63210175294196E-04
4.58856732190068E-04
3.44589065916331E-04
2.43748445364857E-04
1.68546290482177E-04
1.10269270501432E-04
7.65263960714594E-05
4.28383515040597E-05
2.14310800969295E-05
9.24136124153266E-06
3.25572634120482E-06
8.62603255968251E-07
1.50140070589049E-07
1.35465851084703E-08
4.01524526824342E-10
1.43044214297178E-12
3.96270894516438E-17
1.38847949854854E-28
2.49413464033175E-111
0
0
0
0
0
0
0
0
0
0
0
0
0
0
0
0
0
0
0
0
0
0
0
0
0
0
0
0
0
0
0
0
0
0
0
0
0
0
0
0
0
0
0
0
0
0
0
0
0
0
0
0
0
0
0
0
0
0
0
0
0
0
0
0
0
0
0
0
0
0
0
0
0
0
0
0
0
0
0
0
0
0
0
0
0
0
0
0
0
0
0
0
0
0
0
0
0
0
0
0
0
0
0
0
0
0
0
0
0
0
0
0
0
0
0
0
0
0
0
0
0
0
0
0
0
0
0
0
0
0
0
0
0
0
0
0
0
0
0
0
0
0
0
0
0
0
0
0
0
0
0
0
0
0
0
0
0
0
0
0
0
0
0
0
0
0
0
0
0
0
0
0
0
0
0
0
0
0
0
0
0
0
0
0
0
0
0
0
0
0
0
0
0
0
0
0
0
0
0
0
0
0
0
0
0
0
0
0
0
0
0
0
0
0
0
""
