0
0
0
0
0
0
0
0
0
0
0
0
0
0
0
0
0
0
0
0
0
0
0
0
0
0
0
0
0
0
0
0
0
0
0
0
0
0
0
0
0
0
0
0
0
0
0
0
0
0
0
0
0
0
0
0
0
0
0
0
0
0
0
0
0
0
0
0
0
0
0
0
0
0
0
0
0
0
0
0
0
0
0
0
0
0
0
0
0
0
0
0
0
0
0
0
0
0
0
0
0
0
0
0
0
0
0
0
0
0
0
0
0
0
0
0
0
0
0
0
0
0
0
0
0
0
0
0
0
0
0
0
0
0
0
0
0
0
0
0
0
0
0
0
0
0
0
0
0
0
0
0
0
0
0
0
0
0
0
0
0
0
0
0
0
0
0
0
0
0
0
0
0
0
0
0
0
0
0
0
0
0
0
0
0
0
0
0
0
0
0
0
0
0
0
0
0
0
0
0
0
0
0
0
0
0
0
0
0
0
0
0
0
0
0
0
0
0
0
0
0
0
0
0
0
0
0
0
0
0
0
0
0
0
0
0
0
0
0
0
0
0
0
0
0
0
0
0
0
0
0
0
0
0
0
0
0
0
0
0
0
0
0
0
0
0
0
0
0
0
0
0
0
0
0
0
0
0
0
0
0
0
0
0
0
0
0
0
0
0
0
0
0
0
0
0
0
0
0
0
0
0
0
0
0
0
0
0
0
0
0
0
0
0
0
0
0
0
0
0
0
0
0
0
0
0
0
0
0
0
0
0
0
0
0
0
0
0
0
0
0
0
0
0
0
0
0
0
0
0
0
0
0
0
0
2.84528229069228E-61
2.31646295788856E-25
6.42083056389532E-17
3.47551289540913E-13
3.8659322418742E-11
8.84878918028146E-10
7.85327889021613E-09
3.92641828406556E-08
1.57587087580363E-07
4.19204208929261E-07
9.27339794817971E-07
2.0448003349083E-06
3.11041089466955E-06
4.98532356036811E-06
8.56098157804945E-06
1.37361808164447E-05
1.87714853138788E-05
2.47591498616059E-05
3.17000071857314E-05
3.9577220496887E-05
4.29866166433852E-05
5.15615357718521E-05
6.08609126270141E-05
7.08366670389173E-05
8.14381023915714E-05
8.10367265855375E-05
7.82330975100077E-05
8.73595914463423E-05
9.68026036467536E-05
1.24281205686847E-04
1.55331219739651E-04
1.68914556522081E-04
1.82746084187331E-04
1.96788899834117E-04
2.11008760608197E-04
2.25374017642269E-04
2.09873581922413E-04
2.22623198836807E-04
2.3542967999929E-04
2.48273454435992E-04
2.61136699412716E-04
2.74003223899462E-04
3.27838119304831E-04
2.99688824456772E-04
4.01763431494477E-04
4.18151730129277E-04
4.3446668059636E-04
4.50697171850044E-04
4.66833292764722E-04
4.29214428639615E-04
2.77104547925322E-04
2.85884595606155E-04
2.3567664375937E-04
2.42588196560129E-04
2.49440302589814E-04
2.56231213165949E-04
3.28699297202789E-04
3.37029650781703E-04
3.45278774145702E-04
3.53445606292482E-04
3.61529305724904E-04
3.69529229805923E-04
4.58841390051201E-04
5.64853822871092E-04
5.94999456845345E-04
7.15129694323369E-04
6.57057706811893E-04
6.88944127164842E-04
9.27494921843036E-04
9.69901126323879E-04
6.753253252438E-04
7.04493231558333E-04
7.3409421430362E-04
8.91471236939971E-04
9.26981198742549E-04
9.62961819803748E-04
9.99402000343323E-04
1.03629085519339E-03
9.2024375323131E-04
7.93837221175613E-04
1.14954379478473E-03
1.35785453731502E-03
1.40239890408644E-03
1.62830971597316E-03
1.86600783607637E-03
1.92330986192456E-03
2.17923875656104E-03
1.83549959036578E-03
1.88842587703813E-03
1.94178143145405E-03
1.99555552092898E-03
1.82198900610333E-03
2.10431746487472E-03
1.91936438213737E-03
1.96856012570077E-03
2.27034341357401E-03
2.32641525553279E-03
2.38283636672645E-03
2.71066403584945E-03
2.77410013153627E-03
2.55410506797186E-03
2.90203766243044E-03
3.55982424818689E-03
3.63759957956531E-03
3.7157603976393E-03
5.37525283439385E-03
5.80979453991528E-03
5.59930549458928E-03
5.37606647685212E-03
6.51064024843889E-03
6.63771600137496E-03
6.7652912435306E-03
7.25615925499335E-03
7.02188173169249E-03
7.52722990109536E-03
7.28029741276081E-03
7.8001632590899E-03
7.93729267466264E-03
8.07484533287857E-03
6.98088645953377E-03
7.51604946688469E-03
8.48990758566409E-03
8.62901918414052E-03
8.33006373034827E-03
0.033406132213726
3.30268360332768E-02
3.35395395190667E-02
3.54528224954175E-02
3.97772007423954E-02
4.18127187314912E-02
3.99903761136372E-02
4.05721402667911E-02
0.041154936236378
4.68288073230411E-02
4.64525632219153E-02
4.70953249870458E-02
4.82694620933787E-02
5.26843945584938E-02
2.12459335208041E-02
2.15259776036797E-02
2.23654890710564E-02
4.64394120904892E-02
4.70301873248374E-02
4.12332845464851E-02
3.23382775216838E-02
3.39260010686922E-02
3.61453796501268E-02
3.47505184111454E-02
3.63969958314244E-02
6.24142612501585E-02
0.063139092582395
6.38642753758648E-02
0.064589768103167
6.53155297615075E-02
6.60415198611059E-02
6.67676984139246E-02
6.74940259227141E-02
4.84365289929575E-02
5.79154566560148E-02
5.85257520562162E-02
0.059136043816055
6.04575661742252E-02
6.10750214581963E-02
6.16923792972231E-02
6.23096091503351E-02
5.40429141166181E-02
5.83105650234998E-02
5.66119680924861E-02
5.71558674558686E-02
0.056160869622042
5.20303340607443E-02
7.13270200578923E-02
7.27766389363622E-02
7.34420242673999E-02
7.49124702408086E-02
7.63968817832336E-02
7.95351125045347E-02
8.18888999676624E-02
8.34365452389672E-02
8.41563847095603E-02
8.48755486548419E-02
8.55940070406807E-02
8.63117301237965E-02
8.44178277931524E-02
8.59899557752286E-02
8.75755924345207E-02
0.087391190766133
8.80905288042151E-02
8.87889770641286E-02
8.85733806217324E-02
9.01830953417396E-02
9.27333791028895E-02
9.34421737106051E-02
0.094149923638995
9.48566022652614E-02
9.55621831994115E-02
9.62666402805622E-02
9.69699475733385E-02
9.76720793643662E-02
9.83730101588534E-02
9.90727146772598E-02
0.099771167852051
0.100468344824536
0.101164220941784
0.079449841967825
9.63988546291236E-02
9.49842966041348E-02
0.103934230835336
0.104623239878019
0.105310804305871
0.105996900826308
0.106681506330503
0.107364597890934
0.108046152758999
0.108726148362689
0.109404562304319
0.110081372358318
0.110756556469069
0.11143009274881
0.11210195947558
0.112772135091222
0.113440598199434
0.114107327563862
0.114772302106256
0.11543550090465
0.116096903191608
0.116756488352499
0.117414235923823
0.118070125591571
0.118724137189633
0.11937625069824
0.120026446242447
0.120674704090654
0.121321004653158
0.121965328480747
0.122607656263328
0.123247968828582
0.123886247140662
0.124522472298915
0.125156625536637
0.125788688219864
0.126418641846186
0.12704646804359
0.126395427083644
0.12572975200269
9.92660902115325E-02
4.40422861058655E-02
7.02826489249979E-02
4.05379983275145E-02
4.07278517833036E-02
4.35568081427578E-02
4.37574064229568E-02
4.26252066068422E-02
4.14801758258984E-02
4.16664579387198E-02
4.45521397201874E-02
4.06808002914628E-02
3.81350096989816E-02
4.10363562889127E-02
7.28097170318884E-02
9.65743505256997E-02
0.105296052980775
0.114085820456489
0.114560704034508
0.115033537092138
0.114095717701851
0.117387305339473
0.119279595766734
0.121181088664075
0.123091694085096
0.123574409826715
0.106744899212759
0.121636981801993
0.122101862560902
0.124023616924716
0.117166598604
0.117602942258284
0.134267234835905
0.13475865699481
0.133761363053272
0.132750886345961
0.130230395640714
0.127686281651065
0.123611244710824
0.095299402449887
0.100181108635719
0.10356903487153
0.129899054015189
0.139534469705803
0.152305449018678
0.151263314437303
0.150208251977959
0.150693881045641
0.144942595916772
0.143839301420393
0.138018270057802
0.127435575244929
0.1278292077056
0.11872262173694
9.05027961940548E-02
0.092367229481862
8.94475918112135E-02
8.17013978428619E-02
0.083546716490831
8.21771467894597E-02
8.72604907370789E-02
0.136123910121979
0.139756851384913
0.141775694473345
0.142166758836574
0.142555114455455
0.164299714625898
9.88439042201013E-02
0.095802555463517
0.144081258589371
0.139474689121032
0.138169081369389
0.166893060055174
0.167314148141188
0.167732026689547
0.168146685489079
0.168558114419995
0.121655738486696
0.140578131401889
0.13751606695844
0.141242205769328
0.141570164482402
0.147024142760429
0.147358290723975
0.171732086269252
0.172114006002727
0.172492599666305
0.172867858136853
0.173239772381162
0.173608333455844
0.173973532507244
0.170848653555911
0.165959119094968
0.164545938109412
0.121026368834137
0.175748793806492
0.176093639804814
0.176435064309187
0.176773059180666
0.177107616369294
0.177438727914037
0.177766385942711
0.178090582671921
0.178411310406998
0.178728561541936
0.179042328559336
0.179352604030349
0.179659380614619
0.179962651060235
0.178459784121637
0.173336299170966
0.173617300196735
0.173894908330142
0.174169117033176
0.176257002350921
0.167427839151743
6.37916133929411E-02
6.02359414740739E-02
6.58083548192445E-02
6.40728323025468E-02
6.59973234280709E-02
0.104642292493216
0.110301865054156
0.106770059737701
0.108756215031897
0.107053621728265
0.107192253575407
0.111029774129778
0.113021644317033
0.170668746098151
0.169017927023181
0.176657075420059
0.176863393314894
0.126742147398781
0.104493404410276
0.134497116358673
8.22817875128778E-02
0.101089564060595
0.101194945660922
0.101298336121584
0.127688552722859
6.95457029802756E-02
6.58496072643809E-02
6.40282580884545E-02
6.59719790168583E-02
0.064144610279437
6.23126300855982E-02
6.42559080006661E-02
6.05267371288506E-02
6.24691368114661E-02
7.95694386056044E-02
7.96311344661816E-02
8.34860821990515E-02
0.113928306659979
0.184315696120298
0.15401996438529
0.152221020715071
0.152320555004614
0.169564005858801
0.169668048319547
0.165953714508377
0.164140262746375
0.164231085051173
0.164318665372186
0.164403001693771
0.160658880631746
0.160734912915372
0.160807771175073
0.164707869300507
0.113043971198262
0.109254943679559
9.77909405930187E-02
9.01529358791425E-02
8.63454522517752E-02
8.82919481164625E-02
0.142076640691765
0.192048109734701
0.19209696445662
0.192142023438168
0.184495954218951
0.192220750129
0.192254416030869
0.192284282577536
0.192310349083447
0.192332614950311
0.192351079667096
0.192365742810031
0.192376604042603
0.192383663115558
0.192386919866901
0.192386374221894
0.19238202619306
0.192373875880179
0.192361923470288
0.192346169237686
0.192326613543928
0.192303256837829
0.192276099655465
0.19224514262017
0.192210386442542
0.192171831920438
0.192129479938977
0.192083331470544
0.192033387574787
0.191979649398618
0.191922118176218
0.191860795229035
0.191795681965786
0.19172677988246
0.191654090562319
0.1915776156759
0.191497356981017
0.191413316322762
0.19132549563351
0.191233896932919
0.145265276969232
0.145189924249725
0.145111705244462
0.141214026444438
0.133503517040746
0.102926748918985
0.108577652525413
8.75680702392105E-02
8.75103423025136E-02
0.11596748188606
0.117786129038452
0.138583843826416
0.138481286609146
0.149749368538714
0.153420638403011
0.153297760616391
0.160735903803245
0.156821781382529
0.160462170581618
0.154662187569081
0.15640694971222
0.158145187890125
0.146710469955599
0.148448037342886
0.176460344571823
0.176282842438253
0.17422844709975
0.172174511087158
0.186946317718789
0.186742750923131
0.186535512044755
0.186324605899497
0.186110037390749
0.185891811509476
0.185669933334236
0.185444408031198
0.185215240854161
0.184982437144578
0.184746002331572
0.184505941931966
0.1842622615503
0.184014966878861
0.183764063697703
0.183509557874681
0.183251455365472
0.182989762213609
0.182724484550509
0.182455628595505
0.182183200655879
0.181907207126897
0.181627654491842
0.181344549322052
0.181057898276961
0.180767708104134
0.180473985639312
0.180176737806454
0.17987597161778
0.179571694173818
0.179263912663454
0.178952634363977
0.178637866641136
0.178319616949187
0.177997892830954
0.177672701917883
0.177344051930102
0.17701195067648
0.176676406054695
0.176337426051296
0.175995018741771
0.175649192290619
0.171793955852391
0.171448368765574
0.172845368258377
0.174231861479175
0.173869064907918
0.140537349044925
0.140238034326355
0.157212055687574
0.156869698582595
0.106642935683833
0.147594801626345
0.147262680966623
0.107633095833195
0.119317377714187
6.29212097576903E-02
6.27734504788618E-02
0.169255358218793
0.168849485305932
0.16844036540119
0.168028008468148
0.167612424561527
0.167193623827329
0.166771616502978
0.166346412917471
0.165918023491526
0.165486458737744
0.165051729260766
0.164613845757442
0.164172819016999
0.16372865992122
0.163281379444622
0.162830988654645
0.16237749871184
0.102010180148142
0.100105985215554
0.106259041002069
0.149295479720944
0.147258842158421
0.14522882339372
0.144796697469543
0.14436183563806
0.137597908218893
0.138753708003902
0.116319009738138
0.145729210608171
0.145270980478463
9.96542091368082E-02
0.125721013498741
0.12531481328779
0.120280110076677
0.119884448218621
0.117954669626101
0.117559671987676
0.115640894620963
0.112213907436301
0.113339207106676
0.126499520617664
0.139562870606536
0.139070119292964
0.138574799549506
0.1395616223872
0.139055823743479
0.141495286934977
0.142441992297582
0.14483820207282
9.61965422222516E-02
0.066792366474689
6.65374400289692E-02
6.62813023058045E-02
6.60239601144637E-02
7.29138355643434E-02
0.071201836748025
7.23365989864214E-02
7.48713539532385E-02
0.112555519798284
0.113496848925364
0.121401732799027
0.120897271047538
0.116239249618824
0.114370076725041
0.104278109482021
0.103829962773705
0.110181294271414
0.111054081405254
0.110564651315466
0.108730923402728
9.08712050721999E-02
9.17908442354853E-02
9.93179824638335E-02
0.106770510361776
0.115460075293109
0.113614650475334
0.115678841193368
0.112542042819754
0.110715455257078
0.090963026330723
0.103269167110629
0.10276186557482
0.102252830275197
9.92299259931943E-02
9.87301209820691E-02
9.94720695160472E-02
0.097725583739108
9.72208811140699E-02
0.117526573043908
0.108384743765445
0.10296536016421
0.102415525509679
0.104260832680207
0.103694681898493
0.103126867437511
0.117882076579872
0.117225651624172
0.116567374579812
0.115907265803542
0.115245345802067
0.114581635233699
0.113916154910047
0.113248925797748
0.112579969020241
0.111909305859592
0.111236957758359
0.110562946321511
0.109887293318385
0.109210020684707
0.108531150524651
0.107850705112964
0.10502533275919
0.101160919574632
9.94521341569093E-02
9.77556689602959E-02
0.100248615469856
9.95867729235275E-02
9.68626648266462E-02
9.62119739636737E-02
0.08946042401387
8.38006504353553E-02
8.32227612977008E-02
7.96566730654903E-02
7.90976211752094E-02
7.85375739483366E-02
0.077976551487314
7.74145740649273E-02
7.68516621269208E-02
7.62878362946823E-02
7.57231173679976E-02
7.42180572487809E-02
7.17939186767378E-02
7.21732174361348E-02
7.16193397889949E-02
7.19757813213954E-02
6.96053404384968E-02
6.81595210127281E-02
6.58375888320571E-02
6.79563325021942E-02
6.74053354076325E-02
6.77219411067546E-02
6.28572490471323E-02
5.72098819256736E-02
5.33416083063847E-02
5.12094137625267E-02
4.66087052867461E-02
4.37298583385904E-02
4.41654642552273E-02
5.91782180876797E-02
0.060257748178481
5.81231581744232E-02
5.60171435770854E-02
5.62849622314032E-02
5.65380016229917E-02
5.60090267967695E-02
5.62397949241763E-02
0.054197594569451
0.040256390032006
3.17439149062992E-02
3.28936654031246E-02
3.40142922593223E-02
3.65386922756032E-02
3.61682057390438E-02
3.36919384754483E-02
0.038205747586811
3.91809217195033E-02
4.55680178164766E-02
5.78655790463521E-02
0.057906563385567
5.66165001677948E-02
0.055992201528636
5.60119245224708E-02
0.05474425842294
6.29310282489373E-02
6.22063055307473E-02
6.14819885108829E-02
6.07581199619111E-02
6.00347432215246E-02
5.93119022056401E-02
5.85896414218788E-02
5.78680059834343E-02
4.28602812175118E-02
4.06272921906253E-02
4.17804841936707E-02
4.17913678841832E-02
5.04718739058344E-02
5.08762353348533E-02
5.12528513211812E-02
5.05593682281405E-02
5.14091901184476E-02
5.06964333479536E-02
4.99848425320451E-02
0.042376045311523
4.12805679666198E-02
3.92432370734063E-02
3.91355157419026E-02
3.85504156633719E-02
3.79665610168768E-02
3.73840006976942E-02
3.68027843990705E-02
3.62229626327142E-02
3.60740396022824E-02
3.54902114805686E-02
3.40768114959382E-02
3.35100024010529E-02
3.09360021244243E-02
3.11966759046237E-02
3.02674602392729E-02
2.97348596694786E-02
2.84552135091923E-02
3.38218448009546E-02
3.21175204610221E-02
3.22265815454924E-02
3.16162426156282E-02
3.13490671291286E-02
3.14051674933414E-02
0.030782408834951
3.01623698433902E-02
3.04880588807483E-02
2.92385413185021E-02
2.86206353887806E-02
2.59422199037054E-02
2.53756223802348E-02
2.45300801040828E-02
2.14956837774141E-02
0.022617213505515
2.12994748115635E-02
0.021819372507443
2.15412475921179E-02
0.021742779013856
2.11965385671188E-02
2.08861295718139E-02
2.14715435273974E-02
2.02408193827188E-02
1.94782982518567E-02
1.99807108199142E-02
1.90129681345646E-02
1.88590176405012E-02
1.69706179456075E-02
1.36874762354977E-02
0.010399619652128
1.49378651825052E-02
1.00886527152006E-02
8.94572187054249E-03
8.17509426895044E-03
8.19921117388524E-03
8.93788102080512E-03
8.05244937115407E-03
6.80419915055082E-03
6.02429927520393E-03
5.54002989096848E-03
3.99055258743497E-03
5.68463118170885E-03
5.11393929393373E-03
5.10752113539512E-03
5.89958140791065E-03
5.53498863050056E-03
4.99893807975311E-03
3.43677162555115E-03
3.35020780166137E-03
3.09946091214172E-03
3.01115008799194E-03
2.9379348315825E-03
2.44268125384386E-03
2.38754935198847E-03
2.40043757640906E-03
1.94095317189606E-03
2.08827943288367E-03
2.09788074601108E-03
2.04170949038874E-03
1.92488464089195E-03
1.81103804433936E-03
1.70022976130236E-03
1.75726350497771E-03
1.80681972978306E-03
1.69477886343494E-03
1.63551030174967E-03
1.57590571703443E-03
1.60788162410094E-03
1.54407617183877E-03
1.48004863054133E-03
1.41585449550591E-03
1.3515554072119E-03
1.06655343402714E-03
1.08316014724049E-03
9.60105402990591E-04
8.75829347248921E-04
7.36528264563459E-04
6.63714187528309E-04
5.94870401705463E-04
5.54124753718728E-04
4.91571435797894E-04
4.12472647277553E-04
3.97645885111993E-04
3.45697178873989E-04
3.29217609977023E-04
2.96472082199787E-04
2.64870956702363E-04
8.71166516409706E-04
7.2459406663327E-04
6.02677745671986E-04
4.43169682929662E-04
3.43170769239282E-04
2.74493458589652E-04
1.61296338836205E-04
1.31605087647098E-04
2.29428366095034E-04
1.72294532958165E-04
1.21874222682429E-04
8.42731452410886E-05
5.51346352507162E-05
3.82631980357297E-05
2.14191757520299E-05
1.07155400484647E-05
4.62068062076633E-06
1.62786317060241E-06
4.31301627984126E-07
7.50700352945247E-08
6.77329255423516E-09
2.00762263412171E-10
7.15221071485888E-13
1.98135447258219E-17
6.94239749274272E-29
1.24706732016588E-111
0
0
0
0
0
0
0
0
0
0
0
0
0
0
0
0
0
0
0
0
0
0
0
0
0
0
0
0
0
0
0
0
0
0
0
0
0
0
0
0
0
0
0
0
0
0
0
0
0
0
0
0
0
0
0
0
0
0
0
0
0
0
0
0
0
0
0
0
0
0
0
0
0
0
0
0
0
0
0
0
0
0
0
0
0
0
0
0
0
0
0
0
0
0
0
0
0
0
0
0
0
0
0
0
0
0
0
0
0
0
0
0
0
0
0
0
0
0
0
0
0
0
0
0
0
0
0
0
0
0
0
0
0
0
0
0
0
0
0
0
0
0
0
0
0
0
0
0
0
0
0
0
0
0
0
0
0
0
0
0
0
0
0
0
0
0
0
0
0
0
0
0
0
0
0
0
0
0
0
0
0
0
0
0
0
0
0
0
0
0
0
0
0
0
0
0
0
0
0
0
0
0
0
0
0
0
0
0
0
0
0
0
0
0
0
""
