0
0
0
0
0
0
0
0
0
0
0
0
0
0
0
0
0
0
0
0
0
0
0
0
0
0
0
0
0
0
0
0
0
0
0
0
0
0
0
0
0
0
0
0
0
0
0
0
0
0
0
0
0
0
0
0
0
0
0
0
0
0
0
0
0
0
0
0
0
0
0
0
0
0
0
0
0
0
0
0
0
0
0
0
0
0
0
0
0
0
0
0
0
0
0
0
0
0
0
0
0
0
0
0
0
0
0
0
0
0
0
0
0
0
0
0
0
0
0
0
0
0
0
0
0
0
0
0
0
0
0
0
0
0
0
0
0
0
0
0
0
0
0
0
0
0
0
0
0
0
0
0
0
0
0
0
0
0
0
0
0
0
0
0
0
0
0
0
0
0
0
0
0
0
0
0
0
0
0
0
0
0
0
0
0
0
0
0
0
0
0
0
0
0
0
0
0
0
0
0
0
0
0
0
0
0
0
0
0
0
0
0
0
0
0
0
0
0
0
0
0
0
0
0
0
0
0
0
0
0
0
0
0
0
0
0
0
0
0
0
0
0
0
0
0
0
0
0
0
0
0
0
0
0
0
0
0
0
0
0
0
0
0
0
0
0
0
0
0
0
0
0
0
0
0
0
0
0
0
0
0
0
0
0
0
0
0
0
0
0
0
0
0
0
0
0
0
3.05520570206411E-59
6.02993068281563E-27
3.895924322114E-18
4.64432723096555E-14
1.05812044459354E-11
3.48890540296019E-10
3.65496149157684E-09
2.31522964332542E-08
9.13353687029798E-08
2.83162581568127E-07
7.11132844320445E-07
1.44634791372107E-06
2.75422138709993E-06
5.30607271360342E-06
8.11125647087484E-06
1.22866350453388E-05
1.77106352592849E-05
1.04439736339366E-04
1.3955014908153E-04
1.98952294437771E-04
2.54570718186857E-04
2.83697969501238E-04
3.44746635521585E-04
4.12110520216541E-04
4.79586317367439E-04
5.57929856618062E-04
6.49790242061716E-04
7.39927140703285E-04
1.03084758483401E-03
1.15386690687616E-03
1.28213037814311E-03
1.41522319601615E-03
1.55273822910891E-03
1.0165677256623E-03
1.10367901842224E-03
9.93964152076025E-04
1.09105318543827E-03
1.16958729550355E-03
1.29827751466332E-03
1.38215528110565E-03
1.46693988337053E-03
1.49390915288791E-03
1.32950217608036E-03
1.23708283649359E-03
1.33374960690927E-03
1.39808756661773E-03
1.46258129156695E-03
1.91874687183045E-03
1.87748581742121E-03
1.86872838797166E-03
2.0297671087817E-03
2.19727359702937E-03
2.37117457566219E-03
2.35513190507569E-03
2.53504457538018E-03
2.61647960362686E-03
2.85938156615836E-03
2.66703448221282E-03
2.74400842686912E-03
2.52671911546736E-03
2.83621121955411E-03
3.03400272853642E-03
2.53924078053765E-03
2.40619706887796E-03
2.59631227888634E-03
2.79210052687258E-03
2.57578540557849E-03
2.70253447290165E-03
2.61397274611772E-03
2.66719495621382E-03
2.56884917410721E-03
2.54123656672679E-03
2.58875141567897E-03
2.55596349506832E-03
2.51991767135158E-03
2.64602913171701E-03
2.85858672580391E-03
2.81987245866742E-03
2.60436686140642E-03
2.64482260475433E-03
2.77438512831454E-03
3.36029933379249E-03
3.4087593462804E-03
3.45674538044825E-03
2.93600174988873E-03
3.16738158353392E-03
3.30616732539274E-03
3.44703418963653E-03
4.08855210862751E-03
5.75372772735646E-03
5.00545882223028E-03
4.75408978590239E-03
4.91316254395872E-03
8.03389309546844E-03
4.80920095023972E-03
5.40107639476143E-03
5.89466296382887E-03
5.84526104386159E-03
5.23599767268242E-03
5.17542926531847E-03
0.005566568800057
6.19308006713357E-03
5.78795620718417E-03
5.95786778580053E-03
5.18637810920975E-03
4.87543815203701E-03
5.03763739841708E-03
4.99363555232147E-03
5.06487150620238E-03
5.25992459803514E-03
5.45696220560744E-03
5.65594821866643E-03
6.00326821977748E-03
5.45366123771072E-03
5.48121288790709E-03
5.66183806132207E-03
5.34310105087947E-03
5.51105833691243E-03
4.61531151800776E-03
4.75397855383228E-03
5.27015504409963E-03
5.61540578420704E-03
7.76447632368927E-03
8.79704434934132E-03
1.70192181667209E-02
1.81173327002927E-02
1.83668942269805E-02
2.01966932600192E-02
2.18649256114977E-02
2.38316546672211E-02
2.44061315479227E-02
2.49839220102508E-02
0.025564959196299
2.61491771660824E-02
2.67365108805575E-02
2.73268961848697E-02
2.79202697918331E-02
2.36687524904899E-02
2.41660583948788E-02
1.93165051505669E-02
1.94063430183058E-02
1.97950758535595E-02
2.01854892688395E-02
2.21851671744691E-02
2.19542362206873E-02
2.23679985476597E-02
2.27833686703887E-02
2.35465831805556E-02
2.36187860032701E-02
2.26036112859759E-02
2.37300449543375E-02
1.55983411542002E-02
1.58642965960877E-02
1.61311047978538E-02
1.60082983710482E-02
1.58735194161666E-02
0.016129939385283
1.84354791781046E-02
1.91417039102948E-02
1.56357582379303E-02
1.50174162163346E-02
1.48092595923593E-02
1.50307157511696E-02
0.015701309128264
0.014564892270411
1.52364823676428E-02
1.45168196761784E-02
1.47210074386941E-02
0.015407080497461
1.65948647187618E-02
1.73148416738457E-02
1.60431158004913E-02
2.28598500131995E-02
0.024703548073947
2.24171350272318E-02
2.79845660516102E-02
0.029943353146375
2.65288203242224E-02
0.025761432275932
0.024967602249011
0.025831952959546
2.95516506763104E-02
2.87522787491691E-02
2.96716791201841E-02
2.53079413790039E-02
1.25017757555853E-02
1.26439931146985E-02
1.27863369750204E-02
1.29288000018652E-02
0.013071374928389
1.38432952475184E-02
1.52649505662757E-02
1.60710707517338E-02
1.55916006922493E-02
1.57550609417596E-02
1.59186008040629E-02
1.80924890422796E-02
1.55689762361375E-02
1.57258862499684E-02
1.51922846628205E-02
1.60398394378032E-02
1.61968682364623E-02
1.91980827651188E-02
0.020100341443158
2.02915737785618E-02
2.12143404267183E-02
2.36274812439027E-02
2.38460221868931E-02
2.55685745972192E-02
3.03537846893021E-02
3.36895264738326E-02
3.47623168548096E-02
3.27313960824755E-02
3.38040134042581E-02
3.64760830309264E-02
2.95916423213992E-02
2.98437168110779E-02
2.92822749039058E-02
3.03474961213417E-02
3.30801955777219E-02
3.33521252850551E-02
3.44644794687226E-02
3.55902292175632E-02
6.91878444778087E-02
6.97369766400179E-02
7.11533991691849E-02
0.072582903805917
6.34503877190973E-02
7.19289583660978E-02
7.15809524976361E-02
7.30219341252281E-02
6.99346297211896E-02
7.13677703869775E-02
7.18920951873035E-02
7.24158271739815E-02
7.48091770087315E-02
6.96941845605163E-02
7.39832792536817E-02
7.54596389222646E-02
0.075986800854134
0.076513250256937
7.80141457014764E-02
7.85457606017235E-02
8.00650563604443E-02
8.06017254311609E-02
8.61460636698688E-02
8.87307006648087E-02
9.33705988476304E-02
9.49977687914697E-02
8.94406902819071E-02
8.89769050519126E-02
8.84990215676205E-02
8.80070562009114E-02
8.75010262971467E-02
9.22846666408954E-02
8.43123570287135E-02
0.083751268823043
8.74970631643745E-02
0.105407391640089
0.106033072882521
0.10555789613843
0.107280525948358
0.106789864048914
0.109641425696838
0.110266809641993
0.109759246662753
0.109237551011079
0.110990205631637
0.113904621641383
0.112215361027848
0.110499412128221
0.116942848635006
0.117568954129051
0.118193468262497
0.118816372268741
0.119437647494684
0.120057275399941
0.120675237556055
0.121291515645741
0.121906091462137
0.122518946908083
0.123130063995404
0.123739424844217
0.124347011682254
0.124952806844192
0.12555679277101
0.126158952009353
0.126759267210909
0.127357721131806
0.127954296632018
0.12854897667479
0.129141744326066
0.129732582753945
0.130321475228134
0.130908405119423
0.101249884042362
9.90572333541027E-02
0.10081951342708
9.45976805443672E-02
9.50072589835956E-02
0.129012337535708
0.13091176859323
0.131465291858903
0.110240808422221
0.110699601608148
9.19443996197605E-02
9.78327212475938E-02
0.114832586037596
0.11529552942294
0.11715130502336
0.121816692624684
0.12229616471208
0.12700725880666
0.127499209817496
0.127989113641426
0.128476957130503
8.02434747144897E-02
0.100680541831889
0.108273329459622
0.060856818248985
5.52624775142519E-02
0.124062245988281
0.128903460986358
0.129363893980895
0.131297452618969
0.106591392011973
0.103991669902554
9.98789095893325E-02
0.127146399531363
0.126077712829545
0.144574592261435
0.145057959627785
0.116734329415032
0.117118133764125
0.105292185296983
0.102570772432247
0.118257728107013
0.118633620650435
0.120553062997819
0.11937938928018
0.121304431249565
0.116997148345791
0.117353433199224
0.123985466826314
0.130653071904569
0.13261950623532
0.137759881862052
0.138161489312404
0.159265206150029
0.159721369974536
0.160174789505686
0.160625453306268
0.16107335002406
0.161518468391723
0.161960797226682
0.162400325431028
0.162837041991409
0.163270935978933
0.163701996549068
0.164130212941551
0.164555574480298
0.164978070573309
0.165397690712593
0.165814424474078
0.166228261517532
0.166639191586492
0.167047204508181
0.167452290193444
0.167854438636674
0.168253639915746
0.168649884191952
0.167352730092842
0.130463766354196
0.134158414514361
0.136164077928137
0.112587031924504
0.143610358346115
0.140498791048639
0.140804031169964
0.141106777009551
0.141407021181164
0.141704756366503
0.141999975315169
0.144027947318348
0.142582835840205
0.162036013203849
0.160613539537983
0.174924484748376
0.175265915320215
0.175604217732639
0.175939383804889
0.176271405438725
0.176600274618393
0.176925983410604
0.177248523964513
0.177567888511691
0.177884069366113
0.178197058924132
0.178506849664465
0.178813434148173
0.179116805018645
0.179416955001587
0.179713876905003
0.180007563619184
0.180298008116695
0.180585203452367
0.180869142763281
0.172092328305323
0.181427226270368
0.181701357151886
0.181972205379321
0.182239764500888
0.182504028147012
0.182764990030315
0.183022643945619
0.183276983769937
0.18352800346247
0.14518280068104
0.147216046959938
0.121612314498951
0.088559406228134
8.31298924230177E-02
0.081384191205127
7.77805087297837E-02
0.103832925550702
0.128089404912778
0.128239482818395
0.126526543266207
0.134121011632617
0.128675704653186
0.154953096797172
0.155119552221635
0.159024944389121
0.187281902714744
0.187472220747189
0.187659119487662
0.120219260505055
8.64904151299505E-02
8.65716579431655E-02
0.086651320018491
7.73022908449612E-02
7.92575558550901E-02
0.084992090177845
8.31735099910976E-02
8.51339887376345E-02
8.52026036360947E-02
9.85338294756317E-02
0.102402187952653
9.10923643880028E-02
4.36803036102371E-02
4.56118779099719E-02
5.32507189997309E-02
5.70927913264248E-02
5.90345349478898E-02
5.90721040059528E-02
5.91085906662706E-02
6.10518648524418E-02
5.91783134070284E-02
5.73014979270442E-02
5.54215226745226E-02
5.16264030335003E-02
4.97394545672133E-02
5.16776705231927E-02
5.74465360882227E-02
5.93881303808792E-02
5.94137503576451E-02
8.05292825224014E-02
0.080561038112337
8.25101557317132E-02
0.084459165142529
8.64079599461849E-02
0.105643562054158
0.101832711502271
0.098017741884674
0.101888567499195
0.103836588457772
0.15579041442147
0.153899342546296
0.163549330739058
0.157804278094833
0.157828655502466
0.159775134696763
0.157868710308897
0.159809806125646
0.175227338435051
0.173312600494487
0.171394472362515
0.067404057963788
6.93304011891228E-02
6.93296401617904E-02
7.12533719361354E-02
0.177162090115868
0.167522640365257
0.167508486784932
0.177117189451001
0.179020666560156
0.178995667525921
0.144328532074558
0.115442454166895
0.11541996181949
0.113472093322415
0.159593253110238
0.159553341772371
0.134526927622669
0.138330848800127
0.159416028586629
0.155524295299995
0.153551660715173
0.14582144701303
0.151520065940899
0.151459793829133
0.164811643009341
0.168571141842697
0.16658000582903
0.191380913398967
0.191287044832774
0.191189667560711
0.191088783856564
0.118410325567407
0.122160964261679
0.125904977962233
0.127735656161428
0.131466979398558
0.138999288513099
0.137004930804937
0.136912163539351
0.115914308773621
0.117730344334322
0.117643990213074
0.174437168325706
0.181881019005835
0.183630414717923
0.189156554544786
0.188999944338458
0.188839878948696
0.188676362130666
0.188509397721785
0.188338989641711
0.188165141892342
0.187987858557812
0.187807143804479
0.187623001880931
0.187435437117972
0.187244453928621
0.187050056808111
0.186852250333881
0.141854789765835
0.167801785240525
0.167614579616657
0.16742432279302
0.159798529514341
0.181882200119061
0.185372544876825
0.18514763822435
0.184919367113882
0.184687736944765
0.184452753198521
0.184214421438856
0.183972747311652
0.183727736544973
0.183479394949064
0.183227728416353
0.18297274292145
0.182714444521154
0.182452839354454
0.18218793364253
0.181919733688762
0.181648245878729
0.18137347668022
0.181095432643236
0.1808141204
0.180529546664961
0.180241718234804
0.17995064198846
0.179656324887114
0.179358773974217
0.179057996375496
0.178753999298968
0.178446790034953
0.178136375956088
0.17782276451734
0.177505963256027
0.177185979791832
0.176862821826821
0.176536497145466
0.17620701361466
0.172356891600071
0.175538601884534
0.175199689831327
0.174857651220949
0.174512494332769
0.174164227528732
0.173812859253385
0.173458398033913
0.173100852480166
0.1727402312847
0.172376543222805
0.172009797152551
0.171640002014818
0.171267166833346
0.170891300714768
0.170512412848664
0.170130512507598
0.169745609047173
0.169357711906078
0.16896683060614
0.168572974752379
0.168176154033062
0.167776378219765
0.167373657167429
0.166968000814427
0.166559419182626
0.166147922377457
0.16573352058798
0.165316224086964
0.164896043230954
0.164472988460354
0.157485187487525
8.01729666848167E-02
8.32252100255513E-02
0.081376120989846
9.73889863097763E-02
0.1262624242462
0.121074022574885
0.120739777468242
0.125219588248744
0.123266783999932
0.148458483327997
0.148033755348409
0.14760648798714
0.147176692054656
0.153055964610326
0.155748884445047
0.147440760858881
0.150123810687506
0.151226304002838
0.150762439692798
0.154944349804077
0.154460881232975
0.153974802243809
0.153486125320791
0.15299486303498
0.152501028044457
0.1520046330945
0.151505691017763
0.151004214734465
0.150500217252578
0.149993711668027
0.149484711164889
0.1489732290156
0.148459278581172
0.147942873311404
0.147424026745115
0.146902752510368
0.146379064324708
0.145852975995406
0.145324501419707
0.144793654585085
0.144260449569506
0.143724900541696
0.143187021761417
0.14264682757975
0.142104332439385
0.141559550874917
0.141012497513155
0.140463187073428
0.139911634367913
0.139357854301956
0.138801861874414
0.138243672177998
0.137683300399627
0.137120761820789
0.136556071817913
0.13598924586275
0.079897976718429
8.09095490769104E-02
8.19084261478559E-02
0.125678841593806
0.127798680034812
0.12459165484267
0.131962977341467
0.131379632322582
0.130794294954111
0.130206981684071
0.129617709060644
0.129026493732676
0.128433352450199
0.113776088837816
0.110699982791943
0.113978287714532
0.105875167731781
0.116658595613549
0.124835010597962
0.124228865248834
0.123620931654379
0.123011227500686
0.122399770580924
0.121786578796003
0.121171670155261
0.12055506277716
9.59494199119995E-02
9.42602916177938E-02
9.37692325336866E-02
9.32768895749696E-02
9.86556368301232E-02
9.92976575523784E-02
0.102249656686327
0.101695668813241
9.88416900253692E-02
9.82976766463979E-02
9.66157245510689E-02
0.113030020056348
0.112393028898776
0.111754604551835
0.111114766866429
0.1104735358162
8.67664358838517E-02
8.62577095671811E-02
8.57479304197691E-02
8.09213113451634E-02
9.33050534664704E-02
9.70042010254247E-02
5.61522323955199E-02
5.68598208043986E-02
5.86001431173411E-02
0.066553007568358
6.92336933671864E-02
5.95529635476636E-02
2.95858156539401E-02
3.14220601550575E-02
2.92035325808309E-02
2.40098717798755E-02
2.38510546560028E-02
2.46791612049134E-02
2.74548137371733E-02
2.62948143323638E-02
2.61150892363461E-02
2.78562352647479E-02
2.86165551587365E-02
2.84160529759756E-02
2.91558054390233E-02
2.98819094077308E-02
2.68859421034629E-02
2.57707923386566E-02
2.46688706611337E-02
6.25782390963982E-02
5.85125489038611E-02
6.70086223681116E-02
6.47288783413321E-02
8.18343554071114E-02
8.29516796251771E-02
8.66406025154365E-02
8.59630910646079E-02
8.52850488044546E-02
8.46065015772834E-02
8.39274754133902E-02
8.32479965335525E-02
8.25680913515681E-02
8.18877864768629E-02
0.081207108717148
8.05260850811413E-02
0.079844742781352
7.91631092369234E-02
7.84812120765411E-02
7.77990791414075E-02
7.48032363336443E-02
5.50326372426929E-02
5.52986295667484E-02
5.63015655659422E-02
6.24841287437579E-02
7.00177710805373E-02
5.47649487226897E-02
4.62956424441901E-02
4.58585445712733E-02
4.89700351926033E-02
5.34190628000604E-02
5.29002040401343E-02
5.23814569872352E-02
5.11804394705118E-02
5.06688088419137E-02
3.14319450884525E-02
3.11115650750091E-02
3.14464633151543E-02
2.46363307147652E-02
5.06799252935369E-02
5.01425348680469E-02
6.15359243471532E-02
6.14913028654046E-02
6.14335999551588E-02
5.34646748599729E-02
5.22675110955604E-02
5.22724354278508E-02
0.050502670266046
4.99214999727229E-02
4.58985540550515E-02
4.59260943365519E-02
4.48202883713596E-02
4.42821322620005E-02
4.75723255015526E-02
4.32079232052757E-02
4.32053301717853E-02
0.043190139498567
4.26423837937915E-02
3.64485378906449E-02
3.49623876105312E-02
3.45037408877647E-02
3.20722306269933E-02
3.06681373452583E-02
2.88111194936456E-02
3.22039727055351E-02
3.31572684927552E-02
3.26907853340913E-02
3.35869506092711E-02
3.17608960065098E-02
3.12975523587719E-02
2.56237152255699E-02
2.52405540393794E-02
0.028228994922798
2.86258620980817E-02
0.02940655118198
2.77379325591384E-02
2.84826346757621E-02
2.99687222044496E-02
1.91417811236902E-02
1.88243479741862E-02
1.92482523351703E-02
1.67371620858483E-02
1.64480096875665E-02
1.68624698755062E-02
1.69079381163721E-02
1.62643910745904E-02
1.59670346536131E-02
1.59973109768953E-02
0.016016478678189
1.53962231897032E-02
1.60219016698717E-02
1.66124597630127E-02
2.90082851898027E-02
2.78389102525764E-02
2.69802412409519E-02
2.61362480700318E-02
2.44905502185384E-02
2.39597336366463E-02
1.58814683838915E-02
1.85796608589716E-02
0.020643079328212
1.99211040067476E-02
1.99249724901442E-02
1.92143141607288E-02
1.87437326860336E-02
1.84962778186195E-02
1.80260225597812E-02
1.77678894093409E-02
1.72983476253894E-02
1.68320555979551E-02
1.61764997370021E-02
1.55351362512916E-02
1.52715167774996E-02
0.015000674704324
1.45516069130649E-02
1.55997818549235E-02
1.51113080329283E-02
1.52494483157652E-02
1.42975025099586E-02
1.36713302420839E-02
1.40426453410564E-02
1.35461215924157E-02
1.30544863307932E-02
1.25678300851247E-02
1.20862446944543E-02
1.19743903450716E-02
1.18711290983331E-02
5.0597403673812E-03
4.89783207708827E-03
4.85314931695516E-03
4.80801852508732E-03
4.08208673156848E-03
4.15491687392056E-03
0.004225135119087
4.73298087308076E-03
4.68440271169752E-03
4.31193885728157E-03
4.4791245833556E-03
8.12207824160675E-03
8.34443931087017E-03
8.24940608738623E-03
8.15341418752167E-03
7.75433777518507E-03
7.66007499934041E-03
7.66310987086345E-03
7.56569583740833E-03
7.5630416790679E-03
7.46239696396121E-03
0.006894880770474
6.79872456177715E-03
6.06768242924766E-03
3.12330564133908E-03
2.63697716775508E-03
2.50989726380345E-03
2.55552282706876E-03
2.51420851261637E-03
2.47250205930796E-03
2.26837652173441E-03
1.91033036828089E-03
1.71968979368495E-03
1.61123235054846E-03
1.50540117565339E-03
1.47603856123897E-03
1.51874233824388E-03
1.41655191030775E-03
1.38643358223744E-03
1.4916769638461E-03
1.19291881749425E-03
1.42408715816117E-03
1.45308669073391E-03
1.41709746104466E-03
1.50093378375363E-03
1.28592962653931E-03
1.30767368893939E-03
1.21549904225127E-03
1.12634868483746E-03
1.04026187889015E-03
1.00765960623281E-03
9.74921584278242E-04
9.89167954795698E-04
9.54562944656475E-04
7.88463408461776E-04
8.429756056839E-04
8.09847275950389E-04
7.76711886880606E-04
7.06418263780425E-04
6.7501045977742E-04
6.77563152371394E-04
5.48005386647515E-04
5.20220410762183E-04
5.50564028938597E-04
5.47309192732766E-04
5.15377447283877E-04
4.83798414256424E-04
5.2052245171927E-04
4.85215601528938E-04
4.50520534156441E-04
4.16514325663236E-04
3.83278114569486E-04
2.59358579090598E-04
2.50011569658675E-04
2.01082931872439E-04
1.80718897717576E-04
1.61206931692586E-04
1.33700521503199E-04
1.17193105362477E-04
9.48916033771768E-05
8.13746491052665E-05
6.88782761162671E-05
6.15483178349271E-05
5.38392390869155E-05
4.3307977135205E-05
3.61987760168036E-05
2.61171399427993E-05
1.57816438545993E-05
9.58212953974829E-06
6.5884112497762E-06
3.9114818069906E-06
2.15883463731064E-06
1.22463369101551E-06
6.99694996099582E-07
3.17164702933963E-07
1.46172557609048E-07
3.73980855277249E-08
8.39723641035299E-09
1.19481320382469E-09
8.41828360364983E-11
2.40182322013994E-12
6.1256872603767E-15
1.44141078649792E-19
3.5794115780923E-30
2.01163349695046E-79
0
0
0
0
0
0
0
0
0
0
0
0
0
0
0
0
0
0
0
0
0
0
0
0
0
0
0
0
0
0
0
0
0
0
0
0
0
0
0
0
0
0
0
0
0
0
0
0
0
0
0
0
0
0
0
0
0
0
0
0
0
0
0
0
0
0
0
0
0
0
0
0
0
0
0
0
0
0
0
0
0
0
0
0
0
0
0
0
0
0
0
0
0
0
0
0
0
0
0
0
0
0
0
0
0
0
0
0
0
0
0
0
0
0
0
0
0
0
0
0
0
0
0
0
0
0
0
0
0
0
0
0
0
0
0
0
0
0
0
0
0
0
0
0
0
0
0
0
0
0
0
0
0
0
0
0
0
0
0
0
0
0
0
0
0
0
""
