0
0
0
0
0
0
0
0
0
0
0
0
0
0
0
0
0
0
0
0
0
0
0
0
0
0
0
0
0
0
0
0
0
0
0
0
0
0
0
0
0
0
0
0
0
0
0
0
0
0
0
0
0
0
0
0
0
0
0
0
0
0
0
0
0
0
0
0
0
0
0
0
0
0
0
0
0
0
0
0
0
0
0
0
0
0
0
0
0
0
0
0
0
0
0
0
0
0
0
0
0
0
0
0
0
0
0
0
0
0
0
0
0
0
0
0
0
0
0
0
0
0
0
0
0
0
0
0
0
0
0
0
0
0
0
0
0
0
0
0
0
0
0
0
0
0
0
0
0
0
0
0
0
0
0
0
0
0
0
0
0
0
0
0
0
0
0
0
0
0
0
0
0
0
0
0
0
0
0
0
0
0
0
0
0
0
0
0
0
0
0
0
0
0
0
0
0
0
0
0
0
0
0
0
0
0
0
0
0
0
0
0
0
0
0
0
0
0
0
0
0
0
0
0
0
0
0
0
0
0
0
0
0
0
0
0
0
0
0
0
0
0
0
0
0
0
0
0
0
0
0
0
0
0
0
0
0
0
0
0
0
0
0
0
0
0
0
0
0
0
0
0
0
0
0
0
0
0
0
0
0
0
0
0
0
0
0
0
0
0
0
0
0
0
0
0
0
0
0
0
0
0
0
0
0
0
0
0
0
0
0
0
0
0
0
0
0
0
0
0
0
0
0
0
0
0
0
0
0
0
0
0
0
0
0
0
0
0
0
0
0
0
0
0
0
0
0
0
0
0
0
0
0
0
0
0
0
0
0
0
0
0
0
0
0
0
0
0
0
0
0
0
0
0
0
0
0
0
0
0
0
0
0
0
0
0
0
0
0
0
0
0
0
0
0
0
0
0
0
0
0
0
0
0
0
0
0
0
0
0
0
0
0
0
0
0
0
0
0
0
0
0
0
0
0
0
0
0
0
0
0
0
0
0
0
0
0
0
0
0
0
0
0
0
0
0
0
0
0
0
0
0
0
0
0
0
0
0
0
0
0
0
0
0
0
0
0
0
0
0
0
0
0
0
0
0
0
0
0
0
0
0
0
0
0
0
0
4.70604728939571E-112
5.34785783857272E-25
5.94062686249698E-15
5.35085628372065E-11
1.33276806910554E-08
2.67234909964783E-07
2.04595518792304E-06
8.95956316703051E-06
2.74870012541784E-05
6.62913180309029E-05
1.3034363936866E-04
2.3128453208121E-04
3.82152568762928E-04
6.53542252169341E-04
9.55670182121598E-04
1.30743716108955E-03
1.72225516552088E-03
2.19882016908447E-03
2.73479426894012E-03
3.32710984484478E-03
3.97222317040291E-03
4.66631715731668E-03
5.24329417373472E-03
5.93828333658819E-03
7.00323017382528E-03
7.85430812759762E-03
8.73542335256488E-03
8.87179877472986E-03
9.83448809274841E-03
1.07200385778149E-02
1.17473835960906E-02
1.25393331034435E-02
1.31790693910775E-02
1.40988008240422E-02
1.50271642141175E-02
1.40330659128108E-02
1.48604310513491E-02
1.49070853834776E-02
1.52863322284327E-02
1.43234854738769E-02
1.59240793146911E-02
1.68948565763329E-02
0.01142735290922
1.24259627916839E-02
1.37347808527677E-02
1.59440510399425E-02
1.62456569641594E-02
1.65245831841623E-02
1.67806959508165E-02
1.82979722762765E-02
1.85490890770169E-02
0.019459829763785
2.95272295426423E-02
3.00106095277762E-02
3.08407458575784E-02
3.16659639820945E-02
3.28775224523489E-02
0.020060904240171
0.01643893484913
1.76678803314828E-02
1.80721153363376E-02
2.19923238852083E-02
2.15681843380562E-02
2.43142782550044E-02
2.43419477333592E-02
2.43474012948185E-02
0.02579067994168
2.72670136335596E-02
2.77662940700402E-02
2.72340490292228E-02
3.34584737891445E-02
3.03044904563486E-02
2.81037770538047E-02
1.92215558121733E-02
2.00825287172694E-02
3.22870533998256E-02
3.33477974624301E-02
3.55883574106889E-02
3.01818389563301E-02
2.88056385344514E-02
2.79848390495501E-02
2.83611538149719E-02
2.81097007250283E-02
3.10025909424955E-02
3.33156139645773E-02
3.56728437611882E-02
4.59510151343979E-02
4.78240516845611E-02
4.36759099816859E-02
4.48526629690852E-02
0.056347893974873
5.69644411444541E-02
5.82778464072156E-02
5.88912409072672E-02
5.08970253327089E-02
5.06885758294356E-02
5.19238860662077E-02
2.36306977953152E-02
2.38570791485109E-02
2.48340146241301E-02
2.58228685018241E-02
2.68234654499104E-02
0.029382055148366
0.028859192486678
2.91072934816522E-02
6.02929703599719E-02
7.99913302965058E-02
8.06438118190003E-02
8.12903272164388E-02
8.19309029290084E-02
8.25655649209199E-02
8.31943386776793E-02
0.072082834315886
7.26135160822513E-02
7.31391972397893E-02
6.08122414169633E-02
6.12380270358751E-02
5.90543925752962E-02
5.50827423533975E-02
6.60115891496776E-02
7.17597627271567E-02
0.072222424887345
7.26805192059798E-02
0.073134061764247
7.35830682853906E-02
7.03718724536438E-02
7.17094775210194E-02
7.30535662194354E-02
7.34739365513956E-02
7.38899544559802E-02
7.52421602810715E-02
7.47089860470708E-02
8.36690916822225E-02
9.55832455937543E-02
9.60825490698673E-02
0.096576438680369
9.70649290398169E-02
9.75480344074532E-02
9.80257686940813E-02
9.84981454689053E-02
9.89651779663213E-02
9.94268790926569E-02
9.98832614328478E-02
0.100334337257048
0.100780118527169
0.101220616903337
0.101655843750275
0.102085810143594
0.102510526876003
0.102930004463416
9.81770404934309E-02
0.101678217260617
0.101032390384093
0.10037349535513
0.100751188471548
0.10323065538668
0.104663274668967
6.89639542744562E-02
7.02709569694828E-02
7.47871283058382E-02
0.037520427852622
3.54943240409397E-02
3.56105534214286E-02
4.33031441584518E-02
4.34399368354127E-02
4.35746879440409E-02
0.044800085148472
2.95907013168327E-02
2.96775347172801E-02
2.97629969497017E-02
2.98470896184865E-02
2.99298142828967E-02
3.33457471756823E-02
3.56636036933468E-02
3.57567942961766E-02
3.58483704420735E-02
3.25691149425011E-02
3.15233499971884E-02
3.15992494064359E-02
3.73297667923552E-02
3.28806428526991E-02
3.40912594226302E-02
3.53054420047038E-02
3.53816964526724E-02
3.54563992967975E-02
0.035529551715843
3.33043061518763E-02
3.10684730618344E-02
3.34339294299836E-02
3.46516252778017E-02
3.00862742131573E-02
2.78213952063846E-02
2.78696502859614E-02
2.90799076762436E-02
2.91276865992832E-02
3.15081610203869E-02
3.15570794823048E-02
2.80930289781647E-02
2.69618744025065E-02
2.58262036862368E-02
2.58616978090289E-02
2.47190063063261E-02
2.47508064276444E-02
2.12413430402136E-02
2.00853284401014E-02
1.77428359988587E-02
1.53942373818647E-02
1.54107075785278E-02
1.54265353354108E-02
1.66295455372342E-02
1.42673209240279E-02
1.30901404236902E-02
8.33722932773491E-03
8.34402386369407E-03
9.54339777527027E-03
9.55037368797859E-03
1.07515744844794E-02
1.07585348449874E-02
9.56893472530792E-03
9.57433309079414E-03
1.07767544025189E-02
1.31779274739144E-02
1.31837243557633E-02
1.31889794297197E-02
1.43931193735184E-02
1.31978644003957E-02
1.44016302586187E-02
0.01440499943182
1.44077778148241E-02
1.80124568009653E-02
1.92154164476405E-02
1.92167580249466E-02
1.68151480019631E-02
1.68149435878559E-02
1.68140500270751E-02
1.80133578310614E-02
1.56094671708532E-02
1.20051673695273E-02
1.32028159853906E-02
1.31994062855233E-02
1.43950417812144E-02
1.55893187034425E-02
1.55833685950929E-02
1.55767781996953E-02
1.55695474377745E-02
1.55616762218888E-02
1.55531644565609E-02
1.55440120382017E-02
2.03139785027306E-02
1.67179220782863E-02
1.67059950675852E-02
1.55009934740171E-02
1.42972024123258E-02
1.19043361303254E-02
1.18938433686224E-02
1.06945712335937E-02
1.06842389974548E-02
1.18594024351341E-02
1.18469340865365E-02
1.18339714571549E-02
0.011820514378649
1.29872189426086E-02
1.41505393954435E-02
1.64880445106607E-02
1.76426069076211E-02
1.76187087285766E-02
0.015248191499354
1.75686817291618E-02
1.75425522225295E-02
1.63479663497712E-02
1.63221887555243E-02
1.62957155941639E-02
1.51065074535422E-02
0.015080632401385
0.015054110376895
1.38710224537546E-02
1.26915663292057E-02
1.26674802841497E-02
1.26428454175454E-02
1.26176613541478E-02
1.25919277064237E-02
1.14233127947923E-02
1.25388100447337E-02
1.25114251917008E-02
1.24834890756077E-02
1.24550012431207E-02
1.24259612268175E-02
1.23963685448575E-02
1.23662227006438E-02
1.23355231824763E-02
0.013422839414396
1.67351740906659E-02
1.44655694573852E-02
0.013316921004531
0.01328040160367
1.21396682706934E-02
0.012105077361575
1.20699280965662E-02
1.20342198109149E-02
1.30886747135837E-02
1.52232479926594E-02
1.30077097021084E-02
1.40468338510237E-02
1.50783416575135E-02
1.50286066953707E-02
1.49781536168193E-02
1.59931943192534E-02
1.70001015455202E-02
1.69399713868056E-02
0.016879015486758
1.78683095297247E-02
1.36131295939737E-02
1.35615834950912E-02
1.24701802363193E-02
1.24213510699205E-02
1.13409047687777E-02
1.12949963278439E-02
0.010225920039019
1.01831370631388E-02
9.12584563585068E-03
9.08639388581307E-03
8.04130408403446E-03
7.00471661827735E-03
7.96905262865837E-03
7.9322897358253E-03
7.89510074590102E-03
7.85748463690183E-03
8.79687040591843E-03
8.75358769845217E-03
8.70982085472291E-03
8.66556860422908E-03
1.05365695657968E-02
1.04812921176208E-02
9.47765136391752E-03
9.4263100012384E-03
1.03118638664602E-02
1.02541832987045E-02
1.01958974578607E-02
1.10585503195724E-02
1.09936389543224E-02
1.09280609767733E-02
9.95666300034855E-03
8.09617223595603E-03
7.15153671066607E-03
7.10602538375211E-03
7.94256969698403E-03
8.76705596563394E-03
8.70846520078908E-03
9.51423329772486E-03
9.4485238780683E-03
0.011088032085643
1.01620386891869E-02
0.010088274235565
9.17932612469656E-03
9.11042368185754E-03
8.21897696213968E-03
7.33964422275355E-03
7.28167556363457E-03
6.42059637896872E-03
5.57209948244606E-03
5.52575648765113E-03
6.26170389892166E-03
4.65582924573178E-03
4.61501495523396E-03
5.33613886591451E-03
4.53228255677565E-03
4.49036089633555E-03
4.44806652105176E-03
4.40539759802609E-03
5.08941098664321E-03
5.75857157124499E-03
5.70016656378584E-03
5.64125214091688E-03
5.58182575149069E-03
5.52188483274389E-03
5.46142681456429E-03
5.40044912426549E-03
5.33894919191873E-03
5.27692445629664E-03
5.86616891792478E-03
6.43911301781795E-03
6.35959511523263E-03
6.27940869095246E-03
5.57869566754662E-03
5.50531650648869E-03
4.82784692164855E-03
4.76153515959849E-03
4.69467730673773E-03
4.62727140195471E-03
4.55931562085475E-03
5.05215933292401E-03
4.97446643117619E-03
5.44016658105268E-03
5.8876994275533E-03
5.79045089015611E-03
5.6924369395262E-03
5.59365734151379E-03
5.4941123701633E-03
5.39380286821913E-03
4.33041571129507E-03
3.7751977410242E-03
2.77543941019914E-03
2.71906922406534E-03
2.6622903837854E-03
2.60510611810722E-03
2.54752031331696E-03
3.7343063776956E-03
4.05193892992846E-03
4.3494072458823E-03
4.24098891539952E-03
4.13189325294365E-03
4.02213790919916E-03
4.62296900116557E-03
4.14625240636274E-03
4.3598795893814E-03
0.003902143337359
4.40907316876878E-03
4.26501978676945E-03
4.12039315084446E-03
3.69130571618805E-03
3.8296632779329E-03
4.20994257553063E-03
3.53744390634127E-03
3.39098724035182E-03
3.24443153815625E-03
3.09788989050637E-03
3.16230837528596E-03
3.00574765804304E-03
3.22960414466541E-03
3.05342690519586E-03
2.70890447788773E-03
2.54513768858129E-03
2.38277482742692E-03
2.3609851084299E-03
2.32136990828054E-03
1.90712953408826E-03
1.86314707337548E-03
1.70330762826245E-03
1.54728057308386E-03
1.31348452020852E-03
1.39565804316831E-03
1.23765282687232E-03
1.08643774208762E-03
9.42734034677242E-04
1.01972736619986E-03
7.88338571881893E-04
7.71970817673437E-04
6.50652698475755E-04
5.53541827085407E-04
4.40582255756277E-04
3.27335052838058E-04
2.33046742480148E-04
1.46905445820451E-04
9.28594038792573E-05
4.4292768019038E-05
2.301421102852E-05
1.20872907443682E-05
4.22933879336622E-06
1.18034425695507E-06
2.07434067402407E-07
1.76620267807044E-08
3.1903897327382E-10
5.61806601409315E-13
1.56528031124998E-19
1.71899419084953E-45
0
0
0
0
0
0
0
0
0
0
0
0
0
0
0
0
0
0
0
0
0
0
0
0
0
0
0
0
0
0
0
0
0
0
0
0
0
0
0
0
0
0
0
0
0
0
0
0
0
0
0
0
0
0
0
0
0
0
0
0
0
0
0
0
0
0
0
0
0
0
0
0
0
0
0
0
0
0
0
0
0
0
0
0
0
0
0
0
0
0
0
0
0
0
0
0
0
0
0
0
0
0
0
0
0
0
0
0
0
0
0
0
0
0
0
0
0
0
0
0
0
0
0
0
0
0
0
0
0
0
0
0
0
0
0
0
0
0
0
0
0
0
0
0
0
0
0
0
0
0
0
0
0
0
0
0
0
0
0
0
0
0
0
0
0
0
0
0
0
0
0
0
0
0
0
0
0
0
0
0
0
0
0
0
0
0
0
0
0
0
0
0
0
0
0
0
0
0
0
0
0
0
0
0
0
0
0
0
0
0
0
0
0
0
0
0
0
0
0
0
0
0
0
0
0
0
0
0
0
0
0
0
0
0
0
0
0
0
0
0
0
0
0
0
0
0
0
0
0
0
0
0
0
0
0
0
0
0
0
0
0
0
0
0
0
0
0
0
0
0
0
0
0
0
0
0
0
0
0
0
0
0
0
0
0
0
0
0
0
0
0
0
0
0
0
0
0
0
0
0
0
0
0
0
0
0
0
0
0
0
0
0
0
0
0
0
0
0
0
0
0
0
0
0
0
0
0
0
0
0
0
0
0
0
0
0
0
0
0
0
0
0
0
0
0
0
0
0
0
0
0
0
0
0
0
0
0
0
0
0
0
0
0
0
0
0
0
0
0
0
0
0
0
0
0
0
0
0
0
0
0
0
0
0
0
0
0
0
0
0
0
0
0
0
0
0
0
0
0
0
0
0
0
0
0
0
0
0
0
0
0
0
0
0
0
0
0
0
0
0
0
0
0
0
0
0
0
0
0
0
0
0
0
0
0
0
0
0
0
0
0
0
0
0
0
0
0
0
0
0
0
0
0
0
0
0
0
0
0
0
0
0
0
0
0
0
0
0
0
0
0
0
0
0
0
0
0
0
0
0
0
0
0
0
0
0
0
0
""
