0
0
0
0
0
0
0
0
0
0
0
0
0
0
0
0
0
0
0
0
0
0
0
0
0
0
0
0
0
0
0
0
0
0
0
0
0
0
0
0
0
0
0
0
0
0
0
0
0
0
0
0
0
0
0
0
0
0
0
0
0
0
0
0
0
0
0
0
0
0
0
0
0
0
0
0
0
0
0
0
0
0
0
0
0
0
0
0
0
0
0
0
0
0
0
0
0
0
0
0
0
0
0
0
0
0
0
0
0
0
0
0
0
0
0
0
0
0
0
0
0
0
0
0
0
0
0
0
0
0
0
0
0
0
0
0
0
0
0
0
0
0
0
0
0
0
0
0
0
0
0
0
0
0
0
0
0
0
0
0
0
0
0
0
0
0
0
0
0
0
0
0
0
0
0
0
0
0
0
0
0
0
0
0
0
0
0
0
0
0
0
0
0
0
0
0
0
0
0
0
0
0
0
0
0
0
0
0
0
0
0
0
0
0
0
0
0
0
0
0
0
0
0
0
0
0
0
0
0
0
0
0
0
0
0
0
0
0
0
0
0
0
0
0
0
0
0
0
0
0
0
0
0
0
0
0
0
0
0
0
0
0
0
0
0
0
0
0
0
0
0
0
0
0
0
0
0
0
0
0
0
0
0
0
0
0
0
0
0
0
0
0
0
0
0
0
0
0
0
0
0
0
0
0
0
0
0
0
0
0
0
0
0
0
0
0
0
0
0
0
0
0
0
0
0
0
0
0
0
0
0
0
0
0
0
0
0
0
0
0
0
0
0
0
0
0
0
0
0
0
0
0
0
0
0
0
0
0
0
0
0
0
0
0
0
0
0
0
0
0
0
0
0
0
0
0
0
0
0
0
0
0
0
0
0
0
0
0
0
0
0
0
0
0
0
0
0
0
0
0
0
0
0
5.35870806723382E-77
6.65059598649868E-24
5.90359078466512E-15
2.91193903773091E-11
2.96197032738198E-09
5.16915268399487E-08
3.86601276951926E-07
1.66029727155155E-06
5.14391199441435E-06
6.63302224697777E-06
1.38073558767189E-05
2.53582475677995E-05
4.82789318981859E-05
8.50136350707418E-05
1.16437295030266E-04
1.59115061998649E-04
3.14487527199725E-04
4.21546890225889E-04
5.37227942322539E-04
7.30006044175702E-04
9.00386715067153E-04
1.07971545712291E-03
1.34351834045631E-03
1.50147149321236E-03
1.74744037969004E-03
1.79611027568202E-03
2.12341102493916E-03
2.59817633258214E-03
2.91778716224363E-03
3.25454606491543E-03
1.62937682115401E-03
1.92450593902128E-03
2.11074679083484E-03
2.30421627449142E-03
2.89426283048521E-03
3.61572041401486E-03
3.83550088465585E-03
5.45164270168281E-03
5.54332254950263E-03
6.40432314654778E-03
6.22840893980865E-03
6.62145163437741E-03
6.92653021748239E-03
6.51565724066837E-03
6.98857187051033E-03
7.59282030338134E-03
7.98845634295036E-03
8.51548238390888E-03
8.53534132331764E-03
7.01162878193523E-03
6.89924091891946E-03
1.06545061080905E-02
9.85745917969284E-03
1.15689939565954E-02
8.64391197897682E-03
8.27667611474161E-03
6.76263641005716E-03
7.58037143359658E-03
7.65581693297992E-03
7.92295568936757E-03
8.40224511441621E-03
8.46343079310587E-03
8.73659832204584E-03
8.5494779403021E-03
0.020482101223622
2.08508770098806E-02
2.14613565971061E-02
2.59708545712094E-02
2.66968730427518E-02
2.74265464835753E-02
2.81597168707691E-02
2.88962316507373E-02
2.96359434928244E-02
3.03787100549561E-02
3.11243937607417E-02
3.18728615875017E-02
3.26239848646953E-02
3.33776390822461E-02
3.41337037082729E-02
3.48920620157629E-02
3.56526009177334E-02
3.64152108104563E-02
3.49489982988706E-02
2.54239685269506E-02
2.74872378900506E-02
2.80338402039583E-02
3.22045717113782E-02
3.28229007635516E-02
3.34423415263835E-02
3.66175366244168E-02
2.55796588237144E-02
2.78039877931039E-02
2.60491521604238E-02
1.96477012099218E-02
4.13611743630089E-02
4.01667171379456E-02
3.69888378539578E-02
3.80800920873359E-02
3.62112342134848E-02
3.67838121601564E-02
0.03735674691219
3.89691699840904E-02
3.90309477428477E-02
4.01478429777752E-02
3.69353111640986E-02
3.85720974464965E-02
3.96815361459785E-02
3.68394339219492E-02
0.045970108879861
0.047181840806535
4.72285203575122E-02
4.90540219410516E-02
5.03047386675066E-02
5.03430998790808E-02
4.91219204431425E-02
5.03719500162962E-02
5.16373803529077E-02
0.049691445782927
5.48674322725906E-02
5.55255862694461E-02
2.27408497929119E-02
2.36835275007017E-02
2.19036654000621E-02
2.00767030569254E-02
2.10031049978451E-02
2.05290807041949E-02
3.79314228353891E-02
0.041961073591085
4.38742589417652E-02
6.35539522112781E-02
6.42206556368231E-02
6.56410118125839E-02
6.40270537085421E-02
6.39057493548134E-02
6.37681134744622E-02
4.71215935798958E-02
4.99620475655664E-02
2.56232011902918E-02
2.50600763779006E-02
2.61133320573626E-02
2.55341086052798E-02
2.66018284659941E-02
2.60065191452295E-02
2.79351309774358E-02
2.90395457557069E-02
0.030158631247054
3.04231027004608E-02
3.06870543974136E-02
3.09504764551902E-02
3.12133591107965E-02
3.41736092367684E-02
3.71781765011938E-02
3.56556661729334E-02
3.41026933106649E-02
3.53067203346123E-02
2.90326472208325E-02
2.92619081206723E-02
3.61497991408224E-02
3.45121454386282E-02
7.24509659965977E-02
7.39735950902327E-02
7.35481616768036E-02
7.40946580108473E-02
7.46397294237077E-02
9.92420328335547E-02
0.100967369110153
0.101688290595689
0.102407219158581
0.10312413211645
0.103839007007917
0.104551821588442
0.105262553826298
0.105971181898677
0.106677684187921
0.10738203927787
0.108084225950333
0.108784223181668
0.109482010139472
0.110177566179375
0.110870870841941
0.111561903849655
0.112250645104019
0.112937074682729
0.113621172836944
0.113159890788755
5.74911483640265E-02
3.35411923052429E-02
0.032573481404071
4.56323450103669E-02
4.70702868477794E-02
4.61537529843823E-02
4.99832391028297E-02
6.46217817265138E-02
4.21153950892774E-02
4.83947585742746E-02
4.62237840030462E-02
4.40256973648496E-02
4.54889394871314E-02
4.07846825556759E-02
4.34819660934657E-02
4.37065256775051E-02
4.51853015631838E-02
4.66758658219465E-02
4.81781317894086E-02
4.71437038660101E-02
5.12174191084764E-02
5.01808853301112E-02
5.43024579519235E-02
5.45627968632763E-02
5.48219634601208E-02
5.37685236814764E-02
5.79718366287141E-02
5.69159907732187E-02
6.64842552307365E-02
6.27785497579792E-02
5.63519754039059E-02
5.66027523509012E-02
5.54986788609861E-02
5.16624726111671E-02
0.042328074243764
0.042509529889723
4.26900637700842E-02
4.56354566636328E-02
4.58256611728182E-02
4.60148702716269E-02
4.62030793078697E-02
4.63902836655261E-02
4.51650703171022E-02
4.39276200567863E-02
3.98328195528693E-02
3.85600608351069E-02
3.72753933833042E-02
3.74180635351637E-02
3.75599174471377E-02
3.77009517041467E-02
3.49303042321249E-02
3.79805477279312E-02
0.039585222137537
4.11996575026205E-02
4.43004352163842E-02
4.00116703519023E-02
4.01520737818149E-02
4.17838800905236E-02
4.04302416838649E-02
3.75629625790757E-02
3.76896936280267E-02
4.08408470640882E-02
3.79406761398706E-02
3.80649217165401E-02
0.036660799638717
3.52460344208207E-02
3.22834183771462E-02
3.39271081260302E-02
3.55796910959941E-02
3.56893521629731E-02
3.73546748501604E-02
4.37120445178967E-02
4.54084853594977E-02
4.55427848402208E-02
4.56760843139272E-02
4.58083807147861E-02
0.145739645944584
9.69057614633288E-02
0.109922284998184
0.108629941912385
0.115335834777358
0.118861674097239
0.119181127842902
0.121112799255598
0.114954919061884
0.118500448585621
0.120432674582906
0.125633781358986
0.125949719789192
0.122983332915339
5.91771180627784E-02
0.057673131051522
5.94634467589301E-02
5.13262270305218E-02
5.31062609602163E-02
6.48733822996703E-02
6.33548490006842E-02
6.51693509209311E-02
0.13063037231529
0.132597619513954
0.132887200809842
0.129802368021682
0.131768248471312
0.132045484331326
0.130623406589451
5.43964031898441E-02
5.10998973928526E-02
5.12020422467751E-02
4.95929582756629E-02
4.79760859832365E-02
4.80682598489572E-02
4.64393981144113E-02
4.82494318874066E-02
3.79801918988143E-02
3.80492799917003E-02
3.46523006044613E-02
3.12422256103914E-02
3.30353982376706E-02
2.96087788416013E-02
2.96589181257691E-02
3.14559578606586E-02
3.50085144878823E-02
3.50651941861929E-02
3.51211021398172E-02
3.69350489777992E-02
3.69921278186531E-02
3.17557650155222E-02
3.18032930086812E-02
3.18501210690439E-02
0.030124234384473
2.83925984960042E-02
2.66553295705205E-02
2.66920114370677E-02
2.67281058885598E-02
2.67636121371326E-02
4.46642156802327E-02
4.47214282335811E-02
4.29865503759013E-02
4.84195316534906E-02
4.84781286348158E-02
4.85356588413714E-02
4.85921210214217E-02
4.86475139469852E-02
5.05056081328596E-02
5.05608312133713E-02
5.24226182563432E-02
5.24775078481515E-02
5.25312427692581E-02
4.71441161447026E-02
4.90052271361282E-02
4.90520246675229E-02
0.060008352507705
6.37030865144796E-02
6.92246533328669E-02
6.92844325825976E-02
7.11674950944565E-02
6.75731164631656E-02
6.94546194957637E-02
0.117066600584175
0.118984962389404
0.120903410846999
0.115489177054816
0.104561534884315
9.91236901004919E-02
0.102860492477444
0.102923784362463
6.62045221097323E-02
6.44022341155819E-02
6.25964712761034E-02
6.26293953407651E-02
6.08179728919591E-02
7.00665345671183E-02
7.19434135764024E-02
7.19748539424422E-02
7.20047111602818E-02
6.09509869576955E-02
6.28212539176005E-02
9.61130368802155E-02
8.68997415645516E-02
8.69261730484656E-02
0.164651311521094
0.157292137744653
0.157329563329097
0.155512192893986
0.157394032596987
0.155569062246412
0.137069464202391
0.13893950461228
0.168597761588556
0.168611882760944
0.168622295476068
0.168628999509777
0.166778895874701
6.11520030128819E-02
6.11503992284481E-02
6.11474505019462E-02
6.29959798331206E-02
6.29901705815229E-02
6.29829759177263E-02
6.11222078790733E-02
5.74087459144334E-02
5.92499587305362E-02
6.10891600185752E-02
5.92246850644409E-02
5.92100941559788E-02
6.10440197195735E-02
0.062875568619353
6.84020260127041E-02
6.46829651697714E-02
7.57444407223938E-02
9.23362706482803E-02
8.67612866668187E-02
8.85697741743663E-02
9.40634742279957E-02
9.40194943643494E-02
9.02882132247715E-02
0.160225565296748
0.158299273041155
0.154531842266382
0.154442390664634
0.156187036267884
0.156089646226464
9.72636187551717E-02
0.10086648476324
9.89641374141946E-02
9.88935490638542E-02
0.113460901469666
0.111546234854693
9.86687369763006E-02
8.39836106685854E-02
8.93868943707963E-02
0.17133134356385
0.169360932995977
0.125542510125547
0.141787464416145
0.14891850651382
0.14877512008124
9.78772787000054E-02
9.23464029261739E-02
8.50157397462777E-02
8.67329985428659E-02
9.02494826834098E-02
8.83471039237894E-02
8.28448460670133E-02
8.63475877703176E-02
7.90592729510034E-02
7.89648507387015E-02
8.60385718625269E-02
8.77220222060517E-02
7.86711665999615E-02
7.49984516531921E-02
7.13333794014581E-02
6.94571398699717E-02
6.58056444196821E-02
6.21624645463574E-02
6.38485493093585E-02
6.72992228591666E-02
8.66542739390993E-02
8.82919019792021E-02
8.11064017147738E-02
6.68985610054003E-02
6.85524646261997E-02
0.107054016257477
9.81217225985397E-02
9.44635391568769E-02
0.104786248785709
9.41496330406456E-02
8.70273796594543E-02
6.60267159142785E-02
9.36632417280644E-02
7.27198761499441E-02
8.12305071164112E-02
0.070731300204763
7.23223492626378E-02
0.125467277751328
0.137236891314004
0.124987292860422
0.145248898562536
0.141550593667665
0.146372823525189
0.130788569969879
0.137299759463545
0.138705243499466
0.138412616530072
0.138116943832817
0.137818231999965
0.134162427021932
0.133865090404984
0.141912609035355
0.141590437290524
0.139603207589604
0.137620597101915
0.125717645356516
0.103965322742569
8.56060708667266E-02
9.52511820776631E-02
8.35490571867497E-02
7.19019764194383E-02
6.84607943258134E-02
6.82863785133135E-02
6.81104612744016E-02
6.46981396147894E-02
6.13013634063684E-02
6.75737410569249E-02
8.66466750388343E-02
8.80111238325412E-02
8.61732692174059E-02
8.75250886204862E-02
8.72791837729534E-02
9.65256919391975E-02
0.138850604375284
0.136874708218111
0.136473654149323
0.137633622053427
0.129425206590665
0.127479415426362
0.154988007820807
0.154509913075896
0.154028428588014
0.153543565536313
0.136219248324551
0.132730461577166
0.132299871863914
0.125803560357211
0.114812417079247
0.126473823484771
0.123045824645926
0.124121857155402
0.117733427548229
7.57409377310178E-02
7.54750942711742E-02
7.52076000355784E-02
7.49384613772615E-02
0.074667684700822
7.58540073736967E-02
5.95876660788435E-02
5.93660636643205E-02
8.36659413334474E-02
0.122149098080252
0.123113201316431
0.124063590543413
0.123579727274078
0.124508036145181
0.104283808351094
0.103865407752262
0.107638453906768
0.100237465096494
0.103983133565013
0.104930649219723
8.11168064598895E-02
8.35105855423555E-02
8.17896708011384E-02
8.00787432575358E-02
0.078377900036056
7.93780180100612E-02
0.075006852438893
8.40040163582891E-02
9.15876540292891E-02
8.85263557144067E-02
0.07102036792127
7.19986730017742E-02
7.81748038578684E-02
7.78039202133545E-02
7.22692744778734E-02
6.80671486042146E-02
6.51790892343588E-02
6.48582058091904E-02
6.32705245549616E-02
6.92485430503926E-02
7.51614885752555E-02
7.35312179984104E-02
8.55507299213591E-02
8.75723307050642E-02
8.71123406197205E-02
8.66505032764625E-02
6.19088504969265E-02
7.84772799416599E-02
7.32464221092086E-02
6.68726216471143E-02
6.29386537193055E-02
6.02240961883377E-02
6.22316846956951E-02
5.83738125134682E-02
5.57157781570619E-02
5.53915345119562E-02
5.27717157641106E-02
5.13183734773615E-02
6.80149054265046E-02
5.07029300927982E-02
5.03936353856751E-02
0.050083303865385
0.049771944527331
5.60541753062455E-02
5.56990026169744E-02
7.16199597885649E-02
6.90011188974813E-02
6.31956225097956E-02
0.061715503567447
6.65901921467466E-02
6.82430302224543E-02
6.67377542693747E-02
0.062138478562654
4.93672651459438E-02
4.69801577522503E-02
6.79454232572203E-02
6.94756840134443E-02
6.39780823139082E-02
5.65668981534816E-02
5.41819719842345E-02
5.18251435554704E-02
5.72607014324615E-02
5.39386065864231E-02
5.44828949368605E-02
5.40629716374171E-02
5.64653056148718E-02
5.60211741322251E-02
5.18709446019965E-02
5.32921737702131E-02
4.92143925482443E-02
4.97149567577182E-02
5.01996792751838E-02
0.049779605607419
5.11214686437681E-02
2.79639177707162E-02
2.59897561377146E-02
2.57628971477563E-02
2.38332309202918E-02
0.021933502147266
2.17357864466397E-02
2.15377179400753E-02
2.13393044883297E-02
2.43929469886101E-02
2.41632400595853E-02
2.39331630646788E-02
2.44928164294141E-02
2.34719373035076E-02
0.023240808090245
2.30093479247661E-02
2.04998102468345E-02
1.95394120332236E-02
2.00817754288175E-02
1.69283087364492E-02
1.67497061888083E-02
1.58504244849382E-02
1.56792026308363E-02
1.90323009900162E-02
1.74275311629346E-02
1.65430811254303E-02
1.56740821593552E-02
1.34732401373479E-02
1.33167195481655E-02
1.31600832159921E-02
1.23531726321467E-02
0.012204172495911
1.39585217796782E-02
0.013785807454611
1.42317875255844E-02
1.40510681076493E-02
1.44733436952389E-02
1.30942636360794E-02
0.012921258691003
0.011589298134684
1.20035834855591E-02
8.45600077685376E-03
8.33801934761061E-03
8.76805559226781E-03
8.64224796662432E-03
8.51647356640071E-03
8.91516309582119E-03
9.29819479386233E-03
8.13944425377489E-03
8.01389839452999E-03
8.38146188346945E-03
8.24825519539544E-03
9.06988293189914E-03
8.92126363685128E-03
8.77279370353863E-03
9.53232763334474E-03
9.36860552405817E-03
8.76675750376516E-03
8.61125110720185E-03
8.45597836876467E-03
7.88590804762846E-03
7.73889050698384E-03
7.59214344980429E-03
7.44568397513529E-03
7.29952968008636E-03
7.53020913819519E-03
8.48362219265875E-03
7.94672626333454E-03
7.4255280503468E-03
7.26598834899413E-03
1.59059540147813E-02
2.38228591292601E-02
2.29575728707795E-02
2.43200599067326E-02
2.31278111699851E-02
0.018055502713939
1.76105382155242E-02
1.31617032882368E-02
1.72838348839329E-02
8.95795233165504E-03
8.18927751851511E-03
7.70773671201645E-03
7.49153114511859E-03
7.03399080893353E-03
6.82739603637658E-03
6.62208284272749E-03
6.63942101976588E-03
7.28716883411395E-03
6.01440109131818E-03
5.61428353276159E-03
5.4230873028605E-03
4.29893364438545E-03
4.1445529419593E-03
3.9915946608953E-03
3.84011905535782E-03
3.69018882945954E-03
4.00385219430959E-03
5.4618889324138E-03
4.52220742196335E-03
4.32315531931996E-03
3.99778539691129E-03
4.30181849412367E-03
3.74230589644967E-03
3.66558914685736E-03
3.58044524451916E-03
3.28803396287546E-03
3.10441662415432E-03
3.01305027372764E-03
3.08134678183278E-03
2.96626168144339E-03
2.77261897398102E-03
4.89579375776381E-03
4.48472872813055E-03
4.61938521515892E-03
4.20629016100909E-03
3.36814733245088E-03
3.17053648893157E-03
2.96770267348643E-03
2.79837575253959E-03
2.55208787967457E-03
2.28222767648596E-03
2.02655036379556E-03
1.78548548205891E-03
1.82618732699564E-03
1.13582588697386E-03
8.95772856526971E-04
6.02942036042161E-04
5.23706199366347E-04
4.46866622544251E-04
3.94868221777804E-04
2.99889159436047E-04
2.26046937197935E-04
1.49431850419708E-04
1.09791164000219E-04
7.76767239557534E-05
4.74956900925249E-05
3.0424249707789E-05
1.75586390570476E-05
9.11882768996149E-06
4.4238782780175E-06
1.57080927566411E-06
4.55765727005359E-07
8.76794268367338E-08
8.53017478213115E-09
3.12126355915153E-10
9.18030019570809E-13
9.89866844755819E-18
2.06612760752341E-32
0
0
0
0
0
0
0
0
0
0
0
0
0
0
0
0
0
0
0
0
0
0
0
0
0
0
0
0
0
0
0
0
0
0
0
0
0
0
0
0
0
0
0
0
0
0
0
0
0
0
0
0
0
0
0
0
0
0
0
0
0
0
0
0
0
0
0
0
0
0
0
0
0
0
0
0
0
0
0
0
0
0
0
0
0
0
0
0
0
0
0
0
0
0
0
0
0
0
0
0
0
0
0
0
0
0
0
0
0
0
0
0
0
0
0
0
0
0
0
0
0
0
0
0
0
0
0
0
0
0
0
0
0
0
0
0
0
0
0
0
0
0
0
0
0
0
0
0
0
0
0
0
0
0
0
0
0
0
0
0
0
0
0
0
0
0
0
0
0
0
0
0
0
0
0
0
0
0
0
0
0
0
0
0
0
0
0
0
0
0
0
0
0
0
0
0
0
0
0
0
0
0
0
0
0
0
0
0
0
0
0
0
0
0
0
0
0
0
0
0
0
0
0
0
0
0
0
0
0
0
0
0
0
0
0
0
0
0
0
0
0
0
0
0
0
0
0
0
0
0
0
0
0
0
0
0
0
0
0
0
0
0
0
0
0
0
0
0
0
0
0
0
0
0
0
0
0
0
0
0
0
0
""
