0
0
0
0
0
0
0
0
0
0
0
0
0
0
0
0
0
0
0
0
0
0
0
0
0
0
0
0
0
0
0
0
0
0
0
0
0
0
0
0
0
0
0
0
0
0
0
0
0
0
0
0
0
0
0
0
0
0
0
0
0
0
0
0
0
0
0
0
0
0
0
0
0
0
0
0
0
0
0
0
0
0
0
0
0
0
0
0
0
0
0
0
0
0
0
0
0
0
0
0
0
0
0
0
0
0
0
0
0
0
0
0
0
0
0
0
0
0
0
0
0
0
0
0
0
0
0
0
0
0
0
0
0
0
0
0
0
0
0
0
0
0
0
0
0
0
0
0
0
0
0
0
0
0
0
0
0
0
0
0
0
0
0
0
0
0
0
0
0
0
0
0
0
0
0
0
0
0
0
0
0
0
0
0
0
0
0
0
0
0
0
0
0
0
0
0
0
0
0
0
0
0
0
0
0
0
0
0
0
0
0
0
0
0
0
0
0
0
0
0
0
0
0
0
0
0
0
0
0
0
0
0
0
0
0
0
0
0
0
0
0
0
0
0
0
0
0
0
0
0
0
0
0
0
0
0
0
0
0
0
0
0
0
0
0
0
0
0
0
0
0
0
0
0
0
0
0
0
0
0
0
0
0
0
0
0
0
0
0
0
0
0
0
0
0
0
0
0
0
0
0
0
0
0
0
0
0
0
0
0
0
0
0
0
0
0
0
0
0
0
0
0
0
0
0
0
0
0
0
0
0
0
0
0
0
0
0
0
0
0
0
0
0
0
0
0
0
0
0
0
0
0
0
0
0
0
0
0
0
0
0
0
0
0
0
0
0
0
0
0
0
0
0
0
0
0
0
0
0
0
0
0
0
0
0
0
0
0
0
0
0
0
0
0
0
0
0
0
0
0
0
0
0
0
0
0
0
0
0
0
0
0
0
0
0
0
0
0
0
0
0
0
0
0
0
0
0
0
0
0
0
0
0
0
0
0
0
0
0
0
0
0
0
0
0
0
0
0
0
0
2.58173673646751E-97
6.84897375719983E-22
3.70329551660214E-13
8.68523380814431E-10
5.29914714909569E-08
6.53987584764072E-07
3.99699462578062E-06
1.38853236520222E-05
3.65539581619707E-05
8.05049109417889E-05
1.32376131901089E-04
2.19957051394021E-04
3.6860510658945E-04
4.54622916786008E-04
6.22505403598892E-04
7.64452691766079E-04
9.0406730508984E-04
1.16395857089139E-03
1.51544848594047E-03
1.80238890801841E-03
2.03643125467313E-03
2.60181204853696E-03
2.58363965774831E-03
2.80684174828394E-03
3.25812480085091E-03
2.67576636041497E-03
2.94521801822348E-03
3.05989750385781E-03
2.62663812220474E-03
3.03059477830834E-03
3.0588710892469E-03
3.06065920324898E-03
3.26855017050705E-03
3.47829576464673E-03
3.68960467105353E-03
3.90221477680518E-03
0.004115890408687
4.33041978636829E-03
3.89623944749286E-03
4.08111285085037E-03
4.26627720566261E-03
4.45161461712566E-03
5.40985588773886E-03
5.22426289362138E-03
4.59035605822987E-03
5.1927370522586E-03
5.37755595264516E-03
6.48906618504878E-03
6.70388211665511E-03
6.91820596780655E-03
7.13198668246228E-03
8.91914549735542E-03
9.71709574209017E-03
9.43456021695858E-03
9.69101558480743E-03
9.94658822608505E-03
1.08013204238791E-02
1.04549645371698E-02
1.07077162186953E-02
1.03148052048864E-02
1.05508126515609E-02
0.010785857149437
0.011019924892381
1.12530038214697E-02
1.29207188792339E-02
1.09838950265989E-02
1.11995716419423E-02
1.21752419438072E-02
1.24032456184616E-02
1.26302160353099E-02
1.44631679312898E-02
1.22634770049717E-02
1.41364478530493E-02
1.43731782668766E-02
1.63274789861749E-02
1.48433029787334E-02
0.014189831188384
1.53089747457146E-02
0.015540140422657
1.48425346688373E-02
1.50580079172886E-02
1.33633807228569E-02
1.25822265468616E-02
1.56981556422512E-02
1.19320886282365E-02
1.10822980954416E-02
1.02055760207875E-02
9.30211822303099E-03
9.41863516592168E-03
1.05939669144261E-02
8.57771056963705E-03
8.67973216077445E-03
7.68358431055639E-03
6.66167447569044E-03
6.7370350032937E-03
6.81201167169489E-03
6.88660515539915E-03
6.96081612146567E-03
7.03464522763616E-03
7.10809312068407E-03
9.57488057995201E-03
8.46282242300044E-03
1.09892336926471E-02
1.10971275554405E-02
1.36943328322156E-02
1.25680158523797E-02
1.01488077850909E-02
1.02427007901616E-02
1.03360923657012E-02
1.04289831549353E-02
1.05213737754197E-02
1.19399229211724E-02
1.20427389571188E-02
1.07955504108175E-02
1.08859460124005E-02
9.60386362506283E-03
8.29893394791375E-03
8.36561235823808E-03
8.43191864578215E-03
8.49785309916338E-03
8.56341598820831E-03
8.6286075641788E-03
8.69342806001792E-03
8.7578776906128E-03
8.82195665307252E-03
1.33284976905284E-02
1.34235049123328E-02
1.50199520704069E-02
1.66367101231724E-02
0.015227995225364
1.53310921175011E-02
1.69769300163162E-02
1.86425246512151E-02
1.72003541650488E-02
2.04585133856699E-02
1.90048012799896E-02
1.91240818224428E-02
2.08461751381038E-02
2.09737941723024E-02
1.94774883169869E-02
0.017960994240977
1.80669463568405E-02
0.018172220514797
1.16307014539126E-02
1.00258551048501E-02
1.34428899603338E-02
1.52071644895848E-02
1.69894692530304E-02
1.70814716920114E-02
1.71728565149849E-02
1.72636234716788E-02
0.017353772296879
0.01569897243983
1.40257715361445E-02
1.40964056940314E-02
1.23957263380062E-02
1.42361873467787E-02
1.25171675122011E-02
1.25772368398052E-02
1.98579411703872E-02
1.81372452707481E-02
1.82211952493786E-02
2.01349756612434E-02
2.02259520094887E-02
2.21631745744225E-02
2.22609264476255E-02
2.23579300176233E-02
2.24541847534136E-02
2.25496901148652E-02
2.45314826825847E-02
2.46333213871298E-02
0.024734346459399
2.67449078392836E-02
2.87699460222309E-02
2.69581131554438E-02
0.027063397752395
2.71678027137889E-02
2.53233753828772E-02
2.54186872708304E-02
2.74757327129534E-02
2.75766120322079E-02
2.96535087205123E-02
2.97597003254328E-02
2.98649440628388E-02
2.59733405901172E-02
2.40580678163977E-02
2.81633148068346E-02
2.82579961831766E-02
2.83517891664399E-02
2.43811654340674E-02
2.44600345297577E-02
2.24932951952309E-02
2.46154818376754E-02
2.46920587573269E-02
2.88958487127483E-02
2.69131588858898E-02
2.49171948193316E-02
0.020825588711165
1.87975876138891E-02
1.88515689530309E-02
1.89049733754286E-02
1.68513781334671E-02
1.68978218200392E-02
0.014825782486199
1.06182290550578E-02
0.010646291639892
8.53922569980303E-03
0.010701450248038
1.07285457493631E-02
1.07553183696503E-02
1.07817678512017E-02
1.08078939377753E-02
1.08336963746599E-02
1.08591749087475E-02
1.08843292886044E-02
1.09091592645406E-02
8.74693167094235E-03
1.09578450150166E-02
0.0109817002995
1.10052302000789E-02
1.10284344767731E-02
1.10513128917325E-02
1.10738652092968E-02
1.10960911960533E-02
1.11179906208943E-02
0.011139563255072
1.56251324211549E-02
0.015654418148003
1.56832454277611E-02
1.57116139541438E-02
1.57395234245335E-02
0.015766973540048
1.57939640056069E-02
1.58204945299957E-02
1.81103598010623E-02
1.81396281258449E-02
1.81683698323503E-02
1.59220115303724E-02
1.82242721375369E-02
2.05328611369015E-02
1.82780642586362E-02
2.28802103166994E-02
2.29121797698154E-02
2.29434883264643E-02
2.29741356368678E-02
0.023004121357717
2.07301006370146E-02
2.30621066902585E-02
2.07810950834398E-02
2.08056975385276E-02
2.08297031074926E-02
2.08531115174879E-02
1.62368286125682E-02
1.16100754445918E-02
1.16220839769902E-02
1.39605122193952E-02
1.63031454992457E-02
1.39873380985191E-02
1.16667935181274E-02
0.011677139112837
1.16871517465907E-02
9.35746504273241E-03
9.36494213681779E-03
7.02911444449514E-03
7.03432224477656E-03
9.38577325704464E-03
9.39218330679478E-03
1.17479080009313E-02
9.40420246705296E-03
1.17622642961495E-02
9.41515324460125E-03
9.42022782742033E-03
7.06877634433181E-03
7.07218131236461E-03
4.71692382306628E-03
4.71892638220025E-03
7.08119279306616E-03
7.08379536083585E-03
7.08619724589422E-03
7.08839841987682E-03
7.09039885677456E-03
7.0921985329379E-03
7.09379742708071E-03
9.46026069371157E-03
9.46185706132987E-03
9.46318565339336E-03
1.18303080677075E-02
0.011831299313851
0.011831955793427
1.18322774986562E-02
1.18322644257259E-02
1.18319165747911E-02
1.18312339499742E-02
1.18302165593644E-02
1.41946372980198E-02
1.41926130395384E-02
1.18251559331401E-02
1.18227996395281E-02
1.18201086800035E-02
1.18170830864068E-02
1.18137228945227E-02
1.18100281440744E-02
1.18059988787174E-02
0.011801635146032
1.17969369975158E-02
1.65086662840055E-02
1.88584602856273E-02
1.64931712827526E-02
0.018839682258741
2.11831777673799E-02
2.35234574983338E-02
2.11584446260093E-02
2.11451765483677E-02
2.34792307454544E-02
2.34631535064582E-02
2.34464090800847E-02
2.10860978954893E-02
1.87287355632007E-02
1.63745222672031E-02
1.40236581118212E-02
1.40116117415779E-02
1.39991658292419E-02
1.39863205187201E-02
1.39730759582892E-02
1.39594323005695E-02
1.39453897024982E-02
1.62527730461846E-02
1.62354597235419E-02
0.013900869899705
1.61994387274287E-02
1.38691983982504E-02
1.61615599738359E-02
1.61419244724349E-02
2.30311788322038E-02
2.53019836629724E-02
2.06745893347348E-02
2.29410669620147E-02
2.29097067773862E-02
0.025165454296266
2.96985054056166E-02
2.96551611762288E-02
2.96109592329095E-02
2.72916000588215E-02
2.72492161520026E-02
2.49388717257993E-02
2.94255842000205E-02
0.03163687817788
3.15837452664925E-02
2.92775716238299E-02
2.92265261928266E-02
2.69304255851958E-02
2.91218767528496E-02
2.68322527957199E-02
2.90138196141785E-02
2.89585145853108E-02
3.11256177701347E-02
2.66264810964497E-02
0.028787500670054
2.87287984060364E-02
2.86692483364354E-02
3.52108936300534E-02
3.29395468140385E-02
3.28679047546785E-02
3.27952873267204E-02
2.83588025610897E-02
2.39412281543243E-02
0.023885832803399
2.38297243562307E-02
2.37729033662668E-02
2.37153703906261E-02
2.36571259899422E-02
2.14528824801846E-02
2.13986410659891E-02
2.13437544484545E-02
2.12882231485408E-02
2.33552524586073E-02
2.54102743169142E-02
2.32295430396393E-02
2.10596616260858E-02
2.52010977697759E-02
0.018847373831027
1.87933474555874E-02
1.87387446831381E-02
2.69873731063956E-02
2.69068393825008E-02
2.88889732722965E-02
2.88004566805909E-02
2.87110472374198E-02
2.86207456972834E-02
2.85295528144234E-02
2.23437259119776E-02
2.22706754555721E-02
0.022196926432662
0.022122479432597
2.40516382290214E-02
2.39689023827423E-02
2.38854070249085E-02
2.18177233911206E-02
2.37161403109574E-02
2.55995677337086E-02
2.35438431300917E-02
2.34565596757335E-02
2.14211437643964E-02
1.93997717723273E-02
2.12576624825715E-02
2.11748849163653E-02
2.30088183259811E-02
2.48267602491965E-02
0.020922411073831
2.27311358549822E-02
2.26370722650006E-02
2.44207797584468E-02
2.24466943321356E-02
2.04878493360461E-02
0.022253319063199
2.21555087703977E-02
2.20569507361258E-02
2.19576454709797E-02
2.18575934750277E-02
2.17567952373371E-02
2.34598555051173E-02
2.15529619351071E-02
2.14499277893191E-02
2.49038407780014E-02
2.47818978267801E-02
2.46590873819453E-02
2.45354099079098E-02
2.26672325763544E-02
2.42854556411017E-02
0.018982212610755
1.88823158679363E-02
2.04891703574284E-02
2.03787095605819E-02
2.02675079275327E-02
2.18351961960355E-02
2.33833637071624E-02
2.15902488997919E-02
2.14665727848042E-02
2.13420952903743E-02
2.44809422137554E-02
0.025957829924021
3.06394819814695E-02
3.04528704450093E-02
2.54863903325903E-02
2.21613635601207E-02
2.51671694128419E-02
2.65689606638576E-02
3.10550077664201E-02
3.08511825962634E-02
3.06461250959705E-02
3.04398350412831E-02
0.027209080941404
2.55200226989611E-02
2.68322098851828E-02
2.51619915421957E-02
2.49814022347343E-02
2.33409535734926E-02
2.31690106736308E-02
2.29960787567477E-02
2.28221572460767E-02
2.40626983614361E-02
2.38758018254912E-02
2.64746577795336E-02
2.62634174090459E-02
2.33087873236513E-02
2.44775342878808E-02
2.42740567220076E-02
2.27322665136219E-02
2.38637389464705E-02
2.89139844380676E-02
5.08060141768064E-02
5.68084914114583E-02
3.96621203900269E-02
3.54950879958627E-02
3.64204452079672E-02
0.039808328701902
8.87097727488504E-02
8.90663541693733E-02
7.48979080602699E-02
9.56729019000531E-02
0.092330818163468
9.13756088125557E-02
9.04154430399729E-02
8.71567146713099E-02
0.086211485116638
8.52614012249508E-02
8.20878635397562E-02
6.90899747158712E-02
6.50383718933727E-02
6.10592628710221E-02
5.82116134377962E-02
6.16848689354789E-02
4.02696400138724E-02
3.87424713763632E-02
3.72389346400336E-02
3.37725974197987E-02
3.23433201964605E-02
3.09383799265448E-02
2.86044866493765E-02
2.72622064610762E-02
2.59449091567617E-02
0.024652789475519
0.026084432260091
2.74596322508237E-02
2.70338752939401E-02
2.66060882025677E-02
2.70206680091193E-02
4.73365308226804E-02
4.65387749043465E-02
3.45035804024019E-02
3.38961668007549E-02
3.17377820380474E-02
4.10311971044744E-02
0.038766908185328
0.044599176926836
0.045151290728572
3.93219275941073E-02
3.36926447066249E-02
0.050472822291434
5.00289721911801E-02
4.95511034417145E-02
4.84104066879502E-02
4.72652449310391E-02
0.046115716877205
1.86854791426104E-02
1.76353858499547E-02
1.71676088172188E-02
1.66982911716181E-02
0.014657101488354
1.77882781868281E-02
1.72537160817816E-02
1.62401540072934E-02
1.94168105915692E-02
1.83240360353262E-02
1.94185921441159E-02
1.95566923450713E-02
1.84303667742162E-02
1.69493105873183E-02
1.62694995617105E-02
1.73615509338045E-02
1.79610920463516E-02
1.26159053051268E-02
1.17084488519319E-02
1.22975077097481E-02
1.24893286169641E-02
2.09888663413468E-02
2.00293039301751E-02
1.95134601961523E-02
0.018484527578351
1.70338938404266E-02
1.33683908448263E-02
1.14841240942295E-02
9.27768842493814E-03
7.74843539292207E-03
1.32750526030692E-02
1.19663136222433E-02
1.05910860528177E-02
9.19103860316532E-03
7.88820813109362E-03
7.18803637094216E-03
6.13531551256757E-03
5.15147336797663E-03
4.24284769036912E-03
3.41564710620493E-03
2.67565650989115E-03
2.02783588899474E-03
1.47579636464986E-03
1.02114987606163E-03
6.62757923870901E-04
3.95960424414978E-04
2.1195848319544E-04
8.98417831846312E-05
3.34638165006287E-05
8.99119756550259E-06
1.48384850026923E-06
1.14386063817722E-07
1.5234237144153E-09
3.93110285547057E-13
8.97537394328327E-23
2.7621671935174E-137
0
0
0
0
0
0
0
0
0
0
0
0
0
0
0
0
0
0
0
0
0
0
0
0
0
0
0
0
0
0
0
0
0
0
0
0
0
0
0
0
0
0
0
0
0
0
0
0
0
0
0
0
0
0
0
0
0
0
0
0
0
0
0
0
0
0
0
0
0
0
0
0
0
0
0
0
0
0
0
0
0
0
0
0
0
0
0
0
0
0
0
0
0
0
0
0
0
0
0
0
0
0
0
0
0
0
0
0
0
0
0
0
0
0
0
0
0
0
0
0
0
0
0
0
0
0
0
0
0
0
0
0
0
0
0
0
0
0
0
0
0
0
0
0
0
0
0
0
0
0
0
0
0
0
0
0
0
0
0
0
0
0
0
0
0
0
0
0
0
0
0
0
0
0
0
0
0
0
0
0
0
0
0
0
0
0
0
0
0
0
0
0
0
0
0
0
0
0
0
0
0
0
0
0
0
0
0
0
0
0
0
0
0
0
0
0
0
0
0
0
0
0
0
0
0
0
0
0
0
0
0
0
0
0
0
0
0
0
0
0
0
0
0
0
0
0
0
0
0
0
0
0
0
0
0
0
0
0
0
0
0
0
0
0
0
0
0
0
0
0
0
0
0
0
0
0
0
0
0
0
0
0
0
0
0
0
0
0
0
0
0
0
0
0
0
0
0
0
0
0
0
0
0
0
0
0
0
0
0
0
0
0
0
0
0
0
0
0
0
0
0
0
0
0
0
0
0
0
0
0
0
0
0
0
0
0
0
0
0
0
0
0
0
0
0
0
0
0
0
0
0
0
0
0
0
0
0
0
0
0
0
0
0
0
0
0
0
0
0
0
0
0
0
0
0
0
0
0
0
0
0
0
0
0
0
0
0
0
0
0
0
0
0
0
0
0
0
0
0
0
0
0
0
0
0
0
0
0
0
0
""
