0
0
0
0
0
0
0
0
0
0
0
0
0
0
0
0
0
0
0
0
0
0
0
0
0
0
0
0
0
0
0
0
0
0
0
0
0
0
0
0
0
0
0
0
0
0
0
0
0
0
0
0
0
0
0
0
0
0
0
0
0
0
0
0
0
0
0
0
0
0
0
0
0
0
0
0
0
0
0
0
0
0
0
0
0
0
0
0
0
0
0
0
0
0
0
0
0
0
0
0
0
0
0
0
0
0
0
0
0
0
0
0
0
0
0
0
0
0
0
0
0
0
0
0
0
0
0
0
0
0
0
0
0
0
0
0
0
0
0
0
0
0
0
0
0
0
0
0
0
0
0
0
0
0
0
0
0
0
0
0
0
0
0
0
0
0
0
0
0
0
0
0
0
0
0
0
0
0
0
0
0
0
0
0
0
0
0
0
0
0
0
0
0
0
0
0
0
0
0
0
0
0
0
0
0
0
0
0
0
0
0
0
0
0
0
0
0
0
0
0
0
0
0
0
0
0
0
0
0
0
0
0
0
0
0
0
0
0
0
0
0
0
0
0
0
0
0
0
0
0
0
0
0
0
0
0
0
0
0
0
0
0
0
0
0
0
0
0
0
0
0
0
0
0
0
0
0
0
0
0
0
0
0
0
0
0
0
0
0
0
0
0
0
0
0
0
0
0
0
0
0
0
0
0
0
0
0
0
0
0
0
0
0
0
0
0
0
0
0
0
0
0
0
0
0
0
0
0
0
0
0
0
0
0
0
0
0
0
0
0
0
0
0
0
0
0
0
0
0
0
0
0
0
0
0
0
0
0
0
0
0
0
0
0
0
0
0
0
0
0
0
0
0
0
0
0
0
0
0
0
0
0
0
0
0
0
0
2.66181431972229E-92
9.90022791243852E-23
4.35488092118455E-14
1.10156501894753E-10
6.81729142656615E-09
1.64997336013547E-07
9.25342999989716E-07
3.02282685662689E-06
7.43353356172934E-06
1.59889963035219E-05
3.02581838635878E-05
4.29653713694279E-05
6.71384509227277E-05
5.0403890956693E-05
6.68848952479836E-05
8.49922418293592E-05
1.04166925798016E-04
1.31084017283069E-04
1.61175977093708E-04
1.94322265990553E-04
2.3038538928155E-04
2.69218093615806E-04
2.7615003084829E-04
3.34886312375239E-04
4.23086502473333E-04
3.74353022208312E-04
3.88625037965041E-04
3.67998348259077E-04
4.04072155637017E-04
4.41249601684519E-04
4.79456460765916E-04
6.05060369382555E-04
6.05241741287486E-04
6.99510275689725E-04
7.48128674114224E-04
8.54563226901532E-04
8.47843840029359E-04
8.98829634276642E-04
8.14714165233462E-04
7.87920607917712E-04
8.29487121232654E-04
7.92262840303145E-04
9.96978559049705E-04
1.13062554284776E-03
1.27250038553978E-03
1.32782189109872E-03
1.38353253902683E-03
1.54243441158145E-03
1.70973194085292E-03
1.55273892685108E-03
1.72473614910949E-03
1.30981642572536E-03
1.35502354730278E-03
1.40041342638382E-03
1.57742450210925E-03
1.76290379968599E-03
1.95687856884639E-03
2.01541441337309E-03
2.22225599205858E-03
1.6758807421162E-03
1.72220928637957E-03
1.76863088105359E-03
1.65012441231599E-03
1.69247179344603E-03
1.90836941983759E-03
2.13281537529384E-03
2.36581790678205E-03
2.42114146588179E-03
2.47651307663872E-03
1.94763499772553E-03
1.79125740811137E-03
2.03295800889634E-03
2.07564613452954E-03
0.002330180303694
2.59326280431384E-03
3.08526634706656E-03
3.36970446717181E-03
3.43375844950814E-03
3.49779877778713E-03
3.08691065296173E-03
2.90065344373933E-03
2.95182733400038E-03
2.75272593379635E-03
3.05408890463244E-03
2.84640506764509E-03
2.89319341986817E-03
2.40540826077327E-03
2.4436244254197E-03
2.75756039117413E-03
2.79993968909025E-03
2.84227364385684E-03
2.88455982911244E-03
3.2194754776264E-03
3.56277544008946E-03
3.91444109829733E-03
4.2744530281296E-03
3.09519401688216E-03
2.82343169799209E-03
2.54322854042099E-03
2.57668807859481E-03
2.28383238624759E-03
1.98258396313127E-03
2.34214750948695E-03
2.37122980103796E-03
2.74315460925996E-03
2.77627173345455E-03
2.45816108829189E-03
2.13173923540367E-03
2.15643489356931E-03
2.18108125482811E-03
2.20567739910844E-03
1.85851868643858E-03
1.50314362845256E-03
1.51943705731657E-03
1.53569466599982E-03
1.93989486826093E-03
1.96012524089783E-03
1.98030877376257E-03
2.00044480116136E-03
1.61642613435734E-03
1.6324573833038E-03
1.64844907960978E-03
1.66440072266873E-03
2.10038977394969E-03
2.54427282419109E-03
2.99601825962904E-03
2.59169550009299E-03
2.17942639270559E-03
2.63886347388141E-03
2.21862518850844E-03
2.23814271255466E-03
2.25760491302477E-03
2.27701124264642E-03
0.002296361160685
1.85252330619847E-03
1.86791170447902E-03
1.88325370558213E-03
2.37318612043268E-03
2.39224608515683E-03
2.41124652083304E-03
0.002430186927486
2.44906681034064E-03
2.46788567968677E-03
2.48664305074978E-03
2.50533844356699E-03
2.52397138286936E-03
4.06806623674947E-03
3.58546723170726E-03
3.61128711308531E-03
3.63701696068139E-03
3.66265613973182E-03
3.68820402119079E-03
3.71365998160859E-03
3.20487720258442E-03
3.22653743383585E-03
3.24811730026947E-03
3.26961628572924E-03
3.2910338783968E-03
3.31236957071098E-03
3.33362285929054E-03
3.91392545233685E-03
3.93852693754279E-03
3.96303055163792E-03
3.98743572602215E-03
2.8655299261247E-03
2.88282035970253E-03
2.3200314238169E-03
2.33374903415491E-03
2.34740880627582E-03
2.36101043005485E-03
2.96819199713779E-03
2.98504750471513E-03
3.00182918131585E-03
3.01853665077199E-03
2.42813563175847E-03
2.44138198196655E-03
3.06821009613428E-03
3.70154043659515E-03
3.7211375015656E-03
0.003740642878343
3.76005613812244E-03
3.77937685519283E-03
3.79860460690729E-03
3.81773897365482E-03
3.83677953883305E-03
3.85572588882215E-03
3.87457761295981E-03
3.8933343035172E-03
3.91199555567598E-03
5.2407479566749E-03
5.26537351992668E-03
5.28987023570217E-03
3.9856781846126E-03
4.00385627287329E-03
3.35161379480831E-03
3.36659886857305E-03
4.05780215616878E-03
4.07558671589733E-03
4.09327194468392E-03
4.11085746845127E-03
4.12834291582047E-03
4.14572791809772E-03
4.1630121092617E-03
4.18019512595146E-03
4.19727660745484E-03
3.51188016308123E-03
2.82075569015473E-03
2.83193884881902E-03
2.84305337297601E-03
3.56762378859497E-03
2.86507559249544E-03
2.87598282953161E-03
2.88682051539701E-03
3.62198553151802E-03
4.36242950371795E-03
3.64864253214826E-03
4.39420691273951E-03
4.40993679907901E-03
5.16315376850594E-03
5.9214364166041E-03
5.94198306383953E-03
5.96238668301029E-03
5.98264685476212E-03
4.50207237231241E-03
3.76420949706152E-03
4.53192190654792E-03
4.54668359802132E-03
4.56133616887161E-03
4.57587931956385E-03
4.5903127530474E-03
4.60463617475286E-03
4.61884929258928E-03
5.40511045309834E-03
4.64694346066742E-03
4.6608239390963E-03
6.23279062670128E-03
7.03237541058168E-03
6.26906076388201E-03
7.07284288918518E-03
6.30473208134891E-03
6.32234227692164E-03
7.92475210900463E-03
8.74102619349331E-03
8.76461677026099E-03
9.58690753466131E-03
9.61218668810299E-03
9.63723706304423E-03
9.66205815409934E-03
9.68664946078877E-03
1.05202613614996E-02
9.73514074367744E-03
9.75903974344073E-03
1.05979325897959E-02
0.0106233205599
1.06484564553956E-02
1.06733397712838E-02
1.06979700078773E-02
1.07223466708016E-02
1.07464692709947E-02
9.94184983819184E-03
9.96364648015985E-03
0.010817307884271
1.08404094491973E-02
1.16988895539367E-02
1.25605878887364E-02
1.25863543276925E-02
1.09302468805546E-02
1.09520617853604E-02
1.09736180291997E-02
1.09949151815128E-02
1.01685718311382E-02
1.10367305159553E-02
0.011057247863604
0.011929620177751
1.28048075463913E-02
1.19724055589815E-02
1.11367056369333E-02
1.02977678736189E-02
9.4556524862832E-03
9.47146179539064E-03
0.010349507087434
1.03662668513683E-02
1.03827827352029E-02
1.12656422780288E-02
1.12830050165256E-02
1.13001025001828E-02
1.13169343892476E-02
1.22053080685065E-02
1.22228615938075E-02
0.013114422890513
0.012257107037738
1.22737982765844E-02
1.40459444759647E-02
1.31853387128174E-02
1.14419890960389E-02
1.05751534431531E-02
1.32352784621414E-02
1.32513047615672E-02
1.23825523589453E-02
1.15114350171373E-02
1.24110171378057E-02
1.15373267638081E-02
1.15498673138077E-02
0.011562137315347
1.15741365254945E-02
1.24770850687732E-02
1.33815249540995E-02
0.013394431222236
1.60884287758383E-02
1.52085433749005E-02
1.61175215679688E-02
1.61315024754929E-02
1.61451060195104E-02
1.70560170383122E-02
0.014374382176506
1.43854665050063E-02
1.52959778880564E-02
0.018008282372114
1.62187881116607E-02
1.80330477772778E-02
1.98492782670387E-02
2.16673528672593E-02
2.07770896150703E-02
2.16930232615804E-02
2.35138565903598E-02
2.35263886948467E-02
2.26330492942541E-02
2.26440423723846E-02
2.17483263441907E-02
2.17578641242502E-02
0.018139078191141
1.81461794010753E-02
2.08757854654746E-02
2.08829772309471E-02
2.08896814657028E-02
1.99873807314448E-02
1.99928604397792E-02
2.36338504554616E-02
0.022730022386497
2.27346580266757E-02
2.18292125147842E-02
2.27423373341664E-02
2.27453808499447E-02
2.27478935235135E-02
1.81999002442348E-02
2.00211670174393E-02
2.00219765218433E-02
2.27526349612474E-02
0.022752492889602
2.18417470419996E-02
2.00205419145338E-02
2.00190151418581E-02
1.81972919702406E-02
1.81950545728162E-02
1.81923925262913E-02
1.72798405890344E-02
1.72765049692109E-02
1.90909520122581E-02
0.019086373976714
1.99899861578128E-02
1.81675061441493E-02
1.81618734939228E-02
0.018155816849411
1.63344026971419E-02
0.015421067254467
1.54148385593425E-02
0.014501882275971
1.63072603706493E-02
0.016299522344515
1.71964816145605E-02
1.80921160021717E-02
0.019890474772268
0.019879157277668
1.62551252799099E-02
1.53425998350621E-02
1.53327783863239E-02
1.53225986121715E-02
1.62127701674776E-02
1.62012334226996E-02
1.52899113839478E-02
1.34808532855849E-02
1.25722735335296E-02
1.43567123699908E-02
1.61378733915239E-02
1.34367232311022E-02
1.43198979081214E-02
1.34127712333019E-02
1.25069693507801E-02
1.07100509987303E-02
1.06995918542332E-02
9.79814203225244E-03
9.78809544074571E-03
9.77781962405808E-03
1.15431902011912E-02
0.011530504975887
8.85965352734905E-03
7.96453219855471E-03
7.95518954420622E-03
7.94566039668588E-03
7.05417328430295E-03
9.68738635485698E-03
1.05546078696077E-02
1.14193194667448E-02
1.14042124467848E-02
1.22649022086916E-02
1.04983345173148E-02
1.13572866428493E-02
1.13411108282908E-02
9.58241189618813E-03
8.69843099867005E-03
8.68537403172755E-03
8.67211290059337E-03
9.52451265570375E-03
9.50947712449573E-03
8.63110717818357E-03
8.61703206702252E-03
8.60275415063092E-03
1.11647558270949E-02
1.02883092513998E-02
1.02704477184543E-02
1.28154302658899E-02
1.27924988685884E-02
1.19179815189822E-02
1.18960164053726E-02
0.011873770707908
1.18512448703853E-02
1.18284393423421E-02
1.09621149662651E-02
1.09404202528553E-02
1.09184671110689E-02
1.00580824427441E-02
1.00373421254978E-02
8.34697040722721E-03
9.16222078932283E-03
1.08048405184144E-02
1.16106805295473E-02
1.15851040825525E-02
9.90793137286794E-03
1.07093337048541E-02
1.15067306172193E-02
1.06600555602035E-02
1.06350370204282E-02
1.06097661706218E-02
1.22125886753374E-02
1.29950394801149E-02
1.29630090658333E-02
1.21225037395286E-02
1.28980249002933E-02
1.28650724579475E-02
1.28318139927253E-02
1.27982501754333E-02
1.51577032490611E-02
1.51171234256859E-02
1.26957334173444E-02
1.26609550307059E-02
1.34149919157106E-02
1.33773990971542E-02
1.25548113184854E-02
0.013301256470324
1.24825488996055E-02
1.16680967777341E-02
1.16335250174676E-02
1.15986750152184E-02
1.23344506451137E-02
1.15281431261768E-02
1.14924626755296E-02
1.14565068552016E-02
1.29429799185664E-02
1.21426901822636E-02
1.13469945425618E-02
1.13099446409682E-02
1.12726230994788E-02
9.73702659168457E-03
9.70421240666084E-03
1.04151005588444E-02
9.6378844645502E-03
0.009604372070749
1.10430326688989E-02
1.10038314077378E-02
1.02334071457316E-02
9.46801583653826E-03
1.01589962176071E-02
9.39846359197198E-03
9.36334644328577E-03
1.00455415984528E-02
9.29243373448519E-03
8.54459044392423E-03
9.22062139712162E-03
9.18437973367247E-03
8.44422961240039E-03
6.30777406032142E-03
6.28222282310381E-03
8.34202537723357E-03
9.69214280068594E-03
1.03410932575961E-02
9.61099651047783E-03
9.57007206823328E-03
9.52891457732391E-03
9.48752490766582E-03
8.77119651152485E-03
8.73233450455491E-03
8.69325936166763E-03
9.98535220878517E-03
9.27712476901973E-03
8.57476346167836E-03
8.53484414941103E-03
8.49471591861673E-03
9.1047165257554E-03
1.03554906519278E-02
1.09494206294622E-02
1.28186632901208E-02
1.14798065069285E-02
1.33262897484339E-02
0.013890532206491
1.31916729466161E-02
1.24989304055477E-02
1.18123522966319E-02
1.17504297295773E-02
1.16882175472709E-02
9.79007757711667E-03
9.12862882058551E-03
9.07883454500875E-03
7.82497387526607E-03
7.78143108741807E-03
7.73769588345958E-03
1.00610828592842E-02
1.05918260709624E-02
1.05304785664502E-02
1.04688701398774E-02
1.04070021925071E-02
1.09195914772823E-02
1.08537430274572E-02
1.07876251452206E-02
1.07212393561711E-02
0.010093819450714
9.4731786183999E-03
8.85935998849029E-03
9.90288764559461E-03
9.83874889950179E-03
1.03173855581323E-02
1.07885980815274E-02
1.01806955466177E-02
1.06441782185111E-02
1.11001480760848E-02
1.10236323957469E-02
9.90428557479345E-03
9.83456160983365E-03
0.01079244430294
1.02046103898552E-02
1.01304479733241E-02
9.55323134130684E-03
9.98136731681576E-03
9.41113020154057E-03
9.33972690851571E-03
1.02436794218533E-02
1.01642476282116E-02
1.05647800174742E-02
0.010957448464342
8.50666464378938E-03
8.43772333334208E-03
7.43873099441925E-03
6.45494392687562E-03
6.40083809520892E-03
6.79990030000674E-03
7.19103084228891E-03
7.5741978985488E-03
8.39100177704906E-03
7.87880516483875E-03
7.37426582291433E-03
7.73709516591829E-03
7.66595425300603E-03
8.43847282392214E-03
7.52311117537965E-03
7.45141332851679E-03
7.37953420603612E-03
7.71344693668486E-03
7.23524111701211E-03
6.76489663072042E-03
6.69634742578791E-03
6.62763790890203E-03
6.94458038453807E-03
7.2532467697028E-03
7.17593174560325E-03
7.09844801790173E-03
7.02079831869079E-03
7.67382600137811E-03
7.58764504653041E-03
8.21569862373603E-03
7.41476425894305E-03
6.97911523703154E-03
5.86193486287296E-03
5.79149174258516E-03
6.73049582262269E-03
6.97969205784616E-03
5.57941109338996E-03
5.83250513560418E-03
6.07712537603443E-03
6.62891803618996E-03
6.85234956851426E-03
6.4527102303456E-03
7.87975263212965E-03
6.57485670097074E-03
6.18746669346787E-03
5.80840147435078E-03
5.43768137386436E-03
5.35728848777192E-03
6.10998738787801E-03
6.01670179990075E-03
5.92332497126867E-03
5.29987515447304E-03
4.43261156585019E-03
4.36027255682157E-03
4.0356534278887E-03
3.71950965795284E-03
3.16814997634491E-03
3.35213565784035E-03
3.05722161881268E-03
3.00172712657744E-03
2.71958637715378E-03
2.44597760208281E-03
2.83517883916836E-03
2.99347776165037E-03
2.93369300394752E-03
3.69504176027064E-03
4.22125386820927E-03
4.13166495554401E-03
4.42709013167812E-03
4.32908985162527E-03
3.86324085493525E-03
4.49276019650887E-03
3.50923139495363E-03
3.76679521971761E-03
3.33960505109076E-03
3.09223343318938E-03
2.85345578878508E-03
2.93188244895249E-03
2.8519528592055E-03
3.06402003184764E-03
2.97610545695743E-03
2.47580122028306E-03
2.40088213017486E-03
2.06774179839181E-03
2.75220465668053E-03
2.66161700584427E-03
2.22076328051682E-03
2.14321194859915E-03
2.06604265728662E-03
2.09398378419554E-03
2.01365142967864E-03
2.12720154140067E-03
2.13270431312951E-03
2.13097071201186E-03
2.03725488963367E-03
1.94433768718584E-03
1.85227750883928E-03
1.68775620199132E-03
1.74060720138852E-03
1.71371135303624E-03
1.55617444885746E-03
1.52445133080667E-03
1.48697022175147E-03
1.23771916217838E-03
1.15519168242071E-03
1.07427860136807E-03
9.95097584128307E-04
1.03249652788528E-03
9.82852277031651E-04
8.3335634929976E-04
7.85643580776765E-04
6.82393223024848E-04
6.1108600095173E-04
5.21943113660418E-04
4.5942645409078E-04
3.20190168925623E-04
2.75669391406042E-04
1.75610941178683E-04
1.46844194788087E-04
1.04494704454066E-04
7.75189322840321E-05
5.56728873271366E-05
3.84603295380658E-05
3.09779383625318E-05
1.96991183511771E-05
1.43136431110876E-05
1.11851227358893E-05
6.24228180141403E-06
3.5031633240472E-06
1.44078296537554E-06
4.58838557298596E-07
9.90479200215746E-08
1.06329637547434E-08
3.89114100108713E-10
1.22406292493448E-12
6.35846842443435E-18
2.72801640741997E-37
0
0
0
0
0
0
0
0
0
0
0
0
0
0
0
0
0
0
0
0
0
0
0
0
0
0
0
0
0
0
0
0
0
0
0
0
0
0
0
0
0
0
0
0
0
0
0
0
0
0
0
0
0
0
0
0
0
0
0
0
0
0
0
0
0
0
0
0
0
0
0
0
0
0
0
0
0
0
0
0
0
0
0
0
0
0
0
0
0
0
0
0
0
0
0
0
0
0
0
0
0
0
0
0
0
0
0
0
0
0
0
0
0
0
0
0
0
0
0
0
0
0
0
0
0
0
0
0
0
0
0
0
0
0
0
0
0
0
0
0
0
0
0
0
0
0
0
0
0
0
0
0
0
0
0
0
0
0
0
0
0
0
0
0
0
0
0
0
0
0
0
0
0
0
0
0
0
0
0
0
0
0
0
0
0
0
0
0
0
0
0
0
0
0
0
0
0
0
0
0
0
0
0
0
0
0
0
0
0
0
0
0
0
0
0
0
0
0
0
0
0
0
0
0
0
0
0
0
0
0
0
0
0
0
0
0
0
0
0
0
0
0
0
0
0
0
0
0
0
0
0
0
0
0
0
0
0
0
0
0
0
0
0
0
0
0
0
0
0
0
0
0
0
0
0
0
0
0
0
0
0
0
0
0
0
0
0
0
0
0
0
0
0
0
0
0
0
0
0
0
0
0
0
0
0
0
0
0
0
0
0
0
0
0
0
0
0
0
0
0
0
0
0
0
0
0
0
0
0
0
0
0
0
0
0
0
0
0
0
0
0
0
0
0
0
0
0
0
0
0
0
0
0
0
0
0
0
0
""
