0
0
0
0
0
0
0
0
0
0
0
0
0
0
0
0
0
0
0
0
0
0
0
0
0
0
0
0
0
0
0
0
0
0
0
0
0
0
0
0
0
0
0
0
0
0
0
0
0
0
0
0
0
0
0
0
0
0
0
0
0
0
0
0
0
0
0
0
0
0
0
0
0
0
0
0
0
0
0
0
0
0
0
0
0
0
0
0
0
0
0
0
0
0
0
0
0
0
0
0
0
0
0
0
0
0
0
0
0
0
0
0
0
0
0
0
0
0
0
0
0
0
0
0
0
0
0
0
0
0
0
0
0
0
0
0
0
0
0
0
0
0
0
0
0
0
0
0
0
0
0
0
0
0
0
0
0
0
0
0
0
0
0
0
0
0
0
0
0
0
0
0
0
0
0
0
0
0
0
0
0
0
0
0
0
0
0
0
0
0
0
0
0
0
0
0
0
0
0
0
0
0
0
0
0
0
0
0
0
0
0
0
0
0
0
0
0
0
0
0
0
0
0
0
0
0
0
0
0
0
0
0
0
0
0
0
0
0
0
0
0
0
0
0
0
0
0
0
0
0
0
0
0
0
0
0
0
0
0
0
0
0
0
0
0
0
0
0
0
0
0
0
0
0
0
0
0
0
0
0
0
0
0
0
0
0
0
0
0
0
0
0
0
0
0
0
0
0
0
0
0
0
0
0
0
0
0
0
0
0
0
0
0
8.57258952421755E-47
2.59029992627292E-24
4.0603636519473E-17
1.58849963723016E-13
2.25846385785212E-11
5.07540508964292E-10
5.01271451258508E-09
2.78029571508601E-08
1.05106462055375E-07
3.04048102524595E-07
8.85231025467598E-07
1.82334302650303E-06
3.96937102105649E-06
6.69817080990732E-06
1.1348867530059E-05
1.92778999658178E-05
2.90523810106738E-05
4.66264668123388E-05
6.15544962253152E-05
7.50777630764008E-05
8.91646092628034E-05
1.21664592560254E-04
1.39419755742147E-04
1.74274695176642E-04
2.04119041259816E-04
2.59796442533672E-04
3.37912905204332E-04
3.830551795088E-04
4.30482452117247E-04
4.80025390232801E-04
5.3151551174358E-04
6.08178702271021E-04
6.65266502195338E-04
6.68194835358202E-04
7.23560587005396E-04
7.47550740403047E-04
7.67747286156852E-04
9.33236478287776E-04
1.03461751757266E-03
1.0993756660944E-03
1.07513650986628E-03
1.27791249425778E-03
2.09488659887609E-03
1.99266134044377E-03
1.98027274134415E-03
2.07297795342085E-03
2.1056428440311E-03
2.00770017955246E-03
2.09019789096363E-03
2.24047938360504E-03
2.39572931336038E-03
2.62889597815043E-03
2.49409111070737E-03
2.65615067714151E-03
2.74224490498881E-03
2.82791203384261E-03
2.99879551943074E-03
2.82148038722035E-03
3.08200430995697E-03
3.1656333993321E-03
3.34423618275335E-03
3.42911765946823E-03
4.01527497073552E-03
4.2135854781187E-03
4.31073512362542E-03
7.3093214939111E-03
8.0168956874543E-03
8.07343328775889E-03
8.4671827724366E-03
8.86854804214087E-03
9.03951395353006E-03
9.57242477544823E-03
9.74687982758822E-03
9.91969808688279E-03
1.00908776656957E-02
1.02604185546535E-02
1.06923306229323E-02
7.24187345666974E-03
7.49060582339307E-03
7.18933040194717E-03
7.15527045057748E-03
7.54307328612502E-03
1.35665143619694E-02
1.37528578266834E-02
9.78578083460159E-03
8.56208356074379E-03
9.28022947073628E-03
7.7019159458297E-03
8.26388658461046E-03
7.88936453599851E-03
7.18349416689713E-03
7.26571392208384E-03
9.46959001745531E-03
9.73847182970151E-03
1.03435005662931E-02
1.41610909580967E-02
1.43069073457609E-02
1.44512406498325E-02
1.46863389880922E-02
1.52823976420218E-02
1.58853919006576E-02
1.25677655440486E-02
1.65005400682409E-02
1.33010271839575E-02
1.44289857070793E-02
2.05832589446753E-02
0.020811045734191
2.31884672502432E-02
2.26892073344889E-02
0.025718685211492
2.65109897567737E-02
2.73099758954269E-02
2.81155130141334E-02
2.69025493959508E-02
2.76635266243468E-02
2.62903319816838E-02
2.66905331926247E-02
2.86909548537683E-02
2.94405201431419E-02
0.030195149583926
3.09547401632039E-02
3.13627949976461E-02
3.24884002941597E-02
3.36360047311461E-02
3.44231863266818E-02
0.03364978048958
3.36102760992361E-02
3.43573654918621E-02
3.51084092161989E-02
3.50094334726349E-02
3.53140908695078E-02
3.96096837774963E-02
4.04213015757895E-02
4.07733370813066E-02
4.15831703329114E-02
2.74614000444268E-02
3.09368570011217E-02
3.15240623944486E-02
0.031603893394825
4.46456237998893E-02
4.54566679384411E-02
4.62707171941716E-02
0.047087698743994
4.79075407236405E-02
4.98634320273608E-02
5.12842042368792E-02
0.047454249897598
4.82365437271168E-02
4.59952057993095E-02
4.67335959452619E-02
4.49754553012794E-02
4.88510651935128E-02
5.28265271979839E-02
5.36319307355118E-02
5.44393633082704E-02
5.59225314866181E-02
5.67437403093151E-02
0.059647554937554
6.12057912703653E-02
6.27857738842992E-02
6.72813267886252E-02
0.06821135629166
6.91431744241379E-02
7.38442860107282E-02
7.33026416607991E-02
7.19487561238141E-02
7.36708602232437E-02
7.46208292199757E-02
7.55722475391158E-02
8.14096358459723E-02
8.24246838505257E-02
8.34410921791351E-02
8.44588016088526E-02
8.54777535369954E-02
8.64978899697637E-02
8.75191535111188E-02
8.85414873519152E-02
8.95648352592867E-02
9.05891415662673E-02
9.16143511616605E-02
9.26404094801327E-02
9.36672624925381E-02
9.46948566964672E-02
0.095723139107005
9.67520572477143E-02
9.77815591418078E-02
9.88115933035449E-02
9.98421087298033E-02
0.100873054891863
0.101904381727366
0.102936039632463
0.103967979454151
0.105000152482772
0.100730884922436
7.70868039564614E-02
8.21541685604296E-02
8.51215697161666E-02
8.48253875829229E-02
6.33813861562884E-02
6.17253404130554E-02
7.58843525296989E-02
7.77188165421941E-02
0.100332137382928
0.101229667015727
0.113865645227008
0.114865677622685
0.115865316207918
0.1108405751171
0.111787820965431
0.112734575978646
0.112445140782034
0.110888640511677
0.113059088460395
7.59886450824686E-02
8.17110622527309E-02
3.86095644194168E-02
3.76195951110758E-02
4.31462051588681E-02
4.34836090159104E-02
0.04514860357773
4.14812650931336E-02
4.17973123450952E-02
0.048905457892177
4.92717087478188E-02
5.10163742880196E-02
5.13919499078913E-02
4.61706393343583E-02
4.79140426925646E-02
3.97418015236031E-02
4.28835130158724E-02
4.46256571613443E-02
4.20387009726843E-02
4.08707384481918E-02
3.96822653290235E-02
0.038473316158906
3.87336840212015E-02
3.89936463989689E-02
4.07629326120976E-02
0.041032023640746
5.50675546299215E-02
0.058504308146991
0.060430598625317
6.39354155990186E-02
6.12019309847264E-02
8.68528047725963E-02
7.78602613264511E-02
0.07834164191604
8.20393071091104E-02
8.57751546653391E-02
8.30363915927726E-02
8.02575772239706E-02
0.075791183619871
6.96082082646462E-02
7.00148831327916E-02
6.87439753079682E-02
6.74528752006683E-02
6.61416362246042E-02
6.82213821877338E-02
6.68891758829085E-02
5.86383261305864E-02
5.89622216719884E-02
6.10290029603252E-02
5.61012731160525E-02
5.99290683941917E-02
5.67056042330704E-02
0.049880765750561
5.01434286213351E-02
0.048605192105032
5.06666252405722E-02
6.00212760495795E-02
5.48431402113929E-02
5.51206930419668E-02
5.53974466851544E-02
5.38176132108547E-02
6.15433761835772E-02
5.62228311015608E-02
0.054613096629988
5.29843469036497E-02
5.51393742134604E-02
5.15804989459364E-02
4.99041711537046E-02
5.20658419776288E-02
0.065868490732288
6.61715834376722E-02
6.45185553397675E-02
6.67747210647018E-02
6.70747488665877E-02
6.53921574734208E-02
8.16040847618824E-02
7.39657930891227E-02
8.03110463629061E-02
7.46084760282859E-02
8.50534718937268E-02
7.11790805979605E-02
0.073521400255268
6.97272588296478E-02
7.00165269990404E-02
0.181965040046426
0.180631686588668
0.193871017454564
0.192556851657704
0.193324203392427
0.194088417188629
0.190613614212196
0.199859681791338
0.198496394032677
0.201398555822381
0.200012366417054
0.202924186946708
0.203681985206403
0.208786122434486
6.76682002300001E-02
6.79147565152244E-02
0.068160181009918
6.84044672087093E-02
7.08620476379643E-02
7.11118440384236E-02
7.13604455441903E-02
7.16078456169994E-02
6.06268443621111E-02
6.08335443535578E-02
6.10392143078766E-02
6.12438488560118E-02
5.68957802458918E-02
5.93666574614073E-02
6.18514869220312E-02
0.202243317260013
0.209809954386671
0.224356029845202
0.199541837609616
0.141978671168362
0.149423641337753
0.156909265078721
0.122151838446415
0.120165061341478
0.118162035966892
0.170658919733202
0.11410769562003
0.073909679072043
6.93413550682157E-02
7.43360632440351E-02
0.067333055063624
6.51111578456464E-02
6.28746182304605E-02
6.78983856575496E-02
6.56528649044383E-02
6.58311330424626E-02
6.35634935009337E-02
5.88303920792502E-02
6.14434927325113E-02
6.16042426534929E-02
6.17639041637735E-02
5.94455743492626E-02
7.20127374213578E-02
8.71308459873588E-02
8.73482216914412E-02
8.25603864077183E-02
7.52385549699107E-02
7.29068453163558E-02
7.56018507098583E-02
5.05209861546054E-02
5.06398370650767E-02
4.82198944272675E-02
0.053418564021324
4.84414043952957E-02
4.59955512957846E-02
5.12204683829771E-02
5.13338500214669E-02
4.88739947318274E-02
4.89799539832336E-02
5.16684554566075E-02
5.69559485193012E-02
5.70755705348067E-02
4.93949599324811E-02
4.94964910019185E-02
4.95971289267116E-02
4.96968712600841E-02
4.97957155792226E-02
4.72676774070929E-02
4.73596110978513E-02
0.044814537994686
4.48997424536123E-02
3.96918819780559E-02
3.71145824987337E-02
3.45268251593508E-02
3.45894823238388E-02
3.46515108746596E-02
0.032042685523989
2.94238798403741E-02
3.21542861401276E-02
4.02615107341141E-02
4.03294300377332E-02
4.03966139560965E-02
0.037765523486217
3.51249333165468E-02
3.78874882236788E-02
0.037947432914259
3.52919207663074E-02
3.53462940734705E-02
3.54000206147186E-02
3.54530991077443E-02
3.55055282865128E-02
4.10276618091451E-02
4.38257645765985E-02
4.38878861796464E-02
3.84555522698526E-02
4.12591053392914E-02
4.13150756671305E-02
4.13702870860542E-02
4.41863875043971E-02
4.42436565046943E-02
4.43001118679586E-02
5.82169248361784E-02
6.10645424828657E-02
5.55807285687823E-02
5.28648524564459E-02
5.57126724962042E-02
5.29882499150011E-02
0.055840509621925
5.86980285605206E-02
5.03678050788558E-02
4.76208579294028E-02
4.76712432141049E-02
4.77207483517427E-02
0.050579335244766
6.18809704638602E-02
5.91260822206267E-02
6.20011045386868E-02
5.92385686236186E-02
0.064940137737822
0.073476833332482
8.20272994031942E-02
7.36052390833061E-02
7.93341219693539E-02
7.65638947158899E-02
0.073787625476544
7.95261269082578E-02
0.079587183777121
8.24912931934432E-02
8.25514742669698E-02
7.69128750074417E-02
7.69660547981402E-02
7.98703186520896E-02
8.27768816766621E-02
8.28293977095725E-02
8.57383209333257E-02
0.097228062555227
9.15616221041053E-02
9.44756791668314E-02
9.16622366438364E-02
9.45759287189954E-02
9.46234195559791E-02
0.103275439571136
0.200906634734178
0.189510686235931
0.189591595796918
0.209785389624531
0.189742844239308
0.204192965922531
0.103570901896731
9.78495604188523E-02
0.100759172345658
9.50296122581303E-02
9.79364356273609E-02
0.115249120782304
0.106631005176941
0.123949929608621
0.121091894102072
0.109579480707591
0.106713443354306
0.106729091587144
0.10962769380711
0.109639686676121
0.109649639957539
0.109657553419379
0.10677754722254
9.81233380684288E-02
9.23528869733125E-02
0.106782784882424
0.11255247966079
0.112548038110308
0.109655823202603
0.106761957160604
0.106751784586935
0.115394190444033
0.118263372129211
0.121129535759051
0.224916665646552
0.213342280585816
0.219062929495855
0.219013496693107
0.230484200961719
0.233303887971313
0.141094704079196
0.152566810255156
0.158273546612298
0.161096831637011
0.135158085684201
0.137982015094932
0.135054182881614
0.134998466229694
0.137811310085611
0.140619062500037
0.131947839758314
0.13761756152074
0.143279025807978
0.143203764322826
0.143125843887692
0.151627982303597
0.148680514856944
0.148591193307175
8.56725660099908E-02
8.27639255752892E-02
0.08556155382719
8.55036666793692E-02
8.25960541569479E-02
7.39987187753688E-02
0.076788447650119
7.10468970375481E-02
7.09920631017942E-02
7.09359139694581E-02
7.08784509576583E-02
7.08196754147629E-02
7.07595887203884E-02
5.37306261369033E-02
5.36829705394484E-02
5.08114627151515E-02
5.07644345621394E-02
5.35340492221546E-02
5.62972924549769E-02
5.34298179716591E-02
5.61854956620305E-02
5.61280398065939E-02
5.04625926975504E-02
5.04090179514592E-02
0.050354512850941
4.47102921615742E-02
4.46601926686404E-02
4.46092696827173E-02
4.73423696821257E-02
5.00680778214455E-02
4.44515718960164E-02
3.88476962712391E-02
3.87995520147768E-02
3.59827870811145E-02
3.59367568146134E-02
3.31292914466735E-02
3.85998468652713E-02
4.13015833563569E-02
4.39951246293226E-02
3.84426168645042E-02
3.29046807171803E-02
3.28579433548771E-02
3.55448204373201E-02
3.54928840733941E-02
3.54402974467778E-02
0.032664980133395
3.53331784365722E-02
3.79923908099198E-02
3.52234736316216E-02
3.24624506054848E-02
3.24103324774698E-02
3.50540910669447E-02
3.76883756731204E-02
3.76255042351517E-02
3.48789506042799E-02
3.48192974136479E-02
3.74327800854115E-02
3.73671739004613E-02
3.73008879303564E-02
3.72339237708718E-02
3.71662830353613E-02
3.17982577326539E-02
3.43840513506336E-02
4.22392203085884E-02
3.95239148739862E-02
3.68179884160624E-02
3.67463230899984E-02
2.88152801939451E-02
3.13722855622454E-02
2.34818649047442E-02
2.08303037245148E-02
2.33858956894395E-02
2.07442471786081E-02
2.07006578080323E-02
2.06566957863027E-02
1.80358169131923E-02
1.79967008303656E-02
1.79572615212005E-02
1.79174999512288E-02
2.04313338226907E-02
2.03851587832684E-02
2.03386188170436E-02
2.28281794515948E-02
2.02444486906287E-02
2.01968208490934E-02
0.020148832718082
2.01004854823939E-02
1.75453077949042E-02
1.75023786763169E-02
1.74591385048455E-02
1.74155883529577E-02
1.73717293020856E-02
0.017327562442635
2.22211142665649E-02
0.024626156720783
0.027017926652642
2.69466042085358E-02
2.68748068447852E-02
2.68025363598336E-02
2.42998132421311E-02
2.18099317837245E-02
1.69163936935748E-02
1.68692107022594E-02
1.92248371338483E-02
1.91702402995369E-02
0.019115308823161
2.14425496078022E-02
2.37555593988683E-02
2.36856506312788E-02
2.36153305952002E-02
2.35446010819696E-02
1.87787711168772E-02
1.87215366842299E-02
2.56629711695176E-02
3.02349119095696E-02
0.027821849974554
2.77340723521687E-02
2.76458188487314E-02
2.98535160529375E-02
3.20458755429064E-02
3.19412635520841E-02
3.18361071050165E-02
3.17304089333612E-02
2.93653023742907E-02
0.029266155692034
0.029166513695021
3.80098802181397E-02
3.78782939575627E-02
0.039966427350233
3.98257545708299E-02
3.74797245851173E-02
3.73456096059004E-02
3.72108712621445E-02
4.36182507376977E-02
4.34582809382241E-02
4.32975904637165E-02
4.31361836018548E-02
4.29740646684795E-02
4.28112380076884E-02
4.26477079919361E-02
4.03593050710288E-02
0.038086699974987
4.21529419669655E-02
4.19866428266682E-02
4.80926120160933E-02
4.99824070798269E-02
4.35578610937227E-02
4.54461493449373E-02
3.70305202536747E-02
0.036877235164577
3.46831752747634E-02
3.65689051761448E-02
3.84368615135685E-02
4.02869524860288E-02
4.41247581033644E-02
4.39331760795632E-02
4.37409070228259E-02
4.15685037661485E-02
4.33543294175629E-02
4.11982121320494E-02
3.90591534921133E-02
3.88813147265511E-02
3.67677372051631E-02
4.23762440292764E-02
4.21786757348845E-02
4.96132829419809E-02
5.12774587731934E-02
5.10326633703721E-02
4.89061030492006E-02
4.86689154690671E-02
5.02937400100883E-02
5.00459437657547E-02
0.04979741536802
4.77130450141296E-02
4.56464735284847E-02
0.05268065954952
4.87961271942701E-02
4.67461209187007E-02
4.11370184398069E-02
4.44794781449097E-02
4.07046486045368E-02
3.87272802042834E-02
3.85191438625829E-02
3.83104785925183E-02
4.15650444849899E-02
4.13362765559933E-02
3.42557938661598E-02
3.40642331939484E-02
3.04849989590917E-02
3.36797634715741E-02
3.34868664403042E-02
3.49582128410625E-02
3.14447894555273E-02
3.29055995913051E-02
3.43465561693965E-02
3.41418036251846E-02
3.23205985879632E-02
3.05185577090793E-02
2.87357461218691E-02
0.030145430987295
3.31118355418779E-02
3.13377598268521E-02
3.11400742103125E-02
2.93949296201293E-02
5.22641834732269E-02
3.97083691327795E-02
4.24841534028916E-02
0.042204984715975
4.94120343782082E-02
4.75946243716556E-02
8.27295916217144E-02
8.21677413065481E-02
7.57761282811066E-02
7.52528873902946E-02
6.32321568444673E-02
6.27881882871985E-02
0.063760530884645
6.18984984599199E-02
6.42461185699312E-02
6.10065781283134E-02
5.91834622809519E-02
6.14787510992232E-02
6.78009078102683E-02
6.99832133913764E-02
7.74667406868703E-02
7.68746986434801E-02
0.078912512860388
7.96039004872178E-02
7.63900442245638E-02
8.22081633847528E-02
5.22442702533788E-02
6.82554997211677E-02
4.51340525067854E-02
4.47641904847405E-02
6.90574813473716E-02
0.066035672041582
0.065479896123581
0.064923837607502
0.063175528209846
6.61743332694531E-02
5.73973255831157E-02
5.57308770062787E-02
6.44415966603736E-02
6.27232656136057E-02
6.32856572481032E-02
6.04679730300901E-02
0.061019872678605
9.56239910501834E-02
9.90808043206601E-02
7.54931683921466E-02
4.80666672436429E-02
4.54864104547223E-02
4.39950135806995E-02
8.50486873200456E-02
8.42025490001839E-02
8.33566515845633E-02
8.25110354676603E-02
7.36983520087895E-02
5.12522213372101E-02
5.16919887363892E-02
5.01813982942971E-02
5.91938304853368E-02
5.85563957811967E-02
5.79193956959035E-02
5.72828631573251E-02
5.11648799882466E-02
8.31135924593324E-02
0.084850943097121
6.09226356691198E-02
2.53087626073751E-02
2.41501678667833E-02
2.98307606843029E-02
0.029474231010672
2.74542473810255E-02
2.87625117005404E-02
2.84073634084565E-02
2.80527172888586E-02
2.84899829878613E-02
2.81263029088351E-02
0.027763205575409
2.66395826174299E-02
2.62877704868166E-02
1.77850912846453E-02
1.75447324862149E-02
1.80258740600401E-02
1.84875459494372E-02
1.82287217446901E-02
1.79704540487841E-02
1.77127607099284E-02
1.67842882577509E-02
4.29979238976113E-02
4.10549398728655E-02
4.17202384712414E-02
4.29800515379134E-02
6.22295726509708E-02
6.12559004837994E-02
6.02850172771647E-02
5.93169996198923E-02
5.83519250742081E-02
5.73898721954281E-02
4.51447364416584E-02
4.43801205971301E-02
0.040346756882233
4.01801132642593E-02
4.10496483760698E-02
4.03147206655803E-02
4.00900710712854E-02
3.98495998919135E-02
3.81270638896646E-02
3.78833194303601E-02
3.71538927955003E-02
3.64276653093929E-02
3.66086275328755E-02
3.85278995061279E-02
3.77391917863244E-02
3.44057642433074E-02
3.36787090982092E-02
3.17348341711161E-02
3.62156783996777E-02
3.15203791346704E-02
3.34713175756394E-02
3.30743353926451E-02
3.23015847998658E-02
3.15335190963239E-02
0.030770237150518
2.96746276317844E-02
2.82721882994351E-02
3.01117961737819E-02
2.93269191521987E-02
2.85476407643327E-02
2.95468885582846E-02
2.87301474123743E-02
2.79197324215745E-02
0.027115770758811
2.63183915424953E-02
2.55277258677678E-02
2.47439068373773E-02
2.39670695920849E-02
2.31973513404755E-02
2.24348913880395E-02
1.79942598672699E-02
1.75831439745493E-02
1.69616885922052E-02
1.61522113654226E-02
1.40523690376809E-02
1.31550585448255E-02
1.59462546003021E-02
1.63042654408117E-02
1.58008239836211E-02
1.56389837910998E-02
0.012813030918153
0.013334769739247
1.31894152333358E-02
4.18650200531933E-03
4.13887921255999E-03
4.09076627353253E-03
4.66402901630895E-03
3.99305124061411E-03
4.24678163487894E-03
4.34255002543568E-03
4.72946333812675E-03
4.95816884411416E-03
4.31523775642625E-03
4.96418593148301E-03
4.7534123721598E-03
4.82153813657221E-03
4.88483069141268E-03
5.34402743546666E-03
5.12814876086698E-03
5.17442440681306E-03
5.97884640760561E-03
5.75173148362999E-03
5.40518196227043E-03
5.79032347029174E-03
4.73591122442999E-03
4.52958695004136E-03
6.03501882938316E-03
5.46707731618681E-03
3.49624398597655E-03
3.52843803103956E-03
3.24159254717865E-03
3.27018748381574E-03
3.19361000692443E-03
8.37543648019005E-03
9.21105255978455E-03
9.25124004286514E-03
9.00487184314154E-03
8.75689725796892E-03
8.50739618839856E-03
8.2564577422653E-03
8.00418097093499E-03
7.75067565601829E-03
7.49606314791192E-03
0.007240477257705
6.98406520353122E-03
6.65971872571525E-03
3.81696049818455E-03
3.66482438327826E-03
3.6317121908671E-03
3.30358388261728E-03
0.002936757859889
2.07268684695747E-03
0.001871864385115
1.77516415218682E-03
1.59070978408847E-03
1.41704877971352E-03
1.72450940953045E-03
1.87359326775174E-03
1.61274156547841E-03
1.43675285752844E-03
1.44965818618866E-03
1.33721851656749E-03
1.17732815550578E-03
9.83365952140587E-04
9.33964902790812E-04
5.23976030940851E-04
4.35541501485755E-04
4.31404898567537E-04
3.79711526761484E-04
3.19498897885085E-04
2.65517683724159E-04
8.1183931601894E-04
6.8821310297792E-04
5.68195820397697E-04
4.60502001447868E-04
3.57885069857797E-04
2.74100109936304E-04
1.86560832874623E-04
1.33980171110452E-04
7.14762516952211E-05
4.74797012691029E-05
3.10819043936166E-05
1.38144576299219E-05
7.31756601995673E-06
3.44189221887889E-06
1.38566880756814E-06
2.52369819391288E-07
6.79935788136185E-08
1.25980981158581E-08
1.06137781714229E-09
3.11772393757776E-11
1.21086532504201E-13
9.34387534405381E-18
8.64848525144332E-27
1.4296918775048E-61
0
0
0
0
0
0
0
0
0
0
0
0
0
0
0
0
0
0
0
0
0
0
0
0
0
0
0
0
0
0
0
0
0
0
0
0
0
0
0
0
0
0
0
0
0
0
0
0
0
0
0
0
0
0
0
0
0
0
0
0
0
0
0
0
0
0
0
0
0
0
0
0
0
0
0
0
0
0
0
0
0
0
0
0
0
0
0
0
0
0
0
0
0
0
0
0
0
0
0
0
0
0
0
0
0
0
0
0
0
0
0
0
0
0
0
0
0
0
0
0
0
0
0
0
0
0
0
0
0
0
0
0
0
0
0
0
0
0
0
0
0
0
0
0
0
0
0
0
0
0
0
0
0
0
0
0
0
0
0
0
0
0
0
0
0
0
0
0
0
0
0
""
