0
0
0
0
0
0
0
0
0
0
0
0
0
0
0
0
0
0
0
0
0
0
0
0
0
0
0
0
0
0
0
0
0
0
0
0
0
0
0
0
0
0
0
0
0
0
0
0
0
0
0
0
0
0
0
0
0
0
0
0
0
0
0
0
0
0
0
0
0
0
0
0
0
0
0
0
0
0
0
0
0
0
0
0
0
0
0
0
0
0
0
0
0
0
0
0
0
0
0
0
0
0
0
0
0
0
0
0
0
0
0
0
0
0
0
0
0
0
0
0
0
0
0
0
0
0
0
0
0
0
0
0
0
0
0
0
0
0
0
0
0
0
0
0
0
0
0
0
0
0
0
0
0
0
0
0
0
0
0
0
0
0
0
0
0
0
0
0
0
0
0
0
0
0
0
0
0
0
0
0
0
0
0
0
0
0
0
0
0
0
0
0
0
0
0
0
0
0
0
0
0
0
0
0
0
0
0
0
0
0
0
0
0
0
0
0
0
0
0
0
0
0
0
0
0
0
0
0
0
0
0
0
0
0
0
0
0
0
0
0
0
0
0
0
0
0
0
0
0
0
0
0
0
0
0
0
0
0
0
0
0
0
0
0
0
0
0
0
0
0
0
0
0
0
0
0
0
0
0
0
0
0
0
0
0
0
0
0
0
0
0
0
0
0
0
0
0
0
0
0
0
0
0
0
0
0
0
0
0
0
0
0
0
0
0
0
0
0
0
0
0
0
0
0
0
0
0
0
0
0
0
0
0
0
0
0
0
0
0
0
0
0
0
0
0
0
0
0
0
0
0
0
0
0
0
0
0
0
0
0
0
0
0
0
0
0
0
0
0
0
0
0
0
0
0
0
0
0
0
0
0
0
0
0
0
0
0
0
0
0
0
0
0
0
0
0
0
0
0
0
0
0
0
0
0
0
0
0
0
0
0
0
0
0
0
0
0
0
0
0
0
0
0
0
0
0
0
0
0
0
0
0
0
0
0
0
0
0
0
0
0
0
0
0
0
1.14480452278669E-102
9.87585894903261E-24
4.8046229754446E-14
2.96327902131048E-10
2.86495175209598E-08
4.73416035132747E-07
2.98681074003711E-06
1.25460876270241E-05
4.73394646120659E-05
1.11577418317845E-04
2.60617620505414E-04
4.61249509631292E-04
7.35845646798897E-04
6.47884867178368E-04
9.5972766403202E-04
1.30461649968514E-03
1.70936062278297E-03
2.17254742972182E-03
2.63802376567437E-03
2.61148882656435E-03
3.34257189697512E-03
3.82650276365586E-03
4.31867503653741E-03
4.81364153676657E-03
5.85055472050096E-03
6.40169121232003E-03
1.08392007172858E-02
0.017561380277225
1.96557313206852E-02
2.14159217107163E-02
0.023210986850049
2.42542883448999E-02
2.60488396535148E-02
1.73787017595191E-02
1.85239337548132E-02
9.83970987446757E-03
1.04217658006551E-02
1.10073947585083E-02
1.19957844596776E-02
1.30272124192505E-02
1.32199746582242E-02
1.38342516895422E-02
1.58942767477193E-02
1.65713057803556E-02
0.01881637383617
2.00977349539184E-02
2.08556157918794E-02
2.39488155125598E-02
2.72038514026066E-02
2.87451881274307E-02
2.90342998691173E-02
2.86146790899596E-02
3.08539260477859E-02
2.89360416320581E-02
3.12092327000825E-02
4.69826139472092E-02
5.28286442865074E-02
5.49796204874828E-02
5.71638601070176E-02
5.52572385686789E-02
6.33188425390429E-02
4.83656197682787E-02
4.94477078904706E-02
0.036088747587279
3.77750277925535E-02
3.85549221522267E-02
0.032615625566592
3.91239483321117E-02
5.58213606408128E-02
6.09249826426362E-02
7.23742092231388E-02
0.071557234145645
0.107060100358751
0.108878321167513
0.110685868753592
0.112482729014015
0.114268893459589
0.116044358631812
0.117809125572239
0.119563199339558
0.121306588570129
0.123039305078088
0.12476136349151
0.126472780921411
0.128173576660709
0.129863771910481
0.131543389531122
0.133212453816229
0.134870990287209
0.13515383525174
0.136775021040815
0.138385865623628
0.141400401460741
0.143006712528854
0.144602665381529
0.14618828978291
0.147763615641366
0.149328672925816
0.150883491590412
0.15242810150688
0.153962532403854
0.155486813812599
0.157000975018567
0.158505045018286
0.159999052481125
0.161483025715499
0.16295699263914
0.164420980753073
0.165875017118973
0.167319128339612
0.168753340542111
0.170177679363765
0.171592169940191
0.172996836895616
0.174391704335081
0.17577679583842
0.177152134455817
0.178517742704825
0.179873642568685
0.150412480061551
0.146045121920427
0.147106642931462
0.148160463310848
6.90080518145919E-02
9.01470381563922E-02
0.090765523898883
0.140876613337388
0.143732420855711
0.192903136216509
0.194153543298089
0.195394464827893
0.196625916099954
0.197847911934139
0.199060466683717
0.200263594243113
0.201457308055825
0.202641621122469
0.203816546008933
0.204982094854616
0.206138279380722
0.207285110898608
0.208422600318149
0.209550758156115
0.210669594544549
0.211779119239121
0.212879341627453
0.213970270737415
0.215051915245358
0.216124283484299
0.217187383452036
0.205146749450044
0.206128660400968
0.204898668426917
0.177077799426091
0.177891293349881
0.178697405770319
0.186227246686805
0.211837817990033
0.215022406129873
0.2159446557089
0.210010012533827
0.217762938700972
0.230167347984149
0.231101362811896
0.232026194368179
0.232941846319003
0.233848322118899
0.234745625017229
0.235633758064401
0.236512724117955
0.237382525848553
0.23824316574585
0.239094646124261
0.23993696912862
0.240770136739727
0.241594150779798
0.2424090129178
0.24321472467469
0.244011287428547
0.244798702419603
0.245576970755173
0.246346093414492
0.247106071253442
0.247856905009197
0.248598595304759
0.249331142653413
0.250054547463079
0.250768810040578
0.251473930595809
0.252169909245833
0.252856746018877
0.253534440858244
0.254202993626145
0.254862404107445
0.255512672013328
0.256153796984883
0.256785778596605
0.257408616359827
0.258022309726069
0.258626858090313
0.259222260794204
0.259808517129182
0.260385626339532
0.258344051749125
0.258897276144138
0.259441442390447
0.254724498075351
0.249977239334736
0.2478367757939
0.248319047331429
0.248792713616664
0.251909452102224
0.249714226448943
0.183629605279059
0.253267277492668
0.210973644110902
0.214003356889991
0.214355187414999
0.214699687224128
0.206972973317113
9.69150109501451E-02
0.105148481643747
0.102602071386426
9.73404869267815E-02
8.66450757063263E-02
0.086762339273153
7.60170841540472E-02
7.88329296826981E-02
8.98182832800346E-02
8.99271012669281E-02
9.82176990820954E-02
0.109255335271967
0.147657899845666
0.14507880382381
0.14248907280759
0.148117745353186
0.145515533877358
0.156643932656107
0.159535401831378
0.145908455306044
0.176337740773601
0.187508150283663
0.171093743652573
0.11598670978628
0.121594362722276
0.102317441227668
0.094080459499439
9.13676446095459E-02
9.41891370983033E-02
9.14670582088461E-02
9.15122139626947E-02
8.87799616386658E-02
7.49400729300159E-02
7.77462211224845E-02
7.77742361164854E-02
5.55711971814434E-02
5.55875291647298E-02
5.28219205960787E-02
4.72724734675068E-02
5.00629392675668E-02
5.00710156717438E-02
5.84236757765129E-02
0.055646890405811
5.56503451199838E-02
6.12171561163277E-02
0.061216908892022
6.39971215037366E-02
6.39926316631994E-02
0.066768027294196
6.95405489265802E-02
6.95287698543656E-02
7.22952789142751E-02
7.22782457415451E-02
6.94796357700141E-02
7.50153517327201E-02
0.074990213666624
8.60681618011394E-02
8.60335978560084E-02
9.43183945388405E-02
9.70470043662274E-02
9.42269449072082E-02
0.130185204634086
0.132879517169852
0.135566175807475
0.138244905090571
0.138152381966155
0.140816368713596
0.157267046889267
0.176444469417235
0.206604509008237
0.261479601971411
0.258501416726759
0.255519492230013
0.255279040825001
0.246803272565441
0.243814557946442
0.262716328890498
0.25696550890055
0.256679316575789
0.256384496049668
0.25608104832377
0.255768974414678
0.051633162039373
5.42806281235053E-02
5.14982884370511E-02
4.33079894008035E-02
4.05445609445527E-02
4.31856067401169E-02
5.12076300547442E-02
5.92038644829696E-02
5.91126669916616E-02
6.43848579353255E-02
6.42809706376492E-02
6.41748841926944E-02
6.67360404955817E-02
6.39561149603153E-02
6.38434327175189E-02
6.10731960650395E-02
5.03590838365163E-02
4.76191490182122E-02
5.01684912470534E-02
4.47999978978932E-02
4.47108423126629E-02
4.72448444249521E-02
4.71471497601503E-02
4.96615751483795E-02
0.046946819413627
4.68441840517829E-02
4.67399020994112E-02
5.18155263317737E-02
5.68655987574195E-02
5.15746423100401E-02
0.05659660245786
5.64590866379978E-02
5.37595792353855E-02
5.36244738702013E-02
5.60344698660918E-02
5.84293130529426E-02
6.33424262717516E-02
6.31724441522405E-02
6.55201836168685E-02
6.53386484276756E-02
0.057636882145034
0.05747208800606
4.23560108415296E-02
3.97469158026528E-02
3.96278879232896E-02
3.70381847508643E-02
3.93854431314722E-02
3.68081493678937E-02
3.91371455087374E-02
4.14489766137365E-02
4.37433680703885E-02
4.60200451951366E-02
3.62090499192543E-02
0.03849078652413
0.040754441941631
0.040610866704771
3.80853972967952E-02
3.32039196911679E-02
3.07188458646758E-02
3.29584652308612E-02
3.04885406235484E-02
3.27078768465716E-02
3.25806563991752E-02
3.47701619733948E-02
3.46311007326066E-02
0.034490661861811
3.43488447702866E-02
3.19252722445092E-02
3.17903351655106E-02
3.16541098994999E-02
2.92654103512393E-02
2.68952503170393E-02
2.90064338246034E-02
3.10963127550595E-02
2.87426616056261E-02
2.86089751577793E-02
2.84740873681269E-02
2.83379973513665E-02
2.60314192453759E-02
2.80622068957708E-02
2.57746195234429E-02
2.77815958961032E-02
2.55133661896537E-02
2.53810668672022E-02
2.52476509967864E-02
2.51131174411926E-02
2.28960096005647E-02
2.27706347940224E-02
2.26442320674748E-02
2.04698183728458E-02
2.44236414183381E-02
2.22588440370259E-02
2.81633126397207E-02
2.99955759328402E-02
2.58394599570394E-02
2.76570302992542E-02
0.039265182341005
3.90184295942783E-02
0.040708271160336
3.65932748159391E-02
0.042093469206917
0.041813683339782
3.02049447257108E-02
2.99984089865169E-02
3.16522377791503E-02
3.14295353344863E-02
3.12051989963176E-02
3.28015328375413E-02
3.25605296349122E-02
3.05223531019096E-02
3.20732970567161E-02
0.028290720007889
2.63158920944125E-02
2.43672523837208E-02
2.41716360485211E-02
2.05496973971247E-02
2.03796700590357E-02
0.018524421850169
1.83663927236812E-02
1.82072740079227E-02
2.13283469643309E-02
2.11377118833755E-02
2.09457786888204E-02
2.07525437920087E-02
1.89766186623657E-02
1.87958347140442E-02
2.01649922221276E-02
2.15023992803064E-02
0.021287231155064
1.80605459592618E-02
1.63841955395586E-02
1.62117635637924E-02
1.60382012392863E-02
1.87477789557952E-02
1.85399764371151E-02
1.69207628392955E-02
1.53325827288218E-02
0.01515331954868
1.22505599311488E-02
1.07573387282019E-02
0.010624450224689
9.17937911534099E-03
9.06162512663799E-03
8.94313030307344E-03
6.30278076519946E-03
4.97366398751034E-03
4.90467754779345E-03
4.83526463167863E-03
4.76542468027336E-03
4.69515725067242E-03
5.78057753856452E-03
5.69167357004589E-03
4.48178772669179E-03
4.40980882828588E-03
4.33740255301314E-03
4.26456952365939E-03
4.19131061982807E-03
4.11762700676061E-03
4.04352016701013E-03
3.96899193525499E-03
3.89404453656796E-03
3.81868062849022E-03
3.74290334729581E-03
3.6667163588726E-03
3.59012391469086E-03
3.5131309133799E-03
2.57680722636611E-03
2.51847486229692E-03
2.45985654881249E-03
2.40095846339766E-03
2.34178757970352E-03
3.04313566638711E-03
2.96354639297331E-03
2.88362880590728E-03
2.80339766350992E-03
2.7228694574958E-03
3.30257823884069E-03
3.20124696899421E-03
3.09962155600445E-03
2.99773374628393E-03
2.89561881689824E-03
2.79331593654138E-03
3.22904227522044E-03
3.62365482947693E-03
3.97718123349945E-03
3.81306857578797E-03
4.10522232853858E-03
3.92101968531193E-03
4.15248688722659E-03
3.9489299107001E-03
3.74621270014104E-03
3.1900954154502E-03
3.00976235402421E-03
2.83082731653845E-03
2.6535488653119E-03
3.02892459885992E-03
2.81737545024839E-03
2.60899583273739E-03
3.05994331529691E-03
3.00491959367535E-03
3.28521982658499E-03
3.13828889366992E-03
2.81898616162639E-03
2.37882688561227E-03
1.98230222760435E-03
1.73030748641814E-03
1.49189031104431E-03
1.19367732547084E-03
1.12310955938632E-03
8.70382142940909E-04
6.98392470239675E-04
5.45701223275626E-04
4.37326069780078E-04
3.18460593645454E-04
2.33430833585458E-04
1.60803193994674E-04
9.75890022865991E-05
5.10149766155229E-05
2.33425892067095E-05
9.42564425915533E-06
3.2758105642109E-06
6.99124099234214E-07
8.51325294622508E-08
3.57202776315612E-09
1.88530779955619E-11
4.69045249254152E-16
1.97130450630037E-29
0
0
0
0
0
0
0
0
0
0
0
0
0
0
0
0
0
0
0
0
0
0
0
0
0
0
0
0
0
0
0
0
0
0
0
0
0
0
0
0
0
0
0
0
0
0
0
0
0
0
0
0
0
0
0
0
0
0
0
0
0
0
0
0
0
0
0
0
0
0
0
0
0
0
0
0
0
0
0
0
0
0
0
0
0
0
0
0
0
0
0
0
0
0
0
0
0
0
0
0
0
0
0
0
0
0
0
0
0
0
0
0
0
0
0
0
0
0
0
0
0
0
0
0
0
0
0
0
0
0
0
0
0
0
0
0
0
0
0
0
0
0
0
0
0
0
0
0
0
0
0
0
0
0
0
0
0
0
0
0
0
0
0
0
0
0
0
0
0
0
0
0
0
0
0
0
0
0
0
0
0
0
0
0
0
0
0
0
0
0
0
0
0
0
0
0
0
0
0
0
0
0
0
0
0
0
0
0
0
0
0
0
0
0
0
0
0
0
0
0
0
0
0
0
0
0
0
0
0
0
0
0
0
0
0
0
0
0
0
0
0
0
0
0
0
0
0
0
0
0
0
0
0
0
0
0
0
0
0
0
0
0
0
0
0
0
0
0
0
0
0
0
0
0
0
0
0
0
0
0
0
0
0
0
0
0
0
0
0
0
0
0
0
0
0
0
0
0
0
0
0
0
0
0
0
0
0
0
0
0
0
0
0
0
0
0
0
0
0
0
0
0
0
0
0
0
0
0
0
0
0
0
0
0
0
0
0
0
0
0
0
0
0
0
0
0
0
0
0
0
0
0
0
0
0
0
0
0
0
0
0
0
0
0
0
0
0
0
0
0
0
0
0
0
0
0
0
0
0
0
0
0
0
0
0
0
0
0
0
0
0
0
0
0
0
0
0
0
0
0
0
0
0
0
0
0
0
0
0
0
0
0
0
0
0
0
0
0
0
0
0
0
0
0
0
0
0
0
0
0
0
0
0
0
0
0
0
0
0
0
0
0
0
0
0
0
0
0
0
0
0
0
0
0
0
0
0
0
0
0
0
0
0
0
0
0
""
