0
0
0
0
0
0
0
0
0
0
0
0
0
0
0
0
0
0
0
0
0
0
0
0
0
0
0
0
0
0
0
0
0
0
0
0
0
0
0
0
0
0
0
0
0
0
0
0
0
0
0
0
0
0
0
0
0
0
0
0
0
0
0
0
0
0
0
0
0
0
0
0
0
0
0
0
0
0
0
0
0
0
0
0
0
0
0
0
0
0
0
0
0
0
0
0
0
0
0
0
0
0
0
0
0
0
0
0
0
0
0
0
0
0
0
0
0
0
0
0
0
0
0
0
0
0
0
0
0
0
0
0
0
0
0
0
0
0
0
0
0
0
0
0
0
0
0
0
0
0
0
0
0
0
0
0
0
0
0
0
0
0
0
0
0
0
0
0
0
0
0
0
0
0
0
0
0
0
0
0
0
0
0
0
0
0
0
0
0
0
0
0
0
0
0
0
0
0
0
0
0
0
0
0
0
0
0
0
0
0
0
0
0
0
0
0
0
0
0
0
0
0
0
0
0
0
0
0
0
0
0
0
0
0
0
0
0
0
0
0
0
0
0
0
0
0
0
0
0
0
0
0
0
0
0
0
0
0
0
0
0
0
0
0
0
0
0
0
0
0
0
0
0
0
0
0
0
0
0
0
0
0
0
0
0
0
0
0
0
0
0
0
0
0
0
0
0
0
0
0
0
0
0
0
0
0
0
0
0
0
0
0
0
0
0
0
0
0
0
0
0
0
0
0
0
0
0
0
0
0
0
0
0
0
0
0
0
0
0
0
0
0
0
0
0
0
0
0
0
0
0
0
0
0
0
0
0
0
0
0
0
0
0
0
0
0
0
0
0
0
0
0
0
0
0
0
0
0
0
3.99251473088686E-38
1.74225560894545E-18
6.4015500493029E-13
2.79378808634591E-10
9.50325408426317E-09
1.03589285250095E-07
5.77129139804361E-07
2.1454932957382E-06
5.50809234304586E-06
1.12526237933747E-05
2.04939441886577E-05
3.35169219445445E-05
5.38284976657757E-05
7.36510276743971E-05
9.19336894694748E-05
1.35939009896538E-04
1.74870180207238E-04
2.11400623700935E-04
2.40371239822726E-04
2.77050717311671E-04
3.38480623700323E-04
4.06872414790346E-04
4.48940597258371E-04
5.26755298831709E-04
5.9010303196141E-04
6.55300451448268E-04
7.47846726614079E-04
7.33675915641433E-04
7.97845360522182E-04
8.62786212216083E-04
7.49790959538216E-04
7.64813190917511E-04
7.74958545206291E-04
7.80103146441009E-04
8.26044743847909E-04
8.71922538230073E-04
9.17671501924004E-04
9.63234311804943E-04
1.06459177002232E-03
1.22226082630543E-03
1.26338106844745E-03
1.36943850772997E-03
1.40137099565544E-03
1.67646844617694E-03
2.06952023650102E-03
2.11895480206213E-03
2.36507754545478E-03
2.51882824922966E-03
2.67641286127388E-03
2.83772305517834E-03
2.74155229532932E-03
3.17109705122647E-03
3.4883005594645E-03
3.21220181043402E-03
0.003214359109241
3.20358278504089E-03
3.70929212842934E-03
3.88046496829189E-03
4.24729934862841E-03
4.63344852118737E-03
4.40928793618038E-03
4.59041026678338E-03
3.86453310129485E-03
4.25099332023932E-03
4.90220367340585E-03
5.33723384701166E-03
5.00259859031688E-03
5.17805516453844E-03
5.63709542945373E-03
6.40790721394874E-03
6.91765716623654E-03
6.82769331755509E-03
6.4002381843445E-03
6.59503665837782E-03
6.7913405604216E-03
8.03746781741592E-03
7.54768999872213E-03
8.12769859156503E-03
8.34974902170877E-03
9.74228224142439E-03
9.59785218748141E-03
1.10751216060497E-02
0.01177475250117
1.33585249156371E-02
1.45651335200908E-02
1.44597643980091E-02
1.75718939140022E-02
1.98667490699647E-02
2.07975814699909E-02
2.57065733328615E-02
1.51528117635209E-02
4.43650582628173E-02
4.47688879751417E-02
4.67670531239967E-02
4.77151441449415E-02
4.86664240755777E-02
4.96207732302923E-02
4.24390741773883E-02
4.50218883394084E-02
4.58630127216381E-02
4.60918653567988E-02
4.81777122560583E-02
4.77628953554495E-02
5.70256827315572E-02
5.80117981493835E-02
0.059000044657337
6.81708244688418E-02
6.92983478139392E-02
0.070427969942698
5.00917113391543E-02
5.45198247974658E-02
6.05392938525211E-02
6.22212925392992E-02
6.31663375649148E-02
6.79748424298102E-02
6.89793939697714E-02
6.68039725913413E-02
7.26053781783973E-02
7.36361093293523E-02
7.46678018789277E-02
7.48592653742814E-02
7.58811746013077E-02
7.60397278370781E-02
6.56689197615447E-02
6.38704822590862E-02
6.46992256118338E-02
6.55283389279727E-02
4.05519699484239E-02
0.041992164700924
3.96767997485123E-02
4.01610071251231E-02
4.45162591660491E-02
0.044067417940552
4.75587529809978E-02
4.71099002181696E-02
4.86656711949943E-02
4.92190202440416E-02
4.66614894028121E-02
4.71800125220126E-02
4.76983732456018E-02
8.25038648226795E-02
8.55561206477703E-02
7.00475889576785E-02
5.30876308812507E-02
5.47567402612869E-02
5.64484784478289E-02
0.057022348760516
5.41400597511414E-02
3.49012978877458E-02
3.52448320316352E-02
3.79606096407715E-02
3.71287007915247E-02
3.86918445527308E-02
4.14979823600287E-02
4.43493279065756E-02
0.04351586024408
2.88576849664881E-02
3.03849666647827E-02
3.32120043223489E-02
3.35065898288047E-02
3.64008524607174E-02
0.031471936169067
3.57106109911985E-02
3.73487418378642E-02
0.039008928678198
3.93347382062081E-02
4.10276289911522E-02
5.10151222763772E-02
4.86488877265419E-02
4.62373099773764E-02
4.09559408522295E-02
0.041278526238052
6.16835471254895E-02
6.21601263435514E-02
6.70057512418361E-02
6.60459597449453E-02
0.066541843026161
7.59749682589792E-02
7.65347064206442E-02
5.44187884641613E-02
5.48122451038702E-02
5.52048549986244E-02
6.17740052263754E-02
6.37635199116444E-02
6.10755929135163E-02
5.99202578562229E-02
5.71547370127416E-02
0.111887199568026
0.122293080627167
0.119866974749318
0.127179134251501
0.111598359908276
0.138749144750865
0.141301528705459
0.140526808410349
0.141412068671456
0.152458833026621
0.153402115031865
0.154342747506353
0.163907407098061
0.164894611930515
0.165878928984402
0.166860328399802
0.132504300439444
0.133274412688012
0.137616609328234
0.136604928645407
0.137378025933301
0.156326103637484
0.157195300774353
0.158061648017939
0.157077153680891
0.157927719158935
0.158775393813036
0.155864385017717
0.156686397738512
0.159403173807706
0.160229210126438
0.161052271314649
0.159945282645145
0.162689375957039
0.163503373672667
0.166270427453155
0.157259187453811
0.15802559766029
0.156804160838858
0.155560708361453
0.156299168443814
0.17112751215307
0.167880437073779
0.168656688711062
0.165347072699584
0.137389957514101
0.138008712947119
0.144831897425075
0.145472799150344
0.173245776385618
0.186577273735765
0.206330048728494
0.20509705881679
0.208088853676618
0.206829935013401
0.134891668838042
0.13544786476137
0.140318923075251
0.125714828301198
0.117514746696227
0.115797493008238
0.129415016438501
0.173961814216975
0.174635695093115
0.175306139011463
0.216068272251088
0.185580275747956
0.132411444111159
0.123891472884965
0.103998554285342
0.106645785415497
0.189010539102617
0.196541508025227
0.201823771235099
0.197928305978784
0.198615806753194
0.199299352620599
0.199978926666609
0.209987280112955
0.210690096584515
0.143274566191199
0.122536894048674
0.12766393468499
0.123331926290614
0.126105081988103
0.124117074790029
0.136477641630767
0.136901134489249
0.142140188688586
0.159488258480957
0.169664122959372
0.162877591306398
0.160920903758499
0.14182931807625
0.228075183722806
0.145108147178706
0.138121159435954
0.145929928880654
0.146336402253791
0.131817214194573
0.11471968502398
0.115029655487015
0.223152597296577
0.201117571658357
0.21928835484302
0.247654905189666
0.210286699336379
0.213360597605669
0.218989366998252
0.219533675983913
0.227750509459917
0.220608904354969
0.257139300589691
0.257751390714233
0.258358237858601
0.258959827838228
0.259556146606912
0.260147180256615
0.260732915017281
0.261313337256652
0.26188843348009
0.262458190330411
0.263022594587715
0.263581633169232
0.264135293129164
0.264683561658535
0.26522642608505
0.265763873872957
0.266295892622905
0.266822470071823
0.267343594092787
0.267859252694905
0.268369434023193
0.268874126358469
0.269373318117238
0.269866997851592
0.270355154249103
0.270837776132731
0.271314852460724
0.27178637232653
0.272252324958713
0.272712699720859
0.273167486111506
0.273616673764056
0.274060252446707
0.274498212062377
0.162209020162695
0.156953623595253
0.159951400982512
0.154668451070011
0.179792197104042
0.157894229896506
0.152573176581195
0.188902936025619
0.180820504262126
0.17549697965374
0.175733558474132
0.156414691159296
0.173399121606832
0.24082950691797
0.238328834187238
0.235816270017029
0.238913474303924
0.239198430875014
0.239478469862401
0.23693295455271
0.237199960932878
0.237462089236567
0.234889341506463
0.232305695587584
0.232547262879871
0.232784045894987
0.230174380304363
0.213332229835394
0.213535643323382
0.230833435082264
0.222486453016352
0.225539204417771
0.225734922541712
0.231645638834954
0.237561142575768
0.240616592752329
0.240804905826808
0.232381536458583
0.232553556580402
0.224101498729146
0.218507716728926
0.178376958206808
0.169857142900708
0.15268039824685
0.158539176903512
9.80641382483759E-02
9.52343306060803E-02
9.52868000825689E-02
0.101115324702633
0.10116680814286
0.101216206837051
8.96905460066217E-02
9.26251388642148E-02
9.84561155686003E-02
9.27021100315487E-02
9.56357841113978E-02
0.104367868440227
0.104403639352278
0.121843467950873
0.133487814468043
0.130622546275507
0.136463449751016
0.261375498407487
0.2440037784134
0.252768206525658
0.252813003045957
0.252852587635987
0.261607199395602
0.267451526679856
0.282013631903419
0.28203451391649
0.238433666677485
0.238441488333099
0.238444394083224
0.183193538821787
8.72324845309533E-02
8.14129419808801E-02
8.14072199333064E-02
8.43069559590671E-02
8.42975531635644E-02
8.71928404838398E-02
9.58974698597351E-02
9.58808381840973E-02
9.00523977614257E-02
0.075511599363807
6.96866073132455E-02
7.54744935492115E-02
8.70618538538081E-02
8.41347603214966E-02
8.70082699696379E-02
8.69787875188842E-02
8.98457626655359E-02
9.56058893678179E-02
0.101359517143962
9.84219949986983E-02
9.54849473778208E-02
9.54406964909135E-02
8.67222534223898E-02
9.24570135548009E-02
8.95206228976859E-02
9.23578521829453E-02
0.089420872185839
8.64853864653304E-02
9.79570182796812E-02
9.50159751919804E-02
8.91992717773477E-02
9.20147353473223E-02
9.19509077172047E-02
8.90137741076354E-02
0.109033366975739
0.117552211190736
0.103136257091997
9.73286028155172E-02
9.15282226526515E-02
8.85933208929162E-02
8.56614698557551E-02
8.55857044644995E-02
8.55081773540596E-02
8.54288902604464E-02
7.96579886290677E-02
7.67385389411741E-02
8.23411374733271E-02
7.37482877526541E-02
0.073671969460748
8.77468539921437E-02
7.63422797806577E-02
7.62583100901015E-02
7.33515583173274E-02
7.32676800359922E-02
7.31822952774853E-02
6.74726824275253E-02
0.06739108989149
5.88945981558369E-02
5.32188029994702E-02
5.59483406090531E-02
5.86695259789983E-02
5.85920890015335E-02
0.055727093767358
5.28685007737263E-02
6.11312573082565E-02
5.82703233165323E-02
5.81868865464174E-02
6.36358035040937E-02
7.45925550618591E-02
7.44806796642449E-02
7.71216196704909E-02
7.70024339009319E-02
7.41358948700327E-02
7.95007315097731E-02
0.082109369299374
8.74399139289239E-02
8.45667487715378E-02
7.89776158155205E-02
7.06866339266262E-02
6.51362789892997E-02
6.77312743819527E-02
7.30197409628736E-02
7.28882107286771E-02
7.54498252574004E-02
0.069931023016333
6.17462098539895E-02
0.061629097929789
5.88363463592965E-02
0.053383561742061
4.79506002842465E-02
4.78550151669832E-02
4.51052050623437E-02
4.76609142675657E-02
4.49200472445195E-02
4.21892629219064E-02
3.94687250298132E-02
0.039384210863695
4.19188196795773E-02
3.92127747667753E-02
3.65174663606989E-02
3.64355988404978E-02
3.63529891267249E-02
3.88603276539341E-02
3.36008686324469E-02
3.35221028660892E-02
3.34426551750515E-02
3.84952239439119E-02
3.84019863136893E-02
4.08618329000538E-02
4.07607170575483E-02
4.82822936306926E-02
4.81602557921827E-02
4.55089650306535E-02
4.53915016609416E-02
4.52731181527267E-02
4.26452718999733E-02
4.00298683960286E-02
3.99221999310069E-02
3.73253659270777E-02
3.47413868802549E-02
2.96957685096644E-02
3.20803225212779E-02
3.44503183279418E-02
2.69907798810934E-02
0.031806164010895
3.17134923294899E-02
3.16201815865241E-02
2.91011391014726E-02
2.65960131572713E-02
2.65154471394827E-02
2.88374706220488E-02
3.11441211696265E-02
3.10470238550238E-02
3.09493035885163E-02
2.84778117671235E-02
2.83864649810552E-02
3.06524289499455E-02
2.82020684719774E-02
3.04514418685193E-02
3.03500344960332E-02
3.02480212212165E-02
2.78265272840778E-02
3.00421870390438E-02
2.76354195861279E-02
0.027539039694119
3.20157976740804E-02
0.034180799740099
3.40582807810506E-02
3.39350865496433E-02
3.83193828151625E-02
3.59324636094949E-02
3.57989154033511E-02
3.78937014850543E-02
3.33090951142357E-02
3.31819148652271E-02
3.30540814386058E-02
3.51206379593404E-02
3.49828992927745E-02
0.037022254039073
3.68744522229453E-02
3.45655800922152E-02
3.44251178731984E-02
3.21412347833055E-02
3.20082950943906E-02
0.031874732391221
2.75084767977539E-02
2.94987017525513E-02
2.72742956198787E-02
2.92453666147764E-02
2.70380034415757E-02
2.69190735019575E-02
2.67996251879555E-02
2.46273800059578E-02
2.45161718349255E-02
2.44044940179969E-02
2.42923495501854E-02
2.21647629946557E-02
0.020055560627671
1.99609554382136E-02
2.18525686973422E-02
2.17476726853167E-02
2.16423658161629E-02
2.54524057054399E-02
3.31199116917937E-02
3.10167404956809E-02
2.89323926276925E-02
2.87860507946104E-02
2.86391728089945E-02
2.65923119423338E-02
0.028343824909504
3.38344360066268E-02
3.36556587633464E-02
2.97566784565105E-02
2.95966707986721E-02
2.94361227546319E-02
2.37859691592112E-02
2.54742460937565E-02
2.71418277129504E-02
2.69893313206338E-02
2.50472603843377E-02
2.31251709087884E-02
2.12231625402248E-02
2.10996368025129E-02
1.74797817509667E-02
1.56386026291313E-02
1.55451275863415E-02
1.54513812951452E-02
1.70637406960813E-02
0.013567187977658
0.013483150007825
1.33988812631573E-02
1.16500863336764E-02
1.32296620222956E-02
1.31447168684707E-02
1.30595516252208E-02
1.29741690211385E-02
1.28885718084182E-02
1.44031081086306E-02
1.43063377718482E-02
1.26305204022676E-02
0.012544092762189
1.09002815616104E-02
1.23706389432069E-02
1.68899755677275E-02
1.67700590085411E-02
1.66498829705252E-02
1.50267741755773E-02
1.93921816102039E-02
1.77685522620708E-02
1.61666674079335E-02
1.45865971431756E-02
1.59236122637412E-02
1.58017380108637E-02
1.56796385265492E-02
1.55573182828278E-02
0.015434781796935
0.01392003057473
1.38082530899801E-02
1.64355499151644E-02
1.63009804464146E-02
1.61662004913822E-02
0.016031215295335
1.58960301603191E-02
1.83874255207551E-02
1.43229914416509E-02
1.29077741825941E-02
1.66328481877323E-02
2.02897268020419E-02
2.63917937703483E-02
2.61530391373864E-02
2.59140126838611E-02
2.93425424979607E-02
2.90687834772078E-02
0.031194311918755
3.08971570208521E-02
3.88381198151698E-02
4.07912166732189E-02
3.92361548858275E-02
0.038846255317302
3.84560730123904E-02
4.03047810967698E-02
4.21072802076975E-02
4.27669608243264E-02
4.23183179748516E-02
4.07958846103425E-02
3.92962876610613E-02
3.78195632720011E-02
3.94828094088611E-02
3.80173545243724E-02
3.86067972492791E-02
3.51553569920227E-02
3.47517791221133E-02
0.035329557909292
3.39445865833739E-02
2.97077591399081E-02
0.029350357571092
2.80577631792146E-02
2.67883047334382E-02
2.46297796453879E-02
0.029723025489041
3.11215249134685E-02
3.24741918963693E-02
2.77178179805467E-02
2.73500816213111E-02
2.69826037451154E-02
2.66154100357532E-02
2.70687930948204E-02
2.42643564079421E-02
2.79079037737107E-02
2.51500069503543E-02
2.40101160678651E-02
2.21303652436042E-02
0.052620899755878
3.18352260154525E-02
3.06179098687085E-02
2.87063755710427E-02
2.89599271535722E-02
2.78015901539917E-02
2.80341853883921E-02
2.82451399725307E-02
2.77732965809448E-02
2.73024618177369E-02
0.026193809262939
2.57362926527392E-02
3.26788967557399E-02
2.84575646487544E-02
2.55595052885754E-02
2.45013387765121E-02
2.40389395755741E-02
2.35779554924772E-02
2.31184427241247E-02
2.21209240684534E-02
0.022732730794948
3.41774943212762E-02
3.34655772163559E-02
2.43191800907327E-02
1.16546198734157E-02
0.01187384689541
1.16086391505244E-02
1.08908615678755E-02
1.06386380044858E-02
1.12533037502121E-02
1.09828179166888E-02
1.11258502569816E-02
1.16515804381408E-02
1.13549020343346E-02
1.10600101582557E-02
1.11382390913597E-02
1.22820031459757E-02
1.22942429198017E-02
0.01160634061618
9.61449497605695E-03
1.02969758106406E-02
1.02994300167328E-02
1.48228500069555E-02
1.37706555256591E-02
1.53124108668863E-02
2.65994700094264E-02
2.57020894501464E-02
2.45579522109383E-02
2.46750322812304E-02
2.37788000432874E-02
2.28928166979226E-02
2.20174044308762E-02
2.11528946421295E-02
1.31947583020295E-02
1.28422505801512E-02
1.54614364608162E-02
1.51392158749933E-02
1.58157216110268E-02
1.50795384083631E-02
1.54364584939666E-02
1.46722665773101E-02
1.39224030531105E-02
1.31872994614338E-02
1.24673973313135E-02
1.17631479128409E-02
1.10750118014893E-02
1.04034584359769E-02
9.74896544810837E-03
9.11201783981704E-03
8.49310695891709E-03
7.89272924091175E-03
7.31138467946773E-03
6.74957498285978E-03
6.20780136775683E-03
5.68656193515321E-03
5.39727944171604E-03
5.14437230828573E-03
4.89037726226544E-03
4.49653724798762E-03
4.38040990696405E-03
4.12519021198834E-03
3.71558074016193E-03
3.61653490796992E-03
3.36417135544603E-03
3.11393747673061E-03
2.86653484850184E-03
2.62273946977128E-03
2.38340543834415E-03
2.14946748377155E-03
1.92194175980815E-03
1.7019241065249E-03
1.49058475368702E-03
1.28915815055743E-03
1.09892627813892E-03
9.21193447986984E-04
7.57250264248831E-04
6.08324216795182E-04
4.75514455245135E-04
3.59708959398008E-04
2.61484037942736E-04
1.80989538410182E-04
1.17829213634031E-04
7.09551931796668E-05
3.86084747396428E-05
1.8351198129541E-05
7.2426929725414E-06
2.19161834412946E-06
4.4518066673761E-07
4.77834593885949E-08
1.67886196426488E-09
6.31129095264719E-12
8.82701618016125E-17
2.2160208247332E-31
0
0
0
0
0
0
0
0
0
0
0
0
0
0
0
0
0
0
0
0
0
0
0
0
0
0
0
0
0
0
0
0
0
0
0
0
0
0
0
0
0
0
0
0
0
0
0
0
0
0
0
0
0
0
0
0
0
0
0
0
0
0
0
0
0
0
0
0
0
0
0
0
0
0
0
0
0
0
0
0
0
0
0
0
0
0
0
0
0
0
0
0
0
0
0
0
0
0
0
0
0
0
0
0
0
0
0
0
0
0
0
0
0
0
0
0
0
0
0
0
0
0
0
0
0
0
0
0
0
0
0
0
0
0
0
0
0
0
0
0
0
0
0
0
0
0
0
0
0
0
0
0
0
0
0
0
0
0
0
0
0
0
0
0
0
0
0
0
0
0
0
0
0
0
0
0
0
0
0
0
0
0
0
0
0
0
0
0
0
0
0
0
0
0
0
0
0
0
0
0
0
0
0
0
0
0
0
0
0
0
0
0
0
0
0
0
0
0
0
0
0
0
0
0
0
0
0
0
0
0
0
0
0
0
0
0
0
0
0
0
0
0
0
0
0
0
0
0
""
