0
0
0
0
0
0
0
0
0
0
0
0
0
0
0
0
0
0
0
0
0
0
0
0
0
0
0
0
0
0
0
0
0
0
0
0
0
0
0
0
0
0
0
0
0
0
0
0
0
0
0
0
0
0
0
0
0
0
0
0
0
0
0
0
0
0
0
0
0
0
0
0
0
0
0
0
0
0
0
0
0
0
0
0
0
0
0
0
0
0
0
0
0
0
0
0
0
0
0
0
0
0
0
0
0
0
0
0
0
0
0
0
0
0
0
0
0
0
0
0
0
0
0
0
0
0
0
0
0
0
0
0
0
0
0
0
0
0
0
0
0
0
0
0
0
0
0
0
0
0
0
0
0
0
0
0
0
0
0
0
0
0
0
0
0
0
0
0
0
0
0
0
0
0
0
0
0
0
0
0
0
0
0
0
0
0
0
0
0
0
0
0
0
0
0
0
0
0
0
0
0
0
0
0
0
0
0
0
0
0
0
0
0
0
0
0
0
0
0
0
0
0
0
0
0
0
0
0
0
0
0
0
0
0
0
0
0
0
0
0
0
0
0
0
0
0
0
0
0
0
0
0
0
0
0
0
0
0
0
0
0
0
0
0
0
0
0
0
0
0
0
0
0
0
0
0
0
0
0
0
0
0
0
0
0
0
0
0
0
0
0
0
0
0
0
0
0
0
0
0
0
0
0
0
0
0
0
0
0
0
0
0
0
0
0
0
0
0
0
0
0
0
0
0
0
0
0
0
0
0
0
0
0
0
0
0
0
0
0
0
0
0
0
0
0
0
0
0
0
0
0
0
0
0
0
0
0
0
0
0
0
0
0
0
0
0
0
0
0
0
0
0
0
0
0
0
0
0
0
1.28647696884132E-38
8.04901714074214E-19
3.96995351894753E-13
2.01354096313219E-10
7.67939723980862E-09
9.10330082500838E-08
5.54496624517915E-07
1.90710515176729E-06
5.1408861868428E-06
1.11389609267749E-05
2.09209013592548E-05
3.45981129750137E-05
5.38284976657757E-05
7.93794409379613E-05
1.10093430599248E-04
1.45001610556308E-04
1.16580120138159E-04
1.40933749133956E-04
1.72117677897754E-04
1.95356275027461E-04
3.55195716228734E-04
4.55309607027291E-04
5.26535268389448E-04
5.95735159393004E-04
6.60353392909197E-04
7.48914801655163E-04
8.25210181091397E-04
7.52488118606597E-04
8.08074147195543E-04
8.84908935606239E-04
9.52115504175513E-04
1.00700403470806E-03
1.01968229632407E-03
7.80103146441009E-04
7.18964869645403E-04
6.29721833166164E-04
6.79756668091855E-04
6.77831552751627E-04
7.47081943875315E-04
8.14840550870288E-04
7.53595725038831E-04
7.4478234630928E-04
8.04490756765161E-04
9.49998786166931E-04
1.0197635947976E-03
1.09158277681989E-03
1.1996770158104E-03
1.1681522315268E-03
1.0860805813865E-03
1.15153979050715E-03
1.17495098371257E-03
1.2408640635234E-03
1.35656132868064E-03
1.47863257940614E-03
1.55360690279982E-03
1.57368978914289E-03
1.70745193213414E-03
1.72465109701862E-03
1.86623759257915E-03
2.14884569098545E-03
1.67972873759252E-03
1.74872772067938E-03
1.66705349467621E-03
1.73188616750491E-03
1.87917807480557E-03
1.94851394414712E-03
1.93082752608722E-03
2.08939068042779E-03
1.87903180981791E-03
1.8447005615913E-03
1.8046062172791E-03
1.65519838001336E-03
1.81340081889761E-03
1.86859371987372E-03
1.81102414944576E-03
1.98024569414595E-03
2.03667825362343E-03
2.09349812206978E-03
2.15069292983408E-03
1.68866225518023E-03
1.86624903645472E-03
1.91421854919378E-03
2.24281000022285E-03
2.29824084570101E-03
2.20683841213498E-03
2.25933818718893E-03
2.15795188417571E-03
2.20741656332941E-03
2.25710186496025E-03
2.30700017089783E-03
2.18873947695302E-03
2.0634910819915E-03
2.1067711988302E-03
2.68776167379291E-03
2.3766163750354E-03
2.23753673910702E-03
2.47153276625977E-03
2.32542872204867E-03
2.17210864795391E-03
2.61499633939165E-03
3.07279102378659E-03
3.54554592360602E-03
3.18419302369663E-03
3.45610198373074E-03
3.73560821416484E-03
3.57576028226285E-03
3.63577730500489E-03
3.69591188341009E-03
3.75615839694389E-03
3.57797938136817E-03
3.8769653189309E-03
3.69142035686104E-03
3.74827063489754E-03
3.8052010581274E-03
3.86220695623921E-03
3.65799816506364E-03
3.18114155196863E-03
3.22690569681766E-03
3.27271597019344E-03
3.31856897239679E-03
3.36446136513624E-03
3.12619071391155E-03
3.74438053743188E-03
3.79420425288925E-03
3.84405680263019E-03
4.19346832669293E-03
3.94383521325762E-03
3.99375461613265E-03
4.35474300602175E-03
4.40853330539026E-03
4.14359597322699E-03
4.19356064607709E-03
4.56995445309428E-03
4.29349853300675E-03
4.67757874506648E-03
3.71751654961762E-03
2.39259126186313E-03
2.07384397345832E-03
2.09688944542278E-03
2.11992769980452E-03
2.14295752786181E-03
2.16597773791823E-03
0.004013143117367
4.0553051367622E-03
4.09744314880378E-03
3.76323189652193E-03
3.80148991736773E-03
3.83972054972634E-03
3.87792198752731E-03
4.30770169275541E-03
3.55880715382232E-03
3.59310007659916E-03
4.03040047424279E-03
4.06842964314007E-03
4.10641925060885E-03
4.14436764229333E-03
3.7640458651941E-03
3.79812083309783E-03
3.40635941767681E-03
3.43657331577484E-03
3.03340437172645E-03
2.62266134742225E-03
2.64523044379248E-03
2.66776727413316E-03
0.003138649433878
3.16486399360295E-03
3.19103781042295E-03
3.21716987328505E-03
3.24325918176946E-03
3.73634828100012E-03
3.29530558581157E-03
3.32126073179729E-03
4.30350328782485E-03
4.81861444523654E-03
5.3410381424652E-03
5.87075197732847E-03
5.42192795027978E-03
5.46225261992661E-03
5.50249523285677E-03
5.03877670964457E-03
6.59777024398438E-03
6.64502884242701E-03
0.006692183899524
6.73923381179982E-03
6.26416337574526E-03
6.30739556381294E-03
6.35052633474907E-03
6.92635044944924E-03
6.9728510883911E-03
7.01923726009522E-03
7.06550745841673E-03
7.11166019023328E-03
6.60710213099358E-03
8.86597827171507E-03
7.24939884656562E-03
7.29506703463859E-03
7.9052728236026E-03
8.52233972399252E-03
9.14623688926536E-03
9.20181934585608E-03
8.10008620009548E-03
8.14843861677766E-03
8.78212254735801E-03
8.83362002929628E-03
8.88496084586745E-03
8.93614346287231E-03
8.38802193436711E-03
8.43549282046588E-03
8.48281182528985E-03
8.52997756139899E-03
9.18963069871736E-03
9.85582140742843E-03
1.11478389994542E-02
1.12076748573908E-02
1.18932663266531E-02
1.32145154719227E-02
1.32835978173088E-02
1.39882643761176E-02
0.013421022609554
1.41317117196513E-02
1.35574479964199E-02
1.49229269621878E-02
1.43448996234094E-02
1.37601789022084E-02
1.31687998050241E-02
1.32324186361905E-02
1.26309976874684E-02
1.20230129572165E-02
1.34217656590643E-02
1.48328097012978E-02
1.49013941833067E-02
0.015650134453047
0.015721238919524
1.57920417800186E-02
1.37935140404834E-02
1.66254627600393E-02
1.66983880853607E-02
1.74697821849967E-02
1.75450721707903E-02
1.83248231245242E-02
1.98179860644398E-02
1.99011621318737E-02
2.14113760060385E-02
3.22494916098499E-02
3.45400426031387E-02
3.54024516480384E-02
3.48191842062895E-02
3.71425920969821E-02
6.36107707918057E-02
6.23913679681135E-02
0.059685617310305
6.06544447212657E-02
6.08852176102722E-02
6.26053942282262E-02
6.35874166635509E-02
6.45737373824665E-02
5.95354042647974E-02
5.97518939562004E-02
6.37625915044973E-02
6.24666808452271E-02
6.26876865199928E-02
0.06290744608628
6.31259540843485E-02
6.33432050964695E-02
4.57316150129067E-02
3.49978800188258E-02
3.74560171705805E-02
3.91460563363933E-02
3.77036597072844E-02
3.54622040791638E-02
3.39953386570283E-02
3.25176626510203E-02
3.26205132460973E-02
3.27227093968506E-02
3.36248400499909E-02
3.05159727128038E-02
3.30253464531274E-02
3.07011270116959E-02
3.16031147310922E-02
0.030071077975073
2.93439968433621E-02
2.94290559642331E-02
2.86937014195181E-02
2.95973913077044E-02
3.05051263761819E-02
2.81098173820841E-02
2.90163679044658E-02
2.74329681579082E-02
2.83406397576705E-02
2.34017705030119E-02
2.34637166934749E-02
2.01644464223467E-02
1.93743633311643E-02
1.94240726294648E-02
1.86267188385901E-02
1.95223079106969E-02
1.87199258590934E-02
0.018765959580967
1.79565387265672E-02
1.79997510412784E-02
1.71834260476155E-02
1.63626883977114E-02
1.64007890964211E-02
0.013842994485702
1.38745162803528E-02
1.56439749010369E-02
1.56788002353991E-02
0.016586267453739
1.66223520542593E-02
0.017534839639181
1.75721088779488E-02
1.40872156335554E-02
1.32341780829267E-02
1.41454093912027E-02
1.41740732732244E-02
1.50901005819646E-02
1.42305317371639E-02
0.014258325018282
1.51786909860446E-02
1.52076012613143E-02
1.70286946693697E-02
1.79582212078159E-02
1.70915765306008E-02
1.62213092549462E-02
1.53474739808547E-02
1.53745083061077E-02
1.54012277651701E-02
1.54276317476604E-02
1.45446773184458E-02
1.63900491666903E-02
1.64170004258433E-02
1.82706834964471E-02
1.92148748443664E-02
2.01615731275667E-02
2.01928638543601E-02
1.93044794289238E-02
1.93335563837514E-02
1.93622366112045E-02
1.84671613914042E-02
1.84937183734782E-02
1.85198956887862E-02
1.85456927448334E-02
2.04282198538746E-02
0.020455758129264
2.23449558798994E-02
2.23740802073331E-02
2.24027448295786E-02
0.023365571979141
2.33944712318482E-02
2.34228896376396E-02
0.023450826556374
2.34782813590589E-02
2.35052534278482E-02
2.35317421560395E-02
2.54423667039179E-02
2.26399365307434E-02
4.72166047942243E-02
4.82110179141197E-02
4.92063836851191E-02
5.11498622898585E-02
5.68885946227716E-02
6.35861693451849E-02
3.60974096013417E-02
3.51794818872009E-02
3.52107618711289E-02
3.42888489936778E-02
3.24113239522158E-02
3.53002501016201E-02
3.43737989646184E-02
3.44007008324011E-02
3.25142890518181E-02
3.34953682317451E-02
3.54348523631555E-02
2.87510153590691E-02
2.20573657997666E-02
2.20718321283405E-02
2.01653356175085E-02
2.01777134240833E-02
1.73054361614781E-02
1.34674810958093E-02
1.25124080916505E-02
1.15560371088723E-02
0.012525414341497
1.25315303703015E-02
1.25373881514633E-02
1.35078327510313E-02
1.54440965597804E-02
1.54503516719248E-02
1.83543424052178E-02
1.73946447400378E-02
1.83673069230859E-02
1.83732213576713E-02
2.12806660746156E-02
2.12866371708233E-02
2.22599953494566E-02
2.22653202347118E-02
2.22701861250325E-02
1.93692112280198E-02
1.84040117159892E-02
2.03444610741599E-02
1.84093955130239E-02
1.74424908704254E-02
1.74441421795929E-02
1.55070523115596E-02
1.16309105696334E-02
1.06620177709922E-02
1.06621477029084E-02
1.16313357982087E-02
1.26002477655821E-02
1.25996219732314E-02
1.25987364182498E-02
1.16285456495265E-02
1.16272487122158E-02
0.011625712064512
1.06552744288595E-02
1.16219197798906E-02
1.06513588750073E-02
1.06490717051523E-02
1.06465650061903E-02
1.06438388338632E-02
1.06408932487988E-02
1.06377283165111E-02
1.16011026626184E-02
9.66430972432047E-03
9.66083469521891E-03
1.06228765964242E-02
1.06186160817484E-02
1.06141367155459E-02
9.64494417957786E-03
9.64047439302157E-03
7.70864474865687E-03
7.70475112956674E-03
7.70069874388695E-03
7.69648768191211E-03
7.69211803749153E-03
6.7266411695257E-03
6.7225404701742E-03
6.71830127620063E-03
6.71392368216596E-03
5.75092095920764E-03
6.70475368771284E-03
6.69996149197255E-03
6.69503130552786E-03
7.64567227256817E-03
7.6397227475553E-03
7.63361590709938E-03
7.62735188772096E-03
8.57354718318544E-03
9.5179410950839E-03
1.04604749901055E-02
1.04509994543851E-02
8.54288902604464E-03
7.58647510753026E-03
8.52650432679712E-03
8.51804870413729E-03
7.56392694899016E-03
7.55609943187159E-03
7.54811647244247E-03
7.53997824994151E-03
7.53168494717052E-03
7.52323675049511E-03
7.51463384984536E-03
7.50587643871644E-03
7.49696471416948E-03
8.42388623643625E-03
8.41351402226241E-03
4.6683160525851E-03
4.6623617174211E-03
4.65631158563479E-03
6.51023211128151E-03
6.50149427285843E-03
7.42014045947035E-03
7.40984937069776E-03
7.39940613543267E-03
9.23601373752657E-03
9.2225802179846E-03
9.20895741504433E-03
1.01146602013172E-02
1.10173742386416E-02
1.19170433418109E-02
1.18983534976596E-02
1.00518166276725E-02
1.00355895810346E-02
1.00191568043559E-02
9.09319879263847E-03
8.17009818781247E-03
8.15615006845687E-03
9.95137595669857E-03
9.9339202426864E-03
1.26206959688917E-02
1.25979623481664E-02
1.25749708762334E-02
1.43448252341196E-02
1.52128343118525E-02
1.42908053170525E-02
1.33718968998401E-02
1.42356164645496E-02
1.42075852694064E-02
1.41792637531802E-02
1.41506525685784E-02
1.32391428521016E-02
1.32117786013292E-02
1.31841446630958E-02
1.31562416766044E-02
1.40032749737582E-02
1.39729398931924E-02
1.39423199170757E-02
1.30419522716782E-02
1.47477423878205E-02
1.55798524828821E-02
1.55441310615736E-02
1.37849717466449E-02
1.37526575860879E-02
1.37200636615596E-02
1.28317413146373E-02
1.28006621045631E-02
1.44718991521024E-02
0.014436087291215
1.60940978768975E-02
1.60534185973942E-02
1.68551722335754E-02
1.51305005536472E-02
1.50910393842422E-02
1.42150906333244E-02
1.41772450569268E-02
1.41391124755649E-02
1.49301463708311E-02
1.48891658058235E-02
1.31981193376286E-02
1.31611579574473E-02
1.39441764660717E-02
1.39043411508663E-02
1.79419386728126E-02
1.78896623397123E-02
1.54047038498451E-02
1.53589345257772E-02
1.53128560602471E-02
1.60699679633228E-02
1.60208170122494E-02
1.51727769800744E-02
0.015921550694884
1.50778658508156E-02
1.50299562104263E-02
0.014981745406668
1.41472748999748E-02
1.56678158177652E-02
1.40545116316243E-02
1.40077082289384E-02
1.62873960421935E-02
1.46862227332633E-02
1.30953122990704E-02
1.30500592490048E-02
1.14745998725496E-02
1.06719325580268E-02
1.06340265858086E-02
1.05959095763268E-02
1.13116955165478E-02
1.12704067103419E-02
1.27260808616961E-02
0.011932971801117
1.26312338283514E-02
1.25834359320446E-02
1.25353900601969E-02
1.24870974323622E-02
1.31702392347527E-02
1.23897768328576E-02
1.23407513463577E-02
1.22914840743151E-02
1.15218600307384E-02
1.21922292467578E-02
1.14279945896197E-02
1.20920225912142E-02
1.13332381835453E-02
0.011990874501585
1.12376006676386E-02
1.18887955266138E-02
1.32300468019227E-02
1.24790785114965E-02
1.17339551162379E-02
1.09947180258279E-02
1.09455022248701E-02
1.02150715978856E-02
1.01685391741654E-02
1.01218123125773E-02
0.010074892270298
1.06962990014245E-02
1.13112080816544E-02
1.05951848229538E-02
1.12033465348601E-02
1.18049268088161E-02
1.10946383844225E-02
1.16893805971037E-02
1.29236418732004E-02
1.28588411678633E-02
1.27938003531602E-02
1.33649473108641E-02
1.45624565398495E-02
0.020785471600303
1.87969088925704E-02
1.80743352617972E-02
1.92178548364963E-02
1.91145165574757E-02
1.90108292790331E-02
1.82968993532394E-02
1.88024197358679E-02
1.93008552625425E-02
2.27909908929797E-02
2.20654436719165E-02
2.13463116081123E-02
2.12231625402248E-02
2.16857378248049E-02
2.21410568845578E-02
2.14306776769577E-02
2.13025822479495E-02
2.11741151081619E-02
2.10452801918335E-02
0.020916081465556
5.39326000312999E-02
5.13623781754364E-02
0.050483707445931
4.57525811604389E-02
4.49111159672749E-02
4.46201347195046E-02
4.64907723257465E-02
4.45729775041131E-02
4.42762212228274E-02
4.45086064013054E-02
4.47330930913642E-02
4.49496657311773E-02
0.045677370353415
0.051544328930029
5.11817441446289E-02
5.08183606319427E-02
4.99496489115755E-02
5.00892472519244E-02
4.97235425902664E-02
4.93570896168632E-02
4.89899012361623E-02
4.86219904772521E-02
4.82533704961856E-02
4.78840545783749E-02
4.75140561410583E-02
4.71433887358418E-02
4.67720660513182E-02
4.64001019157666E-02
4.60275102999337E-02
0.045654305319901
4.52805012400405E-02
4.49061124760618E-02
4.45311535981529E-02
4.41556393342198E-02
4.37795845732263E-02
4.34030043686392E-02
3.70022859901032E-02
3.49716295229242E-02
3.50843192618642E-02
3.47701409990303E-02
3.19648256123611E-02
3.29066827731569E-02
3.21952896852624E-02
3.22986483080087E-02
0.031994166070518
3.20855092139618E-02
3.13843392445817E-02
3.10790222272144E-02
3.07734548124137E-02
1.98039732990167E-02
2.14901584481005E-02
2.08987753835103E-02
2.14230022109338E-02
1.16969465502431E-02
1.04891557373564E-02
1.00200418341192E-02
1.94711335257511E-02
0.019259962777408
1.83560429707863E-02
1.81524305386643E-02
1.82874302759743E-02
2.07584012714801E-02
2.05200981482955E-02
3.20583025473205E-02
3.16816141444823E-02
3.16243887618376E-02
3.15595242699914E-02
3.11752924213495E-02
0.030791154866021
2.76704931818556E-02
2.70209322627645E-02
1.68945420958829E-02
2.92560287354678E-02
2.88727270630695E-02
2.84896683555324E-02
2.81068789011618E-02
2.77243854539096E-02
2.73422152472933E-02
2.69603960088245E-02
2.65789559749625E-02
0.026197923906619
2.58173291052313E-02
2.54372014294301E-02
2.50575713123229E-02
2.46784697794205E-02
0.024299928467229
2.39219796425356E-02
2.35446562224165E-02
2.31679917949931E-02
2.27920206409692E-02
2.24167777559768E-02
2.20422988737657E-02
2.16686204902674E-02
2.12957798885683E-02
2.09238151648286E-02
2.05527652551824E-02
2.01826699636556E-02
1.98135699911438E-02
1.94455069654858E-02
1.90785234726779E-02
1.87126630892676E-02
0.018347970415972
1.79844911125637E-02
1.76222719340682E-02
1.72613607683213E-02
1.69018066749272E-02
1.65436599256685E-02
1.61869720464107E-02
1.58317958605466E-02
1.54781855340326E-02
1.51261966220493E-02
1.47758861173414E-02
1.44273125002719E-02
1.40805357906266E-02
1.37356176012119E-02
1.33926211932653E-02
1.30516115337179E-02
1.25855288007737E-02
1.23758212126219E-02
1.20411795548781E-02
1.17088027807636E-02
1.13787653099804E-02
1.10511436506402E-02
1.07260164694173E-02
1.04034646633665E-02
1.00835714333031E-02
8.00846633407127E-03
7.84524754291086E-03
7.86101175536313E-03
7.59580650416696E-03
3.83718003295911E-03
3.37225441176815E-03
3.32903200606024E-03
4.27332578361221E-03
5.94469919633658E-03
5.71128155337497E-03
5.41323417519158E-03
5.12392826177752E-03
4.84334154194241E-03
4.69018844754693E-03
4.4782867644126E-03
4.21578493137032E-03
4.11638893172443E-03
3.86369686535833E-03
3.66623280398577E-03
3.47265552484423E-03
3.32463928835028E-03
3.05841845733863E-03
2.76875295037234E-03
0.002704899193354
2.56722756800187E-03
2.42987142395121E-03
2.37806994849678E-03
2.20996418745529E-03
2.04718771025096E-03
1.88988099520074E-03
1.71749171174606E-03
1.57328213539239E-03
1.47525638073572E-03
1.49186796940286E-03
1.41820940605698E-03
1.39068162308895E-03
1.34332570480231E-03
1.29255959975635E-03
1.14821765928615E-03
1.04879512331128E-03
1.08774873826088E-03
1.0068397841429E-03
9.17291151520588E-04
8.13049235629096E-04
7.38855685886685E-04
6.59170028356609E-04
5.38143692746281E-04
4.82211830182056E-04
4.32269578569236E-04
3.69558669826463E-04
3.11362445472694E-04
2.61004810262979E-04
2.27175079274649E-04
1.82497265038554E-04
1.47409481125992E-04
1.10310747548722E-04
8.28032786818664E-05
5.85199507526255E-05
3.88836404992301E-05
2.36517310598889E-05
1.28694915798809E-05
6.11706604318032E-06
2.41423099084713E-06
7.30539448043153E-07
1.48393555579203E-07
1.59278197961983E-08
5.59620654754961E-10
2.1037636508824E-12
2.94233872672042E-17
7.386736082444E-32
0
0
0
0
0
0
0
0
0
0
0
0
0
0
0
0
0
0
0
0
0
0
0
0
0
0
0
0
0
0
0
0
0
0
0
0
0
0
0
0
0
0
0
0
0
0
0
0
0
0
0
0
0
0
0
0
0
0
0
0
0
0
0
0
0
0
0
0
0
0
0
0
0
0
0
0
0
0
0
0
0
0
0
0
0
0
0
0
0
0
0
0
0
0
0
0
0
0
0
0
0
0
0
0
0
0
0
0
0
0
0
0
0
0
0
0
0
0
0
0
0
0
0
0
0
0
0
0
0
0
0
0
0
0
0
0
0
0
0
0
0
0
0
0
0
0
0
0
0
0
0
0
0
0
0
0
0
0
0
0
0
0
0
0
0
0
0
0
0
0
0
0
0
0
0
0
0
0
0
0
0
0
0
0
0
0
0
0
0
0
0
0
0
0
0
0
0
0
0
0
0
0
0
0
0
0
0
0
0
0
0
0
0
0
0
0
0
0
0
0
0
0
0
0
0
0
0
0
0
0
0
0
0
0
0
0
0
0
0
0
0
0
0
0
0
0
0
0
""
