0
0
0
0
0
0
0
0
0
0
0
0
0
0
0
0
0
0
0
0
0
0
0
0
0
0
0
0
0
0
0
0
0
0
0
0
0
0
0
0
0
0
0
0
0
0
0
0
0
0
0
0
0
0
0
0
0
0
0
0
0
0
0
0
0
0
0
0
0
0
0
0
0
0
0
0
0
0
0
0
0
0
0
0
0
0
0
0
0
0
0
0
0
0
0
0
0
0
0
0
0
0
0
0
0
0
0
0
0
0
0
0
0
0
0
0
0
0
0
0
0
0
0
0
0
0
0
0
0
0
0
0
0
0
0
0
0
0
0
0
0
0
0
0
0
0
0
0
0
0
0
0
0
0
0
0
0
0
0
0
0
0
0
0
0
0
0
0
0
0
0
0
0
0
0
0
0
0
0
0
0
0
0
0
0
0
0
0
0
0
0
0
0
0
0
0
0
0
0
0
0
0
0
0
0
0
0
0
0
0
0
0
0
0
0
0
0
0
0
0
0
0
0
0
0
0
0
0
0
0
0
0
0
0
0
0
0
0
0
0
0
0
0
0
0
0
0
0
0
0
0
0
0
0
0
0
0
0
0
0
0
0
0
0
0
0
0
0
0
0
0
0
0
0
0
0
0
0
0
0
0
0
0
0
0
0
0
0
0
0
0
0
0
0
0
0
0
0
0
0
0
0
0
0
0
0
0
0
0
0
0
0
0
0
0
0
0
0
0
0
0
0
8.3850553045372E-187
2.62824549995785E-32
9.63524747994114E-19
1.21386215304096E-13
6.22870095064661E-11
2.82395456687206E-09
3.64559946112062E-08
2.0223447012295E-07
9.33610400668081E-07
2.73386581616501E-06
6.33954432629405E-06
1.45169671792268E-05
2.6530938033756E-05
4.72533218830969E-05
7.33374983943989E-05
1.05719060146417E-04
1.40580572082309E-04
1.82543438099921E-04
2.33340198761469E-04
4.95834575951657E-04
2.93558390740888E-04
3.55850637876132E-04
4.42794900265401E-04
5.3069500422087E-04
3.96941289276688E-04
4.6905150914436E-04
4.98220899080143E-04
5.40688070692788E-04
6.85097800607729E-04
8.26111025552028E-04
8.3151834498003E-04
9.62607365763031E-04
9.85284808293762E-04
1.09660434511809E-03
1.21396698235349E-03
1.33727406623063E-03
1.5060528370694E-03
1.6012931374315E-03
1.65245648084029E-03
1.7461755750109E-03
1.69096882261586E-03
1.30697207629032E-03
1.31578392332139E-03
1.31946133208797E-03
1.49767443481205E-03
1.43610368104259E-03
1.62406830290129E-03
1.41698386370314E-03
1.67941618543147E-03
1.73908755995701E-03
1.79839201207677E-03
1.93468844790984E-03
1.99561346742426E-03
2.05607684330685E-03
2.11605822988754E-03
2.08851831759291E-03
2.05574605889379E-03
2.01779171009389E-03
2.06874307953499E-03
1.92655610338479E-03
1.97199170594897E-03
2.11782628232693E-03
1.85535844923888E-03
1.8950263115339E-03
1.82682141985896E-03
1.86350505524537E-03
2.01155043393416E-03
2.16342870249073E-03
2.20311814959802E-03
2.12435326495628E-03
2.16113181709431E-03
3.29625342426301E-03
3.3502006075183E-03
3.15142902953058E-03
0.002944243752764
2.98866586047796E-03
3.03258543547972E-03
2.94226768246638E-03
2.57651216255991E-03
2.61157183367435E-03
2.92478347068006E-03
3.24481464149925E-03
3.42868482644382E-03
3.53846001316717E-03
3.86213433571236E-03
3.87923768201074E-03
4.05317589464771E-03
4.58186538082079E-03
6.97918142371019E-03
4.58859779928963E-03
4.57263824366219E-03
4.33685917388555E-03
4.50050850865294E-03
4.66592674047891E-03
4.83307578426691E-03
5.24010483261701E-03
5.41872301961942E-03
6.61704615999638E-03
6.83210968451274E-03
7.32021192054714E-03
7.26795377398307E-03
7.48865068134032E-03
7.71114299426477E-03
8.54580543851114E-03
8.16135476777586E-03
8.38899649032232E-03
8.94975034721022E-03
8.84916249286051E-03
9.08161315692972E-03
9.31559427890322E-03
9.55107066910966E-03
9.78800775945119E-03
8.86948255988465E-03
8.68672436282716E-03
9.29487197653982E-03
9.92279329799822E-03
9.3021378148108E-03
1.42641789711775E-02
1.67853124419754E-02
1.62444957067054E-02
1.61279454104499E-02
1.74049840865892E-02
1.77620163858386E-02
1.71411073121083E-02
1.84806930277955E-02
1.83330090049351E-02
0.016609954356804
3.43791270413503E-02
3.55604681478406E-02
3.67639765001646E-02
3.68723497483792E-02
3.35510412717161E-02
2.83555347144381E-02
2.70819958192534E-02
3.41330124932242E-02
3.47096204649286E-02
3.52878989069101E-02
3.52385386791753E-02
3.51703480946792E-02
0.035732887719279
2.70576534589033E-02
2.81493136600375E-02
2.99431008421512E-02
0.03039747772901
2.66456459976541E-02
2.56166127369471E-02
2.52687784663653E-02
2.63656089230238E-02
3.04552350955427E-02
3.23902713550393E-02
3.28404690694166E-02
3.32914187308877E-02
3.45278130290838E-02
3.26049667659182E-02
2.01444639532279E-02
1.95918898410742E-02
0.019845431453802
2.00992943440234E-02
1.95054018668171E-02
2.06079213711282E-02
2.08626546884363E-02
2.02377456513124E-02
1.87012746026312E-02
0.018023627318149
1.82366963285474E-02
1.84499327159381E-02
1.95964908149814E-02
1.88768601778289E-02
1.90905278642559E-02
2.02695319534771E-02
2.34218563817419E-02
2.26920405019963E-02
2.39355497545527E-02
2.31845170796458E-02
2.34308736733038E-02
2.36772925711099E-02
2.49639250551632E-02
2.41702683586749E-02
2.33552010552446E-02
2.25187089126306E-02
2.27438188638936E-02
2.40626783295563E-02
2.42984787676516E-02
2.34190551446089E-02
2.25181599530337E-02
2.38690306513667E-02
2.06519426723911E-02
1.96866195426364E-02
2.10373005532473E-02
2.24093050420057E-02
2.26124803125605E-02
2.28155565408691E-02
2.18070237439422E-02
2.07770217890554E-02
2.09584094901812E-02
2.23831884529172E-02
2.38291515302779E-02
2.40314542629257E-02
2.42335989079374E-02
2.57216603407825E-02
2.85274942973187E-02
2.74536351704407E-02
0.027676270065189
2.78986859981717E-02
0.028120874344672
2.83428265512942E-02
2.99247500460631E-02
3.42690341445731E-02
3.86762424601914E-02
3.75789925893617E-02
0.114990360951183
0.101722664852055
0.109593645640665
0.141942143175393
0.144420917892511
0.145464419409659
0.146506369439293
0.147546730957143
0.148585467220335
0.149622541763632
0.150657918395765
0.151691561195854
0.152723434509905
0.153753502947408
0.154781731377996
0.155808084928203
0.156832528978285
0.157855029159124
0.158875551349202
0.159894061671651
0.160910526491372
0.161924912412215
0.16293718627424
0.163947315151031
0.164955266347076
0.165961007395217
0.15861628075144
8.39828651529904E-02
8.78616171440121E-02
8.83798388822342E-02
8.54777198708668E-02
0.092851515309192
8.99270476919556E-02
0.08870100939284
8.92030662360408E-02
9.84983302315324E-02
0.106121534955728
0.108486054903103
9.47746773071449E-02
9.70874953595632E-02
9.94182744312248E-02
9.08633197121765E-02
8.58643237471374E-02
0.084479323627836
8.30738564646669E-02
8.16479933809879E-02
7.64714901231825E-02
0.080610021674414
8.66693382402908E-02
7.38484954386803E-02
0.047573918541844
5.16329776588774E-02
5.38069892346385E-02
5.21368249284365E-02
5.62680685360965E-02
5.45868973996165E-02
5.48451323252164E-02
4.91986497766427E-02
4.94276396282227E-02
0.049655831235828
4.98832181751479E-02
5.01097940637178E-02
5.23489746630817E-02
5.25829068610603E-02
5.28159759113806E-02
0.055088489784133
0.057377921726272
5.76260889331375E-02
6.40740096215501E-02
5.39681490979692E-02
5.21114470556843E-02
5.86091188780253E-02
5.67505604493529E-02
5.27631755687469E-02
7.62892496353677E-02
8.72368798871554E-02
8.11784748906849E-02
7.50675178841128E-02
6.89043283262721E-02
6.91743210584586E-02
0.119355380026651
0.119815349127825
0.12027325939994
0.114143875136685
0.112369556432104
5.74999531330362E-02
5.32730489922567E-02
3.56455290917697E-02
3.35391303940424E-02
3.36599930530282E-02
0.036032286233196
3.84199468814154E-02
4.30907894474522E-02
0.040965046513842
4.56739112572407E-02
4.12472703549031E-02
2.75915290338402E-02
2.76843907409278E-02
2.77767629697119E-02
3.01910302947153E-02
3.26200344450761E-02
3.27260723514056E-02
3.28315282519362E-02
3.05837994973492E-02
3.06806344957764E-02
3.07769216265107E-02
3.08726584476945E-02
3.09678425354239E-02
2.86730506003437E-02
2.87598857579228E-02
3.12500544272611E-02
3.13430036997352E-02
3.62716019850988E-02
3.15272061722739E-02
0.03405064358332
3.17091318563676E-02
3.66914252416724E-02
3.18887625686545E-02
3.44375356823033E-02
3.45327019767685E-02
0.039573989514674
4.46414784223522E-02
4.47614059213328E-02
4.23871556390766E-02
3.99989430430442E-02
4.01033622824302E-02
4.02070486888925E-02
3.77906247298018E-02
3.78864495203717E-02
3.54494748217334E-02
3.80760143355845E-02
3.30804497547445E-02
3.82627840185672E-02
3.83551149681855E-02
3.84467403135821E-02
3.08301262577801E-02
2.83271012062974E-02
2.83927310316925E-02
2.58707608654476E-02
2.33365233172894E-02
2.85864707741232E-02
3.12545406113224E-02
3.39335338849738E-02
2.87754532022442E-02
0.028837383028555
2.88987781961749E-02
2.89596372263219E-02
2.90199586545408E-02
2.37925153887484E-02
2.38409860245908E-02
2.65433480888724E-02
2.65962177817172E-02
0.02931345151236
2.67004703422453E-02
3.21022208593916E-02
3.48435518317393E-02
3.22237362168634E-02
4.03544902829719E-02
4.31237936214858E-02
4.32019917003304E-02
4.32793820112806E-02
4.60657103842424E-02
0.043431731991136
0.0435066880425
4.63046309090496E-02
4.36541533790782E-02
4.37266591705825E-02
3.83235516557785E-02
3.83855573678542E-02
3.84468424451215E-02
2.75052896001712E-02
2.47932288796419E-02
2.20722054198616E-02
2.21055701311735E-02
2.21385190188471E-02
2.21710513072871E-02
0.019427770452284
1.66761472766255E-02
1.66996057316199E-02
1.67227494875142E-02
1.67455780011594E-02
1.67680907371121E-02
1.95886683622377E-02
1.68121667726831E-02
1.96393505465833E-02
1.96641357088559E-02
1.96885494751894E-02
0.025344760210466
2.25557263381851E-02
2.25823505550715E-02
1.97824793002954E-02
0.019805027704875
1.98272014235425E-02
1.98489999393908E-02
1.98704227444881E-02
1.98914693398776E-02
1.70675479162088E-02
1.70849416719237E-02
1.99523470128445E-02
2.28250102392177E-02
2.57027687175871E-02
2.28683676542673E-02
2.28893961233355E-02
2.29099904457501E-02
2.86626876794568E-02
3.15560777799973E-02
3.15826002317105E-02
3.16085231876587E-02
3.16338460470559E-02
3.16585682232121E-02
3.16826891435345E-02
3.17062082495265E-02
3.74980568143855E-02
3.75244277377447E-02
4.04385536647274E-02
4.33558034367721E-02
3.75992594591531E-02
3.18346552848799E-02
0.026062320466436
2.60776091567456E-02
2.60924018599532E-02
2.90074424827147E-02
2.90227755001485E-02
0.023230045056424
2.32414276821866E-02
2.32523680147587E-02
2.32628658017454E-02
2.32729208010051E-02
2.32825327806493E-02
2.91146268988034E-02
0.029125533506005
2.91358855460065E-02
2.91456827802152E-02
2.91549249828562E-02
3.20799731350689E-02
3.20889177998643E-02
3.20972512694739E-02
2.91863394108576E-02
3.21120838694186E-02
0.035038453808886
3.50448758928766E-02
3.50506303252795E-02
3.50557169736006E-02
0.037981813697456
4.09078675424237E-02
4.38337113998406E-02
4.38367295182237E-02
0.043838912366842
4.38402598954485E-02
4.38407720730251E-02
4.09177522952635E-02
4.67619097036364E-02
4.67597829096786E-02
4.96790629690955E-02
4.67528564862195E-02
4.96698105796729E-02
4.38209689197201E-02
4.38147994798442E-02
0.043807795275064
4.37999564666467E-02
4.67107021174269E-02
0.049619345884125
5.54438168061761E-02
5.83470121265751E-02
5.54144504563977E-02
5.24824900721356E-02
5.24660801882259E-02
5.24486711587513E-02
5.24302633848876E-02
4.94991429969439E-02
5.23904533240518E-02
5.23690519547868E-02
5.23466536765462E-02
4.36027158382165E-02
0.046487883095402
3.19449060752664E-02
3.19287846475092E-02
0.029010959742606
2.89951996995317E-02
2.89788880960074E-02
2.60658227778361E-02
2.31556893816954E-02
2.02486534274845E-02
1.73448802818702E-02
1.73334421822545E-02
3.17564034658429E-02
3.17342260774793E-02
2.88285869836916E-02
2.88073298242743E-02
2.59069729030471E-02
2.58868569232656E-02
2.29922216607807E-02
2.29734673029285E-02
3.44314152726101E-02
3.15351447703649E-02
2.86432367988496E-02
2.86176167559605E-02
2.85914538934694E-02
0.028564748818725
2.56837519367033E-02
2.28077716207633E-02
2.27851092693673E-02
2.56072670934975E-02
0.02273848993247
0.022714534031521
1.98538795429034E-02
1.98321659838054E-02
1.98100771061879E-02
1.69608115070808E-02
1.41176967599123E-02
1.41011169684759E-02
0.011267416481544
1.12537264429542E-02
0.011239823778877
1.12257088143096E-02
1.12113818793814E-02
1.11968433093546E-02
1.39776168057808E-02
1.39589157884019E-02
1.11519612183098E-02
8.35243467239251E-03
8.34074101972425E-03
8.32889023028343E-03
1.10891767766396E-02
1.10729578114362E-02
1.10565304595939E-02
1.10398951077468E-02
8.26728911075404E-03
8.25450148221798E-03
1.09887449956688E-02
1.64569224195294E-02
1.36920153008798E-02
1.36696716202903E-02
0.013647071502833
1.36242154832761E-02
1.36011041028308E-02
0.010862190327323
1.35541174563491E-02
1.35302433049716E-02
1.35061160220283E-02
1.34817361809819E-02
1.34571043617533E-02
1.61186653808693E-02
1.87699219970377E-02
1.87343841035639E-02
2.13697106042173E-02
2.13282981480883E-02
2.12864883113768E-02
2.12442820944291E-02
2.38518905714631E-02
2.11586845730959E-02
1.84758834061449E-02
1.84375745701823E-02
1.83989234143265E-02
1.83599308684419E-02
1.83205978715085E-02
0.015669364604253
1.56350694223149E-02
1.56004848866519E-02
1.29713431945156E-02
1.29420425888457E-02
1.03300023720614E-02
1.03061800317077E-02
1.02821676284008E-02
1.28224571822198E-02
1.53503624590846E-02
1.53134938550901E-02
1.52763437058061E-02
1.77787317379779E-02
2.02682698765655E-02
2.02176174615423E-02
2.01665945537068E-02
2.01152024047416E-02
2.25713725615563E-02
2.50141443040183E-02
2.74433818822935E-02
2.48824585035877E-02
2.48159344941672E-02
2.47489586000934E-02
2.46815324791949E-02
2.21522920224285E-02
2.20908026297256E-02
2.20289125814475E-02
2.44073593533266E-02
2.67714781789962E-02
2.66943770718624E-02
2.41970853586978E-02
2.41261187175854E-02
2.40547173757958E-02
2.63811714388285E-02
2.15195559978134E-02
2.38379231434222E-02
2.37648010643426E-02
2.60603787243366E-02
2.59790101660076E-02
2.82514664274947E-02
3.28553056107706E-02
3.04106973457126E-02
3.03123556240469E-02
0.030213475412161
3.01140592382422E-02
2.77053319834164E-02
2.53115324069577E-02
2.29327849998607E-02
2.51401497979775E-02
2.50537935181278E-02
2.26972699024761E-02
2.03561690480905E-02
1.80306120825402E-02
1.79665363659691E-02
0.01790214700695
1.78374456865243E-02
0.017772434097343
1.77071139437097E-02
1.98466728093253E-02
1.53786104664666E-02
1.53206544004682E-02
0.015262434408358
1.52039520329629E-02
1.73088100886238E-02
1.93965510289499E-02
2.57604791865308E-02
2.56584512935949E-02
2.34263215036224E-02
2.12109077864021E-02
1.90123206088381E-02
1.68306695262316E-02
1.88563669388256E-02
1.87779138948082E-02
1.66214633062513E-02
1.44822736035403E-02
1.44205254543658E-02
1.43585376387946E-02
1.42963118613346E-02
0.014233849837716
1.61956037656618E-02
1.61236845387596E-02
1.40450636168804E-02
1.19842919936736E-02
1.39180568714539E-02
1.38542140378342E-02
1.18201262467796E-02
1.17650215110899E-02
1.17097279565976E-02
9.71187262778186E-03
9.66548390136925E-03
9.61894177684203E-03
9.57224758848168E-03
9.52540267933126E-03
0.009478408401259
7.54501289201873E-03
7.50718175227195E-03
9.33654300594918E-03
9.28896494968694E-03
9.24124441855574E-03
9.1933828187983E-03
1.09744578791671E-02
1.27361389190403E-02
1.26685521345436E-02
1.44008866976386E-02
1.43232138648702E-02
1.60259952820936E-02
1.77090435986957E-02
0.017611166819584
1.75130340732394E-02
2.08975780390144E-02
2.25108165411141E-02
2.23822692529557E-02
2.05416046147288E-02
2.21242277955158E-02
2.53785480975472E-02
2.52287893119899E-02
2.50786835213451E-02
2.65901178535331E-02
2.64292800065787E-02
2.13428209846521E-02
2.12115679079766E-02
2.10800350189899E-02
1.93368245458206E-02
1.76136627859225E-02
1.75016772328088E-02
1.73894695348821E-02
1.72770434125535E-02
1.71644026130733E-02
0.015501409918958
1.53986291889093E-02
1.37660973002586E-02
1.36732651742594E-02
1.35802730718441E-02
1.19885548413158E-02
1.48820241950952E-02
1.47781878453792E-02
1.61416069570692E-02
1.45700287553017E-02
1.59122847168351E-02
1.57973703119896E-02
1.56822925449183E-02
1.55670555763989E-02
1.54516635998172E-02
1.53361208416315E-02
1.52204315618487E-02
1.51046000545125E-02
1.63512334344026E-02
1.75766236531919E-02
1.87807398911342E-02
1.86326494456077E-02
1.84844059815427E-02
1.83360152379288E-02
1.81874830018755E-02
1.93273019028937E-02
2.04457342240459E-02
0.020275538226256
2.26183584889393E-02
2.24265927202418E-02
2.34699516443724E-02
2.44918459166866E-02
2.67061808119326E-02
0.026471194225473
2.38509824269967E-02
2.24552796799953E-02
1.99097144262731E-02
1.97277881327293E-02
2.06955477548773E-02
0.019363743361483
1.91816410158633E-02
0.018999496246769
1.88173173150344E-02
1.86351125619708E-02
1.84528904108454E-02
1.93454040371291E-02
0.019152453204429
2.31727359642203E-02
2.18943520093112E-02
0.021669306354871
2.04231465471159E-02
1.91984647147059E-02
1.99947364097536E-02
1.97806359620153E-02
1.85882888698123E-02
1.83850642509997E-02
1.72249967052461E-02
1.79789297933728E-02
1.68404604893024E-02
0.019423107223575
2.01134172313563E-02
1.98789985127739E-02
1.96447741363935E-02
1.85284502994687E-02
0.019176961984511
1.80823376918222E-02
1.61587136695381E-02
1.67973094074589E-02
1.74149831596213E-02
1.63743518453177E-02
1.61632834056032E-02
0.015154880982494
1.49549323557901E-02
1.47552863803923E-02
1.53220592095226E-02
1.58682137811125E-02
0.015648644218033
1.68989418469198E-02
1.73836599084199E-02
1.49923611202562E-02
1.47744605266256E-02
1.52502079063429E-02
1.36571863562837E-02
1.41235640816616E-02
1.32453224175019E-02
1.30401294846084E-02
1.41189960475099E-02
1.32628685662656E-02
1.30490888162999E-02
1.28359021679004E-02
1.20222160043722E-02
1.00473085757006E-02
1.04572148854235E-02
1.19894543767581E-02
1.12185824028605E-02
1.26722060401441E-02
0.01244383781559
1.06228584718907E-02
1.09470049273201E-02
1.02293299355517E-02
1.00337115437584E-02
1.03308285472873E-02
1.25383299072072E-02
1.22871934063902E-02
1.38890401754686E-02
1.36018645805249E-02
1.33160374967885E-02
1.17284336262039E-02
8.92399579192871E-03
0.009142459450417
8.12460194571901E-03
8.73278273107991E-03
9.30507095795842E-03
8.70621792840458E-03
8.12692586027995E-03
8.2877305484997E-03
7.37779787082295E-03
6.50502735719243E-03
6.0025669458592E-03
5.8435802447535E-03
6.00159650052888E-03
0.006143356987488
0.005970557403911
5.79910129746098E-03
5.91047023408526E-03
5.46034249212239E-03
5.29310270934255E-03
6.15279871133414E-03
5.95567689774795E-03
5.76039807348893E-03
5.33504478290756E-03
5.82349539366887E-03
5.40211823064435E-03
5.20681715886875E-03
5.21420387743036E-03
4.82268631543509E-03
4.26323499545792E-03
4.0917004123047E-03
3.92231316251622E-03
3.26532136573505E-03
3.12188416670333E-03
2.68239351005986E-03
2.72198607796044E-03
2.6881972337057E-03
2.79370469980486E-03
2.7573139598511E-03
2.72050442543959E-03
2.81743513227136E-03
2.91017202970357E-03
4.95428479193664E-03
4.88108023725362E-03
4.93354078804226E-03
4.85668680349988E-03
4.77896115755243E-03
4.94140181229917E-03
5.56874247656829E-03
5.23903534047096E-03
4.23055308095474E-03
3.8159084800826E-03
3.74350025103765E-03
3.23850874240227E-03
3.38478859214908E-03
3.00370554210358E-03
3.04063825060067E-03
2.67598189968995E-03
2.5179369885539E-03
2.26931305184547E-03
2.30609183286611E-03
2.24777438899671E-03
2.2764831733488E-03
2.21474209015232E-03
2.15247750364366E-03
2.08970724979233E-03
1.71469002412343E-03
1.58528575906981E-03
1.53347058221837E-03
1.48132841365197E-03
1.49692895087216E-03
1.37617636867433E-03
1.44925395431143E-03
1.51201400675542E-03
1.39062735074623E-03
8.31000690108696E-04
7.92821835493631E-04
7.0433730560203E-04
6.68754193619118E-04
7.6896432602573E-04
8.96880792910156E-04
9.24563874355539E-04
8.29555247676586E-04
8.10503466434686E-04
7.87207207679676E-04
5.77518981700607E-04
5.32601263701166E-04
4.37146992120072E-04
3.75221230928845E-04
3.18741129398173E-04
2.8674819092028E-04
2.38852187813791E-04
2.41452907524917E-04
2.24654632057687E-04
2.40283677971533E-04
1.95614124540326E-04
1.64782665882896E-04
1.43325892019582E-04
1.16448835000181E-04
9.69092780531663E-05
7.49762158458303E-05
4.85566215774795E-05
3.69245921158566E-05
2.67745135278218E-05
1.74979841399556E-05
1.11872281039585E-05
6.83117298494206E-06
3.70582225409215E-06
1.91048058845238E-06
6.7692143049505E-07
3.15885191740347E-07
6.23825220236738E-08
5.76411069143783E-09
2.04681016999316E-10
1.22572197655301E-12
5.83285735747038E-17
2.32959653153832E-27
2.89384958414464E-87
0
0
0
0
0
0
0
0
0
0
0
0
0
0
0
0
0
0
0
0
0
0
0
0
0
0
0
0
0
0
0
0
0
0
0
0
0
0
0
0
0
0
0
0
0
0
0
0
0
0
0
0
0
0
0
0
0
0
0
0
0
0
0
0
0
0
0
0
0
0
0
0
0
0
0
0
0
0
0
0
0
0
0
0
0
0
0
0
0
0
0
0
0
0
0
0
0
0
0
0
0
0
0
0
0
0
0
0
0
0
0
0
0
0
0
0
0
0
0
0
0
0
0
0
0
0
0
0
0
0
0
0
0
0
0
0
0
0
0
0
0
0
0
0
0
0
0
0
0
0
0
0
0
0
0
0
0
0
0
0
0
0
0
0
0
0
0
0
0
0
0
0
0
0
0
0
0
0
0
0
0
0
0
0
0
0
0
0
0
0
0
0
0
0
0
0
0
0
0
""
