0
0
0
0
0
0
0
0
0
0
0
0
0
0
0
0
0
0
0
0
0
0
0
0
0
0
0
0
0
0
0
0
0
0
0
0
0
0
0
0
0
0
0
0
0
0
0
0
0
0
0
0
0
0
0
0
0
0
0
0
0
0
0
0
0
0
0
0
0
0
0
0
0
0
0
0
0
0
0
0
0
0
0
0
0
0
0
0
0
0
0
0
0
0
0
0
0
0
0
0
0
0
0
0
0
0
0
0
0
0
0
0
0
0
0
0
0
0
0
0
0
0
0
0
0
0
0
0
0
0
0
0
0
0
0
0
0
0
0
0
0
0
0
0
0
0
0
0
0
0
0
0
0
0
0
0
0
0
0
0
0
0
0
0
0
0
0
0
0
0
0
0
0
0
0
0
0
0
0
0
0
0
0
0
0
0
0
0
0
0
0
0
0
0
0
0
0
0
0
0
0
0
0
0
0
0
0
0
0
0
0
0
0
0
0
0
0
0
0
0
0
0
0
0
0
0
0
0
0
0
0
0
0
0
0
0
0
0
0
0
0
0
0
0
0
0
0
0
0
0
0
0
0
0
0
0
0
0
0
0
0
0
0
0
0
0
0
0
0
0
0
0
0
0
0
0
0
0
0
0
0
0
0
0
0
0
0
0
0
0
0
0
0
0
0
0
0
0
0
0
0
0
0
0
0
0
0
0
0
0
0
0
0
3.14328282554644E-46
1.29514996313646E-23
1.87791818902563E-16
6.53049850861289E-13
8.13046988826762E-11
1.80458847631748E-09
1.05823973043463E-08
5.86951317629269E-08
2.2189141989468E-07
7.77011817562853E-07
2.33379088532367E-06
4.8069952516898E-06
9.16008697166881E-06
1.54573172536323E-05
2.51296352451306E-05
3.73509311837719E-05
8.88661066208847E-05
1.04909550327762E-04
1.20031267639365E-04
1.50155526152802E-04
1.88236397332585E-04
4.9274159986903E-04
6.01706314255581E-04
7.14526250224234E-04
8.26682117102255E-04
9.44714336486079E-04
1.02725523182117E-03
1.10319891698535E-03
1.1881315678436E-03
1.42087515508909E-03
1.63706777617023E-03
1.82453610681306E-03
2.12373537239281E-03
2.25515756933393E-03
2.41186862335132E-03
2.60017648835842E-03
2.82670591721386E-03
3.02368618965239E-03
3.18343851560818E-03
2.11418397325846E-03
2.28466508346585E-03
2.27184443423606E-03
2.34427786064706E-03
2.51704590371845E-03
2.14529546978949E-03
1.43956802320892E-03
1.56419182699453E-03
1.69399702649739E-03
1.9595605227784E-03
1.96890612498625E-03
2.04341617904267E-03
2.62889597815043E-03
6.95322370257813E-03
6.9528650078116E-03
7.09757504820634E-03
7.48564950134809E-03
7.62550860655245E-03
3.96770679452862E-03
4.98559520728333E-03
5.21398442242934E-03
4.68193065585469E-03
4.80076472325553E-03
4.2160387192723E-03
4.41912623314888E-03
4.62615476681752E-03
4.94454101058692E-03
6.36958835441575E-03
7.40064718044565E-03
9.03928971652016E-03
4.43427402107044E-03
4.75763892291056E-03
4.7256274207909E-03
6.16891128328369E-03
5.77602673413428E-03
6.13116617662523E-03
6.36405707820278E-03
5.67617551587762E-03
6.03489454722478E-03
5.85629182556185E-03
6.91281769417997E-03
7.43586929177659E-03
1.13857709979246E-02
1.18346189115052E-02
0.013460243830371
1.36407854058083E-02
1.38195032910251E-02
1.41485465701389E-02
1.46336402970764E-02
1.48126268969433E-02
1.42008561647973E-02
1.45266215375031E-02
1.22709835128527E-02
1.25716970921389E-02
1.27095310319833E-02
1.41806056150793E-02
1.38239221257611E-02
1.39662666946714E-02
1.42792020706678E-02
1.55605258326215E-02
1.61920641683327E-02
1.68309509423634E-02
1.86552769794471E-02
1.95561956364337E-02
1.98459770681271E-02
2.18620995561807E-02
2.26189658732695E-02
2.24478695559813E-02
2.14976415132463E-02
2.26892073344889E-02
2.34040035424577E-02
2.33296709859609E-02
2.37596790290214E-02
2.13677898907414E-02
2.19848790762608E-02
2.76635266243468E-02
1.77306890109031E-02
1.72703450069925E-02
1.32171814494888E-02
1.32316944463559E-02
0.014249396432864
1.39122427699793E-02
1.35430251126199E-02
1.35064136054372E-02
1.38281352783601E-02
1.52991939229697E-02
1.56510606928279E-02
1.60048933805886E-02
1.67696664900755E-02
1.58823755978043E-02
1.32352736298986E-02
0.012207340053657
1.15713682945495E-02
1.22626420510822E-02
1.25100011499463E-02
1.27584727157796E-02
1.30080315999916E-02
1.27675917782407E-02
1.35103124547637E-02
1.27435054011391E-02
1.45357844929872E-02
1.42712794690455E-02
1.45268530725888E-02
0.014235815899347
1.39266106754769E-02
1.41657477350457E-02
1.38294483335405E-02
1.40605184881772E-02
0.015483335023519
3.57068045020955E-02
3.56651126950683E-02
3.37315914759596E-02
0.036796906249659
3.99420083692074E-02
4.05509720195333E-02
4.11614698184484E-02
4.17734572550641E-02
4.64888474823305E-02
4.85503354142881E-02
0.046431979584415
3.49602604583029E-02
2.96616601971358E-02
3.08051286478465E-02
2.82520497647015E-02
2.78799855346627E-02
2.82520598067663E-02
0.027077488863801
2.58631743336919E-02
0.026990512696587
2.65306826467109E-02
2.60510834707111E-02
2.72001456706735E-02
2.75355604191146E-02
2.78714045309214E-02
2.90624362025784E-02
2.94092825897197E-02
3.15068952640028E-02
3.09895205731703E-02
3.13476923407504E-02
3.17061995481936E-02
6.13816152783126E-02
7.41123275841062E-02
7.49338099940305E-02
7.67028339241385E-02
4.97760323356426E-02
6.28888372110143E-02
6.06245666679208E-02
2.56910142589217E-02
2.59589482697489E-02
2.62269942718843E-02
2.75141830663888E-02
2.77927307007651E-02
2.91110342471623E-02
0.030450044220004
2.86287778200607E-02
3.10488515935747E-02
3.24292770633275E-02
4.69259935614764E-02
4.62683932270489E-02
4.44781657237111E-02
4.26465988308383E-02
4.41714887859442E-02
0.038859408271097
3.92102605864318E-02
3.95610192935025E-02
3.99116694610131E-02
4.02621962801165E-02
3.94180972666112E-02
3.13245103591805E-02
3.03771252623453E-02
0.04043740225321
4.07768092945838E-02
3.86241332119323E-02
4.52236353841581E-02
4.68596644675223E-02
4.59624725171612E-02
4.76184627839473E-02
4.54029596168156E-02
4.31462051588681E-02
4.48012941376046E-02
0.04514860357773
9.76816887677018E-02
0.101122529867166
8.01506115455123E-02
8.07508560033698E-02
9.10021811624133E-02
0.106950814673179
0.139911028285934
0.140923654978131
0.14193500544144
0.142945043386241
0.14395373277853
0.144961037836842
0.145966923029256
0.146971353070457
0.147974292918869
0.148975707773852
0.149975563072957
0.15097382448925
0.151970457928689
0.15296542952756
0.153958705649976
0.154950252885428
0.155940038046387
0.145943066194348
0.135806203826242
0.135063718627517
0.126305912476881
0.13190633692053
0.147274322161243
0.148162973234163
0.145773966794559
0.148287098386704
0.145845769697354
0.146697850373468
0.149224726888029
0.155141612961537
0.157722363304825
0.155203644477094
0.154359636652866
0.155219098580964
0.171684116044907
0.158675407696846
0.156031665854021
0.162161008596048
0.163028612170077
0.162112488689323
0.164756979755815
0.165617691617146
0.170095099021921
0.172788521960911
0.171841839329031
0.169036791995365
0.169885503167807
0.170731738462022
0.173440423790081
0.170542587674734
0.171372130804445
0.172199127436861
0.171122195834877
0.173845385336304
0.184261555029063
0.187051358215926
0.187918929442116
0.182944965974741
0.183780127331459
0.18854038888857
0.189387526211542
0.194194891890765
0.199034353077762
0.199907548889521
0.200777615907265
0.201644529806178
0.202508266413635
0.203368801708459
0.204226111820189
0.205080173028376
0.205930961761883
0.206778454598212
0.207622628262837
0.200124921243421
0.196742870172002
0.201729603539923
0.200417387314346
0.201203259446207
0.204112015446473
0.207033873345911
0.209968707133972
0.210765719450229
0.209400490785433
0.208015644466114
0.208786122434486
0.209553136196129
0.210316665337469
0.178095956832366
0.178734253029208
0.179369558083597
0.18000185522226
0.185091155630244
0.223774517553123
0.224543868007819
0.225309423531696
0.226071164103247
0.226829069837081
0.227583120983567
0.22833329792849
0.229079581192708
0.206839756288649
0.207504350492312
0.212791286038749
0.215783615089469
0.216459285551765
0.217131228818923
0.220141356976116
0.220812938730057
0.235617767336232
0.236324071933785
0.237026277407225
0.237724365875062
0.238418319587235
0.239108120924882
0.239793752400113
0.2404751966558
0.241152436465357
0.241825454732541
0.242494234491249
0.243158758905327
0.24381901126838
0.244474975003591
0.245126633663543
0.245773970930045
0.246416970613972
0.247055616655094
0.247689893121928
0.248319784211579
0.248945274249597
0.249566347689832
0.232670179876297
0.230731568574393
0.236318739990946
0.221765428748918
0.224818388387994
0.222815283086337
0.220796358693277
0.236567926380149
0.160621498784401
0.160984429535246
0.161344475406378
0.161701627567621
0.162055877268691
0.154673538894422
0.170505903006805
0.170867845557903
0.176415399834857
0.223577187062809
0.218826591797955
0.216661142153529
0.227559357875122
0.225391133674376
0.225834458722777
0.207856070929458
0.2082557942106
0.206010583022456
0.203751660820687
0.161713538030197
0.162010487286185
0.172947411619194
0.162595551027249
0.168224099000942
0.109670824859576
0.109860477645436
0.112732230055519
0.126365547451564
0.107724303882924
0.110599033066778
8.10575384228004E-02
8.38937239238601E-02
8.40264585958592E-02
0.192748182646756
0.174012524669393
0.171553946055944
0.226354401995598
0.226689142136966
0.22701972867727
0.227346153741105
0.224925416670688
0.225239663294851
0.225549775854793
0.225855746980313
0.226157569403763
0.140844110170266
0.141026655108713
0.146744120562613
0.144156194832442
0.144334373141319
0.161184112849469
0.130770950813314
0.1364960476157
0.139442762934213
0.142393299535909
0.153732931944221
0.193076586135614
0.165272389284398
0.179468209747218
7.29846739497241E-02
7.30590397979954E-02
7.03192846180229E-02
7.03881931197937E-02
7.04558006121441E-02
7.33429897244801E-02
7.62340747357041E-02
7.63028653837313E-02
6.78846615750573E-02
6.51123268813862E-02
6.80006759737319E-02
0.116263691975981
0.116357409405319
0.116448971544235
0.113695976824459
0.113781094059922
0.11101749987627
0.108247750010473
0.108322595641827
0.099837898315112
0.10275750828827
9.99665144770703E-02
0.108601873182213
0.2545087519828
0.254655761477043
0.271975440025727
0.272122265036389
0.283727786156986
0.281002882317756
0.281138696610315
0.278399193845932
0.275651907252263
0.278642193822742
0.275882156218562
0.270239808462044
0.26746402578585
0.230157559770514
0.261891470532811
0.261973848098712
0.256291984574957
0.259243506072426
0.262191749779742
0.259372715295262
0.259430085227346
0.259482630218725
0.265297690134167
0.20477444535556
0.216342753217183
0.222140326924934
0.216394118439713
0.213528246233103
0.15005770467915
0.161609260661142
0.155842948696916
0.152959469049549
0.109668806095462
0.109666518643847
0.112548038110308
7.21419889490808E-02
8.07928324458625E-02
7.21295841803613E-02
7.21213690275203E-02
6.92273397829527E-02
7.78689872736756E-02
7.20886748867154E-02
7.20750947925053E-02
7.20601741762683E-02
7.20439133858905E-02
6.62642077764942E-02
6.62467830042001E-02
6.62281264045207E-02
6.33296193511967E-02
6.33094186449192E-02
6.04113118638792E-02
6.03897829652813E-02
6.03671316040326E-02
6.03433583088063E-02
6.31907714266651E-02
6.60345860826888E-02
6.60048660714461E-02
7.45792137764386E-02
0.120415366330648
0.13181670374334
0.123155237317631
0.125950742621169
0.123018929038767
0.197287606252483
0.185738991633969
0.165633627619315
0.168381779618692
0.165419004065901
0.165307088913447
0.165192108313896
0.250457202008941
0.244585425848527
0.244401325809165
0.244212697070172
0.195783122555704
0.243821871294344
0.246452470443375
0.217939533258796
0.226234215313277
0.226033560166099
0.225828723178451
0.225619709165064
0.250764756882724
0.275856733029387
0.253088611444701
0.205077059166411
0.171190521410112
0.162601687580996
0.131623546873255
0.114696390382699
0.106186943883739
0.106067957588021
0.103158936141284
0.105824120465928
0.105699275400829
0.105572483253039
0.133192101501391
0.138569828624203
0.130091614831722
0.116103368170289
0.113191745776135
0.113042408676866
0.115644433397799
0.118236897441304
0.11807375179812
0.123392552689426
0.139646259258228
0.131242413922413
0.158352867404374
0.182653840687239
0.179657390733673
0.160358271365982
0.157397047641096
0.146312890469813
0.148786231941805
0.172855106546505
0.172573986791112
0.223438227204928
0.268753601679655
0.268299620032922
0.267840749335753
0.267377000610082
0.266908385003295
0.26643491378826
0.26595659836337
0.26547345025258
0.264985481105449
0.264492702697182
0.263995126928677
0.263492765826575
0.262985631543303
0.262473736357131
0.259337521745506
0.256206998758338
0.247864129550077
0.236944704866355
0.231260524040013
0.225593688067363
0.222532071436347
0.224641566676042
0.224159438778247
0.244240939840676
0.223183107477778
0.225248570815447
0.217082921866088
0.214044167224319
0.216097824931088
0.215599472598396
0.212566711251601
0.212066618915481
0.211562743539861
0.211055097565136
0.21054369353885
0.220029903359412
0.221980475275892
0.221426766201891
0.220869129697946
0.227733677817488
0.222211142665649
0.226560641831204
0.228424288972337
0.15433055137616
0.149033019775627
0.124266304941047
0.131218991507508
9.45097043961396E-02
0.118414755855024
0.144593234590795
0.206666999188869
0.184513562883042
0.119470680144756
0.133420308670769
0.144908912333097
0.108953992903883
9.68228554403207E-02
7.76971835704997E-02
7.27677380778992E-02
0.070205762565862
7.69889135085529E-02
8.37274483649619E-02
8.11470624257825E-02
9.93804259286045E-02
9.90641842079542E-02
0.107931942652928
9.38486355185116E-02
0.104949865956848
0.100056336615766
0.10878997348581
9.71313847764999E-02
9.00497098216431E-02
0.116666054780084
0.116265515961369
0.115863016811368
0.104356782525608
4.86759222532365E-02
4.62984833110272E-02
4.17392107360064E-02
3.72108712621445E-02
3.92564256639279E-02
3.91124528444017E-02
4.32975904637165E-02
4.31361836018548E-02
4.29740646684795E-02
4.92329237088417E-02
4.47800933915329E-02
4.88560008754559E-02
4.65504110805396E-02
5.05835303603586E-02
5.03839713920019E-02
4.60016288849588E-02
4.58172064898413E-02
4.77062288169344E-02
4.75118834060708E-02
4.73167758796954E-02
8.80956173376006E-02
9.18084051390797E-02
9.14222629403621E-02
9.10346720058201E-02
8.66169478449619E-02
9.82778703211298E-02
0.109832940198908
0.107364044510573
0.118767153617567
0.130062988252689
0.156945570026855
0.158189571643059
0.157469324642532
0.154811525074371
0.156021625744154
0.151459790138903
0.150748052016019
0.142437385481093
0.139867299607686
0.139194293293879
0.123544170036863
0.122940253357994
0.120480975732372
5.16417640853541E-02
5.32183963619138E-02
5.11240503519029E-02
0.05268065954952
0.101206782328856
8.80984586544744E-02
0.100159697070834
9.25173145414122E-02
0.102646505176658
9.50578695923319E-02
0.147073094748044
0.127121133511538
0.129890764015593
0.12400882966798
7.70755361988596E-02
0.076644524686384
7.45188863444463E-02
0.14313899475419
0.142319182371293
0.123186083344696
0.165498891871197
0.164527997956526
0.163555029378079
0.162580017262784
0.14059460385764
0.139742869509995
0.138889439589034
0.138034341889193
0.135600850314357
0.134752367255464
0.138573330235891
0.137692038746921
0.12143736748191
0.119125107398339
9.86239275424269E-02
0.104005140907224
8.38507250054441E-02
8.03159286271689E-02
7.97749633495103E-02
8.07004602117883E-02
8.59767609343325E-02
7.09113746562391E-02
7.04176292131568E-02
6.27881882871985E-02
7.36788356889231E-02
8.44070433544362E-02
8.93859040972957E-02
9.15098671924702E-02
9.08397328033215E-02
8.88026404766557E-02
8.94971983095542E-02
8.74790167392206E-02
5.34253384047381E-02
0.055667885224589
6.57604273836567E-02
6.52490987600146E-02
6.08530860771949E-02
6.93631378558852E-02
7.00837771691667E-02
0.121343110615409
0.105312789182499
0.104449777797728
0.103586222021057
8.92704455376942E-02
0.103070206861192
0.100992636278336
9.77432700605165E-02
9.33530772908356E-02
9.25385453278803E-02
9.17237350728336E-02
7.47982818379336E-02
7.29870727140139E-02
8.36274756492793E-02
8.39832958751251E-02
7.54427516753662E-02
9.01283593806327E-02
8.49264037034229E-02
8.41209590655348E-02
8.33155565556476E-02
8.14524094189214E-02
0.082752525544649
7.98627917517502E-02
3.79938330854489E-02
3.55790586031673E-02
0.031193196335335
3.18695576254225E-02
0.030554208874106
2.82842957236846E-02
2.79857798179734E-02
2.67326976385392E-02
2.64448239011856E-02
2.70913302448581E-02
2.49457629878674E-02
2.37551228516859E-02
2.43920325695867E-02
1.69701886194242E-02
2.11904819718677E-02
2.18178987994613E-02
2.15626498810565E-02
1.96030713068276E-02
2.02109012644608E-02
1.99667253680186E-02
1.72575070203242E-02
1.62327790905466E-02
1.68316303733152E-02
1.89933219919075E-02
2.10947271816263E-02
2.15936043364292E-02
2.13116660939439E-02
2.47856121732842E-02
2.44545005163872E-02
2.26619461280276E-02
2.30731187968513E-02
2.27539027069997E-02
2.24353498396185E-02
2.28086532157644E-02
2.11190608464531E-02
2.08125174396111E-02
1.98451956450514E-02
1.88983056557635E-02
1.79717950337655E-02
2.27541449318365E-02
2.30249418808592E-02
2.08270061644918E-02
1.98940557014644E-02
1.95746098745645E-02
1.80890967730045E-02
0.014347468048857
1.18504933159353E-02
1.16497816567466E-02
9.81407599838099E-03
1.12504317139926E-02
1.10518284089419E-02
1.13708186492663E-02
1.16717928435388E-02
1.04605199716273E-02
9.77617022811914E-03
1.63042134257246E-02
0.016460585415728
1.65999487485841E-02
0.015818542761119
1.54997296863733E-02
1.43148658499851E-02
1.14685880811025E-02
1.16420228981464E-02
1.26125622987769E-02
1.19392346372564E-02
1.12850740111783E-02
1.10303205646994E-02
1.11486523795433E-02
1.01622963415308E-02
0.010274966896555
1.00262570490452E-02
1.11279853619192E-02
1.05198840183945E-02
1.02508242293726E-02
1.52874365793376E-02
1.48812169941734E-02
1.77281331349707E-02
0.021260309085157
2.09397993161809E-02
2.03368280691083E-02
1.97387936568714E-02
0.022209121504958
1.45989050340526E-02
1.39009003634093E-02
1.39184108042853E-02
1.36852837467041E-02
1.51758818157698E-02
1.63272051192243E-02
1.55482145428547E-02
1.49845816281631E-02
1.46144637991881E-02
1.42362962334413E-02
1.09197178241199E-02
1.11555500384501E-02
1.24027973204768E-02
1.32847281666331E-02
1.34786429139012E-02
1.43225304606727E-02
1.41664089543236E-02
1.44917377107207E-02
1.41677019199169E-02
1.36883332998973E-02
1.35256841472959E-02
1.22863115095819E-02
1.21336618139398E-02
6.43895348599084E-03
6.0596249019749E-03
7.43725326617125E-03
7.33590418592463E-03
7.23352807158952E-03
7.26992480447969E-03
1.21227244576673E-02
4.61345120855642E-03
0.00440882263426
4.47069379152506E-03
4.3982607457911E-03
4.19791343512734E-03
4.12624215129978E-03
3.93104142710576E-03
3.86021564686116E-03
3.90712676015474E-03
4.4134436949121E-03
4.44086291218761E-03
4.01662823230051E-03
3.93327448422362E-03
4.06304985392434E-03
3.97356505783189E-03
3.78115427816195E-03
3.59281125778998E-03
3.40860786984479E-03
3.60845358012178E-03
3.51547121628875E-03
3.42185130039379E-03
3.41518993060788E-03
3.31788451347544E-03
3.30258309690612E-03
3.28171419808335E-03
2.79024323616659E-03
2.62362210176917E-03
2.53416704019675E-03
2.44442282123593E-03
2.35444601414175E-03
2.26429860061795E-03
4.96925340105527E-03
4.76290123392407E-03
4.5566674242997E-03
4.35075238502074E-03
3.93810500921919E-03
3.84224794839395E-03
3.73718768881436E-03
3.26979233395963E-03
4.16779052856918E-03
3.91933956711465E-03
3.6737122897093E-03
3.43136503293279E-03
3.19278412784098E-03
2.95848609426257E-03
2.72901738074998E-03
2.50495352235273E-03
2.26402858748647E-03
2.05472278613979E-03
1.83391610829298E-03
1.05535056129241E-03
8.77685828120161E-04
8.37984059059827E-04
7.53104545014843E-04
6.49043226881277E-04
5.69124468961731E-04
4.14332378323442E-04
4.29045823565608E-04
3.00736000945547E-04
2.38590046571865E-04
1.24066365550116E-04
9.54497284474816E-05
8.03881026662712E-05
5.60813667147119E-05
3.72533040726808E-05
2.28543414658945E-05
1.32831323364633E-05
6.6139539026532E-06
3.17713127896513E-06
1.1724889910192E-06
3.48096302608673E-07
8.28671741790976E-08
1.36195655306574E-08
1.17612136494145E-09
3.37051236494893E-11
1.57779421141837E-13
1.33079436718342E-17
1.91502173424816E-26
3.57422969376201E-61
0
0
0
0
0
0
0
0
0
0
0
0
0
0
0
0
0
0
0
0
0
0
0
0
0
0
0
0
0
0
0
0
0
0
0
0
0
0
0
0
0
0
0
0
0
0
0
0
0
0
0
0
0
0
0
0
0
0
0
0
0
0
0
0
0
0
0
0
0
0
0
0
0
0
0
0
0
0
0
0
0
0
0
0
0
0
0
0
0
0
0
0
0
0
0
0
0
0
0
0
0
0
0
0
0
0
0
0
0
0
0
0
0
0
0
0
0
0
0
0
0
0
0
0
0
0
0
0
0
0
0
0
0
0
0
0
0
0
0
0
0
0
0
0
0
0
0
0
0
0
0
0
0
0
0
0
0
0
0
0
0
0
0
0
0
0
0
0
0
0
0
""
