0
0
0
0
0
0
0
0
0
0
0
0
0
0
0
0
0
0
0
0
0
0
0
0
0
0
0
0
0
0
0
0
0
0
0
0
0
0
0
0
0
0
0
0
0
0
0
0
0
0
0
0
0
0
0
0
0
0
0
0
0
0
0
0
0
0
0
0
0
0
0
0
0
0
0
0
0
0
0
0
0
0
0
0
0
0
0
0
0
0
0
0
0
0
0
0
0
0
0
0
0
0
0
0
0
0
0
0
0
0
0
0
0
0
0
0
0
0
0
0
0
0
0
0
0
0
0
0
0
0
0
0
0
0
0
0
0
0
0
0
0
0
0
0
0
0
0
0
0
0
0
0
0
0
0
0
0
0
0
0
0
0
0
0
0
0
0
0
0
0
0
0
0
0
0
0
0
0
0
0
0
0
0
0
0
0
0
0
0
0
0
0
0
0
0
0
0
0
0
0
0
0
0
0
0
0
0
0
0
0
0
0
0
0
0
0
0
0
0
0
0
0
0
0
0
0
0
0
0
0
0
0
0
0
0
0
0
0
0
0
0
0
0
0
0
0
0
0
0
0
0
0
0
0
0
0
0
0
0
0
0
0
0
0
0
0
0
0
0
0
0
0
0
0
0
0
0
0
0
0
0
0
0
0
0
0
0
0
0
0
0
0
0
0
0
0
0
0
0
0
0
0
0
0
0
0
0
0
0
0
0
0
0
6.35006631423522E-46
2.1585832718941E-23
2.84225455636311E-16
9.88399774276545E-13
1.26473976039719E-10
1.76699288306087E-09
1.67090483752836E-08
9.26765238362004E-08
3.65926201229824E-07
1.03601575675047E-06
2.30696570273374E-06
4.75174243270486E-06
8.7529719951502E-06
1.47703253756931E-05
2.2697735060118E-05
4.25720290911809E-05
6.60799254360424E-05
9.79155803059115E-05
1.27212625532318E-04
1.65961371010991E-04
1.88236397332585E-04
2.18996266608458E-04
2.59271826467852E-04
3.07885294812068E-04
3.94630146435644E-04
4.7235716824304E-04
6.21759745575971E-04
7.15036335083094E-04
4.82140346371316E-04
5.76030468279361E-04
9.35467300668702E-04
1.26314038163981E-03
1.3987654661543E-03
1.50343837955595E-03
1.7888025623189E-03
1.71178285483596E-03
1.83794047292095E-03
1.26920161047138E-03
1.35296136913348E-03
1.49402334110264E-03
1.82175908616231E-03
2.05097066979644E-03
2.29439960829286E-03
2.30729207840858E-03
2.82372224228702E-03
3.22463237198798E-03
3.44924351593666E-03
3.59712948836483E-03
3.78848367737157E-03
3.9378122499725E-03
4.08683235808535E-03
4.23544352035347E-03
4.33316839436028E-03
4.68732472436737E-03
5.16187276233189E-03
5.32312853429197E-03
5.0836724043683E-03
5.29027572603816E-03
5.43883113521818E-03
5.71055436742261E-03
5.35077789240536E-03
5.48658825514917E-03
5.75522745805425E-03
5.82365472585511E-03
5.95792659362863E-03
6.23442127421829E-03
6.36958835441575E-03
6.50359903736133E-03
4.11916999740159E-03
4.35647973999903E-03
3.25105326398888E-03
3.31197819234918E-03
3.37233816819508E-03
3.09728969801403E-03
3.40620343145846E-03
3.6366040446873E-03
3.52010884705589E-03
3.57623380576283E-03
3.08703755145896E-03
3.22598159061732E-03
3.27365314732303E-03
3.51061272436007E-03
3.46379090092835E-03
3.51136795574895E-03
3.65731202909352E-03
3.70522914324585E-03
3.85408437036042E-03
3.79961186660932E-03
3.63818906240712E-03
3.57651192298599E-03
4.15046329642945E-03
5.70493093141398E-03
5.98652242482807E-03
5.72203994513535E-03
6.45078529940862E-03
6.51859742515562E-03
1.13546883696515E-02
1.14692386109781E-02
0.011655824593724
1.21288870174776E-02
1.26074538894108E-02
1.30914224417173E-02
1.35806914141901E-02
1.40751610412249E-02
1.45747330374538E-02
1.50793105821797E-02
1.55887983027648E-02
1.61031022571134E-02
1.66221299153765E-02
1.64599585353549E-02
1.73205133077588E-02
1.40191209596524E-02
1.44326300139218E-02
1.58136849495911E-02
0.015269473477238
1.56926787797648E-02
1.65376637036655E-02
1.74079950798145E-02
1.78627875025805E-02
1.83206525565394E-02
1.55353377598102E-02
1.61565913624238E-02
1.67917574554084E-02
1.69425801608736E-02
1.68291133152666E-02
0.017737868785205
2.53410811859319E-02
2.59043628708484E-02
2.45201588176627E-02
2.44781404768016E-02
2.47053310609725E-02
2.40328418425259E-02
2.45252841021644E-02
2.53288912171753E-02
2.61469934669064E-02
0.026658435130847
2.97910474825617E-02
2.56862730621433E-02
2.65064912343694E-02
2.69950283441191E-02
1.26855817502626E-02
1.18366950961834E-02
1.16806694558745E-02
1.26267936790991E-02
9.44383182336379E-03
0.009987934907557
0.010154818908128
9.13119757797273E-03
9.27973450336946E-03
9.42870795386863E-03
2.41534852543908E-02
1.60722119251384E-02
1.46024546726135E-02
1.52611185019749E-02
1.46056828388043E-02
1.52720166308837E-02
2.50675157992958E-02
2.54311280741509E-02
2.48575244239798E-02
2.52094395141504E-02
2.55620811454992E-02
2.49374850958757E-02
2.47824997935978E-02
2.26053936767535E-02
0.020870891028422
0.021146229398397
0.020377046444727
2.11690295659506E-02
2.14389354720896E-02
2.00810435086732E-02
0.020331422016463
2.16946839665751E-02
1.91439950313399E-02
1.93749574683856E-02
1.96061883931464E-02
0.020421135819261
1.94791272174213E-02
2.08984615605002E-02
2.35531768072295E-02
2.38197313020317E-02
2.47041091947021E-02
2.24801429982091E-02
2.33580646517952E-02
2.55261704285347E-02
2.58005485993905E-02
2.67269594987608E-02
2.30560384374938E-02
2.19652639205567E-02
2.21920720762098E-02
2.17396014351714E-02
2.33321689833584E-02
2.56454349320239E-02
2.38000345627618E-02
2.40340357007917E-02
2.35543012089187E-02
2.45021204478474E-02
2.25535783008646E-02
2.27669871434685E-02
2.44629911480411E-02
4.63875285528417E-02
4.83243638000073E-02
5.02886459978903E-02
5.53556620043743E-02
5.35237319853268E-02
5.08678140189383E-02
5.05251090574012E-02
5.01684874302324E-02
5.14043246919885E-02
5.10335704407402E-02
7.84240528547103E-02
8.23773925143106E-02
8.30626520686716E-02
8.37474729336261E-02
8.44318278694095E-02
8.51156898465947E-02
8.57990320431483E-02
8.64818278415536E-02
8.71640508259961E-02
0.087845674779617
8.85266736818235E-02
8.92070217056637E-02
8.98866932152585E-02
9.05656627632908E-02
9.12439050885534E-02
9.19213951135488E-02
9.25981079421465E-02
9.32740188572895E-02
0.093949103318754
9.46233369609597E-02
9.52966955908274E-02
9.59691551856867E-02
9.66406918912283E-02
9.73112820195043E-02
9.79809020469716E-02
9.86495286125796E-02
9.93171385159013E-02
9.99837087153048E-02
0.100649216326167
9.32085475295959E-02
9.38187967769033E-02
9.75071802449851E-02
9.81351601607711E-02
9.35640228278321E-02
0.099387751171778
0.100012320647232
0.102754358485248
0.10658726791298
0.107240924325635
0.107893276308603
0.10854430273565
9.49987648773529E-02
8.34801442769593E-02
8.39718067954462E-02
8.55737460511898E-02
8.71874808783987E-02
8.54403085875132E-02
8.70582220392226E-02
9.55099350628273E-02
0.100619615003349
0.101179856852777
6.82111976205356E-02
7.67221751501231E-02
0.07480169748807
8.81309829326348E-02
9.09652401238837E-02
7.48211486258416E-02
7.64090340896535E-02
6.36067946065851E-02
5.79047145606539E-02
6.06275515652319E-02
6.09368224571032E-02
6.00203102012527E-02
8.98669690670282E-02
9.15518017839826E-02
8.20578349114363E-02
8.49589447756918E-02
8.78831440022796E-02
8.45226486320126E-02
9.12651711119345E-02
0.127359256656633
0.127959413214627
0.128557634512664
0.129153903396643
0.129748202818965
0.130340515837914
0.130930825617062
0.131519115424682
0.132105368633173
0.132689568718508
0.133271699259681
0.133851743938177
0.134429686537452
0.135005510942424
0.135579201138972
0.136150741213459
0.136720115352251
0.137287307841256
0.137852303065474
0.137030934653472
0.132026857764757
0.131161913448001
0.128882802261618
0.130798715931468
7.90693510806145E-02
9.78036740681018E-02
0.09533518566444
9.28433058755659E-02
0.124738895184829
0.123769362251184
0.12278701235847
7.39450850288806E-02
0.113507948772903
0.109539929863265
0.109935775822448
0.119156168686139
0.119579705389065
6.66673537860221E-02
7.73071493395395E-02
7.90669962021036E-02
0.125744566084379
0.112654711765848
0.114542723145645
0.11341453491854
0.115308781298341
0.117211092936625
0.116066987804305
0.117975268401674
0.118354333243763
0.118731369746258
0.119106368185585
0.117927639440388
0.115180723531185
0.148322190870433
0.144076527398335
0.147653800864038
0.146520924598947
0.158017518271483
0.158482910583375
0.15894554639149
0.159405413949921
0.159862501600076
0.160316797770533
0.160768290976905
0.161216969821694
8.56812961869079E-02
0.090779269991322
9.10257642068619E-02
0.158093817168989
0.163417755775695
0.163849313953363
0.164277980409314
0.164703744436729
0.165126595414618
0.165546522807719
0.165963516166398
0.166377565126555
0.166788659409532
0.167196788822024
0.16760194325599
0.168004112688574
0.168403287182018
0.168799456883589
0.1691926120255
0.169582742924838
0.169969839983494
0.170353893688091
0.170734894609924
0.17111283340489
0.17148770081343
0.171859487660469
0.172228184855358
0.172593783391822
0.172956274347899
0.173315648885899
0.173671898252346
0.174025013777935
0.174374986877488
0.174721809049904
0.175065471878122
0.175405967029079
0.175743286253671
0.176077421386715
0.176408364346915
0.176736107136827
0.177060641842825
0.17560814102872
0.177700055767485
0.178014919577716
0.178326544487116
0.178634923000709
0.178940047707174
0.179241911278814
0.17954050647154
0.179835826124843
0.180127863161779
0.175004112271278
0.180702061496471
0.180984209057987
0.181263046530618
0.181538567254967
0.181810764655099
0.182079632238527
0.182345163596201
0.182607352402494
0.182866192415193
0.183121677475489
0.183373801507962
0.18362255852058
0.183867942604685
0.184109947934988
0.153009312078735
0.164279581510346
0.164485914616504
0.164689220635607
0.185269095229274
0.185490710373494
0.185708908320681
0.185923683912285
0.186135032073083
0.160254935117612
0.154834363760927
0.155001223848644
0.157034683528816
0.157197759276329
0.151738005734298
0.161265559390666
0.163300608037921
0.163457457420174
0.182417179571143
0.184467637632074
0.184634094014955
0.184797134287656
0.186844068442239
0.179446228264015
0.185265720547092
0.189199039683446
0.189347921210138
0.189493294707431
0.189635156766536
0.189773504061999
0.189908333351708
0.190039641476889
0.190167425362118
0.190291682015315
0.190412408527753
0.190529602074057
0.19064325991221
0.190753379383553
0.190859957912791
0.190962993007993
0.191062482260597
0.191158423345412
0.191250814020623
0.191339652127788
0.191424935591849
0.191506662421129
0.191584830707335
0.191659438625563
0.191730484434301
0.191797966475429
0.19186188317422
0.190003010708956
0.188139434369632
0.192032226720315
0.192081867970507
0.19212793725575
0.192170433501738
0.192209355717574
0.192244702995773
0.192276474512263
0.192304669526385
0.148093551283289
0.142339242351456
5.57866589257656E-02
9.61908363327885E-02
9.61959884887751E-02
9.42753640265296E-02
9.62009239305339E-02
8.65806363911542E-02
8.65788305083003E-02
8.27276177562946E-02
0.086570386738897
8.65637490491384E-02
7.69382231257187E-02
8.07759333108228E-02
9.61490830318787E-02
9.61345521897229E-02
9.41958685186415E-02
0.117242154195809
0.151806766931338
0.149851339842652
0.157497537323841
0.167057104967113
0.165090402051849
0.159283588065131
0.157314312996466
0.155343373364261
0.157205149306446
0.160979017610754
0.160915622156817
0.174253339388682
0.130155126191966
0.135836101190512
0.133860127291044
0.131883496457376
0.124175155700248
0.129838079652696
0.190834458516923
0.190727021765531
0.190616044688389
0.190501529880994
0.190383480022202
0.190261897874228
0.190136786282645
0.190008148176376
0.189875986567696
0.189740304552228
0.189601105308936
0.189458392100128
0.189312168271451
0.189162437251888
0.189009202553755
0.188852467772701
0.188692236587702
0.188528512761064
0.188361300138415
0.16184391827789
0.167334617630756
0.116460036904336
0.118224314155452
0.118108018674194
6.74225947944366E-02
6.73536477679127E-02
6.91524418447912E-02
0.125089044546214
8.57891700423439E-02
7.82430112827548E-02
7.44336544477339E-02
0.076207502374642
6.86928501270059E-02
6.67574370952607E-02
0.105572483253039
0.101743966424674
7.57515063145642E-02
7.56561164269587E-02
7.92451560527373E-02
0.103068906722984
0.161751739244947
0.163370707498479
0.163148587167071
0.164754072276446
0.16269536576828
0.151511627691933
0.149470526967192
0.149252127898375
0.154483347844929
0.154251295074365
0.154016418826084
0.170061177911069
0.169795206224227
0.180346947808249
0.18005740265261
0.179764569574075
0.179468455586287
0.179169067786437
0.178866413355282
0.178560499557169
0.178251333740055
0.17793892333553
0.17762327585884
0.177304398908914
0.176982300168387
0.176656987403633
0.176328468464788
0.175996751285785
0.175661843884383
0.175323754362202
0.174982490904754
0.174638061781486
0.174290475345808
0.173939740035142
0.173585864370956
0.173228856958811
0.153853166574677
0.119028782396186
0.120497392086766
0.135698051061161
0.135403749104656
0.135107015254747
0.139927142476263
0.163450670581525
0.132503532091245
0.130506137409363
0.123441266664179
0.128214841707315
0.117814788286378
0.115855788128972
0.105527548782568
0.108613810158931
0.111681844886974
0.104754831029073
0.109469412504306
0.100921474993069
0.110566350824433
0.118512609421679
0.134622990073614
0.13754580841345
0.137182712334364
0.136817198482543
0.136449276013699
0.134458966606459
0.143783994722332
0.143386575116968
0.160659149545328
0.160206976115402
0.159752002496141
0.159294240193008
0.158833700798535
0.158370395992456
0.157904337541859
0.157435537301335
0.156964007213131
0.15648975930731
0.156012805701916
0.155533158603137
0.155050830305485
0.154565833191967
0.154078179734271
0.153587882492952
0.153094954117628
0.152599407347173
0.152101255009924
0.151600510023888
0.151097185396958
0.150591294227132
0.150082849702738
0.149571865102672
0.149058353796626
0.148542329245344
0.131741186450768
0.101776928347676
7.34896560492496E-02
6.88330843716596E-02
0.064206993550367
5.08879591939807E-02
4.63554996674391E-02
4.76273495100882E-02
4.74498019620403E-02
5.15688776021754E-02
5.99357332107638E-02
6.11283814551083E-02
5.94768706309898E-02
6.06565962564607E-02
5.90141187537517E-02
5.87812999573355E-02
0.061335505179945
0.058312808259798
6.08427266071047E-02
5.64633976709827E-02
6.03460330059884E-02
7.92177644276098E-02
7.61669731524217E-02
7.44922142477024E-02
6.74330903746816E-02
7.78881081396557E-02
8.95866300886489E-02
0.133130836604737
0.132548203099472
0.131963504019519
0.131376755810797
5.49309495093992E-02
5.59847866720291E-02
5.05457091445164E-02
6.19246100297484E-02
7.70477164168661E-02
0.07157593458041
7.12395857628443E-02
6.83699450309245E-02
6.42633538738018E-02
7.02241479680829E-02
0.067387729111016
6.58164992724612E-02
0.061785115760191
5.65600273315783E-02
5.75003362990793E-02
6.32964432928321E-02
8.59845247819751E-02
8.79535132143633E-02
0.086300530926832
8.94283009561019E-02
8.89589562898195E-02
8.84883665316017E-02
7.98016682997354E-02
8.52090152111682E-02
8.47474223410253E-02
8.54392581080348E-02
8.38207830163198E-02
8.33557650743222E-02
9.76508018226522E-02
9.59712930193627E-02
9.54259965027932E-02
0.097111912676882
8.54534091670416E-02
8.38527718814063E-02
0.109685331971017
0.109036686252052
0.108386678175189
0.107735328626544
0.107082658628348
0.106428689340256
0.105773442060684
0.105116938228184
0.10445919942284
0.103800247367708
0.103140103930278
0.102478791123974
0.101816331109691
0.101152746197361
0.10048805884756
9.98222916731478E-02
9.61808034177208E-02
9.45481047105308E-02
9.78187396506525E-02
9.71488824116751E-02
0.096478060756788
9.58062982491929E-02
9.51336186169674E-02
9.44600457550295E-02
9.37856037271513E-02
9.31103167680163E-02
9.24342092853234E-02
9.17573058619409E-02
9.10796312581084E-02
9.04012104136911E-02
8.97220684504826E-02
8.90422306745636E-02
7.77583158692672E-02
7.71589014634905E-02
8.69987983466861E-02
0.085453269810529
8.47771684905263E-02
8.49500329323232E-02
8.42660490384786E-02
8.35815787162693E-02
8.28966490458158E-02
8.22112873182996E-02
8.15255210389902E-02
8.08393779303469E-02
8.01528859351877E-02
7.94660732199321E-02
7.87789681779203E-02
7.41870194611699E-02
0.073533796049951
5.06326830902935E-02
3.87743823793199E-02
3.46564313501518E-02
3.50863547211634E-02
3.62421061969897E-02
3.44392917958515E-02
3.41157348210331E-02
0.033792180137437
4.20138276648138E-02
4.09025086259519E-02
4.19000129339995E-02
4.14871645463637E-02
4.17589877155384E-02
4.20171739694547E-02
0.042932571300246
4.24927435005633E-02
4.92809820550097E-02
4.81158134150037E-02
4.95380470341138E-02
0.050919424073408
5.03710931451155E-02
0.036744562860842
3.20291277868915E-02
2.80188628507064E-02
2.77045308197775E-02
2.85813703063987E-02
2.88426004617089E-02
2.85087210979627E-02
3.33502318160341E-02
4.31835773715623E-02
4.26674582249729E-02
3.66056631747007E-02
3.72543008692714E-02
0.036253206635554
3.68692855796428E-02
3.42934980409442E-02
3.38557349828571E-02
5.14133436581648E-02
5.07420621284379E-02
5.00719437844126E-02
4.94030313462368E-02
4.87353680172636E-02
4.80689974934402E-02
0.047403963972916
4.67403121658719E-02
2.81076332557905E-02
2.45253609829778E-02
2.55121181517813E-02
0.022932226078726
2.43288532579944E-02
2.61018927871356E-02
2.35968910404231E-02
3.44336968668705E-02
3.18530682515757E-02
3.45634099055744E-02
3.40084131154049E-02
2.25627443620271E-02
3.40513241692873E-02
3.31061400572162E-02
3.25454217712287E-02
3.19866180687973E-02
3.14297774867095E-02
1.82442881671421E-02
1.24045294355632E-02
1.21792620976057E-02
1.19548799675741E-02
1.14055319328057E-02
0.009590713779838
9.40604880898741E-03
9.52960020752052E-03
9.03916729206802E-03
8.85698839221332E-03
7.22973022726522E-03
7.36255037305343E-03
7.20696655599538E-03
7.86589906805442E-03
7.42885710762619E-03
7.00452869659343E-03
6.84640586774443E-03
7.68018275035205E-03
7.74270197449966E-03
7.7948024732486E-03
7.6061260372067E-03
7.41865690794611E-03
7.67074876341262E-03
7.04744165769363E-03
6.23977003238271E-03
5.6690350453994E-03
5.31843994049122E-03
5.17142653422738E-03
5.21168338536058E-03
5.06161054164473E-03
4.91276642126578E-03
4.76517549531665E-03
4.94878136747545E-03
4.79341391841699E-03
4.6394702680951E-03
4.63654422019483E-03
4.48049844084633E-03
4.4655603744887E-03
3.90388070772976E-03
3.76236248672493E-03
3.37256856904342E-03
4.20481323350587E-03
4.04433993485922E-03
8.69560823509957E-03
8.4950666578608E-03
8.29594839097766E-03
4.10460730711395E-03
4.06079407697234E-03
3.90797488395133E-03
3.86446338952553E-03
3.92662899653128E-03
3.88098338771034E-03
3.83486830229847E-03
3.78827938212107E-03
3.84232624108094E-03
3.69366324002575E-03
3.64562798980604E-03
3.40266489301952E-03
3.26040186041095E-03
3.30945728765534E-03
3.44855407391985E-03
3.12251993606581E-03
3.16609396665637E-03
0.00320641646128
3.33110517799906E-03
2.9321738305274E-03
2.71380262472879E-03
3.00090338276348E-03
2.86638437393129E-03
2.97558289445548E-03
2.76261488091749E-03
0.002477722776091
2.35327778252677E-03
6.99190840437497E-03
5.89991172633544E-03
0.005702526110771
5.50722174681964E-03
5.51844137893907E-03
5.18961626125219E-03
5.06421740662654E-03
5.00119004964247E-03
4.87231975590897E-03
4.62250087947933E-03
2.4519312322313E-03
2.21192300898363E-03
1.98154985814367E-03
1.9210034330244E-03
1.80849098640427E-03
1.39926512094356E-03
3.2340798417749E-03
2.93330738548311E-03
2.73564203547899E-03
2.5015108349684E-03
3.47847738073869E-03
3.29434002013081E-03
3.15169496847396E-03
3.04552666951452E-03
2.93630636652308E-03
2.79137671464517E-03
2.61603138217005E-03
2.4744374419154E-03
2.33396269599874E-03
2.16870122713677E-03
2.05727888223721E-03
1.92156441844236E-03
1.91567047670459E-03
1.75536841592912E-03
1.01883315547999E-03
9.68582028643054E-04
4.57379512623529E-04
4.15095512351472E-04
3.74268593529179E-04
3.46199655027138E-04
3.07437973691808E-04
2.70599019071403E-04
2.35820615105658E-04
2.09791750103039E-04
2.67823279511403E-04
2.24722645870341E-04
1.85533329109452E-04
1.53500667149289E-04
1.39177527166921E-04
1.05793024887696E-04
8.38800643932414E-05
6.09478425443624E-05
5.20493730293405E-05
4.13925600807564E-05
2.59015869946805E-05
1.50542166479918E-05
8.34953045866857E-06
3.88316045206849E-06
1.56331865469226E-06
5.10541243826054E-07
1.18988762923832E-07
1.86134062252318E-08
1.56816181992194E-09
4.66254210484602E-11
1.54110132278073E-13
1.17034398248755E-17
1.89443010269711E-26
2.06511048972916E-61
0
0
0
0
0
0
0
0
0
0
0
0
0
0
0
0
0
0
0
0
0
0
0
0
0
0
0
0
0
0
0
0
0
0
0
0
0
0
0
0
0
0
0
0
0
0
0
0
0
0
0
0
0
0
0
0
0
0
0
0
0
0
0
0
0
0
0
0
0
0
0
0
0
0
0
0
0
0
0
0
0
0
0
0
0
0
0
0
0
0
0
0
0
0
0
0
0
0
0
0
0
0
0
0
0
0
0
0
0
0
0
0
0
0
0
0
0
0
0
0
0
0
0
0
0
0
0
0
0
0
0
0
0
0
0
0
0
0
0
0
0
0
0
0
0
0
0
0
0
0
0
0
0
0
0
0
0
0
0
0
0
0
0
0
0
0
0
0
0
0
0
""
