0
0
0
0
0
0
0
0
0
0
0
0
0
0
0
0
0
0
0
0
0
0
0
0
0
0
0
0
0
0
0
0
0
0
0
0
0
0
0
0
0
0
0
0
0
0
0
0
0
0
0
0
0
0
0
0
0
0
0
0
0
0
0
0
0
0
0
0
0
0
0
0
0
0
0
0
0
0
0
0
0
0
0
0
0
0
0
0
0
0
0
0
0
0
0
0
0
0
0
0
0
0
0
0
0
0
0
0
0
0
0
0
0
0
0
0
0
0
0
0
0
0
0
0
0
0
0
0
0
0
0
0
0
0
0
0
0
0
0
0
0
0
0
0
0
0
0
0
0
0
0
0
0
0
0
0
0
0
0
0
0
0
0
0
0
0
0
0
0
0
0
0
0
0
0
0
0
0
0
0
0
0
0
0
0
0
0
0
0
0
0
0
0
0
0
0
0
0
0
0
0
0
0
0
0
0
0
0
0
0
0
0
0
0
0
0
0
0
0
0
0
0
0
0
0
0
0
0
0
0
0
0
0
0
0
0
0
0
0
0
0
0
0
0
0
0
0
0
0
0
0
0
0
0
0
0
0
0
0
0
0
0
0
0
0
0
0
0
0
0
0
0
0
0
0
0
0
0
0
0
0
0
0
0
0
0
0
0
0
0
0
0
0
0
0
0
0
0
0
0
0
0
0
0
0
0
0
0
0
0
0
0
0
0
0
0
0
0
0
0
0
0
0
0
0
0
0
0
0
0
0
0
0
0
0
0
0
0
0
0
0
0
0
0
0
0
0
0
0
0
0
0
0
0
0
0
0
0
0
0
0
0
0
0
0
0
0
0
0
0
0
0
0
0
0
0
0
0
0
0
0
0
0
0
0
0
0
0
0
0
0
0
0
0
0
0
0
0
0
0
0
0
0
0
0
0
0
0
0
0
0
0
0
0
0
0
0
0
0
0
0
0
0
0
0
0
0
0
0
0
0
0
0
0
0
0
0
0
0
0
0
0
0
0
0
0
0
0
0
0
0
0
0
2.46031910334532E-45
7.28381759300545E-19
1.55912935954456E-12
1.27486812331379E-09
5.21748289268297E-08
5.30380382981489E-07
3.08939400197483E-06
9.9922987044026E-06
2.83207242850605E-05
5.81057786109235E-05
2.76876973340063E-04
4.73504741734473E-04
5.81454182584015E-04
8.58129561518834E-04
1.14129506565223E-03
1.45180518133201E-03
1.94072528279823E-03
2.3495568572259E-03
2.89830976481088E-03
3.55447139751548E-03
4.28355477682247E-03
5.1553402745787E-03
6.03842999196325E-03
6.0595335195287E-03
7.27572154979726E-03
1.01670284422836E-02
0.011309805140234
1.35100477766657E-02
1.49895408095579E-02
1.61871445535248E-02
1.77671609844052E-02
1.94088078662347E-02
2.13302151831259E-02
2.09838185988297E-02
2.26710734566477E-02
2.36067866500567E-02
2.39254220627836E-02
2.56346253750418E-02
2.80291480197935E-02
2.34918241935489E-02
2.54031719177146E-02
2.59120362253234E-02
1.58930267530119E-02
1.66131332157605E-02
1.98740239787095E-02
4.40584174008508E-02
4.58386723385705E-02
4.76250496261637E-02
4.94167429701852E-02
5.12130069635425E-02
5.30131521214935E-02
5.48165403291692E-02
5.66225806687884E-02
5.84307255963624E-02
6.02404674394757E-02
6.20513351895908E-02
4.08722506010851E-02
0.042031827402205
4.25164784736693E-02
4.36575954491882E-02
4.47982249380433E-02
4.81257070695138E-02
4.40882336090313E-02
4.89806550179673E-02
4.85688480746975E-02
4.88849870678292E-02
3.68727619499596E-02
4.01938046051563E-02
4.27659995070836E-02
4.27887655176035E-02
3.20806665413735E-02
3.36325175803772E-02
3.61456151081218E-02
3.96731699447292E-02
4.04187661852734E-02
3.72425188426491E-02
3.99096899796386E-02
4.36612698819222E-02
4.23519178358013E-02
4.41221329550301E-02
4.48575769112322E-02
4.55911861845491E-02
5.51463399099974E-02
5.04136729549425E-02
0.113763480958403
0.115491897349978
0.117215564558546
9.39581892296465E-02
8.92798093298059E-02
9.78859416513875E-02
9.92491738378214E-02
0.10312357421783
9.04925822117513E-02
6.45715352879673E-02
8.76538189987091E-02
2.91510710987943E-02
0.028177347290029
2.85275504306598E-02
2.75015456009145E-02
3.47911380660462E-02
3.37958186493951E-02
2.84923531099157E-02
3.02614364094444E-02
3.06047305639252E-02
3.09468457497365E-02
3.12877746820499E-02
3.46396540923343E-02
3.50104308366287E-02
3.38416296695368E-02
3.41937496730917E-02
3.45445914142211E-02
3.48941482440913E-02
3.04366299658622E-02
2.91185846353597E-02
3.26682224488855E-02
0.031332207270985
3.49577786251428E-02
3.86443378994068E-02
3.90001963589865E-02
4.10657323792376E-02
0.037981300682252
4.00593801982789E-02
3.86526844514791E-02
3.72142379268288E-02
4.28930647809987E-02
4.68585871552594E-02
4.90652987042498E-02
4.58037648339875E-02
4.80221310331298E-02
4.46831133673748E-02
4.50365859138485E-02
4.16061553184899E-02
0.041927370263997
4.22471769504731E-02
3.67611744741689E-02
3.70349259593554E-02
3.53438986109719E-02
3.36230813957006E-02
0.031872665525355
2.80866535646075E-02
2.82838071245546E-02
3.25486171713405E-02
2.86753492945987E-02
0.028869731980371
2.69872433502184E-02
0.027166012596971
2.52405353653653E-02
2.75209428163086E-02
2.76970984424943E-02
2.14402904147753E-02
1.94169997858523E-02
1.95371277270844E-02
1.52885004138855E-02
1.53809794240505E-02
1.54729794261929E-02
1.55644990351026E-02
1.56555368723035E-02
1.57460915659721E-02
1.58361617508651E-02
1.82008526494347E-02
2.05905126418412E-02
2.07044378972663E-02
1.85046517997291E-02
1.86047973867371E-02
1.87043800422023E-02
1.88033982569133E-02
1.89018505288186E-02
0.021374702283388
2.14841826806861E-02
2.39922459678827E-02
3.13462018955425E-02
3.39247486798464E-02
3.40910432553196E-02
2.69156873703802E-02
2.70447606995913E-02
2.47027615557999E-02
2.73005164387994E-02
2.74271949248521E-02
2.25434219093395E-02
2.01295588326081E-02
2.02199341926308E-02
0.020309721938779
2.03989206844107E-02
2.04875290503146E-02
2.31474888728424E-02
2.06629691634815E-02
2.07497981898328E-02
2.08360313947176E-02
2.09216674366901E-02
0.01838086685924
2.10911427045814E-02
0.023821851696991
0.023915490093515
2.40084492668498E-02
2.41007277605318E-02
2.41923241270649E-02
2.42832369279767E-02
0.024373464733875
2.71811179161164E-02
0.027279844098672
2.73778044721838E-02
2.74749974894286E-02
2.75714216135906E-02
3.32004903819902E-02
0.03609054421417
5.01409177503748E-02
4.47190380974954E-02
4.48671292578943E-02
4.22006023043935E-02
3.38696815187975E-02
3.39779442277645E-02
3.12448292219149E-02
3.13423475261398E-02
3.14390022281926E-02
3.15347917804267E-02
3.16297146475495E-02
3.17237693066905E-02
2.89245038613344E-02
2.61075828862275E-02
2.61823982688413E-02
2.62564984182564E-02
0.026329882140121
2.93361647228561E-02
2.94161061958663E-02
2.94952477272391E-02
2.95735880368738E-02
2.96511258565523E-02
2.97278599299949E-02
2.98037890129157E-02
3.88425854350017E-02
0.035943872748419
3.30294074624278E-02
3.61193171718277E-02
3.62055802393903E-02
3.62908686653665E-02
3.63751810591722E-02
3.64585160451239E-02
3.65408722624997E-02
3.35703943351318E-02
3.05855358531651E-02
0.027586541191211
3.07170689656324E-02
3.07816043751602E-02
2.77607858446378E-02
3.09082076103034E-02
3.09702733581501E-02
3.10315138291237E-02
3.10919280165898E-02
3.11515149268925E-02
0.031210273579397
2.81413827058786E-02
2.81927720284463E-02
3.13815703799675E-02
3.45807071024902E-02
3.77899314833308E-02
4.73180682243265E-02
4.73974699631815E-02
4.43105770410016E-02
4.12121769080503E-02
4.44529394093365E-02
4.77025296565527E-02
5.09606948834834E-02
5.42271820183764E-02
5.43071967079415E-02
5.43857810553121E-02
5.44629337565514E-02
4.49141852607615E-02
5.14004132903081E-02
5.14689781576111E-02
4.83151789717396E-02
4.83769222588898E-02
5.16665555810092E-02
5.17297053444089E-02
6.79763419761393E-02
6.80556639843388E-02
6.81332029677962E-02
6.49609120327914E-02
6.82829267214732E-02
6.83551089955156E-02
6.84255032525633E-02
6.84941083180825E-02
0.065296117187665
5.88222397062778E-02
5.56055242891278E-02
0.05238142034893
5.24268622721848E-02
4.59120690926962E-02
0.045949435974221
4.27009184716316E-02
0.036159022498372
0.032895960094279
3.29192243373613E-02
3.29416309747742E-02
2.96668616682943E-02
3.62822569412222E-02
4.29048120457782E-02
3.63249415986676E-02
3.63448661944852E-02
4.29754534000598E-02
3.96893217285533E-02
0.036398965091779
0.03641510542007
3.64302989654651E-02
3.97576859707885E-02
4.30865437416252E-02
4.31011412426895E-02
4.31146187267186E-02
4.31269759676478E-02
4.64565368165064E-02
0.043148328909817
3.98375300795273E-02
4.31651986362683E-02
4.31719519280296E-02
4.64989366313043E-02
4.31820948020147E-02
4.65074445381837E-02
0.049832021762239
4.31888987036906E-02
5.31555984295838E-02
5.97985300447744E-02
5.97954590496824E-02
5.31474091551506E-02
4.64991791226329E-02
4.64931676771097E-02
0.043165523862561
4.64775225376369E-02
4.31487541700539E-02
4.31386880251104E-02
3.31750009486839E-02
3.31655338325104E-02
3.31552049834527E-02
3.31440145747626E-02
2.98187665147133E-02
0.03643095482802
0.036415803533867
4.30178337078617E-02
0.046305204694809
4.95881863351882E-02
4.29540483144441E-02
0.042930550920622
4.29059363693904E-02
4.28802050730936E-02
4.28533574627099E-02
4.94139161398088E-02
4.93803635961477E-02
4.93455246184217E-02
4.93093997897108E-02
0.049271989714488
4.92332950185957E-02
5.24728707725017E-02
0.052428857999858
0.055657444423376
5.23367288444537E-02
4.90205756261933E-02
3.59144041977505E-02
3.58794478642849E-02
2.93265439437932E-02
0.029296409180091
2.92655081006614E-02
0.025985636640835
2.59568080613032E-02
2.91682121853676E-02
2.91342511233327E-02
2.90995264485904E-02
3.22933763770969E-02
3.22530984294034E-02
0.035433171391478
4.18210048746164E-02
4.17653449195053E-02
3.85002343843518E-02
5.44663429030659E-02
5.75886220004078E-02
6.07002316886431E-02
6.38009208469915E-02
6.68904386898355E-02
6.67881468292096E-02
6.66840930025178E-02
6.97486731681182E-02
0.069635978105077
6.63613771019949E-02
7.25598446357325E-02
6.92868583399581E-02
6.91668133051965E-02
7.53217479927754E-02
4.38589629010961E-02
4.06519989990008E-02
4.05767388725145E-02
3.73849852590642E-02
3.73135252896922E-02
0.037241072534884
3.40703258374696E-02
3.09109945427492E-02
0.0339329554232
3.38629112510725E-02
3.37919626298505E-02
3.37201107228271E-02
3.67062073170862E-02
3.66258564814532E-02
3.65445241419017E-02
3.64622116283793E-02
3.33473435954226E-02
3.32700971850166E-02
3.31919560218952E-02
3.91334525401802E-02
3.60359940518053E-02
2.99565243865013E-02
2.98822450253488E-02
3.27878739838601E-02
3.56775180377802E-02
2.66891101650545E-02
2.66193583799633E-02
2.65488843032328E-02
2.64776890757809E-02
2.64057738492221E-02
2.63331397858161E-02
2.91775422871295E-02
2.90952442782431E-02
2.61109363557079E-02
2.60354387786054E-02
2.59592283338161E-02
2.58823062463743E-02
2.58046737515895E-02
2.57263320949921E-02
2.27975844731361E-02
2.27266900704481E-02
0.022655168677139
0.02540589911572
2.53240306868727E-02
2.80460675343643E-02
2.23628361896916E-02
1.95021725185685E-02
1.66597036029914E-02
0.016602795228508
1.65454236524496E-02
1.64875897840187E-02
1.91675102951977E-02
1.63705388384261E-02
1.63113236111306E-02
1.89602580896375E-02
2.15886910917614E-02
2.15079068544057E-02
2.41048293145868E-02
2.66806458071571E-02
2.65773915487385E-02
2.64733825254683E-02
2.63686203651015E-02
2.62631067052372E-02
2.35411588739322E-02
2.60498314862709E-02
2.85362805761528E-02
2.58335701639695E-02
2.31518915198702E-02
2.30529025687206E-02
2.04028869586725E-02
2.28529288420617E-02
2.27519471606248E-02
0.022650304343796
2.50533355105497E-02
2.49389350932437E-02
0.02482380533501
2.96495376065442E-02
3.19687743482363E-02
3.18162750830029E-02
3.16628369471581E-02
0.031508462288155
3.13531534650996E-02
2.63973877950761E-02
2.86520702966559E-02
2.61306233497604E-02
2.59960665639968E-02
2.82117048653366E-02
2.80632153736409E-02
2.32615659333779E-02
2.31364153065931E-02
2.30105628261015E-02
2.51724114355988E-02
2.50324359223726E-02
2.48916946834993E-02
2.92502243605216E-02
2.90820914529564E-02
2.66889795373298E-02
2.43211151150833E-02
0.021978706654925
2.18466242740955E-02
0.02171385949577
2.80545386134251E-02
2.78801779736489E-02
2.77049380490157E-02
2.96464231289812E-02
2.52478439155753E-02
2.92642743176319E-02
3.11483520678016E-02
2.88783836403258E-02
0.026635182197943
0.026453861922836
2.62716838679477E-02
2.60886507914164E-02
2.39120912017151E-02
2.57200306922868E-02
2.35702608683845E-02
2.53480240443458E-02
2.32253149415037E-02
2.30516802200667E-02
2.47837140919227E-02
2.08102588933099E-02
1.87718009379272E-02
1.67620941185882E-02
1.47813309778673E-02
1.28297031533978E-02
0.012725301596205
1.08175385043514E-02
1.25151848010833E-02
1.06366910767618E-02
7.03047294915636E-03
6.96957185270107E-03
6.90842509363401E-03
6.84703368289301E-03
6.78539864457081E-03
6.72352101667482E-03
6.66140185194121E-03
8.24880277338364E-03
8.17055400230495E-03
1.13288103315806E-02
1.12184300295765E-02
1.11076366935677E-02
1.09964323566353E-02
9.32984493505419E-03
9.23382772283747E-03
9.13746366142319E-03
9.04075464062386E-03
1.34155538897169E-02
1.32694642460696E-02
1.45809623006855E-02
0.015859265255578
1.28281566812334E-02
1.40889466209873E-02
1.39238352215699E-02
1.37581770981514E-02
1.49511738676245E-02
1.47677604552474E-02
1.32579629579762E-02
1.57081910257268E-02
1.55061960330726E-02
1.53035762438574E-02
1.38419760829447E-02
1.36551122155855E-02
1.22433567764419E-02
1.32797228727075E-02
1.30912098046196E-02
1.29021598605042E-02
1.38682690348301E-02
1.36608843232026E-02
0.014574015741212
1.32444375459513E-02
1.41216759976916E-02
1.60322677588877E-02
1.47183289516072E-02
1.75738814379538E-02
1.72747938270569E-02
1.69750104317768E-02
1.66745488740131E-02
1.73365706003417E-02
1.60716669043217E-02
1.66968922470583E-02
1.63760935904355E-02
1.60546880266407E-02
0.016606741039897
1.62662840008965E-02
1.76016204805006E-02
1.64039471361867E-02
0.016846136208882
1.56834648132558E-02
1.60886953483988E-02
1.64574211418042E-02
0.018979595742478
1.85091544628802E-02
1.66508578599525E-02
1.55404802319252E-02
1.51237821424781E-02
1.59859330465608E-02
1.61543602411872E-02
1.68899492206999E-02
1.34576324321876E-02
1.36087724732253E-02
1.31752975272703E-02
1.38043240986201E-02
0.013336245293122
1.33641359078741E-02
1.24032705987304E-02
1.19387464858525E-02
1.10344273783789E-02
1.10146706339582E-02
9.74362129459799E-03
9.32199406349293E-03
8.90277176315896E-03
8.48624182238191E-03
7.73635270364216E-03
7.34325964493543E-03
6.34904907877871E-03
6.2825456049226E-03
6.45585275219621E-03
7.57877880678335E-03
6.8581411202567E-03
5.95624549022244E-03
5.73979924028621E-03
5.6906319661672E-03
5.06673955656516E-03
4.16275765475956E-03
3.35555468880128E-03
3.03861189308096E-03
2.6136784069314E-03
0.002226079949615
2.1563994110774E-03
1.56000726259852E-03
1.3508359628515E-03
1.15473486418689E-03
9.21386458600677E-04
7.20438937179042E-04
5.84602772480366E-04
5.99555740431891E-04
4.40964153966723E-04
3.91024579804588E-04
2.79501471013324E-04
4.10115369994107E-04
3.77494918647006E-04
2.24500759926875E-04
1.18438104164803E-04
4.24629644362791E-05
2.12609460766377E-05
5.95244544777819E-06
7.74209894192999E-07
7.19797950796107E-08
1.47568739704308E-09
2.68582262214594E-12
2.08216940972984E-18
1.7410325802355E-42
0
0
0
0
0
0
0
0
0
0
0
0
0
0
0
0
0
0
0
0
0
0
0
0
0
0
0
0
0
0
0
0
0
0
0
0
0
0
0
0
0
0
0
0
0
0
0
0
0
0
0
0
0
0
0
0
0
0
0
0
0
0
0
0
0
0
0
0
0
0
0
0
0
0
0
0
0
0
0
0
0
0
0
0
0
0
0
0
0
0
0
0
0
0
0
0
0
0
0
0
0
0
0
0
0
0
0
0
0
0
0
0
0
0
0
0
0
0
0
0
0
0
0
0
0
0
0
0
0
0
0
0
0
0
0
0
0
0
0
0
0
0
0
0
0
0
0
0
0
0
0
0
0
0
0
0
0
0
0
0
0
0
0
0
0
0
0
0
0
0
0
0
0
0
0
0
0
0
0
0
0
0
0
0
0
0
0
0
0
0
0
0
0
0
0
0
0
0
0
0
0
0
0
0
0
0
0
0
0
0
0
0
0
0
0
0
0
0
0
0
0
0
0
0
0
0
0
0
0
0
0
0
0
0
0
0
0
0
0
0
0
0
0
0
0
0
0
0
0
0
0
0
0
0
0
0
0
0
0
0
0
0
0
0
0
0
0
0
0
0
0
0
0
0
0
0
0
0
0
0
0
0
0
0
0
0
0
0
0
0
0
0
0
0
0
0
0
0
0
0
0
0
0
0
0
0
0
0
0
0
0
0
0
0
0
0
0
0
0
0
0
0
0
0
0
0
0
0
0
0
0
0
0
0
0
0
0
0
0
0
0
0
0
0
0
0
0
0
0
0
0
""
