0
0
0
0
0
0
0
0
0
0
0
0
0
0
0
0
0
0
0
0
0
0
0
0
0
0
0
0
0
0
0
0
0
0
0
0
0
0
0
0
0
0
0
0
0
0
0
0
0
0
0
0
0
0
0
0
0
0
0
0
0
0
0
0
0
0
0
0
0
0
0
0
0
0
0
0
0
0
0
0
0
0
0
0
0
0
0
0
0
0
0
0
0
0
0
0
0
0
0
0
0
0
0
0
0
0
0
0
0
0
0
0
0
0
0
0
0
0
0
0
0
0
0
0
0
0
0
0
0
0
0
0
0
0
0
0
0
0
0
0
0
0
0
0
0
0
0
0
0
0
0
0
0
0
0
0
0
0
0
0
0
0
0
0
0
0
0
0
0
0
0
0
0
0
0
0
0
0
0
0
0
0
0
0
0
0
0
0
0
0
0
0
0
0
0
0
0
0
0
0
0
0
0
0
0
0
0
0
0
0
0
0
0
0
0
0
0
0
0
0
0
0
0
0
0
0
0
0
0
0
0
0
0
0
0
0
0
0
0
0
0
0
0
0
0
0
0
0
0
0
0
0
0
0
0
0
0
0
0
0
0
0
0
0
0
0
0
0
0
0
0
0
0
0
0
0
0
0
0
0
0
0
0
0
0
0
0
0
0
0
0
0
0
0
0
0
0
0
0
0
0
0
0
0
0
0
0
0
0
0
0
0
0
0
0
0
0
0
0
0
0
0
0
0
0
0
0
0
0
0
0
0
0
0
0
0
0
0
0
0
0
0
0
0
0
0
0
0
0
0
0
0
0
0
0
0
0
0
0
0
0
0
0
0
0
0
0
0
0
0
0
0
0
0
0
0
0
0
0
5.32335297451581E-38
2.32300747859393E-18
8.5354000657372E-13
3.72505078179455E-10
1.26710054456842E-08
1.38119047000127E-07
7.69505519739147E-07
2.86065772765093E-06
7.34412312406115E-06
1.50034983911662E-05
2.73252589182103E-05
4.46892292593927E-05
7.17713302210343E-05
9.82013702325295E-05
1.22578252625966E-04
1.81252013195384E-04
2.33160240276317E-04
2.81867498267913E-04
3.20494986430301E-04
3.69400956415562E-04
4.51307498267098E-04
5.42496553053794E-04
5.98587463011162E-04
7.02340398442279E-04
7.86804042615214E-04
8.73733935264357E-04
9.97128968818772E-04
9.78234554188577E-04
1.06379381402958E-03
1.15038161628811E-03
9.99721279384288E-04
1.01975092122335E-03
1.03327806027505E-03
1.04013752858801E-03
1.10139299179721E-03
1.16256338430676E-03
1.22356200256534E-03
1.28431241573992E-03
1.4194556933631E-03
1.62968110174058E-03
1.68450809126327E-03
1.82591801030662E-03
1.86849466087392E-03
2.23529126156925E-03
2.7593603153347E-03
2.82527306941617E-03
3.15343672727304E-03
3.35843766563955E-03
3.56855048169851E-03
3.78363074023779E-03
3.65540306043909E-03
4.2281294016353E-03
4.65106741261934E-03
4.28293574724536E-03
4.28581214565467E-03
4.27144371338785E-03
4.94572283790579E-03
5.17395329105586E-03
5.66306579817121E-03
6.17793136158316E-03
5.87905058157384E-03
6.12054702237784E-03
5.15271080172646E-03
5.66799109365243E-03
6.53627156454113E-03
7.11631179601555E-03
6.67013145375584E-03
6.90407355271792E-03
7.51612723927164E-03
8.54387628526499E-03
9.22354288831539E-03
9.10359109007346E-03
8.53365091245933E-03
8.79338221117043E-03
9.0551207472288E-03
1.07166237565546E-02
1.00635866649628E-02
0.01083693145542
1.11329986956117E-02
1.29897096552325E-02
1.27971362499752E-02
1.47668288080663E-02
1.56996700015599E-02
1.78113665541828E-02
1.94201780267878E-02
1.92796858640122E-02
2.34291918853363E-02
2.64889987599529E-02
2.77301086266545E-02
0.034275431110482
2.02037490180279E-02
5.91534110170897E-02
5.96918506335222E-02
6.23560708319956E-02
6.36201921932553E-02
6.48885654341036E-02
0.066161030973723
5.65854322365177E-02
6.00291844525446E-02
6.11506836288509E-02
6.14558204757317E-02
6.42369496747444E-02
6.36838604739327E-02
7.60342436420763E-02
7.73490641991779E-02
7.86667262097827E-02
9.08944326251224E-02
9.23977970852522E-02
9.39039599235973E-02
6.67889484522057E-02
7.26930997299544E-02
8.07190584700281E-02
8.29617233857323E-02
8.42217834198863E-02
9.06331232397469E-02
9.19725252930285E-02
8.90719634551217E-02
9.68071709045297E-02
9.81814791058031E-02
9.95570691719036E-02
9.98123538323751E-02
0.10117489946841
0.101386303782771
8.75585596820596E-02
8.51606430121149E-02
8.62656341491117E-02
8.73711185706302E-02
5.40692932645651E-02
5.59895529345654E-02
5.29023996646831E-02
5.35480095001642E-02
5.93550122213988E-02
5.87565572540693E-02
6.34116706413304E-02
6.28132002908928E-02
6.48875615933257E-02
6.56253603253888E-02
6.22153192037495E-02
6.29066833626835E-02
6.35978309941357E-02
0.110005153096906
0.11407482753036
9.33967852769047E-02
7.07835078416676E-02
7.30089870150492E-02
7.52646379304386E-02
7.60297983473547E-02
7.21867463348552E-02
4.65350638503277E-02
4.69931093755135E-02
5.06141461876953E-02
4.95049343886995E-02
5.15891260703077E-02
5.53306431467049E-02
5.91324372087675E-02
5.80211469921067E-02
3.84769132886508E-02
4.05132888863769E-02
4.42826724297985E-02
4.46754531050729E-02
4.85344699476232E-02
0.041962581558756
4.76141479882647E-02
4.97983224504856E-02
0.052011904904264
5.24463176082774E-02
5.47035053215363E-02
6.80201630351696E-02
6.48651836353892E-02
6.16497466365019E-02
0.054607921136306
5.50380349840694E-02
8.22447295006527E-02
8.28801684580685E-02
8.93410016557815E-02
8.80612796599271E-02
8.87224573682146E-02
0.101299957678639
0.102046275227526
7.25583846188818E-02
7.30829934718269E-02
7.36064733314992E-02
8.23653403018339E-02
8.50180265488593E-02
8.14341238846884E-02
7.98936771416305E-02
7.62063160169889E-02
0.149182932757368
0.163057440836223
0.159822632999091
0.169572179002001
0.148797813211035
0.18499885966782
0.188402038273945
0.187369077880465
0.188549424895274
0.203278444035495
0.20453615337582
0.205790330008471
0.218543209464082
0.21985948257402
0.221171905312536
0.222480437866403
0.176672400585926
0.177699216917349
0.183488812437645
0.182139904860543
0.183170701244402
0.208434804849979
0.209593734365804
0.210748864023918
0.209436204907854
0.210570292211913
0.211700525084049
0.207819180023623
0.208915196984683
0.212537565076941
0.21363894683525
0.214736361752865
0.213260376860193
0.216919167942718
0.218004498230222
0.221693903270873
0.209678916605081
0.210700796880386
0.20907221445181
0.20741427781527
0.208398891258419
0.228170016204094
0.223840582765039
0.224875584948083
0.220462763599445
0.183186610018802
0.184011617262826
0.193109196566767
0.193963732200458
0.230994368514157
0.248769698314353
0.275106731637992
0.273462745089053
0.277451804902157
0.275773246684535
0.179855558450723
0.180597153015159
0.187091897433668
0.167619771068263
0.156686328928303
0.154396657344318
0.172553355251335
0.231949085622634
0.232847593457486
0.233741518681951
0.288091029668117
0.247440367663942
0.176548592148212
0.165188630513286
0.138664739047123
0.142194380553996
0.252014052136823
0.262055344033636
0.269098361646798
0.263904407971711
0.264821075670926
0.265732470160799
0.266638568888812
0.279983040150606
0.280920128779354
0.191032754921599
0.163382525398233
0.170218579579986
0.164442568387486
0.168140109317471
0.165489433053372
0.181970188841023
0.182534845985665
0.189520251584782
0.212651011307942
0.226218830612496
0.217170121741864
0.214561205011332
0.189105757435
0.304100244963742
0.193477529571608
0.184161545914605
0.194573238507539
0.195115203005055
0.175756285592764
0.152959580031973
0.153372873982687
0.297536796395436
0.268156762211142
0.292384473124027
0.330206540252888
0.280382265781839
0.284480796807559
0.291985822664336
0.292711567978551
0.303667345946556
0.294145205806625
0.342852400786255
0.34366852095231
0.344477650478134
0.345279770450971
0.346074862142549
0.34686290700882
0.347643886689708
0.348417783008869
0.349184577973453
0.349944253773881
0.35069679278362
0.351442177558977
0.352180390838885
0.352911415544713
0.353635234780067
0.354351831830609
0.355061190163873
0.355763293429097
0.35645812545705
0.357145670259873
0.357825912030924
0.358498835144625
0.359164424156317
0.359822663802122
0.360473538998804
0.361117034843641
0.361753136614298
0.362381829768707
0.36300309994495
0.363616932961146
0.364223314815341
0.364822231685408
0.365413669928943
0.36599761608317
0.21627869355026
0.209271498127004
0.213268534643349
0.206224601426682
0.239722929472056
0.210525639862007
0.20343090210826
0.251870581367492
0.241094005682835
0.233995972871654
0.234311411298842
0.208552921545728
0.231198828809109
0.321106009223959
0.317771778916318
0.314421693356039
0.318551299071898
0.318931241166686
0.319304626483201
0.31591060607028
0.316266614577171
0.316616118982089
0.313185788675284
0.309740927450111
0.310063017173162
0.310378727859982
0.306899173739151
0.284442973113858
0.284714191097843
0.307777913443018
0.296648604021802
0.300718939223695
0.300979896722283
0.308860851779939
0.316748190101024
0.320822123669771
0.321073207769077
0.309842048611444
0.310071408773869
0.298801998305528
0.291343622305234
0.237835944275744
0.226476190534277
0.203573864329133
0.211385569204682
0.130752184331168
0.126979107474774
0.127049066776759
0.134820432936844
0.134889077523813
0.134954942449401
0.119587394675496
0.123500185152286
0.131274820758134
0.123602813375398
0.127514378815197
0.139157157920303
0.139204852469704
0.16245795726783
0.177983752624058
0.174163395034009
0.181951266334689
0.348500664543316
0.325338371217866
0.337024275367545
0.337084004061276
0.33713678351465
0.348809599194137
0.356602035573141
0.376018175871225
0.376046018555319
0.31791155556998
0.317921984444132
0.317925858777632
0.244258051762382
0.116309979374604
0.10855058930784
0.108542959911075
0.112409274612089
0.112396737551419
0.11625712064512
0.127863293146313
0.127841117578796
0.120069863681901
0.100682132485076
9.29154764176606E-02
0.100632658065615
0.116082471805078
0.112179680428662
0.116011026626184
0.115971716691846
0.119794350220714
0.12747451915709
0.135146022858617
0.131229326664931
0.127313263170428
0.127254261987885
0.115629671229853
0.123276018073068
0.119360830530248
0.123143802910594
0.119227829581119
0.115313848620441
0.130609357706242
0.126687966922641
0.118932362369797
0.12268631379643
0.122601210289606
0.118685032143514
0.145377822634319
0.156736281587647
0.137515009455995
0.12977147042069
0.122037630203535
0.118124427857222
0.114215293141007
0.114114272619333
0.114010903138746
0.113905187013928
0.106210651505424
0.102318051921565
0.10978818329777
9.83310503368721E-02
9.82292926143307E-02
0.116995805322858
0.10178970637421
0.101677746786802
9.78020777564365E-02
9.76902400479896E-02
9.75763937033138E-02
8.99635765700337E-02
8.98547865219867E-02
7.85261308744492E-02
7.09584039992936E-02
7.45977874787375E-02
7.82260346386644E-02
0.078122785335378
7.43027916898106E-02
7.04913343649684E-02
8.15083430776753E-02
7.76937644220431E-02
7.75825153952232E-02
8.48477380054583E-02
9.94567400824788E-02
9.93075728856598E-02
0.102828826227321
0.102669911867909
9.88478598267103E-02
0.106000975346364
0.109479159065832
0.116586551905232
0.112755665028717
0.105303487754027
9.42488452355016E-02
0.086848371985733
9.03083658426037E-02
9.73596546171648E-02
9.71842809715695E-02
0.100599767009867
9.32413640217773E-02
8.23282798053193E-02
0.082172130573052
7.84484618123954E-02
0.071178082322748
6.39341337123286E-02
6.38066868893109E-02
6.01402734164583E-02
6.35478856900877E-02
5.98933963260259E-02
5.62523505625419E-02
5.26249667064177E-02
5.25122811515933E-02
5.58917595727697E-02
5.22836996890338E-02
4.86899551475986E-02
4.85807984539971E-02
4.84706521689665E-02
5.18137702052455E-02
4.48011581765959E-02
4.46961371547856E-02
4.45902069000687E-02
5.13269652585492E-02
5.12026484182524E-02
5.44824438667384E-02
5.43476227433977E-02
6.43763915075902E-02
0.064213674389577
6.06786200408714E-02
6.05220022145888E-02
6.03641575369689E-02
5.68603625332978E-02
5.33731578613715E-02
5.32295999080092E-02
4.97671545694369E-02
4.63218491736732E-02
3.95943580128858E-02
4.27737633617038E-02
4.59337577705891E-02
3.59877065081246E-02
4.24082186811934E-02
4.22846564393199E-02
4.21602421153655E-02
3.88015188019635E-02
3.54613508763617E-02
3.53539295193102E-02
3.84499608293985E-02
4.15254948928353E-02
4.13960318066984E-02
4.12657381180218E-02
0.037970415689498
3.78486199747402E-02
0.040869905266594
3.76027579626366E-02
0.040601922491359
4.04667126613776E-02
0.040330694961622
3.71020363787704E-02
4.00562493853917E-02
3.68472261148371E-02
3.67187195921587E-02
4.26877302321072E-02
4.55743996534654E-02
4.54110410414007E-02
4.52467820661911E-02
5.10925104202167E-02
4.79099514793265E-02
4.77318872044682E-02
5.05249353134058E-02
0.044412126818981
4.42425531536361E-02
4.40721085848078E-02
4.68275172791206E-02
4.66438657236993E-02
4.93630053854307E-02
4.91659362972605E-02
4.60874401229536E-02
4.59001571642645E-02
0.042854979711074
4.26777267925208E-02
4.24996431882947E-02
3.66779690636719E-02
3.93316023367351E-02
3.63657274931716E-02
3.89938221530352E-02
3.60506712554343E-02
0.03589209800261
3.57328335839406E-02
3.28365066746103E-02
0.032688229113234
3.25393253573292E-02
3.23897994002472E-02
2.95530173262076E-02
2.67407475035613E-02
2.66146072509514E-02
0.029136758263123
2.89968969137556E-02
2.88564877548838E-02
3.39365409405865E-02
4.41598822557249E-02
4.13556539942411E-02
0.03857652350359
3.83814010594805E-02
0.038185563745326
3.54564159231118E-02
3.77917665460054E-02
4.51125813421691E-02
4.48742116844619E-02
3.96755712753473E-02
3.94622277315628E-02
3.92481636728426E-02
3.17146255456149E-02
0.033965661458342
3.61891036172672E-02
3.59857750941784E-02
3.33963471791169E-02
3.08335612117178E-02
2.82975500536331E-02
2.81328490700172E-02
2.33063756679556E-02
2.08514701721751E-02
2.07268367817887E-02
2.06018417268602E-02
2.27516542614417E-02
1.80895839702106E-02
1.79775333437666E-02
1.78651750175431E-02
1.55334484449018E-02
1.76395493630608E-02
0.017526289157961
1.74127355002945E-02
1.72988920281847E-02
1.71847624112243E-02
1.92041441448408E-02
1.90751170291309E-02
1.68406938696901E-02
0.016725457016252
1.45337087488139E-02
1.64941852576093E-02
2.25199674236367E-02
2.23600786780548E-02
2.21998439607002E-02
2.00356989007698E-02
2.58562421469385E-02
2.36914030160943E-02
2.15555565439114E-02
1.94487961909008E-02
2.12314830183216E-02
0.021068984014485
2.09061847020656E-02
2.07430910437704E-02
0.02057970906258
1.85600407663067E-02
1.84110041199735E-02
2.19140665535525E-02
2.17346405952195E-02
2.15549339885096E-02
2.13749537271134E-02
2.11947068804255E-02
2.45165673610067E-02
1.90973219222012E-02
1.72103655767922E-02
2.21771309169763E-02
2.70529690693892E-02
3.51890583604644E-02
3.48707188498485E-02
3.45520169118147E-02
3.91233899972809E-02
3.87583779696104E-02
4.15924158916734E-02
4.11962093611362E-02
5.17841597535598E-02
5.43882888976252E-02
5.23148731811034E-02
0.051795007089736
5.12747640165205E-02
5.37397081290264E-02
0.05614304027693
5.70226144324352E-02
5.64244239664688E-02
0.05439451281379
5.23950502147484E-02
5.04260843626681E-02
5.26437458784815E-02
5.06898060324965E-02
5.14757296657054E-02
4.68738093226969E-02
4.63357054961511E-02
4.71060772123893E-02
4.52594487778319E-02
3.96103455198774E-02
3.91338100947894E-02
3.74103509056194E-02
3.57177396445843E-02
3.28397061938506E-02
3.96307006520546E-02
4.14953665512913E-02
4.32989225284923E-02
0.036957090640729
3.64667754950815E-02
3.59768049934872E-02
3.54872133810043E-02
3.60917241264272E-02
3.23524752105894E-02
3.72105383649475E-02
3.35333426004724E-02
3.20134880904868E-02
2.95071536581389E-02
0.070161199674504
4.24469680206033E-02
4.08238798249447E-02
3.82751674280569E-02
0.038613236204763
3.70687868719889E-02
3.73789138511895E-02
0.037660186630041
3.70310621079264E-02
3.64032824236492E-02
0.034925079017252
3.43150568703189E-02
4.35718623409866E-02
3.79434195316726E-02
3.40793403847673E-02
3.26684517020161E-02
3.20519194340988E-02
3.14372739899696E-02
0.030824590298833
2.94945654246045E-02
3.03103077265973E-02
4.55699924283682E-02
4.46207696218079E-02
3.24255734543102E-02
1.55394931645542E-02
1.58317958605466E-02
1.54781855340326E-02
1.45211487571673E-02
1.41848506726478E-02
1.50044050002828E-02
1.46437572222517E-02
1.48344670093088E-02
1.55354405841877E-02
1.51398693791128E-02
1.47466802110076E-02
1.48509854551462E-02
1.63760041946343E-02
0.016392323893069
1.54751208215733E-02
1.28193266347426E-02
1.37293010808541E-02
1.37325733556437E-02
0.019763800009274
1.83608740342122E-02
0.020416547822515
3.54659600125686E-02
3.42694526001951E-02
3.27439362812511E-02
3.29000430416405E-02
3.17050667243832E-02
3.05237555972301E-02
2.93565392411683E-02
2.82038595228393E-02
1.75930110693726E-02
0.017123000773535
2.06152486144215E-02
2.01856211666577E-02
2.10876288147024E-02
2.01060512111508E-02
2.05819446586222E-02
1.95630221030801E-02
0.018563204070814
1.75830659485784E-02
1.66231964417514E-02
1.56841972171212E-02
1.47666824019858E-02
1.38712779146359E-02
1.29986205974778E-02
0.012149357119756
1.13241426118894E-02
1.05236389878823E-02
9.74851290595697E-03
8.99943331047971E-03
8.27706849034244E-03
7.58208258020428E-03
7.19637258895472E-03
6.85916307771431E-03
6.52050301635393E-03
5.99538299731683E-03
5.84054654261873E-03
5.50025361598445E-03
4.95410765354923E-03
4.8220465439599E-03
4.48556180726138E-03
4.15191663564081E-03
3.82204646466912E-03
3.49698595969504E-03
3.17787391779219E-03
2.86595664502873E-03
2.56258901307753E-03
2.26923214203321E-03
1.98744633824936E-03
1.71887753407657E-03
1.46523503751856E-03
1.22825793064931E-03
1.00966701899844E-03
8.11098955726909E-04
6.3401927366018E-04
4.7961194586401E-04
3.48645383923648E-04
2.41319384546909E-04
1.57105618178707E-04
9.46069242395557E-05
5.14779663195237E-05
2.44682641727213E-05
9.65692396338853E-06
2.92215779217261E-06
5.93574222316813E-07
6.37112791847932E-08
2.23848261901984E-09
8.41505460352958E-12
1.17693549068817E-16
2.9546944329776E-31
0
0
0
0
0
0
0
0
0
0
0
0
0
0
0
0
0
0
0
0
0
0
0
0
0
0
0
0
0
0
0
0
0
0
0
0
0
0
0
0
0
0
0
0
0
0
0
0
0
0
0
0
0
0
0
0
0
0
0
0
0
0
0
0
0
0
0
0
0
0
0
0
0
0
0
0
0
0
0
0
0
0
0
0
0
0
0
0
0
0
0
0
0
0
0
0
0
0
0
0
0
0
0
0
0
0
0
0
0
0
0
0
0
0
0
0
0
0
0
0
0
0
0
0
0
0
0
0
0
0
0
0
0
0
0
0
0
0
0
0
0
0
0
0
0
0
0
0
0
0
0
0
0
0
0
0
0
0
0
0
0
0
0
0
0
0
0
0
0
0
0
0
0
0
0
0
0
0
0
0
0
0
0
0
0
0
0
0
0
0
0
0
0
0
0
0
0
0
0
0
0
0
0
0
0
0
0
0
0
0
0
0
0
0
0
0
0
0
0
0
0
0
0
0
0
0
0
0
0
0
0
0
0
0
0
0
0
0
0
0
0
0
0
0
0
0
0
0
""
