0
0
0
0
0
0
0
0
0
0
0
0
0
0
0
0
0
0
0
0
0
0
0
0
0
0
0
0
0
0
0
0
0
0
0
0
0
0
0
0
0
0
0
0
0
0
0
0
0
0
0
0
0
0
0
0
0
0
0
0
0
0
0
0
0
0
0
0
0
0
0
0
0
0
0
0
0
0
0
0
0
0
0
0
0
0
0
0
0
0
0
0
0
0
0
0
0
0
0
0
0
0
0
0
0
0
0
0
0
0
0
0
0
0
0
0
0
0
0
0
0
0
0
0
0
0
0
0
0
0
0
0
0
0
0
0
0
0
0
0
0
0
0
0
0
0
0
0
0
0
0
0
0
0
0
0
0
0
0
0
0
0
0
0
0
0
0
0
0
0
0
0
0
0
0
0
0
0
0
0
0
0
0
0
0
0
0
0
0
0
0
0
0
0
0
0
0
0
0
0
0
0
0
0
0
0
0
0
0
0
0
0
0
0
0
0
0
0
0
0
0
0
0
0
0
0
0
0
0
0
0
0
0
0
0
0
0
0
0
0
0
0
0
0
0
0
0
0
0
0
0
0
0
0
0
0
0
0
0
0
0
0
0
0
0
0
0
0
0
0
0
0
0
0
0
0
0
0
0
0
0
0
0
0
0
0
0
0
0
0
0
0
0
0
0
0
0
0
0
0
0
0
0
0
0
0
0
0
0
0
0
0
0
0
0
0
0
0
0
0
0
0
3.10557603871748E-187
8.76081833319284E-33
3.86720817222127E-19
5.7802959668617E-14
2.96055539012215E-11
1.3111217631906E-09
1.692599749806E-08
1.07308086187688E-07
4.89034019397566E-07
1.22609739634067E-06
2.67138031359561E-06
5.16705611464006E-06
8.69375370597653E-06
1.40009842616583E-05
3.37585310069455E-05
3.97867430658558E-05
5.55968364167324E-05
7.04553620736537E-05
9.16693637991486E-05
1.14288111478219E-04
8.6980263923226E-05
1.05437226037372E-04
2.48090759723168E-04
3.09572085795508E-04
3.67063987933282E-04
4.15306023721569E-04
4.70541960242357E-04
5.09614043641479E-04
5.53614384329478E-04
5.27793155213795E-04
5.79543088925475E-04
6.6924131143525E-04
7.36475513270085E-04
8.06326724351538E-04
6.82133828179578E-04
5.32433193036267E-04
6.077055307473E-04
6.03996534294339E-04
7.74123756790044E-04
1.57313114865847E-03
1.62465631976818E-03
1.55094019719785E-03
1.64472990415174E-03
1.72103652011474E-03
1.81717831423862E-03
1.89399181123009E-03
1.94888196348155E-03
2.00177085507269E-03
2.07594500699168E-03
2.14970545605797E-03
2.24799001509597E-03
2.32162613749181E-03
2.36812798134345E-03
1.61744711673472E-03
1.72106069364186E-03
1.8274535278938E-03
1.87698553203346E-03
1.34519447339593E-03
1.50454042147999E-03
1.63757268787707E-03
1.67619295005663E-03
1.71443079997895E-03
1.61484902063384E-03
1.64937475263136E-03
2.11338164258193E-03
3.06930244393356E-03
3.50158779240391E-03
3.56775961463383E-03
3.51725880023543E-03
3.5799286502041E-03
3.84201211927877E-03
3.98805969849105E-03
3.22611910353614E-03
3.36152429816595E-03
3.41361594523362E-03
3.50843383621325E-03
3.60394211172952E-03
3.74470432313903E-03
3.79696529219355E-03
3.84863217594114E-03
3.85328615978484E-03
3.85615653047737E-03
3.90489105233879E-03
4.12820334869503E-03
4.17110508256935E-03
4.31026409112305E-03
4.50352877183079E-03
4.75809097239082E-03
4.89767117453347E-03
5.0984419992107E-03
5.3016095578692E-03
5.50712276048959E-03
5.71493143955929E-03
5.77686167868817E-03
6.2906700684109E-03
6.51043327688781E-03
7.38916775402648E-03
7.21088363589349E-03
6.21897163590262E-03
6.41648205381292E-03
6.33616482860062E-03
6.24054223445026E-03
8.30430783997744E-03
8.74927699657093E-03
8.99841679524005E-03
8.17389401621149E-03
3.64619458590046E-03
3.63042563809662E-03
3.60935907519002E-03
4.29950505180149E-03
4.16328721474011E-03
4.14108020592166E-03
4.37046966718954E-03
4.47497921721399E-03
4.58008184351237E-03
4.54794692824918E-03
4.79201038944799E-03
5.04289155546678E-03
5.00614581602775E-03
0.006317303885941
9.52316776617041E-03
9.56490116470218E-03
8.80099911010022E-03
8.97867525872341E-03
1.18209838285899E-02
1.40892569204594E-02
7.43987538898512E-03
7.40473505506007E-03
7.54312960711771E-03
7.6820249403329E-03
7.63518353375528E-03
7.58215621959685E-03
6.94421258312771E-03
0.013737244256143
0.013573361693212
1.74563003507828E-02
1.75407684624992E-02
0.01489247765608
1.53470609867691E-02
1.38600291759628E-02
1.36388171906667E-02
1.25108060711278E-02
1.20226086714698E-02
1.17444800316629E-02
1.16866868410764E-02
1.16223520750964E-02
1.22734066836632E-02
1.07415443760467E-02
9.90414149448545E-03
1.07967571183464E-02
9.67393662509946E-03
8.77448245620295E-03
8.37037891614153E-03
7.95243091851663E-03
7.78919272858145E-03
7.61906827152886E-03
7.71766778758968E-03
6.97892164723034E-03
1.15901663266594E-02
2.37563538028284E-02
2.49192819889656E-02
2.58104582219637E-02
2.61224153179611E-02
2.58338658226803E-02
2.67471546152029E-02
2.52149080451154E-02
2.55065436004519E-02
2.61129899126633E-02
2.89539672607881E-02
2.95999514241253E-02
2.92773204771773E-02
3.25581450680817E-02
3.25789427214745E-02
0.029904666957804
3.02224312597686E-02
3.05402759250548E-02
3.15516275002757E-02
3.22270244782333E-02
3.25557348042803E-02
3.32419036329309E-02
0.033574208799081
3.24481571413714E-02
3.23979716902021E-02
0.033455793063727
3.37772399295505E-02
3.40986152162382E-02
3.36550176883411E-02
3.51271054584296E-02
3.50621675887456E-02
3.42036761167456E-02
3.33236551974576E-02
3.12212878980314E-02
2.78645303394817E-02
2.72953031346414E-02
3.24649872494964E-02
3.27457756996381E-02
3.30263679103852E-02
3.33067523994935E-02
2.84851074882773E-02
2.65790490188085E-02
1.85860947694652E-02
1.74308794732957E-02
1.31791762215186E-02
1.41707611419285E-02
0.014283618714754
1.43963563435145E-02
1.31487538081186E-02
1.32506932025683E-02
1.51942381093609E-02
1.62378363040452E-02
1.68278577001731E-02
1.64828392121385E-02
1.42329409922941E-02
1.43375902197367E-02
1.44420917892511E-02
1.35766791449015E-02
1.41622823791317E-02
1.47546730957143E-02
1.48585467220335E-02
1.54609959822419E-02
2.66162322499185E-02
0.039439805910922
3.15628431320471E-02
3.22882356189556E-02
3.40519809031591E-02
4.36262637798969E-02
5.12319594662398E-02
5.15659761919804E-02
5.18993467740725E-02
0.043704376856918
4.29094737310324E-02
3.50837310226466E-02
0.033673685163343
3.27894630302061E-02
0.034640605932886
2.43409477512984E-02
2.44881275546083E-02
2.46349737782105E-02
2.47814817585675E-02
2.43611094354876E-02
2.33639100980369E-02
2.34994575782523E-02
2.24817619229889E-02
2.20303160583524E-02
2.50701427983644E-02
2.69697808967291E-02
2.53512555727571E-02
2.60840787745165E-02
2.62269547265055E-02
2.69687487109898E-02
2.71140748448795E-02
2.60474849841573E-02
2.49676402385293E-02
2.57110984954283E-02
6.09208280740891E-02
4.32981783080996E-02
4.22769213689139E-02
4.37418722264262E-02
5.02430946320526E-02
5.04946977358498E-02
4.88425563696265E-02
5.41827543333899E-02
5.38069892346385E-02
2.51029157062842E-02
2.45768575215134E-02
2.40442286164977E-02
0.023505056710807
2.95191898659856E-02
3.88830765075352E-02
4.43592092373397E-02
4.19019032671243E-02
4.20922270135229E-02
4.09395827493331E-02
4.71897882086438E-02
5.62016153928794E-02
5.71288042205823E-02
5.60117807327893E-02
5.14518651188727E-02
5.16725884044758E-02
4.98167530135101E-02
4.86373505853053E-02
4.74454771869729E-02
0.045540573200098
4.50245764853307E-02
4.45020622872978E-02
3.26251745919443E-02
3.20441348252703E-02
3.21717933789055E-02
3.30166573230054E-02
3.38665946848703E-02
3.32748332195511E-02
3.48553742917309E-02
3.20728691733173E-02
3.14627348133169E-02
3.67220772653934E-02
4.49679120655796E-02
6.14119870327403E-02
4.75273721223596E-02
4.91907245779289E-02
5.23599891935995E-02
5.93031377588018E-02
4.67066020911325E-02
4.91386195453402E-02
6.44820176606773E-02
7.23170261572977E-02
7.48561573107501E-02
7.58767048430606E-02
7.15180094140635E-02
6.78987539259624E-02
6.88974793905042E-02
7.37834112448149E-02
7.40232588900842E-02
0.078170305361753
7.84199987111518E-02
7.86682935789139E-02
7.89151836577196E-02
7.91606626863961E-02
7.94047244498048E-02
7.96473627787326E-02
7.98885715497855E-02
8.01283446852848E-02
8.03666761531672E-02
8.06035599668862E-02
8.08389901853176E-02
8.10729609126667E-02
8.13054662983784E-02
8.15365005370498E-02
8.17660578683449E-02
8.19941325769126E-02
8.22207189923059E-02
8.24458114889042E-02
8.26694044858374E-02
8.28914924469126E-02
8.31120698805423E-02
8.33311313396754E-02
8.35486714217295E-02
0.083764684768526
8.39791660662263E-02
8.41921100452704E-02
8.44035114803175E-02
8.46133651901878E-02
8.48216660378065E-02
8.50284089301493E-02
0.08523358881819
8.54372006968491E-02
8.56392396049446E-02
8.58397006251437E-02
8.60385788839167E-02
4.57050108622908E-02
4.84016779914152E-02
4.50453478864971E-02
4.94863559679271E-02
6.69969771575125E-02
6.53987572778277E-02
5.76747660571099E-02
6.74304824577414E-02
6.75724868614178E-02
5.27635611900741E-02
8.19519974501334E-02
8.21189518624794E-02
6.28192571436647E-02
5.85116791197778E-02
5.68503302057891E-02
5.42909563625654E-02
5.61788865039354E-02
0.05271203995058
4.56502929738898E-02
4.75286218888336E-02
4.76158554570572E-02
4.59021161816011E-02
4.59843433869857E-02
4.78722088306833E-02
0.048860698490028
0.047132245379375
5.53839703029809E-02
8.73083067581564E-02
8.56313742090574E-02
8.66842239833086E-02
8.95663005249932E-02
8.97092990386168E-02
9.07674556805648E-02
6.33604738035293E-02
6.25379153562746E-02
6.17113832828595E-02
5.71911741320218E-02
0.078522473379975
7.40105541039389E-02
7.41162101183358E-02
9.27755873978885E-02
9.29041638195231E-02
9.30309888953301E-02
9.31560596506227E-02
0.093279373153513
9.34009265149059E-02
9.35207168884921E-02
9.36387414707423E-02
9.37549975009019E-02
9.38694822609853E-02
9.39821930757713E-02
0.094093127312798
9.42022823823592E-02
9.43096557374998E-02
0.094415244874012
9.45190473304325E-02
9.46210606880386E-02
9.47212825708458E-02
9.48197106456046E-02
9.49163426217982E-02
9.50111762516406E-02
7.13281569975555E-02
5.14055374351742E-02
5.24066758743626E-02
3.24266445080586E-02
2.95920709924272E-02
3.05735335247539E-02
0.023906119530301
2.58403092804904E-02
3.35241912596381E-02
3.35510488377865E-02
3.35772693276492E-02
3.45629336111286E-02
3.55493850070448E-02
3.65365681781192E-02
0.035600098110168
0.088579688979879
6.55154363044556E-02
8.86956889805662E-02
0.092609906283287
8.78396726831734E-02
8.40278517272913E-02
7.15125088013533E-02
0.076386265204482
0.077394068000396
7.93693206094487E-02
7.94082112474707E-02
7.65390447152473E-02
7.65735999307454E-02
7.75764026700171E-02
7.66383370696371E-02
8.83143682597036E-02
8.93183027517486E-02
8.74076566380193E-02
8.74370483406457E-02
9.71830832761873E-02
9.72120398032392E-02
9.72391448480737E-02
9.72643977862844E-02
0.097287798036192
9.73093450588442E-02
9.73290383580165E-02
9.73468774802128E-02
9.73628620146653E-02
9.73769915933351E-02
9.73892658909128E-02
9.73996846248183E-02
9.74082475552013E-02
9.74149544849416E-02
9.74198052596488E-02
9.74227997676634E-02
9.74239379400559E-02
9.74232197506273E-02
9.74206452159092E-02
9.74162143951637E-02
9.74099273903833E-02
9.74017843462907E-02
0.097391785450339
9.73799309327113E-02
9.73662210663204E-02
9.73506561668088E-02
9.73332365925482E-02
9.73139627446395E-02
9.72928350669118E-02
0.097269854045923
9.72450202109585E-02
9.72183341340311E-02
9.71897964298808E-02
9.71594077559738E-02
9.71271688125025E-02
9.70930803423845E-02
9.70571431312625E-02
9.70193580075033E-02
9.69797258421978E-02
9.69382475491597E-02
9.68949240849257E-02
9.68497564487542E-02
9.68027456826254E-02
9.67538928712401E-02
9.67031991420199E-02
9.66506656651056E-02
9.65962936533579E-02
0.096540084362356
9.64820390903974E-02
9.64221591784978E-02
9.63604460103902E-02
0.096296901012525
9.62315256540692E-02
0.096164321446907
9.60952899456386E-02
9.60244327475809E-02
0.095951751492767
9.58772478639468E-02
9.58009235865864E-02
9.57227804288689E-02
9.56428202016946E-02
9.55610447586814E-02
9.54774559961653E-02
9.53920558532015E-02
9.53048463115646E-02
9.52158293957501E-02
9.51250071729752E-02
9.50323817531804E-02
9.49379552890305E-02
9.48417299759168E-02
9.47437080519582E-02
0.094643891798004
9.45422835376354E-02
9.44388856371686E-02
9.43337005056567E-02
9.42267305948934E-02
9.41179783994153E-02
9.40074464565062E-02
0.0938951373462
9.37810536912851E-02
9.17918941941623E-02
0.089805670514477
8.87567732117695E-02
8.77086059232773E-02
8.75930653162266E-02
9.30594385893461E-02
0.092933010152582
9.28048296932501E-02
9.17481512169668E-02
9.16177925331178E-02
8.96375122778365E-02
8.58154230386305E-02
8.66094886001518E-02
8.37192045670799E-02
7.62427773547317E-02
7.61248470026769E-02
0.091572874963907
9.14273467751632E-02
9.12801020058655E-02
8.29293411630945E-02
8.37020385507093E-02
8.35618549640935E-02
8.61403259845951E-02
8.68975226185836E-02
8.40355282293645E-02
8.38875084908236E-02
4.95224254141037E-02
4.31415557791421E-02
7.35655038442514E-02
7.16385128038634E-02
7.23982705600025E-02
6.78006281843264E-02
0.067670750246688
6.75396108022796E-02
6.82941499990006E-02
6.90439168068944E-02
6.36050415239017E-02
6.25944418620753E-02
6.33458859639253E-02
6.76044400906682E-02
6.74627191858638E-02
6.29483344060866E-02
3.83860145879226E-02
3.83028912548408E-02
4.16935184595063E-02
5.20016162888396E-02
5.27501289910299E-02
0.052630973194639
7.31708501354346E-02
7.30021085579293E-02
0.073688868003539
7.69347430933188E-02
0.085279791439359
8.50749658616116E-02
8.48685761433669E-02
8.46606273237044E-02
8.44511244856895E-02
8.42400727564264E-02
8.40274773071115E-02
0.08381334335309
8.35976761539124E-02
8.33804810133942E-02
8.31617632796773E-02
8.29415283452924E-02
8.27197816472241E-02
8.24965286669781E-02
8.22717749306495E-02
8.20455260089944E-02
8.18177875175023E-02
8.15885651164721E-02
8.13578645110887E-02
8.11256914515036E-02
8.08920517329165E-02
8.06569511956595E-02
8.04203957252846E-02
8.01823912526528E-02
7.99429437540257E-02
7.97020592511606E-02
7.94597438114074E-02
7.92160035478085E-02
7.89708446192019E-02
0.069277360442687
0.068274377199779
6.72751495839588E-02
0.068619009395454
6.91743500138506E-02
6.89487002995468E-02
6.64053613971494E-02
6.46457746279715E-02
6.44293552177105E-02
6.42117979996101E-02
6.32312858555191E-02
6.30140867274122E-02
6.65786583805965E-02
6.03145749573051E-02
5.85994892682555E-02
6.06370602351455E-02
6.11656689404126E-02
6.09446060956246E-02
6.22035193407006E-02
0.062712695217305
4.92491510453627E-02
4.68681461835172E-02
4.66915181728555E-02
3.92462599072064E-02
3.98198743720456E-02
3.96660231197629E-02
4.16666651732997E-02
3.93562876460888E-02
3.42112683914599E-02
0.039043869172704
3.25233919391498E-02
3.94329612627753E-02
3.71677285370948E-02
3.56175819955595E-02
3.61648712048159E-02
3.32429266125027E-02
4.89638774214934E-02
0.050815184934432
6.83739887561647E-02
6.80776755301648E-02
5.96466088437622E-02
5.93838804740932E-02
5.91201766421185E-02
4.41416285101955E-02
6.65793999648532E-02
6.42881674538585E-02
6.59724477992103E-02
6.56673680376646E-02
6.53612306171664E-02
6.50540442033203E-02
6.47458175185457E-02
6.44365593424617E-02
6.41262785122802E-02
6.38149839232112E-02
0.063502684528875
6.31893893417267E-02
6.28751074334894E-02
6.25598479355996E-02
6.22436200396612E-02
6.19264329979129E-02
6.16082961237049E-02
6.12892187919886E-02
6.09692104398172E-02
6.06482805668588E-02
0.060326438735922
6.00036945734942E-02
5.96800577702924E-02
5.93555380818283E-02
5.90301453289857E-02
5.87038893986134E-02
5.83767802441312E-02
0.058048827886151
5.77200424131132E-02
5.73904339819376E-02
5.70600128186912E-02
5.67287892192712E-02
5.63967735501049E-02
5.60639762488665E-02
5.57304078252114E-02
5.53960788615273E-02
5.50610000137056E-02
5.47251820119286E-02
5.43886356614784E-02
5.40513718435639E-02
5.37134015161682E-02
5.33747357149168E-02
5.30353855539662E-02
5.26953622269154E-02
5.23546770077377E-02
5.20133412517373E-02
5.16713663965268E-02
0.051328763963031
5.09855455565132E-02
5.06417228676275E-02
5.02973076734965E-02
4.99523118388157E-02
4.96067473169841E-02
0.049260626151264
4.89139604759673E-02
4.85667625176723E-02
4.82190445964701E-02
4.78708191272413E-02
4.08690048140296E-02
4.00969613331487E-02
3.79268106540967E-02
3.67137438329965E-02
3.64367907086682E-02
4.43983698572035E-02
4.54200928733407E-02
4.50682657774151E-02
4.33745659390479E-02
0.043919816550361
4.40104904322445E-02
4.36571791379258E-02
4.33035309568464E-02
4.29495597842082E-02
0.042595279633429
4.22407046380333E-02
4.18858490535913E-02
4.15307272597071E-02
4.11753537620569E-02
4.08197431944776E-02
0.04046391032111
4.01078700385955E-02
3.97516373783279E-02
3.93952275087636E-02
3.90386557377903E-02
3.86819375151555E-02
3.48758304758117E-02
3.03744993905615E-02
2.97127380441804E-02
2.94305922253872E-02
2.91483934879944E-02
2.88661547528567E-02
2.71366035453609E-02
2.54356238265957E-02
2.37632289758656E-02
2.59815524447318E-02
2.71072929639091E-02
0.027860536741977
3.26770344753854E-02
0.029302919827709
2.89923677941427E-02
2.70335358147542E-02
2.67410471460457E-02
2.61261439356311E-02
8.29351693215554E-03
8.20091534434548E-03
8.1083698652197E-03
8.01588552084048E-03
7.61871864824101E-03
6.92752978475454E-03
7.73885041736712E-03
7.35255964264629E-03
7.8451208118454E-03
7.4625520632917E-03
6.23669650403224E-03
6.71892376298358E-03
7.18713590714528E-03
6.00392900994984E-03
5.65714919196111E-03
5.31750209912069E-03
5.24734468624213E-03
5.17729346680433E-03
5.3627207233329E-03
5.03752818448015E-03
4.96782356128031E-03
4.89824401359994E-03
4.58735469805526E-03
3.80758377657299E-03
3.98675918972437E-03
3.92808385466409E-03
3.86953613428037E-03
3.36275335277658E-03
3.09057523075043E-03
3.04269687974197E-03
2.9949385555324E-03
2.73678240256275E-03
2.48554072691427E-03
2.44493374626674E-03
2.40444320087444E-03
2.95509075755899E-03
3.09843404012548E-03
3.04494079409729E-03
2.43069285395311E-03
2.20386192002507E-03
2.16414570705914E-03
2.12457169437813E-03
2.08514379568002E-03
2.21635481936954E-03
2.00674230875168E-03
1.80379546063747E-03
1.92897383187802E-03
1.89033744713695E-03
1.85187202339581E-03
1.96471377274248E-03
0.001923427638425
1.88234119926729E-03
1.69980872227213E-03
1.80078746750638E-03
1.76033042157245E-03
1.72009356824301E-03
1.68008225629805E-03
1.64030192853999E-03
1.72389336430181E-03
1.6815685170869E-03
1.52240273524918E-03
1.48360273058775E-03
1.55622106003757E-03
1.51500228567683E-03
1.47407633346323E-03
1.2286713974976E-03
1.1941114807822E-03
1.1598202594922E-03
1.2196208419541E-03
1.45609133123264E-03
1.32327567733564E-03
1.45274414017612E-03
1.3234837550551E-03
1.20008293197686E-03
1.08247285450298E-03
9.70582565611478E-04
9.36367159978354E-04
9.02514974203916E-04
1.00273151489045E-03
8.35932294675416E-04
9.26790216403895E-04
8.30200083656027E-04
7.95831656162711E-04
7.61908318671511E-04
7.80471041675833E-04
2.63271955616986E-03
2.53096951108603E-03
2.40522910384194E-03
2.74714295480811E-03
2.66540349452273E-03
2.94721312755956E-03
3.66713779121034E-03
3.5715747637271E-03
3.4766910820608E-03
3.42531946473938E-03
0.003373361222593
3.32081148957257E-03
3.18597410503496E-03
3.13357188097021E-03
3.08058094448459E-03
3.02699819671655E-03
2.93470799309473E-03
2.95545852869143E-03
2.60576978258503E-03
2.51884013297954E-03
1.26929572205591E-03
1.55364079763978E-03
1.62167373365369E-03
1.48665661093886E-03
1.35581222460594E-03
1.38680242057223E-03
2.73656230833445E-03
2.42759634011645E-03
2.3640402184776E-03
2.2999244782351E-03
2.20766923450632E-03
2.14328948696649E-03
2.07841215045264E-03
1.8620816852566E-03
1.77687861114192E-03
1.90456510326682E-03
1.83714007607038E-03
1.68199333949085E-03
1.7853128422677E-03
1.71361587432281E-03
1.68034138215169E-03
1.60660133421015E-03
1.25089667377884E-03
1.17389550933672E-03
1.14643576048992E-03
1.10067442744859E-03
1.05347902659288E-03
9.91561256555215E-04
9.30107398910112E-04
9.04474882832911E-04
8.20007507999662E-04
8.30816780692101E-04
7.66198309184133E-04
6.94292281602467E-04
6.48820045147794E-04
5.94983441543256E-04
5.41635471738307E-04
4.8339133248029E-04
4.27572857075374E-04
3.74424386762811E-04
3.24192263929846E-04
2.77120009765462E-04
2.36188487765485E-04
2.00201245995607E-04
1.62658690158982E-04
1.2480740355332E-04
9.20162649017009E-05
3.918604548358E-05
2.83088539554901E-05
1.95496447980921E-05
1.24985600999683E-05
8.13616589378798E-06
4.74387012843199E-06
3.18320629518172E-06
1.39691053779314E-06
5.09510754136059E-07
1.24794149823347E-07
2.28735914086804E-08
1.72597664771867E-09
9.55178079330142E-11
4.53971102427039E-13
2.18459077058816E-17
8.7250806424656E-28
1.07179614227579E-87
0
0
0
0
0
0
0
0
0
0
0
0
0
0
0
0
0
0
0
0
0
0
0
0
0
0
0
0
0
0
0
0
0
0
0
0
0
0
0
0
0
0
0
0
0
0
0
0
0
0
0
0
0
0
0
0
0
0
0
0
0
0
0
0
0
0
0
0
0
0
0
0
0
0
0
0
0
0
0
0
0
0
0
0
0
0
0
0
0
0
0
0
0
0
0
0
0
0
0
0
0
0
0
0
0
0
0
0
0
0
0
0
0
0
0
0
0
0
0
0
0
0
0
0
0
0
0
0
0
0
0
0
0
0
0
0
0
0
0
0
0
0
0
0
0
0
0
0
0
0
0
0
0
0
0
0
0
0
0
0
0
0
0
0
0
0
0
0
0
0
0
0
0
0
0
0
0
0
0
0
0
0
0
0
0
0
0
0
0
0
0
0
0
0
0
0
0
0
0
""
