0
0
0
0
0
0
0
0
0
0
0
0
0
0
0
0
0
0
0
0
0
0
0
0
0
0
0
0
0
0
0
0
0
0
0
0
0
0
0
0
0
0
0
0
0
0
0
0
0
0
0
0
0
0
0
0
0
0
0
0
0
0
0
0
0
0
0
0
0
0
0
0
0
0
0
0
0
0
0
0
0
0
0
0
0
0
0
0
0
0
0
0
0
0
0
0
0
0
0
0
0
0
0
0
0
0
0
0
0
0
0
0
0
0
0
0
0
0
0
0
0
0
0
0
0
0
0
0
0
0
0
0
0
0
0
0
0
0
0
0
0
0
0
0
0
0
0
0
0
0
0
0
0
0
0
0
0
0
0
0
0
0
0
0
0
0
0
0
0
0
0
0
0
0
0
0
0
0
0
0
0
0
0
0
0
0
0
0
0
0
0
0
0
0
0
0
0
0
0
0
0
0
0
0
0
0
0
0
0
0
0
0
0
0
0
0
0
0
0
0
0
0
0
0
0
0
0
0
0
0
0
0
0
0
0
0
0
0
0
0
0
0
0
0
0
0
0
0
0
0
0
0
0
0
0
0
0
0
0
0
0
0
0
0
0
0
0
0
0
0
0
0
0
0
0
0
0
0
0
0
0
0
0
0
0
0
0
0
0
0
0
0
0
0
0
0
0
0
0
0
0
0
0
0
0
0
0
0
0
0
0
0
0
0
0
0
0
0
0
0
0
0
0
0
0
0
0
0
0
0
0
0
0
0
0
0
0
0
0
0
0
0
0
0
0
0
0
0
0
0
0
0
0
0
0
0
0
0
0
0
0
0
0
0
0
0
0
0
0
0
0
0
0
0
0
0
0
0
0
0
0
0
0
0
0
0
0
0
0
0
0
0
0
0
0
0
0
0
0
0
0
0
0
0
0
0
0
0
0
0
0
0
0
0
0
0
0
0
0
0
0
0
0
0
0
0
0
0
0
0
0
0
0
0
0
0
0
0
0
0
0
0
0
0
0
0
0
0
0
0
0
0
0
0
0
0
0
0
0
0
0
0
0
0
0
0
0
0
0
0
0
0
0
0
0
0
0
0
0
0
0
0
0
0
0
0
0
1.74298047755397E-111
1.98068808836027E-24
2.82886993452237E-14
2.4322074016912E-10
2.99498442495627E-08
5.93855355477295E-07
4.54656708427343E-06
1.99101403711789E-05
5.74172915087282E-05
1.37002057263866E-04
2.78665711753688E-04
3.81888413436416E-04
6.3252838967657E-04
9.73644579762487E-04
1.70109292417644E-03
2.3272381467394E-03
1.20557861586462E-03
1.62712692512251E-03
2.02374775901569E-03
2.46206128518514E-03
2.93944514609815E-03
4.66631715731668E-03
5.18923959462405E-03
6.06199757276711E-03
9.66445763987889E-03
1.03676867284289E-02
1.22295926935908E-02
1.36934285436048E-02
1.52275944661911E-02
1.65987694108101E-02
1.87458248873786E-02
1.99550677345123E-02
2.14340908777963E-02
1.64227789818513E-02
1.38712285053392E-02
1.47347192084513E-02
1.48604310513491E-02
1.56916688247133E-02
1.73520527998426E-02
1.73618005743963E-02
2.04738162617457E-02
2.18919268313046E-02
2.18610229567688E-02
2.38164286840608E-02
2.58537051346216E-02
3.13286616925186E-02
3.24913139283187E-02
3.06455906324464E-02
3.23183773867578E-02
3.21017057478535E-02
3.04735034836707E-02
3.00432459511067E-02
3.30423759167664E-02
3.25416247891549E-02
3.12123211088745E-02
0.031284446343756
0.037574311374113
3.77144999715215E-02
3.04120294708906E-02
0.034494433028133
3.52836537518972E-02
5.71800421015416E-02
5.84138325822356E-02
5.87212757856709E-02
5.89824118154472E-02
8.49772045191704E-02
0.044768727445935
4.85848606561607E-02
5.65422715608092E-02
4.52187983881435E-02
4.70509787659845E-02
5.95456654580886E-02
5.72884686096789E-02
5.82138547454391E-02
6.02475861518083E-02
7.02385021329539E-02
0.073595139227432
7.00098834308633E-02
6.74652870788556E-02
6.84133915193222E-02
6.69202672924024E-02
0.113444615259887
0.109940162835666
0.110090833142739
0.111479169804547
7.52372704781423E-02
5.12025597211863E-02
4.91524975646878E-02
4.97233436714578E-02
5.16485209947042E-02
5.35992162200011E-02
5.41856879178954E-02
5.33628473126311E-02
5.39245097464134E-02
5.44813228913504E-02
5.35850658768319E-02
5.85057871168538E-02
0.059076744488288
5.96426978712773E-02
6.32138554068765E-02
6.53166673869669E-02
6.59090865340655E-02
5.72176863415548E-02
0.057718384973356
5.82145869633043E-02
5.87063132452358E-02
8.47908101142961E-02
8.22566880553804E-02
0.104051618837042
0.108148791866291
8.25655649209199E-02
8.98498857718936E-02
6.03484194272534E-02
0.060792711138629
8.33446666220855E-02
0.087364065134229
0.129376113456074
0.123319466848413
0.138144020505346
0.139064414475321
0.148835063434103
0.151577928775909
0.156128522738771
0.157102799345419
0.17078539305745
0.135260222378432
0.134225432282934
0.133160930830363
0.176709467655255
0.187063175837925
0.188105400702679
0.189136673536888
0.190157026550506
0.191166491187509
0.192165098139735
0.193152877360738
0.194129858079634
0.195096068814906
0.196051537388163
0.196996290937811
0.197930355932643
0.198853758185314
0.199766522865696
0.200668674514097
0.195513429942708
0.196367996792473
0.201278570625544
0.204171620287189
0.205021053752006
0.205860008926832
0.20668850630196
0.207506565837994
0.208314206977512
0.209111448656521
0.209898309315726
0.210674806911591
0.211440958927206
0.212196782382942
0.212942293846917
0.213677509445252
0.214402444872126
0.215117115399634
0.215821535887446
0.179708048257575
0.154211775765715
0.152511407804143
0.168273490557675
0.168776592696009
0.169271864683745
0.171963982376054
0.168028060074442
0.144106513213947
0.140052138137866
0.156028266158392
0.156435975045772
0.16355819014196
0.166214793499661
0.164371753556768
0.155739157788863
0.160631117712559
0.161001768451147
0.111364780780592
0.129832915759233
0.159788306560456
0.171563222403859
0.190255018865482
0.144701468108152
0.158794417871598
0.221355670708857
0.221770401777931
0.231432878562749
0.231844960053205
0.232247085716345
0.232639261409949
0.212049558442782
0.219390158216027
0.184667354007562
0.189627945602612
0.117225540880463
0.110348324841194
0.112851044984853
0.101230216302097
6.12877111541671E-02
5.42834322138793E-02
5.67115155955805E-02
5.67770751963477E-02
0.106575489566756
0.11617302636121
0.121038969554762
0.125909416210488
0.128405888316251
0.183261965931662
0.190565241776798
0.193104552274063
0.200411353280676
0.20055784744755
0.200696057043615
0.203216769294206
0.20573209659412
0.210635327997471
0.213140253738708
0.213242826396069
0.210939589692212
0.211023670875516
0.201503671229257
0.201567383569679
0.201622823620662
0.20166999204548
0.206511482012479
0.204141177077607
0.201761872700225
0.225796906793122
0.21379259602496
0.216192131843861
0.213778636058526
0.213758512928596
0.20172234497718
0.201686811808058
0.189640447790156
0.167992443633933
0.167942154114168
0.215852105124589
0.208577395042013
0.208489185134383
0.208392404167135
0.150828554150615
0.150746055502052
0.150657347447186
0.155342188550293
0.162402671617638
0.1933122286392
0.19078145814175
0.193012232566398
0.195231112537336
0.195059031245407
0.147347425885069
0.156702171962671
0.083015817045939
8.52979254230626E-02
8.99381830743773E-02
0.172579509928275
0.193627627871619
0.193390705071062
0.235543493009438
0.235234758768282
0.211424504742919
0.213474680990957
0.234249089722157
0.233900696300393
0.233542376425302
0.233174125078918
0.232795937059485
0.232407806977573
0.232009729252076
0.231601698106077
0.231183707562577
0.230755751440103
0.230317823348177
0.229869916682644
0.22941202462087
0.228944140116795
0.228466255895846
0.227978364449703
0.227480458030924
0.226972528647412
0.22645456805674
0.225926567760319
0.22538851899741
0.224840412738978
0.224282239681387
0.223713990239934
0.223135654542211
0.22254722242131
0.221948683408849
0.221340026727833
0.220721241285334
0.220092315665
0.219453238119385
0.218803996562089
0.218144578559728
0.217474971323706
0.216795161701807
0.216105136169596
0.215404880821622
0.214694381362438
0.213973623097418
0.213242590923378
0.212501269319003
0.21174964233507
0.210987693584475
0.210215406232055
0.20943276298421
0.208639746078326
0.207836337271989
0.207022517832009
0.113409047687777
0.115003598974411
0.159524352608697
0.154783683359709
0.150069461567322
0.149420699455593
0.148764125554638
0.142095679970769
0.139458421001522
9.32044043959472E-02
9.07936585778618E-02
0.104111671438949
0.146614506765307
0.145893128307536
0.114195428984145
0.1059125051628
0.118775875105346
0.110529989604001
0.149746891549897
0.15459148402031
0.155615400166581
0.151016154035466
0.155719161174599
0.154819704474013
0.146581852724299
0.142064792698053
0.141203584368579
0.140333652089905
0.137667081680322
0.133237975945352
0.134141177104619
0.110464905166988
0.158494066654361
0.157417314562357
0.166637602940477
0.167173406829694
0.165979965256719
0.168137903926083
0.166896838630846
0.165644066942864
0.164379539242794
0.163103204950079
0.161815012525213
0.160514909474218
0.159202842355602
0.157878756790032
0.156542597473041
0.155194308191059
0.153833831841132
0.1524611104547
0.151076085225855
0.149678696544518
0.148268884035059
0.14684658660087
0.14541174247552
0.143964289281125
0.142504164094646
0.141031303522922
0.139545643787267
0.138047120818597
0.136535670364107
0.135011228106637
0.133473729797968
0.131923111407416
0.130359309287217
0.128782260356359
0.127191902304653
0.125588173819049
0.123971014834369
0.12234036681086
0.120696173041214
0.119038378989962
0.117366932668443
0.115681785048868
0.113982890521369
0.112270207398311
0.110543698470582
0.108803331621054
0.107049080500969
0.105280925275566
0.103498853445931
0.101702860754796
9.98929521847873E-02
9.70884516279444E-02
9.62314602510014E-02
9.43799435256049E-02
9.25146470066381E-02
9.06356408021779E-02
8.87430127928466E-02
0.086836870603574
7.30289156484196E-02
6.97070523836513E-02
6.23998595208983E-02
0.060100900124919
5.86027559218842E-02
0.05559274558506
6.58168021505318E-02
6.32991140159593E-02
6.56489964340767E-02
6.30505663695157E-02
6.11335789519577E-02
2.70843066081511E-02
2.80272728844849E-02
2.88427520559112E-02
3.40735912263512E-02
3.28256852394249E-02
2.47334126312424E-02
2.77942021212529E-02
2.80967514200579E-02
2.68824327447232E-02
2.56682305213385E-02
2.27686203020589E-02
1.44275887586066E-02
1.21585097210933E-02
1.04175741471388E-02
9.81977873234301E-03
2.79965145743942E-02
2.59126762482678E-02
2.41653769921649E-02
2.19240491337606E-02
0.014780253889184
1.33708201736358E-02
1.20233479642055E-02
8.73758441270887E-03
8.37346381632932E-03
7.19865727528919E-03
6.38368300176251E-03
5.94681711458484E-03
5.16022840033859E-03
4.33384130634939E-03
6.30670857505515E-03
5.22564861194327E-03
4.28948816032164E-03
3.47395215619118E-03
2.70223783530516E-03
2.02947732759596E-03
1.42935335387824E-03
9.75871890092995E-04
6.23484568903585E-04
3.5049059910717E-04
1.68103802295276E-04
7.78958736859285E-05
2.83040365402201E-05
7.43179717342084E-06
1.18533752801376E-06
6.12283595064421E-08
1.15799331040127E-09
1.43005316722371E-12
4.22625684037494E-19
6.4113837388442E-45
0
0
0
0
0
0
0
0
0
0
0
0
0
0
0
0
0
0
0
0
0
0
0
0
0
0
0
0
0
0
0
0
0
0
0
0
0
0
0
0
0
0
0
0
0
0
0
0
0
0
0
0
0
0
0
0
0
0
0
0
0
0
0
0
0
0
0
0
0
0
0
0
0
0
0
0
0
0
0
0
0
0
0
0
0
0
0
0
0
0
0
0
0
0
0
0
0
0
0
0
0
0
0
0
0
0
0
0
0
0
0
0
0
0
0
0
0
0
0
0
0
0
0
0
0
0
0
0
0
0
0
0
0
0
0
0
0
0
0
0
0
0
0
0
0
0
0
0
0
0
0
0
0
0
0
0
0
0
0
0
0
0
0
0
0
0
0
0
0
0
0
0
0
0
0
0
0
0
0
0
0
0
0
0
0
0
0
0
0
0
0
0
0
0
0
0
0
0
0
0
0
0
0
0
0
0
0
0
0
0
0
0
0
0
0
0
0
0
0
0
0
0
0
0
0
0
0
0
0
0
0
0
0
0
0
0
0
0
0
0
0
0
0
0
0
0
0
0
0
0
0
0
0
0
0
0
0
0
0
0
0
0
0
0
0
0
0
0
0
0
0
0
0
0
0
0
0
0
0
0
0
0
0
0
0
0
0
0
0
0
0
0
0
0
0
0
0
0
0
0
0
0
0
0
0
0
0
0
0
0
0
0
0
0
0
0
0
0
0
0
0
0
0
0
0
0
0
0
0
0
0
0
0
0
0
0
0
0
0
0
0
0
0
0
0
0
0
0
0
0
0
0
0
0
0
0
0
0
0
0
0
0
0
0
0
0
0
0
0
0
0
0
0
0
0
0
0
0
0
0
0
0
0
0
0
0
0
0
0
0
0
0
0
0
0
0
0
0
0
0
0
0
0
0
0
0
0
0
0
0
0
0
0
0
0
0
0
0
0
0
0
0
0
0
0
0
0
0
0
0
0
0
0
0
0
0
0
0
0
0
0
0
0
0
0
0
0
0
0
0
0
0
0
0
0
0
0
0
0
0
0
0
0
0
0
0
0
0
0
0
0
0
0
0
0
0
0
0
0
0
0
0
0
0
0
0
0
0
""
