0
0
0
0
0
0
0
0
0
0
0
0
0
0
0
0
0
0
0
0
0
0
0
0
0
0
0
0
0
0
0
0
0
0
0
0
0
0
0
0
0
0
0
0
0
0
0
0
0
0
0
0
0
0
0
0
0
0
0
0
0
0
0
0
0
0
0
0
0
0
0
0
0
0
0
0
0
0
0
0
0
0
0
0
0
0
0
0
0
0
0
0
0
0
0
0
0
0
0
0
0
0
0
0
0
0
0
0
0
0
0
0
0
0
0
0
0
0
0
0
0
0
0
0
0
0
0
0
0
0
0
0
0
0
0
0
0
0
0
0
0
0
0
0
0
0
0
0
0
0
0
0
0
0
0
0
0
0
0
0
0
0
0
0
0
0
0
0
0
0
0
0
0
0
0
0
0
0
0
0
0
0
0
0
0
0
0
0
0
0
0
0
0
0
0
0
0
0
0
0
0
0
0
0
0
0
0
0
0
0
0
0
0
0
0
0
0
0
0
0
0
0
0
0
0
0
0
0
0
0
0
0
0
0
0
0
0
0
0
0
0
0
0
0
0
0
0
0
0
0
0
0
0
0
0
0
0
0
0
0
0
0
0
0
0
0
0
0
0
0
0
0
0
0
0
0
0
0
0
0
0
0
0
0
0
0
0
0
0
0
0
0
0
0
0
0
0
0
0
0
0
0
0
0
0
0
0
0
0
0
0
0
0
0
0
0
0
0
0
0
0
0
0
0
0
0
0
0
0
0
0
0
0
0
0
0
0
0
0
0
0
0
0
0
0
0
0
0
0
0
0
0
0
0
0
0
0
0
0
0
0
0
0
0
0
0
0
0
0
0
0
0
0
0
0
0
0
0
0
0
0
0
0
0
0
0
0
9.50647971329388E-92
5.63551435015731E-22
2.44102535845345E-13
3.21995928615432E-10
2.81904213044492E-08
3.74993945485335E-07
2.3282823870709E-06
8.40895471025299E-06
2.45306607537068E-05
9.69128959621636E-05
1.83401645050726E-04
3.14380766117765E-04
4.91256957971179E-04
7.20055585095614E-04
1.00327342871975E-03
1.34198276572672E-03
1.73611542996693E-03
2.18473362138449E-03
2.68626628489514E-03
3.23870443317588E-03
3.80135892314557E-03
4.4869682269301E-03
5.17781307840545E-03
5.90975845368068E-03
6.68031319694737E-03
5.69016593756634E-03
6.41231312642317E-03
7.17596779105201E-03
7.27329880146631E-03
7.94249283032135E-03
8.86994452416945E-03
9.59452871449481E-03
1.18720495406392E-02
1.28909750805678E-02
1.36266294213662E-02
1.45275748573261E-02
1.63512740577091E-02
1.73345715181924E-02
2.03678541308366E-02
2.14887438523012E-02
2.26223760336178E-02
2.37678852090943E-02
2.49244639762426E-02
2.60913586811022E-02
2.72678654044239E-02
2.84533262378298E-02
2.96471258362892E-02
3.08486882316289E-02
3.20574738909923E-02
1.39746503416598E-02
1.44877836525197E-02
1.57177971087044E-02
1.69993863207076E-02
1.79507539200108E-02
1.73516695232018E-02
1.66797821047213E-02
1.67732448758262E-02
1.59793571346009E-02
3.46671934761139E-02
3.56505539686537E-02
3.66360884557109E-02
3.85883101320782E-02
3.96029858955837E-02
4.11270645807385E-02
0.042157615365503
4.85215497879348E-02
4.91362180639349E-02
5.58724953665029E-02
5.71503017685857E-02
0.058429049931766
5.97085802703791E-02
6.09887402668903E-02
6.22693840358863E-02
5.91018458846024E-02
6.02933602002968E-02
6.14849507736835E-02
6.33504439828301E-02
6.73016656103596E-02
6.99559755557427E-02
7.12363996837322E-02
7.25163360934834E-02
7.37956833500095E-02
7.50743436489914E-02
0.076352222615811
7.76292291175932E-02
7.89052750873136E-02
8.01802753591089E-02
8.14541475139899E-02
8.27268117352239E-02
8.39981906727076E-02
8.52682093157052E-02
8.65367948733731E-02
8.78038766625383E-02
8.90693860022365E-02
7.22666048916431E-02
6.68646580828845E-02
6.77847489697192E-02
9.03498143357469E-02
9.06025167524976E-02
8.50307065936289E-02
8.12391805965213E-02
8.22772344699478E-02
8.53210878455961E-02
8.63805141806684E-02
0.097724882954886
9.89046805043183E-02
0.102189268098991
0.10445522253478
0.103508874891327
0.103601359604335
0.105872515157205
0.108165787550725
0.112735772133942
0.113957779298743
6.68027179709921E-02
4.42296029963492E-02
4.46908554924705E-02
4.87155958345592E-02
7.20160128418088E-02
6.91022172437762E-02
7.46849252861489E-02
7.91255558212696E-02
7.73946336040959E-02
7.68742657265585E-02
8.77774124345927E-02
0.080892493009984
6.09048442521851E-02
0.062767480109921
5.67355646884502E-02
5.45781796373075E-02
8.19160232795006E-02
0.088046591607966
8.88034384632104E-02
8.81802685703042E-02
0.138939247964885
0.140093377835927
0.14124402791866
0.142391167225961
0.14353476510941
0.144674791249982
0.14581121564916
0.146944008620438
0.137708020926522
0.134278724740488
0.135288275952617
0.139323220334389
0.134246185812733
0.133686706782228
0.134649419502181
0.118462838147908
0.122437362385321
0.151743251157564
0.148015876409828
0.160243860129221
0.161326871691792
0.162405865013474
0.163480814286462
0.16455169391984
0.165618478535549
0.166681142964527
0.167739662243008
0.119843748242373
0.152859749848891
0.152092191263988
0.110036349163188
0.140105069481543
0.139201885429014
0.140024942049295
0.140844528376549
0.131036078868044
0.128225894276353
0.134327137712181
0.151292190738319
0.143078637246592
0.152972544800784
0.146482918917993
0.136228528268362
0.151763157900401
0.15256663756419
0.145885072255377
0.148522217455836
0.107712240372996
0.123454649724487
8.01725184467513E-02
6.90620316989949E-02
7.51866548320319E-02
4.84322201619976E-02
4.47733444904478E-02
4.49879488902738E-02
6.48542559638519E-02
6.51589973090927E-02
6.74458455052027E-02
6.77565291384142E-02
7.40713410481559E-02
6.83729214140895E-02
7.06985762400342E-02
7.50693398891224E-02
0.195628162363072
0.204663597234196
0.205542873422564
0.204352974333113
0.207286395904886
0.208150605463085
0.209009756297573
0.201469277157833
0.191748656904235
0.194632142620676
0.197527734705127
0.189773812646149
0.190511110310971
0.186946182410327
0.191971853871235
0.179704577083464
0.180374879469597
0.181040824404295
0.181702398100984
0.18235958687869
0.183012377161779
0.183660755479711
0.184304708466803
0.222824364893983
0.223589500612886
0.224349257053579
0.22510361861562
0.225852569823691
0.226596095327396
0.227334179901066
0.22806680844358
0.228793965978193
0.22951563765237
0.230231808737643
0.230942464629464
0.231647590847072
0.232347173033371
0.233041196954815
0.233729648501298
0.234412513686056
0.235089778645576
0.235761429639506
0.236427453050584
0.237087835384561
0.237742563270139
0.238391623458908
0.2390350028253
0.239672688366533
0.240304667202575
0.2288843802473
0.234304910236909
0.23247958705893
0.235492004322799
0.231209592662339
0.243975993586018
0.244567675149136
0.245153551382308
0.24573361050913
0.246307840875779
0.246876230951015
0.247438769326191
0.247995444715262
0.248546245954796
0.241618427143876
0.242141276486373
0.250163294981476
0.2506904904415
0.251211757774728
0.251727086553851
0.252236466474338
0.252739887354472
0.253237339135378
0.253728811881065
0.254214295778455
0.252146843326055
0.176065408289694
0.237740287828037
0.240730381872156
0.25655154769246
0.257000899313846
0.257444196840472
0.257881431444087
0.258312594419745
0.238038663010981
0.241015704294312
0.259569568380073
0.259976360262202
0.260377038842899
0.260771596158065
0.261160024367251
0.261542315753711
0.261918462724446
0.262288457810261
0.262652293665814
0.241969166024093
0.24229254221039
0.263706774256349
0.264045902216283
0.264378836078827
0.264705569242829
0.265026095231343
0.265340407691685
0.265648500395476
0.265950367238694
0.266246002241726
0.263870045553915
0.258813996828152
0.267095458280643
0.267366108616569
0.267630499081989
0.26788862444472
0.268140479597305
0.268386059557067
0.268625359466147
0.268858374591548
0.258321696312167
0.26122636621836
0.258738879177109
0.248149297211359
0.248334699829621
0.25121553909099
0.251391215730741
0.243446144993251
0.243604778731838
0.243757719756667
0.241194909879294
0.241334883785082
0.241469219601002
0.241597914674003
0.268880625615739
0.271728508468615
0.271854079302383
0.271973301553128
0.272086172867115
0.27219269101613
0.272292853897494
0.272386659534092
0.272474106074384
0.272555191792429
0.272629915087899
0.242701464292625
0.272760268637964
0.272815896320109
0.267407853306106
0.240159082248797
0.24292066747741
0.259325986168054
0.272998503663522
0.273015913874173
0.273026952570591
0.273031619534969
0.273029914675224
0.273021838024995
0.273007389743642
0.272986570116247
0.27295937955361
0.272925818592243
0.272885887894369
0.272839588247912
0.272786920566488
0.272727885889402
0.272662485381629
0.272590720333811
0.27251259216224
0.272428102408841
0.272337252741165
0.272240044952366
0.236758738436229
0.233942844018257
0.233842851700032
0.233737398645974
0.244492835167725
0.244371054522702
0.244243566029318
0.244110372205107
0.230417504809334
0.270918754665165
0.270751761795213
0.270578442111599
0.27039879903832
0.199957498732224
0.205215623354195
0.199668254543319
0.188731945998188
0.140091047945044
8.88321577893182E-02
7.79997213923657E-02
8.86823733252744E-02
8.32344065909559E-02
0.126080049593038
0.120602918739666
0.123165586485399
0.189917755412639
0.189727659351797
0.178855198508172
0.181334109391623
0.261053686088478
0.260766804839292
0.265789605820471
0.26548440661849
0.265172984806874
0.264855346556196
0.264531498161361
0.264201446041554
0.263865196740194
0.263522756924879
0.263174133387341
0.262819333043391
0.26245836293287
0.262091230219599
0.261717942191326
0.261338506259676
0.221809990466086
0.187604079085315
0.218537245094953
0.1844291996059
0.181544563285828
0.222682565197136
0.219734317709074
0.219370230841088
0.219000979685323
0.218626571592246
0.218247014017153
0.217862314520128
0.217472480766003
0.204308254611123
0.206480856178967
0.206094734430117
0.203164197778034
0.202773245868722
0.204907225907878
0.207026414015569
0.209130639281244
0.208705210686941
0.20827484910408
0.210343654262126
0.207399361503762
0.196980554066478
0.194064231708148
0.196119261968924
0.195681644614142
0.192768006687374
0.192326783173523
0.189420987262077
0.198793384304927
0.195872606226864
0.188073865600196
0.182742742689116
0.199306264387187
0.198809061328268
0.195888753173204
0.180915081439886
0.151575802789068
0.139180970657837
0.189072403685657
0.186179309558447
0.176153301165653
0.175670751051045
0.17518401207575
0.174693094092249
0.174198007043985
0.171351480411821
0.131066763445857
0.144684400043902
0.130295480195637
0.129905160170446
0.129511731773693
9.22251450094146E-02
9.19397014042364E-02
9.16520548416125E-02
9.36462664696276E-02
8.87934219578023E-02
8.16983607064448E-02
8.59555792713585E-02
8.79264601759345E-02
8.08922209155333E-02
8.73379116599476E-02
8.25768687165519E-02
8.45168329968248E-02
8.86557421915292E-02
8.83442613511912E-02
8.80306512619028E-02
8.11362995125862E-02
7.86573623343178E-02
0.078369399392969
7.59106674736198E-02
7.99485734772862E-02
7.96467941020188E-02
7.93430880406043E-02
9.61266424941476E-02
0.097880442523291
9.96151955729091E-02
0.086553353527104
8.62062454910594E-02
8.58570452490854E-02
8.96767728052609E-02
8.30755097201652E-02
0.101342713924442
9.67964648555267E-02
9.84350269875423E-02
8.16764106627764E-02
0.111817257840347
0.192291615829583
0.17531840812991
0.174533899491942
0.171748057991105
0.172952111765296
0.172154866422927
0.171353409461252
0.170547758058382
0.165835908147688
0.1650406322651
0.162309058742616
0.16343795694904
0.137757678083142
0.135166653162687
0.145850588168155
0.143223877706118
0.181859437400718
0.083929871581332
8.34898954469964E-02
8.48933695538625E-02
8.07681400112125E-02
8.03319336211525E-02
0.079893743996077
0.079453580887317
8.43985987173806E-02
8.57098620937061E-02
8.69987753126343E-02
6.88468694612553E-02
6.49379511597763E-02
5.58339740793461E-02
5.55040116933713E-02
5.34485267045922E-02
5.82674625684543E-02
0.059615823170956
5.75561270699713E-02
5.71983102207126E-02
6.01825465168935E-02
6.64451999136772E-02
5.94173258735677E-02
5.41131189472599E-02
5.37590089607946E-02
4.69304016546443E-02
8.84113034311535E-02
8.46212168371634E-02
8.08725074114749E-02
7.55906221422645E-02
7.81917282220536E-02
7.14299737977391E-02
4.93368882420114E-02
4.74514383128265E-02
5.92631206439458E-02
6.18446028937233E-02
6.13854089984169E-02
6.53825887685976E-02
6.19371363406831E-02
5.56085454329178E-02
5.51773442674346E-02
5.47447691814573E-02
5.43108315189123E-02
5.10399878627363E-02
5.06263400000525E-02
5.30009583352372E-02
6.22441021520149E-02
6.03507591833984E-02
0.112878344980112
0.11325873576605
0.112276345319665
7.15443309411551E-02
0.06303044131871
7.54777795992408E-02
6.57653089103054E-02
0.066438270192719
0.070883171720946
8.40080747917394E-02
8.44493510565236E-02
8.36347210017427E-02
9.01255378917915E-02
0.062705423014105
0.062077874964258
6.14488352013478E-02
6.19879075009072E-02
0.101853845639892
0.111089200525448
0.111038101747756
0.108718335432074
0.110854710295118
0.109626085733973
9.21356898507264E-02
9.00154805731078E-02
8.79179190703247E-02
8.79368519865974E-02
8.68945638496463E-02
6.02996493198572E-02
5.85553136568174E-02
4.08810534816704E-02
4.33224861369103E-02
7.58225667628543E-02
0.074844596736424
7.38650866889739E-02
7.38184930789946E-02
7.37452597753783E-02
6.09165491945408E-02
8.96571368314192E-02
8.83923813352552E-02
8.71260221152617E-02
8.58581269557531E-02
8.45887655963987E-02
8.33180098347002E-02
8.20459336350102E-02
8.07726132445728E-02
7.94981273170957E-02
7.82225570444151E-02
7.69459862968513E-02
7.56685017729132E-02
7.43901931590568E-02
7.31111533002671E-02
7.18314783822932E-02
7.05512681264466E-02
6.92706259979408E-02
6.79896594288444E-02
0.066708480056804
6.54272039808083E-02
0.064145952035365
6.28648500845897E-02
0.061584029337844
6.03036266887038E-02
5.90237850792001E-02
5.77446538914538E-02
5.64663893690252E-02
5.51891550705036E-02
5.39131223581065E-02
5.26384709243045E-02
2.72236563606863E-02
3.35630307634622E-02
2.58771113619532E-02
2.75834059582558E-02
0.044904094349746
4.50308346190342E-02
4.37717147406805E-02
0.042515792242249
4.12633536713843E-02
0.040014702169581
3.87701587198464E-02
0.037530063500189
3.59318295788976E-02
3.43633897090497E-02
1.86121037641505E-02
1.72895148688723E-02
1.63330735167252E-02
9.96757457690928E-03
0.009572406936303
8.90172235045361E-03
8.79025418704893E-03
1.06955881705768E-02
1.11799417013186E-02
9.95599161001111E-03
9.24596875873503E-03
8.77266029499812E-03
8.70038071541477E-03
8.02986015610449E-03
7.21182744958541E-03
7.43485110875734E-03
6.18859581089189E-03
8.08634177694497E-03
9.39993776197064E-03
1.11948478214435E-02
1.05544089517162E-02
4.42283524664243E-03
3.75010357184892E-03
3.3171617855019E-03
3.07076950361182E-03
2.82039692746952E-03
2.44269377193076E-03
2.26037815412664E-03
1.8731124882149E-03
2.77047738363073E-03
2.24782004708714E-03
1.64465498162658E-03
1.66387721707628E-03
1.33720158189955E-03
1.06284603079079E-03
1.15380988614198E-03
8.44852864432687E-04
4.31410691890778E-04
2.92779063635883E-04
1.9653858521634E-04
1.09685808796275E-04
3.9410587395531E-05
1.5668514748459E-05
8.08702957238775E-06
1.33714692029126E-06
1.65874234573997E-07
6.22582560173941E-09
2.09839358560196E-11
1.09002315847446E-16
4.50122707224295E-36
0
0
0
0
0
0
0
0
0
0
0
0
0
0
0
0
0
0
0
0
0
0
0
0
0
0
0
0
0
0
0
0
0
0
0
0
0
0
0
0
0
0
0
0
0
0
0
0
0
0
0
0
0
0
0
0
0
0
0
0
0
0
0
0
0
0
0
0
0
0
0
0
0
0
0
0
0
0
0
0
0
0
0
0
0
0
0
0
0
0
0
0
0
0
0
0
0
0
0
0
0
0
0
0
0
0
0
0
0
0
0
0
0
0
0
0
0
0
0
0
0
0
0
0
0
0
0
0
0
0
0
0
0
0
0
0
0
0
0
0
0
0
0
0
0
0
0
0
0
0
0
0
0
0
0
0
0
0
0
0
0
0
0
0
0
0
0
0
0
0
0
0
0
0
0
0
0
0
0
0
0
0
0
0
0
0
0
0
0
0
0
0
0
0
0
0
0
0
0
0
0
0
0
0
0
0
0
0
0
0
0
0
0
0
0
0
0
0
0
0
0
0
0
0
0
0
0
0
0
0
0
0
0
0
0
0
0
0
0
0
0
0
0
0
0
0
0
0
0
0
0
0
0
0
0
0
0
0
0
0
0
0
0
0
0
0
0
0
0
0
0
0
0
0
0
0
0
0
0
0
0
0
0
0
0
0
0
0
0
0
0
0
0
0
0
0
0
0
0
0
0
0
0
0
0
0
0
0
0
0
0
0
0
0
0
0
0
0
0
0
0
0
0
0
0
0
0
0
0
0
0
0
0
0
0
0
0
0
0
0
0
0
0
0
0
0
0
0
0
0
0
0
0
0
0
0
0
0
""
