0
0
0
0
0
0
0
0
0
0
0
0
0
0
0
0
0
0
0
0
0
0
0
0
0
0
0
0
0
0
0
0
0
0
0
0
0
0
0
0
0
0
0
0
0
0
0
0
0
0
0
0
0
0
0
0
0
0
0
0
0
0
0
0
0
0
0
0
0
0
0
0
0
0
0
0
0
0
0
0
0
0
0
0
0
0
0
0
0
0
0
0
0
0
0
0
0
0
0
0
0
0
0
0
0
0
0
0
0
0
0
0
0
0
0
0
0
0
0
0
0
0
0
0
0
0
0
0
0
0
0
0
0
0
0
0
0
0
0
0
0
0
0
0
0
0
0
0
0
0
0
0
0
0
0
0
0
0
0
0
0
0
0
0
0
0
0
0
0
0
0
0
0
0
0
0
0
0
0
0
0
0
0
0
0
0
0
0
0
0
0
0
0
0
0
0
0
0
0
0
0
0
0
0
0
0
0
0
0
0
0
0
0
0
0
0
0
0
0
0
0
0
0
0
0
0
0
0
0
0
0
0
0
0
0
0
0
0
0
0
0
0
0
0
0
0
0
0
0
0
0
0
0
0
0
0
0
0
0
0
0
0
0
0
0
0
0
0
0
0
0
0
0
0
0
0
0
0
0
0
0
0
0
0
0
0
0
0
0
0
0
0
0
0
0
0
0
0
0
0
0
0
0
0
0
0
0
0
0
0
0
0
0
0
0
0
0
0
0
0
0
0
5.27947926581972E-187
1.60367522031327E-32
7.07895733220166E-19
8.42271698028419E-14
3.99867221522992E-11
1.94987339141166E-09
2.47379963433185E-08
1.5683489519739E-07
6.33521343310484E-07
1.82257721077667E-06
6.53890106611462E-06
1.3450749250809E-05
2.42825534546241E-05
4.2002952784975E-05
6.44128292776202E-05
9.54881833580539E-05
1.3184392635968E-04
1.79340921642028E-04
2.36118058270534E-04
2.98907368481495E-04
3.82713161262194E-04
4.74467517168175E-04
4.45935289628986E-04
2.87459793952971E-04
3.32918500683674E-04
3.908762576203E-04
4.31791445869457E-04
5.09614043641479E-04
1.05186733022601E-03
1.08618301507767E-03
1.32706968188732E-03
1.83353783954863E-03
1.99047436018942E-03
2.15020459827077E-03
2.31231806162569E-03
2.47643345598264E-03
2.64219795977087E-03
2.80928620602018E-03
2.97739906457709E-03
3.14626229731695E-03
3.31562514238404E-03
3.48525887010752E-03
3.65495534255943E-03
3.82452560025498E-03
3.99379849283213E-03
4.16261936534085E-03
4.33084880773677E-03
4.49836147207346E-03
4.66504495953186E-03
4.83079877765836E-03
4.99553336687993E-03
5.15916919442624E-03
5.32163591313136E-03
5.48287158215159E-03
5.64282194636677E-03
5.80143977109141E-03
5.95868422867765E-03
6.11452033361786E-03
6.2689184228333E-03
6.42185367794929E-03
6.57330568649658E-03
6.72325803913312E-03
0.006871697960144
7.01861596864408E-03
7.16400556807435E-03
7.30786296174656E-03
7.45018679234875E-03
7.59097790347623E-03
7.73023912139655E-03
7.86797505539361E-03
8.00419191516411E-03
8.13889734385928E-03
8.27210026547729E-03
8.40381074541488E-03
5.29110471511211E-03
8.0564036238971E-03
8.26269654884329E-03
8.47016454043352E-03
6.96110303568818E-03
7.69726435188228E-03
7.79942258848016E-03
7.61826046265041E-03
8.09550584021457E-03
9.14102170068185E-03
9.47510290361432E-03
9.69809420502686E-03
6.30494028056311E-03
6.81405620737451E-03
0.010897318363337
1.17264165981846E-02
1.21937019830992E-02
1.11519235899914E-02
1.17156094510965E-02
0.012146221991088
1.19676162277085E-02
1.27032844427079E-02
1.41215205965839E-02
1.45914351220433E-02
1.59415892638631E-02
0.016086391627869
1.06223939773599E-02
0.011136967679942
1.12701320685408E-02
1.22082934835873E-02
1.33929924394271E-02
1.57024806100905E-02
0.016573611754093
1.72445217809589E-02
1.72317788105846E-02
1.74368815989727E-02
0.02204093231333
2.23367356561835E-02
0.024166126395048
2.26381301576708E-02
2.02062434272605E-02
1.95699534488298E-02
2.48057008394955E-02
1.64254182092347E-02
1.73742707732728E-02
3.00823994568619E-02
3.07198960199046E-02
3.13603316875481E-02
3.20036331276372E-02
3.26497282135397E-02
3.32985459960279E-02
3.39500166758058E-02
0.034604071576675
3.52606431193337E-02
3.59196647957986E-02
3.65810711444424E-02
3.72447977256355E-02
3.79107810979843E-02
3.85789587951539E-02
3.92492693032658E-02
3.99216520388587E-02
4.05960473274019E-02
0.041272396382351
3.94336028076485E-02
2.94152002246408E-02
3.07519397341674E-02
2.68376725364731E-02
2.36811686346348E-02
0.024952584035126
2.57917992852206E-02
0.025710711050368
2.65653761716489E-02
3.60982549519505E-02
3.95484133845358E-02
4.06069801273903E-02
4.11783294746236E-02
4.12415192964767E-02
4.18078281736729E-02
4.23750432629665E-02
4.18828028375209E-02
4.24376707281334E-02
3.48300263841319E-02
3.63832909986371E-02
3.79653337609331E-02
2.14842107518565E-02
2.28976904123647E-02
2.20216910600161E-02
0.022290850282605
0.02137288526015
2.28299279363221E-02
2.00603659614022E-02
2.02949259875319E-02
0.019907546224743
2.26522322133947E-02
2.60903880811497E-02
2.57390881948916E-02
2.60242848686021E-02
0.027625092785039
2.46004261366236E-02
2.01604496344746E-02
1.90163612421016E-02
1.99026517264402E-02
1.94163861540158E-02
1.89158621937456E-02
1.98165342286924E-02
2.00166301445605E-02
2.02167278790165E-02
2.33335062589637E-02
2.42984787676516E-02
1.85865517020706E-02
1.87651332941947E-02
1.89436751201323E-02
1.91221691411029E-02
1.93006073947416E-02
1.94789819937475E-02
1.96572851245664E-02
2.14223497697942E-02
3.44234712721885E-02
3.47297044810931E-02
3.25914067279301E-02
3.36978348665659E-02
3.48182931489823E-02
4.76583030605558E-02
3.62579836247651E-02
3.65629737909232E-02
3.00086037309129E-02
2.93919638214798E-02
2.87609511309379E-02
2.81155759392396E-02
2.92271948552275E-02
3.03526897688523E-02
2.78929404155594E-02
2.72043182236937E-02
2.55875454946146E-02
2.67050245558465E-02
2.69084144467034E-02
2.52417865502596E-02
2.44887896866058E-02
2.46704310533098E-02
2.29401443515787E-02
2.50329591013685E-02
2.42440699016099E-02
2.24643099806917E-02
2.36074769531429E-02
2.47642445367224E-02
2.69320575174537E-02
2.10921085754071E-02
2.02255414927805E-02
2.13812808313868E-02
1.94754437066716E-02
1.85738077653595E-02
1.55808084928203E-02
1.56832528978285E-02
1.57855029159124E-02
1.58875551349202E-02
1.59894061671651E-02
1.60910526491372E-02
1.51129918251401E-02
1.52074707189291E-02
1.42087673130893E-02
1.31964213077661E-02
1.21704738756492E-02
1.22440637773041E-02
1.23174868891053E-02
9.01144791220636E-03
6.79844914478725E-03
7.97792052128091E-03
8.0242050267203E-03
8.07037607491909E-03
8.11643223202457E-03
8.16237207388609E-03
7.03559501653803E-03
7.07476899704851E-03
7.11383966577724E-03
7.1528058345015E-03
7.19166632293061E-03
7.23041995863453E-03
7.26906557697412E-03
7.30760202103297E-03
7.34602814155095E-03
8.61506659633583E-03
8.65963566161993E-03
9.94751091033268E-03
0.011247910001081
1.13046962922118E-02
1.13613069905662E-02
1.26863782778251E-02
1.40237717098186E-02
1.66545442869119E-02
1.80226061481015E-02
1.68157446199829E-02
1.81956324665388E-02
1.69758742911384E-02
1.57435679285257E-02
1.58168446810313E-02
1.98623324943312E-02
1.86230681187219E-02
1.87076564504546E-02
2.01342210242622E-02
2.02241949465616E-02
2.03138368889925E-02
2.04031443644937E-02
0.02049211490224
1.78366465745425E-02
1.65352282894323E-02
1.79893830326564E-02
1.80653016459705E-02
0.012559096902434
1.12099872492549E-02
1.26631621364992E-02
1.13021110570915E-02
1.41848585182366E-02
1.42418377001202E-02
1.14388598680553E-02
1.14840547210453E-02
1.00879218210252E-02
1.15738550328873E-02
1.16184580972436E-02
1.02050038278737E-02
8.78029808743727E-03
7.34441545307867E-03
1.03205044084937E-02
8.87884149870944E-03
8.91138227294243E-03
0.010434396122591
1.04719978387199E-02
9.00807155829901E-03
1.05466520850944E-02
1.20956601957761E-02
1.21377915596569E-02
1.21797096685975E-02
0.013749090118301
1.37957645169201E-02
1.53802170782932E-02
1.38883814848559E-02
1.54825796383155E-02
1.39800147621754E-02
1.40254595791738E-02
1.25072488578805E-02
9.41039984533822E-03
1.10135611010479E-02
1.10481257120807E-02
1.42489192835513E-02
1.74690393789571E-02
1.75224198113212E-02
1.75754857409528E-02
0.016025668937057
1.60733352306334E-02
1.61207119933772E-02
1.45510182333572E-02
1.29716737460267E-02
1.30088746077406E-02
0.013045840085928
1.14472481015683E-02
1.14791785607678E-02
1.15109006589228E-02
1.15424136084466E-02
1.15737166280172E-02
9.94697909362951E-03
1.32979311808868E-02
1.33329810143481E-02
1.33677874274767E-02
1.50776432583347E-02
1.51162498919207E-02
1.68384220090541E-02
0.028697193903308
2.87685441646639E-02
2.88393664528542E-02
2.89096590362508E-02
2.72747484218208E-02
2.56311602090547E-02
2.05534175051867E-02
1.71679401250287E-02
1.37661726214267E-02
0.010348304346179
1.21004194978538E-02
0.015592620422249
1.73636336729569E-02
1.56616310238341E-02
1.22077680251945E-02
1.22340412848415E-02
1.57629699251863E-02
0.015796165759812
1.58290683570222E-02
1.58616769258323E-02
1.58939906830605E-02
1.59260088533235E-02
1.41846494835825E-02
1.59891553703782E-02
1.60202822053472E-02
1.78345671441065E-02
1.78684881188407E-02
1.96922832436387E-02
1.97288619161196E-02
1.97650720765143E-02
2.16009958501652E-02
2.16396910056403E-02
1.80649844644088E-02
0.021715865995568
0.02175334402125
1.99745466666488E-02
2.00081536320775E-02
2.00413854531837E-02
0.020074241343503
2.19346042102024E-02
2.19696242543551E-02
2.38379176534817E-02
2.38749611433589E-02
2.20722054198616E-02
2.21055701311735E-02
2.21385190188471E-02
2.40186389162277E-02
2.22031662311817E-02
2.22348630355007E-02
2.04106292275355E-02
2.04389160402951E-02
2.04668175569726E-02
1.86312119301245E-02
1.86558746307026E-02
1.86801853029812E-02
1.68337290399286E-02
1.87277482941485E-02
1.87509995001804E-02
1.87738964521971E-02
1.69167947536388E-02
1.31730378237917E-02
1.31883195335303E-02
0.015089544918
1.69947440773222E-02
1.70134285194779E-02
0.017031790923847
1.51554052113353E-02
1.32747594903846E-02
1.13899611146158E-02
9.50111762516406E-03
7.60833674640591E-03
7.61563517558137E-03
9.52848652261138E-03
9.53724838472312E-03
7.63666348191668E-03
9.55422922648561E-03
9.5624478121204E-03
9.57048491870014E-03
7.66267228791727E-03
7.66881116292263E-03
7.6748044177484E-03
7.68065191358413E-03
7.68635351503672E-03
5.76893181759777E-03
5.77298888272995E-03
5.77693623781819E-03
5.78077379156961E-03
5.78450145525432E-03
5.78811914270544E-03
5.79162677031912E-03
5.79502425705457E-03
5.79831152443405E-03
7.73531799539058E-03
5.8045551000297E-03
3.87167417607067E-03
3.87357128036443E-03
3.87539466912645E-03
3.87714430029091E-03
5.81823020025128E-03
5.82063319516231E-03
5.82292537976068E-03
0.005825106701201
5.82717710920129E-03
5.82913655604305E-03
3.88732333104749E-03
3.88848159212957E-03
3.88956579392295E-03
3.89057591145138E-03
5.83726788217152E-03
3.89237380235377E-03
3.89316153432066E-03
3.89387509920851E-03
3.89451448058661E-03
3.89507966373341E-03
5.84335595345477E-03
5.8439810774891E-03
5.84449485331208E-03
5.84489726909649E-03
5.84518831557893E-03
5.8453679860598E-03
5.84543627640335E-03
7.79385758005018E-03
7.79365161727274E-03
7.7932971516131E-03
7.79279419123066E-03
7.79214274770326E-03
7.79134283602712E-03
7.7903944746169E-03
9.73662210663204E-03
1.36290918633532E-02
1.55733178548077E-02
1.36239547842495E-02
1.36209969093677E-02
1.16723824855108E-02
0.011669402425315
1.16662000960837E-02
1.16627755715857E-02
1.16591289307169E-02
9.71271688125025E-03
9.70930803423845E-03
0.007764571450501
7.76154864060026E-03
7.75837806737582E-03
7.75505980393278E-03
7.75159392679405E-03
9.68497564487542E-03
9.68027456826254E-03
1.16104671445488E-02
9.67031991420199E-03
9.66506656651056E-03
9.65962936533579E-03
7.72320674898848E-03
7.71856312723179E-03
7.71377273427982E-03
7.70883568083121E-03
0.007703752081002
7.69852205232554E-03
9.6164321446907E-03
9.60952899456386E-03
9.60244327475809E-03
9.5951751492767E-03
1.15052697436736E-02
1.34121293021221E-02
1.14867336514643E-02
1.33899948282372E-02
0.015289767161389
1.52763929593865E-02
1.52627289365122E-02
1.52487754098503E-02
0.01523453270332
0.015220001147676
1.52051810805089E-02
1.51900728462449E-02
1.32778421966283E-02
1.32641191272742E-02
1.70359005236407E-02
1.70176110367744E-02
1.69989994146903E-02
1.69800660910182E-02
1.50762768951829E-02
1.50588765439064E-02
0.015041191433041
0.015023221975392
2.25074528859084E-02
2.43529515209002E-02
2.61933205667225E-02
0.02615989105189
2.42598271702682E-02
2.42278691300201E-02
0.02419545403323
0.020445262233568
0.02227315912638
2.03884780482148E-02
2.22103739474225E-02
1.84819612943993E-02
2.03004226542997E-02
2.21130609191877E-02
2.20797902154936E-02
2.20461042953441E-02
2.20120039525813E-02
2.19774899913377E-02
3.29138448390587E-02
2.73840306017596E-02
2.73393432405806E-02
6.00471146124653E-02
6.35796722552886E-02
6.16583385994997E-02
6.15524118548301E-02
5.78309011470895E-02
5.41209732198862E-02
5.22236486185093E-02
4.85342502515349E-02
6.10055397732816E-02
6.62656243435736E-02
0.164460268926425
0.165933116345852
0.167396066399702
0.158184877931655
0.157874788309378
0.157561758867015
0.125443276338806
9.69773042933562E-02
0.119653340154081
0.126429082766964
0.126164046269667
0.12414810396756
0.120392500298484
0.11839075478769
0.135503934993395
0.136937589560611
0.134901969222962
0.129420425888457
0.122238361402726
0.120238767036589
0.121672316936076
0.126514910864569
0.12109730384389
0.14462744196474
0.144276579443724
0.143923066450297
0.143566911625672
0.168480145512853
0.166374405068081
0.16762668670618
0.167195352307825
0.166760962026788
0.166323526559355
0.165883056690585
0.165439563294448
0.164993057333956
0.164543549861299
0.164091052017989
0.163635575035005
0.163177130232944
0.162715729022177
0.128178592493376
0.12619160070335
0.125824843865229
0.130281041074961
0.129895473829297
0.126309851131361
0.157810077317298
0.152562708117902
0.147341766598924
0.146885770991715
0.140129206349981
0.133409702574281
0.136114837530335
0.137238018790908
0.136794220252109
0.123952719639635
0.123544858413301
0.124673993925374
0.124256613634156
0.107019663332683
9.44660174227032E-02
9.41415271590255E-02
6.20392044001013E-02
6.18224393312377E-02
6.61122443026473E-02
0.116782486378799
0.116363955545175
0.12486211980567
0.12588807485618
0.122474204777325
0.101438549914329
7.17668488435107E-02
0.055446177830266
0.049421216179445
4.92318446781655E-02
4.90416285844341E-02
4.74137914040997E-02
4.43652697101364E-02
4.70404940382573E-02
3.40746494598144E-02
3.39374524582433E-02
3.37996810823789E-02
2.80511158770527E-02
3.21256621920732E-02
3.47739146200153E-02
3.73982924390655E-02
3.86193962761074E-02
3.70813511683693E-02
3.55544741532056E-02
3.40388377650824E-02
3.38901186612285E-02
3.37408411784621E-02
2.82164479428293E-02
2.67525021273912E-02
2.53001719866442E-02
2.51850552912023E-02
2.63889791196841E-02
2.88936419365724E-02
2.87589414715532E-02
3.38281029857265E-02
3.36678251096438E-02
3.35070108580801E-02
3.33456648263857E-02
3.31837916400698E-02
3.17513422644375E-02
3.28584824576979E-02
2.76650472707353E-02
2.75263330916638E-02
2.73871928174509E-02
2.97246878389982E-02
2.83398162169043E-02
2.57414718926352E-02
2.68264525935195E-02
2.66852434494179E-02
2.65436330438057E-02
2.76016995038073E-02
2.86464277297404E-02
2.96777690409141E-02
3.06956755710725E-02
2.70037891233621E-02
2.68533189123003E-02
2.67024608276295E-02
2.53968186617698E-02
0.02754740831133
2.62476058965979E-02
2.83643946096356E-02
2.81983867750524E-02
3.13958266993653E-02
3.12090283821184E-02
3.10218041624553E-02
2.86317200071269E-02
2.95515982864414E-02
2.93698632571983E-02
2.37826036111681E-02
2.79309687884075E-02
2.77548625717567E-02
2.96998159102211E-02
0.027401588357996
6.70139865699043E-02
7.80200118776059E-02
0.059938785019971
6.98071189897222E-02
0.069340341956858
9.82449423631974E-02
0.100594615346993
9.99046236776314E-02
9.92134946339682E-02
9.85212523025281E-02
9.78279209519346E-02
9.71335250353446E-02
9.64380891929401E-02
9.57416382544826E-02
9.50441972419293E-02
9.24588755446723E-02
9.27099815989029E-02
9.20167250497887E-02
9.22450397687803E-02
9.15430306334092E-02
9.08401857466813E-02
9.01365315548302E-02
6.97570338813555E-02
6.74324456126755E-02
8.18595122039748E-02
6.63589122896472E-02
6.58213670544065E-02
6.44243396763124E-02
0.063041013857475
6.25162428642893E-02
6.19910565993151E-02
6.56185490703372E-02
7.08216084707379E-02
7.02099582945014E-02
7.36443167844203E-02
6.97876938671562E-02
6.99628817858571E-02
6.77597913150735E-02
6.55849416394877E-02
5.57019900218239E-02
5.36551238089411E-02
4.63211115706064E-02
4.58854941948103E-02
2.38425050939846E-02
4.50139747536116E-02
0.043116534947305
4.19712801501582E-02
3.43918293993406E-02
3.40488056967627E-02
0.037216818366778
3.82282336670513E-02
3.78352968100923E-02
3.74424353363791E-02
4.17650811337462E-02
5.93177180156023E-02
5.67044897577772E-02
5.60909769404862E-02
5.41875577924201E-02
5.42268414794785E-02
5.42522092010547E-02
4.11655700849615E-02
3.63797881330453E-02
3.53508545278383E-02
3.79508153425684E-02
3.75036597149329E-02
3.70569005989373E-02
4.93952051116192E-02
4.82195671781925E-02
4.36568755282257E-02
4.31130941458113E-02
3.70413927522103E-02
3.49319506033445E-02
4.68735218762492E-02
0.04626226826235
4.51271643016824E-02
1.86382564804956E-02
1.83864710514271E-02
1.91426071010246E-02
1.93745118889932E-02
1.81235028503198E-02
1.73836599084199E-02
1.71341269945785E-02
1.73541282376237E-02
1.84851004925369E-02
1.82095818083782E-02
1.74863174344382E-02
1.76604298900025E-02
1.60828263643504E-02
1.66860862379662E-02
1.51575640757322E-02
1.24277036345713E-02
1.22246687313337E-02
0.010819994403935
9.06227832318092E-03
8.52069361034506E-03
8.75420478302971E-03
8.60091317552637E-03
9.18275800010444E-03
7.9352009258835E-03
7.79009621271982E-03
7.99305121677342E-03
9.88835227103331E-03
1.43816532127204E-02
1.54142521181747E-02
1.67177732096096E-02
1.63829245418535E-02
0.016049557536097
2.11584560141498E-02
1.98261002729962E-02
1.70858662702723E-02
1.64314843152973E-02
1.46833439658212E-02
1.46242835022942E-02
1.40253783256738E-02
1.39576064369376E-02
1.33747695711722E-02
1.25597945113417E-02
1.20112036934778E-02
1.17107902711475E-02
1.20970684186386E-02
1.00042782430987E-02
1.06050159997378E-02
9.47620500083507E-03
9.4198140474816E-03
9.35387326612723E-03
9.27856207593756E-03
6.94245710035412E-03
6.73442240695095E-03
6.17528649423297E-03
6.15279871133414E-03
5.62480595898417E-03
5.60038701589201E-03
5.72164223094433E-03
5.52485460424995E-03
5.18603350141858E-03
0.004998544472514
4.94680880679291E-03
4.75838383122929E-03
7.16717767352346E-03
5.57420056169046E-03
5.68451182973365E-03
3.37416541125955E-03
2.28938172224911E-03
2.28500187893988E-03
2.10118223561859E-03
2.16942232895548E-03
2.14184026985039E-03
2.11394070255251E-03
1.9950365786557E-03
2.05717485848385E-03
1.76374062406277E-03
1.82526281808192E-03
1.71265973236969E-03
1.60234658073167E-03
1.41134488306834E-03
1.47044958693921E-03
1.52661194201113E-03
1.5007958447489E-03
1.4746914291696E-03
1.52452363277648E-03
1.49643469807161E-03
1.61484324554565E-03
1.51130407978773E-03
1.48084500906522E-03
1.4500647444638E-03
1.41896451694698E-03
1.32147254305677E-03
1.48493719837794E-03
1.38680242057223E-03
1.59889033745384E-03
1.61839756007763E-03
1.6343981757376E-03
4.42948418030463E-03
4.52572193073795E-03
4.5544901598038E-03
4.57250673099581E-03
4.5293878830566E-03
4.38134452062391E-03
4.18534059730238E-03
2.13198971790883E-03
1.87858996358718E-03
1.93233860574857E-03
1.85473718161998E-03
1.66102711339133E-03
1.69893474422222E-03
1.65611672303114E-03
1.60991384137607E-03
1.21012663607269E-03
1.23637401439431E-03
1.4236203062066E-03
1.68833403143185E-03
1.53342030631127E-03
1.31559982957514E-03
1.24641141215949E-03
1.60084208962624E-03
1.47633332745235E-03
1.38858456320493E-03
1.26637165438485E-03
1.14746806583342E-03
9.30338574985798E-04
6.25565253798023E-04
5.83511193185216E-04
5.2859913425338E-04
4.04286823253691E-04
3.06462128446511E-04
2.47173998824344E-04
2.04751274313689E-04
1.58961901746278E-04
2.5255145189613E-04
2.04480588670446E-04
1.60151664150283E-04
1.15697055296351E-04
7.98985483052459E-05
4.88832572798759E-05
2.94936013649814E-05
1.65086680469433E-05
8.26683425912865E-06
3.69770436474655E-06
1.3538428609901E-06
3.66582815106081E-07
6.72344959588484E-08
6.38285703684642E-09
2.05730663240338E-10
4.90288790621202E-13
2.53412529388226E-17
1.1168103222356E-27
1.3504631392675E-87
0
0
0
0
0
0
0
0
0
0
0
0
0
0
0
0
0
0
0
0
0
0
0
0
0
0
0
0
0
0
0
0
0
0
0
0
0
0
0
0
0
0
0
0
0
0
0
0
0
0
0
0
0
0
0
0
0
0
0
0
0
0
0
0
0
0
0
0
0
0
0
0
0
0
0
0
0
0
0
0
0
0
0
0
0
0
0
0
0
0
0
0
0
0
0
0
0
0
0
0
0
0
0
0
0
0
0
0
0
0
0
0
0
0
0
0
0
0
0
0
0
0
0
0
0
0
0
0
0
0
0
0
0
0
0
0
0
0
0
0
0
0
0
0
0
0
0
0
0
0
0
0
0
0
0
0
0
0
0
0
0
0
0
0
0
0
0
0
0
0
0
0
0
0
0
0
0
0
0
0
0
0
0
0
0
0
0
0
0
0
0
0
0
0
0
0
0
0
0
""
