0
0
0
0
0
0
0
0
0
0
0
0
0
0
0
0
0
0
0
0
0
0
0
0
0
0
0
0
0
0
0
0
0
0
0
0
0
0
0
0
0
0
0
0
0
0
0
0
0
0
0
0
0
0
0
0
0
0
0
0
0
0
0
0
0
0
0
0
0
0
0
0
0
0
0
0
0
0
0
0
0
0
0
0
0
0
0
0
0
0
0
0
0
0
0
0
0
0
0
0
0
0
0
0
0
0
0
0
0
0
0
0
0
0
0
0
0
0
0
0
0
0
0
0
0
0
0
0
0
0
0
0
0
0
0
0
0
0
0
0
0
0
0
0
0
0
0
0
0
0
0
0
0
0
0
0
0
0
0
0
0
0
0
0
0
0
0
0
0
0
0
0
0
0
0
0
0
0
0
0
0
0
0
0
0
0
0
0
0
0
0
0
0
0
0
0
0
0
0
0
0
0
0
0
0
0
0
0
0
0
0
0
0
0
0
0
0
0
0
0
0
0
0
0
0
0
0
0
0
0
0
0
0
0
0
0
0
0
0
0
0
0
0
0
0
0
0
0
0
0
0
0
0
0
0
0
0
0
0
0
0
0
0
0
0
0
0
0
0
0
0
0
0
0
0
0
0
0
0
0
0
0
0
0
0
0
0
0
0
0
0
0
0
0
0
0
0
0
0
0
0
0
0
0
0
0
0
0
0
0
0
0
0
0
0
0
0
0
0
0
0
0
0
0
0
0
0
0
0
0
0
0
0
0
0
0
0
0
0
0
0
0
0
0
0
0
0
0
0
0
0
0
0
0
0
0
0
0
0
0
0
0
0
0
0
0
0
0
0
0
0
0
0
0
0
0
0
0
0
0
0
0
0
0
0
0
0
0
0
0
0
0
0
0
0
0
0
0
0
0
0
0
0
0
0
0
0
0
0
0
0
0
0
0
0
0
0
0
0
0
0
0
0
0
0
0
0
0
0
0
0
0
0
0
0
0
0
0
0
0
0
0
0
0
0
8.95400680322446E-103
6.65682897513907E-24
3.36639701897927E-14
1.93003041519564E-10
2.05662607918319E-08
3.60609870511272E-07
2.36011384369004E-06
9.91364959813958E-06
3.20041450898473E-05
7.661125553514E-05
1.48363645408203E-04
2.6257878710938E-04
5.38423643999193E-04
9.21211295519242E-04
8.63754897628818E-04
1.95692474952771E-03
2.56404093417446E-03
2.70482155000366E-03
3.23023318245841E-03
4.30895656383118E-03
4.95555717284102E-03
6.55971902341004E-03
7.66301485141699E-03
8.84506632380857E-03
1.00003667896935E-02
0.01120295962156
1.27021883405693E-02
1.40117395828923E-02
1.53560400942853E-02
1.67311888364971E-02
1.81335834766008E-02
1.95599099555645E-02
2.10071287528345E-02
0.022472459171792
2.39533626139826E-02
2.54475255374161E-02
0.026952842587901
2.59053342161445E-02
2.60908311997987E-02
2.77353554732429E-02
2.87534448816375E-02
2.97436411325158E-02
3.10660863705422E-02
0.032765990974794
3.41046775780581E-02
3.70721732595927E-02
3.93156540941511E-02
1.83996997230642E-02
1.94960935052014E-02
2.01528764589052E-02
1.74205799214704E-02
2.79492214367047E-02
2.72543013422109E-02
2.85831630755695E-02
0.0299390895088
2.96437921333582E-02
2.98596685097651E-02
2.70970986688308E-02
3.38152411900668E-02
3.21646612563952E-02
3.29257981203023E-02
0.029796676464386
2.98010739518461E-02
3.11265447940282E-02
0.044224422781526
3.87900131409598E-02
6.25932225947096E-02
5.20837562171237E-02
4.78468805492681E-02
7.61562283032953E-02
7.75437955962201E-02
0.078923420013579
8.02950752690629E-02
8.16587408756347E-02
8.30144015651941E-02
8.43620467605116E-02
8.31306199918509E-02
5.39606267637927E-02
4.94798327403405E-02
5.11132677176611E-02
4.63997701280743E-02
4.70625341923688E-02
5.14640624402478E-02
5.31185679869927E-02
6.34459204470511E-02
6.81784802530025E-02
6.61005532393886E-02
7.89283788861155E-02
8.09225941723252E-02
6.04096687867625E-02
5.59534176985152E-02
5.45156440335503E-02
0.055146156569689
6.22079199500514E-02
6.50711994216882E-02
6.57847304023093E-02
5.31949016308918E-02
5.15183921594067E-02
3.96069165424832E-02
4.57284304520639E-02
4.73434787141851E-02
4.89783463509688E-02
4.94553071308485E-02
4.87403013431229E-02
5.27996873187713E-02
4.72337850217835E-02
9.77741955834842E-02
0.10728468994138
0.106989386041738
0.117959985479426
0.118971105082188
0.119975263951454
0.124833303631489
0.129747627671712
0.130793778251311
0.131832596878815
0.132864100841863
0.133888307028619
0.134905231926514
0.130478295957008
0.128702263692377
0.128258604305868
0.129177403949146
0.11889900819406
0.118317987580265
9.92747917644033E-02
0.101374049462377
0.104924667224669
0.114295108208282
0.117948277553589
0.121633054355364
0.123874327142971
0.124644184518508
0.125408094010742
0.126166064373161
0.122385314643914
0.126144409148737
0.125347175795494
0.124526622624179
0.125229004723789
0.125925704870905
0.120364051683731
0.116300670776644
0.116921624972225
0.117537411177712
0.154869721033972
0.157268148992
0.158063157705338
0.15885134836096
0.159632726837246
0.162044107943253
0.1644643567029
0.165240861634611
0.166010436961961
0.166773087515514
0.15915237701419
0.153132645618969
0.152117582067311
0.152779078039647
0.155139186864552
0.159219547546027
0.17019892840576
0.16917300076835
0.171592761887833
0.174019645776134
0.174706384739252
0.175386241589174
0.176059218762922
0.176725318548301
0.177384543088466
0.178036894386415
0.178682374309387
0.179320984593196
0.179952726846465
0.180577602554795
0.181195613084848
0.18180675968835
0.182411043506018
0.18300846557141
0.183599026814702
0.18418272806638
0.184759570060869
0.185329553440082
0.185892678756898
0.186448946478569
0.183258389850259
0.183790092385363
0.180553543229216
0.177289121070045
0.173997237379625
0.164989026777317
0.165431222660004
0.167773975793255
0.168209186710914
0.166722018488697
0.167140352532636
0.167552720534285
0.167959122174787
0.16835955709626
0.166814323468252
0.182751693859914
0.183165004576073
0.173807405581638
0.154615000668037
0.154946097086264
0.155271772339737
0.155592025886232
0.193403443064243
0.183900160761963
0.184258016503906
0.198504824694147
0.165066983088037
0.163376860921383
0.165665839545238
0.161957759028206
0.162236061768826
0.162508799138337
0.162775970443265
0.193229718501716
0.179421376219705
0.185753770987778
0.1819877566911
0.182253679436414
0.156150364445045
0.140121333368825
0.166746370790591
0.17307461124359
0.177374091786071
0.175553917320068
0.175766607021723
0.153465154815774
0.114718102035565
0.110743424884249
0.11086210480876
0.1150873280369
0.119317072645622
0.125610107073379
0.140155097639675
0.142344086978859
7.02012379302665E-02
7.02595685894818E-02
6.82474517576566E-02
7.45085657841849E-02
7.66340761087921E-02
7.25420913968125E-02
7.05160743596088E-02
9.75392999222125E-02
0.207653737748968
0.201537050702987
0.20372208419243
0.176784958791569
0.208078035090623
0.208166869250044
0.208248806578084
0.208323846740586
0.208391989430413
0.208453234367737
0.208507581300311
0.208555030003706
0.208595580281528
0.208629231965599
0.202396305368634
0.206589080631573
0.208688794199939
0.208694850396572
0.208694007586439
0.208686265773054
0.208671624988694
0.208650085294363
0.208621646779741
0.208586309563097
0.208544073791178
0.208494939639072
0.208438907310042
0.183370859791094
0.181226349694341
0.181159598629818
0.181086847100147
0.197652517967423
0.183002922519172
0.12886920406427
0.122567985214007
0.176480608741209
0.199199278737514
0.199072663330423
0.201011715760755
0.202941237263712
0.206930324854299
0.206770862598322
0.206604509008237
0.142437572652848
0.134063234738612
0.138062951446862
0.135874328181049
0.183045760486035
0.189024769643871
0.199089717987331
0.200925158555217
0.196605433972945
0.19842523497461
0.20431998536471
0.204070990224478
0.203815113313315
0.203552355463145
0.203282717514676
0.203006200316266
0.202722804722764
0.202432531594298
0.202135381795043
0.201831356191942
0.201520455653392
0.201202681047892
0.200878033242654
0.20054651310217
0.200208121486745
0.199862859250985
0.199510727242246
0.199151726299042
0.198785857249406
0.198413120909217
0.198033518080474
0.197647049549529
0.197253716085277
0.1968535184373
0.19644645733396
0.196032533480445
0.195611747556779
0.195184100215762
0.19474959208088
0.194308223744151
0.19385999576393
0.19340490866265
0.192942962924523
0.192474158993174
0.190078512296542
0.189600818326783
0.187206069779898
0.182909153904864
0.123517731229916
0.144033172667108
0.145530407841314
0.114970890983314
0.109008885796043
0.104949030271936
0.102775614541947
7.82517404864728E-02
7.61598471025722E-02
0.077780187976815
8.30786691054492E-02
7.17758912673928E-02
6.97130404374386E-02
6.76593588841874E-02
0.067437692441849
0.067213487061318
7.78494573263966E-02
7.57787359693809E-02
6.83236232550872E-02
6.27079559411905E-02
5.89133489434801E-02
0.058699786596886
6.20284387652107E-02
5.65002261100478E-02
5.27686280022953E-02
4.90618152698575E-02
5.58525538271574E-02
0.053893751058762
5.71413162088009E-02
5.51850589788976E-02
5.83930361094872E-02
0.061570167900125
6.30129857744942E-02
5.76557001740891E-02
5.74052279966617E-02
5.71524069237086E-02
5.68972355790297E-02
6.16373342109215E-02
0.157531895338528
0.155148672971034
0.154417166111765
0.156948908407568
0.156188515472256
0.155421453576577
0.151425889700227
0.147456162833163
0.146701855590509
0.139595867769612
0.137284102295026
0.119287307845665
0.095226585384167
9.47051401660478E-02
5.71252218065842E-02
0.132030328504856
0.131277072623567
0.130517767308016
0.132769902444397
0.128980976511213
0.128203474402234
0.139272902578387
0.131047546063104
0.128760817661118
0.126486413962473
0.143002666057025
0.139195449309237
0.139695714794272
0.138753964833734
0.137805191281812
0.135452958731364
0.102608188886117
0.110135996457591
0.109338442791804
0.107178410048253
0.106379377722832
0.105574602811691
0.104764072529214
0.103947773772929
0.103125693123961
8.28741807377868E-02
8.47675017631393E-02
9.29822446443506E-02
9.09380709008295E-02
9.64235617993263E-02
0.105519428909552
0.118126229340909
0.115850920899269
0.102714876262485
6.10603692341795E-02
5.93019333198929E-02
5.75622438117604E-02
6.39850714740587E-02
6.56591120880785E-02
0.066142468231806
6.65982632247779E-02
7.03775672040132E-02
0.10279731896132
0.102790289760881
0.105997057942381
0.078081823840927
7.29707897444618E-02
7.31782357511949E-02
7.74885658739316E-02
7.65659995696802E-02
9.47990475422793E-02
7.96833766851677E-02
7.86803924172085E-02
7.28166304819124E-02
6.61152847405787E-02
6.80700322641541E-02
7.27398358173388E-02
7.26505361766905E-02
7.79686421858179E-02
6.16526818010366E-02
5.98632549460733E-02
5.80948042625734E-02
7.59838421601126E-02
7.39494974904145E-02
7.35886848220206E-02
7.23804051034068E-02
7.19646107117521E-02
7.07283667095986E-02
6.94849557390853E-02
6.82344028182959E-02
7.44185987860311E-02
7.30133350606492E-02
7.16002617841917E-02
7.01794377617965E-02
6.87509317288613E-02
6.73148234004536E-02
6.45537805333557E-02
6.44201806591528E-02
6.29618715574231E-02
6.14964137203121E-02
6.00239615849415E-02
5.85446894925879E-02
5.70587937447584E-02
5.44551649708846E-02
5.29866793085463E-02
4.99355208812704E-02
4.69694981418026E-02
4.85479001109582E-02
4.80187045349131E-02
4.64943233400668E-02
4.18183857606609E-02
2.64949121746189E-02
2.55588408193536E-02
1.57415810916997E-02
1.35887056105385E-02
1.34229866630607E-02
1.35840568012446E-02
1.26577688463273E-02
1.24165623368211E-02
1.15231511120538E-02
1.09582805021928E-02
1.20815359579549E-02
1.14311752386965E-02
9.53091412107667E-03
8.96428650237176E-03
8.62403381226367E-03
8.05418586515025E-03
9.02840769284144E-03
8.36064573672663E-03
7.54057459841025E-03
6.91131506545331E-03
6.29667133428789E-03
5.82235176325603E-03
0.004784858090129
4.16294704982146E-03
0.003323271381572
2.97714670457239E-03
2.43529153714586E-03
2.01433048673204E-03
1.73146057072058E-03
1.45917006316564E-03
1.10921157038066E-03
7.70401726977354E-04
6.01323345947607E-04
6.23651995889015E-04
5.06790625547377E-04
4.28138504010819E-04
2.37873193073585E-04
1.16797446461855E-04
8.36442779907089E-05
3.65243715042269E-05
1.14243893426855E-05
2.6217153721283E-06
3.04044748079467E-07
1.21773673743959E-08
5.8915868736131E-11
1.52949537800267E-15
5.68645530663569E-29
0
0
0
0
0
0
0
0
0
0
0
0
0
0
0
0
0
0
0
0
0
0
0
0
0
0
0
0
0
0
0
0
0
0
0
0
0
0
0
0
0
0
0
0
0
0
0
0
0
0
0
0
0
0
0
0
0
0
0
0
0
0
0
0
0
0
0
0
0
0
0
0
0
0
0
0
0
0
0
0
0
0
0
0
0
0
0
0
0
0
0
0
0
0
0
0
0
0
0
0
0
0
0
0
0
0
0
0
0
0
0
0
0
0
0
0
0
0
0
0
0
0
0
0
0
0
0
0
0
0
0
0
0
0
0
0
0
0
0
0
0
0
0
0
0
0
0
0
0
0
0
0
0
0
0
0
0
0
0
0
0
0
0
0
0
0
0
0
0
0
0
0
0
0
0
0
0
0
0
0
0
0
0
0
0
0
0
0
0
0
0
0
0
0
0
0
0
0
0
0
0
0
0
0
0
0
0
0
0
0
0
0
0
0
0
0
0
0
0
0
0
0
0
0
0
0
0
0
0
0
0
0
0
0
0
0
0
0
0
0
0
0
0
0
0
0
0
0
0
0
0
0
0
0
0
0
0
0
0
0
0
0
0
0
0
0
0
0
0
0
0
0
0
0
0
0
0
0
0
0
0
0
0
0
0
0
0
0
0
0
0
0
0
0
0
0
0
0
0
0
0
0
0
0
0
0
0
0
0
0
0
0
0
0
0
0
0
0
0
0
0
0
0
0
0
0
0
0
0
0
0
0
0
0
0
0
0
0
0
0
0
0
0
0
0
0
0
0
0
0
0
0
0
0
0
0
0
0
0
0
0
0
0
0
0
0
0
0
0
0
0
0
0
0
0
0
0
0
0
0
0
0
0
0
0
0
0
0
0
0
0
0
0
0
0
0
0
0
0
0
0
0
0
0
0
0
0
0
0
0
0
0
0
0
0
0
0
0
0
0
0
0
0
0
0
0
0
0
0
0
0
0
0
0
0
0
0
0
0
0
0
0
0
0
0
0
0
0
0
0
0
0
0
0
0
0
0
0
0
0
0
0
0
0
0
0
""
