0
0
0
0
0
0
0
0
0
0
0
0
0
0
0
0
0
0
0
0
0
0
0
0
0
0
0
0
0
0
0
0
0
0
0
0
0
0
0
0
0
0
0
0
0
0
0
0
0
0
0
0
0
0
0
0
0
0
0
0
0
0
0
0
0
0
0
0
0
0
0
0
0
0
0
0
0
0
0
0
0
0
0
0
0
0
0
0
0
0
0
0
0
0
0
0
0
0
0
0
0
0
0
0
0
0
0
0
0
0
0
0
0
0
0
0
0
0
0
0
0
0
0
0
0
0
0
0
0
0
0
0
0
0
0
0
0
0
0
0
0
0
0
0
0
0
0
0
0
0
0
0
0
0
0
0
0
0
0
0
0
0
0
0
0
0
0
0
0
0
0
0
0
0
0
0
0
0
0
0
0
0
0
0
0
0
0
0
0
0
0
0
0
0
0
0
0
0
0
0
0
0
0
0
0
0
0
0
0
0
0
0
0
0
0
0
0
0
0
0
0
0
0
0
0
0
0
0
0
0
0
0
0
0
0
0
0
0
0
0
0
0
0
0
0
0
0
0
0
0
0
0
0
0
0
0
0
0
0
0
0
0
0
0
0
0
0
0
0
0
0
0
0
0
0
0
0
0
0
0
0
0
0
0
0
0
0
0
0
0
0
0
0
0
0
0
0
0
0
0
0
0
0
0
0
0
0
0
0
0
0
0
0
0
0
0
0
0
0
0
0
0
0
0
0
0
0
0
0
0
0
0
0
0
0
0
0
0
0
0
0
0
0
0
0
0
0
0
0
0
0
0
0
0
0
0
0
0
0
0
0
0
0
0
0
0
0
0
0
0
0
0
0
0
0
0
0
0
0
0
0
0
0
0
0
0
0
0
0
0
0
0
0
0
0
0
0
0
0
0
0
0
0
0
0
0
0
0
0
0
0
0
0
0
0
0
0
0
0
0
0
0
0
0
0
0
0
0
0
0
0
0
0
0
0
0
0
0
0
0
0
0
0
0
0
0
0
0
0
0
0
0
0
6.63638705507619E-46
1.82095439825136E-19
5.23969702797762E-13
4.35579942132213E-10
2.01808300566039E-08
2.47510845391362E-07
1.41037552264068E-06
5.78822181047711E-06
1.63008820012848E-05
3.63161116318272E-05
6.92192433350158E-05
1.18376185433618E-04
1.86363520058979E-04
2.75041526127831E-04
3.85572657314942E-04
5.18501850475717E-04
6.73862945416053E-04
7.57646957583715E-04
9.24098765591873E-04
1.26945407054124E-03
1.50829393550087E-03
1.76552749129408E-03
2.04001013242002E-03
2.33058981520335E-03
2.63613099630335E-03
2.95553152391966E-03
3.2877340523936E-03
3.63173327329723E-03
0.003986580002542
4.35138294449591E-03
4.72530877244818E-03
2.09410821714637E-03
2.03406691179293E-03
1.70935600945523E-03
1.88925612138731E-03
2.07900677884022E-03
2.06499178518072E-03
2.1864827525771E-03
2.2295913197563E-03
2.26528304723507E-03
2.11693099314289E-03
1.75831674386123E-03
1.84126529455626E-03
2.32989063391764E-03
2.21997076357925E-03
2.8637971310553E-03
2.97951370200708E-03
2.85750297756982E-03
3.21208829306204E-03
3.2008129352214E-03
2.91572336668214E-03
3.15195106892723E-03
2.97268548511139E-03
2.92153627981812E-03
3.01202337197378E-03
2.79231008353159E-03
2.71417289147831E-03
2.79117603842768E-03
3.7117560572251E-03
3.63813295409901E-03
3.55541467762249E-03
3.82818124416587E-03
3.92310553300702E-03
4.01794435694263E-03
3.91684258666915E-03
4.40766276841083E-03
4.50667090499506E-03
4.81488284332602E-03
4.70425994577919E-03
5.02113064747388E-03
4.45564813074632E-03
4.31768806775112E-03
4.63405321898998E-03
4.72299642199157E-03
4.81175787919921E-03
4.90033142666436E-03
4.98871124745482E-03
5.07689184673514E-03
5.16486802875625E-03
5.25263487559883E-03
5.87420650028041E-03
5.69889827306863E-03
6.61756078919969E-03
5.88159517807663E-03
5.68817404792014E-03
6.06332461087384E-03
6.15381713932364E-03
7.13606500478328E-03
6.63566150424233E-03
7.34144562385407E-03
7.4436880378366E-03
6.60242395906837E-03
6.69135291002386E-03
7.10286888167641E-03
7.52252924242653E-03
7.28776777469857E-03
7.37978143310284E-03
7.81111499887115E-03
8.59423300028578E-03
1.00894300391534E-02
1.02091535503381E-02
1.06846324162184E-02
1.08076558605159E-02
1.12946029462105E-02
1.17892745713282E-02
0.01042925822735
1.16720573571996E-02
1.17969929992988E-02
1.23060471525588E-02
0.013988352138992
1.49169826561409E-02
1.46714032389929E-02
1.48178330096961E-02
1.41548675310776E-02
1.55174056632206E-02
1.56661036354925E-02
1.49819051250612E-02
1.51216974388983E-02
1.69566071126028E-02
1.71107218246823E-02
1.38113820662735E-02
1.61108376884383E-02
1.58124618210596E-02
0.015505932469512
1.56380965347391E-02
1.48685901550342E-02
0.015446482925412
1.87795435819349E-02
1.89318016572916E-02
2.00143111958033E-02
2.11108996471165E-02
2.03302804397167E-02
2.95397381405433E-02
2.44841593690242E-02
2.51523825349577E-02
0.024365082867997
2.30717115932733E-02
2.42283968880783E-02
3.13746551265214E-02
2.50773692541138E-02
2.67686031714534E-02
2.94971843115273E-02
2.96994689122629E-02
2.11367680570574E-02
2.23163743088344E-02
2.29866260435908E-02
0.02366300190503
2.54039472150541E-02
2.71644619339848E-02
1.98322686336672E-02
1.99563608910148E-02
1.84517317422464E-02
1.85646076454324E-02
2.08741863612114E-02
2.09990435069761E-02
2.16791236560357E-02
2.12468000409833E-02
0.020807335283606
1.86640477778052E-02
0.017063299358845
1.77307192193632E-02
1.78288215226459E-02
1.90829221684706E-02
1.80233974684016E-02
1.87043800422023E-02
2.05662168434989E-02
2.30366303319976E-02
2.37496692037645E-02
2.92423597598228E-02
2.51918582662769E-02
2.41124629965712E-02
2.30203651756101E-02
2.43507451823712E-02
2.32453663653284E-02
0.01966891687243
2.03797782835349E-02
2.04753873290996E-02
1.80770148368343E-02
2.25434219093395E-02
2.26457536866841E-02
2.21155530231899E-02
2.22137583705395E-02
6.31091608673957E-02
6.40235282822331E-02
6.42985802023399E-02
6.45717786358796E-02
5.96556697957692E-02
0.061205842221983
5.94959917730876E-02
0.060394276823217
6.06370352756714E-02
6.15397835505602E-02
6.17816827415803E-02
6.13549259041718E-02
6.35991427014035E-02
6.31688463317806E-02
6.47552984746045E-02
6.77040687052084E-02
6.79527947902911E-02
0.06819961024668
6.84445111804594E-02
6.86874937235715E-02
6.89285540339765E-02
6.91676882958128E-02
6.94048927195577E-02
6.96401635421873E-02
6.98734970273366E-02
7.01048894654598E-02
7.03343371739892E-02
7.05618364974949E-02
7.07873838078426E-02
7.10109755043521E-02
7.12326080139542E-02
7.14522777913469E-02
7.16699813191516E-02
7.18857151080671E-02
7.20994756970238E-02
7.23112596533361E-02
7.25210635728543E-02
7.27288840801148E-02
5.98064686193618E-02
5.99736204302757E-02
7.33404118071402E-02
0.064715433630906
0.065626926193107
6.58012333820443E-02
6.59737550308289E-02
6.61444883442386E-02
6.55683358284146E-02
6.27457149334643E-02
6.36506079919919E-02
6.30561415191803E-02
5.56839473065677E-02
5.50626532807394E-02
0.057460542053497
5.45627715887582E-02
0.056966431320506
3.57796040903643E-02
3.58592848579817E-02
3.51733662311398E-02
3.67820549216147E-02
3.07170689656324E-02
3.07816043751602E-02
2.93030517248955E-02
3.01355024200458E-02
3.01960165241963E-02
2.79283624462113E-02
2.40962442128571E-02
2.33636361951694E-02
2.34077051845478E-02
2.34511522548988E-02
2.11445790213348E-02
2.27516385254764E-02
2.27918296811867E-02
1.81076755024294E-02
1.73499583489197E-02
1.81690301525529E-02
2.05727679118936E-02
1.50582954087107E-02
1.50822472995963E-02
1.43107588969658E-02
1.43326954359797E-02
1.99364639773443E-02
2.07645163883306E-02
2.07945633446782E-02
2.00231374104968E-02
0.02005097556284
2.00782864415266E-02
2.09092723765295E-02
2.09365775544205E-02
2.49947431670931E-02
2.58332777905046E-02
2.42482993801917E-02
2.42772649914783E-02
0.023495407804117
2.27110676559321E-02
2.35483306118869E-02
2.60125435129422E-02
2.60400415221012E-02
3.09543943285405E-02
3.09854299534183E-02
3.10156556641409E-02
0.030228095404615
3.02559470396725E-02
3.11014683321772E-02
3.35859586431184E-02
3.60737685728327E-02
3.52826026230625E-02
4.27009184716316E-02
4.27333902253488E-02
4.35871471249196E-02
4.44409528554378E-02
4.36476610415758E-02
0.070870836207592
7.09153203851161E-02
0.07425832854077
7.34754500518503E-02
7.10376930164937E-02
7.19012393424077E-02
7.60711999797272E-02
7.69341762167147E-02
7.77959070337859E-02
7.70004046315512E-02
7.70305165684026E-02
6.13154660938512E-02
6.13362394607504E-02
6.38428008068718E-02
6.38610990290169E-02
6.47073191372768E-02
6.55522689206835E-02
6.55659349225554E-02
6.55778979281769E-02
8.21927546322102E-02
8.13731391047824E-02
7.47382410034869E-02
7.22526370503926E-02
7.22564315552465E-02
6.56139037998376E-02
6.56139418115175E-02
6.56122760213497E-02
8.13882637065121E-02
8.22123985368735E-02
8.22039059489404E-02
8.21932785720333E-02
6.72386044782201E-02
6.63964607680527E-02
6.55529149891204E-02
6.71968025006528E-02
6.22031267787823E-02
7.87681428522122E-02
5.80216087210422E-02
3.31440145747626E-02
3.56168600036853E-02
3.39470260897459E-02
4.13815949248488E-02
3.97087695764878E-02
3.72095394869001E-02
0.036364669979138
3.88238513611322E-02
3.96282008498049E-02
0.040430593886541
6.92680235796128E-02
0.069224654362839
4.11782634498407E-02
0.032097236337496
3.20745910019741E-02
0.030407463203655
2.79207941715432E-02
2.87194220941808E-02
2.86961012037119E-02
2.94912326249201E-02
2.70102303819325E-02
2.69861258104214E-02
2.45102878130966E-02
0.022854620853114
2.20169339167203E-02
0.021180281737184
2.11585177411768E-02
2.35749926366439E-02
2.43615343507829E-02
2.35233573055561E-02
2.51170716040666E-02
2.50878273562031E-02
2.50579255529528E-02
6.13574151164841E-02
6.12808870158665E-02
7.24769414825686E-02
7.31867585305786E-02
7.54988927391057E-02
7.53962923360224E-02
5.20634160102836E-02
3.27935208613433E-02
3.27461776215048E-02
3.26979719340832E-02
3.18525898523026E-02
3.18038794424808E-02
0.030960471751169
3.17039423491447E-02
6.25141167079669E-02
6.24112951316381E-02
0.06309551707455
6.29880530363255E-02
6.28789211865423E-02
5.57067094529902E-02
5.95228782229162E-02
7.81769211519246E-02
0.078032190139451
7.78853859563837E-02
7.77365110201921E-02
7.75855677810083E-02
7.74325587215219E-02
7.72774863568731E-02
7.71203532345455E-02
7.69611619342556E-02
0.076799915067842
7.35711506679864E-02
7.18829893292938E-02
7.24886742862095E-02
7.30890482838035E-02
6.98859056210604E-02
7.04841580539614E-02
7.03208872319669E-02
6.94013625912354E-02
6.92361083403188E-02
6.90689885992934E-02
6.66532667599655E-02
0.066487995181401
6.48305690135415E-02
5.94625300629671E-02
6.15332262138757E-02
6.13724095982488E-02
6.12099276991201E-02
5.44263608779942E-02
5.42785351345122E-02
4.53515185200167E-02
4.74135062165854E-02
4.80071530591011E-02
5.29471764990744E-02
4.91780510262547E-02
2.66803180097555E-02
2.51633532950861E-02
2.65214702446892E-02
2.71555727669361E-02
3.06342541357766E-02
3.12491988468661E-02
3.11508569310661E-02
1.55258272373845E-02
1.47723512340091E-02
1.61264888322595E-02
1.67721271422687E-02
1.67161478730587E-02
2.15187838205305E-02
2.14452771701561E-02
2.20605648699328E-02
2.19834530453583E-02
2.32748339298829E-02
2.31915966877704E-02
1.83502390625219E-02
2.03145622388973E-02
1.95647513019088E-02
0.018819418497605
1.94177791700838E-02
0.01867645206501
1.86041740841169E-02
1.85313677678278E-02
1.77988187464435E-02
1.96973300289279E-02
1.70019480756177E-02
1.69323904660761E-02
9.07972563786681E-03
8.3959103032901E-03
8.36040527106422E-03
9.60537607030025E-03
1.02014434793363E-02
9.52205368419237E-03
9.47997798359365E-03
6.92092632727099E-03
5.01066710210994E-03
5.61126039597982E-03
6.2059513337525E-03
6.17698700136337E-03
6.14784122081468E-03
6.11851443903902E-03
4.87120568417817E-03
4.24152376955932E-03
4.22061681260956E-03
4.19958442194392E-03
4.17842691826233E-03
4.15714462382551E-03
4.72655755709032E-03
4.70195081088943E-03
5.26185288255766E-03
4.65231318667558E-03
4.62728306131861E-03
4.60211256522029E-03
4.00470181929981E-03
3.98243298765018E-03
3.96004233601126E-03
3.37502588775249E-03
3.35562593687959E-03
3.33612244216622E-03
3.86926831376325E-03
3.84627366461187E-03
4.91549046167148E-03
4.88561838654826E-03
4.85559322155434E-03
5.36157268724018E-03
5.86065997190718E-03
6.88220536922777E-03
6.83795772713498E-03
7.31606857940797E-03
7.26794881582036E-03
7.21959591008145E-03
7.17101059175387E-03
7.12219359460968E-03
7.07314565675514E-03
7.52557234367782E-03
7.97069706723837E-03
7.9138555976267E-03
7.36570652137015E-03
7.31193001279204E-03
7.25791091921989E-03
7.20365006877084E-03
6.67253840936381E-03
6.14848558211428E-03
7.03942535172271E-03
6.98420588274509E-03
6.46683230281696E-03
5.95664789264899E-03
5.45370068408787E-03
4.95803848116106E-03
4.91667974328272E-03
5.76154099991262E-03
4.39404559322272E-03
3.48478592635054E-03
3.45421254681701E-03
3.4235168414465E-03
3.3926993222854E-03
3.36176050833741E-03
3.74703854171693E-03
4.12440138669182E-03
4.49380470126772E-03
4.45060405883525E-03
4.40724036876222E-03
4.36371441533016E-03
3.92729727022689E-03
4.27617892856651E-03
4.61691386141873E-03
4.56873183071159E-03
4.89707543033792E-03
5.21715984600102E-03
5.16034720680484E-03
2.9161924601371E-03
2.52306492702378E-03
2.49436379912872E-03
2.11334199314809E-03
1.74047940269624E-03
1.37581770981514E-03
1.3591976243295E-03
1.00689275831232E-03
9.94347221848214E-04
9.81761939107925E-04
6.46091501378027E-04
6.37649010160724E-04
6.29180731042941E-04
6.20686918890251E-04
6.12167838822095E-04
6.0362376694125E-04
8.92582486678612E-04
8.79692717761652E-04
8.66766814676883E-04
8.53805270200161E-04
8.40808600454536E-04
8.27777346621955E-04
8.147120767899E-04
8.01613387944386E-04
7.88481908121816E-04
5.1687886582217E-04
5.08082171384028E-04
4.99265012699316E-04
4.90427908059209E-04
4.81571405565047E-04
4.72696085421226E-04
4.63802562418285E-04
4.5489148862321E-04
4.45963556295574E-04
4.37019501049921E-04
4.2806010528675E-04
4.1908620191668E-04
4.10098678404669E-04
4.01098481163856E-04
3.92086620331394E-04
5.74596262442816E-04
7.48064597354736E-04
7.29984451633768E-04
7.11890556264623E-04
6.93785744164689E-04
6.75673053561966E-04
6.57555745325136E-04
6.39437321862432E-04
6.21321547737971E-04
6.03212472167852E-04
5.85114453573372E-04
5.67032186384388E-04
4.11728047727196E-04
3.98201656690964E-04
5.12932511273922E-04
4.94967996587929E-04
5.96311086477425E-04
5.73978196435216E-04
5.51721368918944E-04
5.29551472786453E-04
5.07480275760312E-04
4.85520524140257E-04
4.63686029331196E-04
3.53593409265913E-04
3.3636316102792E-04
3.19272158475454E-04
3.02335670418034E-04
2.85570254769209E-04
2.68993864674842E-04
2.52625960226112E-04
2.36487624836438E-04
2.20601684823053E-04
2.56241037512777E-04
2.37109665256967E-04
2.18393946403671E-04
2.00132579555748E-04
1.82367102652244E-04
1.65141950710922E-04
1.18803563951427E-04
1.06003807124524E-04
9.37564961337998E-05
8.21056453999219E-05
7.10966296237629E-05
6.07755191677312E-05
5.11881365889265E-05
5.29734512631649E-05
3.4388398381198E-05
3.40656670699938E-05
2.6247866307543E-05
1.95512289902294E-05
1.39750735506662E-05
1.13920936109474E-05
7.25951766628858E-06
4.2626726568394E-06
2.62362888972665E-06
1.19855141554014E-06
3.84233965240441E-07
1.07574315321293E-07
1.9355247354825E-08
1.68702644717838E-09
3.29394508268545E-11
4.7961118252606E-14
3.76295676457201E-20
3.14644442211234E-44
0
0
0
0
0
0
0
0
0
0
0
0
0
0
0
0
0
0
0
0
0
0
0
0
0
0
0
0
0
0
0
0
0
0
0
0
0
0
0
0
0
0
0
0
0
0
0
0
0
0
0
0
0
0
0
0
0
0
0
0
0
0
0
0
0
0
0
0
0
0
0
0
0
0
0
0
0
0
0
0
0
0
0
0
0
0
0
0
0
0
0
0
0
0
0
0
0
0
0
0
0
0
0
0
0
0
0
0
0
0
0
0
0
0
0
0
0
0
0
0
0
0
0
0
0
0
0
0
0
0
0
0
0
0
0
0
0
0
0
0
0
0
0
0
0
0
0
0
0
0
0
0
0
0
0
0
0
0
0
0
0
0
0
0
0
0
0
0
0
0
0
0
0
0
0
0
0
0
0
0
0
0
0
0
0
0
0
0
0
0
0
0
0
0
0
0
0
0
0
0
0
0
0
0
0
0
0
0
0
0
0
0
0
0
0
0
0
0
0
0
0
0
0
0
0
0
0
0
0
0
0
0
0
0
0
0
0
0
0
0
0
0
0
0
0
0
0
0
0
0
0
0
0
0
0
0
0
0
0
0
0
0
0
0
0
0
0
0
0
0
0
0
0
0
0
0
0
0
0
0
0
0
0
0
0
0
0
0
0
0
0
0
0
0
0
0
0
0
0
0
0
0
0
0
0
0
0
0
0
0
0
0
0
0
0
0
0
0
0
0
0
0
0
0
0
0
0
0
0
0
0
0
0
0
0
0
0
0
0
0
0
0
0
0
0
0
0
0
0
0
0
""
