0
0
0
0
0
0
0
0
0
0
0
0
0
0
0
0
0
0
0
0
0
0
0
0
0
0
0
0
0
0
0
0
0
0
0
0
0
0
0
0
0
0
0
0
0
0
0
0
0
0
0
0
0
0
0
0
0
0
0
0
0
0
0
0
0
0
0
0
0
0
0
0
0
0
0
0
0
0
0
0
0
0
0
0
0
0
0
0
0
0
0
0
0
0
0
0
0
0
0
0
0
0
0
0
0
0
0
0
0
0
0
0
0
0
0
0
0
0
0
0
0
0
0
0
0
0
0
0
0
0
0
0
0
0
0
0
0
0
0
0
0
0
0
0
0
0
0
0
0
0
0
0
0
0
0
0
0
0
0
0
0
0
0
0
0
0
0
0
0
0
0
0
0
0
0
0
0
0
0
0
0
0
0
0
0
0
0
0
0
0
0
0
0
0
0
0
0
0
0
0
0
0
0
0
0
0
0
0
0
0
0
0
0
0
0
0
0
0
0
0
0
0
0
0
0
0
0
0
0
0
0
0
0
0
0
0
0
0
0
0
0
0
0
0
0
0
0
0
0
0
0
0
0
0
0
0
0
0
0
0
0
0
0
0
0
0
0
0
0
0
0
0
0
0
0
0
0
0
0
0
0
0
0
0
0
0
0
0
0
0
0
0
0
0
0
0
0
0
0
0
0
0
0
0
0
0
0
0
0
0
0
0
0
0
0
0
0
0
0
0
0
0
0
0
0
0
0
0
0
0
0
0
0
0
0
0
0
0
0
0
0
0
0
0
0
0
0
0
0
0
0
0
0
0
0
0
0
0
0
0
0
0
0
0
0
0
0
0
0
0
0
0
0
0
0
0
0
0
0
0
0
0
0
0
0
0
0
0
0
0
0
0
0
0
0
0
0
0
0
0
0
0
0
0
0
0
0
0
0
0
0
0
0
0
0
0
0
0
0
0
0
0
0
0
0
0
0
0
0
0
0
0
0
0
0
0
0
0
0
0
0
0
0
0
0
0
0
0
0
0
0
0
0
0
0
0
0
0
0
0
0
0
0
0
0
0
0
0
0
0
0
0
0
0
0
0
0
0
0
0
0
0
0
0
0
0
0
0
0
0
6.31872587300243E-96
4.56955672409524E-23
6.88819759379461E-14
2.72779492765847E-10
2.20744210028834E-08
3.46582318102072E-07
2.27191206557107E-06
8.90785695228508E-06
2.59393064512963E-05
5.86788158127464E-05
1.13417604672293E-04
1.95301265128271E-04
3.08174469038448E-04
4.54477111137172E-04
6.3534925856041E-04
8.50839473679805E-04
1.10014424062283E-03
1.3818369022939E-03
1.69406631884368E-03
2.03471883866844E-03
1.24880310610315E-03
1.4798931548563E-03
1.57024116804849E-03
1.81816027314566E-03
2.0018483593435E-03
1.5014551113712E-03
1.9608690418091E-03
2.1519145749577E-03
2.40715606909715E-03
2.80657914745548E-03
4.15569299550377E-03
4.38861063616815E-03
7.20448693199101E-03
5.95308558737763E-03
5.9565307460581E-03
6.11279245326548E-03
6.5560389255188E-03
7.55031039515264E-03
7.25076374184009E-03
7.47985416450082E-03
5.58724543971001E-03
5.31313325611372E-03
5.80530245403649E-03
6.17817323308719E-03
6.56116731810995E-03
6.95412099464184E-03
6.73075690454946E-03
6.95996988600063E-03
4.51349186391489E-03
4.65608142156508E-03
5.15334829740294E-03
5.67076078296432E-03
6.2081152067631E-03
6.57191263541397E-03
6.7465349679517E-03
6.71655149706113E-03
6.88393357983752E-03
7.6911676925591E-03
8.09004761152851E-03
8.27404577809737E-03
8.22823296303809E-03
8.63828660820996E-03
7.86516102996103E-03
8.02477209717199E-03
8.1832478096149E-03
0.023505288336378
2.42029670331456E-02
0.025169012878071
2.58836348356053E-02
2.66042126244828E-02
2.62263810640094E-02
2.66597091046059E-02
2.70897916468239E-02
0.028964883711294
2.94108049188356E-02
2.98533473336786E-02
3.02925253676456E-02
3.07283541603742E-02
3.11608494645861E-02
0.031590027542907
3.20159050751371E-02
3.24384990749746E-02
3.28578268152942E-02
3.32739057611691E-02
3.36867535098995E-02
3.40963877373873E-02
3.45028261502525E-02
3.49060864431516E-02
3.53061862608026E-02
3.57031431642736E-02
3.60969746011298E-02
3.64876978790736E-02
3.68753301427466E-02
3.72598883533924E-02
3.76413892711079E-02
3.80198494394354E-02
0.038395285172071
3.87677125414863E-02
3.91371473692773E-02
3.95036052180731E-02
3.98671013848524E-02
3.66071623149301E-02
3.81501523906326E-02
3.72553714917747E-02
3.46850831052077E-02
3.03976914336959E-02
3.19098958638838E-02
3.55570946685552E-02
3.58429636492892E-02
3.69866035164723E-02
3.16399068597999E-02
2.96984464867964E-02
3.12422961321608E-02
0.030144055764642
2.94709646602294E-02
2.38360578630333E-02
2.49104111358626E-02
3.05566062201597E-02
2.98475836544139E-02
3.18980929721196E-02
3.25753170053308E-02
3.51303823339575E-02
3.06424023755203E-02
3.08367276411663E-02
2.91198167567128E-02
2.64170617624473E-02
2.36777694638968E-02
4.32631528343016E-02
4.40063515430145E-02
4.27857061005461E-02
4.25350588832401E-02
4.17792046159899E-02
4.20103424194096E-02
0.043747836863101
4.39827002140787E-02
4.42153076166955E-02
4.34239252681094E-02
4.98086937675597E-02
5.16087925550078E-02
5.18658480081504E-02
5.21203409645089E-02
5.23722770359371E-02
5.26216616773783E-02
5.28685001905838E-02
0.053112797727769
5.33545592952079E-02
5.35937897567625E-02
5.38304938373493E-02
5.40646761263418E-02
5.42963410809082E-02
5.45254930292851E-02
5.47521361739885E-02
5.49762745949593E-02
5.51979122526471E-02
5.54170529910304E-02
5.56337005405749E-02
5.58478585211296E-02
5.60595304447626E-02
5.62687197185356E-02
5.64754296472197E-02
5.66796634359518E-02
5.68814241928323E-02
5.70807149314671E-02
5.72775385734514E-02
5.74718979507991E-02
5.76637958083168E-02
5.78532348059248E-02
5.80402175209235E-02
5.82247464502098E-02
5.84068240124405E-02
5.09702137186277E-02
4.64232711221205E-02
4.65613135275167E-02
4.61063197471929E-02
4.56460009822728E-02
4.81528287971945E-02
4.82864622527347E-02
0.05439566982415
5.39420161877953E-02
5.40839292267461E-02
6.02485064954868E-02
6.04013305704561E-02
6.05517284980818E-02
6.06997018023261E-02
6.08452519558238E-02
6.09883803813445E-02
6.11290884532166E-02
6.12673774987165E-02
6.14032487994204E-02
6.15367035925223E-02
0.061051065641396
6.17963683904502E-02
6.19225806591336E-02
6.20463809503301E-02
6.03027371889684E-02
4.23549897950139E-02
3.43218260620766E-02
0.035009790181203
3.31934959549427E-02
3.07419073970834E-02
1.94821142734881E-02
1.95145212708927E-02
2.01767050860521E-02
2.27346965945775E-02
2.27697350747491E-02
2.09035831648973E-02
2.09341167997674E-02
2.03285898312739E-02
2.16289534443599E-02
2.22949633713028E-02
2.23239880340542E-02
1.85203721694631E-02
1.85430303360044E-02
1.85649932975744E-02
0.017945355630961
1.92484491103375E-02
1.86267122732218E-02
1.86458957065694E-02
1.67335861502831E-02
1.73937527848981E-02
1.61200680197379E-02
1.48434739980618E-02
1.61477552749428E-02
1.55142732644769E-02
1.61730490650707E-02
1.68321905291184E-02
1.68437879399074E-02
1.94478038329277E-02
1.94597500765765E-02
1.88219461001214E-02
1.75333408509925E-02
0.01494331732042
1.56002877243871E-02
1.17052310777631E-02
1.30109066174512E-02
1.30155227224991E-02
1.30196606469431E-02
1.23721543908913E-02
1.17238518308542E-02
1.23777452546213E-02
1.23798593697533E-02
1.30331781983096E-02
1.30344473881225E-02
1.30352384912076E-02
1.56426618137397E-02
1.56424637404621E-02
1.62934291340047E-02
1.95504331181221E-02
1.95480341392627E-02
2.34539016149069E-02
4.29903863889243E-02
4.49340287744637E-02
4.36198286784846E-02
4.49081478274559E-02
4.09890169392039E-02
3.70712040590914E-02
0.019503023235465
2.07937803378693E-02
2.01340840625393E-02
2.07725956541851E-02
2.01120785798367E-02
0.024638665086266
2.13830495000557E-02
2.00735089613571E-02
1.94120991449354E-02
2.06906709619897E-02
2.00282640137097E-02
1.54929279389575E-02
1.41895678954095E-02
1.41767585050296E-02
1.41634223674036E-02
1.35063976153632E-02
1.28501541297047E-02
1.21947636884224E-02
1.28225534237686E-02
1.28080342484875E-02
1.34326875297459E-02
1.27775578143062E-02
1.33996803859041E-02
1.27451633019358E-02
0.012091834187111
1.20753073960827E-02
0.015231567985766
1.58432708580202E-02
1.96164587853954E-02
1.95865172126099E-02
1.95558309373495E-02
2.07840384359999E-02
2.07497862041089E-02
0.021342459913441
0.022558801174842
2.43954072259143E-02
2.18536181303428E-02
2.24363101990133E-02
2.17716975462976E-02
2.17294723564018E-02
2.23060149725887E-02
2.22608473261965E-02
2.28318891890742E-02
2.33994562350697E-02
2.15056832355914E-02
2.20714869411054E-02
2.56923010231701E-02
2.25819088252122E-02
2.19203304469199E-02
2.24756523244806E-02
2.24211797331625E-02
1.99478847746031E-02
2.41184250514016E-02
2.40566249383956E-02
2.45936996197523E-02
2.27336039595063E-02
2.50586623121267E-02
2.61796725463736E-02
2.96662970034531E-02
2.95817472233705E-02
5.89919551349458E-02
5.88179740340407E-02
0.058641549038975
5.84626779752208E-02
5.82813585968187E-02
5.80975885843769E-02
4.11170695355455E-02
3.80969734201978E-02
3.85461387706988E-02
3.61229104656605E-02
1.94282434262727E-02
1.93607442800666E-02
1.58878634669058E-02
0.015265503386239
1.57732282872007E-02
1.51536248722828E-02
0.015096681002656
0.013925061282734
1.38710921120078E-02
1.32638399299833E-02
0.012660381099613
1.26090073672213E-02
1.20110987969606E-02
1.19608562821496E-02
1.19100611950354E-02
0.01401484215423
0.014490175297226
1.44257943141742E-02
1.64882459359576E-02
1.69422009447395E-02
1.68634644407698E-02
1.67839136910748E-02
1.67035470140275E-02
1.76612603468028E-02
1.75741313385794E-02
1.90290235320088E-02
1.99556731624754E-02
1.93436772115955E-02
0.02025514003077
2.01474781646525E-02
2.40465327073834E-02
2.44130673856968E-02
2.47728092727779E-02
2.31550351020212E-02
2.30223953642582E-02
2.28885179608255E-02
2.22692843756202E-02
2.21358219839676E-02
2.10445661006389E-02
2.04392334017813E-02
2.12557357714898E-02
1.92430026609057E-02
1.95848709952651E-02
1.89930188722113E-02
0.020246827233455
2.05667441771473E-02
1.86096969595889E-02
1.89304049156582E-02
1.87960622011545E-02
0.019104858364475
3.66067382982165E-02
3.98364513227215E-02
3.91008060629683E-02
3.79381656897386E-02
3.72142008897357E-02
0.036494532194909
3.74629624459872E-02
3.71557837389159E-02
3.72600499080498E-02
3.89966964932738E-02
3.90675398839816E-02
2.58167301610732E-02
1.95897101522776E-02
2.06005371953872E-02
2.04104565878564E-02
2.06076540900063E-02
2.19511939986724E-02
2.32631818458126E-02
0.022655304758245
2.95288437046241E-02
2.92257916130648E-02
2.89203151349284E-02
2.89745832087122E-02
0.028660289076501
2.76349113973237E-02
2.45211738282044E-02
1.93916621000183E-02
3.14847138858274E-02
3.00943459158709E-02
2.97277982408895E-02
3.10077268358627E-02
3.09401918781058E-02
3.05396896575791E-02
3.10877386039601E-02
3.06681468916155E-02
3.05539349223799E-02
3.04277651094526E-02
2.99896252647658E-02
2.95481256525207E-02
2.91032516226435E-02
2.86549893394763E-02
2.82033259188839E-02
2.77482495805101E-02
0.027289749816795
2.68278175805447E-02
2.63624454930412E-02
2.58936280748996E-02
2.49129347620813E-02
2.39478205344844E-02
2.32431589530462E-02
2.27846832739815E-02
2.18529883358979E-02
2.11677048734752E-02
1.86878714228712E-02
1.87163686666332E-02
1.76461135167528E-02
0.017023544208153
1.66135125832584E-02
1.66008822324392E-02
1.59805195468517E-02
1.57473427150044E-02
1.53167622730643E-02
0.014883736148097
1.49705783310207E-02
1.41795007009055E-02
1.42249101290724E-02
1.39199637926105E-02
1.34495127144739E-02
1.31247008404115E-02
1.26453983863437E-02
1.32581130552221E-02
6.16953379967472E-03
5.66286954571471E-03
5.65925529250338E-03
5.51880128121785E-03
5.14847202400788E-03
4.47696190015715E-03
4.34283596422673E-03
4.10539137470485E-03
3.95697623444931E-03
3.88190708564679E-03
4.32855703187552E-03
4.0346784233626E-03
3.54361255418724E-03
3.51949022919124E-03
3.23274947059036E-03
2.89983811518838E-03
0.002770895911511
2.45200407347116E-03
1.81130259168041E-03
1.70147075278003E-03
1.42965012883335E-03
1.28520885740258E-03
1.09423360978624E-03
8.80314117069647E-04
6.93390571303074E-04
5.56453141736708E-04
4.25241793963868E-04
3.42198436142374E-04
1.9762818282974E-04
1.32925454441621E-04
7.48378646355477E-05
4.20520843430441E-05
2.11718453094035E-05
1.02219692019731E-05
4.04132498282524E-06
1.08337181034582E-06
1.99161355417247E-07
1.51569127031236E-08
3.4857510061444E-10
4.41754443650451E-13
1.33532064897566E-19
6.30283299631701E-48
0
0
0
0
0
0
0
0
0
0
0
0
0
0
0
0
0
0
0
0
0
0
0
0
0
0
0
0
0
0
0
0
0
0
0
0
0
0
0
0
0
0
0
0
0
0
0
0
0
0
0
0
0
0
0
0
0
0
0
0
0
0
0
0
0
0
0
0
0
0
0
0
0
0
0
0
0
0
0
0
0
0
0
0
0
0
0
0
0
0
0
0
0
0
0
0
0
0
0
0
0
0
0
0
0
0
0
0
0
0
0
0
0
0
0
0
0
0
0
0
0
0
0
0
0
0
0
0
0
0
0
0
0
0
0
0
0
0
0
0
0
0
0
0
0
0
0
0
0
0
0
0
0
0
0
0
0
0
0
0
0
0
0
0
0
0
0
0
0
0
0
0
0
0
0
0
0
0
0
0
0
0
0
0
0
0
0
0
0
0
0
0
0
0
0
0
0
0
0
0
0
0
0
0
0
0
0
0
0
0
0
0
0
0
0
0
0
0
0
0
0
0
0
0
0
0
0
0
0
0
0
0
0
0
0
0
0
0
0
0
0
0
0
0
0
0
0
0
0
0
0
0
0
0
0
0
0
0
0
0
0
0
0
0
0
0
0
0
0
0
0
0
0
0
0
0
0
0
0
0
0
0
0
0
0
0
0
0
0
0
0
0
0
0
0
0
0
0
0
0
0
0
0
0
0
0
0
0
0
0
0
0
0
0
0
0
0
0
0
0
0
0
0
0
0
0
0
0
0
0
0
0
0
0
0
0
0
0
0
0
0
0
0
0
0
0
0
0
0
0
0
0
0
0
0
0
0
0
0
0
0
0
0
0
0
0
0
0
0
0
0
0
0
0
0
0
0
0
0
0
0
0
0
0
0
0
0
0
0
0
0
0
0
0
0
0
0
0
0
0
0
0
0
0
0
0
0
0
0
0
0
0
0
0
0
0
0
0
0
0
0
0
0
0
0
0
0
0
0
0
0
0
0
0
0
0
0
0
0
0
0
0
0
0
0
0
0
0
0
0
0
0
0
0
0
0
0
0
0
0
0
""
