0
0
0
0
0
0
0
0
0
0
0
0
0
0
0
0
0
0
0
0
0
0
0
0
0
0
0
0
0
0
0
0
0
0
0
0
0
0
0
0
0
0
0
0
0
0
0
0
0
0
0
0
0
0
0
0
0
0
0
0
0
0
0
0
0
0
0
0
0
0
0
0
0
0
0
0
0
0
0
0
0
0
0
0
0
0
0
0
0
0
0
0
0
0
0
0
0
0
0
0
0
0
0
0
0
0
0
0
0
0
0
0
0
0
0
0
0
0
0
0
0
0
0
0
0
0
0
0
0
0
0
0
0
0
0
0
0
0
0
0
0
0
0
0
0
0
0
0
0
0
0
0
0
0
0
0
0
0
0
0
0
0
0
0
0
0
0
0
0
0
0
0
0
0
0
0
0
0
0
0
0
0
0
0
0
0
0
0
0
0
0
0
0
0
0
0
0
0
0
0
0
0
0
0
0
0
0
0
0
0
0
0
0
0
0
0
0
0
0
0
0
0
0
0
0
0
0
0
0
0
0
0
0
0
0
0
0
0
0
0
0
0
0
0
0
0
0
0
0
0
0
0
0
0
0
0
0
0
0
0
0
0
0
0
0
0
0
0
0
0
0
0
0
0
0
0
0
0
0
0
0
0
0
0
0
0
0
0
0
0
0
0
0
0
0
0
0
0
0
0
0
0
0
0
0
0
0
0
0
0
0
0
0
0
0
0
0
0
0
0
0
0
0
0
0
0
0
0
0
0
0
0
0
0
0
0
0
0
0
0
0
0
0
0
0
0
0
0
0
0
0
0
0
0
0
8.53584687207685E-61
7.33546603331378E-25
1.55934456551743E-16
8.19228039632152E-13
1.03091526449979E-10
2.28593720490604E-09
1.96331972255403E-08
9.48884418649177E-08
3.82711498409453E-07
1.01806736454249E-06
2.1858723734995E-06
4.34520071168014E-06
7.10951061638755E-06
1.24633089009203E-05
2.03323312478674E-05
2.97617251022969E-05
7.50859412555151E-05
1.01787616097713E-04
1.28561140253244E-04
1.49513944099351E-04
1.85379784274599E-04
2.61030274845001E-04
3.11912177213447E-04
3.63037918574451E-04
3.15572646767339E-04
3.82030282474677E-04
2.67296416492526E-04
2.98478604108336E-04
3.22675345489179E-04
3.46211930127645E-04
3.6891164688167E-04
4.22286391305202E-04
4.34021949944912E-04
4.79672943345659E-04
4.61581663830431E-04
5.07091539695104E-04
5.54665895080663E-04
5.88361311211562E-04
1.17714839999645E-03
1.25910109035396E-03
1.39894660399669E-03
1.44830275489716E-03
1.68017036143726E-03
1.75532025753252E-03
1.80793544172515E-03
1.90491343725559E-03
1.97923710049453E-03
2.05317600509464E-03
2.12668500037262E-03
2.19972394677803E-03
2.27225729298764E-03
2.34425368397047E-03
2.44514517900347E-03
2.51685253931134E-03
2.61912317719305E-03
2.53028323001375E-03
2.59672444790204E-03
2.66253424117545E-03
2.69317443833648E-03
2.9335985322276E-03
3.00069323751671E-03
3.03013968440857E-03
3.13541616534987E-03
3.06634932415735E-03
3.35749693505588E-03
3.57564847161684E-03
3.70768277415282E-03
3.98603387859658E-03
3.34928721776652E-03
3.55630412985422E-03
3.7142892888409E-03
0.00422695938935
4.52691432153899E-03
4.58470921854842E-03
5.82673896352459E-03
6.12168585446669E-03
6.99581400240326E-03
5.40351660207982E-03
5.0613406427722E-03
7.70022104540344E-03
8.12891683454915E-03
8.40172494963667E-03
8.58969328752943E-03
9.04616508873978E-03
9.33003918038187E-03
9.61654930962279E-03
9.90563071164111E-03
1.01972199464766E-02
0.010491254872434
1.07876746191892E-02
1.10864195607166E-02
1.13874312881458E-02
1.16906525826373E-02
1.19960273883586E-02
1.23035007856298E-02
1.26130189643001E-02
1.29245291974044E-02
1.32379798151469E-02
1.35533201792472E-02
1.38705006576814E-02
1.29124200658577E-02
1.29140675978154E-02
1.30526889100186E-02
0.01258003187933
1.28503380418359E-02
0.013121940742785
0.013394804078138
1.36688928250268E-02
1.41121745017368E-02
1.43919416018123E-02
1.46728458977762E-02
1.49548543278045E-02
0.015237934435486
1.58916270769883E-02
0.013737194569499
1.43690080515016E-02
1.48203101922708E-02
0.015080856081859
1.47365927325034E-02
1.70415757688618E-02
1.73286696042064E-02
0.018677796688461
0.016826587409074
1.68793396641268E-02
1.29170377893074E-02
1.92279524851269E-02
2.13642272278986E-02
0.021458287299858
2.20195218395403E-02
2.28287832154694E-02
2.36528444086756E-02
2.37495455220241E-02
2.50944733148647E-02
2.54504387625223E-02
2.58069795677307E-02
2.61640694372477E-02
2.65216824688894E-02
2.68797931420887E-02
2.72383763087232E-02
2.75974071842047E-02
2.79568613388205E-02
1.64236945198072E-02
0.015772318919915
1.48091374075404E-02
1.23473423264611E-02
2.26173340457948E-02
2.59041887492575E-02
2.62153033627939E-02
2.25167855567286E-02
2.02846349063015E-02
0.02557133249587
2.52263887734666E-02
0.025512958400751
2.54730566069879E-02
0.022454116752776
2.16995019845255E-02
2.12606181656549E-02
1.94428320605533E-02
2.68893191617212E-02
2.68243030257658E-02
3.16800234728866E-02
3.20069467981192E-02
3.23338348896334E-02
3.30235677414547E-02
3.22543859131147E-02
3.29439681943768E-02
3.43882819369358E-02
3.43445939761082E-02
2.05761122841127E-02
2.30798094337159E-02
2.40737366549712E-02
2.74334692530355E-02
3.24330673520744E-02
3.23304563351054E-02
3.42341933896168E-02
3.37284105745127E-02
3.48478585715745E-02
3.22592636236246E-02
3.96323589885094E-02
4.20781923547802E-02
4.20133965841467E-02
0.042369033485137
3.88402785557084E-02
0.035681762263085
0.035975389661065
3.22879709480808E-02
4.14662282716856E-02
4.26969399816349E-02
3.98644386818536E-02
3.15029034170079E-02
2.94475413360782E-02
3.01383482084391E-02
3.03687064559466E-02
3.01279755644784E-02
4.74283011326307E-02
4.53920370197205E-02
4.47639877304614E-02
4.84849737866692E-02
4.88360396821831E-02
4.91865050794267E-02
4.95363573386299E-02
4.98855839260255E-02
5.02341724122679E-02
5.05821104708919E-02
5.09293858768109E-02
0.051275986504853
5.16219003283341E-02
5.19671154176678E-02
5.23116199390095E-02
5.26554021529353E-02
5.29984504131539E-02
5.33407531652514E-02
4.83140690509202E-02
4.21379995760095E-02
4.24031978614486E-02
4.37618249217277E-02
4.23813283579525E-02
4.26412742405917E-02
4.56863380270122E-02
4.59618033849878E-02
4.96197394401379E-02
4.93466602167536E-02
4.96366874902801E-02
4.87782283951586E-02
4.90600878844762E-02
4.99216683723914E-02
5.02052899915748E-02
5.04881214472439E-02
5.07701540043754E-02
5.93620685948163E-02
5.96881253491198E-02
6.00132231212237E-02
0.060337352045327
6.06605023265789E-02
6.09826642403736E-02
6.13038281316639E-02
4.43692687782895E-02
2.47772494281324E-02
2.80175562672558E-02
0.026908674490377
2.64156245261715E-02
0.026547914787699
2.66797582891538E-02
2.74495119424076E-02
2.69420897148621E-02
0.032873835070053
3.56224372915089E-02
3.31890286590268E-02
3.39996115004961E-02
3.15312400902996E-02
5.41160343591839E-02
5.56912445383086E-02
4.12931689003784E-02
0.05151570223539
5.17470526013133E-02
4.99523990802102E-02
5.01729870261374E-02
5.17546560200464E-02
6.83939271481878E-02
6.86884122942344E-02
6.89816789469284E-02
6.92737190662994E-02
6.95645246685911E-02
6.98540878259194E-02
0.070142400665938
7.04294553715129E-02
7.07152441804052E-02
7.09997593849608E-02
7.12829933318089E-02
7.15649384215672E-02
0.071845587108555
7.21249319005127E-02
0.072402965358329
7.26796800957751E-02
0.072225518091452
7.32291241274999E-02
7.35018389114272E-02
7.37732059537942E-02
7.40432181290165E-02
7.43118683629288E-02
7.45791496325625E-02
6.36182967210386E-02
6.38431408255324E-02
6.33130765592024E-02
6.65583128221433E-02
6.60284579644512E-02
6.62537208369346E-02
0.066477751172479
6.67005432110157E-02
6.76913106749679E-02
6.94576443844757E-02
6.42643552276836E-02
5.98114888686308E-02
5.92238563961002E-02
5.94118853692927E-02
6.58723561639508E-02
6.68643450359196E-02
6.78599497696397E-02
4.11571755354726E-02
4.04880930341824E-02
3.98134609835612E-02
3.83346822048058E-02
3.92487107284337E-02
4.09700244330037E-02
3.94772567910149E-02
3.87824403275906E-02
3.97028071189105E-02
4.63147705170933E-02
5.05177761916517E-02
3.26820135256493E-02
3.27712906794148E-02
3.20384443520502E-02
3.21242688715329E-02
3.22094798541135E-02
3.22940752010658E-02
3.23780528316681E-02
0.042449537047222
4.33921956143451E-02
4.60113907388266E-02
4.52876472061776E-02
4.70810719369421E-02
2.94976700234991E-02
2.70346085525992E-02
2.45588301846674E-02
2.37682091039279E-02
2.29731298540474E-02
2.30264725362943E-02
2.39341627749536E-02
2.22750904582753E-02
2.23251712150028E-02
2.23748207803544E-02
2.24240379566196E-02
2.24728215577909E-02
2.51197669952684E-02
0.023437125016539
2.34864268884779E-02
2.44069505079873E-02
2.53306023881793E-02
2.45068418460827E-02
2.19250668177784E-02
2.28473431948439E-02
2.64140459707221E-02
2.47009090032862E-02
3.71223424279398E-02
3.80781375193983E-02
3.99237137806583E-02
3.64421091182557E-02
4.45226456679802E-02
4.46028276017494E-02
4.46821403854839E-02
0.044760582139834
0.045734914027739
4.76097358628741E-02
5.48886085733716E-02
8.20193957326715E-02
8.12513902363904E-02
7.86703391516454E-02
6.24934826811448E-02
4.80779333476995E-02
5.81466399508194E-02
6.00556379566033E-02
7.38160097832604E-02
7.39259281727271E-02
7.40343991716501E-02
7.04801155328015E-02
5.22478810472228E-02
5.23211462466082E-02
6.43427546149246E-02
4.14194197258322E-02
4.60831419626681E-02
5.53725629628956E-02
2.95702768483881E-02
2.96079397679409E-02
2.68658006983112E-02
2.59713309279794E-02
2.60027580035663E-02
2.60336742724297E-02
2.51332190500113E-02
2.51620439688756E-02
2.33244206272938E-02
0.021482178307288
2.15054671908658E-02
2.15283330869786E-02
2.06137852272249E-02
2.06348462469893E-02
2.06555011757567E-02
2.06757495346765E-02
2.25770082049306E-02
2.25982087371016E-02
2.26189642343514E-02
1.32062432928253E-02
1.32178306242178E-02
1.32291575295489E-02
9.45730267638291E-03
0.010411522801911
1.13670626579435E-02
1.13758763523117E-02
1.13844657544161E-02
1.13928306659979E-02
1.23510518018757E-02
1.14088862507622E-02
1.23679579330995E-02
1.42800520316825E-02
0.013336494842827
1.42978692404113E-02
1.33525977190649E-02
1.33602539444724E-02
1.14579826779888E-02
0.010508751855198
8.60248264676711E-03
7.65042288722601E-03
7.65404347216059E-03
6.70032379896139E-03
7.66083113025613E-03
7.66399804733979E-03
7.66701359154798E-03
6.71114298187383E-03
6.71351650163827E-03
5.75636348345168E-03
6.71786561755693E-03
5.75986381182832E-03
5.76144329204102E-03
6.72339375598172E-03
6.72497082033589E-03
5.76549856934222E-03
0.00576662250387
6.72890456108043E-03
6.72994989021375E-03
6.73086221792063E-03
7.69330459801242E-03
8.65579858501932E-03
7.69462971240125E-03
8.65694718191714E-03
7.69534652462232E-03
7.69547679467603E-03
7.69545496887578E-03
8.65719117868772E-03
8.65682441460806E-03
8.65628655616298E-03
8.65557761569587E-03
7.69306454175711E-03
7.69213027351316E-03
7.69104398621858E-03
8.65103141790766E-03
9.6105193221271E-03
8.64773243641969E-03
9.60647399694886E-03
9.60416657352722E-03
8.64150244086541E-03
8.63908422293782E-03
8.63649531792981E-03
9.59303976145173E-03
1.15077409179471E-02
1.15036067929476E-02
1.14992454337391E-02
0.011494656940554
1.24473282037661E-02
1.24418655609795E-02
1.24361572161781E-02
1.24302033006398E-02
1.24240039513159E-02
1.43279530509597E-02
1.52749163415223E-02
0.013358083582582
1.23967551537836E-02
1.14363054354428E-02
1.14292265816224E-02
1.14219222051144E-02
1.04631931013875E-02
1.14066375625633E-02
1.04487695114756E-02
1.13904529172397E-02
1.13820235569161E-02
1.04255889488978E-02
0.01041745075576
1.04091072023475E-02
1.13460637978761E-02
1.22812238432101E-02
1.22706365738884E-02
1.22598075512076E-02
1.31909475660908E-02
1.31787656575104E-02
1.31663242267845E-02
1.31536235620279E-02
1.22020451033707E-02
1.21897710196664E-02
0.010303832892996
1.02930414236888E-02
1.02820474745334E-02
1.12045650553879E-02
9.32677560223777E-03
1.02478533244723E-02
9.30550186953744E-03
9.29459057547379E-03
9.28349666671179E-03
9.27222040155988E-03
1.11129144512497E-02
1.20238584143975E-02
1.20084901515522E-02
1.38379456448975E-02
0.012898358308521
1.47211973503088E-02
1.56199454143048E-02
1.28456690512276E-02
1.19113445987557E-02
1.37242321660206E-02
1.09634690730305E-02
1.27718940016853E-02
1.18419080426322E-02
1.09144324276138E-02
9.9895209970513E-03
9.97395021271286E-03
1.44846318621569E-02
0.01355757810781
1.35355489229484E-02
1.26123716464518E-02
1.16919381551557E-02
1.16721601212982E-02
1.25484738864418E-02
1.34214475772983E-02
1.42910293312909E-02
1.51571674406809E-02
1.51298208906311E-02
1.51021796630201E-02
1.33008038947576E-02
0.013275896300736
1.32507304541021E-02
1.32253069538472E-02
0.012319651311924
1.22954434603433E-02
1.22709968465994E-02
1.22463120546838E-02
1.13484332694894E-02
1.04539116887505E-02
9.56279856993547E-03
9.54265950305046E-03
9.5223356641352E-03
9.50182754155667E-03
7.75729278705142E-03
8.60023674869622E-03
9.43920242959181E-03
9.4179621548422E-03
8.54230919311074E-03
7.67040285305486E-03
7.6525795651245E-03
6.78631897068776E-03
6.7702143287517E-03
6.75397941223729E-03
6.73761461604761E-03
7.56126038106666E-03
8.38062122807636E-03
8.35968119136645E-03
9.1724389076638E-03
8.31732064587354E-03
8.2959011745763E-03
9.10175523057593E-03
9.90310375564598E-03
1.06998999742337E-02
9.85036914101995E-03
9.82371959527321E-03
9.79688276667735E-03
1.05840142625519E-02
1.05545374162696E-02
9.71525525220403E-03
9.68767598860203E-03
8.85492008350577E-03
1.04346303030767E-02
1.04041573264102E-02
1.03734873852657E-02
1.03426212478245E-02
1.11047565875431E-02
1.18618886395597E-02
0.011825600113969
1.10031495698238E-02
1.09688653145935E-02
0.010934374874723
1.01211306154571E-02
1.08647789443357E-02
1.08296752224016E-02
1.07943688530351E-02
1.07588607375686E-02
0.010723151784191
1.06872429079705E-02
1.21727257495751E-02
1.21312332363568E-02
1.28451101387566E-02
1.20475733921584E-02
1.20054082242181E-02
1.19630210144485E-02
1.41554902765625E-02
1.41046320497702E-02
1.62724900125348E-02
1.54760470085131E-02
1.54189785476764E-02
1.60931335636467E-02
1.60327570370419E-02
1.66980916186722E-02
1.44646608758629E-02
0.015129427700238
1.36353830671175E-02
1.35819889776718E-02
0.014240367349605
1.41836468600826E-02
1.27140035014933E-02
1.26624959773069E-02
1.26107609917071E-02
1.32565110527674E-02
1.32014261488691E-02
1.52218064977032E-02
1.44685036820835E-02
1.50928842671346E-02
1.57111127881265E-02
1.49628918146364E-02
0.014897498725095
0.015506018172291
1.67794634880753E-02
1.73724362638029E-02
1.66287761296169E-02
0.02383631579132
2.37267800803947E-02
2.55849030479048E-02
2.67712682154522E-02
3.50935810361902E-02
3.16928741274021E-02
4.37712264969844E-02
4.16380050105422E-02
4.01602316541336E-02
0.039328615219993
0.036609037999762
3.57981378583043E-02
0.034368080088695
3.48152243306165E-02
3.64924648139707E-02
3.56886778773168E-02
3.36664662365362E-02
3.34896680174127E-02
3.27066438168668E-02
3.25319904560158E-02
3.17576099543158E-02
2.44338043553921E-02
2.66707415786666E-02
2.71128776133706E-02
3.86844650359766E-02
0.037884396738439
3.82493977151688E-02
0.036302283927651
3.66661232747837E-02
3.64531695712152E-02
3.51071669973018E-02
3.65884899315782E-02
5.09187341661141E-02
5.00566309912617E-02
4.03554754073515E-02
2.14280221970851E-02
2.02038538266708E-02
1.84502955891907E-02
1.88738733947688E-02
1.82186801725126E-02
1.81024803449342E-02
1.58700214080174E-02
1.52414752680031E-02
1.35753333448764E-02
1.29670277244176E-02
1.23654465736144E-02
1.27941454738928E-02
1.32157444565944E-02
1.26205798848427E-02
1.25335483882079E-02
1.09527925465049E-02
1.13702830439363E-02
1.07989164178963E-02
1.07217758295057E-02
1.11283450218333E-02
1.10474264307449E-02
1.04895774905188E-02
1.13584676051996E-02
1.17433634887312E-02
1.21210512051635E-02
1.24915184024079E-02
1.28547532954606E-02
0.012299658833403
1.22035337132429E-02
1.16588654363877E-02
0.011566062902929
1.19144219322029E-02
0.011817818545494
8.68230014189161E-03
9.04111116431355E-03
8.96572776447124E-03
9.31361414873383E-03
9.23448444898022E-03
9.57143054995678E-03
9.48855416780735E-03
9.81454761227273E-03
9.32259600011392E-03
2.45048175925823E-02
2.42843332098618E-02
1.57794770639677E-02
0.016025579524219
1.54898634583539E-02
1.57285623196407E-02
1.48199459597492E-02
1.58076317494232E-02
0.016400751494521
1.62410727427578E-02
2.63149323224997E-02
3.18431672214932E-02
0.03152357764954
3.08493519538903E-02
3.08842769358276E-02
3.05645980694488E-02
3.02449220290902E-02
2.95852055972647E-02
2.99420728786357E-02
1.86365951125963E-02
1.84332791243983E-02
2.96237810413132E-02
2.18897176294713E-02
2.76904097836964E-02
0.027060342147043
2.73707744335288E-02
2.09038760937002E-02
2.00501795874307E-02
7.50434290269057E-03
7.11742826467681E-03
7.03075697062545E-03
7.23350074792929E-03
1.28580843652535E-02
1.46709666243925E-02
1.44839011871392E-02
1.42970469077469E-02
1.62812496470433E-02
1.71372582180558E-02
1.71723470921483E-02
2.21523005123296E-02
2.21059517509325E-02
2.28133950065791E-02
2.22432549267601E-02
1.13331283972678E-02
1.09272091676347E-02
1.07679613920932E-02
1.27308304220647E-02
1.13793395632845E-02
1.05208542576887E-02
1.03594218800839E-02
9.08984433952947E-03
8.94663534904386E-03
9.23323632677467E-03
9.08380412895507E-03
8.93477374588623E-03
8.99048844906298E-03
9.24062401119168E-03
7.7004453182299E-03
7.56686505981823E-03
7.24310684256531E-03
7.11380337729808E-03
7.16876058281103E-03
7.21742032831958E-03
7.43690343357516E-03
6.94862475068751E-03
7.83726678228215E-03
7.85129187333535E-03
7.36812977432337E-03
7.38015432338271E-03
7.54343724884495E-03
7.54046591898211E-03
6.92920646254689E-03
7.22254985955435E-03
6.05554624982877E-03
2.8195494372509E-03
2.89364973926728E-03
2.82715168818937E-03
2.89252127070615E-03
2.56698500087565E-03
2.6300360432237E-03
2.56515932185942E-03
2.61979690155401E-03
2.55274916988836E-03
2.48617872422496E-03
5.17020929884664E-03
5.03010998811685E-03
4.78704530060444E-03
5.15777327054678E-03
7.46502781603174E-03
8.19928732203508E-03
7.39863580297173E-03
7.17215148422617E-03
6.94784427093265E-03
6.72576847680041E-03
6.42465479793506E-03
6.2885340530388E-03
6.07348975843351E-03
5.86090558741319E-03
5.65084166396777E-03
5.51140131194616E-03
5.8933362474821E-03
5.85480431659169E-03
5.32073678324663E-03
4.93054745352298E-03
4.72483521722138E-03
4.57548768379146E-03
3.96695991221578E-03
3.68999242033371E-03
3.47148477760633E-03
3.30458810149149E-03
2.63828864380833E-03
2.34446402328669E-03
2.25836256599396E-03
6.61035337106063E-04
6.46592096605727E-04
6.67109377761485E-04
6.51547342168173E-04
6.35829487345263E-04
6.52587322776146E-04
6.03935366275917E-04
5.25894868736494E-04
5.11297482736925E-04
4.96574947641437E-04
5.10068928390708E-04
5.21687603040259E-04
6.37701081099902E-04
5.64926287811646E-04
5.45170100583223E-04
5.25301905678142E-04
4.82364487230283E-04
4.6322285155163E-04
4.22871037297522E-04
4.04529855858832E-04
4.05466622163568E-04
2.75832784662191E-04
2.7952519928787E-04
2.64856662893956E-04
2.1895733681223E-04
1.47305652912692E-04
1.38273789068398E-04
1.42251617799132E-04
1.08415712684099E-04
1.00548702776842E-04
8.24945294555106E-05
7.57420733546654E-05
6.0497006302948E-05
6.27081161860995E-05
7.05885909999494E-05
6.30645135005626E-05
6.14284082083767E-05
4.8959058556302E-05
3.81978852890696E-05
2.90603070773549E-05
2.14481730774551E-05
2.03328487844187E-05
1.86111160195621E-05
1.48055723602985E-05
1.14714183047517E-05
9.57191849767585E-06
6.92467174331981E-06
4.78824688869822E-06
3.13264973015433E-06
1.91315990178649E-06
1.28515054512179E-06
6.96510103150207E-07
3.00344240349812E-07
1.13950421942169E-07
3.01911139588888E-08
6.75630317650722E-09
6.4346279265234E-10
2.20838489753388E-11
7.50982125060183E-14
1.98135447258219E-18
7.63663724201699E-30
1.43412741819076E-112
0
0
0
0
0
0
0
0
0
0
0
0
0
0
0
0
0
0
0
0
0
0
0
0
0
0
0
0
0
0
0
0
0
0
0
0
0
0
0
0
0
0
0
0
0
0
0
0
0
0
0
0
0
0
0
0
0
0
0
0
0
0
0
0
0
0
0
0
0
0
0
0
0
0
0
0
0
0
0
0
0
0
0
0
0
0
0
0
0
0
0
0
0
0
0
0
0
0
0
0
0
0
0
0
0
0
0
0
0
0
0
0
0
0
0
0
0
0
0
0
0
0
0
0
0
0
0
0
0
0
0
0
0
0
0
0
0
0
0
0
0
0
0
0
0
0
0
0
0
0
0
0
0
0
0
0
0
0
0
0
0
0
0
0
0
0
0
0
0
0
0
0
0
0
0
0
0
0
0
0
0
0
0
0
0
0
0
0
0
0
0
0
0
0
0
0
0
0
0
0
0
0
0
0
0
0
0
0
0
0
0
0
0
0
0
""
