0
0
0
0
0
0
0
0
0
0
0
0
0
0
0
0
0
0
0
0
0
0
0
0
0
0
0
0
0
0
0
0
0
0
0
0
0
0
0
0
0
0
0
0
0
0
0
0
0
0
0
0
0
0
0
0
0
0
0
0
0
0
0
0
0
0
0
0
0
0
0
0
0
0
0
0
0
0
0
0
0
0
0
0
0
0
0
0
0
0
0
0
0
0
0
0
0
0
0
0
0
0
0
0
0
0
0
0
0
0
0
0
0
0
0
0
0
0
0
0
0
0
0
0
0
0
0
0
0
0
0
0
0
0
0
0
0
0
0
0
0
0
0
0
0
0
0
0
0
0
0
0
0
0
0
0
0
0
0
0
0
0
0
0
0
0
0
0
0
0
0
0
0
0
0
0
0
0
0
0
0
0
0
0
0
0
0
0
0
0
0
0
0
0
0
0
0
0
0
0
0
0
0
0
0
0
0
0
0
0
0
0
0
0
0
0
0
0
0
0
0
0
0
0
0
0
0
0
0
0
0
0
0
0
0
0
0
0
0
0
0
0
0
0
0
0
0
0
0
0
0
0
0
0
0
0
0
0
0
0
0
0
0
0
0
0
0
0
0
0
0
0
0
0
0
0
0
0
0
0
0
0
0
0
0
0
0
0
0
0
0
0
0
0
0
0
0
0
0
0
0
0
0
0
0
0
0
0
0
0
0
0
0
0
0
0
0
0
0
0
0
0
0
0
0
0
0
0
0
0
0
0
0
0
0
0
0
0
0
0
0
0
0
0
0
0
0
0
0
0
0
0
0
0
0
0
0
0
0
0
0
0
0
0
0
0
0
0
0
0
0
0
0
0
0
0
0
0
0
0
0
0
0
0
0
0
0
0
0
0
0
0
0
0
0
0
0
0
0
0
0
0
0
0
0
0
0
0
0
0
0
0
0
0
0
0
0
0
0
0
0
0
0
0
0
0
0
0
0
0
0
0
0
0
0
0
0
0
0
0
0
0
0
0
0
0
0
0
0
0
0
0
0
0
0
0
0
0
0
0
0
0
0
0
0
0
0
0
0
0
0
0
0
0
0
0
0
0
0
0
0
0
0
0
0
0
0
2.70161974020865E-112
3.16910094137643E-25
4.5261918952358E-15
4.13475258287505E-11
4.94172430117784E-09
1.0095541043114E-07
9.09313416854686E-07
5.3757379002183E-06
1.77138452526927E-05
2.79896676130479E-05
5.84299073031925E-05
9.95061358954041E-05
1.58132097419143E-04
2.53414342677908E-04
3.72711371027423E-04
5.62197979268508E-04
6.88902066208354E-04
1.01145727777886E-03
1.28535330640186E-03
1.59701272552549E-03
1.9066671217934E-03
2.61313760809734E-03
2.97300185108669E-03
3.34028437683086E-03
3.64167969038915E-03
3.45589557614295E-03
3.84358627512855E-03
4.24303419660993E-03
4.75862327068472E-03
5.64819236895621E-03
7.37335778903558E-03
7.82022924730886E-03
8.68949630180932E-03
1.02255038943602E-02
1.08988223970523E-02
1.19281060258892E-02
1.24456110055049E-02
0.011572605758226
1.71454807427016E-02
1.80128680959361E-02
1.88814083302766E-02
1.92744138406052E-02
0.020122077948844
2.07099379861398E-02
0.021814063707337
2.29370558820226E-02
2.37882834118048E-02
2.46366512927511E-02
2.54817975549436E-02
2.66444157707184E-02
2.74923998820072E-02
2.83362433402484E-02
2.91757149052299E-02
2.49485790050187E-02
3.34417726166512E-02
3.31920345354484E-02
3.40517196827899E-02
3.28998829538805E-02
3.36998164407166E-02
3.19704501236355E-02
2.79687499252844E-02
3.12290999169958E-02
3.05549278122463E-02
3.85358372343466E-02
1.35753170051426E-02
1.33672007108807E-02
1.36252648748498E-02
1.33856248746565E-02
1.41355678902023E-02
1.43877994871366E-02
1.72520255475276E-02
1.64813895464352E-02
1.45923457779371E-02
1.42788700319002E-02
1.39462004981038E-02
1.41609883332568E-02
1.32241265799292E-02
1.34185609909155E-02
0.013611417568541
0.013802701797758
1.46007855910696E-02
1.41805769074859E-02
0.01436718037057
0.012654118752039
1.08916430268811E-02
1.03775545487093E-02
1.11595322469252E-02
1.19560129211403E-02
1.14229303029025E-02
1.15529586435523E-02
1.16818804582054E-02
1.18097012128746E-02
1.19364263725622E-02
1.20620613906451E-02
0.012186611699381
1.23100827014344E-02
1.38951244402528E-02
1.40307268159684E-02
1.56562081912103E-02
0.01655600974942
1.59494187805384E-02
1.83932334513671E-02
1.85570874621259E-02
2.33993452594686E-02
2.36005082283666E-02
2.14198710489374E-02
2.15976591800566E-02
2.58060197820801E-02
2.60129047092604E-02
2.62178889372827E-02
2.97236033715312E-02
3.07819053107413E-02
2.84978647295363E-02
2.53302963077621E-02
7.39896530216473E-02
7.53729189393348E-02
7.59006532275635E-02
8.68446949636709E-02
8.74329243704722E-02
8.80154521995702E-02
8.85922996631565E-02
8.91634875152407E-02
8.97290360567652E-02
9.02889651410456E-02
9.08432941794945E-02
9.13920421475894E-02
9.19352275910505E-02
9.24728686321968E-02
9.30049829764502E-02
9.35315879189623E-02
9.40527003513394E-02
0.094568336768444
9.50785132752529E-02
9.55832455937543E-02
9.60825490698673E-02
0.096576438680369
9.70649290398169E-02
9.75480344074532E-02
9.80257686940813E-02
9.84981454689053E-02
9.89651779663213E-02
9.94268790926569E-02
7.39136134603074E-02
7.52507529427863E-02
4.33354509666827E-02
4.35248652684348E-02
4.06623375001099E-02
6.02306279847207E-02
5.74058950505616E-02
6.38166027673179E-02
6.51068794851173E-02
0.101678217260617
0.104157103488756
0.10455572432826
0.104949154657863
0.105337403455796
0.105720479463603
0.106098391191471
0.106471146923459
0.106838754722626
0.107201222436063
0.107558557699817
0.107910767943723
0.10825786039613
0.108599842088532
0.108936719860102
8.85074852933227E-02
8.98680558511215E-02
0.090131772104332
9.03913240694645E-02
0.090646716619107
9.08979544887972E-02
9.11450422801984E-02
9.13879844642011E-02
9.16267853839525E-02
9.18614492578132E-02
8.98458343241409E-02
9.00667142776812E-02
9.25406589759908E-02
9.38900195080449E-02
8.27685147671391E-02
7.84098966720495E-02
7.63053101391985E-02
6.84807028116239E-02
6.63377793294921E-02
6.53285305742919E-02
5.97180662033644E-02
7.70958405608483E-02
8.30083765158213E-02
8.20088464907974E-02
8.79444938538445E-02
9.73748832223461E-02
9.87050114294465E-02
9.88716860992283E-02
9.78690269735915E-02
8.28547937943508E-02
8.41522119528129E-02
8.42790869344942E-02
6.33017920754501E-02
6.22176725168433E-02
6.11276493667956E-02
5.88547769198241E-02
0.117860982988783
8.85055960008902E-02
9.21562128428183E-02
9.22627471940651E-02
8.99970800785937E-02
9.00933673821625E-02
8.54392726268908E-02
6.77060068301678E-02
9.98712464681951E-02
9.99610723263614E-02
0.098855719171714
0.100128286364329
4.65240641544425E-02
4.29766815959037E-02
4.42009173250818E-02
4.54249249010579E-02
4.90407904672031E-02
4.66748738176214E-02
0.046699269077582
4.55237494553407E-02
4.67422954431607E-02
4.55619289390318E-02
4.67776379639347E-02
5.75906810199083E-02
7.56085588577481E-02
7.32254137784184E-02
5.40291668055904E-02
5.40373704028959E-02
5.16414317030339E-02
4.92429424389255E-02
5.64508540065905E-02
3.72330893731094E-02
3.84321143476002E-02
3.48258251400521E-02
3.48211190734418E-02
3.96170523194399E-02
3.72079359588281E-02
0.03959821885657
4.07859517134407E-02
4.07720643013113E-02
4.07565024794738E-02
4.19374797684103E-02
3.59297248564026E-02
3.23204044608461E-02
0.035891917976679
3.70664902449426E-02
3.70431372696852E-02
3.70182560304911E-02
3.46052754971408E-02
0.035771523401578
0.036934439565175
3.69034420040087E-02
3.56815301058671E-02
3.80251421638888E-02
3.79884053242838E-02
4.15079085229695E-02
4.62030429374922E-02
7.21872258886449E-02
7.32871891476235E-02
7.20200323181021E-02
7.54695434423656E-02
9.77505495989168E-02
9.99747724765197E-02
0.101013930043839
0.100872651457265
0.117124544861078
0.116950348150196
0.116771188212651
0.116587062539459
0.116397968529742
0.116203903488786
0.116004864626038
0.115800849053038
0.115591853781288
0.115377875720052
0.115158911674089
0.114934958341322
0.114706012310435
0.114472070058397
0.114233127947923
0.111709398580355
0.111465424435153
0.113486264323706
0.11322728402837
0.112963283880159
0.112694259498705
0.112420206369489
0.112141119840694
9.73155857543713E-02
9.59483314531509E-02
9.56953056411634E-02
9.65476772828495E-02
7.30422088201849E-02
7.17344034177335E-02
8.25346183743752E-02
8.22949642947693E-02
8.20514987107833E-02
3.05402409983619E-02
3.15338708419373E-02
0.030351322638253
3.02547190637434E-02
3.01566833150271E-02
0.027910269577117
3.10261753491256E-02
3.62512404569743E-02
3.61252157842305E-02
3.70561874086373E-02
3.79777848452055E-02
5.57070826514946E-02
5.54996821908157E-02
0.061548725093106
6.13117194952367E-02
6.10716427604425E-02
5.77355151865049E-02
9.85745134066378E-02
0.096123648366779
7.53552142672269E-02
7.50347307836612E-02
9.59119354613602E-02
9.85059750294221E-02
9.60646850506607E-02
9.56286315439005E-02
9.61790130468817E-02
8.28985578319607E-02
8.25035886874692E-02
0.08112669374347
8.07275309968367E-02
8.03239034380001E-02
7.99157993501126E-02
7.95032067237398E-02
7.81332685131729E-02
7.29779155021649E-02
8.57794210112695E-02
8.15574687620035E-02
7.92368709445345E-02
7.78595805872997E-02
7.83313980969708E-02
9.16136579526869E-02
9.10671748064444E-02
9.05151181849868E-02
8.99574692884004E-02
8.93942088833259E-02
8.88253172969014E-02
8.82507744109337E-02
8.76705596563394E-02
8.70846520078908E-02
8.64930299793169E-02
8.58956716188027E-02
8.52925545049458E-02
7.70621267263337E-02
7.14586091685853E-02
8.34484193154232E-02
8.28220334714321E-02
8.21897696213968E-02
8.15516024750395E-02
6.79623052605893E-02
7.22317092633981E-02
7.16412790600207E-02
7.18348343394647E-02
7.12268818502339E-02
6.67335525221555E-02
6.61485476916868E-02
5.56483053159656E-02
0.055142771107437
6.66070199623106E-02
6.52383089754259E-02
6.46124981043827E-02
6.32541079768513E-02
6.33442872836949E-02
6.34143530221175E-02
6.20537735500857E-02
6.07023550474612E-02
6.14309687642758E-02
6.82678351820536E-02
6.75056140533186E-02
6.67368648989841E-02
0.065961555703708
6.51796546436087E-02
6.43911301781795E-02
6.35959511523263E-02
6.27940869095246E-02
6.19855074171846E-02
6.11701834054299E-02
6.03480865206069E-02
5.95191894949811E-02
5.86834663342217E-02
4.74295318700358E-02
1.65275191255985E-02
1.57178290357636E-02
1.76869917552931E-02
1.84965663755791E-02
1.87335890876696E-02
1.89505665496018E-02
1.86297936202675E-02
1.77980006320893E-02
0.015483407588642
2.15752114728765E-02
2.16520785564753E-02
2.17073870108891E-02
2.03532223414604E-02
1.99398409764791E-02
1.86360326864978E-02
1.64990054146791E-02
0.023776856257625
3.65132179152459E-02
1.78285312916852E-02
1.93746322771121E-02
2.31326668112701E-02
2.55426128363789E-02
2.48641252568676E-02
1.10240030027794E-02
1.07111520497704E-02
1.10673866499682E-02
1.13812514006304E-02
1.16525505174604E-02
1.12718380078907E-02
1.11839242665778E-02
1.10739171485641E-02
1.06683477028131E-02
1.02617350278559E-02
8.33826063637586E-03
7.50861460363617E-03
7.4158435157857E-03
6.63833547965652E-03
7.1678989839815E-03
7.01341120210044E-03
5.88927814615456E-03
5.20878707356941E-03
4.90988936617151E-03
4.93120427162626E-03
4.3187793747113E-03
3.05539249326223E-03
3.09515987770738E-03
2.97988989701291E-03
2.6303252800595E-03
2.4046695928411E-03
2.27541260747627E-03
1.97022678031278E-03
5.50917648619071E-03
4.82033206255537E-03
4.11702723317412E-03
1.98470323089946E-03
1.78452289084975E-03
1.57667714376379E-03
1.21733859710042E-03
9.88028171759479E-04
7.82593617603507E-04
5.58070857291284E-04
4.1462440026154E-04
2.95192540474854E-04
2.36098037925725E-04
1.42605513100288E-04
8.66597635155091E-05
6.0037072248313E-05
2.99943881434322E-05
1.17120151200911E-05
3.23501759313613E-06
5.48218606706362E-07
4.35663327257376E-08
8.62586853666254E-10
9.7039322061609E-13
3.0914286147187E-19
3.76320349888682E-45
0
0
0
0
0
0
0
0
0
0
0
0
0
0
0
0
0
0
0
0
0
0
0
0
0
0
0
0
0
0
0
0
0
0
0
0
0
0
0
0
0
0
0
0
0
0
0
0
0
0
0
0
0
0
0
0
0
0
0
0
0
0
0
0
0
0
0
0
0
0
0
0
0
0
0
0
0
0
0
0
0
0
0
0
0
0
0
0
0
0
0
0
0
0
0
0
0
0
0
0
0
0
0
0
0
0
0
0
0
0
0
0
0
0
0
0
0
0
0
0
0
0
0
0
0
0
0
0
0
0
0
0
0
0
0
0
0
0
0
0
0
0
0
0
0
0
0
0
0
0
0
0
0
0
0
0
0
0
0
0
0
0
0
0
0
0
0
0
0
0
0
0
0
0
0
0
0
0
0
0
0
0
0
0
0
0
0
0
0
0
0
0
0
0
0
0
0
0
0
0
0
0
0
0
0
0
0
0
0
0
0
0
0
0
0
0
0
0
0
0
0
0
0
0
0
0
0
0
0
0
0
0
0
0
0
0
0
0
0
0
0
0
0
0
0
0
0
0
0
0
0
0
0
0
0
0
0
0
0
0
0
0
0
0
0
0
0
0
0
0
0
0
0
0
0
0
0
0
0
0
0
0
0
0
0
0
0
0
0
0
0
0
0
0
0
0
0
0
0
0
0
0
0
0
0
0
0
0
0
0
0
0
0
0
0
0
0
0
0
0
0
0
0
0
0
0
0
0
0
0
0
0
0
0
0
0
0
0
0
0
0
0
0
0
0
0
0
0
0
0
0
0
0
0
0
0
0
0
0
0
0
0
0
0
0
0
0
0
0
0
0
0
0
0
0
0
0
0
0
0
0
0
0
0
0
0
0
0
0
0
0
0
0
0
0
0
0
0
0
0
0
0
0
0
0
0
0
0
0
0
0
0
0
0
0
0
0
0
0
0
0
0
0
0
0
0
0
0
0
0
0
0
0
0
0
0
0
0
0
0
0
0
0
0
0
0
0
0
0
0
0
0
0
0
0
0
0
0
0
0
0
0
0
0
0
0
0
0
0
0
0
0
0
0
0
0
0
0
0
0
0
0
0
0
0
0
0
0
""
