0
0
0
0
0
0
0
0
0
0
0
0
0
0
0
0
0
0
0
0
0
0
0
0
0
0
0
0
0
0
0
0
0
0
0
0
0
0
0
0
0
0
0
0
0
0
0
0
0
0
0
0
0
0
0
0
0
0
0
0
0
0
0
0
0
0
0
0
0
0
0
0
0
0
0
0
0
0
0
0
0
0
0
0
0
0
0
0
0
0
0
0
0
0
0
0
0
0
0
0
0
0
0
0
0
0
0
0
0
0
0
0
0
0
0
0
0
0
0
0
0
0
0
0
0
0
0
0
0
0
0
0
0
0
0
0
0
0
0
0
0
0
0
0
0
0
0
0
0
0
0
0
0
0
0
0
0
0
0
0
0
0
0
0
0
0
0
0
0
0
0
0
0
0
0
0
0
0
0
0
0
0
0
0
0
0
0
0
0
0
0
0
0
0
0
0
0
0
0
0
0
0
0
0
0
0
0
0
0
0
0
0
0
0
0
0
0
0
0
0
0
0
0
0
0
0
0
0
0
0
0
0
0
0
0
0
0
0
0
0
0
0
0
0
0
0
0
0
0
0
0
0
0
0
0
0
0
0
0
0
0
0
0
0
0
0
0
0
0
0
0
0
0
0
0
0
0
0
0
0
0
0
0
0
0
0
0
0
0
0
0
0
0
0
0
0
0
0
0
0
0
0
0
0
0
0
0
0
0
0
0
0
0
0
0
0
0
0
0
0
0
0
0
0
0
0
0
0
0
0
0
0
0
0
0
0
0
0
0
0
0
0
0
0
0
0
0
0
0
0
0
0
0
0
0
0
0
0
0
0
0
0
0
0
0
0
0
0
0
0
0
0
0
0
0
0
0
0
0
0
0
0
0
0
0
0
0
0
0
0
0
0
0
0
0
0
0
0
0
0
0
0
0
0
0
0
0
0
0
0
0
0
0
0
0
0
0
0
0
0
0
0
0
0
0
0
0
0
0
0
0
0
0
0
0
0
0
0
0
0
0
0
0
0
0
0
0
0
0
0
0
0
0
0
0
0
0
0
0
0
0
0
0
0
0
0
0
0
0
0
0
0
0
0
0
0
0
0
0
0
0
0
0
0
0
0
0
9.54281811460796E-112
1.12899221036535E-24
1.3154245195529E-14
1.31339199691325E-10
2.089001636407E-08
4.14214110445413E-07
3.20532979441277E-06
1.35886708033296E-05
4.03142685061283E-05
9.83321217458393E-05
2.20235804450495E-04
3.83233090948516E-04
5.53462340966999E-04
8.40268609932009E-04
1.20414442947321E-03
1.64737082297284E-03
2.04087237114225E-03
2.63858420290136E-03
3.19970929465994E-03
3.94262516614106E-03
5.30291793248788E-03
6.99947573597503E-03
8.10818686660008E-03
9.27856771341905E-03
1.05048452607379E-02
1.17814621913964E-02
1.31031350288473E-02
1.44648893066248E-02
1.58620775689491E-02
1.72903848029272E-02
1.87458248873786E-02
2.02247308120057E-02
2.17237407545233E-02
2.32397815780915E-02
2.47700509023915E-02
2.63119985865202E-02
2.78633082212795E-02
2.94218790463374E-02
3.09858085711475E-02
0.032553376076993
3.41230271029095E-02
3.56933589640836E-02
0.037263107312674
3.88311337240122E-02
4.03964142728463E-02
4.19580290524803E-02
4.35151525825697E-02
4.50670450477154E-02
4.66130443078237E-02
4.81525586217802E-02
4.96850600277239E-02
5.12100783257501E-02
5.27271956118612E-02
5.42360413152582E-02
5.57362876944187E-02
5.72276457507732E-02
5.87098615220516E-02
4.27297260315643E-02
5.05497246610749E-02
5.36346367205727E-02
6.45432690583485E-02
6.59769716556249E-02
6.74005760564257E-02
6.88139950613332E-02
7.02171569231515E-02
7.16100038082897E-02
0.072992490400981
7.43645826369806E-02
7.57262565546551E-02
7.70774972525174E-02
7.84182979433074E-02
7.97486590956543E-02
0.081068587655206
8.23780963378855E-02
8.36772029886227E-02
8.49659299995411E-02
8.62443037821469E-02
8.75123542885792E-02
8.87701145774416E-02
9.00176204201608E-02
9.12549099441851E-02
9.24820233096909E-02
9.36990024167611E-02
9.49058906402922E-02
9.61027325901269E-02
9.72895738941496E-02
9.84664610022813E-02
9.96334410095022E-02
0.100790561496198
0.101937870384285
0.103075415807694
0.104203245995953
0.105321409169667
0.106429953446868
0.107528926759244
0.108618376777362
0.109698350844101
0.11076889591554
0.111830058508645
0.112881884655137
0.113924419860989
0.114957709071044
0.115981796638287
0.116996726297343
0.118002541141833
0.118999283605208
0.119986995444759
0.120965717728501
0.121935490824658
0.113064646042032
0.115178963064683
0.114808187375197
0.1131532864261
0.119052392646482
0.118638581569193
0.120767972391434
0.119026024379588
0.10291096353195
0.10360801537901
0.116180396903433
0.116941835555367
0.121708160458304
0.122480134217484
0.123244437417527
0.117187849491548
0.130233660060315
0.12687061407565
0.126225465682949
0.106025680593153
0.129073591328168
0.128381935979578
0.104970853812973
0.142617769912879
7.59886802470347E-02
7.35031500384485E-02
6.66377426894546E-02
6.69748010374737E-02
6.73081437411427E-02
6.91081669293273E-02
6.94411925555782E-02
6.97704504662565E-02
7.00959497603231E-02
7.19159482316505E-02
7.82607830604977E-02
7.86084924511918E-02
7.13605349168525E-02
7.16673698439437E-02
6.73766346947724E-02
0.072269921447582
7.41096032136595E-02
7.44078622687055E-02
0.073146064457893
7.03060448549103E-02
7.52801215163474E-02
7.55633913536612E-02
6.95226862808251E-02
7.13613236379319E-02
7.79823175257312E-02
8.78386962118535E-02
8.65393913253271E-02
9.80891185289976E-02
9.68027019298355E-02
7.76957529194805E-02
7.79456594852133E-02
8.30788791977268E-02
8.33365906929783E-02
8.52294302824589E-02
0.077264608993952
7.25450848644624E-02
7.44074923742543E-02
6.46686941733873E-02
6.15223960259542E-02
6.16896322750123E-02
6.51975255018996E-02
7.03961887705976E-02
7.39372640367765E-02
7.58074227109939E-02
0.118212562489457
0.115111551409159
7.46595335847104E-02
7.31310849654859E-02
7.15916447875234E-02
7.00414413964285E-02
7.19047379522051E-02
7.20565534096207E-02
7.22052180031647E-02
0.068905461003882
7.07670775297338E-02
6.74443059191048E-02
6.41055067639332E-02
7.98443431041483E-02
6.25981392143654E-02
6.79322725720309E-02
6.63021895018354E-02
9.08783821897636E-02
9.97758432312252E-02
9.46712384469145E-02
8.42790869344942E-02
8.44023894339335E-02
9.15656312512033E-02
8.99281764723051E-02
0.105938598455683
0.100771140455409
0.113287162881139
0.154184433025484
0.152588389590185
0.154534459871796
0.154699795307529
0.15485868163624
0.178173702184652
0.178341511550348
0.178501914868502
0.178654914165748
0.178800511364873
0.178938708286317
0.179069506649599
0.179192908074656
0.179308914083123
0.179417526099523
0.17951874545239
0.179612573375315
0.179699011007924
0.179778059396772
0.179849719496178
0.179913992168979
0.179970878187213
0.180020378232734
0.18006249289775
0.180097222685301
0.180124568009653
0.18014452919663
0.180157106483874
0.180162300021034
0.180160109869884
0.180150536004376
0.180133578310614
0.153092851098753
0.131456582696323
8.10172799103516E-02
0.08279627579101
0.088169630909938
0.100730982391475
0.129461831405387
0.131204400989741
0.13653295445433
0.138259507971397
0.138183884210214
0.138102568493254
0.130845920355824
7.70218552892476E-02
0.105605754534378
0.103737417864576
9.65061162831991E-02
9.46394722360869E-02
0.110612743328188
0.165765854120703
0.170947823959277
0.170775395065932
0.158156570055262
0.157983518953018
0.154257712641369
0.155846627311303
0.102591410616966
0.104227995656676
0.121733987662586
0.121569090227178
7.21356751700211E-02
7.37884632624794E-02
6.31531880011061E-02
6.30564416348316E-02
5.94594018951242E-02
5.76169944222225E-02
5.57778736746175E-02
5.39422620511078E-02
5.55844075454584E-02
5.20163342015797E-02
4.84587078024217E-02
5.00941265782285E-02
5.17207312535949E-02
4.64559349857261E-02
4.63611883736509E-02
4.45509198996899E-02
3.93262678675738E-02
3.92403790103344E-02
0.037450467226823
3.73650037293621E-02
0.038972332938655
3.38082778496115E-02
3.37260619108467E-02
3.36423359522081E-02
3.35570985359901E-02
3.68173829994649E-02
3.67202916995162E-02
3.32923025113274E-02
3.48610542096337E-02
3.47635955024401E-02
3.63152320847251E-02
3.45638850038031E-02
3.61026594327447E-02
3.59938554623551E-02
3.42523079834836E-02
3.25192742552711E-02
3.40365589467113E-02
3.06951955170811E-02
0.033814365064584
0.035305647811074
0.033585708070432
3.50627094376355E-02
3.49386909852866E-02
3.48129694414384E-02
3.78387731217699E-02
3.45564058923947E-02
3.28607600073363E-02
3.42929956498781E-02
2.95007087910612E-02
0.026290279236712
2.61838551236382E-02
2.76099841053514E-02
2.59669995110039E-02
2.58565626349103E-02
2.57447826764704E-02
2.56316567678598E-02
2.55171819665818E-02
0.026895552621722
2.67714778584104E-02
2.51656336275595E-02
2.20991755412864E-02
2.34583210824492E-02
2.18839692461304E-02
2.17745521368073E-02
2.02196600765345E-02
1.86784642302762E-02
1.57219381764311E-02
1.84814201596392E-02
1.69673580022291E-02
1.68739590542076E-02
1.53812749480567E-02
1.39034965334464E-02
1.38231878994654E-02
1.23678438236127E-02
0.01229406859887
1.22195409549732E-02
0.012144258353934
1.07273050659991E-02
1.06590380756282E-02
0.010590092929312
1.18355255536058E-02
1.17564280210653E-02
1.16765590472078E-02
1.15959156685384E-02
8.95571822301931E-03
8.8917838530385E-03
8.82723995611936E-03
1.12655366075821E-02
1.11809745186433E-02
1.23284654432095E-02
1.22327403712559E-02
1.21361259393909E-02
1.20386182105664E-02
1.31342344943371E-02
1.42090881111029E-02
1.40888337725737E-02
1.51314450486283E-02
1.38450448657019E-02
0.013721499940923
1.35968476703269E-02
1.12259022408389E-02
1.11201663026294E-02
9.9121445955587E-03
8.72470454853122E-03
9.71758952647592E-03
9.61903107638861E-03
9.51961298779724E-03
9.41933095564053E-03
8.28282724911584E-03
8.19214022184644E-03
9.11325789719802E-03
6.00631784090857E-03
5.93654001333372E-03
6.84386373757891E-03
6.76106866870885E-03
6.67757487099427E-03
6.59337912550008E-03
6.50847827880439E-03
7.34042200865159E-03
8.14699168028193E-03
8.03509058182245E-03
7.92226795511993E-03
8.67613387866508E-03
9.40358846801293E-03
1.09463452213354E-02
1.07780106008817E-02
1.06083248330527E-02
1.04372853488445E-02
9.47528327480091E-03
9.31489681013377E-03
8.39048601227068E-03
7.49197141385905E-03
8.82622287526767E-03
1.01043033263552E-02
9.90989407018852E-03
8.32631823059743E-03
8.83697497821235E-03
8.65244374730255E-03
9.76914794290208E-03
9.55320117493861E-03
8.71338154795641E-03
8.50907175284977E-03
7.1172118568983E-03
8.09643338394453E-03
7.88815984652878E-03
8.22710026881647E-03
8.00129250201733E-03
7.2559417111348E-03
6.5398193840721E-03
5.8532150060385E-03
6.14120905649938E-03
5.94056327442887E-03
5.73911903153335E-03
4.68511879362329E-03
4.92385278591373E-03
4.73618539747196E-03
4.54814216529592E-03
3.99652067612893E-03
3.47617664802455E-03
3.31916773982826E-03
3.16230837528596E-03
3.00574765804304E-03
3.41958085905749E-03
2.96362023151363E-03
2.79355774282172E-03
2.38606658304496E-03
1.78708112057019E-03
1.87489993904728E-03
1.7410274312104E-03
1.60914054438697E-03
1.64395330003719E-03
1.05204294686798E-03
9.55673295140033E-04
1.10825256392594E-03
8.81468237790513E-04
8.7938490330402E-04
7.71942606220148E-04
5.95410969269837E-04
5.7359664348742E-04
5.37503571737655E-04
4.45367779426983E-04
3.61473721375419E-04
2.86314738147625E-04
1.98262015090325E-04
1.47300773777126E-04
1.16523371240074E-04
8.65692805727657E-05
5.96953310652369E-05
3.75525641900539E-05
1.95120484807017E-05
8.72970998204371E-06
3.17200409502466E-06
9.83620214129229E-07
1.66688089876935E-07
1.32465200855283E-08
2.65865811061517E-10
3.06439964405081E-13
9.39168186749985E-20
1.11502325892943E-45
0
0
0
0
0
0
0
0
0
0
0
0
0
0
0
0
0
0
0
0
0
0
0
0
0
0
0
0
0
0
0
0
0
0
0
0
0
0
0
0
0
0
0
0
0
0
0
0
0
0
0
0
0
0
0
0
0
0
0
0
0
0
0
0
0
0
0
0
0
0
0
0
0
0
0
0
0
0
0
0
0
0
0
0
0
0
0
0
0
0
0
0
0
0
0
0
0
0
0
0
0
0
0
0
0
0
0
0
0
0
0
0
0
0
0
0
0
0
0
0
0
0
0
0
0
0
0
0
0
0
0
0
0
0
0
0
0
0
0
0
0
0
0
0
0
0
0
0
0
0
0
0
0
0
0
0
0
0
0
0
0
0
0
0
0
0
0
0
0
0
0
0
0
0
0
0
0
0
0
0
0
0
0
0
0
0
0
0
0
0
0
0
0
0
0
0
0
0
0
0
0
0
0
0
0
0
0
0
0
0
0
0
0
0
0
0
0
0
0
0
0
0
0
0
0
0
0
0
0
0
0
0
0
0
0
0
0
0
0
0
0
0
0
0
0
0
0
0
0
0
0
0
0
0
0
0
0
0
0
0
0
0
0
0
0
0
0
0
0
0
0
0
0
0
0
0
0
0
0
0
0
0
0
0
0
0
0
0
0
0
0
0
0
0
0
0
0
0
0
0
0
0
0
0
0
0
0
0
0
0
0
0
0
0
0
0
0
0
0
0
0
0
0
0
0
0
0
0
0
0
0
0
0
0
0
0
0
0
0
0
0
0
0
0
0
0
0
0
0
0
0
0
0
0
0
0
0
0
0
0
0
0
0
0
0
0
0
0
0
0
0
0
0
0
0
0
0
0
0
0
0
0
0
0
0
0
0
0
0
0
0
0
0
0
0
0
0
0
0
0
0
0
0
0
0
0
0
0
0
0
0
0
0
0
0
0
0
0
0
0
0
0
0
0
0
0
0
0
0
0
0
0
0
0
0
0
0
0
0
0
0
0
0
0
0
0
0
0
0
0
0
0
0
0
0
0
0
0
0
0
0
0
0
0
0
0
0
0
0
0
0
0
0
0
0
0
0
0
0
0
0
0
0
0
0
0
0
0
""
