0
0
0
0
0
0
0
0
0
0
0
0
0
0
0
0
0
0
0
0
0
0
0
0
0
0
0
0
0
0
0
0
0
0
0
0
0
0
0
0
0
0
0
0
0
0
0
0
0
0
0
0
0
0
0
0
0
0
0
0
0
0
0
0
0
0
0
0
0
0
0
0
0
0
0
0
0
0
0
0
0
0
0
0
0
0
0
0
0
0
0
0
0
0
0
0
0
0
0
0
0
0
0
0
0
0
0
0
0
0
0
0
0
0
0
0
0
0
0
0
0
0
0
0
0
0
0
0
0
0
0
0
0
0
0
0
0
0
0
0
0
0
0
0
0
0
0
0
0
0
0
0
0
0
0
0
0
0
0
0
0
0
0
0
0
0
0
0
0
0
0
0
0
0
0
0
0
0
0
0
0
0
0
0
0
0
0
0
0
0
0
0
0
0
0
0
0
0
0
0
0
0
0
0
0
0
0
0
0
0
0
0
0
0
0
0
0
0
0
0
0
0
0
0
0
0
0
0
0
0
0
0
0
0
0
0
0
0
0
0
0
0
0
0
0
0
0
0
0
0
0
0
0
0
0
0
0
0
0
0
0
0
0
0
0
0
0
0
0
0
0
0
0
0
0
0
0
0
0
0
0
0
0
0
0
0
0
0
0
0
0
0
0
0
0
0
0
0
0
0
0
0
0
0
0
0
0
0
0
0
0
0
0
0
0
0
0
0
0
0
0
0
0
0
0
0
0
0
0
0
0
0
0
0
0
0
0
0
0
0
0
0
0
0
0
0
0
0
0
0
0
0
0
0
0
0
0
0
0
0
0
0
0
0
0
0
0
0
0
0
0
0
0
0
0
0
0
0
0
0
0
0
0
0
0
0
0
0
0
0
0
0
0
0
0
0
0
0
0
0
0
0
0
0
0
0
0
0
0
0
0
0
0
0
0
0
0
0
0
0
0
0
0
0
0
0
0
0
0
0
0
0
0
0
0
0
0
0
0
0
0
0
0
0
0
9.40375143717637E-104
6.87559800249106E-25
3.31898297645844E-15
1.94952567191479E-11
1.94407440320799E-09
3.69856277447459E-08
2.26677600806388E-07
8.96149116216007E-07
2.66701209082061E-06
6.67892996973015E-06
1.25598853255621E-05
2.22288920304237E-05
3.81383414499428E-05
6.0739206297972E-05
8.63754897628818E-05
1.17415484971662E-04
1.45295652936553E-04
1.52078320080527E-04
2.01889573903651E-04
2.44827077490408E-04
2.91503363108295E-04
3.41652032469273E-04
3.95000765536958E-04
4.21193634467075E-04
4.76207942366357E-04
6.09684877363812E-04
6.35109417028463E-04
6.07175381925331E-04
7.67802004714265E-04
8.36559441824854E-04
9.06679173830039E-04
9.77995497778223E-04
9.80332675132276E-04
9.73806564110985E-04
1.03797904660591E-03
1.35720136199553E-03
1.34764212939505E-03
1.42337001187607E-03
1.4994730574597E-03
1.57587247007062E-03
1.65249683227802E-03
1.72928146119278E-03
1.92657899972355E-03
1.88310292958586E-03
1.82936967851652E-03
2.03693259668092E-03
2.25466116668967E-03
2.3364698061034E-03
2.72038514026066E-03
2.65580542481697E-03
2.74212832097219E-03
3.16092385296065E-03
3.25680330504407E-03
3.35234628664087E-03
3.44753151919516E-03
3.9152178289341E-03
5.74224394418559E-03
5.30160626129299E-03
5.43459233411787E-03
5.36077687606586E-03
7.59826110468515E-03
6.04570247103484E-03
5.96021479036923E-03
6.08997615535334E-03
6.44939498897254E-03
5.87727471832725E-03
5.99551940562352E-03
5.62406757274106E-03
5.73165756579774E-03
4.3155196038534E-03
4.65262773577321E-03
4.73540520081474E-03
4.5500542652469E-03
4.6273286496193E-03
4.42743475014368E-03
4.49930916056062E-03
3.99941127108561E-03
4.35166344869296E-03
4.12331939502838E-03
4.18471197688454E-03
4.54899707137983E-03
4.61397394042831E-03
4.36664772220284E-03
4.42654733224939E-03
4.48607518312483E-03
4.86989144664303E-03
5.91945252890047E-03
5.32849815264915E-03
5.05766213577032E-03
5.11946345650529E-03
5.52626347639657E-03
5.59134810600516E-03
5.65601605842964E-03
5.72026850115415E-03
5.78410661526117E-03
5.84753159131638E-03
6.27995366475807E-03
7.09311196397628E-03
6.78975712156855E-03
7.24033482157679E-03
6.92831395817343E-03
6.99690662156697E-03
6.67254143828909E-03
7.13272702582287E-03
6.79995973044782E-03
7.26673615719746E-03
6.11088722396776E-03
5.75473432635755E-03
5.80562559916406E-03
5.85616949188641E-03
5.48448356761861E-03
5.53077457932235E-03
5.57674552305621E-03
6.05488929134655E-03
5.66773039089015E-03
5.27330387515261E-03
5.31456403367452E-03
5.35553228114475E-03
5.84589338348228E-03
5.88964530361495E-03
6.3894740840187E-03
6.43591562825145E-03
6.0190188220032E-03
6.5277886851641E-03
6.57322153223694E-03
7.56379365824025E-03
7.61495207229122E-03
8.14483718182364E-03
8.6806411297429E-03
9.70767716490445E-03
1.02582094034644E-02
1.03228605952476E-02
1.03870153765423E-02
1.04506745008952E-02
8.51120275533231E-03
8.56193559237256E-03
8.61226889770493E-03
9.68128593542433E-03
9.73664950559425E-03
1.03069139690361E-02
1.08824683221769E-02
1.04211300159075E-02
9.42978411702519E-03
8.95345776814335E-03
9.00061256766262E-03
8.51517366509812E-03
8.02388515265307E-03
8.06444682170093E-03
8.1046606306612E-03
7.60155842082125E-03
7.63844279867185E-03
7.12678879045899E-03
7.1604373374998E-03
7.7471537248915E-03
7.7827440840573E-03
7.81801150245146E-03
7.85295618558815E-03
7.8875783294161E-03
7.92187812057428E-03
7.38758032688342E-03
7.4188319645102E-03
8.02284511003582E-03
8.05585717944523E-03
7.51079429138663E-03
7.5408513169658E-03
7.5706100053676E-03
8.18469127416145E-03
8.80296093814609E-03
8.83626592741503E-03
7.68666353383353E-03
7.12147577545658E-03
7.1472949723755E-03
7.77057599903849E-03
7.79795149668014E-03
7.82502944404112E-03
8.45579527729292E-03
0.008484315452123
8.51251536361416E-03
7.93036684142778E-03
7.95595782863709E-03
8.59519397643107E-03
8.00624803597099E-03
8.03094731573687E-03
8.67499167532189E-03
8.70095083566657E-03
8.72658999286947E-03
9.37704552986547E-03
9.40383037652169E-03
9.43027239734284E-03
8.82594682360416E-03
8.2178442456135E-03
8.23986932789292E-03
8.89710477691506E-03
1.08316521745664E-02
1.02205068805331E-02
1.02461518793953E-02
9.62946669737268E-03
9.65282311349351E-03
1.03208923890428E-02
1.03450743236125E-02
1.10169460837537E-02
1.03923406851673E-02
9.76446098773246E-03
9.78575953595169E-03
1.04604960058237E-02
9.82732736327449E-03
9.84759657507799E-03
9.20968776496395E-03
8.56882469500186E-03
7.92507597866263E-03
7.27851023878538E-03
5.96627649715795E-03
5.97720222883108E-03
5.32259725446547E-03
5.33194268405618E-03
6.00874302847504E-03
6.68760490281221E-03
4.68901972470309E-03
4.69655565802781E-03
6.04791155796759E-03
6.05718818438407E-03
4.7182010993989E-03
4.05008176525364E-03
4.73182922560744E-03
4.06148792373404E-03
4.06698465342905E-03
4.07234379396681E-03
4.07756532841542E-03
3.40220770000131E-03
3.40632959344425E-03
3.41033677368387E-03
3.41422922724897E-03
3.41800694087189E-03
3.42166990150495E-03
3.4252180963363E-03
3.42865151280523E-03
3.43197013861693E-03
3.43517396175674E-03
2.75061037640307E-03
2.75298972275555E-03
2.75527719958752E-03
3.44684099786144E-03
4.13936476578805E-03
4.14238249236714E-03
2.76350824368809E-03
2.76533624939642E-03
3.45884042277349E-03
3.46089562914947E-03
2.77026873818539E-03
3.46466129578962E-03
3.46637174101116E-03
4.16156070181246E-03
4.8572269491677E-03
4.85913882015528E-03
4.16647693481172E-03
4.16783978860825E-03
4.86390880191386E-03
4.86517689700725E-03
5.5614674667655E-03
5.56254880750742E-03
4.86801541253064E-03
5.56415959776314E-03
5.5646890405811E-03
5.56503451199838E-03
5.56519601057525E-03
5.56517353563836E-03
5.56496708728144E-03
4.86900458306952E-03
5.56400227451634E-03
5.56324391412642E-03
4.86701388980559E-03
4.86602838846082E-03
4.86488192491169E-03
4.86357450390099E-03
4.86210613082445E-03
5.55483064197215E-03
4.85868655329013E-03
5.55055470038764E-03
5.54814085522591E-03
5.54554310664157E-03
6.23560664827113E-03
6.2322704346105E-03
5.53664654874381E-03
5.53331329826428E-03
5.52979620362286E-03
5.52609527864619E-03
5.52221053778809E-03
5.51814199611464E-03
5.51388966928859E-03
5.50945357355299E-03
5.50483372571392E-03
6.18753391101284E-03
6.18192319911322E-03
6.17610582641131E-03
5.48451716812091E-03
6.16385118403927E-03
4.78909974539971E-03
4.7839323465528E-03
4.09594654110301E-03
3.40936829853281E-03
4.0863997072942E-03
4.76165643857114E-03
4.07630226626629E-03
4.0710471092629E-03
4.06565435029351E-03
4.73681134071288E-03
4.73019877686449E-03
5.39820084251461E-03
5.39027684786781E-03
5.38216949845179E-03
5.37387881742378E-03
5.36540482794379E-03
6.02634099727962E-03
6.0163953930651E-03
6.67360404955817E-03
5.32967624669294E-03
7.3153933322157E-03
6.63839087663473E-03
5.96357571748219E-03
5.95239362727652E-03
5.94100554241422E-03
5.27058798798743E-03
4.60258670865647E-03
5.24942715832801E-03
5.23857219557226E-03
5.22753422614521E-03
5.21631326818077E-03
5.20490933908699E-03
5.19332245549013E-03
6.47694079147172E-03
6.46199985879767E-03
6.44683028875501E-03
6.43143209748409E-03
5.77422476979523E-03
5.75995491807702E-03
4.46870615585011E-03
4.45728737571185E-03
0.003810607373018
4.43396983902261E-03
4.42207109065684E-03
4.41001235882769E-03
4.39779364417048E-03
3.75892709641526E-03
4.37287626133066E-03
4.98306009900349E-03
3.7262733564987E-03
3.7151144928084E-03
3.70381847508643E-03
3.07698774464627E-03
3.68081493678937E-03
3.66910739144414E-03
3.65726264238851E-03
3.64528067253238E-03
3.63316146277394E-03
4.22438915724633E-03
4.20992977607672E-03
4.79464022842717E-03
4.7777490240907E-03
4.7606746620994E-03
4.15048996139598E-03
5.31672332273234E-03
5.29689619781698E-03
5.27686280022953E-03
4.08848460582145E-03
4.0725820498969E-03
4.05651889689606E-03
4.61748009768088E-03
4.59875491490814E-03
4.57984596937155E-03
5.13084732501041E-03
5.67684556526975E-03
5.08726766241962E-03
5.62796352908448E-03
6.16349486432151E-03
5.57816035088527E-03
4.99762169277742E-03
4.4219479393271E-03
4.40138079350451E-03
4.92820742909889E-03
5.44961487526278E-03
7.05017604562265E-03
6.47589389902403E-03
6.98062612093244E-03
8.54818335264714E-03
9.03598385883568E-03
8.98912784880076E-03
8.41588366559546E-03
8.3710391470642E-03
7.80545781837434E-03
6.72768755277935E-03
5.6610580168687E-03
6.14094551185375E-03
6.10591035458453E-03
5.56471100925648E-03
4.52624667424082E-03
4.49933638992602E-03
4.96912691481527E-03
5.92650649269733E-03
5.88977735115076E-03
5.85276443914175E-03
5.81546730861943E-03
6.25937595535801E-03
5.74001852821596E-03
5.22671041747276E-03
5.19147487473154E-03
5.15597654455759E-03
4.65474084987504E-03
5.08418953940219E-03
5.50679982287957E-03
5.46692213959021E-03
4.97452536088936E-03
4.93743947236772E-03
6.2364744276948E-03
6.18859500172572E-03
6.14037482202959E-03
6.96207210963451E-03
7.76945444416751E-03
7.70613652392176E-03
8.06695273170165E-03
8.42019175007681E-03
0.008348360328946
7.86223195796664E-03
8.20321037089649E-03
7.72339472661796E-03
7.65326529014591E-03
2.99315535461664E-02
2.92556204378138E-02
2.78021721811904E-02
2.79207584614074E-02
2.72619705161027E-02
0.026989168071599
2.70908189388927E-02
2.64381337115605E-02
0.012895721016653
0.012757660076705
1.29792315847813E-02
1.56876723698666E-02
1.55106992693542E-02
1.53325827288218E-02
0.01515331954868
1.46326132510944E-02
1.34466734102524E-02
1.32805627808613E-02
1.31133987362014E-02
0.012297919814723
0.012456502922138
0.011975283453879
1.11907439718983E-02
1.16486091760095E-02
1.14837535002368E-02
1.13178836156492E-02
1.23247877830151E-02
1.30062994617702E-02
1.22370981755987E-02
1.09243575838112E-02
1.01976829154111E-02
1.03013310634062E-02
9.3287458330049E-03
8.90653506713464E-03
9.00730907728884E-03
8.84520036533465E-03
8.43410786241686E-03
8.5182224237424E-03
9.54670157122556E-03
9.35725836823953E-03
9.39596066961105E-03
8.75092704205897E-03
8.12411523719102E-03
0.010521962840995
1.09133910699533E-02
1.08643664239218E-02
9.40375398164083E-03
8.78170342388819E-03
8.74901504086295E-03
1.05576340249674E-02
1.06333812217831E-02
1.10383783000703E-02
0.013614347287479
1.40359575150729E-02
1.34452372697757E-02
1.42582591576205E-02
1.45390086694771E-02
1.27407227943522E-02
1.29889191049174E-02
1.25125388164792E-02
1.20357106836198E-02
1.14343960463109E-02
1.09625721553904E-02
1.04911237284875E-02
1.00203836402416E-02
9.65453201280182E-03
8.58892255577271E-03
9.36553175035261E-03
8.86137615402833E-03
8.36045098340059E-03
7.86340921260681E-03
7.37096907031083E-03
6.88391954286346E-03
6.4031260232918E-03
5.92953598349406E-03
5.46418449160163E-03
5.00819932279226E-03
4.56280531470137E-03
4.12932749167094E-03
3.70919231792946E-03
3.30392623001703E-03
2.91515033471228E-03
2.54456983296786E-03
2.19395633977104E-03
1.86512082104818E-03
1.55987438803656E-03
1.27997373961898E-03
9.24342975317217E-04
7.38301655019964E-04
5.89175399564827E-04
4.15767997259343E-04
2.88717083645172E-04
1.02512036171605E-04
5.36739512576295E-05
3.1548735538547E-05
1.39407129984515E-05
5.36738075868568E-06
1.63790528210545E-06
3.7577920333839E-07
3.04044748079467E-08
1.17714551285827E-09
6.28435933185397E-12
9.68680406068358E-17
3.22232467376022E-30
0
0
0
0
0
0
0
0
0
0
0
0
0
0
0
0
0
0
0
0
0
0
0
0
0
0
0
0
0
0
0
0
0
0
0
0
0
0
0
0
0
0
0
0
0
0
0
0
0
0
0
0
0
0
0
0
0
0
0
0
0
0
0
0
0
0
0
0
0
0
0
0
0
0
0
0
0
0
0
0
0
0
0
0
0
0
0
0
0
0
0
0
0
0
0
0
0
0
0
0
0
0
0
0
0
0
0
0
0
0
0
0
0
0
0
0
0
0
0
0
0
0
0
0
0
0
0
0
0
0
0
0
0
0
0
0
0
0
0
0
0
0
0
0
0
0
0
0
0
0
0
0
0
0
0
0
0
0
0
0
0
0
0
0
0
0
0
0
0
0
0
0
0
0
0
0
0
0
0
0
0
0
0
0
0
0
0
0
0
0
0
0
0
0
0
0
0
0
0
0
0
0
0
0
0
0
0
0
0
0
0
0
0
0
0
0
0
0
0
0
0
0
0
0
0
0
0
0
0
0
0
0
0
0
0
0
0
0
0
0
0
0
0
0
0
0
0
0
0
0
0
0
0
0
0
0
0
0
0
0
0
0
0
0
0
0
0
0
0
0
0
0
0
0
0
0
0
0
0
0
0
0
0
0
0
0
0
0
0
0
0
0
0
0
0
0
0
0
0
0
0
0
0
0
0
0
0
0
0
0
0
0
0
0
0
0
0
0
0
0
0
0
0
0
0
0
0
0
0
0
0
0
0
0
0
0
0
0
0
0
0
0
0
0
0
0
0
0
0
0
0
0
0
0
0
0
0
0
0
0
0
0
0
0
0
0
0
0
0
0
0
0
0
0
0
0
0
0
0
0
0
0
0
0
0
0
0
0
0
0
0
0
0
0
0
0
0
0
0
0
0
0
0
0
0
0
0
0
0
0
0
0
0
0
0
0
0
0
0
0
0
0
0
0
0
0
0
0
0
0
0
0
0
0
0
0
0
0
0
0
0
0
0
0
0
0
0
0
0
0
0
0
0
0
0
0
0
0
0
0
0
0
0
0
0
0
""
