0
0
0
0
0
0
0
0
0
0
0
0
0
0
0
0
0
0
0
0
0
0
0
0
0
0
0
0
0
0
0
0
0
0
0
0
0
0
0
0
0
0
0
0
0
0
0
0
0
0
0
0
0
0
0
0
0
0
0
0
0
0
0
0
0
0
0
0
0
0
0
0
0
0
0
0
0
0
0
0
0
0
0
0
0
0
0
0
0
0
0
0
0
0
0
0
0
0
0
0
0
0
0
0
0
0
0
0
0
0
0
0
0
0
0
0
0
0
0
0
0
0
0
0
0
0
0
0
0
0
0
0
0
0
0
0
0
0
0
0
0
0
0
0
0
0
0
0
0
0
0
0
0
0
0
0
0
0
0
0
0
0
0
0
0
0
0
0
0
0
0
0
0
0
0
0
0
0
0
0
0
0
0
0
0
0
0
0
0
0
0
0
0
0
0
0
0
0
0
0
0
0
0
0
0
0
0
0
0
0
0
0
0
0
0
0
0
0
0
0
0
0
0
0
0
0
0
0
0
0
0
0
0
0
0
0
0
0
0
0
0
0
0
0
0
0
0
0
0
0
0
0
0
0
0
0
0
0
0
0
0
0
0
0
0
0
0
0
0
0
0
0
0
0
0
0
0
0
0
0
0
0
0
0
0
0
0
0
0
0
0
0
0
0
0
0
0
0
0
0
0
0
0
0
0
0
0
0
0
0
0
0
0
0
0
0
0
0
0
0
0
0
0
0
0
0
0
0
0
0
0
0
0
0
0
0
0
0
0
0
0
0
0
0
0
0
0
0
0
0
0
0
0
0
0
0
0
0
0
0
0
0
0
0
0
0
0
0
0
0
0
0
0
0
0
0
0
0
0
0
0
0
0
0
0
0
0
0
0
0
0
0
0
0
0
0
0
0
0
0
0
0
0
5.64074533393033E-77
6.9277041526028E-24
6.14957373402617E-15
3.0332698309697E-11
3.15103226317232E-09
5.87403714090327E-08
4.39319632899916E-07
1.90838766845006E-06
5.78690099371614E-06
1.41128132914421E-05
2.56011390214164E-05
4.55413425707419E-05
7.87708888865138E-05
1.21080025706814E-04
1.77428259093738E-04
2.47802145735601E-04
3.39503580499703E-04
3.59972625361433E-04
4.63969586551284E-04
6.22426206086651E-04
4.26498970294967E-04
8.04043425517061E-04
1.30239022799336E-03
1.58219576704098E-03
1.54075388316756E-03
1.77447039284248E-03
2.14810185081055E-03
1.87180445465595E-03
2.13343577454373E-03
3.49951189775853E-03
3.87946862179526E-03
4.27667986449174E-03
4.69054842407743E-03
5.12048060998094E-03
5.5658900586254E-03
6.02620069002477E-03
6.50084895704381E-03
6.98928551497796E-03
7.49097641824679E-03
8.00540393318473E-03
8.53206704083377E-03
9.07048169092796E-03
9.62018085761443E-03
1.01807144385443E-02
1.07516490315544E-02
1.13325676169871E-02
1.19230691685826E-02
5.3847903310012E-03
5.51514362429755E-03
5.91176544359245E-03
5.89310161824371E-03
6.15260211875648E-03
6.72810705915543E-03
7.33246095840555E-03
7.4574926877447E-03
7.57227814752956E-03
8.22482806628573E-03
8.33840857695624E-03
8.83363492266913E-03
8.73556652930271E-03
1.02927502651599E-02
9.54848602299124E-03
1.29928898122733E-02
1.27086834247734E-02
1.50043299661417E-02
1.52088749954423E-02
1.86840045668924E-02
0.019478140928407
1.92217485907813E-02
0.02002137893301
1.77406216285846E-02
1.76267013069497E-02
2.22269576196183E-02
2.33916067423162E-02
3.05019058855269E-02
3.09166757398766E-02
2.90353465295789E-02
3.00398751740215E-02
3.03789963003629E-02
3.14028558141866E-02
3.28003928443148E-02
3.38661460537243E-02
3.38336047361407E-02
3.26337506465336E-02
3.87144195634516E-02
3.94842819774061E-02
4.02557146392228E-02
4.10286259544395E-02
4.18029269079793E-02
4.25785309586241E-02
0.043355353938499
4.41333139573077E-02
4.49123313110756E-02
0.045692328395167
4.64732296213584E-02
4.72549613387596E-02
4.80374517583867E-02
4.88206308811999E-02
4.96044304294313E-02
5.03887837810362E-02
5.11736259071096E-02
5.19588933121205E-02
5.27445239768212E-02
5.35304573037002E-02
5.43166340648509E-02
5.51029963521379E-02
5.58894875295472E-02
5.66760521876142E-02
5.74626360998263E-02
5.82491861809074E-02
5.90356504468902E-02
5.98219779768922E-02
0.060608118876514
6.13940242427815E-02
6.21796461305601E-02
6.29649375203702E-02
6.37498522875403E-02
6.45343451726325E-02
6.53183717530841E-02
0.027101774250563
3.00981835494422E-02
3.58636273582054E-02
0.034908966731349
3.11535047435049E-02
3.08045539968395E-02
3.04396713889787E-02
0.040794171728626
5.06426750237233E-02
5.70365366242947E-02
5.76419566567406E-02
5.67531375395181E-02
5.50780903714785E-02
5.25936512605881E-02
5.00466711814804E-02
4.74372551456365E-02
0.056545912295875
6.66160634207553E-02
7.04638032733025E-02
7.19466708913921E-02
7.83399961720877E-02
8.23680922750962E-02
8.31307139562316E-02
8.38919972426758E-02
8.46519120528358E-02
8.54104286932557E-02
8.61675178487256E-02
0.086923150572745
8.76772982783246E-02
8.84299327291149E-02
8.91810260308471E-02
8.99305506230748E-02
9.06784792712044E-02
9.14247850588036E-02
9.21694413801755E-02
9.29124219331901E-02
0.093653700712363
9.43932520021687E-02
9.51310503705853E-02
9.58670706628561E-02
9.66012879954636E-02
9.73336777503062E-02
8.82577940121644E-02
8.79256608395388E-02
8.95676753084492E-02
9.02200298486861E-02
3.12998844241473E-02
3.35571358965773E-02
3.27703101307459E-02
3.40309635984286E-02
3.73820425228501E-02
0.037638655771839
3.47366427626782E-02
3.49704900265635E-02
3.30700820982556E-02
3.32884321761398E-02
0.105922541431327
0.107696380949851
0.109482010139472
0.110177566179375
0.110870870841941
0.111561903849655
0.112250645104019
0.112937074682729
0.113621172836944
0.114302919988641
0.114982296728053
0.115659283811182
0.116333862157397
0.117006012847095
0.117675717119448
0.118342956370211
0.119007712149594
0.119669966160211
0.120329700255078
0.120986896435686
9.73132294800973E-02
9.78348830329991E-02
9.95838945529092E-02
0.100107857182114
9.93873510707788E-02
9.99006301200118E-02
0.101666928517163
0.10218230085345
0.101427645872439
0.101932332683265
0.102434838216953
7.97747407812025E-02
8.14536869278853E-02
9.35362231941879E-02
9.39805087887785E-02
8.91770636668389E-02
8.30051297183862E-02
0.132362769240043
0.132968510461473
0.133571382463786
0.1341713700093
0.134768457978336
0.135362631368259
0.135953875292545
0.136542174979884
0.1371275157733
0.137709883129304
0.138289262617069
0.138865639917631
0.139439000823112
0.127408491424731
0.127924721623117
0.121381126477212
0.120446700155704
0.122343660055241
0.137102438524825
0.127596538889003
0.112254190605491
0.111235140131908
0.117452964924457
0.117889776783421
0.118324014075478
0.134882979135311
0.133898886883517
0.14028471151855
0.143745630523501
0.144250042845779
0.149228143180442
0.149741635866166
0.150251850316303
0.150758774512107
0.15126239653366
0.148727450468293
0.146169299391514
0.145115665236588
0.153243627916612
0.153730563700696
0.154214127845592
0.151600422930757
0.15051596346993
0.155644478542335
0.156114444706774
0.148751934798355
0.103649096532916
9.92273555785314E-02
0.101094357439528
9.97999749403132E-02
0.109614713786388
0.114701514780714
0.115019938495467
0.115335834777358
0.125286629453846
0.125623350969546
9.85050767278864E-02
9.55259186570583E-02
0.100644216606966
0.10090305167757
8.81068077063018E-02
0.122678298495967
0.136101555092975
0.136436133311406
0.136767710779323
0.165176240997028
0.165568474292006
0.165957065500676
0.166342005896591
0.166723286843906
0.167100899797259
0.167474836301654
0.167845087992347
0.168211646594737
0.168574503924262
0.168933651886297
0.169289082476059
0.169640787778508
0.169988759968263
0.170332991309509
0.170673474155917
0.171010200950562
0.171343164225845
0.171672356603418
0.171997770794116
0.172319399597881
0.172637235903701
0.172951272689547
0.173261503022307
0.17356792005773
0.173870517040372
0.130626965477653
0.115146388017692
0.113590958941267
0.120779374983194
0.122728179651675
0.114143581954406
0.119599206213826
0.119784032936591
0.149957779239966
0.139581119315879
0.146864447151703
0.147077144347721
0.152610216916023
0.152823889537651
0.151254731476717
0.149677392975935
0.151660468777085
0.126846372531861
0.178885712934324
0.179110626566255
0.179331598716632
0.179548624573392
0.179761699412486
0.179970818597858
0.180175977581427
0.18037717190307
0.180574397190612
0.180767649159804
0.115812431113162
0.155782306143317
0.155938230324786
0.161535748707978
0.167140232200448
0.163659143202832
0.167448113123775
0.162131424911188
0.160448159664963
0.162407873420683
0.155235537820786
0.157186770437781
0.157308244534985
0.183053788291391
0.183186986131816
0.183316154055263
0.183441289270729
0.183562389074985
0.183679450852579
0.183792472075828
0.183901450304812
0.184006383187377
0.184107268459128
0.184204103943427
0.184296887551391
0.18438561728189
0.184470291221545
0.184550907544724
0.184627464513543
0.184699960477865
0.184768393875295
0.184832763231184
0.18489306715862
0.184949304358437
0.185001473619207
0.179498086602722
0.181391731838253
0.185133562969031
0.185169450114103
0.185201264579062
0.185229005678907
0.13893950461228
0.142659644421086
0.138965837440338
0.13526843483245
0.133420746864878
0.122304523641448
0.129716370027325
0.185304240086206
0.185295304551352
0.185282293626825
0.185265207592714
0.185244046816842
0.185218811754768
0.1722262377433
0.172195192560621
0.162904426716201
0.162867883927212
0.136923342735701
0.159084415026767
0.183078861568116
0.184870340574876
0.184808471913633
0.184742538347302
0.127424053494627
0.123680983120784
9.59505886888968E-02
0.108818529008858
0.132733403808493
0.132668394942521
0.128917121503131
0.130688934720024
0.125097205644214
0.156280990553499
0.156187036267884
0.161598692563869
0.159659147767923
0.15955243953458
0.16127489060091
0.12819534137907
0.122610974168832
0.160919158478901
0.146175906631556
0.136929800003128
0.140465119725537
0.120296475268235
0.118370544567081
0.105528486772199
9.81605522881004E-02
9.08039673864755E-02
9.61595288329967E-02
0.128690496068526
0.121317823452032
0.115766113697059
0.159010497328587
0.16064407917647
0.16227019088043
0.142277018245523
0.142113738205314
0.141947330980211
0.113063309012232
0.112925625569567
9.13025129083396E-02
9.65509771908619E-02
9.82122581172754E-02
9.63000621919684E-02
8.37047583048377E-02
4.62418041868037E-02
4.61778308058655E-02
4.43392703537212E-02
4.42758045126096E-02
4.59798188248282E-02
4.76776270687692E-02
4.58427487953069E-02
4.57726996352739E-02
4.92171540906049E-02
4.91395484460549E-02
7.70956391845669E-02
7.69702911648627E-02
0.069857499190473
6.79969571960218E-02
7.48435465071307E-02
7.64519868481119E-02
0.076318196963608
7.27198761499441E-02
7.60455811302573E-02
7.59067611953554E-02
9.47078383201209E-02
0.101405060100388
0.101212207344078
9.75928177129321E-02
0.117907929421353
0.124496305273971
0.110630622431829
0.125692911399624
0.111873878081407
0.111640805743473
0.10465344176664
0.104429884361398
0.109246159512167
7.04352741865143E-02
7.02791724626168E-02
7.01215244645281E-02
6.82965638695468E-02
0.068139660847307
8.95362920904028E-02
8.10547976640695E-02
7.26107015979848E-02
0.123470294519317
0.129738679036817
0.134333778221833
0.125828458734017
0.125511456263991
0.125191693941075
8.10838824695257E-02
8.24901280088565E-02
8.22728824664418E-02
0.082053828426266
0.158852237571196
0.158420022898574
0.159580128180381
0.15913652476452
0.158689425041734
0.158238839244586
0.157784777699187
0.157327250825415
0.156866269137153
0.156401843242531
0.146577944813524
0.146134939635098
0.154988007820807
0.154509913075896
0.154028428588014
0.153543565536313
0.153055335196125
0.152563748939271
0.152068818234384
0.151570554647243
0.151068969841114
0.150564075577108
0.150055883714544
0.149544406211328
0.149029655124341
0.148511642609839
0.147990380923871
0.147465882422703
0.146938159563258
0.146407224903572
0.145873091103263
0.145335770924008
0.14479527723005
0.144251622988702
0.143704821270884
0.143154885251663
0.142601828210819
0.142045663533423
0.141486404710433
0.140924065339317
0.140358659124678
0.139790199878919
0.139218701522909
0.133098410963216
0.138066643710161
0.137486112643881
0.136902599249763
0.136316118001897
0.135726683487349
0.135134310406993
0.134539013576375
0.133940807926595
0.133339708505221
0.132735730477231
0.13212888912598
0.131519199854204
0.111270676457287
0.11465637899154
0.11411241631292
0.129052275853345
0.128428582272103
0.127802135753645
0.118270845887347
8.98441448680455E-02
6.16941565358044E-02
5.51184249551874E-02
5.35905487107059E-02
0.052074357343436
5.05699374494033E-02
4.90773749970256E-02
4.51558960736495E-02
0.046128163115357
6.27818239533279E-02
5.88372898910036E-02
5.49310820672725E-02
5.81885666461504E-02
6.02240961883377E-02
6.57542328860175E-02
5.83738125134682E-02
6.50017411832389E-02
6.57774472329479E-02
8.94824745565354E-02
0.08895184736076
8.95529588115644E-02
9.12652741670368E-02
8.95886851300891E-02
8.90369846495734E-02
7.63169816085743E-02
7.36397989317343E-02
0.103753044090442
9.87487324357486E-02
9.91891084151294E-02
9.64001021335865E-02
9.57654365701763E-02
9.40718587469913E-02
9.34404567661297E-02
8.75933024785543E-02
8.69938699877156E-02
8.63927140054016E-02
8.37472377322723E-02
8.31570851804786E-02
0.062427426214979
5.29818494162052E-02
0.052597291265518
5.31968452208848E-02
4.30246474800132E-02
4.56144570733168E-02
4.52699019564622E-02
4.49244923163586E-02
4.36297665845822E-02
3.76435370765812E-02
3.36127044793351E-02
3.42718741120334E-02
3.21590703785769E-02
3.09868397525982E-02
3.16367906640025E-02
3.22712223911896E-02
2.93344104472291E-02
2.82049482172514E-02
2.88377902010511E-02
0.026856081342305
2.74804236242734E-02
2.63867913760373E-02
0.021933502147266
2.17357864466397E-02
2.65079605416312E-02
2.29807894489705E-02
2.19536522897491E-02
2.17469160536268E-02
1.75509862474312E-02
2.68630889870993E-02
2.58191310338584E-02
6.89477306677269E-02
6.82610655101394E-02
0.066054944128689
7.51515847431678E-02
7.14018681913512E-02
6.99212752157684E-02
6.26293361842397E-02
6.12402764190796E-02
6.05787374373221E-02
5.92116030800503E-02
5.64652009679081E-02
5.10078334700767E-02
5.24741011421891E-02
5.25456365356568E-02
5.26010422152537E-02
5.46143453463671E-02
5.46140263737013E-02
5.13859894564672E-02
5.07582610170115E-02
0.050130208925858
4.95018696542067E-02
4.94841963791126E-02
4.88475349714313E-02
4.88058917344777E-02
5.05103748830119E-02
5.04134468858752E-02
4.97291315830304E-02
4.79173377355047E-02
4.72487763031268E-02
3.61682293181047E-02
4.53718018247777E-02
4.41792066257037E-02
4.35269727619505E-02
4.28750093272541E-02
3.96797907371526E-02
3.95686233229918E-02
3.84561192300363E-02
3.97857015307309E-02
3.91437052850384E-02
4.31976976100167E-02
3.46294488297578E-02
3.54057883524233E-02
4.10434146768263E-02
3.98887466421315E-02
3.91811925377684E-02
3.50923102303734E-02
3.44489667343769E-02
0.024845911627685
3.15673332912915E-02
3.09583702124046E-02
3.15032333561622E-02
3.08738574666003E-02
3.02459573825225E-02
3.03420457327319E-02
2.19229875772144E-02
2.38739617181236E-02
0.023012869638407
1.91906365207929E-02
2.00474579998356E-02
1.73714713619518E-02
1.60352824111897E-02
1.53471773068481E-02
1.43819395426781E-02
1.34478272727637E-02
1.25447188673706E-02
1.62871860575546E-02
0.014529363339301
2.18385873507133E-02
2.42226173692168E-02
2.18296266484144E-02
0.02071761555866
1.98662485281825E-02
0.019254320957321
1.95038930560109E-02
2.07393141079937E-02
1.64418303459446E-02
1.72376703555209E-02
1.60742736268326E-02
1.54970240438478E-02
1.24954267645418E-02
1.23551656563686E-02
0.012193667436475
0.011857562267763
1.13666337242125E-02
1.10228805910357E-02
1.05376910908424E-02
1.14775129137131E-02
9.46400068707207E-03
9.00492356333203E-03
8.4419628836715E-03
8.52988425900152E-03
7.97099142515264E-03
7.52585848279834E-03
7.08953005582973E-03
6.2459732064178E-03
4.21521396836692E-03
4.15892846097153E-03
3.80783958937185E-03
1.83179060726459E-03
1.63725045600569E-03
1.72565750195245E-03
1.93173155831742E-03
1.63056162287909E-03
1.48385133674321E-03
1.26859700781795E-03
1.24246383615736E-03
1.17114314977569E-03
1.09327059099497E-03
9.86715661137817E-04
8.61796266672101E-04
7.27638458842628E-04
7.89494721006822E-04
6.41427697917193E-04
5.34394080986068E-04
4.29342441268005E-04
3.45509694055579E-04
2.7212164467345E-04
2.13251827545222E-04
1.52611251492467E-04
1.1207847991689E-04
7.44401937909303E-05
4.97047919572935E-05
3.18393310895467E-05
1.79767018917392E-05
1.04532902787363E-05
4.83540183876331E-06
1.84570089890533E-06
5.46918872406431E-07
1.00831340862244E-07
8.96761964275326E-09
2.6357336721724E-10
1.00759392391918E-12
1.43530692489594E-17
3.44354601253902E-32
0
0
0
0
0
0
0
0
0
0
0
0
0
0
0
0
0
0
0
0
0
0
0
0
0
0
0
0
0
0
0
0
0
0
0
0
0
0
0
0
0
0
0
0
0
0
0
0
0
0
0
0
0
0
0
0
0
0
0
0
0
0
0
0
0
0
0
0
0
0
0
0
0
0
0
0
0
0
0
0
0
0
0
0
0
0
0
0
0
0
0
0
0
0
0
0
0
0
0
0
0
0
0
0
0
0
0
0
0
0
0
0
0
0
0
0
0
0
0
0
0
0
0
0
0
0
0
0
0
0
0
0
0
0
0
0
0
0
0
0
0
0
0
0
0
0
0
0
0
0
0
0
0
0
0
0
0
0
0
0
0
0
0
0
0
0
0
0
0
0
0
0
0
0
0
0
0
0
0
0
0
0
0
0
0
0
0
0
0
0
0
0
0
0
0
0
0
0
0
0
0
0
0
0
0
0
0
0
0
0
0
0
0
0
0
0
0
0
0
0
0
0
0
0
0
0
0
0
0
0
0
0
0
0
0
0
0
0
0
0
0
0
0
0
0
0
0
0
0
0
0
0
0
0
0
0
0
0
0
0
0
0
0
0
0
0
0
0
0
0
0
0
0
0
0
0
0
0
0
0
0
0
""
