0
0
0
0
0
0
0
0
0
0
0
0
0
0
0
0
0
0
0
0
0
0
0
0
0
0
0
0
0
0
0
0
0
0
0
0
0
0
0
0
0
0
0
0
0
0
0
0
0
0
0
0
0
0
0
0
0
0
0
0
0
0
0
0
0
0
0
0
0
0
0
0
0
0
0
0
0
0
0
0
0
0
0
0
0
0
0
0
0
0
0
0
0
0
0
0
0
0
0
0
0
0
0
0
0
0
0
0
0
0
0
0
0
0
0
0
0
0
0
0
0
0
0
0
0
0
0
0
0
0
0
0
0
0
0
0
0
0
0
0
0
0
0
0
0
0
0
0
0
0
0
0
0
0
0
0
0
0
0
0
0
0
0
0
0
0
0
0
0
0
0
0
0
0
0
0
0
0
0
0
0
0
0
0
0
0
0
0
0
0
0
0
0
0
0
0
0
0
0
0
0
0
0
0
0
0
0
0
0
0
0
0
0
0
0
0
0
0
0
0
0
0
0
0
0
0
0
0
0
0
0
0
0
0
0
0
0
0
0
0
0
0
0
0
0
0
0
0
0
0
0
0
0
0
0
0
0
0
0
0
0
0
0
0
0
0
0
0
0
0
0
0
0
0
0
0
0
0
0
0
0
0
0
0
0
0
0
0
0
0
0
0
0
0
0
0
0
0
0
0
0
0
0
0
0
0
0
0
0
0
0
0
0
0
0
0
0
0
0
0
0
0
0
0
0
0
0
0
0
0
0
0
0
0
0
0
0
0
0
0
0
0
0
0
0
0
0
0
0
0
0
0
0
0
0
0
0
0
0
0
0
0
0
0
0
0
0
0
0
0
0
0
0
0
0
0
0
0
0
0
0
0
0
0
0
0
0
0
0
0
0
0
0
0
0
0
0
0
0
0
0
0
0
0
0
0
0
0
0
0
0
0
0
0
0
0
0
0
0
0
0
0
0
0
0
0
0
0
0
0
0
0
0
0
0
0
0
0
0
0
0
0
0
0
0
0
0
0
0
0
1.72115782431167E-97
4.56598250479989E-22
2.46886367773476E-13
5.7901558720962E-10
3.53276476606379E-08
4.35991723176048E-07
2.66466308385374E-06
9.2568824346815E-06
2.43693054413138E-05
5.36699406278593E-05
8.82507546007261E-05
1.46638034262681E-04
2.457367377263E-04
3.03081944524005E-04
4.15003602399261E-04
5.09635127844053E-04
6.0271153672656E-04
7.75972380594263E-04
1.01029899062698E-03
1.2015926053456E-03
1.35762083644875E-03
1.7345413656913E-03
1.72242643849887E-03
1.87122783218929E-03
2.17208320056727E-03
1.78384424027664E-03
1.96347867881565E-03
2.03993166923854E-03
1.75109208146983E-03
2.02039651887223E-03
2.03924739283127E-03
2.04043946883265E-03
2.1790334470047E-03
2.31886384309782E-03
2.45973644736902E-03
2.60147651787012E-03
2.74392693912466E-03
2.88694652424553E-03
2.59749296499524E-03
2.72074190056691E-03
2.84418480377507E-03
2.96774307808377E-03
3.60657059182591E-03
3.48284192908092E-03
3.06023737215325E-03
3.46182470150573E-03
3.58503730176344E-03
4.32604412336585E-03
4.46925474443674E-03
4.61213731187103E-03
4.75465778830819E-03
5.94609699823695E-03
6.47806382806012E-03
6.28970681130572E-03
6.46067705653829E-03
6.63105881739003E-03
7.20088028258608E-03
6.96997635811317E-03
7.1384774791302E-03
6.8765368032576E-03
7.03387510104059E-03
7.19057143295799E-03
7.34661659492069E-03
7.50200254764644E-03
8.61381258615592E-03
7.32259668439924E-03
7.46638109462817E-03
8.11682796253812E-03
8.26883041230771E-03
8.42014402353992E-03
9.6421119541932E-03
8.1756513366478E-03
9.42429856869954E-03
9.58211884458443E-03
1.08849859907833E-02
9.89553531915563E-03
9.45988745892265E-03
1.02059831638097E-02
1.03600936151047E-02
9.89502311255818E-03
1.00386719448591E-02
8.90892048190462E-03
8.3881510312411E-03
1.04654370948341E-02
7.95472575215769E-03
7.3881987302944E-03
6.80371734719164E-03
6.20141214868733E-03
6.27909011061446E-03
7.06264460961739E-03
5.71847371309137E-03
5.78648810718297E-03
5.12238954037092E-03
4.44111631712696E-03
4.49135666886247E-03
4.54134111446326E-03
4.59107010359943E-03
4.64054408097711E-03
4.68976348509078E-03
4.73872874712271E-03
0.006383253719968
5.64188161533362E-03
7.32615579509806E-03
7.39808503696032E-03
9.12955522147705E-03
8.3786772349198E-03
6.76587185672723E-03
6.82846719344109E-03
6.89072824380083E-03
6.95265543662354E-03
7.01424918361311E-03
7.95994861411492E-03
8.02849263807919E-03
7.19703360721166E-03
7.25729734160032E-03
6.40257575004188E-03
5.5326226319425E-03
5.57707490549205E-03
5.6212790971881E-03
5.66523539944226E-03
5.70894399213887E-03
5.75240504278587E-03
5.79561870667861E-03
5.8385851270752E-03
5.88130443538168E-03
8.88566512701893E-03
8.94900327488856E-03
1.00133013802713E-02
0.011091140082115
1.01519968169093E-02
1.02207280783341E-02
1.13179533442108E-02
1.24283497674767E-02
1.14669027766992E-02
1.36390089237799E-02
1.26698675199931E-02
1.27493878816285E-02
1.38974500920692E-02
1.39825294482016E-02
1.29849922113246E-02
1.19739961606514E-02
1.20446309045603E-02
1.21148136765314E-02
7.75380096927505E-03
6.68390340323343E-03
8.96192664022252E-03
1.01381096597232E-02
1.13263128353536E-02
1.13876477946743E-02
1.14485710099899E-02
1.15090823144525E-02
1.15691815312527E-02
1.04659816265533E-02
9.35051435742967E-03
9.39760379602094E-03
8.26381755867081E-03
9.49079156451915E-03
8.34477834146737E-03
8.38482455987011E-03
1.32386274469248E-02
1.20914968471654E-02
1.21474634995857E-02
1.34233171074956E-02
1.34839680063258E-02
1.47754497162817E-02
1.48406176317503E-02
1.49052866784155E-02
1.49694565022757E-02
1.50331267432435E-02
1.63543217883898E-02
1.64222142580865E-02
0.016489564306266
1.78299385595224E-02
1.91799640148206E-02
1.79720754369625E-02
1.80422651682633E-02
1.81118684758593E-02
1.68822502552515E-02
1.69457915138869E-02
1.83171551419689E-02
1.83844080214719E-02
1.97690058136749E-02
1.98398002169552E-02
1.99099627085592E-02
1.73155603934114E-02
1.60387118775985E-02
1.87755432045564E-02
1.88386641221177E-02
1.89011927776266E-02
1.62541102893783E-02
1.63066896865051E-02
1.49955301301539E-02
0.016410321225117
1.64613725048846E-02
1.92638991418322E-02
1.79421059239265E-02
1.66114632128877E-02
1.38837258074433E-02
0.012531725075926
1.25677126353539E-02
1.26033155836191E-02
1.12342520889781E-02
1.12652145466928E-02
9.88385499079936E-03
7.07881937003854E-03
7.09752775992798E-03
5.69281713320202E-03
7.13430016535867E-03
7.1523638329087E-03
7.17021224643354E-03
7.18784523413443E-03
7.2052626251835E-03
7.22246424977326E-03
7.23944993916502E-03
7.25621952573628E-03
7.27277284302708E-03
5.83128778062823E-03
7.30523001001103E-03
7.32113353300001E-03
7.33682013338593E-03
7.35228965118205E-03
7.36754192782166E-03
7.38257680619785E-03
7.39739413070222E-03
7.41199374726284E-03
7.42637550338132E-03
1.04167549474366E-02
1.04362787653353E-02
1.04554969518407E-02
1.04744093027626E-02
1.04930156163557E-02
1.05113156933654E-02
1.05293093370712E-02
1.05469963533305E-02
1.20735732007082E-02
1.20930854172299E-02
1.21122465549002E-02
1.06146743535816E-02
0.012149514758358
1.36885740912676E-02
1.21853761724241E-02
1.52534735444663E-02
1.52747865132103E-02
1.52956588843095E-02
1.53160904245785E-02
1.53360809051447E-02
1.38200670913431E-02
1.53747377935057E-02
1.38540633889599E-02
1.38704650256851E-02
1.38864687383284E-02
1.39020743449919E-02
1.08245524083788E-02
7.74005029639453E-03
7.74805598466011E-03
9.3070081462635E-03
1.08687636661638E-02
9.32489206567941E-03
7.77786234541829E-03
7.78475940855798E-03
7.79143449772715E-03
6.23831002848828E-03
6.24329475787853E-03
4.6860762963301E-03
4.68954816318438E-03
6.25718217136309E-03
6.26145553786319E-03
7.83193866728755E-03
6.26946831136864E-03
7.84150953076632E-03
6.27676882973417E-03
6.28015188494688E-03
4.71251756288787E-03
4.71478754157641E-03
3.14461588204419E-03
3.14595092146683E-03
4.72079519537744E-03
4.72253024055723E-03
4.72413149726281E-03
4.72559894658455E-03
4.72693257118304E-03
4.72813235529193E-03
4.72919828472047E-03
6.30684046247438E-03
6.30790470755325E-03
6.30879043559558E-03
7.88687204513835E-03
7.88753287590065E-03
7.88797052895134E-03
7.8881849991041E-03
7.88817628381725E-03
7.88794438319407E-03
7.88748929998281E-03
7.8868110395763E-03
9.46309153201319E-03
9.4617420263589E-03
7.8834372887601E-03
7.88186642635206E-03
7.88007245333566E-03
7.87805539093784E-03
7.8758152630151E-03
7.87335209604961E-03
7.87066591914493E-03
7.86775676402131E-03
7.86462466501051E-03
1.10057775226703E-02
1.25723068570849E-02
1.09954475218351E-02
0.012559788172494
1.41221185115866E-02
1.56823049988892E-02
1.41056297506729E-02
1.40967843655785E-02
1.56528204969696E-02
1.56421023376388E-02
1.56309393867232E-02
1.40573985969929E-02
1.24858237088005E-02
1.09163481781354E-02
9.34910540788078E-03
9.34107449438524E-03
9.33277721949458E-03
9.32421367914675E-03
9.31538397219283E-03
9.30628820037969E-03
9.2969264683321E-03
1.08351820307897E-02
1.08236398156946E-02
9.26724659980335E-03
1.07996258182858E-02
9.24613226550028E-03
1.07743733158906E-02
1.07612829816233E-02
1.53541192214692E-02
1.68679891086483E-02
1.37830595564899E-02
1.52940446413431E-02
1.52731378515908E-02
0.016776969530844
1.97990036037444E-02
1.97701074508192E-02
1.97406394886063E-02
1.81944000392143E-02
1.81661441013351E-02
1.66259144838662E-02
0.019617056133347
2.10912521185867E-02
2.10558301776616E-02
1.95183810825533E-02
1.94843507952178E-02
1.79536170567972E-02
1.94145845018998E-02
1.78881685304799E-02
1.93425464094524E-02
1.93056763902072E-02
2.07504118467565E-02
1.77509873976332E-02
1.91916671133694E-02
1.91525322706909E-02
1.91128322242903E-02
2.34739290867022E-02
2.19596978760256E-02
0.021911936503119
2.18635248844803E-02
1.89058683740598E-02
1.59608187695495E-02
1.59238885355993E-02
1.58864829041538E-02
1.58486022441779E-02
1.58102469270841E-02
1.57714173266281E-02
1.43019216534564E-02
1.42657607106594E-02
0.014229169632303
1.41921487656939E-02
1.55701683057382E-02
1.69401828779428E-02
1.54863620264262E-02
1.40397744173906E-02
1.68007318465173E-02
1.25649158873514E-02
1.25288983037249E-02
1.24924964554254E-02
1.79915820709304E-02
1.79378929216672E-02
1.92593155148643E-02
1.92003044537272E-02
1.91406981582799E-02
1.90804971315223E-02
1.90197018762822E-02
1.48958172746518E-02
1.48471169703814E-02
0.014797950955108
1.47483196217314E-02
1.60344254860143E-02
1.59792682551615E-02
1.59236046832723E-02
1.45451489274137E-02
1.58107602073049E-02
1.70663784891391E-02
1.56958954200611E-02
0.015637706450489
1.42807625095976E-02
1.29331811815515E-02
0.014171774988381
1.41165899442435E-02
1.53392122173207E-02
1.65511734994644E-02
1.39482740492207E-02
1.51540905699882E-02
1.50913815100004E-02
1.62805198389645E-02
1.49644628880904E-02
1.36585662240308E-02
1.48355460421327E-02
1.47703391802651E-02
1.47046338240839E-02
1.46384303139865E-02
1.45717289833518E-02
1.45045301582247E-02
1.56399036700782E-02
1.43686412900714E-02
1.42999518595461E-02
1.66025605186676E-02
1.65212652178534E-02
1.64393915879636E-02
1.63569399386065E-02
1.51114883842362E-02
1.61903037607345E-02
0.01265480840717
1.25882105786242E-02
1.36594469049522E-02
1.35858063737212E-02
1.35116719516884E-02
1.45567974640236E-02
1.55889091381083E-02
1.43934992665279E-02
1.43110485232028E-02
1.42280635269162E-02
1.63206281425036E-02
1.73052199493473E-02
2.04263213209796E-02
2.03019136300062E-02
1.69909268883935E-02
1.47742423734138E-02
1.67781129418946E-02
1.77126404425718E-02
2.07033385109467E-02
2.05674550641756E-02
2.04307500639804E-02
2.02932233608554E-02
1.81393872942693E-02
1.70133484659741E-02
1.78881399234552E-02
1.67746610281304E-02
1.66542681564895E-02
1.55606357156617E-02
1.54460071157539E-02
1.53307191711652E-02
1.52147714973844E-02
1.60417989076241E-02
1.59172012169941E-02
1.76497718530224E-02
0.017508944939364
1.55391915491008E-02
1.63183561919205E-02
1.61827044813384E-02
1.51548443424146E-02
0.015909159297647
1.92759896253784E-02
3.38706761178709E-02
3.78723276076389E-02
2.64414135933513E-02
2.36633919972418E-02
2.42802968053115E-02
0.026538885801268
5.91398484992336E-02
5.93775694462488E-02
4.99319387068466E-02
6.37819346000354E-02
6.15538787756454E-02
6.09170725417038E-02
6.02769620266486E-02
5.81044764475399E-02
0.057474323411092
5.68409341499672E-02
5.47252423598375E-02
4.60599831439142E-02
4.33589145955818E-02
4.07061752473481E-02
3.88077422918641E-02
4.11232459569859E-02
2.68464266759149E-02
2.58283142509088E-02
0.024825956426689
2.25150649465325E-02
0.021562213464307
2.06255866176965E-02
0.019069657766251
1.81748043073841E-02
1.72966061045078E-02
1.64351929836793E-02
1.73896215067273E-02
1.83064215005491E-02
1.80225835292934E-02
1.77373921350451E-02
1.80137786727462E-02
3.15576872151203E-02
0.031025849936231
2.30023869349346E-02
2.25974445338366E-02
2.11585213586982E-02
0.027354131402983
2.58446054568853E-02
2.97327846178907E-02
3.01008604857147E-02
2.62146183960715E-02
2.24617631377499E-02
3.36485481942893E-02
3.33526481274534E-02
0.033034068961143
3.22736044586335E-02
3.15101632873594E-02
0.03074381125147
1.24569860950736E-02
1.17569238999698E-02
1.14450725448126E-02
1.11321941144121E-02
9.77140099223602E-03
1.18588521245521E-02
1.15024773878544E-02
1.08267693381956E-02
1.29445403943795E-02
1.22160240235508E-02
1.29457280960772E-02
1.30377948967142E-02
1.22869111828108E-02
1.12995403915455E-02
1.08463330411403E-02
0.011574367289203
1.19740613642344E-02
8.41060353675123E-03
7.80563256795463E-03
8.19833847316543E-03
8.32621907797606E-03
1.39925775608979E-02
1.33528692867834E-02
1.30089734641016E-02
1.23230183855673E-02
1.13559292269511E-02
8.9122605632175E-03
7.65608272948635E-03
6.18512561662542E-03
5.16562359528138E-03
8.85003506871281E-03
7.97754241482889E-03
7.06072403521179E-03
6.12735906877688E-03
5.25880542072908E-03
4.79202424729478E-03
4.09021034171171E-03
3.43431557865109E-03
2.82856512691274E-03
2.27709807080329E-03
1.7837710065941E-03
1.35189059266316E-03
9.83864243099907E-04
6.80766584041083E-04
4.41838615913934E-04
2.63973616276652E-04
1.41305655463627E-04
5.98945221230875E-05
2.23092110004192E-05
5.99413171033506E-06
9.89232333512818E-07
7.62573758784813E-08
1.0156158096102E-09
2.62073523698038E-13
5.98358262885551E-23
1.84144479567827E-137
0
0
0
0
0
0
0
0
0
0
0
0
0
0
0
0
0
0
0
0
0
0
0
0
0
0
0
0
0
0
0
0
0
0
0
0
0
0
0
0
0
0
0
0
0
0
0
0
0
0
0
0
0
0
0
0
0
0
0
0
0
0
0
0
0
0
0
0
0
0
0
0
0
0
0
0
0
0
0
0
0
0
0
0
0
0
0
0
0
0
0
0
0
0
0
0
0
0
0
0
0
0
0
0
0
0
0
0
0
0
0
0
0
0
0
0
0
0
0
0
0
0
0
0
0
0
0
0
0
0
0
0
0
0
0
0
0
0
0
0
0
0
0
0
0
0
0
0
0
0
0
0
0
0
0
0
0
0
0
0
0
0
0
0
0
0
0
0
0
0
0
0
0
0
0
0
0
0
0
0
0
0
0
0
0
0
0
0
0
0
0
0
0
0
0
0
0
0
0
0
0
0
0
0
0
0
0
0
0
0
0
0
0
0
0
0
0
0
0
0
0
0
0
0
0
0
0
0
0
0
0
0
0
0
0
0
0
0
0
0
0
0
0
0
0
0
0
0
0
0
0
0
0
0
0
0
0
0
0
0
0
0
0
0
0
0
0
0
0
0
0
0
0
0
0
0
0
0
0
0
0
0
0
0
0
0
0
0
0
0
0
0
0
0
0
0
0
0
0
0
0
0
0
0
0
0
0
0
0
0
0
0
0
0
0
0
0
0
0
0
0
0
0
0
0
0
0
0
0
0
0
0
0
0
0
0
0
0
0
0
0
0
0
0
0
0
0
0
0
0
0
0
0
0
0
0
0
0
0
0
0
0
0
0
0
0
0
0
0
0
0
0
0
0
0
0
0
0
0
0
0
0
0
0
0
0
0
0
0
0
0
0
0
0
0
0
0
0
0
0
0
0
0
0
0
0
0
0
0
0
""
