0
0
0
0
0
0
0
0
0
0
0
0
0
0
0
0
0
0
0
0
0
0
0
0
0
0
0
0
0
0
0
0
0
0
0
0
0
0
0
0
0
0
0
0
0
0
0
0
0
0
0
0
0
0
0
0
0
0
0
0
0
0
0
0
0
0
0
0
0
0
0
0
0
0
0
0
0
0
0
0
0
0
0
0
0
0
0
0
0
0
0
0
0
0
0
0
0
0
0
0
0
0
0
0
0
0
0
0
0
0
0
0
0
0
0
0
0
0
0
0
0
0
0
0
0
0
0
0
0
0
0
0
0
0
0
0
0
0
0
0
0
0
0
0
0
0
0
0
0
0
0
0
0
0
0
0
0
0
0
0
0
0
0
0
0
0
0
0
0
0
0
0
0
0
0
0
0
0
0
0
0
0
0
0
0
0
0
0
0
0
0
0
0
0
0
0
0
0
0
0
0
0
0
0
0
0
0
0
0
0
0
0
0
0
0
0
0
0
0
0
0
0
0
0
0
0
0
0
0
0
0
0
0
0
0
0
0
0
0
0
0
0
0
0
0
0
0
0
0
0
0
0
0
0
0
0
0
0
0
0
0
0
0
0
0
0
0
0
0
0
0
0
0
0
0
0
0
0
0
0
0
0
0
0
0
0
0
0
0
0
0
0
0
0
0
0
0
0
0
0
0
0
0
0
0
0
0
0
0
0
0
0
0
0
0
0
0
0
0
0
0
0
0
0
0
0
0
0
0
0
0
0
0
0
0
0
0
0
0
0
0
0
0
0
0
0
0
0
0
0
0
0
0
0
0
0
0
0
0
1.96540157616582E-244
1.33819049493703E-33
3.43450301637849E-19
6.41520114850522E-14
3.7746916323665E-11
1.22598751546523E-09
1.36641745521311E-08
8.32676412754316E-08
3.38685866597421E-07
1.12228763007314E-06
2.83726070696737E-06
5.57280903498132E-06
1.05176664304308E-05
1.75436765395872E-05
2.55205117451824E-05
3.6122670885463E-05
5.13231086625997E-05
6.66082143326162E-05
6.53420969266678E-05
8.07491113962078E-05
9.74319857582604E-05
1.29557522480621E-04
1.54268181225007E-04
1.72902729844751E-04
2.09451931426249E-04
2.50299994108406E-04
3.07578586645057E-04
3.51915041547698E-04
3.91683841563029E-04
4.16116462868105E-04
7.76440457386379E-04
8.67083384886077E-04
9.62573611451229E-04
1.16790884184537E-03
1.25552224976245E-03
1.34417795938174E-03
1.43368592751555E-03
1.5238711228425E-03
1.61457283070873E-03
1.70564389447889E-03
1.79694992319682E-03
1.88836848808823E-03
1.34625606078832E-03
1.34622055934495E-03
1.42707702932758E-03
1.41944928071473E-03
1.7108301592467E-03
1.77659951951343E-03
1.11026061265631E-03
1.2800831558842E-03
1.32345852923881E-03
1.36653217799812E-03
1.40928598226767E-03
1.3924508031404E-03
1.34134666279696E-03
1.41013386486208E-03
1.19065522740472E-03
1.25459505903054E-03
1.31989732318353E-03
1.28254319069397E-03
1.31257431521854E-03
1.45113581428795E-03
1.61518036162719E-03
1.70462396836239E-03
1.92123071596576E-03
1.75727161032122E-03
1.70715039484037E-03
1.83871334918813E-03
1.87496996046857E-03
1.96104876294423E-03
2.04853004749597E-03
2.02184768602021E-03
2.10716337754106E-03
2.13103894949687E-03
2.21629347305825E-03
2.23496861595858E-03
2.10901457052533E-03
2.18720460041301E-03
2.11524783420727E-03
2.58102826693864E-03
2.26551715927311E-03
2.09097245598639E-03
2.07347976412669E-03
2.67536748006141E-03
2.75970007992289E-03
2.93965531186456E-03
3.32149515746616E-03
3.31913009061292E-03
3.41526793166194E-03
3.61862782969104E-03
3.60989945406927E-03
4.04547736863754E-03
4.15368343625038E-03
4.26267018575682E-03
4.12950577076032E-03
4.35838195984971E-03
4.72173349883993E-03
4.83675825636093E-03
9.50342275683543E-03
8.08284713019675E-03
8.12938804468678E-03
8.02725895063195E-03
9.37875729882116E-03
8.68601756985096E-03
8.87347701626887E-03
8.74937394288626E-03
7.81559817042905E-03
8.13900540928724E-03
8.4697086408834E-03
8.29959187204165E-03
8.9803911594984E-03
9.32977747129899E-03
9.50714855536471E-03
9.13696617673848E-03
9.30553256131346E-03
9.28519516352742E-03
9.06575232012946E-03
1.88442243412028E-02
1.77742256996942E-02
1.78760735347603E-02
2.06574063144419E-02
2.10020663654518E-02
2.13476677223717E-02
2.16941785704034E-02
2.20415676228036E-02
2.23898041076055E-02
2.27388577546944E-02
2.30886987832552E-02
2.34392978895636E-02
2.37906262351274E-02
2.41426554351551E-02
2.44953575473526E-02
2.48487050610337E-02
2.52026708865399E-02
2.53016560615097E-02
2.56532276465543E-02
0.026005333304572
2.63579477851241E-02
2.61714291114189E-02
2.73379838857537E-02
2.76955526624781E-02
2.80535370160908E-02
2.84119132167819E-02
2.87706578651161E-02
2.91297478843173E-02
2.94891605127727E-02
2.98488732967481E-02
3.02088640833076E-02
3.05691110134343E-02
3.09295925153435E-02
0.031290287297984
0.031651174344722
3.20122329072017E-02
3.23734424993781E-02
2.09502610506982E-02
2.68079496254961E-02
1.27139550348907E-02
1.25131744127275E-02
9.57069583075144E-03
1.00173992632857E-02
9.77325163550518E-03
9.52186862552666E-03
9.61952425623287E-03
9.71716892402106E-03
9.81479778235436E-03
1.17480367873699E-02
1.40881326056226E-02
1.42254292679533E-02
1.47406423374463E-02
1.48814453188557E-02
2.69628962680767E-02
2.91593367141399E-02
2.74677289564705E-02
2.81159279348208E-02
2.83715692097472E-02
0.039110178124084
3.82385670168144E-02
0.038576290651778
0.039741693306649
3.67455278658051E-02
3.70608878980787E-02
3.69512256927819E-02
3.68341013626086E-02
4.14601557675689E-02
4.22382563191965E-02
4.08280524259673E-02
4.11592522161266E-02
4.05977994184267E-02
4.09210942515286E-02
3.85245956272152E-02
3.92825702979135E-02
3.95869031334985E-02
3.98908130280494E-02
3.97269129951104E-02
0.039084620800444
3.93766381942858E-02
3.91902732732636E-02
3.94778683500058E-02
2.66716433655734E-02
3.85863404027747E-02
0.038862031367283
3.76510172856985E-02
3.79153046825299E-02
0.038179110853994
3.23725696978951E-02
3.56495654248133E-02
2.10219675233764E-02
2.16793714086054E-02
2.18237531983606E-02
2.03987075321749E-02
2.00057546566789E-02
2.06654522379838E-02
2.50647313811515E-02
2.14677365249263E-02
0.02160348184645
2.17389177696307E-02
2.29677418446196E-02
2.25590647771802E-02
2.26969080159854E-02
2.95176598548754E-02
3.08155403902604E-02
2.87446066319932E-02
3.00482666977405E-02
2.68026203619044E-02
2.75318353706636E-02
2.82672415257001E-02
2.32070457995193E-02
1.63369022849319E-02
1.64286172760732E-02
2.00600901130239E-02
1.72045299400417E-02
0.018491724443267
2.33900671972501E-02
1.50743443277704E-02
1.57610056229469E-02
1.88914455315724E-02
1.89906158615802E-02
1.90894762824904E-02
1.91880238648902E-02
1.99083929806842E-02
0.020634760441588
2.19955361565899E-02
2.33685172195281E-02
2.09453854035054E-02
0.021048228496537
2.17916481729224E-02
2.25409004535846E-02
2.26488399599924E-02
2.27563944377649E-02
2.35168054203458E-02
2.55955173489653E-02
2.57140562971732E-02
2.58321527090855E-02
1.59691097027418E-02
1.60412336467906E-02
1.67844574771863E-02
1.61846442971361E-02
1.69332573106573E-02
1.49663482553541E-02
1.43479327185627E-02
1.44095535001975E-02
1.44709203534434E-02
1.45320316002848E-02
1.38979862613068E-02
1.25601262465294E-02
1.19111836497858E-02
1.12562951391502E-02
1.13018634823622E-02
1.06380277422504E-02
1.06803677342958E-02
1.07225158575919E-02
1.00468395877215E-02
1.08062320046821E-02
0.011570984321725
1.16151117610731E-02
1.09303393340111E-02
1.09713128895641E-02
1.02779477400412E-02
1.25263482126932E-02
1.18325672497194E-02
1.26176273872509E-02
1.26629210785186E-02
1.34555109858607E-02
1.27528107746335E-02
1.27974044473182E-02
0.012841762462454
1.28858836751222E-02
1.21691924224109E-02
1.06839856573776E-02
1.14854251544646E-02
1.15235099085514E-02
1.23321394975048E-02
1.23723059193966E-02
1.24122421453641E-02
1.24519471603654E-02
1.17107062097427E-02
1.25306595357799E-02
0.011784060847985
1.26084350788916E-02
1.26469690821331E-02
1.03067785803618E-02
1.03377013236748E-02
1.19635728853782E-02
1.11988835993566E-02
1.36383168041304E-02
1.36777322474542E-02
1.37168897188025E-02
1.29466242299109E-02
1.29829899839026E-02
1.22054158248935E-02
1.30549840235226E-02
1.30906105278615E-02
1.31259888466625E-02
0.013161118107712
1.31959974461426E-02
1.48844542549713E-02
1.40940656155948E-02
1.32991273869481E-02
1.41663109409633E-02
0.014202029012478
1.42374761907896E-02
1.34330838693844E-02
1.17826918726527E-02
1.09675522856911E-02
1.09938237835391E-02
1.01722014280798E-02
9.34639110684645E-03
1.02197292457944E-02
1.10967994756892E-02
1.53997099038307E-02
1.62917874107914E-02
1.63280125563601E-02
1.72251830602214E-02
1.89889185887699E-02
1.81647809118911E-02
1.90702560565453E-02
2.08476811091552E-02
2.00205845983959E-02
1.91895052503326E-02
1.74804690581671E-02
0.01751559600681
1.75503847806048E-02
1.84640762775465E-02
1.76189444944599E-02
1.85353494921156E-02
1.76861416696969E-02
1.77192273033122E-02
1.42015759339826E-02
1.51167134252752E-02
1.42531383919628E-02
1.51709121332758E-02
0.014303595824051
1.52239342005939E-02
0.014352943457086
1.43771996380699E-02
1.17009560120834E-02
1.08186554014337E-02
1.26422544456021E-02
1.26624985010871E-02
1.17766037307375E-02
1.17949440594518E-02
1.09043583488305E-02
1.09208637794586E-02
1.09371565750788E-02
1.18660060500165E-02
1.09691027392127E-02
9.15396279981149E-03
1.00835110286336E-02
1.00974663599804E-02
1.19496292474068E-02
1.19656560292153E-02
1.10597993593546E-02
1.10741618855476E-02
9.24025682821568E-03
9.25186496228774E-03
9.26329236990353E-03
8.34708490662907E-03
8.3570435517924E-03
8.36683883690153E-03
7.44575158610362E-03
1.02494802917328E-02
9.3280469728433E-03
8.40438188365844E-03
8.41335703285667E-03
8.42216751511145E-03
9.36757014032013E-03
9.37699296239884E-03
1.03248553691588E-02
1.03348162507379E-02
1.12849905523361E-02
1.22366995757391E-02
0.011305618081832
1.32015328469886E-02
0.014156699082961
1.41686211327736E-02
1.41802653532086E-02
1.41916314756245E-02
1.51495671870756E-02
1.42135283843503E-02
1.32757880881665E-02
0.013285355850555
1.23450441141599E-02
1.33037089986992E-02
1.42633863877333E-02
1.42725188352251E-02
0.014281371059527
1.14319542856103E-02
0.012391802826482
1.33524947635606E-02
1.24054439164965E-02
0.01241189900925
1.24181102675385E-02
1.43354740946313E-02
1.52982162653854E-02
1.53049595531759E-02
1.43544394464031E-02
1.24455042452515E-02
0.012450249697537
1.24547504348455E-02
1.15006212497668E-02
1.15043237142558E-02
1.15078000176311E-02
9.59254173347132E-03
1.05545676750525E-02
1.15168711897924E-02
1.05594885947999E-02
1.05616376334971E-02
1.05635789908061E-02
8.64434669091482E-03
8.64559512657218E-03
7.6859320387249E-03
7.68673948193872E-03
7.6873957569803E-03
6.72691324270984E-03
5.76619105939338E-03
6.72740026000965E-03
5.76638169496982E-03
5.76630690339325E-03
5.76611870699227E-03
5.76581711007907E-03
5.76540211956437E-03
4.80406145413115E-03
5.76423199836582E-03
4.80289741207996E-03
4.80217370887711E-03
5.7616266867389E-03
5.76053162525693E-03
6.71921050652494E-03
6.71766866468648E-03
7.6754225591981E-03
7.67335859284519E-03
7.67114376505245E-03
7.66877812661146E-03
7.66626173177875E-03
8.62154396806037E-03
7.66077690728951E-03
7.6578086034714E-03
7.65468979493851E-03
7.65142055327306E-03
7.64800095352264E-03
6.68887718992516E-03
8.59579987194473E-03
8.5914459092461E-03
7.63282059591359E-03
7.62865045274429E-03
6.67128916523327E-03
6.66737816556453E-03
0.006663336237072
6.65916347271567E-03
5.70416568727602E-03
7.60048665533433E-03
7.59526987378523E-03
7.58990402516096E-03
6.6363405789061E-03
8.52606632750675E-03
7.57291332991468E-03
5.67521436255387E-03
5.67063241677515E-03
5.66593926578486E-03
5.66113501786951E-03
4.71351648659775E-03
4.70932806451532E-03
3.76403787631006E-03
3.76053954250149E-03
3.75696753105157E-03
3.75332192456068E-03
3.74960280736476E-03
3.74581026553554E-03
3.74194438688075E-03
3.73800526094437E-03
4.66749122375862E-03
4.66238454260698E-03
3.72574932093475E-03
3.72151813604607E-03
3.71721417764885E-03
3.71283754571039E-03
3.70838834193632E-03
3.70386666977094E-03
2.77445447579819E-03
2.77095475705429E-03
2.76740092759347E-03
3.68505742695723E-03
4.60021878172558E-03
4.5940260157656E-03
5.50529235641961E-03
5.49764612662634E-03
6.40487482624026E-03
6.39570432951368E-03
8.21109754984061E-03
9.10998524513425E-03
1.00059864907431E-02
9.99079440907825E-03
9.97540788099812E-03
9.95982726765209E-03
1.08480577472684E-02
9.92808525379424E-03
9.01084054511085E-03
1.07951687485823E-02
1.07771191622545E-02
9.8622886272414E-03
8.95032721202992E-03
8.04128744975893E-03
8.02712444821244E-03
8.01280582108417E-03
7.99833190722368E-03
9.75785928264387E-03
1.06252261259782E-02
1.06053091907871E-02
9.70308814437431E-03
9.68445521229187E-03
8.7869409744049E-03
8.76966197372205E-03
9.62743496295646E-03
1.04815155329593E-02
1.13318535442394E-02
1.21783990317406E-02
1.21530287265908E-02
0.014726158051971
1.46947833641709E-02
1.63881994875851E-02
1.63525023259858E-02
1.54577281077452E-02
1.79938673719452E-02
1.88082955932477E-02
1.79125341853525E-02
1.87223684635355E-02
1.69807872869023E-02
1.69409142841711E-02
1.69007169246528E-02
1.68601961833385E-02
1.76603206964376E-02
1.92949167753849E-02
1.92472090867726E-02
1.91991340977863E-02
1.91506929816091E-02
1.99324037445499E-02
1.90527171126129E-02
2.14818610312466E-02
2.38976278762733E-02
2.30123932174703E-02
2.78688016254158E-02
2.69759997201891E-02
3.17936948081839E-02
3.25190364653777E-02
0.032428539842463
3.15289943718664E-02
3.30518523125731E-02
3.61725530243216E-02
3.60680007385289E-02
3.51635963732969E-02
3.42632222458358E-02
3.57502778013246E-02
3.64350908131056E-02
0.035535100640477
0.035426511569527
3.37476031794551E-02
0.035989731578858
3.43168469114251E-02
3.10982660976776E-02
2.94488779502616E-02
3.01263246105248E-02
0.045427338175763
3.60690033895245E-02
3.59494580167511E-02
3.81162196837258E-02
3.64681245218011E-02
5.07301724562369E-02
4.37648823352296E-02
4.06054734708843E-02
5.69487492033806E-02
5.07745330653779E-02
5.58021951031673E-02
5.70847655214649E-02
5.46621978058689E-02
5.44627131898524E-02
5.79286023559242E-02
5.91746253595349E-02
5.89530255848229E-02
4.20538349909233E-02
4.47828462951948E-02
4.38912543401755E-02
0.037987249449885
3.56969717292982E-02
0.034134022613659
0.031165144579479
0.032451128640923
2.88068985163998E-02
3.07886790224681E-02
3.27526864016001E-02
3.33108599017878E-02
6.70342287294521E-02
0.066751575501765
5.68744614314781E-02
5.73128901871839E-02
5.57063853536222E-02
6.22273380809672E-02
6.19537415010037E-02
6.10086402004034E-02
5.94010336281656E-02
5.91332462200854E-02
5.88644362242454E-02
5.92529775938408E-02
5.63578085965141E-02
4.76156413705141E-02
4.67426603846832E-02
4.71672792186402E-02
5.98026861413697E-02
5.88745972788083E-02
3.18416059003817E-02
3.04181882480192E-02
0.030267925267262
3.07445978523935E-02
3.24630454139574E-02
3.22986328928366E-02
3.21336874281261E-02
3.81159473131851E-02
3.73064470124747E-02
3.65027331952497E-02
3.50996745864309E-02
3.67186416153184E-02
3.17318105837537E-02
2.79871975757964E-02
3.25721928116344E-02
5.41844765853534E-02
5.15409340173896E-02
5.47469139121578E-02
5.50170118348515E-02
5.41280126230339E-02
5.43898297583923E-02
5.29365625866841E-02
5.26275380046388E-02
5.17551606185101E-02
5.59216220747375E-02
5.55867993013946E-02
5.52511517663269E-02
0.054914690268917
0.054577425690505
5.42393689953988E-02
5.39005312319098E-02
5.35609235334153E-02
5.32205571194478E-02
4.86490878330674E-02
4.83345859838741E-02
4.74974673773839E-02
4.71850759182625E-02
0.047902201152972
4.70700198439476E-02
4.57359383263194E-02
4.54245189640515E-02
5.01250125556915E-02
0.049777695852567
4.94297498761494E-02
4.90811869757631E-02
4.87320196038852E-02
4.83822603177038E-02
0.048031921780715
4.76810167643627E-02
4.73295581497215E-02
4.69775589292231E-02
4.66250322084288E-02
4.62719912078483E-02
4.59184492648071E-02
4.55644198353623E-02
4.52099164962707E-02
4.48549529470073E-02
0.044499543011839
4.41437006419535E-02
4.33495655184674E-02
4.12592362980251E-02
4.13507715705373E-02
4.01533129809166E-02
4.23584997280798E-02
4.20003631152335E-02
4.16418954709076E-02
4.12831118454569E-02
3.80593455174134E-02
3.81307781436152E-02
3.73906665868112E-02
3.78528676174499E-02
3.94849913403796E-02
3.91246364195068E-02
3.87640751985225E-02
3.84033240006775E-02
3.80423993225304E-02
3.76813178373971E-02
3.73200963988952E-02
3.69587520445874E-02
3.65973019997258E-02
3.62357636811005E-02
3.58741547009975E-02
3.55124928712647E-02
3.37447643591944E-02
3.27017379573217E-02
3.23617291957537E-02
3.20217396842614E-02
3.16817871651475E-02
3.33424357378872E-02
3.29809203642645E-02
0.03261950234745
3.22582014984124E-02
3.18970378752407E-02
3.15360317886768E-02
3.11752038078051E-02
2.43435140650652E-02
2.40587909555157E-02
2.34733185877524E-02
2.61660024537596E-02
2.61432820759151E-02
2.40825845205909E-02
2.34980673866547E-02
2.20720890814435E-02
2.15132581861557E-02
2.01344526362932E-02
1.90568075648145E-02
1.88069189290274E-02
1.88224657907121E-02
1.90927851179306E-02
0.020123225602296
1.90830464152884E-02
2.25807212576028E-02
2.22623269063939E-02
2.21883245145954E-02
2.23481638689029E-02
2.20209817932521E-02
0.021694459887976
2.13686246843845E-02
2.10435031391156E-02
2.18330539699545E-02
2.12727373233656E-02
2.11518738671086E-02
0.021237320618625
2.08920160569192E-02
2.05476630633467E-02
2.02042941701759E-02
1.98619424700184E-02
1.95206416304042E-02
1.91804259087701E-02
1.88413301678628E-02
1.85033898915689E-02
1.81666412011791E-02
1.78311208720943E-02
1.39974930807867E-02
1.37311326187161E-02
1.21192617469231E-02
1.07263536538102E-02
1.05126318527052E-02
1.39444278561399E-02
1.45889008822712E-02
1.42840728363247E-02
1.38320097563891E-02
1.36789471826781E-02
1.33787337458349E-02
1.28018431274541E-02
1.26472306038921E-02
1.24880136149652E-02
1.24540226987997E-02
1.22828004925047E-02
0.011860217854413
1.07228359541345E-02
1.09218679026758E-02
1.05265376695088E-02
1.00278178668035E-02
1.04106178160664E-02
8.65023525894772E-03
8.41000202664942E-03
8.76968522711369E-03
9.19360849195222E-03
8.73451920623771E-03
8.47140314923714E-03
8.21077114832663E-03
7.6961467103739E-03
7.3661448213928E-03
7.12421379036298E-03
6.96226213503006E-03
6.87237779406301E-03
6.7026915116784E-03
6.80862806419403E-03
6.69120570612934E-03
6.43815120845613E-03
6.18849555665236E-03
5.94231965180017E-03
5.69970590411206E-03
5.07848655240652E-03
5.22550203388458E-03
4.99408420767501E-03
4.76657309082607E-03
4.54305844618472E-03
4.32363141679319E-03
3.49212680260036E-03
3.31279964870844E-03
3.13718592501802E-03
3.60230053897607E-03
3.52169558837685E-03
3.44026921335194E-03
3.35803024947429E-03
3.27498972696237E-03
3.19116109329243E-03
3.10656045587938E-03
3.02120684645974E-03
2.93512250889831E-03
2.70591655160872E-03
2.65043384710247E-03
2.03129950999582E-03
1.88635904234773E-03
1.32223608700819E-03
1.53920408325674E-03
1.48145443693245E-03
1.46793591605741E-03
1.4932355022068E-03
1.00057704309643E-03
9.16796854664416E-04
7.2508828730284E-04
6.71766077847813E-04
6.20327399728408E-04
5.70813159428859E-04
5.6811465023663E-04
5.19868969038058E-04
3.81580681774768E-04
3.55960749989649E-04
3.64867985104853E-04
3.26830196434206E-04
3.3946963479907E-04
3.19436088439662E-04
2.98507818613106E-04
2.69565068157755E-04
2.48117409002448E-04
3.71352475660669E-04
3.01347398031405E-04
2.66890386524868E-04
2.0667533584503E-04
1.88391388576302E-04
1.38390302513805E-04
1.11310944644279E-04
1.16249072325063E-04
9.39289955410876E-05
6.61919768482008E-05
4.9488280462225E-05
3.54916667782543E-05
2.49427839667867E-05
1.57360261166718E-05
8.08736732073636E-06
6.59093504447012E-06
3.02504409122692E-06
1.21908238747157E-06
3.77808616323955E-07
7.75817608414987E-08
1.00707751882281E-08
5.52328569393476E-10
6.5722093387823E-12
3.62664626568395E-15
4.9672655726108E-22
1.77673341137696E-45
0
0
0
0
0
0
0
0
0
0
0
0
0
0
0
0
0
0
0
0
0
0
0
0
0
0
0
0
0
0
0
0
0
0
0
0
0
0
0
0
0
0
0
0
0
0
0
0
0
0
0
0
0
0
0
0
0
0
0
0
0
0
0
0
0
0
0
0
0
0
0
0
0
0
0
0
0
0
0
0
0
0
0
0
0
0
0
0
0
0
0
0
0
0
0
0
0
0
0
0
0
0
0
0
0
0
0
0
0
0
0
0
0
0
0
0
0
0
0
0
0
0
0
0
0
0
0
0
0
0
0
0
0
0
0
0
0
0
0
0
0
0
0
0
0
0
0
0
0
0
0
0
0
0
0
0
0
0
0
0
0
0
0
0
0
0
0
0
0
0
0
0
0
0
0
0
0
0
0
0
0
0
0
0
0
0
0
0
0
0
0
0
0
0
0
0
0
0
0
0
0
0
0
0
0
0
0
0
0
""
