0
0
0
0
0
0
0
0
0
0
0
0
0
0
0
0
0
0
0
0
0
0
0
0
0
0
0
0
0
0
0
0
0
0
0
0
0
0
0
0
0
0
0
0
0
0
0
0
0
0
0
0
0
0
0
0
0
0
0
0
0
0
0
0
0
0
0
0
0
0
0
0
0
0
0
0
0
0
0
0
0
0
0
0
0
0
0
0
0
0
0
0
0
0
0
0
0
0
0
0
0
0
0
0
0
0
0
0
0
0
0
0
0
0
0
0
0
0
0
0
0
0
0
0
0
0
0
0
0
0
0
0
0
0
0
0
0
0
0
0
0
0
0
0
0
0
0
0
0
0
0
0
0
0
0
0
0
0
0
0
0
0
0
0
0
0
0
0
0
0
0
0
0
0
0
0
0
0
0
0
0
0
0
0
0
0
0
0
0
0
0
0
0
0
0
0
0
0
0
0
0
0
0
0
0
0
0
0
0
0
0
0
0
0
0
0
0
0
0
0
0
0
0
0
0
0
0
0
0
0
0
0
0
0
0
0
0
0
0
0
0
0
0
0
0
0
0
0
0
0
0
0
0
0
0
0
0
0
0
0
0
0
0
0
0
0
0
0
0
0
0
0
0
0
0
0
0
0
0
0
0
0
0
0
0
0
0
0
0
0
0
0
0
0
0
0
0
0
0
0
0
0
0
0
0
0
0
0
0
0
0
0
0
0
0
0
0
0
0
0
0
0
0
0
0
0
0
1.44604397716639E-35
4.95135816048797E-20
1.7881294512121E-14
1.22131777150365E-11
6.03690669603315E-10
8.70951037399131E-09
6.35098992162331E-08
2.87235909230871E-07
8.86765113918353E-07
2.32712569617217E-06
4.88415368148415E-06
7.46879319413211E-06
1.35202343842034E-05
2.26201294104423E-05
3.55165485132444E-05
4.70601517730088E-05
5.96779444771045E-05
7.28709944780863E-05
9.9314228651208E-05
1.23343604022478E-04
1.4007058576756E-04
1.79391397182371E-04
1.97073340331959E-04
2.12502917477355E-04
2.43848490159082E-04
2.76886971053329E-04
3.11471574066287E-04
3.74185174350017E-04
4.14297291930726E-04
3.57988449612632E-04
3.91301027844242E-04
3.86685314283844E-04
4.18227149449695E-04
4.50271189018746E-04
5.31014643319052E-04
5.15564056973353E-04
5.48675721834189E-04
5.82014875011789E-04
5.53973169767405E-04
5.19325779130352E-04
5.46290081140037E-04
5.73279424277279E-04
6.00262805975519E-04
5.488105744377E-04
5.72339054217038E-04
6.80908853486264E-04
7.0761256344203E-04
7.34194249244238E-04
5.70477888684957E-04
5.90194815272701E-04
6.0978647759013E-04
6.29244009068261E-04
7.5665283398977E-04
7.79013982485784E-04
9.15650761771011E-04
1.05838459146701E-03
1.08641506903701E-03
9.9039354102199E-04
1.01485571256973E-03
1.03908516152467E-03
1.06307891235411E-03
1.08683459064874E-03
9.71556571994045E-04
9.91921797456946E-04
1.01207516970747E-03
1.03201627090819E-03
1.20199429116491E-03
1.37733629823484E-03
1.40215681047967E-03
1.42670600288346E-03
1.61220559546122E-03
1.80277205007234E-03
1.99831794423225E-03
1.86048657118105E-03
2.06057437931807E-03
2.09117879569373E-03
2.29822449838017E-03
2.50991437779361E-03
2.54442261978501E-03
2.76272116056866E-03
2.79886062175982E-03
2.45723630820824E-03
2.37857581771107E-03
2.49055797250246E-03
2.60413100371344E-03
2.71926188794936E-03
3.5448977088525E-03
3.69258493069687E-03
3.8420998509965E-03
3.99340398476305E-03
4.14645952890647E-03
4.01448073032131E-03
5.94356932655147E-03
5.84663774676497E-03
6.36728417499777E-03
6.58230924345785E-03
6.79938552143916E-03
7.36939205118084E-03
9.41136944059934E-03
0.010447474417906
1.07622576814694E-02
1.02882120309119E-02
1.01781102796703E-02
1.13031774411267E-02
1.16163147544205E-02
1.14898037017039E-02
1.31566984906018E-02
1.35001734487246E-02
1.38459224174565E-02
1.41938935859864E-02
1.30394805981879E-02
1.28416377591829E-02
0.013672983718911
1.39924786453552E-02
1.48642741645424E-02
1.57626456917135E-02
1.61123074368975E-02
1.64637445374948E-02
1.92193305011498E-02
2.14647178731193E-02
2.00323239693081E-02
2.04416011418969E-02
0.01889773278669
1.86073015631249E-02
1.89700064396655E-02
1.93341633150044E-02
2.04032966036202E-02
2.07833507723578E-02
2.11647939874893E-02
6.31567268701523E-02
7.48702855312235E-02
0.075416372898264
7.67229299617144E-02
7.88298343138231E-02
8.01578623832299E-02
8.23129148192325E-02
8.36621114489816E-02
8.50150143320008E-02
8.63715117867041E-02
8.77314937308657E-02
8.90948516454269E-02
7.77968715437317E-02
7.89748912665662E-02
0.080155542111228
7.09349440403556E-02
7.77264560041808E-02
7.78720045608478E-02
7.89792647971069E-02
8.00885730680288E-02
8.22148507842578E-02
7.71684634912018E-02
7.92566224098627E-02
8.03175280868628E-02
7.28137058029391E-02
7.91896720946621E-02
9.12011805442588E-02
9.23663043342872E-02
9.35328718169263E-02
9.47008119287945E-02
9.70251153567114E-02
9.82096930468237E-02
8.51960993603679E-02
9.33978643047607E-02
9.45009220280881E-02
9.56048852621581E-02
0.114067842435473
0.115371872169598
0.121749657116994
0.126959343255366
0.128365120199555
0.127149942593251
0.131178682294575
0.131247066357359
0.129934001377647
0.132667548526479
0.122992445191629
0.128447748822655
0.141040678237964
0.142464369925935
0.143888125464466
0.145311877644643
0.146735559921119
0.148159106399967
0.149582451826839
0.151005531575422
0.152428281636182
0.153850638605394
0.155272539674441
0.156693922619384
0.15811472579079
0.159534888103815
0.160954349028531
0.162373048580495
0.104826193479393
0.102428914306534
0.164957747274692
0.162997880396535
0.160980410170576
0.153779367956396
0.155049928847618
0.158056271441143
0.131323082924267
0.130613954776206
0.133433892757792
0.143453542366908
0.14457640278715
0.145698024294984
0.146818364659486
0.149786599262633
0.167686914060131
0.168942691828113
0.170196842018782
0.169544326536553
0.168862297874456
0.183612909613046
0.186876009636053
0.184283441997086
0.185582143934021
0.186878819696317
0.122112541154793
0.131013662688351
0.131905910304391
0.18387226132197
0.180990007447917
0.188402736916041
0.193811071333859
0.195076332885428
0.196339198879372
0.195474900255717
0.194581069927096
0.187202489638409
0.188374527337705
0.189544130874129
0.197287512853546
0.213930583790451
0.206350922320786
0.176340214000363
0.179636157658569
0.182956222083451
7.27025488560769E-02
7.31250924239328E-02
7.81432825315429E-02
7.62785874112605E-02
7.43865680701449E-02
7.48049649638074E-02
7.75729895832905E-02
7.80022435857987E-02
8.08070469351438E-02
7.88573531223751E-02
7.92831828304558E-02
7.72924561679173E-02
7.28466619995654E-02
6.83485248235395E-02
6.87058093832382E-02
6.90620609794769E-02
6.69380809327521E-02
6.47877502655037E-02
6.51156195498298E-02
6.29254721589835E-02
5.31205946302349E-02
5.84670639705721E-02
5.87535213645426E-02
0.066739810150164
6.96408419366176E-02
6.47906144158881E-02
7.29096991666245E-02
8.11012652060776E-02
8.93649296510261E-02
8.97786591453936E-02
0.1432444525234
0.143896969196519
0.203436753399837
0.204348557189295
0.207957796984526
0.206162195774296
0.209788506429083
0.210698722354211
0.21160547900119
0.215268605428995
0.202322358561602
0.205955209972812
0.198428788108884
0.224505463597297
0.239514538082942
0.240488014047208
0.232935428869222
0.228162673098583
0.229067424393513
0.229968306645669
0.222207847236516
0.223067429278094
0.221015124706685
0.236451825449719
0.237344020034198
0.24117329136386
0.24797235863691
0.284439875251771
0.276556690137832
0.262635037020179
0.275558280835321
0.285556368936996
0.301646221126595
0.302701551808505
0.303751616241097
0.304796387295808
0.305835838032179
0.306869941697274
0.307898671725114
0.308922001736128
0.309939905536616
0.310952357118224
0.31195933065744
0.294183152484191
0.301398471586454
0.286601886068596
0.290657379613206
0.288389134462726
0.289275086148801
0.293344419290519
0.294229681541371
0.282278841331478
0.286332779140473
0.319440613999902
0.323606576309206
0.324540068614054
0.325467740500995
0.32638956886656
0.327305530785621
0.328215603511076
0.269878206868301
0.27061475285045
0.27134641460936
0.272073174073872
0.266141476407432
0.270176403405643
0.274223860159977
0.278283647659914
0.242019056733489
0.246000909639597
0.277021738457151
0.277708646335303
0.281785501815278
0.282470529518639
0.341145064534722
0.341957960728614
0.342764607999604
0.343564986760217
0.34435907759649
0.345146861267792
0.345928318706665
0.346703431018663
0.347472179482197
0.348234545548386
0.348990510840913
0.349740057155886
0.350483166461705
0.35121982089893
0.351950002780156
0.352673694589898
0.353390878984464
0.354101538791856
0.354805657011651
0.355503216814902
0.356194201544041
0.356878594712776
0.357556380006004
0.358227541279719
0.358892062560929
0.359549928047571
0.360201122108437
0.360845629283092
0.361483434281809
0.362114521985492
0.362738877445618
0.26525023469544
0.309372232789523
0.244262840302525
0.244663018177122
0.292607327861209
0.293074253960349
0.289866517940019
0.290316801992495
0.294442194779416
0.294887193450422
0.295326683772552
0.343821761926996
0.348022190393454
0.344811452415745
0.341583760684207
0.345775340992609
0.346247581236485
0.305704232910308
0.317308288825177
0.317722097382936
0.321872655412202
0.341016437793946
0.360200753110458
0.360641143147616
0.361074764546278
0.376564174164984
0.377001730373658
0.377432204838389
0.37785558753876
0.378271868623936
0.378681038412653
0.379083087393208
0.37947800622345
0.379865785730777
0.380246416912127
0.380619890933971
0.380986199132311
0.381345333012674
0.381697284250112
0.382042044689193
0.378555810280565
0.214317578382964
0.206837875190563
0.210841961707532
0.218684895461134
0.122866932868195
0.261292295646646
0.284559849194657
0.315552433602838
0.231055489307567
0.23121459243564
0.235225485803903
0.227661037670945
0.208499126443849
0.212490040673478
0.228078816555878
0.239813333191578
0.38700982343463
0.387216634630056
0.387416127517415
0.387608297501301
0.19777450147949
0.201744738636897
0.190189005044478
0.205800941087069
0.213652535194089
0.213734015249195
0.349873286115764
0.346104568243957
0.346216783926665
0.171215593073673
0.163479838678054
0.175203769301776
0.179141636753092
0.171392145118097
0.171428176844475
0.179254644483664
0.148105437602222
0.163720585055366
0.159843954646079
0.152064241691721
0.163777294720214
0.171589522055703
0.132599677467749
0.136505086879428
0.132607695502542
0.128707705783468
0.12480533920279
0.351002372789984
0.386081393400985
0.382153344716399
0.378218712478976
0.389872623879666
0.389821669912146
0.389763337700177
0.389697628584171
0.389624544074143
0.385648644991217
0.385561693202505
0.362105781916451
0.315299375466491
0.315210329822488
0.315115320332907
0.330570613339634
0.326570656422667
0.303135474609064
0.314675689673824
0.314550896474543
0.314420154598482
0.314283467054524
0.302505991174497
0.302362924437591
0.240221497271453
0.232353574210773
0.220618823169925
0.35202245481101
0.355688420449087
0.351615382017467
0.308924729436985
0.316449480036518
0.320101784011749
0.319888903487109
0.242641071718853
0.242470323012392
0.280754521282667
0.284389165301097
0.272651984661235
0.310810634159665
0.318229924216836
0.317968876369038
0.317701833300378
0.317428801189745
0.221622742273373
0.213788295598182
0.274618266076912
0.26292899815956
0.380691603755212
0.380319520951861
0.37994027929284
0.379553887578749
0.379160354779718
0.378759690035418
0.378351902655067
0.377937002117431
0.377514998070841
0.377085900333192
0.37664971889196
0.376206463904211
0.375756145696608
0.37529877476543
0.374834361776581
0.374362917565611
0.373884453137722
0.373398979667796
0.372906508500408
0.372407051149848
0.371900619300139
0.371387224805066
0.370866879688197
0.370339596142906
0.369805386532407
0.369264263389781
0.368716239418003
0.368161327489983
0.323487595770761
0.359690274264573
0.362790841294772
0.365873063623202
0.365283910957704
0.364687951144045
0.364085198245735
0.363475666496556
0.362859370300608
0.362236324232366
0.361606543036738
0.360970041629127
0.360326835095489
0.359676938692405
0.359020367847143
0.358357138157737
0.357687265393055
0.357010765492883
0.356327654568001
0.355637948900273
0.354941664942731
0.354238819319667
0.127270594377623
0.123484728650861
0.130273700070356
0.126490377116759
0.129731901226801
0.125958565141038
0.125689178079007
0.132385116637057
0.135572097053596
0.183832223286795
0.134970955793011
0.15193162485383
0.144695288239268
0.140925086763945
0.144026637261326
0.143688356156695
0.146760483398413
0.132789357794857
0.132467947067968
0.30833628246527
0.30419512536433
0.303436741932175
0.312761934574829
0.311966885930407
0.314512046379119
0.286999400726307
0.286248536790042
0.285492490368181
0.288042108918646
0.260851500595003
0.256849867038412
0.298836439059064
0.298009316231725
0.32003658640824
0.319134309567218
0.324720716018018
0.323788352456107
0.322850187222102
0.321906243742345
0.320956545622463
0.320001116647716
0.319039980783362
0.318073162175035
0.317100685149124
0.316122574213172
0.315138854056284
0.314149549549541
0.313154685746434
0.312154287883304
0.311148381379798
0.257413703226645
0.262752123292134
0.20642557087856
0.236444041523733
0.257071182341725
0.256198914407223
0.258361722706851
0.257470040098524
0.256573876686702
0.25567325565986
0.254768200367288
0.253858734319619
0.244017414794453
0.243131606053462
0.295416599040042
0.294326162904153
0.293230678812716
0.292130175578253
0.282293941741713
0.287015085625394
0.288798842066559
0.287678554290189
0.28655339436906
0.285423392295606
0.284288578261838
0.283148982660229
0.279184589723789
0.275238457944606
0.156633015503701
0.158769737711043
0.160880608232176
0.171251888631115
0.222782825289256
0.22182967427545
0.250867961547309
0.252492090952792
0.251385271309997
0.269112213831127
0.267913316544066
0.266710084789158
0.265502552089522
0.264290752186457
0.2630747190408
0.261854486834311
0.260630089971096
0.259401563079063
0.25816894101141
0.25693225884816
0.255691551897721
0.25444685569849
0.253198206020497
0.251945638867088
0.250689190476644
0.249428897324353
0.248164796124011
0.246896923829879
0.245625317638574
0.244350014991019
0.243071053574425
0.241788471324335
0.240502306426704
0.239212597320043
0.237919382697605
0.231890247479433
0.202377429950436
0.205936804952335
0.200132536684034
0.201319826331509
0.142654980749233
0.167003582403006
0.122824185965279
0.183164665243693
0.182090537257873
0.181013928731791
0.122178000618429
0.13248400457996
0.19093767642442
0.128695295797965
0.121398926112735
0.129262300143981
0.13059354247349
0.165933817590833
0.166990893888542
0.165918536154793
0.164844136554369
0.163767730871156
0.162689355146994
0.163654729807418
0.160526839051906
0.161461035020875
0.16637495185315
0.167222953040669
0.164087618638924
0.164904384263494
0.161793098339092
0.162578704392031
0.161413300372621
0.160246242298339
0.13445842401078
0.129709594068518
0.180992258859851
0.185193228986818
0.183794784598258
0.182394676291328
0.161083731152174
0.161630709734369
0.178184892820701
0.176778655932849
0.17537102082772
0.173962041961516
0.172551774244955
0.171140273050415
0.169727594219245
0.168313794069265
0.165229940108431
0.163828226937707
0.164066236194546
0.159395553275125
0.158005379419034
0.159810661286241
0.158390630491369
0.155400247567265
0.139993804711228
0.141796717291814
0.145069363644233
0.133128084900932
0.127380059866114
0.127654611786586
0.113199303592322
0.101911895086292
0.102356921211519
6.99430496425605E-02
7.20717762107783E-02
7.69414895540457E-02
8.03127237838977E-02
0.078116827359673
7.86620612824013E-02
7.64950363393491E-02
7.30289232793739E-02
7.22471435233323E-02
6.36694425060374E-02
6.29735843733161E-02
4.57553380621968E-02
3.77038918430922E-02
4.47343307234181E-02
4.29958932002746E-02
4.49290464766799E-02
3.96050975314587E-02
3.67667018079256E-02
3.39852120398028E-02
3.70495666740865E-02
3.65986799499208E-02
3.95371923437387E-02
3.90451515330702E-02
4.07567830111899E-02
4.24129557252264E-02
4.61608294336435E-02
4.55595100765723E-02
4.80957631898912E-02
4.22963506109658E-02
4.37610623866543E-02
4.71787623711014E-02
8.81039693907296E-02
8.68716930787511E-02
8.56417648273797E-02
0.084414272087763
9.34711275208814E-02
9.20976953795368E-02
9.07273026404464E-02
8.93600530614334E-02
8.79960518539469E-02
8.66354057163891E-02
8.52782228683083E-02
8.39246130854962E-02
8.25746877360024E-02
8.12285598170858E-02
0.079886343993133
7.85481566345523E-02
7.72141158576784E-02
7.58843415656986E-02
7.45589554906281E-02
7.32380812363515E-02
7.19218443227521E-02
7.06103722309535E-02
6.93037944496839E-02
6.80022425227917E-02
6.60387915969455E-02
6.34523103870999E-02
6.28465073809387E-02
6.09635289567092E-02
0.059727386085649
0.060306111821339
5.90436072567157E-02
5.77872609750949E-02
0.056537225351809
5.52936553588721E-02
0.048651037763382
4.75438909524832E-02
3.09619974733498E-02
5.03872254656082E-02
4.91784034280047E-02
4.79770348856908E-02
4.67832947641959E-02
3.87577569414725E-02
4.08658619370097E-02
2.11923242768245E-02
2.10441138150913E-02
3.27482921012184E-02
3.14350863783914E-02
3.20845432913652E-02
3.11499415342122E-02
2.98589679383626E-02
2.89511349284248E-02
2.77092276199467E-02
2.58348287565416E-02
0.02499466342586
2.54017493449791E-02
2.99217131537799E-02
2.88765840421769E-02
0.027842593659469
2.68199842514051E-02
2.58090024826165E-02
2.48098994969829E-02
2.38229309739585E-02
2.28483571801579E-02
2.18864430154219E-02
2.09374580524915E-02
2.00016765693266E-02
1.90793775729903E-02
1.87055510361916E-02
1.84651546851863E-02
1.82220001293707E-02
0.017976057605836
1.77272981831104E-02
0.017475693897703
1.72212179038254E-02
1.69638446374806E-02
1.67035499962185E-02
1.64403115359738E-02
1.61741086865244E-02
1.59049229872525E-02
1.56327383450309E-02
1.35146363582778E-02
0.012365043560275
1.18384571600582E-02
1.32075469827114E-02
1.28038241523058E-02
1.30999590527518E-02
1.28241981887246E-02
1.28125429872009E-02
8.48058444983222E-03
8.53898551307639E-03
8.58328198937436E-03
8.00675742580705E-03
8.03796842189057E-03
5.86850628673225E-03
6.26669328087739E-03
6.08808074036639E-03
6.54107446043498E-03
6.1357666755746E-03
5.84110225007199E-03
5.45601204839788E-03
4.89813994789216E-03
8.55343071024958E-03
8.57630608720501E-03
8.24144914352442E-03
7.90550698379144E-03
7.56876173661901E-03
7.23152580877065E-03
6.89414431861113E-03
6.55699764487827E-03
6.22050407420848E-03
5.88512252270588E-03
5.55135529638805E-03
5.2197508420325E-03
4.89090642311083E-03
4.56547063435603E-03
4.07437981644251E-03
3.77058144487389E-03
3.50840744280459E-03
3.21331361151269E-03
2.95563594558136E-03
1.96392819055227E-03
1.81218197464842E-03
1.61370234080329E-03
1.55855214167591E-03
1.34432051663277E-03
1.1604752524721E-03
9.8865981317979E-04
8.29716612083834E-04
6.67304942916334E-04
5.53416177092188E-04
3.82573362798908E-04
2.98335447441988E-04
2.28348187180295E-04
1.61319948062293E-04
6.4331638852501E-05
4.15348446340481E-05
2.67593064363581E-05
1.43788329656907E-05
1.19912264466282E-05
4.82952105190813E-06
2.21419764769682E-06
5.60832857853133E-07
6.72352424073577E-08
5.72010925227107E-09
1.58654667754011E-10
3.80960228467362E-13
7.87473061727965E-18
6.32081021455923E-30
6.37373108366471E-123
0
0
0
0
0
0
0
0
0
0
0
0
0
0
0
0
0
0
0
0
0
0
0
0
0
0
0
0
0
0
0
0
0
0
0
0
0
0
0
0
0
0
0
0
0
0
0
0
0
0
0
0
0
0
0
0
0
0
0
0
0
0
0
0
0
0
0
0
0
0
0
0
0
0
0
0
0
0
0
0
0
0
0
0
0
0
0
0
0
0
0
0
0
0
0
0
0
0
0
0
0
0
0
0
0
0
0
0
0
0
0
0
0
0
0
0
0
0
0
0
0
0
0
0
0
0
0
0
0
0
0
0
0
0
0
0
0
0
0
0
0
0
0
0
0
0
0
0
0
0
0
0
0
0
0
0
0
0
0
0
0
0
0
0
0
0
0
0
0
0
0
0
0
0
0
0
0
0
0
0
0
0
0
0
0
0
0
0
0
0
0
0
""
