0
0
0
0
0
0
0
0
0
0
0
0
0
0
0
0
0
0
0
0
0
0
0
0
0
0
0
0
0
0
0
0
0
0
0
0
0
0
0
0
0
0
0
0
0
0
0
0
0
0
0
0
0
0
0
0
0
0
0
0
0
0
0
0
0
0
0
0
0
0
0
0
0
0
0
0
0
0
0
0
0
0
0
0
0
0
0
0
0
0
0
0
0
0
0
0
0
0
0
0
0
0
0
0
0
0
0
0
0
0
0
0
0
0
0
0
0
0
0
0
0
0
0
0
0
0
0
0
0
0
0
0
0
0
0
0
0
0
0
0
0
0
0
0
0
0
0
0
0
0
0
0
0
0
0
0
0
0
0
0
0
0
0
0
0
0
0
0
0
0
0
0
0
0
0
0
0
0
0
0
0
0
0
0
0
0
0
0
0
0
0
0
0
0
0
0
0
0
0
0
0
0
0
0
0
0
0
0
0
0
0
0
0
0
0
0
0
0
0
0
0
0
0
0
0
0
0
0
0
0
0
0
0
0
0
0
0
0
0
0
0
0
0
0
0
0
0
0
0
0
0
0
0
0
0
0
0
0
0
0
0
0
0
0
0
0
0
0
0
0
0
0
0
0
0
0
0
0
0
0
0
0
0
0
0
0
0
0
0
0
0
0
0
0
0
0
0
0
0
0
4.39287655677245E-271
6.01395139617607E-39
5.08847653557577E-22
8.33609259439464E-16
1.4188069214903E-12
1.24254106758737E-10
2.69110251309144E-09
2.53851663265253E-08
1.53998661239805E-07
5.69260304226396E-07
1.66635654343477E-06
4.22650066391539E-06
9.06869297963998E-06
1.63436969371057E-05
2.46071570034857E-05
3.87882636508749E-05
6.20212717154428E-05
9.22206487601691E-05
1.28913134690774E-04
3.63173532482454E-04
4.67660342183715E-04
5.87981921240458E-04
7.24136395322727E-04
8.75916704329278E-04
1.04294582743638E-03
1.22471032113974E-03
1.00861960238101E-03
1.09202636227993E-03
1.20370569310043E-03
1.39741748227813E-03
1.4216736241198E-03
1.52561516415166E-03
1.65324412617163E-03
1.84299494707515E-03
1.80460664723296E-03
1.99436742012335E-03
3.23033908140037E-03
3.51668384058485E-03
3.6754604055835E-03
3.97266330899661E-03
4.48804305907635E-03
4.8164775792447E-03
0.00521236964256
3.15150574098264E-03
3.25211159892835E-03
3.62020985644801E-03
4.00855036487346E-03
4.19243577993743E-03
4.92367537603323E-03
3.50210023396554E-03
3.72829509104541E-03
3.96091687996051E-03
4.01724492698695E-03
4.06667144376406E-03
4.40264678214214E-03
4.54894799391793E-03
5.94655451577132E-03
6.23780989264721E-03
6.31304380000896E-03
6.26694229759074E-03
5.97286920562495E-03
6.01330896214687E-03
6.29323640177969E-03
6.19879953747432E-03
6.47967108271474E-03
6.76556206980211E-03
6.92067576136539E-03
9.01662213754856E-03
7.22725428726004E-03
7.66803843012007E-03
7.97170983494998E-03
1.23445639801518E-02
1.25818647841433E-02
1.23481597928323E-02
1.08221091724639E-02
0.01101367516089
0.011368246640403
1.12240270237459E-02
1.25994315211379E-02
0.012800269101317
1.28235377509664E-02
1.08779792448502E-02
1.10388393617986E-02
1.13817218228185E-02
8.74963212080442E-03
8.86999964056375E-03
6.69407692013266E-03
6.78196324876427E-03
1.33454544098126E-02
8.74361110834121E-03
9.45432375142512E-03
9.16060732229515E-03
9.26812444621525E-03
8.54127761786124E-03
9.0586310565994E-03
8.09341196105717E-03
7.75008469486041E-03
7.83190379364883E-03
7.91290856638216E-03
4.4406152558442E-03
4.26049085836879E-03
4.30198092041548E-03
4.34305922683219E-03
4.38373034051762E-03
0.003725472701764
3.99398830350892E-03
4.02930980679691E-03
4.09131273745391E-03
4.75349847839422E-03
4.41667675449995E-03
5.66002062286932E-03
5.86620653790892E-03
5.78515758161631E-03
5.68607645123193E-03
5.87801782058495E-03
6.07169164504048E-03
5.93722062373722E-03
5.1032449463496E-03
5.26009972093239E-03
5.05700924393183E-03
5.57759470551726E-03
5.73818795383945E-03
5.89998094977818E-03
6.46714776718995E-03
6.64221424684618E-03
7.24464451268859E-03
7.43319551010912E-03
8.07139202157543E-03
7.81397810473268E-03
8.47711287067557E-03
7.71718609346209E-03
7.90023468072089E-03
7.07379390036903E-03
6.71894330546034E-03
6.34170924907715E-03
6.48205977757968E-03
7.72699428449637E-03
7.32867292388734E-03
6.90741772210145E-03
5.87549168433853E-03
5.99535949704806E-03
6.1157730680917E-03
6.86039282026118E-03
6.99401013138503E-03
7.12818981921206E-03
7.2629195540054E-03
8.07074963164415E-03
7.53398062414769E-03
8.36758698524564E-03
9.22657010045163E-03
9.38883420022818E-03
1.02864081231035E-02
1.04623596079891E-02
1.06388924678498E-02
1.08159926709733E-02
1.02083858993476E-02
0.0103738512563
1.05398052651556E-02
8.23556577015667E-03
8.36394591066555E-03
8.49267359537398E-03
8.62173959322099E-03
8.7511347778989E-03
8.88085012589855E-03
9.01087671459569E-03
9.14120572037739E-03
9.27182841680859E-03
1.03430097901207E-02
1.23940965863483E-02
1.25649846476584E-02
1.27362103467384E-02
1.29077629368624E-02
1.30796317843654E-02
1.32518063665947E-02
1.23916396337605E-02
1.15051802357537E-02
1.37700609185375E-02
1.50159211614324E-02
1.52028202607877E-02
1.64892675143566E-02
1.78027415613632E-02
1.80172084224517E-02
1.82319407725475E-02
1.72939939686352E-02
1.74957705046414E-02
0.017697763311212
1.67066309376933E-02
1.68955314812057E-02
1.70846042812245E-02
1.72738396547949E-02
1.74632280076044E-02
1.76527598325042E-02
1.91168846872091E-02
1.93202317469433E-02
2.08252826806259E-02
2.36727445893652E-02
2.39171711270817E-02
2.68463456001396E-02
2.57622613307403E-02
2.60205898648176E-02
3.31945288434976E-02
0.039107873985649
3.80785687998359E-02
3.98699697180997E-02
3.88135681027797E-02
3.77299772057413E-02
3.95487123290714E-02
3.84379171494035E-02
0.038791877765975
4.06514200566824E-02
4.10189239469906E-02
4.75176832139975E-02
4.33001754417328E-02
4.52410985232875E-02
4.24882005990361E-02
4.44424909192253E-02
4.80246481891947E-02
5.16609879971024E-02
5.20954905874369E-02
5.25297819105857E-02
4.79984843791548E-02
4.83916314991868E-02
4.71023153667721E-02
4.57856665807907E-02
0.044441697782682
3.96247898843001E-02
0.039935533997859
3.84962028116681E-02
3.70296349997755E-02
3.73126470959233E-02
3.93856584372675E-02
3.96815959334672E-02
4.54286835141301E-02
5.12560164804868E-02
3.68796490231816E-02
3.52901850621512E-02
3.92859320498974E-02
0.043334840497055
0.045539332366048
4.39484976716756E-02
4.04065037968726E-02
4.45605832950334E-02
4.48660102303736E-02
4.32070554957094E-02
4.34983807427481E-02
4.37892799650902E-02
4.60833680136524E-02
4.03361463798153E-02
4.26293541040817E-02
4.08622005894735E-02
4.31808140840714E-02
4.13865289507126E-02
3.95656230875548E-02
0.041909062339178
3.79526710996897E-02
3.81867592491603E-02
3.84204129945967E-02
0.040801048425289
0.038886387271808
4.12919536366116E-02
3.06059711935774E-02
0.035183914988661
3.76009735724246E-02
3.55939561851547E-02
3.80357175037307E-02
3.82523839902229E-02
3.84685711940659E-02
4.55109087574891E-02
4.57640954219387E-02
4.60166948206344E-02
4.39552642840999E-02
4.41940959866692E-02
4.44323479534478E-02
0.04467001299405
4.25435532264474E-02
4.03916007242855E-02
4.77678055794595E-02
4.80154332538046E-02
4.82624059420388E-02
4.85087163431708E-02
5.36297929197671E-02
5.63492194924391E-02
5.17057815393237E-02
4.94871905761772E-02
4.72435774652363E-02
3.99778138567099E-02
0.040170992728059
0.040363596279939
4.56250713497272E-02
4.07470553190201E-02
4.09378998353672E-02
4.11281470901705E-02
4.13177916794671E-02
3.89126514670908E-02
3.90892981939381E-02
3.92653649041141E-02
3.68114568747133E-02
3.69746892848964E-02
3.71373665798524E-02
0.037299484225776
4.01368261244265E-02
4.29965972246018E-02
4.58786702695035E-02
4.60727547223254E-02
5.17092069881508E-02
5.46574099984592E-02
8.78131712691514E-02
8.54177164516103E-02
8.29984803351252E-02
8.61111399039771E-02
8.92447357269293E-02
0.095199101203665
9.27631692060952E-02
9.03037562265722E-02
9.34868560957654E-02
9.66903147643697E-02
9.42046166229523E-02
0.100292235339783
0.10066888150248
0.10393088481513
8.98267764499725E-02
8.72478076954517E-02
8.46462341752321E-02
8.49515526624182E-02
8.52554948557516E-02
8.85083304434924E-02
8.88198811443272E-02
0.148549972409785
0.146083094422798
0.146584823759757
0.144082430594787
0.153604770335981
0.117856033060952
0.124311631567408
0.112553346083186
0.103765390356166
7.96071513916935E-02
0.076791321995541
9.55246737008856E-02
7.41882692587913E-02
7.75215756579605E-02
8.08729027852077E-02
8.11220109358081E-02
0.078240150753026
8.16161340186162E-02
8.18611363778578E-02
8.21047576406918E-02
8.23469916310454E-02
7.30584669610906E-02
6.05276228035706E-02
6.07015718641162E-02
5.44666484255829E-02
5.78334042083962E-02
5.79952540604186E-02
6.46179049044788E-02
6.47955347068728E-02
5.84748505239921E-02
5.86327183046816E-02
5.87895806355717E-02
5.56706872926975E-02
5.25335762910714E-02
4.93784132943492E-02
5.28061312521438E-02
5.62498593926583E-02
5.63922329915758E-02
6.98356627210713E-02
7.33428909533169E-02
7.68653108705914E-02
8.04027443506889E-02
9.06714135033344E-02
8.75219356771854E-02
7.76065433267497E-02
8.11705926317589E-02
8.13590297340103E-02
8.15460475491894E-02
8.51371265589211E-02
7.85026484084517E-02
0.075256994690594
0.07885150846208
7.21522273285723E-02
7.91948416690876E-02
7.93644252267047E-02
7.60746748099847E-02
7.96994056236084E-02
0.076392411963442
7.65492646382835E-02
7.67047682975537E-02
8.38460936460477E-02
8.40127784100551E-02
8.41779793143968E-02
8.43416923688221E-02
7.39409244195301E-02
7.05538659692561E-02
7.42208819787898E-02
7.78997886841974E-02
7.80429860645934E-02
0.081738652863517
7.83252222578381E-02
7.48976972809159E-02
7.86018911662088E-02
0.068001111905796
6.45324269387685E-02
5.74591985378972E-02
6.11524166736463E-02
6.48564822553951E-02
6.49621896059991E-02
6.86815559160522E-02
6.87906848558211E-02
6.88985843581258E-02
0.069005251853082
7.27480892650156E-02
8.01435460692926E-02
6.93178370593977E-02
7.30732120476621E-02
6.95200214387466E-02
6.96192446556478E-02
6.60478914405292E-02
5.51162695088636E-02
4.78327543950478E-02
4.78972158448122E-02
5.16501099673579E-02
4.43294349703283E-02
4.43865496805243E-02
0.04444286561035
4.82065798824477E-02
4.82658538147763E-02
4.83242581432124E-02
0.044660115222107
3.72603480777126E-02
3.73032614151261E-02
3.73455016868697E-02
4.11257746886554E-02
4.49135508875754E-02
0.044961809097481
4.50092549739175E-02
5.25652019691284E-02
4.88601807274129E-02
4.89089331818315E-02
4.89568009047733E-02
0.045234261021535
4.52768101714956E-02
4.53185395953485E-02
4.53594483152606E-02
4.53995353729671E-02
4.16522331772927E-02
4.54772407665584E-02
0.041721952510124
4.55516485014393E-02
4.55876135591638E-02
4.56227516161253E-02
4.94618170053408E-02
4.94980887509119E-02
5.71539945849228E-02
0.053380853989477
0.045786008831457
4.58161683231926E-02
4.58454954767426E-02
4.96968220752978E-02
4.59016500523187E-02
4.59284761648425E-02
0.049784006263527
4.59796229125639E-02
4.21702804928458E-02
3.83561875695128E-02
0.042212564669319
4.22325550379922E-02
4.60928476004019E-02
4.99557263742363E-02
4.61322695283139E-02
4.99966145917214E-02
5.77104158276117E-02
5.38826208900991E-02
5.39012059196981E-02
5.39188094289736E-02
0.053935431008545
5.39510702719131E-02
5.39657268554612E-02
0.053979400418456
5.78486685461235E-02
5.40037972342754E-02
5.01563399257687E-02
5.01653828475495E-02
4.63140108012152E-02
4.63206704290925E-02
5.01870264705188E-02
5.40533668467092E-02
5.79194803584649E-02
5.79235835571075E-02
5.79266311220787E-02
5.79286229825811E-02
6.17915296984988E-02
6.56533646868996E-02
6.95139167966218E-02
6.95112393868211E-02
6.95072951483365E-02
5.79184034773303E-02
5.79130054843832E-02
5.79065521035133E-02
5.01791710200328E-02
4.63123838418078E-02
0.046304689004251
4.62961504538555E-02
4.24295376899559E-02
4.24201644421976E-02
3.46991059559545E-02
3.85446361554814E-02
3.46806072304914E-02
3.46704102500065E-02
3.46595818355669E-02
3.46481222389705E-02
3.46360317267251E-02
3.07762760711527E-02
3.84555101053997E-02
4.22839725999719E-02
4.61084884882544E-02
0.046088167717453
4.60670082696533E-02
4.60450106374574E-02
4.60221753330714E-02
5.36649200363545E-02
0.053636326163659
5.36067569366751E-02
5.74030854047635E-02
5.73693162845127E-02
6.11568047254188E-02
6.49384707403057E-02
6.87141069481698E-02
6.48536634618107E-02
7.24341386122041E-02
7.61931112179008E-02
7.61383774102386E-02
7.60822615522896E-02
7.22235267071673E-02
6.45710056173644E-02
6.07245079587976E-02
6.44674036756989E-02
5.68357488979211E-02
6.05732952329169E-02
6.05206938901991E-02
6.04669960277081E-02
5.66364402215169E-02
5.65840460620593E-02
5.65306275254396E-02
5.27111068063561E-02
6.39434853349316E-02
5.63642382978418E-02
5.63067350200848E-02
5.62482138711924E-02
5.61886762257265E-02
5.23862485838513E-02
0.052328786594526
4.85367812992629E-02
4.84816704883618E-02
5.58757903707721E-02
4.83688261165847E-02
5.20273333070502E-02
5.56759542000905E-02
5.19001783759767E-02
5.18351981857791E-02
5.17692848833512E-02
5.17024400253587E-02
4.79464748204681E-02
6.26158109798093E-02
6.98878791791446E-02
6.24455863198134E-02
6.60269551906598E-02
6.59338691880009E-02
6.58396003020295E-02
6.57441507687414E-02
6.92946074564242E-02
5.46247657090079E-02
5.81784365197967E-02
5.80894150298932E-02
5.79993544044463E-02
4.70504586397687E-02
5.05891088052006E-02
3.96845345082467E-02
3.96197751244255E-02
0.03955430888401
0.046667798687078
5.01725154073129E-02
5.00865078622452E-02
4.99996087786341E-02
4.99118202378354E-02
4.98231443440425E-02
5.32859820260248E-02
5.67350160325224E-02
5.66306444905994E-02
6.00580980056827E-02
5.99450719316438E-02
6.33504539337215E-02
6.32285341118752E-02
0.059599635213557
6.29813428934412E-02
5.58720688587933E-02
5.57597358714466E-02
5.21685184328319E-02
5.20613652882654E-02
5.19532955434365E-02
5.18443118205699E-02
5.17344167664697E-02
4.47404646455266E-02
4.12095226997989E-02
4.11194323629858E-02
4.78667252324005E-02
4.43485171025582E-02
4.76523224863563E-02
5.09398616116293E-02
3.72700343736509E-02
3.38032001854276E-02
0.047213546708212
5.04662049344198E-02
5.03455893191639E-02
4.68758257551518E-02
4.67616212367025E-02
4.33147055328568E-02
3.98835280795809E-02
3.97835610018118E-02
3.96829063471968E-02
4.28800304929628E-02
4.27695063249566E-02
3.93768419534206E-02
4.25462506324241E-02
5.22258765058067E-02
5.53416304500944E-02
4.54524974753186E-02
4.53287563283718E-02
4.52042400250651E-02
4.18590265637815E-02
4.17419734155627E-02
4.16242092324148E-02
4.15057369756893E-02
4.13865596286075E-02
0.044441040211389
4.11461017057866E-02
4.73363390839725E-02
0.04719560742492
4.39171411379963E-02
4.37843091239709E-02
4.36507409330292E-02
4.66247571080579E-02
4.95787538899106E-02
4.94236039332879E-02
4.92676283491335E-02
4.91108311352886E-02
4.58936402972633E-02
5.18444621940889E-02
6.07944376333019E-02
0.060594383628732
0.057373661685776
5.71817124113434E-02
5.69888216013102E-02
0.041848943143451
3.87264768864208E-02
0.032655265921497
3.54997539235918E-02
3.24270858687603E-02
2.93747302138656E-02
2.63428332651123E-02
0.026247982776608
2.61527082272438E-02
2.60570121333518E-02
2.88454411415167E-02
2.87381838420712E-02
2.86304666551403E-02
2.85222924485277E-02
2.55722976973307E-02
2.26436676304567E-02
2.53755509945474E-02
2.52765750747132E-02
2.79746677642305E-02
2.78638126816095E-02
2.77525211643189E-02
2.48767166040657E-02
2.47757768116821E-02
2.46744524172524E-02
2.73030513157519E-02
2.71896232142289E-02
2.70757770450119E-02
2.69615159352791E-02
2.68468430312774E-02
2.67317614984046E-02
0.029277901973422
2.91504238342845E-02
3.69377358974018E-02
0.036774378285661
0.033995437503544
3.12394449500565E-02
2.85065210261527E-02
2.83764633150905E-02
2.82459884136608E-02
2.55591818362924E-02
2.28958378806626E-02
2.27880799027589E-02
2.51999919993918E-02
2.50795329663541E-02
2.99504581748152E-02
3.22888046287032E-02
2.47160171011509E-02
2.45941439095006E-02
2.20247333953853E-02
2.19144302336515E-02
2.18038232647225E-02
0.024103239710396
2.63776466895615E-02
2.86269494933757E-02
0.028477896834219
0.023607050860343
3.28750876464862E-02
3.26998675412141E-02
3.48473744595319E-02
3.23481388149532E-02
2.98736664914018E-02
2.97093899123282E-02
2.72720610003096E-02
0.027119723125323
2.92142968963519E-02
2.90485283907864E-02
0.033325845779591
3.09248325317157E-02
3.29412488467849E-02
3.49315743328852E-02
3.68957363550487E-02
4.09910897187787E-02
3.43118213133659E-02
0.034104432282377
3.38966519470954E-02
4.00050783057718E-02
3.76649371719028E-02
3.95093483547786E-02
3.71944709213701E-02
3.28521162194158E-02
3.46822630843381E-02
3.64857751139644E-02
3.62487753301155E-02
4.40139391609565E-02
4.37233761450364E-02
4.14581804177559E-02
0.041180006357749
0.037006062273414
0.036753674758797
3.84220496105702E-02
3.81556717136945E-02
3.78889542647491E-02
3.57408112579555E-02
3.54868111640108E-02
3.89412010616863E-02
4.23417078140357E-02
4.38607227155671E-02
4.17243523314475E-02
4.68171805358975E-02
4.82545659318888E-02
4.25697320353897E-02
3.87257057658955E-02
3.66821321845474E-02
3.46653175241131E-02
3.26753049094237E-02
3.24183652559019E-02
3.21612424420466E-02
3.52622564289258E-02
3.49776958312389E-02
3.46929656078775E-02
3.60465567076209E-02
2.59985072455344E-02
2.57812332028184E-02
2.55638641231214E-02
2.53464087171816E-02
2.51288757616622E-02
2.64682287313332E-02
2.46936126437503E-02
2.29461565994767E-02
3.33549512134109E-02
3.15529720500222E-02
3.27560055977876E-02
3.24564971608875E-02
2.77719390513957E-02
2.75132723423647E-02
2.72546223274898E-02
2.41543161194978E-02
1.97012553108286E-02
1.81171328934657E-02
1.79402859038849E-02
1.91299121518987E-02
2.02924071359959E-02
2.00885573813805E-02
1.98847946952025E-02
1.83690534255692E-02
1.81790643840016E-02
1.79891837012987E-02
1.65280333850163E-02
1.63519425256861E-02
1.61759781181821E-02
1.60001489289034E-02
1.70417302506179E-02
1.80564596209023E-02
1.78541094703635E-02
1.76519567387895E-02
1.74500120181288E-02
1.83981717340451E-02
2.04561473769227E-02
2.02146400279892E-02
1.99734343586863E-02
2.19250485586134E-02
2.16577572502903E-02
2.03213037263487E-02
2.11243301518486E-02
0.019815313785552
1.95629189431246E-02
2.23600404921374E-02
0.022068783855747
2.37578712403138E-02
2.34412938388489E-02
0.024088879591156
2.47108147371094E-02
2.34325929380441E-02
2.31054832137495E-02
2.36902546494028E-02
2.51478505098409E-02
2.56691132707191E-02
0.026165324432681
2.57773603573619E-02
0.025390390021611
2.33374781500654E-02
2.29782379707881E-02
2.42357175322354E-02
2.38529998374575E-02
2.34714163473417E-02
2.23212962793266E-02
2.11976507723358E-02
0.020844846155459
2.19570114613392E-02
2.37396966096258E-02
0.023328126099685
1.80566340137639E-02
1.84168305629858E-02
1.80838093576062E-02
1.84095701884295E-02
0.019357431883556
1.83587709260666E-02
5.27786916930138E-02
5.17516569350777E-02
0.059681393435923
5.84839688032852E-02
0.057292146781525
5.61060473429794E-02
5.49257920593439E-02
5.37515041320347E-02
5.25833084230109E-02
5.14213314860439E-02
5.02657015984253E-02
4.91165487930939E-02
4.17373842553189E-02
4.07492370753434E-02
3.88528881876928E-02
3.87910139302199E-02
0.039125357261749
2.92319617950966E-02
2.84729494381706E-02
2.41036264394374E-02
2.50163258992839E-02
2.05260420612528E-02
1.95794728742888E-02
1.86585364614155E-02
1.81113621743221E-02
1.82443239420934E-02
1.67028511975024E-02
1.68139404850245E-02
0.015967708799975
2.31652238650004E-02
2.23861589573569E-02
2.13373938386655E-02
2.05830791197207E-02
1.95787343035192E-02
1.90973425720307E-02
1.93274850510472E-02
1.77411780729663E-02
0.017584997413745
1.74272594823107E-02
0.016116749808848
8.66756672031123E-03
8.35929727767227E-03
8.50205616578969E-03
8.63958115985738E-03
7.67532224434256E-03
7.59638885560875E-03
6.44285306620157E-03
6.37382854598904E-03
9.03589104484658E-03
9.55832585479915E-03
9.24384623403054E-03
9.74515792010184E-03
9.6290609591704E-03
9.51180197886104E-03
8.61059057360268E-03
7.72813380769668E-03
8.77158710457548E-03
1.48634600291494E-02
1.46606895842455E-02
1.39069653865784E-02
1.13632497610873E-02
1.11967508180132E-02
1.33043901433152E-02
1.20654552461868E-02
1.10268460480742E-02
1.66898141918579E-02
0.016412670010167
1.61329470283156E-02
0.015850649159607
1.55657834527041E-02
1.52783603717011E-02
1.49883940977948E-02
1.46959028541277E-02
1.44009092554674E-02
1.41034406844924E-02
1.38035296965506E-02
1.35012144548619E-02
1.31965391982291E-02
0.012889554743425
1.25803190245028E-02
1.22688976713585E-02
1.19553646299381E-02
1.16398028265198E-02
1.13223048785204E-02
1.10029738542515E-02
0.010681924083985
1.03592820245608E-02
1.00351871795683E-02
9.70979307683865E-03
9.38326830457423E-03
9.05579760688232E-03
8.72758303874697E-03
8.39884517951341E-03
8.06982440273563E-03
7.74078219867892E-03
7.41200254381269E-03
4.39195185169528E-03
4.18902237185855E-03
3.98687632614124E-03
3.48045162646616E-03
3.41240360632857E-03
3.00516305460754E-03
2.83092162477766E-03
2.56193598488201E-03
2.39804601970183E-03
1.51921241794277E-03
1.45066560756834E-03
1.41465409483441E-03
1.30280366568638E-03
1.10197753613434E-03
9.20583112144977E-04
6.82313508766047E-04
5.45799907093059E-04
4.67288755381609E-04
4.1410803579353E-04
3.63700821239221E-04
3.29996685200274E-04
2.83739199417347E-04
2.50942869245005E-04
2.18441174828407E-04
1.93729942073097E-04
1.56608438310524E-04
1.28351572752474E-04
1.19584651105057E-04
9.22518067955928E-05
7.24503988979754E-05
4.52696307860665E-05
3.00264533261806E-05
2.62861457993052E-05
1.68452429945593E-05
8.44759193131273E-06
3.91656140103795E-06
1.5609862601261E-06
6.24907231186041E-07
1.84062368561545E-07
2.84313500027631E-08
3.18706410352393E-09
1.10000608376787E-10
7.22564903273647E-13
1.42403758904132E-16
6.16741330698329E-24
1.57852522249094E-47
0
0
0
0
0
0
0
0
0
0
0
0
0
0
0
0
0
0
0
0
0
0
0
0
0
0
0
0
0
0
0
0
0
0
0
0
0
0
0
0
0
0
0
0
0
0
0
0
0
0
0
0
0
0
0
0
0
0
0
0
0
0
0
0
0
0
0
0
0
0
0
0
0
0
0
0
0
0
0
0
0
0
0
0
0
0
0
0
0
0
0
0
0
0
0
0
0
0
0
0
0
0
0
0
0
0
0
0
0
0
0
0
0
0
0
0
0
0
0
0
0
0
0
0
0
0
0
0
0
0
0
0
0
0
0
0
0
0
0
0
0
0
0
0
0
0
0
0
0
0
0
0
0
0
0
0
0
0
0
""
