0
0
0
0
0
0
0
0
0
0
0
0
0
0
0
0
0
0
0
0
0
0
0
0
0
0
0
0
0
0
0
0
0
0
0
0
0
0
0
0
0
0
0
0
0
0
0
0
0
0
0
0
0
0
0
0
0
0
0
0
0
0
0
0
0
0
0
0
0
0
0
0
0
0
0
0
0
0
0
0
0
0
0
0
0
0
0
0
0
0
0
0
0
0
0
0
0
0
0
0
0
0
0
0
0
0
0
0
0
0
0
0
0
0
0
0
0
0
0
0
0
0
0
0
0
0
0
0
0
0
0
0
0
0
0
0
0
0
0
0
0
0
0
0
0
0
0
0
0
0
0
0
0
0
0
0
0
0
0
0
0
0
0
0
0
0
0
0
0
0
0
0
0
0
0
0
0
0
0
0
0
0
0
0
0
0
0
0
0
0
0
0
0
0
0
0
0
0
0
0
0
0
0
0
0
0
0
0
0
0
0
0
0
0
0
0
0
0
0
0
0
0
0
0
0
0
0
0
0
0
0
0
0
0
0
0
0
0
0
0
0
0
0
0
0
0
0
0
0
0
0
0
0
0
0
0
0
0
0
0
0
0
0
0
0
0
0
0
0
0
0
0
0
0
0
0
0
0
0
0
0
0
0
0
0
0
0
0
0
0
0
0
0
0
0
0
0
0
0
0
0
0
0
0
0
0
0
0
0
0
0
0
0
0
0
0
0
0
0
0
0
0
0
0
0
0
0
0
0
0
0
0
0
0
0
0
0
0
0
0
0
0
0
0
0
0
0
0
0
0
0
0
0
0
0
0
0
0
0
0
0
0
0
0
0
0
0
0
0
0
0
0
0
0
0
0
0
0
0
0
0
0
0
0
0
0
0
0
0
0
0
0
0
0
0
0
0
0
0
0
0
0
0
0
0
0
0
0
0
0
0
0
0
0
0
0
0
0
0
0
0
0
0
0
0
0
0
0
0
0
0
0
0
0
0
0
0
0
0
0
0
0
0
0
0
0
0
0
0
0
0
0
0
0
0
0
0
0
0
0
0
0
0
0
0
0
0
0
0
0
0
0
0
0
0
0
0
0
0
0
0
0
0
0
0
0
0
0
0
0
0
0
0
0
0
9.24357773314707E-35
1.5069208288E-17
3.18837699581049E-12
1.27535497899533E-09
4.39151049045905E-08
4.55113939810817E-07
2.44519667038982E-06
9.08452234571233E-06
2.2497897592461E-05
4.93827282294922E-05
9.4118099965182E-05
1.44401750188637E-04
2.28595973036211E-04
3.82480539501901E-04
5.17449601770923E-04
7.07588198358218E-04
9.16051923468545E-04
6.89372943237376E-04
1.18323110367518E-03
1.42514853427001E-03
1.49963403603366E-03
1.77323471235336E-03
2.06930831874138E-03
2.35526558244461E-03
2.61819555979937E-03
2.60387700870759E-03
1.46498053801616E-03
1.56324357087697E-03
1.70941657062719E-03
1.91676173984502E-03
2.01063246726262E-03
2.1649157925338E-03
2.39373139205174E-03
2.63410940122238E-03
2.80344878799788E-03
3.14895907947392E-03
3.3306016672393E-03
3.31787982507331E-03
3.49074945534849E-03
3.66399397514113E-03
3.04738491238115E-03
3.18517471666973E-03
0.003445974826282
3.7168084040985E-03
3.73105695330358E-03
4.01146272939484E-03
3.87142178433131E-03
4.00757646202899E-03
3.83631228898033E-03
4.11983795610386E-03
4.08588783839822E-03
4.37818179329971E-03
4.50637837106905E-03
4.63388204293328E-03
5.12687029182836E-03
5.26260397645666E-03
5.20474412124235E-03
5.53157529357139E-03
5.05783463844708E-03
5.38301718326426E-03
5.08159180538072E-03
4.76068079865051E-03
4.86251789206772E-03
5.41486971820864E-03
5.29419583703233E-03
5.63308575167311E-03
5.02336474852538E-03
4.87340236417126E-03
5.21007127284262E-03
5.04986645191492E-03
5.39393719510442E-03
6.00716545147105E-03
6.37138063059894E-03
6.74333592856352E-03
6.84897204917267E-03
6.67561404451407E-03
7.05771544718445E-03
7.16082657303422E-03
6.10100428412381E-03
6.18621301348398E-03
6.27072282633484E-03
6.05193922388461E-03
6.4376556777569E-03
5.89912361907992E-03
8.80243191850287E-03
8.91050447698712E-03
0.013848559898894
0.0140117391851
1.28550648643777E-02
9.66708104120653E-03
9.77434179241162E-03
9.88068089586641E-03
1.10191477137098E-02
1.00906112144886E-02
9.84268643127005E-03
1.13621032273716E-02
1.21915801765574E-02
1.23098749243025E-02
9.50309466372226E-03
9.96088097693515E-03
1.26585031273098E-02
1.23969771185144E-02
1.13697848446961E-02
1.03218196181904E-02
1.00244681887626E-02
1.04974250311234E-02
0.012936029624193
1.30408981049152E-02
0.013543122875571
2.85026844538736E-02
2.91266064884362E-02
3.01621843950318E-02
3.03865483971427E-02
8.2726430776151E-03
9.16534439541311E-03
7.97149505664403E-03
0.008871863405902
8.50717226460645E-03
8.56438513948135E-03
7.75893094111274E-03
8.24326587640583E-03
7.85938488996584E-03
7.46947699559053E-03
8.3999324835036E-03
8.4510995838162E-03
8.05428188752081E-03
8.55186136778384E-03
8.6014593313236E-03
8.65053746756839E-03
9.61479178014637E-03
9.66789203878976E-03
9.72042276805394E-03
9.30703386957934E-03
8.42038455553116E-03
7.99373477376873E-03
7.08920123968586E-03
7.12470571790971E-03
7.63713048905468E-03
7.67414887699494E-03
7.71074228882913E-03
7.74691172538213E-03
7.29624202770807E-03
7.32935864388668E-03
6.38046973335045E-03
5.4225661083009E-03
5.44598492184204E-03
5.96630840438267E-03
5.49196003146328E-03
5.51451746618046E-03
6.04013333364766E-03
5.55877483410617E-03
5.58047582089965E-03
6.62041823898396E-03
6.64539310259863E-03
6.67003294706924E-03
7.20928742738844E-03
8.2686889553195E-03
8.29778193682235E-03
7.80606112875956E-03
7.31039694732128E-03
7.33477939690471E-03
7.35880490902677E-03
4.74587612793522E-03
6.34781749708279E-03
5.83687082403455E-03
5.85462997925307E-03
6.40593874708764E-03
7.49548899022678E-03
7.51702901953081E-03
7.53821569853665E-03
7.55904942155143E-03
7.57953057175858E-03
7.59965952147021E-03
8.16368210611456E-03
8.18449527404132E-03
8.20493221373485E-03
7.67666039474983E-03
7.69503356310227E-03
7.71305654993735E-03
8.28292463362623E-03
8.30148555126703E-03
8.87431703338906E-03
9.44914958981321E-03
8.91191891019738E-03
9.48825491987353E-03
9.5071731284299E-03
1.00860022200556E-02
1.01051387057266E-02
1.40608727179123E-02
1.40862103574141E-02
0.014675365295479
1.47004275811381E-02
1.41585057682365E-02
1.47486209065815E-02
1.47717526492044E-02
1.25182043968431E-02
1.36763888860155E-02
1.36959619924922E-02
1.42863985134678E-02
1.48777751330982E-02
1.26051999375288E-02
1.26209707754272E-02
1.26361993800392E-02
1.32259262286174E-02
1.32407139204458E-02
1.38312368895497E-02
1.09610097201368E-02
1.09718227615576E-02
1.09821684705998E-02
1.09920469824809E-02
1.04224342979626E-02
0.011010402921772
1.10188805860479E-02
1.04465288151235E-02
1.10344358470428E-02
1.10415136417906E-02
9.88516447447065E-03
9.30885895381833E-03
0.011059948739338
1.33946689022013E-02
0.015148294686943
1.39884479556237E-02
1.39932659965744E-02
1.39974954320614E-02
0.015167897673944
1.51712044126359E-02
1.57574841662668E-02
0.013424839386723
1.16748459184075E-02
1.16754281226662E-02
1.10917439997076E-02
0.011091365473084
1.22579444090631E-02
1.22564963309548E-02
1.16709841676239E-02
1.16686243048031E-02
0.011665774030976
0.01166243331096
1.28244623137976E-02
1.34024224151481E-02
1.33968882344475E-02
1.28085815554909E-02
1.16383713563235E-02
1.16320868751076E-02
1.04627803751427E-02
1.04562407065528E-02
1.10297734935916E-02
1.16020394050031E-02
1.21729646592594E-02
1.27424754464118E-02
1.21530633240202E-02
1.15641318556478E-02
1.09757546557563E-02
1.03880053589159E-02
0.010377484540404
1.03665207637832E-02
9.77982977894556E-03
9.76863798379721E-03
9.75702740777701E-03
9.74499789388312E-03
0.011450057974524
1.14349192829451E-02
1.08483227647587E-02
1.02628451435767E-02
9.67856028048737E-03
1.02324848341407E-02
1.02166373592696E-02
1.07670305205908E-02
1.13151184796208E-02
1.07312241709008E-02
1.12764369466059E-02
1.06935350642937E-02
1.01121951599177E-02
1.00932261634564E-02
1.00738101502351E-02
1.00539468208726E-02
9.47621165132234E-03
0.010012876966572
9.99166979258189E-03
9.41612433700757E-03
9.94790924945774E-03
1.04767637876061E-02
1.04524820161985E-02
9.33006987454784E-03
8.21249430155063E-03
7.64605171389148E-03
7.62675772526787E-03
6.52038203842837E-03
6.50324170724117E-03
6.4857996071527E-03
6.46805542247572E-03
5.9125080925941E-03
5.35971624183355E-03
4.80975529812901E-03
4.2627007975012E-03
4.78109364177378E-03
4.76642075105682E-03
4.75151943625982E-03
4.73638940046942E-03
4.72103033844905E-03
4.18261505461944E-03
4.16855455288865E-03
4.15428961220716E-03
4.13981992991696E-03
4.12514519507218E-03
4.11026508825025E-03
3.58328187118967E-03
3.56990150776325E-03
3.55634055917118E-03
3.54259871453568E-03
3.52867565468886E-03
3.51457105198874E-03
3.00024391725635E-03
2.98784216911375E-03
2.97528392510756E-03
3.45633035267392E-03
2.94969669534589E-03
2.93666706211532E-03
2.92347963772425E-03
2.91013407725552E-03
3.37940169816783E-03
2.88296712428143E-03
2.39095416438724E-03
1.90344217652181E-03
1.89401435743141E-03
1.88447960730928E-03
2.34354706578967E-03
2.33136026644557E-03
2.31903875224767E-03
2.76789858675661E-03
2.7527881201981E-03
3.19376708056725E-03
3.17575728642893E-03
3.60863564834918E-03
4.48451888490032E-03
4.45796825082286E-03
4.43114179265208E-03
4.84444248755033E-03
4.81432362686464E-03
4.78389837157525E-03
5.18527165176405E-03
5.58069257994862E-03
6.82294358478111E-03
7.20044619224272E-03
7.15103290657819E-03
6.26570815870859E-03
7.05075338669652E-03
6.99988346469204E-03
6.94852424777578E-03
6.49098710536284E-03
6.03911483484206E-03
5.59299281667792E-03
6.34179307851106E-03
6.29112439342404E-03
6.23998374014394E-03
6.18836909012431E-03
6.13627838195805E-03
6.46394136724419E-03
6.0306603858087E-03
5.97712881806652E-03
5.55291809523761E-03
5.5018215232809E-03
4.36021316274333E-03
4.67848399673802E-03
3.92023303363141E-03
3.88140789934212E-03
3.84224023018444E-03
3.80272842171606E-03
3.76287086236407E-03
3.72266593606122E-03
3.68211202519055E-03
3.31018864897115E-03
3.59995079159732E-03
3.5583402573275E-03
4.47538550322336E-03
4.4215199933518E-03
4.67914092520092E-03
4.92847792913654E-03
4.56126223776655E-03
5.10179237979503E-03
4.73749760124427E-03
4.67277643993142E-03
4.31955154976079E-03
4.54173155310183E-03
4.47540459122492E-03
4.1330056659262E-03
4.34113469973601E-03
4.00611520525721E-03
3.94190920960037E-03
3.61871561983357E-03
3.55784172974712E-03
3.24674412657493E-03
3.68000555883983E-03
3.37237702422296E-03
3.30961033123253E-03
3.2463733635116E-03
3.18266819664781E-03
3.34124726590248E-03
3.92639700462141E-03
3.84270781932439E-03
3.5496331578718E-03
3.0613215567816E-03
2.99014021552487E-03
2.91849310542676E-03
2.08735214182203E-03
2.03414868815582E-03
1.9806265810855E-03
2.10195889938984E-03
1.87266704984458E-03
1.4876618054476E-03
1.28259534457771E-03
1.08730921709639E-03
1.20251027344329E-03
1.45277916230026E-03
1.54246737019862E-03
1.48670731329923E-03
1.30073140931803E-03
1.24980894469892E-03
1.0789342088412E-03
8.03450510306923E-04
7.67731427411212E-04
7.32043484553431E-04
6.96419535127698E-04
5.66482204039129E-04
5.36153754734989E-04
5.05983619170502E-04
4.76013594455948E-04
4.46289664718071E-04
4.1686233868765E-04
4.52418157295466E-04
4.18978239402895E-04
3.86096766687245E-04
4.04408740710936E-04
3.68402109404986E-04
3.75013980799586E-04
3.36780189334173E-04
2.99895573144384E-04
2.64513107695072E-04
2.56436680737523E-04
2.21001012615679E-04
1.87783446210793E-04
1.88363594303229E-04
1.41611990566658E-04
1.13577857314418E-04
8.87169350587994E-05
6.71411964931546E-05
4.890594115706E-05
3.7082205648358E-05
1.41831477509164E-05
7.40390865154016E-06
4.09913248282049E-06
2.00049880162127E-06
8.22155117363203E-07
2.65083800016845E-07
5.97135609162262E-08
7.66481026922492E-09
4.40864578022264E-10
3.97343916125989E-12
3.92068704958894E-16
2.93279685658725E-26
1.77148340684952E-109
0
0
0
0
0
0
0
0
0
0
0
0
0
0
0
0
0
0
0
0
0
0
0
0
0
0
0
0
0
0
0
0
0
0
0
0
0
0
0
0
0
0
0
0
0
0
0
0
0
0
0
0
0
0
0
0
0
0
0
0
0
0
0
0
0
0
0
0
0
0
0
0
0
0
0
0
0
0
0
0
0
0
0
0
0
0
0
0
0
0
0
0
0
0
0
0
0
0
0
0
0
0
0
0
0
0
0
0
0
0
0
0
0
0
0
0
0
0
0
0
0
0
0
0
0
0
0
0
0
0
0
0
0
0
0
0
0
0
0
0
0
0
0
0
0
0
0
0
0
0
0
0
0
0
0
0
0
0
0
0
0
0
0
0
0
0
0
0
0
0
0
0
0
0
0
0
0
0
0
0
0
0
0
0
0
0
0
0
0
0
0
0
0
0
0
0
0
0
0
0
0
0
0
0
0
0
0
0
0
0
0
0
0
0
0
0
0
0
0
0
0
0
0
0
0
0
0
0
0
0
0
0
0
0
0
0
0
0
0
0
0
0
0
0
0
0
0
0
0
0
0
0
0
0
0
0
0
0
0
0
0
0
0
0
0
0
0
0
0
0
0
0
0
0
0
0
0
0
0
0
0
0
0
0
0
0
0
0
0
0
0
0
0
0
0
0
0
0
0
0
0
0
0
0
0
0
0
0
0
0
0
0
0
0
0
0
0
0
0
0
0
0
0
0
0
0
0
0
0
0
0
0
0
0
0
0
0
0
0
0
0
0
0
0
0
0
0
0
0
0
0
0
0
0
0
0
0
0
0
0
0
0
0
0
0
0
0
0
0
0
0
0
0
0
0
0
0
0
0
0
0
0
0
0
0
0
0
0
0
0
0
0
0
0
0
0
0
0
0
0
0
0
0
0
0
0
0
0
0
0
0
0
0
0
0
0
0
0
0
0
0
0
0
0
0
0
0
0
0
0
0
0
0
0
0
0
0
0
0
0
0
0
0
0
0
0
0
0
0
0
0
0
0
0
0
0
0
0
0
0
0
0
0
0
0
0
0
0
0
0
0
0
0
0
0
0
0
0
0
0
0
0
0
0
""
