0
0
0
0
0
0
0
0
0
0
0
0
0
0
0
0
0
0
0
0
0
0
0
0
0
0
0
0
0
0
0
0
0
0
0
0
0
0
0
0
0
0
0
0
0
0
0
0
0
0
0
0
0
0
0
0
0
0
0
0
0
0
0
0
0
0
0
0
0
0
0
0
0
0
0
0
0
0
0
0
0
0
0
0
0
0
0
0
0
0
0
0
0
0
0
0
0
0
0
0
0
0
0
0
0
0
0
0
0
0
0
0
0
0
0
0
0
0
0
0
0
0
0
0
0
0
0
0
0
0
0
0
0
0
0
0
0
0
0
0
0
0
0
0
0
0
0
0
0
0
0
0
0
0
0
0
0
0
0
0
0
0
0
0
0
0
0
0
0
0
0
0
0
0
0
0
0
0
0
0
0
0
0
0
0
0
0
0
0
0
0
0
0
0
0
0
0
0
0
0
0
0
0
0
0
0
0
0
0
0
0
0
0
0
0
0
0
0
0
0
0
0
0
0
0
0
0
0
0
0
0
0
0
0
0
0
0
0
0
0
0
0
0
0
0
0
0
0
0
0
0
0
0
0
0
0
0
0
0
0
0
0
0
0
0
0
0
0
0
0
0
0
0
0
0
0
0
0
0
0
0
0
0
0
0
0
0
0
0
0
0
0
0
0
0
0
0
0
0
0
0
0
0
0
0
0
0
0
0
0
0
0
0
0
0
0
0
0
0
0
0
0
0
0
0
0
0
0
0
0
0
0
0
0
0
0
0
0
0
0
0
0
0
0
0
0
0
0
0
0
0
0
0
0
0
0
0
0
0
0
0
0
0
0
0
0
0
0
0
0
0
0
0
0
0
0
0
0
0
0
0
0
0
0
0
0
0
0
0
0
0
0
0
0
0
0
0
0
0
0
0
0
0
0
0
0
0
0
0
0
0
0
0
0
0
0
0
0
0
0
0
0
0
0
0
0
0
0
0
0
0
0
0
0
0
0
0
0
0
0
0
0
0
0
0
0
0
0
0
0
0
0
0
0
0
0
0
0
0
8.46229006173797E-49
1.09840899484701E-19
6.57553996999889E-13
6.92190188852959E-10
3.22881843623911E-08
2.44384009050868E-07
1.09878681604955E-06
4.08937817672897E-06
1.1548544691834E-05
2.713989903972E-05
5.22679813275367E-05
1.05510148456913E-04
1.70699002335798E-04
2.42968402613607E-04
3.49457698294729E-04
4.32456586627531E-04
4.8702150535786E-04
6.0080345804909E-04
8.83579718832653E-04
1.09486425887113E-03
1.27448325802259E-03
1.52846474627661E-03
1.80822907551654E-03
2.29365020348577E-03
2.59775580178583E-03
2.97317011477437E-03
3.37465198822233E-03
3.66109180100476E-03
6.18851486238971E-03
6.67609604557592E-03
7.25555318796921E-03
7.74896790328636E-03
8.4532454311982E-03
7.69168252768143E-03
8.34548915140897E-03
8.7616795293934E-03
9.44665072507205E-03
8.97724895269968E-03
1.55502366383729E-02
1.63916063992434E-02
1.72401426057462E-02
1.80951361536465E-02
1.74394578917382E-02
1.82361731490794E-02
1.90371576762394E-02
1.29403938901756E-02
1.30185248360275E-02
2.33273504492004E-02
2.20327106655041E-02
0.02309072519679
2.39085321142494E-02
2.49967340776441E-02
2.58264128263064E-02
0.026657185586092
2.95578632778297E-02
3.04527658438561E-02
3.13481259531309E-02
3.22437370606873E-02
3.31394070069692E-02
3.40349568902391E-02
3.49302200324213E-02
3.58250410303962E-02
0.036719274885431
3.76127862040505E-02
3.81203939795826E-02
0.038609200474457
3.86762496849049E-02
3.95301071686098E-02
3.95414296805902E-02
4.03750079409588E-02
4.07688428453412E-02
0.043379620391042
4.56034384691712E-02
4.64839350858497E-02
4.73626807503354E-02
4.77572159188182E-02
4.86235223771685E-02
4.94879172862913E-02
4.67902220479321E-02
5.17280436741093E-02
0.052595067172294
5.34599618971433E-02
5.43226845292267E-02
5.46313619393301E-02
4.93164766480056E-02
0.051207675969863
5.08209321527239E-02
0.05039801348826
5.94512312137604E-02
6.02976979739406E-02
6.11417117152699E-02
6.19832438255179E-02
0.062822266830636
6.36587543201387E-02
6.44926808777212E-02
6.53240220167238E-02
6.61527541200866E-02
0.066978854384463
6.78023007681893E-02
6.86230719428302E-02
6.94411472480405E-02
7.02565066495068E-02
7.10691306997454E-02
7.18790005015579E-02
7.26860976739509E-02
7.27555002771478E-02
7.35489839689627E-02
7.20869536272419E-02
7.36098165313324E-02
7.05450324180662E-02
6.66237559108074E-02
6.73007576222003E-02
6.71848514502097E-02
6.78490307084396E-02
6.85107159870682E-02
7.07974219908739E-02
0.072291022543459
7.62849784489895E-02
7.78270780548642E-02
6.41809373369358E-02
7.66882406915141E-02
8.42473471423095E-02
8.49867388901563E-02
8.65978618132117E-02
8.82209448279394E-02
8.89662210951868E-02
8.97084041834797E-02
9.04474819200868E-02
9.11834422613035E-02
9.19162732862713E-02
9.26459631912078E-02
9.33725002840196E-02
9.40958729792758E-02
9.48160697935177E-02
9.55330793408844E-02
9.62468903290346E-02
9.69574915553449E-02
9.76648719033697E-02
9.83690203395431E-02
0.099069925910111
9.97675777382767E-02
9.94573453713328E-02
0.100141546258982
9.98040850383506E-02
9.73991610090766E-02
9.80463223672339E-02
9.34961040743606E-02
0.10455913711621
0.105230375882001
0.105898266096816
0.106562797535143
0.107223960027921
0.107881743461436
0.108536137776298
0.109187132966514
0.109834719078642
0.110478886211017
0.111119624513062
0.111756924184654
7.41779118138713E-02
0.079114818079461
7.27347802629744E-02
0.109700680608063
0.114891503547292
0.115507968395323
0.11612092738455
0.116730371102799
0.117336290185148
0.117938675313793
0.118537517217937
0.119132806673716
0.119724534504152
0.120312691579133
0.120897268815419
0.121478257176676
0.122055647673524
0.122629431363611
0.123199599351709
0.123766142789821
0.124329052877308
0.124888320861037
0.125443938035532
0.125995895743147
0.126544185374252
0.127088798367424
0.127629726209653
0.12816696043656
0.128700492632614
0.129230314431374
0.129756417515719
0.130278793618102
0.1307974345208
0.131312332056171
0.131823478106922
0.132330864606374
0.132834483538736
0.133334326939383
0.133830386895131
0.134322655544527
0.134811125078127
0.135295787738786
0.135776635821947
0.134891125059174
0.133992320548193
0.135824254192258
0.137661730145379
9.80676080599188E-02
9.83926473408738E-02
0.090372833349245
9.62447802275878E-02
0.11474372154502
0.115106399620357
8.73034726344371E-02
7.20357376311984E-02
7.22553344106779E-02
6.67887819863033E-02
6.55622051747415E-02
5.86075910634079E-02
5.73440871599697E-02
5.89461706016947E-02
5.91130321251025E-02
5.92782712066428E-02
4.34940623179114E-02
4.36125887958046E-02
4.81029145240417E-02
4.38460609076425E-02
4.54263695045067E-02
0.047013062335851
4.86060174992976E-02
4.57752499660874E-02
4.44087652147849E-02
4.89694650322381E-02
4.76004458955949E-02
4.77140598224262E-02
4.93209562015914E-02
5.09334980221378E-02
4.95486155993281E-02
4.81555774607992E-02
4.82627133086972E-02
5.44146167073948E-02
6.51357017193644E-02
6.52744139897024E-02
0.063890176474359
5.33518600782421E-02
5.34604742050159E-02
5.66286631375327E-02
0.108880322983777
0.122920469633488
0.123155595496275
0.109506342147115
0.111254366365144
0.150157450498493
0.155078906279926
0.155352181455452
0.10271006879795
9.82083731177704E-02
9.21268170779598E-02
0.154839796843566
0.115925710169854
0.114540455158899
0.114718722601579
0.105450607867052
0.100879887865416
9.94495979107753E-02
0.101173761665929
7.75705843262277E-02
7.60926902147525E-02
0.152391713223139
0.15100449628254
0.143242771196031
0.146612087278525
0.146794360304446
8.62666199560852E-02
8.15707765357209E-02
8.32666544488406E-02
6.09175888903548E-02
6.25897289582457E-02
6.42637195412013E-02
6.43311538370595E-02
5.79572060066734E-02
5.80148492570913E-02
5.80709672398878E-02
6.29693556002453E-02
6.46429151890154E-02
6.30826736741389E-02
6.96124229911429E-02
6.15691264865442E-02
5.67540494117216E-02
5.84210099049455E-02
6.49609933961107E-02
6.66332517046728E-02
0.066679738670205
7.16067572510536E-02
7.16528946190295E-02
7.49561168713243E-02
7.82613146787772E-02
9.13564189609389E-02
9.46700645112889E-02
0.111049279715616
9.63983337866575E-02
8.00963673664109E-02
8.66723132053642E-02
8.50715225641612E-02
7.85573853060837E-02
9.98686375685608E-02
0.131018125329745
0.131057563623719
0.131093576603781
0.131126163664338
0.132794765810585
0.136100347563407
0.136123490291863
0.136143076713125
0.127956750684615
0.129609093622978
0.131258308566971
0.131263473382483
0.131265209420894
0.131263516652998
0.131258395107272
0.131249844869875
0.13123786608464
0.12958217821616
0.127923533140988
0.129541593735965
0.129516224480841
0.13112655301163
0.13109400918884
0.13105803943927
0.132656377422385
0.134250220252725
0.132566200728337
0.127607916280238
0.125920819037143
0.119327911870671
9.14972683091508E-02
0.163308790925809
0.163225329711005
0.163137596881177
0.163045593909981
0.162949322342557
0.162848783795479
0.162743979956684
0.162634912585412
0.162521583512135
0.162403994638486
0.162282147937185
0.162156045451964
0.162025689297483
0.161891081659251
0.13425434657864
0.106662019878018
0.104950152292735
0.112917127717676
0.10958495980405
0.109476114455747
9.97145907413359E-02
8.83637989899503E-02
8.98736673577534E-02
0.131455598066631
0.131307006240022
0.131154954205719
0.13259699870511
0.130840479731416
0.130678062542253
0.127328971362792
0.127163787133981
0.131757564397123
0.13157921644079
0.117149478684711
0.116984266652464
0.116815957215822
0.118220830921735
0.118043977079372
0.117863992646221
0.116111802205917
0.156659525367317
0.156407047964463
0.156150412801406
0.155889624136325
0.155624686294242
0.155355603666848
0.155082380712321
0.154805021955144
0.154523531985919
0.154237915461183
0.153948177103207
0.153654321699812
0.130352900988537
0.143871022480495
0.142055734929091
0.147864692841179
0.147559757304026
8.80469044379757E-02
8.93746587471423E-02
8.76703992908477E-02
8.29538480103688E-02
8.42746407707877E-02
8.25833918705937E-02
6.74139413987779E-02
6.57632125972062E-02
0.061135465601054
5.50396826683818E-02
0.057874781172397
5.92135298684675E-02
6.05433694045137E-02
5.74453115789415E-02
5.28914084164916E-02
5.27549347503441E-02
4.82322707917389E-02
4.81045349177252E-02
4.36140769482535E-02
4.49454176972526E-02
4.91593113995698E-02
4.61386361052626E-02
4.60084186883393E-02
4.58769370578958E-02
4.28851812578282E-02
0.044184871258356
3.69483792078578E-02
3.54206337767812E-02
3.39004806172401E-02
3.23880388300096E-02
3.36910115463909E-02
3.07861341832569E-02
3.20828940251107E-02
3.33697996848115E-02
3.32608670581181E-02
2.76258386052804E-02
2.89101918420719E-02
2.46963806963137E-02
2.32445768160834E-02
2.31641417161563E-02
2.17252287334396E-02
2.30013195470854E-02
2.42671077214358E-02
2.14926149726304E-02
2.00754934237164E-02
2.00010915998073E-02
1.72693059450025E-02
1.72038416713584E-02
1.71378876008848E-02
1.70714447755506E-02
1.56964746867145E-02
0.013028536200939
1.29763032993087E-02
1.42160674579886E-02
1.41577922166413E-02
1.40991088200121E-02
1.53163834781908E-02
1.52514777242942E-02
0.01518612973943
1.51203405450857E-02
2.13266574887919E-02
2.12322104108213E-02
1.98937813427354E-02
1.98037230740006E-02
1.72489480200141E-02
1.96218638830737E-02
2.07506948960014E-02
0.023082257562302
2.05537859277235E-02
2.04544154874024E-02
0.021551756246542
2.14452533379905E-02
1.89672082809645E-02
0.018871400740067
1.87750262645782E-02
1.86780863377308E-02
1.85805824502785E-02
1.84825161005132E-02
1.95328818439305E-02
1.94274959228579E-02
2.04580770455734E-02
1.92149473287549E-02
2.13557629609901E-02
2.23529889430081E-02
2.00029839300728E-02
0.019887658835753
2.52638600101158E-02
2.72988316455143E-02
2.38797623573407E-02
2.26569048027964E-02
2.14464564288226E-02
2.23799440685563E-02
2.32994681138572E-02
1.99953768171119E-02
1.98678494684395E-02
1.87007568860465E-02
2.16751984648412E-02
2.35828315238819E-02
0.015277434334763
1.51742666544147E-02
1.60753131343511E-02
1.49664541609165E-02
1.48618125562657E-02
1.47566828697373E-02
1.46510667327076E-02
1.45449657880916E-02
1.25132641320009E-02
1.14650528864404E-02
1.04307651947836E-02
1.03515479619017E-02
1.02719813662369E-02
8.33896363977088E-03
7.35404010904513E-03
7.29541679238809E-03
7.2365431184569E-03
6.28024253569931E-03
6.22829245743634E-03
6.17612584583523E-03
5.24892305345096E-03
5.20383983867747E-03
6.01833547609119E-03
4.26093674879139E-03
5.91207529984403E-03
5.85862794777716E-03
6.63425179682525E-03
5.75110336707535E-03
5.69702804081223E-03
5.64274531733972E-03
4.78993387449351E-03
4.74305284893661E-03
4.69599664613939E-03
4.64876616217946E-03
4.60136231086254E-03
4.55378602482132E-03
4.50603825669195E-03
4.45811998037389E-03
4.41003219237897E-03
4.36177591327656E-03
4.31335218924155E-03
4.26476209371319E-03
3.51333894097722E-03
4.16708722904858E-03
4.11800475975995E-03
4.06876052290694E-03
3.34946313135075E-03
3.9697917430856E-03
3.92006980124315E-03
3.87019129969861E-03
3.82015765483908E-03
3.76997033518378E-03
3.71963086498357E-03
4.89218777078597E-03
5.42775280816787E-03
4.75695428385815E-03
4.6890455190958E-03
4.62094535800979E-03
4.55265640181303E-03
3.92365870002473E-03
3.86358272672475E-03
4.34668462319026E-03
4.27766902692006E-03
4.20847962060804E-03
5.69128981792622E-03
6.10439012090329E-03
5.99985615318696E-03
5.89508397850959E-03
6.75509335384855E-03
5.68485105732483E-03
5.57940427872499E-03
5.92989289429091E-03
5.81521215648957E-03
6.5772942568662E-03
6.44449769423938E-03
6.31148256460899E-03
6.17826171170192E-03
5.64185889145844E-03
5.51717454643382E-03
5.39233907399027E-03
6.01984910378556E-03
5.8768888839324E-03
6.09217609381436E-03
5.94005763378425E-03
6.12832625729335E-03
5.96712774717178E-03
6.77355843938325E-03
6.58547970554747E-03
6.70209378017077E-03
6.8009051778393E-03
6.88198081300009E-03
6.94540071299302E-03
8.33573217672291E-03
8.05961705412957E-03
7.78404421329262E-03
7.50911367657271E-03
7.46831838217547E-03
7.63532530987567E-03
6.47351599762205E-03
6.00403740661865E-03
5.94986601770169E-03
5.50038068133767E-03
5.0696700127146E-03
4.65774126813887E-03
4.26459061362269E-03
3.7345936162742E-03
0.012223631177728
1.15390602553277E-02
1.08625042451315E-02
1.01947724023659E-02
9.42183996908044E-03
8.56805334715307E-03
7.95531562388013E-03
7.2629532433688E-03
6.09112783581649E-03
5.73096469110133E-03
5.07542469741243E-03
2.93278580449801E-03
2.92009555655659E-03
2.65269955184558E-03
3.37852262456939E-03
2.95341426765712E-03
1.83768617174709E-03
1.59645213499669E-03
1.39002755884771E-03
1.08715442455648E-03
8.467594939835E-04
1.06711868944736E-03
8.28536502011905E-04
6.1402209380022E-04
4.10285947190243E-04
2.90696604303061E-04
1.85807957940445E-04
1.07891625091304E-04
5.67800971076517E-05
2.63542303015041E-05
9.9350753798442E-06
2.88815721038194E-06
4.9177787897737E-07
2.51769015779542E-08
5.23333913156158E-10
5.66493234309414E-13
6.97257447599881E-20
3.28542233994465E-48
0
0
0
0
0
0
0
0
0
0
0
0
0
0
0
0
0
0
0
0
0
0
0
0
0
0
0
0
0
0
0
0
0
0
0
0
0
0
0
0
0
0
0
0
0
0
0
0
0
0
0
0
0
0
0
0
0
0
0
0
0
0
0
0
0
0
0
0
0
0
0
0
0
0
0
0
0
0
0
0
0
0
0
0
0
0
0
0
0
0
0
0
0
0
0
0
0
0
0
0
0
0
0
0
0
0
0
0
0
0
0
0
0
0
0
0
0
0
0
0
0
0
0
0
0
0
0
0
0
0
0
0
0
0
0
0
0
0
0
0
0
0
0
0
0
0
0
0
0
0
0
0
0
0
0
0
0
0
0
0
0
0
0
0
0
0
0
0
0
0
0
0
0
0
0
0
0
0
0
0
0
0
0
0
0
0
0
0
0
0
0
0
0
0
0
0
0
0
0
0
0
0
0
0
0
0
0
0
0
0
0
0
0
0
0
0
0
0
0
0
0
0
0
0
0
0
0
0
0
0
0
0
0
0
0
0
0
0
0
0
0
0
0
0
0
0
0
0
0
0
0
0
0
0
0
0
0
0
0
0
0
0
0
0
0
0
0
0
0
0
0
0
0
0
0
0
0
0
0
0
0
0
0
0
0
0
0
0
0
0
0
0
0
0
0
0
0
0
0
0
0
0
0
0
0
0
0
0
0
0
0
0
0
0
0
0
0
0
0
0
0
0
0
0
0
0
0
0
0
0
0
0
0
0
0
0
0
0
0
0
0
0
0
0
0
0
""
