0
0
0
0
0
0
0
0
0
0
0
0
0
0
0
0
0
0
0
0
0
0
0
0
0
0
0
0
0
0
0
0
0
0
0
0
0
0
0
0
0
0
0
0
0
0
0
0
0
0
0
0
0
0
0
0
0
0
0
0
0
0
0
0
0
0
0
0
0
0
0
0
0
0
0
0
0
0
0
0
0
0
0
0
0
0
0
0
0
0
0
0
0
0
0
0
0
0
0
0
0
0
0
0
0
0
0
0
0
0
0
0
0
0
0
0
0
0
0
0
0
0
0
0
0
0
0
0
0
0
0
0
0
0
0
0
0
0
0
0
0
0
0
0
0
0
0
0
0
0
0
0
0
0
0
0
0
0
0
0
0
0
0
0
0
0
0
0
0
0
0
0
0
0
0
0
0
0
0
0
0
0
0
0
0
0
0
0
0
0
0
0
0
0
0
0
0
0
0
0
0
0
0
0
0
0
0
0
0
0
0
0
0
0
0
0
0
0
0
0
0
0
0
0
0
0
0
0
0
0
0
0
0
0
0
0
0
0
0
0
0
0
0
0
0
0
0
0
0
0
0
0
0
0
0
0
0
0
0
0
0
0
0
0
0
0
0
0
0
0
0
0
0
0
0
0
0
0
0
0
0
0
0
0
0
0
0
0
0
0
0
0
0
0
0
0
0
0
0
0
0
0
0
0
0
0
0
0
0
0
0
0
0
0
0
0
0
0
0
0
0
0
0
0
0
0
0
0
0
0
0
0
0
0
0
0
0
0
0
0
0
0
0
0
0
0
0
0
0
0
0
0
0
0
0
0
0
0
0
0
0
0
0
0
0
0
0
0
0
0
0
0
0
0
0
0
0
0
0
0
0
0
0
0
1.92488771323576E-33
9.62953533934742E-18
1.48370895405496E-12
4.91248749371931E-10
1.48153619907749E-08
1.55621928436907E-07
8.95057374113243E-07
2.94180056993678E-06
7.35893637416258E-06
1.56823947984154E-05
2.82284796390336E-05
4.72513402648612E-05
7.07685648631083E-05
1.09424436843476E-04
1.51209122863366E-04
2.12818840167246E-04
2.49744459488403E-04
3.11776941897797E-04
3.6834617407774E-04
4.68799100063387E-04
6.01126627478847E-04
6.1890762701373E-04
6.63536521642728E-04
8.25419930028935E-04
9.2432602148043E-04
1.05722250764369E-03
1.13037803735485E-03
1.7613103501531E-03
1.95579665903963E-03
1.93849429903192E-03
2.18030914595652E-03
2.18273417556936E-03
2.59865981291627E-03
2.99122921289785E-03
3.10640146772208E-03
3.98609788578563E-03
4.33056239137848E-03
5.82404972466332E-03
7.57921394134489E-03
8.26986108436405E-03
8.98766349061634E-03
9.73196698713425E-03
0.010502112931588
1.12974416977842E-02
1.21172956099861E-02
1.29610213984163E-02
1.38279722397696E-02
1.47175094388306E-02
1.56290038003795E-02
1.65618367343787E-02
1.75154011319803E-02
1.84891020450393E-02
1.94823571975876E-02
2.04945973539685E-02
2.15252665650794E-02
2.25738223113032E-02
2.36397355582139E-02
2.47224907389743E-02
0.025821585675438
2.69365314483348E-02
2.80668522254677E-02
2.92120850556238E-02
3.03717796348029E-02
1.60882040057274E-02
1.57117509640862E-02
1.62879912228352E-02
1.72218326492904E-02
1.85498576527851E-02
1.84288768624711E-02
2.17611946867275E-02
2.60779226000823E-02
2.60765930623036E-02
2.68843343131808E-02
2.50605844515965E-02
2.62555964791257E-02
2.46875222928685E-02
2.29927280478849E-02
2.21543245873096E-02
2.27569006064474E-02
2.54400211486574E-02
2.77025429138306E-02
3.16898988679122E-02
3.19251639322081E-02
4.82057337804881E-02
4.93698813531215E-02
4.93365226312777E-02
5.47937526386684E-02
0.056045090160682
5.73019931241155E-02
6.58025505463084E-02
6.72266673499648E-02
6.86564075990477E-02
7.00915715173225E-02
7.15319641357149E-02
7.29773951324625E-02
7.44276786789724E-02
7.58826332912116E-02
7.73420816864479E-02
7.88058506451633E-02
8.02737708779687E-02
0.081745676897346
8.32214068940501E-02
8.47008026180046E-02
8.61837092635315E-02
8.76699753587623E-02
8.91594526590652E-02
9.06519960443593E-02
9.21474634201539E-02
9.36457156221881E-02
9.51466163245246E-02
9.66500319509781E-02
0.098155831589743
9.96638869111068E-02
0.101174072088127
0.102686263720164
0.10420034075915
9.19730804615014E-02
9.43656368200476E-02
0.08917722027351
9.15267231758623E-02
0.107323129256754
0.108785181004354
0.114841965729199
0.116367028272996
0.117892981722296
0.11941972503352
8.95008975552851E-02
8.57326298475632E-02
9.42428187245626E-02
9.66601284651375E-02
0.108002588678522
9.51575777472101E-02
6.11568234621628E-02
0.068458270093062
9.72214651017846E-02
0.109114714630943
0.11035337923723
0.111591798398602
0.122580638013608
0.125333573889918
0.126693061655368
0.107908982809586
0.122140057039785
0.121952096028725
0.109856542541759
7.19896359869911E-02
3.78752564529472E-02
3.82556417679056E-02
4.01811696949704E-02
4.05761550721074E-02
8.82448116213435E-02
8.90940673951263E-02
8.67302916626866E-02
0.082683882774924
8.34550279740451E-02
7.59679575211186E-02
7.83285396653705E-02
7.56735509137468E-02
6.95641291242425E-02
7.01804741253423E-02
7.25227549039423E-02
7.48942007512507E-02
9.31050095188386E-02
9.38974363302943E-02
0.101835023170113
9.54787867116867E-02
9.26349070023257E-02
9.70552605573265E-02
9.59955251289294E-02
0.096765736207424
0.151928948387827
0.151234136109754
0.152412881042056
0.153589473982728
0.152829323784253
0.153986832911107
0.155142091547923
0.152338221773681
0.153459726844528
0.164616511861986
0.137497555553834
0.152737221095458
0.182533496133589
0.134247621165972
0.124783522360776
0.121456045002013
0.128611219456768
0.148586033110219
0.151719912750897
0.157030874744535
0.110429292033627
0.108970840550394
0.118449925855974
0.123624524258336
0.15551251102052
0.134135774031552
0.14397101780396
7.46941675941234E-02
7.51519961232098E-02
7.10261925448367E-02
7.60637478876846E-02
7.65176432762057E-02
7.93026302597816E-02
7.97675074482252E-02
8.02309773577712E-02
9.25596476452339E-02
9.54748707113197E-02
9.36146887713721E-02
9.41397016286416E-02
9.22357651579766E-02
9.27440033650027E-02
8.83426386240174E-02
0.086353684971836
8.68171205760289E-02
8.72789699727332E-02
0.150410091399472
0.151196327190554
0.157045769053217
0.160398438115366
0.212394548070429
0.213466573348052
0.248136431610825
0.246769559610759
0.240151787710133
0.22033769223773
0.221402218870357
0.230407666276033
0.188926545362122
0.181795293228145
0.179957474070349
0.132219330557629
0.135536178425392
0.136152088404932
0.125824165900861
0.148366177225315
0.15730192997153
0.17185105295895
8.07315358895195E-02
8.66712672231391E-02
8.70416343228627E-02
7.61315687047846E-02
9.91034184707348E-02
0.184815142462977
0.171302300998198
0.177736102840014
0.26768455432158
0.26297995957383
0.264026891563437
0.270894351355483
0.277802191784987
0.196683019313983
0.191544844628377
0.221854668357441
0.219722473300431
0.22650466836911
0.227343958870018
0.228178768921845
0.232022354914295
0.257052150581026
0.245830851631753
0.246701260966882
0.247566785138588
0.248427402656527
0.249283092195088
0.247045760585396
0.257176630082133
0.264255956561672
0.265132996673712
0.266004756124431
0.270010874893954
0.261432763132959
0.259108556457086
0.316986544373553
0.317980708094619
0.27750260498899
0.281555938917198
0.282413948661089
0.273609492969215
0.277655855268712
0.2752395982422
0.250065536739002
0.250791355192771
0.244979350166631
0.278433343579083
0.285787652258677
0.240467734859561
0.241131791511714
0.251727604782198
0.252408817001549
0.299705847250341
0.333889408926121
0.33476557951722
0.335634988002296
0.336497613851735
0.337353436721782
0.338202436454203
0.339044593075953
0.339879886798861
0.340708298019317
0.341529807317977
0.342344395459467
0.343152043392108
0.343952732247637
0.34474644334095
0.328256500261349
0.328997215494022
0.329731249641639
0.344372631358447
0.331179206625741
0.331893095866186
0.332600236829093
0.333300613147489
0.263679638389324
0.264221847823467
0.211806943039552
0.215769296736658
0.244550863517491
0.223722893408688
0.213481578060793
0.192500444364896
0.142861884421266
0.178909917348828
0.168484500231758
0.16519895916459
0.305805652514174
0.345990908895597
0.350204609764891
0.300175137161255
0.318798055282946
0.319331621837392
0.32712817935331
0.364067239251682
0.364651282784203
0.328705084940409
0.329217294840065
0.329722772574723
0.201802031856692
0.330713485830018
0.353278612150907
0.35010364236219
0.361673119195208
0.369570702685147
0.370079636451588
0.370580993059755
0.371074761187157
0.371560929688745
0.372039487596861
0.372510424121181
0.197676076183798
0.235260516168442
0.239281536094235
0.220847470599197
0.273567807134671
0.262622788597674
0.262914898314612
0.248161524696448
0.248426770607759
0.244918937959805
0.233854579663081
0.241640645551147
0.238098713516906
0.276157298570754
0.378653110664208
0.379000782109325
0.379340675828993
0.379672784218597
0.379997099850254
0.380313615472791
0.380622324011732
0.380923218569278
0.381216292424297
0.381501539032302
0.381778952025447
0.382048525212507
0.382310252578869
0.382564128286521
0.382810146674042
0.383048302256591
0.3832785897259
0.383501003950262
0.383715539974527
0.383922193020093
0.384120958484897
0.384311831943413
0.384494809146644
0.384669886022113
0.384837058673866
0.384996323382459
0.385147676604959
0.385291114974937
0.385426635302467
0.385554234574121
0.258401519668486
0.335633523137346
0.355018320281595
0.355106537649824
0.355187456220462
0.366845674440874
0.351465135700321
0.2858542798513
0.30134970110856
0.324570987261416
0.324604855428608
0.320767383821968
0.320787662071087
0.332396575589568
0.332403921566412
0.332404434612108
0.36718396392965
0.371034376204182
0.363282649068335
0.359388939959058
0.336168516725794
0.336127566565682
0.355394632864378
0.382373207116962
0.382303025746143
0.386085844737388
0.385999081295525
0.385904384073256
0.385801755175056
0.385691196881887
0.385572711651196
0.385446302116921
0.385311971089491
0.385169721555832
0.385019556679364
0.384861479800011
0.377001584545516
0.372985956146623
0.372809618795723
0.353418115211563
0.334038713813169
0.337697426650425
0.337509676402232
0.337314992696558
0.344775047594938
0.348390234772068
0.344341416460416
0.363231433812465
0.362983912578134
0.38181993365325
0.38154369755633
0.381259626903556
0.380967728036253
0.380668007472379
0.201591050110466
0.197623466669202
0.315169246247492
0.29592501493878
0.295660809365324
0.291603478109223
0.340516386566566
0.34397044712984
0.343633935160457
0.29424889166077
0.301485512229977
0.293641828023375
0.289568627804579
0.338089240813747
0.352724254218746
0.352325847372341
0.348176385604056
0.344028494037143
0.343617383443964
0.354390510242505
0.357677265426511
0.357226265954668
0.353051615617561
0.348879358070923
0.344709731856663
0.351647637478398
0.351165230660706
0.350675634816297
0.346492767739673
0.338632554579175
0.338137598608165
0.337635724488154
0.340791366891796
0.310999540584107
0.314169879011562
0.313674975791362
0.316815214480767
0.319937244929139
0.362967253710799
0.362362040516723
0.361749425260497
0.361129421907564
0.360502044602021
0.359867307666725
0.359225225603407
0.358575813092781
0.357919084994665
0.357255056348103
0.356583742371494
0.291842229939432
0.294832035765416
0.297802044404331
0.29721379280669
0.300150672090515
0.299543180227522
0.309480046803086
0.312348031321066
0.315195009052311
0.297052378115869
0.292927310981587
0.28185205811254
0.281232767328548
0.266750589828141
0.262694526018881
0.265546072716422
0.264935723241811
0.274618180511081
0.273972897229201
0.263072482272752
0.262440719459426
0.217603025398949
0.22046080273574
0.27404676414797
0.178865123485652
0.181778345387014
0.184670727987574
0.174146215734837
0.190392204990188
0.179895336098323
0.17609296994268
0.135855779394206
0.135485955903023
0.135113401855845
0.128165534600629
0.114697678468506
0.120908280017047
0.117303856319591
0.116964866016342
0.323954238558583
0.229329692546559
0.264071499299043
0.266488765776656
0.291288047403032
0.287204667346493
0.286316505769734
0.288593979051862
0.284523021672352
0.226894194183485
0.248153748306912
0.281790221319953
0.296471802573339
0.295492466019299
0.294507247982039
0.296605816602471
0.307915015283974
0.306859524317417
0.305797945489608
0.304730305097992
0.303656629643262
0.302576945830223
0.30149128056867
0.300399660974306
0.299302114369676
0.298198668285128
0.297089350459805
0.295974188842664
0.294853211593518
0.293726447084117
0.29259392389925
0.291455670837882
0.290311716914326
0.268920744964277
0.267846345968325
0.26963518676711
0.268538711660329
0.26743701718735
0.257830234035658
0.259575146439094
0.252862567426001
0.204228076506908
0.206138225716049
0.196925943841696
0.102175671406413
0.181457191576486
0.186125889192994
0.171667886169479
0.146479140301178
0.137710940967123
0.137077850130212
0.133766818427408
0.205037218679667
0.201419401391734
0.216286438077968
0.215247866970222
0.216817507279946
0.233954572220969
0.139680866236502
0.25738218615394
0.256091306405287
0.254795667508633
9.63282161586381E-02
0.100876102964413
0.102861029380871
9.98264995554504E-02
0.109228839722873
0.116054251532232
0.115430127547652
0.129459724473605
0.126321947952263
0.128040384191357
0.192192074287819
7.16670747911489E-02
7.83869260610955E-02
7.55768971824258E-02
7.51408902328621E-02
7.47035568233812E-02
7.65856885040827E-02
7.15179330730356E-02
6.87972463767195E-02
0.068382395984894
0.183509184128357
0.182382744678118
0.17901549199698
0.177896831765174
0.192242986655262
0.180041775216965
0.178885997235723
0.177727241977355
0.1744123081592
0.175400948307759
0.2124798598053
0.211052676577583
0.209622092642936
0.208188155245766
0.206750912052933
0.192991786491171
0.19163469903645
0.190274641004413
0.180872864864768
0.177569959096827
0.168351642248049
0.167111481991773
0.18343143370893
0.178181042434048
0.176830867730589
0.17547816173986
0.174122973545832
0.176521121259953
0.182583959083245
0.182981069404042
0.18151262368678
0.18186038294521
0.180372314983671
0.178881937957242
0.177389309787903
0.175894489022679
0.174397534846846
0.172898507097569
0.171397466277955
0.169894473571546
0.168389590857282
0.166882880724928
0.165374406490996
0.163864232215169
0.133128986628153
0.130279625311714
0.129052570604921
0.130980509575899
0.131283731461188
0.130007783683528
0.153250956282256
0.121383666285148
0.11115327054282
0.110025899001235
0.114784200313744
0.106312782363778
0.100875512218763
0.102658382032781
0.107200782135408
0.101853744151399
0.102117938804768
9.14337976471859E-02
9.58068173299933E-02
6.53707882138136E-02
0.101547766985666
0.102976974159377
9.91921769723845E-02
0.104379056200898
9.05488263420038E-02
8.07516326262465E-02
0.122704691223601
0.121176583901748
0.119649054860831
0.118122201558185
0.11659612309157
0.11161879263944
0.11014029468093
0.109783082238972
0.108291567680182
5.34006619246307E-02
3.86862092632244E-02
4.44964635248656E-02
5.22139309601205E-02
5.24858911532483E-02
5.07005148191485E-02
5.39408890838916E-02
3.73852178415647E-02
3.58441221158034E-02
3.91026117582692E-02
3.84870841619362E-02
3.78726341555313E-02
3.72593174611055E-02
3.30718552555773E-02
3.25205748979311E-02
3.11064076703933E-02
2.97231435414545E-02
5.67414674699098E-02
4.83605559784249E-02
5.39313508697127E-02
3.24006699625166E-02
3.25758809226574E-02
4.26168473270915E-02
7.01671200924678E-02
6.66073371348974E-02
6.45738340761626E-02
6.25737135152745E-02
5.99182762088994E-02
5.46272217542094E-02
5.34729926476112E-02
5.16774905790614E-02
5.11787908244231E-02
6.17767421673654E-02
5.85649455086842E-02
5.83925649883784E-02
0.057595442769031
5.62156316480666E-02
5.48431992835963E-02
5.34783959427683E-02
5.21214786154736E-02
5.07727112465587E-02
4.94323649753494E-02
4.81007183824819E-02
4.67780577441294E-02
4.54646772932845E-02
4.41608794881145E-02
4.28669752872131E-02
4.15832844312621E-02
4.03101357308134E-02
0.039047867359636
3.77968271529289E-02
3.65573729096106E-02
3.17968854278812E-02
2.14922642515543E-02
2.17220914865548E-02
1.80820743271137E-02
1.68009325740816E-02
1.49865142112681E-02
0.014401323408112
1.35526498595058E-02
1.27341273842338E-02
0.01169665921687
1.88030020105134E-02
1.81862347476573E-02
1.69116462235197E-02
1.63120845101394E-02
1.45285424592144E-02
1.15549545054757E-02
1.07728130276312E-02
1.23607552512699E-02
0.012771868371861
1.21794606574507E-02
1.14473036827926E-02
1.11262818218744E-02
0.010406115465731
9.82034733961897E-03
9.77035859639613E-03
9.0583065018433E-03
8.46091590581223E-03
7.87337901792617E-03
7.37392193219323E-03
3.93404985976318E-03
3.88572037704288E-03
3.69354972246023E-03
3.80792209486698E-03
3.59799598682254E-03
3.4973909138607E-03
1.58929921665831E-03
1.48495809339827E-03
1.47037202014064E-03
1.31970103166161E-03
1.21481463974207E-03
1.18095246471607E-03
1.13633128620909E-03
8.54036296686492E-04
8.14612495212647E-04
1.1949097730803E-03
1.18498386209357E-03
1.00805181435315E-03
8.59626218243503E-04
6.96524097268557E-04
6.13161339238913E-04
7.43566199302831E-04
5.69273451053287E-04
4.02561597141999E-04
3.00234948148475E-04
2.13247462880728E-04
1.28279143946677E-04
6.04009274518577E-05
4.3096664504682E-05
2.1209394952317E-05
8.60534665794835E-06
2.69946313823648E-06
5.70378950594002E-07
5.56500545289001E-08
2.23005363989148E-09
1.03318918857347E-11
2.86793589943895E-16
1.04477321452663E-28
2.66093298475236E-280
0
0
0
0
0
0
0
0
0
0
0
0
0
0
0
0
0
0
0
0
0
0
0
0
0
0
0
0
0
0
0
0
0
0
0
0
0
0
0
0
0
0
0
0
0
0
0
0
0
0
0
0
0
0
0
0
0
0
0
0
0
0
0
0
0
0
0
0
0
0
0
0
0
0
0
0
0
0
0
0
0
0
0
0
0
0
0
0
0
0
0
0
0
0
0
0
0
0
0
0
0
0
0
0
0
0
0
0
0
0
0
0
0
0
0
0
0
0
0
0
0
0
0
0
0
0
0
0
0
0
0
0
0
0
0
0
0
0
0
0
0
0
0
0
0
0
0
0
0
0
0
0
0
0
0
0
0
0
0
0
0
0
0
0
0
0
0
0
0
0
0
0
0
0
0
0
0
0
0
0
0
0
0
0
0
0
0
0
0
0
0
0
0
0
0
0
0
0
0
0
0
0
0
0
0
0
0
0
0
0
0
0
0
0
0
0
0
0
0
0
0
0
0
0
0
0
0
0
0
0
0
0
0
0
0
0
0
0
0
0
0
""
