0
0
0
0
0
0
0
0
0
0
0
0
0
0
0
0
0
0
0
0
0
0
0
0
0
0
0
0
0
0
0
0
0
0
0
0
0
0
0
0
0
0
0
0
0
0
0
0
0
0
0
0
0
0
0
0
0
0
0
0
0
0
0
0
0
0
0
0
0
0
0
0
0
0
0
0
0
0
0
0
0
0
0
0
0
0
0
0
0
0
0
0
0
0
0
0
0
0
0
0
0
0
0
0
0
0
0
0
0
0
0
0
0
0
0
0
0
0
0
0
0
0
0
0
0
0
0
0
0
0
0
0
0
0
0
0
0
0
0
0
0
0
0
0
0
0
0
0
0
0
0
0
0
0
0
0
0
0
0
0
0
0
0
0
0
0
0
0
0
0
0
0
0
0
0
0
0
0
0
0
0
0
0
0
0
0
0
0
0
0
0
0
0
0
0
0
0
0
0
0
0
0
0
0
0
0
0
0
0
0
0
0
0
0
0
0
0
0
0
0
0
0
0
0
0
0
0
0
0
0
0
0
0
0
0
0
0
0
0
0
0
0
0
0
0
0
0
0
0
0
0
0
0
0
0
0
0
0
0
0
0
0
0
0
0
0
0
0
0
0
0
0
0
0
0
0
0
0
0
0
0
0
0
0
0
0
0
0
0
0
0
0
0
0
0
0
0
0
0
0
0
0
0
0
0
0
0
0
0
0
0
0
0
0
0
0
0
0
0
0
0
0
0
0
0
0
0
0
0
0
0
0
0
0
0
0
0
0
0
0
0
0
0
0
0
0
0
0
0
0
0
0
0
0
0
0
0
0
0
0
0
0
0
0
0
0
0
0
0
0
0
0
0
0
0
0
0
0
0
0
0
0
0
0
0
0
0
0
0
0
0
0
0
0
0
0
0
0
0
0
0
0
0
0
0
0
0
0
0
0
0
0
0
0
0
0
0
0
0
0
0
0
0
0
0
0
0
0
0
0
0
0
0
0
0
0
0
0
0
0
0
0
0
0
0
0
0
0
0
0
0
0
0
0
0
0
0
0
0
0
0
0
0
0
0
0
0
0
0
0
0
0
0
0
0
0
0
0
0
0
0
0
0
0
0
0
0
0
0
0
0
0
0
0
0
0
0
4.10047426588063E-198
1.06337581491582E-25
1.81335312177173E-14
2.27599232940769E-10
2.89557855293741E-08
5.44989189995276E-07
3.99891175142012E-06
1.71739361639888E-05
3.35130584185407E-05
8.87977208914457E-05
1.82281350010422E-04
2.45611636924596E-04
4.50583156418347E-04
5.7745919843575E-04
8.84448538196425E-04
1.19554979071793E-03
1.55806883142124E-03
1.93227969575384E-03
4.11110602714975E-03
4.96254983422634E-03
5.74920229984979E-03
6.78840067097848E-03
7.81752660786122E-03
8.7956230127216E-03
9.79376785030439E-03
1.09341694623281E-02
1.19674928334777E-02
1.36302236079085E-02
1.48933780637825E-02
1.32049142720307E-02
1.42724022565648E-02
1.42730269728583E-02
9.03502298227126E-03
9.14708166627936E-03
9.20097958647416E-03
9.47388186739043E-03
9.71758703237804E-03
9.93126633486461E-03
0.013050617654054
1.40300708972593E-02
0.014325292789594
0.013466135468416
0.0124789322996
1.25811715160699E-02
1.30721789355776E-02
1.35617404571027E-02
1.40496356959606E-02
0.014535668683531
1.45351601183195E-02
0.016001519352231
1.64964662192488E-02
3.82249964465138E-02
4.09656409653249E-02
0.038177174181522
2.99812018198701E-02
0.024847363705157
2.54752695975688E-02
2.73420532975992E-02
2.73553635354016E-02
2.92876039262114E-02
4.72435754369257E-02
4.82708327071235E-02
0.052762254689154
5.73892985067292E-02
4.84195240045307E-02
4.34681737016628E-02
4.87966304856599E-02
5.04626371613604E-02
5.21496335262026E-02
7.04897284831321E-02
0.070891529929121
7.37146209859486E-02
0.046615350216284
7.44200775122125E-02
7.64375463378955E-02
8.19600766243718E-02
8.31790659597111E-02
5.83539538482865E-02
7.83051055574636E-02
7.93950406628417E-02
7.95408383612548E-02
7.68085903434302E-02
7.87722757661978E-02
7.97798470033348E-02
9.45712360410232E-02
9.47353516353516E-02
5.95438033438498E-02
6.12675518018345E-02
6.81741249881598E-02
6.68584809875346E-02
6.86590957922271E-02
7.36803954368555E-02
6.90738146456065E-02
7.52537366153296E-02
7.49291196625298E-02
8.90458946058052E-02
8.88085543148892E-02
8.51366227740186E-02
8.71007343711498E-02
0.086766099583278
5.60454001894603E-02
6.48040937008252E-02
0.112937233308159
0.110334046552451
0.108870034552459
0.111016831940149
0.120557435184527
0.121549949109373
0.123784515225998
0.12351012342929
0.101614575256204
9.98379263664089E-02
9.93054675710688E-02
0.100046598318028
0.109943313149607
0.113374591198306
0.114181123775399
0.114980635048124
0.106349754650253
0.119269362868855
0.130981165559134
0.131842571483609
0.131314023044214
0.132151238478134
0.132980882061301
0.139436787158311
6.37662070435548E-02
6.27229802882253E-02
6.16593768057071E-02
6.05756422948233E-02
5.07687986801719E-02
0.04522028690797
4.84051553054355E-02
5.45694194625316E-02
5.63463236163801E-02
4.47200857804725E-02
4.64523830722752E-02
4.97039896352471E-02
5.14699583756695E-02
5.17271425476896E-02
5.65683525290065E-02
5.68425823527234E-02
0.057113997515779
5.58317225340149E-02
5.45322764095086E-02
5.47810646694961E-02
0.042449562833604
4.10582494777313E-02
4.12371866781002E-02
6.05284049015413E-02
5.11867175899405E-02
4.81872676836838E-02
5.32232208301213E-02
5.34379854540658E-02
5.85275912924229E-02
5.87565208450635E-02
6.06211870470908E-02
6.08509833730481E-02
5.77765234506384E-02
5.63318962850753E-02
5.65355149760083E-02
5.50679005341588E-02
8.20537119852987E-02
7.89756616021751E-02
7.92432861943445E-02
8.62740506326947E-02
0.132381238126306
0.112376178289278
0.114440699837682
0.113084252667564
0.104837790241968
0.105153862239599
0.100278656669567
0.152590064767028
0.156504674198749
0.158688608421869
0.124154020577708
8.24094627803531E-02
8.08709834892903E-02
8.28452234286437E-02
8.30579903446261E-02
0.086810642887155
8.70253642721813E-02
0.078334851576032
7.85212954655372E-02
8.04932985311703E-02
7.70918098559114E-02
7.00772824368111E-02
7.02312713833284E-02
7.03824469610018E-02
7.23392928570993E-02
7.24885778723072E-02
6.90032323663764E-02
7.45979674337114E-02
7.65651066716406E-02
7.67097615914978E-02
7.31918057121487E-02
7.14907245292198E-02
7.16166358067124E-02
7.17397453847929E-02
7.18600542097977E-02
7.38231417358867E-02
7.57893128608353E-02
5.55416808478955E-02
5.56256151400898E-02
5.75643115266721E-02
0.061365733833423
6.33131149718139E-02
6.52631538298032E-02
0.065348535063142
7.29092850726257E-02
6.73835433187578E-02
7.30856002193213E-02
7.31695705003603E-02
8.45200961189068E-02
0.157939684290537
0.159984686431264
0.158259335160855
0.158410149771367
0.143454486155727
0.156804550400601
0.158826560989832
0.179768677071628
0.179905287916823
0.181930217050908
0.182054547459872
0.170786268480525
0.157598527711485
0.157688235023626
0.155871146826473
0.146439032784852
0.146505758432736
0.146566985907577
0.133293377760598
0.104766391154582
0.106703769027531
0.106732305572313
0.104850472192759
0.167793034643925
0.164004963135855
0.171653264846767
0.169759593319996
0.190749244366604
0.190750234702131
0.185021764488558
0.164028489318464
0.158289613679868
0.160173565590104
0.160144417560024
0.160109273216685
0.175312716411912
0.182881136939679
5.90357579703281E-02
6.09176108756079E-02
6.85043996714624E-02
7.79841827686752E-02
8.93533486414906E-02
9.50072751786944E-02
0.108247817136919
0.176509544786745
9.48374123632122E-02
9.47736481425285E-02
9.09180592375933E-02
9.27426946204258E-02
9.45609206440272E-02
0.109600123619694
0.120833581898947
0.128269803757771
0.114957249435537
0.141202349568081
9.02774110537616E-02
0.088303095650836
9.19596523325686E-02
9.74789073688758E-02
0.101109037173047
8.97654335496384E-02
8.96527306935004E-02
8.76712447697305E-02
0.10431984722624
0.10417632680582
0.109601764297186
0.120571802793153
0.124095584420225
9.43154868221643E-02
9.23200949671706E-02
9.03270295037857E-02
6.80927223359216E-02
7.89999061960842E-02
0.080695936778215
8.23823166996946E-02
8.58861950515807E-02
8.39013157201527E-02
9.28427206409116E-02
9.62945018409482E-02
9.97280508094588E-02
9.77143583309433E-02
0.095704270955971
9.00942337724378E-02
0.10787737569864
0.078934050100045
8.23346136566832E-02
0.121430176354965
0.124706441312157
7.46437008275081E-02
0.156012471169444
0.160927548725932
0.151697787256603
0.151303963731322
0.150903900934404
0.169747286835675
0.171027138572303
0.163588672904024
0.159653342259473
0.157461575231142
0.163899573207068
0.144488182320215
0.140618778023995
0.140183576731905
0.112475572587456
0.112115629684294
0.115137239630919
0.113068823683553
0.141281333217203
0.162588817047593
0.162024194018225
0.16311688214756
0.114435787974727
0.115671326739658
7.40849139269385E-02
7.38063572621484E-02
0.073524464192403
0.146478460300754
0.145901300858901
0.143702802133948
0.143118792492124
0.140926696457145
0.140336094397217
0.123859478939995
0.124905374064564
0.124357388388964
0.12380345349163
0.124803603652342
0.122677692654066
0.132925349416885
0.153832913428017
0.15309386419449
0.152347196370948
0.151592893793662
0.150830939840143
0.150061317418406
0.149284008956096
0.148498996389467
0.147706261152225
0.146905784164256
0.146097545820229
0.145281525978103
0.144457703947533
0.143626058478212
0.142786567748137
0.141939209351845
0.141083960288619
0.140220796950691
0.139349695111478
0.13847062991386
0.137583575858549
0.136688506792571
0.135785395897905
0.134874215680314
0.133954937958434
0.133027533853137
0.132091973777269
0.131148227425779
0.130196263766353
0.129236051030593
0.128267556705843
0.127290747527751
0.126305589473669
0.125312047757
0.124310086822608
0.12329967034345
0.122280761218545
0.121253321572471
0.12021731275655
0.119172695351934
0.118119429174792
0.117057473283845
0.1125071824108
0.112609178374524
0.113819046787333
0.111594688818589
0.100454277320218
9.94507821019289E-02
0.096251652695673
0.097419460071559
0.103888669859451
0.105950461645079
0.104790017162656
0.10362033991757
0.102441381487515
0.101253093251689
0.100055426485468
9.58828824928039E-02
6.44369633130658E-02
8.09807615626882E-02
7.99428019498244E-02
8.35929977825308E-02
7.87693000635137E-02
7.76943360086975E-02
7.75123859819316E-02
7.55194929888219E-02
0.075295066419425
7.67611325812359E-02
7.55918009439087E-02
7.44136133019479E-02
8.22770137407357E-02
8.09332175145265E-02
7.95793898859387E-02
7.82155127648737E-02
7.68415735176338E-02
7.54575656847659E-02
7.40634897759654E-02
7.12061670672774E-02
6.48331101516161E-02
6.28388841454557E-02
6.22319984779983E-02
6.09178697300599E-02
4.78067906414182E-02
2.62502551102878E-02
2.18930550263663E-02
2.13740068157384E-02
2.20431813965503E-02
2.09068102758501E-02
1.69691102477763E-02
1.59627796901054E-02
1.49844311853622E-02
1.40344008180117E-02
1.26086766870072E-02
1.31982840049585E-02
1.51434133713113E-02
1.46422680581881E-02
1.45809968027394E-02
1.44863908263247E-02
1.39482807194457E-02
0.014197529364202
1.70314103817607E-02
1.59523398361511E-02
1.31715167721902E-02
0.012896714588539
0.012275839823004
1.22538500673414E-02
1.18872450653409E-02
1.09572348197829E-02
1.03137624950774E-02
1.48660738412373E-02
0.014774704818351
1.68287941733091E-02
1.55910180590097E-02
1.41967051115315E-02
1.30140967901597E-02
1.22955440973741E-02
1.05948941982499E-02
8.56072072442586E-03
5.18501507969874E-03
4.56905732724982E-03
3.89987084893711E-03
3.56404925371588E-03
2.66485417898591E-03
2.12074813366663E-03
1.73072988679177E-03
1.28272949634189E-03
8.68977024492393E-04
6.49890216255199E-04
4.65890150644604E-04
3.34994195681362E-04
2.01702438158777E-04
1.14506034899905E-04
7.2098998915371E-05
3.2314206432912E-05
1.14021243568015E-05
3.16089911107649E-06
5.11784885308707E-07
3.73259475244648E-08
1.09827511241465E-09
5.28501340936676E-13
5.26906265475659E-21
2.37821434933883E-67
0
0
0
0
0
0
0
0
0
0
0
0
0
0
0
0
0
0
0
0
0
0
0
0
0
0
0
0
0
0
0
0
0
0
0
0
0
0
0
0
0
0
0
0
0
0
0
0
0
0
0
0
0
0
0
0
0
0
0
0
0
0
0
0
0
0
0
0
0
0
0
0
0
0
0
0
0
0
0
0
0
0
0
0
0
0
0
0
0
0
0
0
0
0
0
0
0
0
0
0
0
0
0
0
0
0
0
0
0
0
0
0
0
0
0
0
0
0
0
0
0
0
0
0
0
0
0
0
0
0
0
0
0
0
0
0
0
0
0
0
0
0
0
0
0
0
0
0
0
0
0
0
0
0
0
0
0
0
0
0
0
0
0
0
0
0
0
0
0
0
0
0
0
0
0
0
0
0
0
0
0
0
0
0
0
0
0
0
0
0
0
0
0
0
0
0
0
0
0
0
0
0
0
0
0
0
0
0
0
0
0
0
0
0
0
0
0
0
0
0
0
0
0
0
0
0
0
0
0
0
0
0
0
0
0
0
0
0
0
0
0
0
0
0
0
0
0
0
0
0
0
0
0
0
0
0
0
0
0
0
0
0
0
0
0
0
0
0
0
0
0
0
0
0
0
0
0
0
0
0
0
0
0
0
0
0
0
0
0
0
0
0
0
0
0
0
0
0
0
0
0
0
0
0
0
0
0
0
0
0
0
0
0
0
0
0
0
0
0
0
0
0
0
0
0
0
0
0
0
0
0
0
0
0
0
0
0
0
0
0
0
0
0
0
0
0
0
0
0
0
0
0
0
0
0
0
0
0
0
0
0
0
0
0
0
0
0
0
0
0
0
0
0
0
0
0
0
0
0
0
0
0
0
0
0
0
0
0
0
0
0
0
0
0
0
0
0
0
0
0
0
0
0
0
0
0
0
0
0
0
0
0
0
0
0
0
0
0
0
0
0
0
0
0
0
0
0
0
0
0
0
0
0
0
0
0
0
0
0
0
0
0
0
0
0
0
0
0
0
0
0
0
0
0
0
0
0
""
