0
0
0
0
0
0
0
0
0
0
0
0
0
0
0
0
0
0
0
0
0
0
0
0
0
0
0
0
0
0
0
0
0
0
0
0
0
0
0
0
0
0
0
0
0
0
0
0
0
0
0
0
0
0
0
0
0
0
0
0
0
0
0
0
0
0
0
0
0
0
0
0
0
0
0
0
0
0
0
0
0
0
0
0
0
0
0
0
0
0
0
0
0
0
0
0
0
0
0
0
0
0
0
0
0
0
0
0
0
0
0
0
0
0
0
0
0
0
0
0
0
0
0
0
0
0
0
0
0
0
0
0
0
0
0
0
0
0
0
0
0
0
0
0
0
0
0
0
0
0
0
0
0
0
0
0
0
0
0
0
0
0
0
0
0
0
0
0
0
0
0
0
0
0
0
0
0
0
0
0
0
0
0
0
0
0
0
0
0
0
0
0
0
0
0
0
0
0
0
0
0
0
0
0
0
0
0
0
0
0
0
0
0
0
0
0
0
0
0
0
0
0
0
0
0
0
0
0
0
0
0
0
0
0
0
0
0
0
0
0
0
0
0
0
0
0
0
0
0
0
0
0
0
0
0
0
0
0
0
0
0
0
0
0
0
0
0
0
0
0
0
0
0
0
0
0
0
0
0
0
0
0
0
0
0
0
0
0
0
0
0
0
0
0
0
0
0
0
0
0
0
0
0
0
0
0
0
0
0
0
0
0
0
0
0
0
0
0
0
0
0
0
0
0
0
0
0
0
0
0
0
0
0
0
0
0
0
0
0
0
0
0
0
0
0
0
0
0
0
0
0
0
0
0
0
0
0
0
0
0
0
0
0
0
0
0
0
0
0
0
0
0
0
0
0
0
0
0
0
0
0
0
0
0
0
0
0
0
0
0
0
0
0
8.39412349027448E-43
3.21117738812169E-18
2.66408632270045E-12
1.06166919377323E-09
3.53904738994084E-08
3.74057718524885E-07
1.94786886004434E-06
6.39811593347779E-06
1.60505537355198E-05
3.34367671563129E-05
6.16622716523528E-05
1.00583913095853E-04
1.52065795658067E-04
2.19243306080214E-04
3.01513648822064E-04
3.99089864326666E-04
5.48457584979052E-04
6.9292900308011E-04
8.56291324702356E-04
1.08309763475313E-03
6.19570518777493E-04
7.21387295325356E-04
1.34190692994219E-03
1.46716468355667E-03
1.58655207529035E-03
1.79981499127036E-03
1.99822981420787E-03
2.23499627562027E-03
2.48458013247508E-03
2.82103591111812E-03
2.98118396501166E-03
3.83080319218019E-03
4.16968471920241E-03
4.4710897990961E-03
4.77814213135147E-03
2.63102476402569E-03
2.6127047431391E-03
2.89693914215135E-03
2.78965117092332E-03
2.72645754677811E-03
2.86897112004342E-03
2.93367558499858E-03
3.07522255254835E-03
3.30499553157667E-03
2.99853067513184E-03
3.12790418354469E-03
3.15944916664688E-03
3.18388967570931E-03
3.30779946355065E-03
3.10022726425459E-03
3.32810226646798E-03
3.0893455806866E-03
3.31823358978212E-03
3.55573470079032E-03
3.80186291341742E-03
3.78618748268699E-03
3.76261803518475E-03
3.87459246398256E-03
4.13452530501865E-03
4.40306678643583E-03
4.68022115487939E-03
4.96599059229962E-03
5.42476207407443E-03
4.88902549521331E-03
5.3566019598289E-03
5.31016912961445E-03
5.07423077599163E-03
4.45064820845075E-03
5.12104956082201E-03
4.8474114111954E-03
4.95317526681064E-03
5.86843016425845E-03
6.19781773817491E-03
6.32488020247299E-03
6.23689847273187E-03
6.35975433051572E-03
4.91783950081862E-03
4.78325252898087E-03
5.33620261641953E-03
5.19733357435554E-03
5.29043808543894E-03
5.62820448622051E-03
6.4722414714249E-03
6.07578263252934E-03
5.66235948996905E-03
5.75518181720972E-03
6.11374309511144E-03
6.21061948895507E-03
6.30740407885659E-03
6.68252969614117E-03
6.78331241796509E-03
6.88398140307063E-03
6.98453101749069E-03
7.38016227727323E-03
7.18525038520427E-03
7.89252710388573E-03
1.10781427353711E-02
1.27873909846077E-02
1.35898373433238E-02
1.40884226672474E-02
1.10273383576069E-02
1.14964049915982E-02
1.09756990839715E-02
1.04382576199872E-02
9.88411867136504E-03
1.00031974844463E-02
9.42398063549647E-03
0.011653189104498
0.011787915261047
1.19223718772825E-02
0.011691203787408
1.18210486248803E-02
1.12037040751175E-02
1.01924209617495E-02
1.03012678237494E-02
1.04098704840313E-02
1.05182252368175E-02
9.44562527795746E-03
9.93905231606322E-03
1.00386721289811E-02
1.05435711890894E-02
9.4182059887163E-03
7.44196508311087E-03
7.09559105250053E-03
7.58380875710429E-03
8.07970030272884E-03
7.72490912317176E-03
7.79517527792998E-03
6.99133272595144E-03
7.93512920023584E-03
8.44952474381493E-03
8.52287061067814E-03
9.50084789555942E-03
9.12518587374293E-03
8.74163261020984E-03
9.27802245116121E-03
9.35409553397964E-03
8.95843894038598E-03
8.55498689388527E-03
1.10180457171289E-02
1.01388406476483E-02
9.73092719966735E-03
1.07861301134991E-02
0.011855968407038
1.14472469853098E-02
1.10308366949233E-02
1.06067728559523E-02
1.17013548587034E-02
1.17854757248828E-02
1.18693022016257E-02
1.19528322118906E-02
1.20360636974656E-02
1.15920818090652E-02
1.16711176076587E-02
0.01174986205904
1.29036144685721E-02
1.24476724866031E-02
1.25290706076775E-02
1.20618886273421E-02
1.32427070812986E-02
1.22161051768291E-02
1.22927578770281E-02
1.23691044658028E-02
9.05101321079374E-03
1.02443499899518E-02
1.03060553324626E-02
1.03675044687905E-02
1.10080679884675E-02
1.04896284943183E-02
1.05503005962379E-02
1.12001948569536E-02
1.36349853367775E-02
1.66922633995395E-02
1.85833935959694E-02
1.86856068407612E-02
1.93934014364049E-02
0.020107265906036
2.14397161258383E-02
2.21688148408232E-02
2.29038250844553E-02
0.021778011809162
2.31405462703605E-02
2.26294564126833E-02
2.14797164201339E-02
2.15866395065498E-02
2.10550009864669E-02
2.17988895458185E-02
2.25484534158048E-02
2.20089960711643E-02
2.21132398270895E-02
2.09100620332899E-02
1.90377298709744E-02
2.11037234366449E-02
0.024512245239125
2.46227100923563E-02
2.54010203280526E-02
2.55132307024416E-02
2.49504801770461E-02
1.82859477308377E-02
1.70040202470431E-02
1.70761925040205E-02
1.64620303962139E-02
1.37754289669061E-02
0.013832163710653
1.38885617008326E-02
1.39446217523155E-02
1.47003598231623E-02
1.54612956766493E-02
1.48163006821139E-02
1.55820050918071E-02
1.20868402515516E-02
1.21327470681195E-02
1.14619856866599E-02
1.15046376233804E-02
1.08253228015389E-02
1.01404667894895E-02
1.01770536812755E-02
1.09429227136087E-02
1.02494885922431E-02
9.55066832038828E-03
9.58372383336123E-03
1.18357515343608E-02
1.18758652421737E-02
1.11709619140794E-02
1.12080310445425E-02
1.12448302946175E-02
1.12813589092206E-02
0.010563108396852
0.009082880994199
9.11145078604247E-03
1.06631019867191E-02
9.16793316550905E-03
9.96216498283074E-03
1.07607913415239E-02
1.23346734789559E-02
1.39173795913167E-02
1.39579181039462E-02
1.47757958425744E-02
0.01481788001572
1.48596096632595E-02
1.33324593131063E-02
1.33691596853079E-02
1.26169793860388E-02
1.34416013131637E-02
1.50629106431016E-02
1.51024956214017E-02
1.51417203079702E-02
1.59795620106197E-02
1.60200901503003E-02
1.52572247288317E-02
1.36850003567697E-02
9.68362856259414E-03
1.37516207192464E-02
1.37844404557742E-02
1.05658894409111E-02
8.96117959354815E-03
8.98177822097354E-03
9.00216345661417E-03
9.02233489082566E-03
7.39823900600022E-03
4.94292803933979E-03
4.95357946672402E-03
4.96411340582235E-03
4.97452964541648E-03
4.98482797673398E-03
4.99500819344886E-03
0.005005070091682
6.68668462666899E-03
5.86231115099525E-03
5.87363451898455E-03
7.56619576183297E-03
6.73813045494517E-03
8.4382428069853E-03
8.45362308350366E-03
8.46880359110137E-03
7.63540562405848E-03
7.64870768229371E-03
7.66182914131765E-03
7.67476973943431E-03
8.54169913181366E-03
7.70010732458618E-03
8.56944867406421E-03
8.58302046433067E-03
8.5963899056068E-03
8.60955673170581E-03
9.48477274859848E-03
9.49880964355693E-03
1.03774067023547E-02
9.52621197466197E-03
8.67234260531503E-03
9.5527172183469E-03
9.56563277098842E-03
1.04490799277696E-02
1.13345681736497E-02
1.04760306391742E-02
1.04891366377201E-02
9.62682971209927E-03
9.63839123448332E-03
9.64972625560444E-03
8.78257686412981E-03
8.79246899901649E-03
7.92193916036588E-03
7.04930683430355E-03
7.05672445745032E-03
7.94697347304586E-03
7.9549454021149E-03
8.84747849315748E-03
7.97032904395297E-03
9.75057166343353E-03
1.15338379301325E-02
1.24320026564853E-02
1.24426575360461E-02
1.24530206601427E-02
1.15728709790466E-02
0.011581951482217
1.15907605141823E-02
1.24915515852502E-02
0.012500452970364
1.42960702354412E-02
1.43055735678434E-02
1.34200704143643E-02
1.43235746765096E-02
1.43320720966884E-02
1.43402338677915E-02
1.43480598284045E-02
1.52527716877524E-02
1.61580416689958E-02
1.16752360830442E-02
1.07820019279403E-02
9.88772626219973E-03
9.89171931767452E-03
1.07950700233879E-02
0.010798920871792
9.9023090810172E-03
9.90537563520899E-03
0.009908210401114
9.91081332271139E-03
9.91318434856408E-03
9.91532343181925E-03
9.01566411837163E-03
8.11546822313157E-03
7.21479900090505E-03
8.11763964186652E-03
8.11844050110103E-03
5.41270095859906E-03
5.41298162679244E-03
4.51094638869633E-03
4.51096922873762E-03
3.60870923359972E-03
4.51069833011608E-03
4.51040459680543E-03
4.51000534787111E-03
4.50950059120129E-03
5.41066840412267E-03
5.40980951595773E-03
5.40882406191716E-03
4.50642671789389E-03
3.60431569106467E-03
3.60340567450918E-03
3.60241134263144E-03
3.60133271508116E-03
4.50021226646847E-03
3.59892265989521E-03
3.59759127989171E-03
3.59617569947956E-03
3.59467594663986E-03
4.49136506377408E-03
4.48928005491209E-03
3.58967195834799E-03
4.4847947861447E-03
6.27535246089303E-03
8.06380106712129E-03
8.05910298501243E-03
8.94912905939308E-03
8.94348963233862E-03
8.93764070262834E-03
7.14526590877857E-03
7.1402518417907E-03
8.02695426789801E-03
8.91215233375514E-03
8.90525770949841E-03
8.89815433914308E-03
8.89084236330871E-03
7.99498973408597E-03
7.10047454273316E-03
7.09412501706335E-03
7.97356022643141E-03
7.96604275248919E-03
7.95833837130527E-03
7.95044723554076E-03
7.94236950158092E-03
9.69723984720818E-03
9.68691152394738E-03
1.05560244402908E-02
9.66557269549461E-03
8.77687510318541E-03
8.76665973579625E-03
1.05074860429804E-02
1.13692945730779E-02
1.13552120103007E-02
1.04684884348999E-02
0.011326246240536
8.70104892982717E-03
9.55833566050371E-03
1.04130464582028E-02
1.03985725751697E-02
1.03838539046217E-02
8.64074228267488E-03
8.62806948043119E-03
0.010338232119058
1.03225372742734E-02
1.20243656802875E-02
0.012863022596409
1.36986591523656E-02
0.012821660428887
1.53606305185335E-02
1.70387845149749E-02
1.70097996248091E-02
1.52823718352881E-02
1.69506256776969E-02
0.016920437801312
1.60453576175327E-02
1.60159200928654E-02
1.59861039252058E-02
1.59559097102789E-02
1.59253380515717E-02
1.67309363792952E-02
2.00375556070211E-02
2.16639725612823E-02
2.16200801223909E-02
2.40651764855656E-02
2.48431840304442E-02
7.27195889273966E-02
0.067616560330332
6.91156932464347E-02
6.89640016311734E-02
5.65230527621091E-02
0.039231834408817
3.58804896515418E-02
3.41704476257808E-02
3.81489204581518E-02
3.56293048871166E-02
3.63516946527242E-02
3.70693171295892E-02
3.61743668642013E-02
4.16975402287949E-02
3.91930235666856E-02
4.38801225759887E-02
4.53585579611141E-02
3.57160031193162E-02
3.48301713222187E-02
3.55266787873282E-02
3.46433931857898E-02
3.45487616698909E-02
3.52363340521703E-02
3.59187062102621E-02
3.73744586166307E-02
0.038044042758822
3.63857516497443E-02
0.036279407094876
0.036941814317936
3.29948259704261E-02
4.28401978587411E-02
4.27093618494222E-02
4.10568755373354E-02
3.94128583414927E-02
4.15551644754092E-02
4.06695137447289E-02
4.80455505959895E-02
4.71407736666524E-02
2.38656881735811E-02
2.22996389663619E-02
2.22246579008892E-02
2.14108363082045E-02
1.98657808594518E-02
1.90636385109213E-02
1.75355127833291E-02
1.74733971609902E-02
2.03126690622922E-02
0.021684875228965
2.16056517824352E-02
2.36784958285266E-02
2.43050557577472E-02
2.35013348402812E-02
2.27024471939974E-02
2.26151704491591E-02
2.18233652407831E-02
2.17377541008577E-02
2.72391282256114E-02
2.15649489725459E-02
2.21705895284812E-02
2.13900454740162E-02
2.19889666292815E-02
2.25816427153349E-02
2.24866130373103E-02
1.96769699844245E-02
3.10777534103041E-02
0.030270328377838
3.28166796133731E-02
2.26700430448911E-02
2.32325616824577E-02
2.18061601930158E-02
2.23645813821531E-02
0.023571171281585
2.15064846300069E-02
2.20541871646598E-02
2.06584815468962E-02
2.05595736267908E-02
2.04601604159102E-02
0.020360244068639
1.77273484105982E-02
1.95289447024831E-02
1.69235139267058E-02
1.68375298660071E-02
1.61307183291047E-02
1.60471209838381E-02
0.017805026776149
1.89323433645301E-02
1.51864993050451E-02
1.45004200435393E-02
0.013820548555798
1.43421068795436E-02
1.42624165450383E-02
1.47733049559719E-02
1.52771420978402E-02
1.69423220630606E-02
1.62634952456282E-02
1.55910367747623E-02
2.52576786576421E-02
2.73895789675513E-02
2.55231052508849E-02
4.11522823486179E-02
0.042019923293089
3.84183335948579E-02
4.92432883638651E-02
4.67321092152921E-02
0.04643294675695
0.046132626562053
4.79879160333712E-02
4.82066910518764E-02
4.94812421092076E-02
0.049147668374742
4.56636503570699E-02
4.27430272669943E-02
4.24456844371987E-02
4.26612726926329E-02
4.08271470218345E-02
0.041040649916727
4.07427883111735E-02
3.99446015159247E-02
3.96484144707396E-02
3.93512373321574E-02
3.85649142462593E-02
3.63318218637413E-02
3.55698037714227E-02
0.03576823251685
3.97433080431268E-02
3.94252053039499E-02
4.09683169374381E-02
0.031859980219414
2.88487803707678E-02
3.31481375358026E-02
4.50239731025789E-02
4.46384221568908E-02
4.42517656001883E-02
4.38640144196062E-02
0.043475179739651
4.30852728266016E-02
4.26943050931247E-02
4.23022881031157E-02
0.041909233576778
4.15151533959538E-02
4.11200596097197E-02
4.07239644402634E-02
0.040326880289056
3.99288197433372E-02
0.039529795582931
3.91298207874125E-02
3.87289085436431E-02
3.83270722536988E-02
3.79243255432127E-02
3.75206822701572E-02
3.71161565340917E-02
3.67107626859039E-02
3.63045153380746E-02
3.58974293754983E-02
3.54895199668929E-02
3.50808025768356E-02
3.46712929784641E-02
3.42610072668849E-02
3.14804645421996E-02
0.031097501429521
0.030713863368942
3.06556910387516E-02
3.02666132467389E-02
0.031466100853985
3.07413285942066E-02
2.75480197298301E-02
0.027177347516536
2.68061467335398E-02
2.04941132036625E-02
1.43488703589738E-02
1.35663970547555E-02
1.36538078117107E-02
1.34523394317064E-02
1.40788157483641E-02
1.22332046857626E-02
1.17761015537301E-02
1.02735558150817E-02
0.010368270878933
1.14743583882959E-02
0.012036561887902
1.18336781715377E-02
1.21152908974649E-02
1.33321772313207E-02
9.35366477083631E-03
9.41389679199013E-03
1.57760265944224E-02
1.65851773895047E-02
1.62674470429413E-02
1.65877136258188E-02
1.62573231252859E-02
1.59270073322724E-02
1.71964735754048E-02
0.018006927514853
1.78093446875919E-02
1.76035758090299E-02
1.83049273369384E-02
1.78830467558287E-02
1.74616259678497E-02
1.65295054764752E-02
1.61218036933877E-02
1.60387537780607E-02
1.48349251583137E-02
1.35200683059533E-02
1.28539708779523E-02
1.24959816710806E-02
1.22800532648704E-02
1.17828167062764E-02
1.11620449507348E-02
1.05588994437251E-02
1.02227228548999E-02
1.06113506413455E-02
1.02534836136202E-02
1.00097121753303E-02
9.54275531767133E-03
9.29458561725227E-03
6.73013124892259E-03
6.85083528226261E-03
9.25581280119512E-03
8.86541427403995E-03
8.47807668174168E-03
8.09402287055021E-03
7.71349119919511E-03
7.33673678046714E-03
6.9640328166059E-03
6.59567203119468E-03
6.2319681985722E-03
5.87325776930366E-03
5.5199015867611E-03
5.17228668498936E-03
4.83082815133896E-03
4.49597102823689E-03
4.16819221617081E-03
3.57864216083808E-03
3.4652284388695E-03
3.13563204461335E-03
2.32150363714925E-03
2.0705977033003E-03
1.9050470844577E-03
1.42002212028596E-03
1.23404298855087E-03
1.12682778540285E-03
1.02945882263953E-03
4.80795205898117E-04
4.03684002013569E-04
3.33065980648212E-04
2.55766054808666E-04
1.91170279894376E-04
1.18027249064884E-04
8.73395395116516E-05
6.40430755659501E-05
4.15912796337808E-05
2.2504137446836E-05
1.29334909661238E-05
6.8764354408982E-06
2.87940999537812E-06
1.07801995413443E-06
2.65845224862005E-07
3.81409590421915E-08
1.97830179697588E-09
1.93388541781214E-11
1.71244165786398E-15
4.62392772180281E-27
0
0
0
0
0
0
0
0
0
0
0
0
0
0
0
0
0
0
0
0
0
0
0
0
0
0
0
0
0
0
0
0
0
0
0
0
0
0
0
0
0
0
0
0
0
0
0
0
0
0
0
0
0
0
0
0
0
0
0
0
0
0
0
0
0
0
0
0
0
0
0
0
0
0
0
0
0
0
0
0
0
0
0
0
0
0
0
0
0
0
0
0
0
0
0
0
0
0
0
0
0
0
0
0
0
0
0
0
0
0
0
0
0
0
0
0
0
0
0
0
0
0
0
0
0
0
0
0
0
0
0
0
0
0
0
0
0
0
0
0
0
0
0
0
0
0
0
0
0
0
0
0
0
0
0
0
0
0
0
0
0
0
0
0
0
0
0
0
0
0
0
0
0
0
0
0
0
0
0
0
0
0
0
0
0
0
0
0
0
0
0
0
0
0
0
0
0
0
0
0
0
0
0
0
0
0
0
0
0
0
0
0
0
0
0
0
0
0
0
0
0
0
0
0
0
0
0
0
0
0
0
0
0
0
0
0
0
0
0
0
0
0
0
0
0
0
0
0
0
0
0
0
0
0
0
0
0
0
0
0
0
0
0
0
0
0
0
0
0
0
0
0
0
0
0
0
0
0
0
0
0
0
0
0
0
0
0
0
0
0
0
0
0
0
0
0
0
0
0
0
0
0
0
0
0
0
0
0
0
0
0
0
0
0
0
0
0
0
0
0
0
0
0
0
0
0
0
0
0
0
0
0
0
0
0
0
0
0
0
0
0
0
0
0
0
0
0
0
0
0
0
0
0
""
