0
0
0
0
0
0
0
0
0
0
0
0
0
0
0
0
0
0
0
0
0
0
0
0
0
0
0
0
0
0
0
0
0
0
0
0
0
0
0
0
0
0
0
0
0
0
0
0
0
0
0
0
0
0
0
0
0
0
0
0
0
0
0
0
0
0
0
0
0
0
0
0
0
0
0
0
0
0
0
0
0
0
0
0
0
0
0
0
0
0
0
0
0
0
0
0
0
0
0
0
0
0
0
0
0
0
0
0
0
0
0
0
0
0
0
0
0
0
0
0
0
0
0
0
0
0
0
0
0
0
0
0
0
0
0
0
0
0
0
0
0
0
0
0
0
0
0
0
0
0
0
0
0
0
0
0
0
0
0
0
0
0
0
0
0
0
0
0
0
0
0
0
0
0
0
0
0
0
0
0
0
0
0
0
0
0
0
0
0
0
0
0
0
0
0
0
0
0
0
0
0
0
0
0
0
0
0
0
0
0
0
0
0
0
0
0
0
0
0
0
0
0
0
0
0
0
0
0
0
0
0
0
0
0
0
0
0
0
0
0
0
0
0
0
0
0
0
0
0
0
0
0
0
0
0
0
0
0
0
0
0
0
0
0
0
0
0
0
0
0
0
0
0
0
0
0
0
0
0
0
0
0
0
0
0
0
0
0
0
0
0
0
0
0
0
0
0
0
0
0
0
0
0
0
0
0
0
0
0
0
0
0
0
0
0
0
0
0
0
0
0
0
0
0
0
0
0
0
0
0
0
0
0
0
0
0
0
0
0
0
0
0
0
0
0
0
0
0
0
0
0
0
0
0
0
0
0
0
0
0
0
0
0
0
0
0
0
0
0
0
0
0
0
0
0
0
0
0
0
0
0
0
0
0
0
0
0
0
0
0
0
0
0
0
0
0
0
0
0
0
0
0
0
0
0
0
0
0
0
0
0
0
0
0
0
0
0
0
0
0
0
0
0
0
0
0
0
0
0
0
0
0
0
0
0
0
0
0
0
0
0
0
0
0
0
0
0
0
0
0
0
0
0
0
0
0
0
7.40599120232768E-33
4.21122221747056E-16
3.12276284143063E-11
6.46684017616677E-09
1.63650155485917E-07
1.30085667196261E-06
5.65164876356851E-06
1.56158903795622E-05
3.80750763242761E-05
7.51231996125007E-05
1.3099245474408E-04
2.08284250838617E-04
3.3326213906114E-04
4.67130039964682E-04
6.26457883926813E-04
8.10545134017356E-04
1.01826358604217E-03
1.06328783309433E-03
1.33227680346669E-03
1.50644829446001E-03
1.75093756496042E-03
2.09620814899033E-03
2.2789246596438E-03
2.22597989670546E-03
2.47875500845972E-03
2.60211566521008E-03
2.85576327236133E-03
2.45922304919341E-03
3.20134240462788E-03
3.26371637217464E-03
3.50729785020647E-03
3.75378145326042E-03
3.5318451397832E-03
3.50317679267413E-03
3.71143912539114E-03
3.92092869431742E-03
4.13142303525586E-03
4.65291639178601E-03
4.55464542698154E-03
4.42652926554845E-03
4.62403936450296E-03
4.45082073400671E-03
4.63335641013801E-03
4.81586058685607E-03
4.16521001724131E-03
3.88534333024577E-03
4.02180928791331E-03
3.69603807952686E-03
4.29400447976477E-03
4.4296587947871E-03
5.07219339383953E-03
4.69992184642524E-03
4.83447674669849E-03
5.52068447033159E-03
7.37001686722768E-03
6.98075821921847E-03
7.75428009155446E-03
7.94537216210872E-03
8.13574582517399E-03
8.96579891321637E-03
9.16921847925718E-03
0.011380063900926
0.01162506544855
1.32654006496034E-02
1.35369235874155E-02
0.011627181437456
0.011112990123082
1.13245609703505E-02
1.15351895281476E-02
1.17448710223188E-02
1.19536014298028E-02
1.21613774007909E-02
1.31927426008284E-02
1.67654074457141E-02
1.70386051495224E-02
0.017310519632261
1.93392646399219E-02
2.14205934014587E-02
2.08363368107548E-02
2.11431265079134E-02
2.23809788937869E-02
2.17522722585538E-02
1.91779390340087E-02
1.94395757917425E-02
1.96999308169078E-02
2.09569557224966E-02
2.02168011603232E-02
1.94496535487932E-02
2.07285622102342E-02
0.020982530953799
2.22969889276116E-02
0.022560986527939
2.17368116790152E-02
2.52835584096085E-02
2.44566625476832E-02
2.36036781181655E-02
2.38610362443014E-02
2.64139364513972E-02
2.66929112850442E-02
2.81430704183924E-02
1.89541092931801E-02
2.03417433480998E-02
2.05436830091449E-02
1.70837565517932E-02
1.72483131739457E-02
1.61682839991735E-02
1.63194688015274E-02
1.64698461674834E-02
1.78978337113565E-02
1.93479025806996E-02
2.08198679038733E-02
1.83758606057796E-02
1.58858329804449E-02
1.60201875613212E-02
1.48076518773818E-02
1.62866770489052E-02
1.64188131371458E-02
1.93085793263775E-02
1.94610158105491E-02
2.24143908496262E-02
2.25866381517727E-02
2.13355344076444E-02
2.00621636159898E-02
0.021653896372023
2.32658111933566E-02
0.024897724574345
2.35995138244803E-02
2.37648953233354E-02
2.54248783546105E-02
2.86101048544232E-02
2.72870587013235E-02
2.74687060883763E-02
2.91853216797867E-02
2.78286968427225E-02
0.02489514691275
3.13158693269944E-02
2.99360021939501E-02
0.033291372783735
0.030304366689441
3.20913731830034E-02
0.03066807913624
3.08481902722526E-02
2.93941303987388E-02
2.95625566672864E-02
2.97298797801208E-02
2.98960993712678E-02
3.17312825482877E-02
3.19044056238063E-02
3.20763625319534E-02
3.05499342026653E-02
3.24167758061698E-02
3.25852310857222E-02
0.034476334764868
3.46511958136965E-02
0.0296011018723
2.79977790670155E-02
2.81347115274304E-02
2.82706573817268E-02
2.84056160276411E-02
3.21070352023304E-02
3.22566403544409E-02
3.24051327567242E-02
3.43609845323019E-02
0.036331973675784
3.64932510191854E-02
3.11552952699294E-02
3.12902725746275E-02
3.14241945075035E-02
2.78444649564796E-02
2.79607668604728E-02
2.43326507220414E-02
2.63111986671894E-02
2.64171318024337E-02
0.026522191803981
2.47244938366801E-02
3.43667438024147E-02
3.44984477607255E-02
3.46290255027883E-02
3.47584761067077E-02
3.48867986444406E-02
3.50139921822955E-02
3.51400557814205E-02
3.52649884982828E-02
3.34227455304073E-02
3.35385987410151E-02
3.16737705418063E-02
3.17807924752133E-02
2.79009543210595E-02
2.19943673647747E-02
2.20658611467628E-02
2.21366591514444E-02
2.22067607887016E-02
2.02510595165235E-02
2.23448725995007E-02
0.022412881592531
2.24801918575666E-02
2.25468028055713E-02
2.05570125894439E-02
1.85546654173224E-02
1.65399519065329E-02
1.86596522850369E-02
1.87112841112267E-02
1.87623408983053E-02
1.67225085980962E-02
1.25751516422141E-02
1.26080375334195E-02
1.68540517474323E-02
1.68968735514512E-02
1.69391817119854E-02
1.69809758200146E-02
2.34056012697565E-02
2.77274079136754E-02
3.20686308290485E-02
3.21431318117435E-02
0.030068887504202
3.01366148591591E-02
0.034518214560191
3.67556459283644E-02
3.68345889599716E-02
4.55977092001068E-02
4.56925066125328E-02
4.14253763901542E-02
4.15086805732227E-02
4.37797378910938E-02
5.26377938531114E-02
4.83434798396773E-02
4.62326618052869E-02
4.19066780376728E-02
4.19825669542159E-02
4.20572170952253E-02
4.21306276593197E-02
3.99815979683505E-02
4.22737269032253E-02
4.45720147713367E-02
4.01796554070285E-02
4.02433195382642E-02
3.80665936016386E-02
3.58818765110592E-02
3.59353218816425E-02
3.37384853753085E-02
3.37866220177788E-02
3.38337736557008E-02
3.16212771119701E-02
3.16634451676719E-02
3.17046924392792E-02
2.72100158252502E-02
0.029514106870342
0.018184517117597
1.82059797393149E-02
1.82269149262341E-02
1.82473224400744E-02
1.82672020480645E-02
1.60007343326113E-02
1.60172045628052E-02
1.83236711927338E-02
1.83414369612426E-02
2.06535079621297E-02
2.06723040102887E-02
1.83915595632389E-02
1.61063071917246E-02
1.61195362375836E-02
1.61323016017959E-02
1.84509750124734E-02
2.07725666100237E-02
2.07871896163793E-02
2.77349543164848E-02
2.77528597453445E-02
3.23982970486627E-02
3.24173285059672E-02
2.78017975870724E-02
2.78165167482602E-02
3.01496421277097E-02
0.02784356383987
2.55345671643283E-02
2.32228513151963E-02
0.025554974575747
1.85920592256961E-02
2.09229192964974E-02
2.32546372042011E-02
2.32609212409197E-02
2.55931941573599E-02
2.55986432285335E-02
2.56033605140328E-02
2.32794054163643E-02
2.32823631938475E-02
2.56131211411815E-02
3.02721673232349E-02
3.26021417328496E-02
3.26025562620378E-02
3.72594733274507E-02
3.95864312454428E-02
4.42404280022499E-02
4.42359332690152E-02
4.42301743043445E-02
4.18956169040189E-02
3.72335696577324E-02
0.039552121959932
3.72164191327045E-02
4.18570284510323E-02
4.18443882848882E-02
0.041830551175272
4.18155172856536E-02
4.17992867935348E-02
4.17818598904202E-02
4.40834166029969E-02
4.40624964474403E-02
4.17224028395243E-02
3.93835151260398E-02
0.039361409839296
3.93381759699506E-02
4.16263910722898E-02
4.39104793023923E-02
4.84997540454175E-02
4.84654803829577E-02
5.07359960707516E-02
5.06971735871275E-02
5.06568934023481E-02
5.52165338015493E-02
0.055169412893365
5.74173993245069E-02
6.42488066964379E-02
5.96033973593426E-02
6.41258900902857E-02
6.17737391817923E-02
0.10742113685127
0.111873365057035
0.111751246392861
0.12301629185461
0.131976408571716
0.136365914135173
0.140740573840058
0.138298432078178
0.126800785125048
0.1311580829533
0.12872463983515
0.130804038247634
0.126117116419341
0.132683626619044
0.13024439765222
0.12108125741182
8.73144635392464E-02
0.0849434433762
8.48087674492625E-02
8.24434047086366E-02
0.080082906664106
7.77274709149635E-02
7.53772949198866E-02
7.30325759937986E-02
7.73210279895977E-02
7.49758105681887E-02
8.14408634878853E-02
8.34849675458457E-02
7.45543900372307E-02
7.44094931750001E-02
7.64465750199999E-02
7.62928698199087E-02
7.83122335015326E-02
7.59786482248197E-02
7.36519026515584E-02
6.70090295156356E-02
6.68628480870557E-02
7.10188343385678E-02
7.51534388792409E-02
0.072839280569941
7.05328123535883E-02
5.75726309896549E-02
5.74348584566427E-02
6.15394482921345E-02
0.061387739415378
5.91226442521127E-02
6.52910597483573E-02
6.51229176188559E-02
6.07622860101814E-02
6.06012756620394E-02
6.25224926194657E-02
7.06657045097604E-02
7.04704118781272E-02
6.82060974320384E-02
6.80123373646695E-02
6.78164742564856E-02
6.35204183582767E-02
6.53754627419085E-02
9.57322836761734E-02
0.103564041147193
0.113367205629616
9.48506008982513E-02
0.094550748010285
9.02373702241659E-02
7.99507399356193E-02
8.36723542170496E-02
8.33937796447285E-02
0.12071109245359
0.118326691288626
0.131674409589168
0.131213131165447
0.134650554841107
0.101111237203521
0.100743429978937
0.100372361496879
0.09615195620476
7.85468944726446E-02
7.82466198173321E-02
0.102657664367478
0.104149051307502
9.80776139164521E-02
9.39267221958234E-02
0.104770322476603
0.106202429847345
0.113181853164271
0.129333241766079
0.099345589640536
0.091589323390589
0.162316220983858
0.159782222539254
0.157258976545628
0.152947292622066
0.130752017472883
0.131927594118854
0.125984199878922
8.12352474400138E-02
8.26015709634356E-02
6.64587763736026E-02
6.43906737541376E-02
6.40692075832893E-02
6.71911647128224E-02
3.59948196242588E-02
3.06929914942816E-02
2.88359423155439E-02
2.36213065090726E-02
2.51726858519142E-02
2.33668478395298E-02
2.82179721310602E-02
2.64102326561073E-02
2.62613930236733E-02
2.61115728425898E-02
2.27156758575403E-02
0.022582867991298
2.08456883593815E-02
2.23146806139182E-02
2.21793014457725E-02
2.36175701524882E-02
2.19059728074857E-02
2.17680235168433E-02
2.16292176502434E-02
2.14895552244069E-02
2.13490362255326E-02
2.27224935091852E-02
2.70841220955159E-02
2.83946031723884E-02
2.37467349884733E-02
2.35812456287103E-02
2.34147764552441E-02
2.47002851344464E-02
2.74061907754391E-02
2.86368587732059E-02
2.84238691839629E-02
2.82096525363144E-02
2.79942082105135E-02
2.77775355311863E-02
2.61816520783404E-02
2.59734770220218E-02
0.027120139770578
2.68985457893503E-02
3.06770771063373E-02
3.04194079086806E-02
3.14716370340932E-02
2.85998168698139E-02
2.70606691158181E-02
2.93745188409855E-02
4.55630657743098E-02
6.27033195742435E-02
6.21214974279918E-02
6.15365656670313E-02
6.33864612862166E-02
5.67359164054853E-02
5.49820279196618E-02
5.44324109914746E-02
5.38799145098404E-02
8.34644886720926E-02
0.114709275264944
0.113489362796422
0.11226315426267
0.111030640294219
0.10979181144953
0.108546658251157
0.107295171226323
0.106037340952311
0.104773158107189
0.103502613526359
6.33799329246385E-02
7.06596825695835E-02
6.67673233758356E-02
8.06524479088013E-02
7.57022474473953E-02
7.37238607031354E-02
7.17667761963045E-02
7.07622651083987E-02
6.97528717392691E-02
6.87385940420516E-02
7.21746567452792E-02
7.02056661845352E-02
6.91225801783656E-02
6.71839273875851E-02
6.61042387754681E-02
6.83116151936117E-02
0.067166634123478
6.68117359684139E-02
0.035946950977324
2.83963798017336E-02
2.78765728422499E-02
2.66151337174927E-02
2.53797338158777E-02
5.97155392658248E-02
5.29417412588119E-02
5.45794870591571E-02
6.07720880534259E-02
5.88012568309627E-02
5.74929839536069E-02
3.30835034672572E-02
2.62113711037293E-02
2.37944551684801E-02
2.32040925235543E-02
2.26116475875539E-02
1.87146141066935E-02
1.87432092052977E-02
1.87403321993135E-02
1.51669783435152E-02
0.01814948446591
1.71161987822444E-02
1.70325648412097E-02
1.55819811773527E-02
1.46211568289287E-02
0.013275143361597
1.31883707934833E-02
1.19175868190889E-02
1.07075869190514E-02
1.06206534197018E-02
8.4707678500804E-03
8.41524808317191E-03
7.09619736611087E-03
6.74919387872968E-03
6.68196181998877E-03
6.58650943966575E-03
5.71768943735141E-03
5.37825966114856E-03
4.82254842321173E-03
4.50395620617545E-03
3.99876403484856E-03
3.70250686420239E-03
3.73594972541127E-03
2.97636783836677E-03
2.71006652642727E-03
9.67962983652766E-03
7.47540861393802E-03
6.55037475195073E-03
8.26372634513982E-03
6.36885349590317E-03
5.4067144247417E-03
5.33649313536199E-03
2.3531916667035E-03
1.87808065483735E-03
1.19825742331606E-03
7.2022064164784E-04
5.17971531186352E-04
3.31945455851984E-04
2.06614672732709E-04
1.2878325779077E-04
7.86008206529039E-05
3.64005446928041E-05
1.5201616035957E-05
4.34438628745456E-06
7.42599349050782E-07
8.54837272125495E-08
3.43544873825085E-09
1.14023217093015E-11
4.20967883714184E-17
1.21866740646257E-37
0
0
0
0
0
0
0
0
0
0
0
0
0
0
0
0
0
0
0
0
0
0
0
0
0
0
0
0
0
0
0
0
0
0
0
0
0
0
0
0
0
0
0
0
0
0
0
0
0
0
0
0
0
0
0
0
0
0
0
0
0
0
0
0
0
0
0
0
0
0
0
0
0
0
0
0
0
0
0
0
0
0
0
0
0
0
0
0
0
0
0
0
0
0
0
0
0
0
0
0
0
0
0
0
0
0
0
0
0
0
0
0
0
0
0
0
0
0
0
0
0
0
0
0
0
0
0
0
0
0
0
0
0
0
0
0
0
0
0
0
0
0
0
0
0
0
0
0
0
0
0
0
0
0
0
0
0
0
0
0
0
0
0
0
0
0
0
0
0
0
0
0
0
0
0
0
0
0
0
0
0
0
0
0
0
0
0
0
0
0
0
0
0
0
0
0
0
0
0
0
0
0
0
0
0
0
0
0
0
0
0
0
0
0
0
0
0
0
0
0
0
0
0
0
0
0
0
0
0
0
0
0
0
0
0
0
0
0
0
0
0
0
0
0
0
0
0
0
0
0
0
0
0
0
0
0
0
0
0
0
0
0
0
0
0
0
0
0
0
0
0
0
0
0
0
0
0
0
0
0
0
0
0
0
0
0
0
0
0
0
0
0
0
0
0
0
0
0
0
0
0
0
0
0
0
0
0
0
0
0
0
0
0
0
0
0
0
0
0
0
0
0
0
0
0
0
0
0
0
0
0
0
0
0
0
0
0
0
0
0
0
0
0
0
0
0
0
0
0
0
0
0
0
0
0
0
0
0
0
0
0
0
0
0
0
0
0
0
0
0
0
0
0
0
0
0
0
0
0
0
0
0
0
0
0
0
0
0
0
0
0
0
0
0
0
0
0
0
0
0
0
0
0
0
0
0
""
