0
0
0
0
0
0
0
0
0
0
0
0
0
0
0
0
0
0
0
0
0
0
0
0
0
0
0
0
0
0
0
0
0
0
0
0
0
0
0
0
0
0
0
0
0
0
0
0
0
0
0
0
0
0
0
0
0
0
0
0
0
0
0
0
0
0
0
0
0
0
0
0
0
0
0
0
0
0
0
0
0
0
0
0
0
0
0
0
0
0
0
0
0
0
0
0
0
0
0
0
0
0
0
0
0
0
0
0
0
0
0
0
0
0
0
0
0
0
0
0
0
0
0
0
0
0
0
0
0
0
0
0
0
0
0
0
0
0
0
0
0
0
0
0
0
0
0
0
0
0
0
0
0
0
0
0
0
0
0
0
0
0
0
0
0
0
0
0
0
0
0
0
0
0
0
0
0
0
0
0
0
0
0
0
0
0
0
0
0
0
0
0
0
0
0
0
0
0
0
0
0
0
0
0
0
0
0
0
0
0
0
0
0
0
0
0
0
0
0
0
0
0
0
0
0
0
0
0
0
0
0
0
0
0
0
0
0
0
0
0
0
0
0
0
0
0
0
0
0
0
0
0
0
0
0
0
0
0
0
0
0
0
0
0
0
0
0
0
0
0
0
0
0
0
0
0
0
0
0
0
0
0
0
0
0
0
0
0
0
0
0
0
0
0
0
0
0
0
0
0
0
0
0
0
0
0
0
0
0
0
0
0
0
0
0
0
0
0
0
0
0
0
0
0
0
0
0
0
0
0
0
0
0
0
0
0
0
0
0
0
0
0
0
0
0
0
0
0
0
0
0
0
0
0
0
0
0
0
0
7.52541919295071E-244
2.77196602522671E-33
7.60497096483808E-19
1.44342025841368E-13
7.549383264733E-11
3.62542022430433E-09
4.16873121929422E-08
2.67645989813887E-07
1.16120868547687E-06
3.52977561071392E-06
1.02141385450825E-05
2.07632078561401E-05
3.79622022723362E-05
6.33217075100726E-05
9.57019190444339E-05
1.4573629288273E-04
2.29649164185192E-04
3.08501203224749E-04
3.1455381543768E-04
3.97977763309881E-04
4.84783538894759E-04
6.21876107906981E-04
5.45080906995024E-04
6.87589925661685E-04
9.9140580875091E-04
1.10238508043489E-03
1.10366434031462E-03
1.07604791550161E-03
7.4570577528346E-04
8.23910596478848E-04
8.76920987165793E-04
9.26882239016152E-04
1.2005131558549E-03
1.29637881444836E-03
1.31829836225057E-03
1.57268821247663E-03
1.50537022389133E-03
1.96579374846683E-03
2.22811050637805E-03
2.40495789121524E-03
3.07278436866656E-03
2.66259956820441E-03
2.85089518755173E-03
2.92026305950212E-03
2.52981837017162E-03
3.10926985299418E-03
3.23417208186362E-03
2.55538287053302E-03
2.7251851401564E-03
3.37001483896045E-03
3.48420714840422E-03
4.18326176938199E-03
4.74555483824826E-03
4.88839111740779E-03
5.30441634833345E-03
8.83683888646904E-03
9.07472362508462E-03
9.21136898603999E-03
9.64540351557192E-03
9.87904890129139E-03
1.04296445587635E-02
1.06658482350164E-02
0.011043326193451
1.16548708534545E-02
8.26964525567871E-03
9.62106206650869E-03
1.01044847694606E-02
1.07419569347307E-02
9.72957384891797E-03
1.17662925776654E-02
1.24572773158539E-02
1.31708934975031E-02
1.80614003789234E-02
1.88032848485018E-02
1.95555306446317E-02
2.03178965087144E-02
2.10901457052533E-02
2.18720460041301E-02
2.26633696522208E-02
2.34638933358058E-02
0.024273398135069
2.50916694718367E-02
2.59184970515836E-02
2.67536748006141E-02
2.75970007992289E-02
2.84482772115925E-02
2.93073102129367E-02
3.01739099146629E-02
3.10478902878358E-02
3.19290690855092E-02
3.28172677642661E-02
3.37123114053128E-02
3.46140286354199E-02
3.55222515479735E-02
3.64368156243557E-02
3.73575596558547E-02
3.82843256662697E-02
3.92169588353589E-02
4.01553074232483E-02
4.10992226959157E-02
4.20485588518282E-02
2.19316182044051E-02
3.51703398705793E-02
0.033695757814077
0.034881944132919
3.51537345919537E-02
2.87103606260659E-02
2.97887597979913E-02
3.58717071849179E-02
3.25208497843265E-02
3.47126658280611E-02
3.59108415876414E-02
3.76698338986149E-02
3.94716938835102E-02
0.026241601822904
2.72871041540398E-02
2.83545870438092E-02
3.82773306930682E-02
3.05556913713844E-02
2.86423450954683E-02
2.85072207139298E-02
3.21331615391413E-02
3.97066619636113E-02
3.83986960696141E-02
4.43035509218352E-02
4.56752003795152E-02
4.57051040869357E-02
0.046408284554343
0.045706630884649
5.56700653901981E-02
5.57695340552083E-02
6.68723261042725E-02
6.78369648166219E-02
7.25836921532348E-02
7.13046670824365E-02
7.77370534744071E-02
7.88040403168847E-02
7.98725690458305E-02
8.09425642621204E-02
8.20139516572611E-02
8.30866579874344E-02
0.082477398827307
8.26786674608354E-02
8.37226143874878E-02
8.21458890337746E-02
5.48498385537573E-02
4.92506409396343E-02
5.07508916599567E-02
4.95219598417636E-02
5.10338276503168E-02
5.25676826606131E-02
0.056022578590158
6.43445881434755E-02
0.062157009598806
5.10662613110769E-02
5.95732213899913E-02
5.52053310725518E-02
6.49332293849645E-02
0.06870392364218
7.04672224038031E-02
0.082723594200526
8.46388322269036E-02
8.55068822776255E-02
7.98967222641731E-02
5.23455881725566E-02
4.73592732990847E-02
3.89277348313257E-02
4.37993480092247E-02
0.044221927012339
4.46443359565672E-02
4.73776605853347E-02
4.54885652740583E-02
4.70875353539494E-02
4.75198781996971E-02
4.91507466591395E-02
5.32220980657638E-02
5.97986101220396E-02
6.64825434637024E-02
6.45802516233046E-02
6.51397993984727E-02
4.54838169658238E-02
4.58704870669017E-02
4.36869574300706E-02
4.27557856353054E-02
4.31091482020665E-02
0.042145086375192
9.02848113127939E-02
9.63640074107712E-02
6.07071178456743E-02
0.072063655349732
8.08490109619848E-02
8.14753704026654E-02
7.37516194355797E-02
7.43126960732065E-02
7.62856454177341E-02
0.120976418548709
0.12330598176222
0.11121204376648
0.112020902135408
0.114293717142396
0.12839228084634
0.129301519889044
0.130209138449214
0.131115104380164
8.80129238661524E-02
6.26413792464577E-02
0.096906142973613
0.094460118280352
0.053000543481733
4.55048091102363E-02
4.58026488192386E-02
4.92791553367305E-02
0.126390241219849
0.130416499388927
0.126380368801733
0.12717266895234
0.111557603245295
0.125450409004807
0.126216951893772
0.116956765462714
0.11765933603554
0.113287567314326
9.86490265171102E-02
7.86970555306981E-02
9.29199443759896E-02
8.48017245771003E-02
0.113134348272657
0.124277149524661
0.133775883533739
0.134520604287337
0.12992386402997
0.123476998701815
0.125946515677501
0.142904784227264
0.149123360894036
0.149912761315059
0.150699725869314
0.147789493799926
0.148552442824957
0.153045771039009
0.153822759655474
0.154597196986317
0.155369060432538
0.158042453499177
0.156904976065094
0.15766898383938
0.150702020175395
0.151423672875378
0.148241655194583
0.18225524200768
0.181137507392677
0.179998394080212
0.184799246303458
0.185640900294373
0.156402028056208
6.64664516096576E-02
6.87847382628286E-02
7.31516715820394E-02
7.34711641626472E-02
8.60875963113763E-02
8.43988133582995E-02
8.88927964568665E-02
8.92681941160354E-02
8.54726155070367E-02
7.95474662280195E-02
9.45888113365339E-02
9.70855455751705E-02
9.11212743265449E-02
9.36146441318036E-02
9.39872360618029E-02
9.00691332037722E-02
8.39628736973866E-02
9.07723488393301E-02
0.101969299335202
9.80025054840541E-02
0.100559121872902
9.65475534281645E-02
9.69063644061026E-02
9.50528776139664E-02
0.099837286169507
0.102425445849448
0.107262390312157
0.109886673051196
0.117025792990755
7.67844266839093E-02
7.47843813989967E-02
6.82193841624118E-02
6.38882602176574E-02
6.18144884462561E-02
6.20212958341089E-02
6.22269535061776E-02
6.24314562061179E-02
6.03149913570584E-02
6.05096804586498E-02
6.53727225919182E-02
6.55799547745593E-02
6.34364638998858E-02
0.063633928579119
6.61942841641811E-02
6.40252809782989E-02
0.059462184117472
5.96405845596625E-02
0.124421158007933
0.239976077129071
0.240676178896418
0.24137174554331
0.242062759743573
0.242749204310828
0.243431062198174
0.244108316497871
0.244780950441048
0.238085478975481
0.243651167966173
0.22209386806764
0.217733957861352
0.218305329072912
0.216385360333543
0.221929188269697
0.222494413013952
0.20551171394527
0.203512159668346
0.198977554815256
0.19946414098705
0.149327442659025
0.134462921660209
7.62915107105982E-02
0.07647047269238
7.92029016549063E-02
7.93847962491611E-02
0.197629610432494
0.149198474183037
0.206248579659286
0.206702196722656
0.207151839150217
0.207597496135898
0.202838178055982
0.224112571923418
0.227190112181797
0.230274063003991
0.209765628698005
0.207559812680698
0.210604617367258
0.211018014600532
0.211427333933519
0.211832565624178
0.209580778785909
0.172762466207294
0.191721275108765
0.240088977930842
0.251211564158345
0.254335879881388
0.268192421700956
0.268657662363422
0.269117689820363
0.269572493213811
0.27002206181731
0.270466385035841
0.270905452405759
0.260485683450934
0.26089706726557
0.261303376086316
0.185374091930119
0.185654684250796
0.180463083488801
0.175251781661782
0.1727633681426
0.200471785315872
0.200753537751887
0.275385446181283
0.275760674940158
0.276130523751123
0.276494983983866
0.276854047138689
0.274435627798006
0.277555948868632
0.277898771097106
0.278236163554302
0.239568581818049
0.264949896501882
0.237333331807053
0.254373465422095
0.279841409185299
0.280146062788615
0.280445234428556
0.218976355392898
0.224821683367683
0.225047831097572
0.225269571690737
0.228305486266301
0.222878563408639
0.228732153608047
0.22611236163664
0.223483091766879
0.23216986496056
0.20402814431194
0.241064511004546
0.241257735085617
0.241446227044018
0.244472688210825
0.247498620786533
0.247676991213919
0.150989385703956
0.145390534057213
0.151191895709973
0.139870684585206
0.128532339535743
0.128609485713116
0.134403399887227
0.128756199505763
0.131688558498194
0.148942788111
0.154748758718557
0.154823120222018
0.157762855236787
0.154962715475906
0.172253273356837
0.15221809038423
0.172388072735128
0.172450390636322
0.163883852809176
0.192697422213785
0.221525150339398
0.212954426483063
0.201496291978276
7.19804449362028E-02
7.19965131463631E-02
7.20111656829348E-02
7.49053782984435E-02
7.49176713212618E-02
7.49284910969589E-02
7.49378373775678E-02
7.49457099489026E-02
0.074952108630558
6.91911076393012E-02
6.91942927127206E-02
6.63129454200951E-02
6.05470077971832E-02
6.05462224856292E-02
6.05442464234188E-02
6.05410796558302E-02
6.05367222554259E-02
6.91784849394885E-02
7.20528999795728E-02
7.49251996284474E-02
8.06765183091355E-02
7.77819602709752E-02
7.77671769409686E-02
7.77508644326457E-02
7.48540222636493E-02
0.149670739904363
0.135242945198896
0.152463982330418
0.149541173468923
0.149492103769686
0.152313943435733
0.149385149692146
0.152198945993994
0.169360011713014
0.241019747428101
0.238044029678392
0.123266451071478
0.134667531327134
0.134599319244856
0.257607695112084
0.185948354785642
0.214434294596784
0.168589419329275
0.165631500750075
0.165527777750361
0.171124970618281
0.219464052172779
0.207920512794871
0.224850906745393
0.196246071404795
0.187573459205148
0.190269447414106
8.22906082570311E-02
8.22241700432397E-02
7.93231497209881E-02
0.183986888080759
0.161202263841643
0.158233422967715
0.158089590805023
0.163583470098815
0.160610361952455
0.188604426709174
0.188417541070079
0.185417608144009
0.190839163730918
0.280350394570828
0.274448483957007
0.276945641830855
0.279431199070107
0.279113860203455
0.278791063323663
0.278462815928279
0.278129125645224
0.27779000023282
0.277445447579819
0.277095475705429
0.276740092759347
0.276379307021792
0.276013126903535
0.275641560945936
0.211953755722155
0.167678206862103
0.17567656666259
0.17542503303809
0.161484918480199
0.221372641456762
0.223770243338436
0.215256206813777
0.212204131286687
0.233603221368567
0.23323324156627
0.159751917265598
0.137865860340196
0.134939609357279
0.12663115015649
0.11565774844674
0.139625104507667
0.104536736846866
0.117731158573782
0.117521152042568
0.117308867972614
0.117094311391726
0.193910376799102
0.182941583541077
0.185240773665328
0.184885054052845
0.181889678170181
0.189424698632396
0.17066816525241
0.178185764060308
0.227508751926652
0.232259467248195
0.231775619285695
0.246879708518337
0.248946918169483
0.250998213204593
0.253033457044201
0.257628801795754
0.257055248170646
0.256476758089742
0.255893345505035
0.255305024502757
0.254711809303535
0.254113714262567
0.253510753869792
0.252902942750077
0.252290295663395
0.251672827505021
0.251050553305729
0.250423488231995
0.249791647586205
0.249155046806874
0.248513701468864
0.247867627283614
0.247216840099379
0.246561355901467
0.245901190812492
0.245236361092628
0.244566883139876
0.243892773490333
0.243214048818473
0.242530725937434
0.241842821799315
0.241150353495477
0.240453338256859
0.239751793454297
0.239045736598854
0.238335185342164
0.237620157476775
0.236900670936513
0.236176743796846
0.235448394275268
0.234715640731682
0.233978501668807
0.233236995732582
0.232491141712591
0.231740958542499
0.23098646530049
0.230227681209731
0.229464625638837
0.228697318102355
0.227925778261257
0.227150025923449
0.226370081044291
0.225585963727135
0.224797694223871
0.224005292935491
0.223208780412669
0.222408177356357
0.221603504618387
0.220794783202104
0.219982034263003
0.219165279109388
0.218344539203048
0.217519836159948
0.195022072575848
0.215858627902502
0.215022166697462
0.214181830375789
0.213337641335369
0.212489622132812
0.21163779548428
0.21078218426634
0.209922811516828
0.209059700435746
0.208192874386174
0.207322356895213
0.206448171654943
0.205570342523415
0.204688893525657
0.203803848854715
0.202915232872719
0.202023070111969
0.201127385276055
0.200228203241008
0.199325549056467
0.198419447946895
0.197509925312803
0.196597006732026
0.195680717961017
0.19476108493618
0.193838133775234
0.192911890778612
0.191982382430897
0.19104963540229
0.19011367655012
0.189174532920387
0.188232231749348
0.187286800465139
0.175157970688075
0.174263458744838
0.173366082940616
0.17430061309107
0.171562846017674
0.174288039325726
0.175165978853404
0.174225601507025
0.142913349323216
0.152793195370939
0.148418348907707
0.144080338275885
0.125801419202405
0.126828690440342
0.133016711871498
0.127100444277506
0.124657066736385
9.67667634278842E-02
0.126575121077878
9.05930277610747E-02
8.33801989520919E-02
9.94520731793885E-02
0.102141323900186
0.112975271179345
0.109021131680752
0.108340067776139
0.114084767126175
0.105376703096507
9.67693812331668E-02
0.100872179444607
0.156585057288079
0.155555195334931
0.154523229525716
0.153489195143307
0.152453127754398
0.151415063213505
0.150375037667074
0.149333087557701
0.148289249628448
0.147243560927289
0.146196058811656
0.145146780953111
0.144095765342145
0.143043050293088
0.141988674449165
0.140932676787669
0.139875096625286
0.138815973623545
0.137755347794421
0.136693259506087
0.135629749488812
0.130527913075791
0.129493670164452
0.105944881540688
0.101148986209757
0.105536783372843
0.105961352149502
0.107645051821181
0.118180214241343
0.114660991304588
9.99405491301782E-02
0.10031796178446
0.101900828320817
0.102222937150968
0.101316644944908
0.103995773138468
9.83176284375451E-02
9.62466055919868E-02
9.53596249883654E-02
9.21679776016261E-02
8.67366704553693E-02
8.47829651341434E-02
9.06878342493153E-02
9.09185300296849E-02
9.00293629193254E-02
0.078269249551177
7.85643987951844E-02
9.58837307524148E-02
8.75254825566604E-02
8.66248165039693E-02
6.91990166845373E-02
7.76697515745914E-02
7.88674276238778E-02
0.078021299626656
7.81647812633069E-02
7.92653907043036E-02
7.83874296411421E-02
0.095691113625722
6.81178286635419E-02
7.10794646817956E-02
3.14308662612235E-02
2.55814992438394E-02
2.34733185877524E-02
2.67606843277087E-02
3.61306033183995E-02
0.053097746593592
4.64230111785129E-02
4.75398841754168E-02
4.69380178607033E-02
4.05447196922616E-02
4.65530584797612E-02
4.27185729959336E-02
4.29470346210613E-02
4.08010202520161E-02
4.56642427129025E-02
3.51128054041308E-02
3.46237725949909E-02
0.030425180105405
3.29167451590151E-02
4.90217788092063E-02
5.04351518490612E-02
4.47885623493699E-02
0.066173805474223
6.58458001449748E-02
6.54991619098635E-02
6.57919711031925E-02
6.47506342870672E-02
6.37119618558751E-02
5.64084433536818E-02
5.85608397305381E-02
5.57638519096856E-02
0.029197055430927
2.69384854499578E-02
2.70444005313659E-02
2.88272351568301E-02
2.83101865341004E-02
2.56149640936625E-02
2.35370795511645E-02
0.05249059905295
5.14917473201853E-02
4.84770469876922E-02
4.65358727749918E-02
4.51234505677652E-02
4.37347964578934E-02
4.65603219646952E-02
4.55874664989086E-02
4.46193863109325E-02
4.36562144128026E-02
4.26980864228775E-02
4.17451406330027E-02
4.07975180770713E-02
3.86597017229242E-02
3.65836916777242E-02
2.84910320702428E-02
3.70631807950405E-02
3.61443908566333E-02
3.52318319441155E-02
2.98633296928456E-02
0.02908067181373
2.83038671874306E-02
1.42412409750969E-02
1.32303690419241E-02
1.28555612988371E-02
1.24839525838088E-02
1.29608994673205E-02
1.22971981198604E-02
0.012183724929775
1.25703729602774E-02
1.14216627567664E-02
0.010085965590851
1.55490521015671E-02
1.36700558294949E-02
1.25405196024951E-02
1.77163281262192E-02
1.72633107218137E-02
1.93144536253684E-02
1.09536371352747E-02
1.06961753732403E-02
1.00884794502783E-02
8.5187516362948E-03
8.62207835590957E-03
7.79077136397301E-03
5.43389332354172E-03
5.31537838203613E-03
5.05864875764803E-03
1.01066258051728E-02
9.23686490286942E-03
8.74721252034436E-03
8.53745227737329E-03
8.13511680915052E-03
7.94702188284297E-03
7.45482715383293E-03
4.71598520682581E-03
4.69100680713988E-03
4.93943112484821E-03
4.62244647508341E-03
3.34603966014407E-03
3.07619986919728E-03
2.65043384710247E-03
2.48566913723173E-03
2.63573455232149E-03
2.54468077122331E-03
2.23665593348244E-03
2.22218165539867E-03
2.06845515444453E-03
1.91987421712302E-03
1.89905438791771E-03
1.81408739327214E-03
1.72905668510677E-03
1.5910249212185E-03
1.65979493440844E-03
1.6173039517151E-03
0.001569790480917
1.51745536908406E-03
1.26316363621992E-03
1.14152930169094E-03
1.0261912081074E-03
9.48861860615438E-04
8.72921918054752E-04
8.51829569172433E-04
7.98710109262095E-04
7.2126869588156E-04
6.26822928006186E-04
4.87400124304628E-04
4.90327969678218E-04
4.53713657092276E-04
3.55940856177551E-04
2.82587082864453E-04
2.27936968846267E-04
1.87002387002388E-04
1.5559491218893E-04
1.21967501672755E-04
1.08896478040588E-04
8.48370522209571E-05
5.98921876883041E-05
4.35568018524484E-05
2.74793291888149E-05
1.52152164847752E-05
8.03949219710091E-06
3.7308877125132E-06
1.37638334069371E-06
4.22020262915056E-07
2.48435975728395E-07
3.22264806023299E-08
1.71221856511978E-09
2.06027686013513E-11
6.66834958528985E-15
6.89007805233111E-22
2.40718720251072E-45
0
0
0
0
0
0
0
0
0
0
0
0
0
0
0
0
0
0
0
0
0
0
0
0
0
0
0
0
0
0
0
0
0
0
0
0
0
0
0
0
0
0
0
0
0
0
0
0
0
0
0
0
0
0
0
0
0
0
0
0
0
0
0
0
0
0
0
0
0
0
0
0
0
0
0
0
0
0
0
0
0
0
0
0
0
0
0
0
0
0
0
0
0
0
0
0
0
0
0
0
0
0
0
0
0
0
0
0
0
0
0
0
0
0
0
0
0
0
0
0
0
0
0
0
0
0
0
0
0
0
0
0
0
0
0
0
0
0
0
0
0
0
0
0
0
0
0
0
0
0
0
0
0
0
0
0
0
0
0
0
0
0
0
0
0
0
0
0
0
0
0
0
0
0
0
0
0
0
0
0
0
0
0
0
0
0
0
0
0
0
0
0
0
0
0
0
0
0
0
0
0
0
0
0
0
0
0
0
0
""
