0
0
0
0
0
0
0
0
0
0
0
0
0
0
0
0
0
0
0
0
0
0
0
0
0
0
0
0
0
0
0
0
0
0
0
0
0
0
0
0
0
0
0
0
0
0
0
0
0
0
0
0
0
0
0
0
0
0
0
0
0
0
0
0
0
0
0
0
0
0
0
0
0
0
0
0
0
0
0
0
0
0
0
0
0
0
0
0
0
0
0
0
0
0
0
0
0
0
0
0
0
0
0
0
0
0
0
0
0
0
0
0
0
0
0
0
0
0
0
0
0
0
0
0
0
0
0
0
0
0
0
0
0
0
0
0
0
0
0
0
0
0
0
0
0
0
0
0
0
0
0
0
0
0
0
0
0
0
0
0
0
0
0
0
0
0
0
0
0
0
0
0
0
0
0
0
0
0
0
0
0
0
0
0
0
0
0
0
0
0
0
0
0
0
0
0
0
0
0
0
0
0
0
0
0
0
0
0
0
0
0
0
0
0
0
0
0
0
0
0
0
0
0
0
0
0
0
0
0
0
0
0
0
0
0
0
0
0
0
0
0
0
0
0
0
0
0
0
0
0
0
0
0
0
0
0
0
0
0
0
0
0
0
0
0
0
0
0
0
0
0
0
0
0
0
0
0
0
0
0
0
0
0
0
0
0
0
0
0
0
0
0
0
0
0
0
0
0
0
0
0
0
0
0
0
0
0
0
0
0
0
0
0
0
0
0
0
0
0
0
0
0
0
0
0
0
0
0
0
0
0
0
0
0
0
0
0
0
0
0
0
0
0
0
0
0
0
0
0
0
0
0
0
0
0
0
0
0
0
0
0
0
0
0
0
0
0
0
0
0
0
0
0
0
0
0
0
0
0
0
0
0
0
0
0
0
0
0
0
0
0
0
0
0
0
0
0
0
0
0
0
0
0
0
0
0
0
0
5.5726071901906E-200
3.61591994904415E-29
6.62821123945724E-17
1.75617636011461E-12
3.78063472432652E-10
9.89647811474592E-09
8.92458253816519E-08
4.461653094747E-07
1.40202016013741E-06
5.44296705924405E-06
9.50215875581265E-06
1.80986109391316E-05
3.03881529802492E-05
4.71593094905799E-05
6.96020314186795E-05
1.01367922646808E-04
1.42031503186774E-04
1.89993717951054E-04
2.46816375074551E-04
3.12772937480681E-04
3.74800662287376E-04
4.56544203253868E-04
3.47719874036054E-04
3.50202377105637E-04
4.97911005676693E-04
5.95773467138839E-04
6.22907969000905E-04
1.19986987355693E-03
1.35054212456731E-03
1.49276099291905E-03
1.5648124069689E-03
1.7280027223439E-03
1.78523172238593E-03
1.97640028369669E-03
2.17808585782504E-03
1.95303915793346E-03
2.17224844508914E-03
1.28756448366757E-03
1.63581353843243E-03
1.43869611827624E-03
1.49319241855655E-03
1.41218082074547E-03
1.5457393661661E-03
1.38894327636069E-03
1.31055162780432E-03
1.38223341324341E-03
1.45512290659452E-03
1.65150540534496E-03
1.60433315382373E-03
1.61334011495246E-03
1.68750441001753E-03
4.25964828144207E-03
7.66095026379342E-03
7.98130328233535E-03
8.30513387048574E-03
8.63230141630865E-03
8.96267081053565E-03
9.29611220789241E-03
9.63250079585895E-03
9.97171657132273E-03
1.03136441254136E-02
1.06581724366743E-02
1.04549349389808E-02
1.07868775996051E-02
9.48211385475018E-03
9.76877455753676E-03
1.00571401520335E-02
1.06026238014547E-02
1.09013855815041E-02
1.12016815607217E-02
1.13648500239015E-02
1.42248367133569E-02
1.45917183127814E-02
1.49601464049466E-02
1.53300517991841E-02
1.57013676005548E-02
1.60740291082626E-02
1.64479737190403E-02
1.68231408352653E-02
1.71994717775705E-02
1.75769097017276E-02
0.017955399519587
0.018334887823869
1.87153228166111E-02
1.90966542410841E-02
1.94788333169982E-02
1.98618126788322E-02
2.02455463171227E-02
2.06299895225624E-02
2.10150988327623E-02
2.14008319815399E-02
2.17871478506044E-02
2.21740064235147E-02
2.25613687417947E-02
2.29491968630938E-02
2.33374538212889E-02
2.37261035884293E-02
2.41151110384301E-02
2.45044419124252E-02
2.48940627856973E-02
2.50311016257426E-02
2.49038234695061E-02
2.55430561527979E-02
2.56611610862079E-02
2.60400397509415E-02
2.66913815890301E-02
2.51404630023446E-02
2.04529285200848E-02
2.27268480997184E-02
2.27515301732881E-02
2.30602735811207E-02
2.33689725632677E-02
2.36776073692421E-02
2.42897809041054E-02
2.46021340846379E-02
2.49143646169512E-02
2.86950914459713E-02
2.90499119760972E-02
2.61732639440364E-02
1.99482930235233E-02
1.75383907346546E-02
1.87489126490708E-02
2.33694669457774E-02
2.29522285147673E-02
1.52437892634051E-02
2.24208175125091E-02
2.26686038085269E-02
2.32741956519443E-02
2.96780901389853E-02
2.99945250225692E-02
3.03105827683006E-02
3.06262487469123E-02
3.69788760742855E-02
3.58304476997223E-02
3.85009184040982E-02
0.038494954841078
3.88734430487523E-02
3.96478360449563E-02
4.00289725418937E-02
4.04094977104408E-02
4.07893958973578E-02
4.11686516604112E-02
3.98853597722972E-02
3.39593918859513E-02
3.55340269483121E-02
3.96914222989312E-02
3.61660048894713E-02
3.17037947329363E-02
3.32911911010971E-02
3.35751149607554E-02
3.38584515199195E-02
3.41411904369268E-02
3.39703830507787E-02
3.42481920213976E-02
0.022556582452045
2.27372682219068E-02
2.29175364693734E-02
0.024040131213603
2.28017589229818E-02
2.15410170962646E-02
2.12226463951724E-02
2.18685300307797E-02
2.05628863706243E-02
1.97283339737898E-02
1.68916986525131E-02
1.95160432993411E-02
1.91519367306188E-02
1.67499900801618E-02
1.48231359590713E-02
1.44115918740722E-02
1.34744120537438E-02
1.35663640393242E-02
1.36580455787871E-02
1.37494538663967E-02
1.33082558871663E-02
0.011252316595016
1.13254708685398E-02
1.19411763241977E-02
1.20173308850858E-02
0.010444162199296
9.40324304671049E-03
8.34839703643537E-03
8.39964335129887E-03
8.45071662508031E-03
8.50161539222631E-03
7.98218231982164E-03
8.02935803351551E-03
8.07636684080782E-03
6.96274921710425E-03
6.4191902188297E-03
6.45572609177721E-03
5.90193338349909E-03
5.34141090388912E-03
5.37096947274724E-03
5.40041494347578E-03
5.42974651442098E-03
4.85241190261392E-03
6.70763473456317E-03
6.74306100015302E-03
6.16213110393206E-03
6.19407585102457E-03
6.22588884736795E-03
6.25756925110945E-03
6.28911622706393E-03
6.32052894664228E-03
6.98698724656014E-03
8.29783283534348E-03
7.69674405447098E-03
8.37826719137416E-03
7.77066018170062E-03
8.4579823812274E-03
8.49756772500557E-03
8.53697021657703E-03
9.23589568697938E-03
9.27793206942831E-03
7.98837284256036E-03
8.02406003282948E-03
8.05957387501987E-03
8.09491347792728E-03
8.13007795724323E-03
8.16506643550219E-03
8.19987804203019E-03
8.23451191289504E-03
7.57988659161984E-03
7.6113061065497E-03
1.11164514297477E-02
1.11616706591672E-02
0.010506231825751
0.011251380195386
1.05898765427206E-02
9.21383982121375E-03
8.53807937441216E-03
9.28513064136204E-03
1.00374323751037E-02
0.010794936890914
1.08352464845778E-02
1.01502983343376E-02
1.09151554091409E-02
1.09547528280117E-02
1.09941109559684E-02
1.17687774464106E-02
1.18102459719217E-02
1.33328883144188E-02
1.26356828557558E-02
1.26789169936073E-02
1.27218736909315E-02
1.27645519365204E-02
1.20536006847048E-02
1.13374138846697E-02
1.28909059755967E-02
1.36931934370736E-02
1.52632136208125E-02
1.60770050106511E-02
1.61272832917744E-02
1.54068647403735E-02
1.54540741996986E-02
1.24007557644243E-02
1.32153538980376E-02
1.24749316250675E-02
1.25116093697685E-02
1.09795109629447E-02
7.86508766634046E-03
7.88749484474071E-03
7.90972885217561E-03
7.93178917959571E-03
7.9536753225911E-03
7.97538678138075E-03
8.79661536688263E-03
8.82011203733274E-03
8.03946812392671E-03
8.06047594031067E-03
8.88943730693801E-03
1.05325476864352E-02
1.05591652673515E-02
1.05855507762023E-02
0.010611703616881
9.8193444915543E-03
1.06633089387998E-02
9.86654792981722E-03
9.8898245373585E-03
1.07389573466234E-02
1.07637019899299E-02
1.16180722614713E-02
1.16442099834748E-02
0.011670091646997
1.25311250070241E-02
1.25583048102906E-02
1.25852084248484E-02
0.012611835250665
1.09530934018155E-02
1.09756886801558E-02
1.01520392765757E-02
0.010172450320028
9.34325114486873E-03
8.51050058856065E-03
8.52694929870705E-03
7.68888939883994E-03
8.5592836618996E-03
8.57516859936045E-03
8.59086490438327E-03
7.74573500721093E-03
8.62169023459815E-03
8.63681857957425E-03
7.78658123850734E-03
7.79985446563968E-03
6.94484987627578E-03
6.95634300958214E-03
6.96768311668609E-03
6.97886994841744E-03
6.11616535173406E-03
6.12568495583897E-03
6.13506980838827E-03
6.14431970366494E-03
6.15343443902541E-03
6.16241381489842E-03
5.28964940124331E-03
5.2971134616443E-03
5.30446100223506E-03
6.19697383955859E-03
6.20527353187895E-03
7.1010705505628E-03
6.22146326105492E-03
5.33944538124584E-03
4.45507543640887E-03
4.46051506479223E-03
4.46585658439766E-03
3.57687990316389E-03
5.37149380125609E-03
5.37754960653078E-03
6.28073499540155E-03
7.18574169250493E-03
7.19334249534688E-03
8.10088323228257E-03
8.10907799736946E-03
8.11709442470663E-03
8.12493234040559E-03
8.13259157450821E-03
9.04452440109582E-03
8.14737333774091E-03
8.15449554660254E-03
8.16143843333017E-03
8.16820184761125E-03
8.17478564306127E-03
8.18118967722351E-03
7.27770116583889E-03
8.19345791149501E-03
8.19932184632731E-03
8.20500548931744E-03
7.29822997123892E-03
6.39009109854198E-03
7.3075319632448E-03
7.31194199583881E-03
7.31619125804341E-03
6.40524470086637E-03
5.49315533090355E-03
5.49598014188389E-03
5.4986841155976E-03
5.50126719371842E-03
4.58644110044741E-03
4.58839203580031E-03
4.59024209209407E-03
4.59199122944597E-03
4.59363941015383E-03
4.59518659869595E-03
4.59663276173113E-03
4.59797786809862E-03
5.51906626658173E-03
5.52043775650762E-03
5.52168788195261E-03
7.36375548798636E-03
7.36509857907812E-03
7.36627975362003E-03
7.36729898617523E-03
7.36815625479542E-03
9.21106442627604E-03
1.01329041410853E-02
0.0101334146511
1.10549480595881E-02
9.21251576859738E-03
9.21237229291418E-03
1.19756341800719E-02
1.19749211067117E-02
1.28950174511431E-02
1.28936825329239E-02
1.38129258838265E-02
1.10487105959441E-02
0.011046837587116
1.10447217209133E-02
1.19625599631477E-02
1.28797218712109E-02
1.19566605815768E-02
1.19533165615929E-02
1.19497097496441E-02
1.19458402234426E-02
1.28603009945517E-02
1.37738231163172E-02
1.28505528539002E-02
1.28452549386752E-02
1.28396746104378E-02
1.37505128459039E-02
1.46601910883668E-02
1.55686490345615E-02
1.55605027365549E-02
1.46371899417721E-02
1.46288790093867E-02
1.37064810266197E-02
1.36980866110833E-02
1.73398952741993E-02
1.55044469855441E-02
1.54939099158958E-02
1.54830321587997E-02
1.54718139493438E-02
1.54602555300332E-02
1.63570840420134E-02
1.63441260730121E-02
1.63308086992464E-02
1.45041175190258E-02
1.35859140816908E-02
1.26689912770721E-02
1.17534090830997E-02
1.17424963648014E-02
1.08289157633757E-02
0.011719896461851
1.26088412878025E-02
1.25959783169715E-02
1.25828383255804E-02
1.25694215989017E-02
1.25557284283246E-02
1.07500792383048E-02
9.8430466762726E-03
1.07254227933096E-02
8.92728382067496E-03
8.91651895989818E-03
8.90555797979143E-03
8.00496100718353E-03
7.99474375882414E-03
7.98435065947486E-03
6.20183039452356E-03
6.19347385880887E-03
5.30141236133008E-03
4.41168019161175E-03
4.40541970535332E-03
4.39906231255232E-03
4.39260815228706E-03
3.5088458926633E-03
4.37941009664407E-03
4.37266649039233E-03
4.36582669493001E-03
3.48711268824785E-03
3.48148731102562E-03
3.47578534783636E-03
3.47000692399877E-03
2.59811412494405E-03
1.72911060222846E-03
1.72610708409816E-03
1.72306559508834E-03
1.71998620226436E-03
1.71686897357432E-03
1.71371397784961E-03
1.71052128480548E-03
1.70729096504164E-03
1.70402309004292E-03
2.55107659826984E-03
2.54606244706438E-03
2.54099229266425E-03
3.38115499682341E-03
3.37424590107386E-03
5.8927095323671E-03
6.72041043754992E-03
6.70614788961967E-03
6.6917378539921E-03
5.84253307065213E-03
6.66247660924738E-03
9.14048582407794E-03
9.11986531266591E-03
8.2718584229558E-03
9.90329798023272E-03
1.07034937858851E-02
1.14995778530874E-02
1.22914965327954E-02
1.38966461307004E-02
1.46780725209117E-02
1.54551557555433E-02
1.54164508254317E-02
1.61867442934669E-02
1.53380253991091E-02
1.52983066785207E-02
0.016061317702999
1.68197419083571E-02
1.27807472193898E-02
1.35428080041523E-02
1.35057746327173E-02
1.34684446513435E-02
1.50109152556353E-02
1.41807158240607E-02
0.014925822864996
1.56660891798075E-02
1.56204420272535E-02
1.55744520817812E-02
1.55281204027454E-02
1.62555204618527E-02
0.016977879741307
1.53870856990597E-02
1.68733376546289E-02
1.68205111156192E-02
1.44808637143375E-02
1.51943210776415E-02
1.51452948013486E-02
1.58507335899076E-02
1.35416232766579E-02
1.34966069679648E-02
1.34512952077229E-02
1.11714075512281E-02
1.11331580029968E-02
1.18343092598598E-02
1.17929911954427E-02
1.10169518644134E-02
1.09777337122542E-02
9.47983895893578E-03
8.71886306668209E-03
9.41082479524287E-03
0.009376009205938
9.34098905562463E-03
7.87410900321127E-03
7.84413252947599E-03
7.10362283487131E-03
7.07606136260509E-03
7.04834582343374E-03
7.02047689061678E-03
6.99245524272279E-03
6.26785340729532E-03
6.93595654271656E-03
0.007598228962038
8.25462631126423E-03
8.90510452357701E-03
8.86750412054652E-03
8.82971155980316E-03
8.7917277803115E-03
8.08020344156492E-03
1.00559888741835E-02
1.00115061106273E-02
9.96680712890605E-03
1.19062716664263E-02
0.011852118030118
1.17977090185443E-02
1.37002203510798E-02
1.36361521501834E-02
1.22792393782261E-02
0.011577547052566
1.15218821350762E-02
1.21029686580183E-02
1.20436915211583E-02
1.32456470227455E-02
1.38071607932205E-02
1.31131969132165E-02
1.30465517821477E-02
1.29796289418475E-02
1.35273077930455E-02
1.34566218734804E-02
1.46025279709312E-02
1.39195958141237E-02
1.38448080361369E-02
1.49670956455826E-02
1.42897645841347E-02
1.48029340102015E-02
1.47203856036033E-02
1.40520273537625E-02
1.33900157726663E-02
1.09978819810658E-02
1.09342172360094E-02
9.72608019804158E-03
8.53121593804182E-03
8.48041960613656E-03
8.42944791879679E-03
8.37830233419022E-03
8.32698432318996E-03
9.37889475218002E-03
9.32034856623887E-03
9.80641276236243E-03
8.66135241446905E-03
8.60571761863548E-03
8.5499086117051E-03
7.43218618076253E-03
5.80097007887749E-03
5.23840818890873E-03
5.20310256693173E-03
4.65092404206691E-03
4.61896354987095E-03
4.58691182750947E-03
4.5547698785109E-03
5.02504301806481E-03
4.98913262686736E-03
4.95312539550005E-03
4.91702248409615E-03
4.39274255816895E-03
3.87562745693641E-03
3.8465211600884E-03
3.81734212835836E-03
3.78809133923495E-03
3.75876978072116E-03
3.72937845156421E-03
3.69991836149359E-03
3.21159171503394E-03
2.73059699544532E-03
2.70835184479639E-03
2.68605823881116E-03
2.66371697887489E-03
2.64132887582056E-03
2.61889475015662E-03
2.16367952691906E-03
2.14490980236251E-03
2.55132459273789E-03
1.68580985577881E-03
1.67070880548447E-03
1.65558050016024E-03
1.64042553670344E-03
1.62524451989311E-03
2.41505709389984E-03
2.79091187550686E-03
2.76421480968641E-03
2.73747652943839E-03
2.71069816788652E-03
2.30046932088923E-03
2.27745069849157E-03
2.25440071942569E-03
2.60320714845745E-03
2.5762459612703E-03
2.18507301324165E-03
2.16190805822384E-03
2.49516989547733E-03
2.11550111025875E-03
2.09226135914319E-03
2.41383210655015E-03
2.72762006131482E-03
2.69654778563127E-03
2.66545004819077E-03
2.30503742674563E-03
2.60318477191483E-03
3.21502574811751E-03
3.17604712009761E-03
3.76445673790586E-03
3.0980284746477E-03
3.67079158084087E-03
3.62393176639216E-03
3.57705757573363E-03
3.23599092215211E-03
3.48327774931584E-03
3.4363781041146E-03
3.10701972904494E-03
3.06402689529904E-03
2.7463979215549E-03
2.7073229102557E-03
3.20190811803359E-03
3.15504282213697E-03
3.10819512176994E-03
2.55114051257196E-03
2.51213915359559E-03
2.47316166581184E-03
2.43421126603339E-03
2.15576212459976E-03
2.59204549255133E-03
2.78106715041442E-03
2.73449723481373E-03
2.68798061481396E-03
2.86164858916639E-03
2.81138576066054E-03
2.76119563512157E-03
2.91962835627857E-03
2.86575119728794E-03
2.6111148222933E-03
2.7582903469058E-03
2.70471914638642E-03
2.46188681751528E-03
2.4123615286886E-03
2.18118966979722E-03
2.49165029522491E-03
2.43872218595743E-03
2.21551991838736E-03
0.002166659052395
2.11795263404387E-03
2.0694083942581E-03
1.86557013969371E-03
1.66932501651237E-03
1.6287022538179E-03
1.73263105704236E-03
1.54796138160121E-03
1.37078089162207E-03
1.33449654924178E-03
1.16855314196976E-03
1.13622880708327E-03
1.22675712916123E-03
1.07211877354029E-03
1.04034897375696E-03
1.12086712915869E-03
1.19462666819981E-03
1.26170964812482E-03
1.22049475897788E-03
1.17959745174974E-03
9.49192721274735E-04
8.24107707090256E-04
7.94211840956654E-04
8.49552522443726E-04
0.000898670514879
8.6320669284163E-04
8.28132036137919E-04
7.93462916071995E-04
8.2823604606491E-04
7.25410157432366E-04
7.54977526885431E-04
8.3897332967305E-04
8.54757222638835E-04
7.57233854814317E-04
7.17382243874096E-04
7.75139710106445E-04
7.31267039071884E-04
6.45265101080269E-04
6.0583463772672E-04
6.05127594444548E-04
6.00348724831597E-04
5.91731787041795E-04
6.40524582072782E-04
5.63977575939785E-04
5.7133746364882E-04
5.0015749622704E-04
4.78350044387798E-04
4.34528441276204E-04
3.92574583711404E-04
3.36528163037196E-04
2.43044990986516E-04
2.15253855343061E-04
2.00224337943452E-04
1.6462954216905E-04
1.41880120806997E-04
1.20887194021219E-04
8.37353396453232E-05
7.43590390345617E-05
6.46403025880538E-05
4.84356781589595E-05
3.78465051013881E-05
3.07170206517066E-05
2.26482349395316E-05
1.60810497207263E-05
1.12692026750778E-05
7.07062890223957E-06
4.71397606169746E-06
2.53087363647192E-06
1.20649840246475E-06
5.28436481859111E-07
1.73636021179814E-07
4.51431363397856E-08
7.90404415825339E-09
6.3960030230364E-10
1.13190994406017E-11
1.10038321382554E-14
3.62496221545794E-21
6.48687322724782E-45
0
0
0
0
0
0
0
0
0
0
0
0
0
0
0
0
0
0
0
0
0
0
0
0
0
0
0
0
0
0
0
0
0
0
0
0
0
0
0
0
0
0
0
0
0
0
0
0
0
0
0
0
0
0
0
0
0
0
0
0
0
0
0
0
0
0
0
0
0
0
0
0
0
0
0
0
0
0
0
0
0
0
0
0
0
0
0
0
0
0
0
0
0
0
0
0
0
0
0
0
0
0
0
0
0
0
0
0
0
0
0
0
0
0
0
0
0
0
0
0
0
0
0
0
0
0
0
0
0
0
0
0
0
0
0
0
0
0
0
0
0
0
0
0
0
0
0
0
0
0
0
0
0
0
0
0
0
0
0
0
0
0
0
0
0
0
0
0
0
0
0
0
0
0
0
0
0
0
0
0
0
0
0
0
0
0
0
0
0
0
0
0
0
0
0
0
0
0
0
0
0
0
0
0
0
0
0
0
0
0
0
0
0
0
0
0
0
0
0
0
0
0
0
0
0
0
0
0
0
0
0
0
0
0
0
0
0
0
0
0
0
0
0
0
0
0
0
0
0
0
0
0
0
0
0
0
0
0
0
0
0
0
0
0
0
0
0
0
0
0
0
0
0
0
0
0
""
