0
0
0
0
0
0
0
0
0
0
0
0
0
0
0
0
0
0
0
0
0
0
0
0
0
0
0
0
0
0
0
0
0
0
0
0
0
0
0
0
0
0
0
0
0
0
0
0
0
0
0
0
0
0
0
0
0
0
0
0
0
0
0
0
0
0
0
0
0
0
0
0
0
0
0
0
0
0
0
0
0
0
0
0
0
0
0
0
0
0
0
0
0
0
0
0
0
0
0
0
0
0
0
0
0
0
0
0
0
0
0
0
0
0
0
0
0
0
0
0
0
0
0
0
0
0
0
0
0
0
0
0
0
0
0
0
0
0
0
0
0
0
0
0
0
0
0
0
0
0
0
0
0
0
0
0
0
0
0
0
0
0
0
0
0
0
0
0
0
0
0
0
0
0
0
0
0
0
0
0
0
0
0
0
0
0
0
0
0
0
0
0
0
0
0
0
0
0
0
0
0
0
0
0
0
0
0
0
0
0
0
0
0
0
0
0
0
0
0
0
0
0
0
0
0
0
0
0
0
0
0
0
0
0
0
0
0
0
0
0
0
0
0
0
0
0
0
0
0
0
0
0
0
0
0
0
0
0
0
0
0
0
0
0
0
0
0
0
0
0
0
0
0
0
0
0
0
0
0
0
0
0
0
0
0
0
0
0
0
0
0
0
0
0
0
0
0
0
0
0
0
0
0
0
0
0
0
0
0
0
0
0
0
0
0
0
0
0
0
0
0
0
0
0
0
0
0
0
0
0
0
0
0
0
0
0
0
0
0
0
0
0
0
0
0
0
0
0
0
0
0
0
0
0
0
0
0
0
0
0
0
0
0
0
0
0
0
0
0
0
0
0
0
0
0
0
0
0
0
0
0
0
0
0
1.97071837307471E-33
9.52010880140029E-18
1.12557230997273E-12
3.72530301607047E-10
1.20055519580418E-08
1.16716446327681E-07
5.81787293173608E-07
1.90351801584144E-06
4.85020806478897E-06
1.05737358868104E-05
1.96276147490156E-05
2.51022745157075E-05
3.48135681987871E-05
3.81327582939387E-05
4.92575172963994E-05
6.23255174775507E-05
8.19474007696322E-05
1.07173323777368E-04
1.54467750419698E-04
1.74023908356863E-04
1.29409204526696E-04
1.49891690917388E-04
1.65884130410682E-04
1.8759543864294E-04
2.24079035510407E-04
2.48758237092633E-04
2.56904099398829E-04
2.90428834333755E-04
3.1577966890744E-04
3.63467681068485E-04
3.67334693068762E-04
4.18780394149935E-04
4.46644655344984E-04
5.46474567740953E-04
5.1773357795368E-04
5.62554137106843E-04
6.42817854970243E-04
6.74737468101239E-04
9.47401742668111E-04
9.92383330123686E-04
1.07851961887396E-03
1.14350612098827E-03
1.23399826946158E-03
1.27096219100073E-03
2.48404560004714E-03
2.68941194017138E-03
2.52360493375795E-03
3.05388320855735E-03
3.3602358170816E-03
3.64360408156332E-03
3.85338824903567E-03
4.02137969479605E-03
4.28611858346927E-03
4.40633843110322E-03
4.68174547790477E-03
5.13554457582148E-03
5.37803983949366E-03
5.62436664311664E-03
5.87441074116215E-03
5.38730628966696E-03
5.61337044509355E-03
5.62332637320758E-03
5.46692033426452E-03
6.15137211983695E-03
6.4647308654313E-03
6.70182972189575E-03
7.20505243490723E-03
5.91049385995602E-03
5.26539338927746E-03
5.05170590941889E-03
5.21558452001647E-03
0.003414791948635
3.52056758863082E-03
3.62718985483633E-03
3.62146158332769E-03
4.77447365097929E-03
4.90990546855876E-03
5.04626282266495E-03
5.56279792602047E-03
5.58122912955239E-03
1.07880095000975E-02
1.10641457254349E-02
1.14818572036889E-02
1.16210251077962E-02
1.21955361675866E-02
6.76873023904724E-03
6.46443149107885E-03
6.4546311701909E-03
6.76034750340688E-03
6.74476143099661E-03
6.72266673499649E-03
6.86564075990477E-03
5.95778357897241E-03
6.25904686187506E-03
6.56796556192162E-03
6.51242188441009E-03
7.01914357943707E-03
7.34749776021255E-03
7.2895411846776E-03
6.42190167023749E-03
7.56147511300451E-03
7.69798013769963E-03
7.62307223562041E-03
6.03285964844721E-03
5.47937345992264E-03
5.34956715954391E-03
4.75922979232886E-03
4.37700451245731E-03
5.15051435922034E-03
5.47093043866017E-03
6.04062699693613E-03
6.87090821128201E-03
7.22563180105524E-03
7.33512022638924E-03
7.44475411971188E-03
7.81502555693623E-03
8.19300429398432E-03
1.34042097755749E-02
1.30503249180746E-02
1.26814134520773E-02
1.34153911570943E-02
1.30315581411466E-02
1.32068260588579E-02
1.48367961048069E-02
1.32629604437582E-02
1.37332683788548E-02
1.39089232687267E-02
0.014390834295841
1.45704357896528E-02
1.47500845385112E-02
1.39768055936911E-02
1.41450453408015E-02
1.43132991081658E-02
1.48106834335952E-02
2.36394658295435E-02
2.42477143624317E-02
3.40596849497623E-02
3.34086556934085E-02
0.034127563992425
3.45019388798089E-02
3.48761798938936E-02
0.033811481280337
3.45336470797011E-02
3.08553495976291E-02
3.60002859005088E-02
3.26203038066053E-02
3.48452359367114E-02
3.51951904264732E-02
3.51585234830991E-02
3.47238250136303E-02
3.50615546174088E-02
3.85809131130681E-02
3.89483254225954E-02
2.59400416548781E-02
2.41365031885719E-02
3.30295467483124E-02
2.95815229587304E-02
2.52245169712489E-02
2.67228057001663E-02
2.61037129368651E-02
2.63326669591695E-02
2.69967467824276E-02
2.94246964045386E-02
2.87893083088167E-02
2.72453351463898E-02
2.92741563031115E-02
2.27046340691975E-02
2.19747759752437E-02
1.98452287526152E-02
2.04696749669551E-02
2.06323263242729E-02
1.98494803644052E-02
3.23877372214369E-02
3.21577961151337E-02
2.85345889344017E-02
2.77761059364971E-02
2.79844911969354E-02
2.81924631204539E-02
4.13544069094021E-02
4.16560075748317E-02
4.19569746726772E-02
4.07299256254555E-02
4.10187631760875E-02
0.042855971372214
4.47140955126113E-02
4.50224994404015E-02
4.53301839068936E-02
4.56371387409959E-02
4.54091288162895E-02
0.045173265337469
4.49295648960347E-02
4.52228988284133E-02
4.55154807687309E-02
4.58073013992942E-02
5.55401825073286E-02
5.58899058464802E-02
5.62386788296721E-02
5.65864906016086E-02
5.69333303963711E-02
5.72791875361587E-02
5.76240514300641E-02
5.79679115728831E-02
5.83107575439571E-02
3.46050216135683E-02
2.83168155380369E-02
2.78865605084999E-02
2.80457432714501E-02
4.62072502268952E-02
5.18975278209178E-02
5.64337247348147E-02
5.67446862693767E-02
5.95085829620117E-02
6.16812035513114E-02
6.20122289828778E-02
6.23421214090951E-02
6.26708714164468E-02
6.29984696627309E-02
6.33249068762972E-02
6.36501738553042E-02
5.50178648616173E-02
5.72244729758331E-02
0.056864598910814
5.71466348572284E-02
0.052206910371768
5.24613552946977E-02
6.58935175209396E-02
6.62090995046071E-02
0.066523431465536
6.68365048632886E-02
6.71483112202794E-02
6.74588421212394E-02
6.77680892126958E-02
6.80760442024659E-02
6.83826988591635E-02
6.86880450117198E-02
6.89920745489165E-02
6.92947794189313E-02
6.95961516288961E-02
0.069896183244467
7.01948663894054E-02
7.04921932451709E-02
7.07881560505249E-02
6.32636449200189E-02
6.35246032868317E-02
6.16342937267791E-02
5.10903316043875E-02
4.91281243159902E-02
3.55420815566165E-02
3.49541098523204E-02
3.58218615722746E-02
3.74284850187057E-02
4.49393673935808E-02
4.28919025491053E-02
4.23114222233938E-02
6.48220596977388E-02
6.05751995673402E-02
0.060797632508781
0.061018866065123
6.12388946972445E-02
6.06989757115438E-02
6.16753152417205E-02
6.11276012687872E-02
5.98065969358305E-02
6.00125962691878E-02
5.86733681390317E-02
5.80971302896385E-02
4.19700636892067E-02
4.36689641580232E-02
5.63304189439972E-02
5.02345813756194E-02
3.54351636776602E-02
3.15986044459861E-02
2.77363226326859E-02
0.026233408417806
2.47200596398238E-02
1.99968706617328E-02
2.08601212079213E-02
2.09230788741164E-02
2.09856169679841E-02
2.02382057531029E-02
1.86737251460943E-02
1.95421835215146E-02
2.04149458472192E-02
1.96541183702882E-02
2.05307221450199E-02
2.05879909982501E-02
1.98190513571271E-02
1.82171292934485E-02
1.82664275461647E-02
1.66503248472412E-02
1.83639174909367E-02
1.92490208222402E-02
2.01380992801378E-02
2.10311008657334E-02
2.02412062033069E-02
1.94466400961167E-02
0.021190287067247
2.12424929249288E-02
0.020442497881159
2.04917884390786E-02
1.96848027389194E-02
1.97312424950462E-02
1.97772821042391E-02
1.98229204921046E-02
1.90043236993413E-02
1.81814250667749E-02
0.016486562482082
1.65229292823497E-02
0.016558960331287
2.00882663287428E-02
1.92558031848422E-02
1.75421375340784E-02
1.75786425592883E-02
1.40918318839183E-02
1.41204628693034E-02
1.50331067398491E-02
1.50629155065121E-02
1.15412603742577E-02
1.24530920535463E-02
1.24768806532803E-02
0.040179904993481
3.57819834697657E-02
3.22629894060813E-02
2.87302537677548E-02
2.78822800821747E-02
2.97335937332153E-02
2.97854436140242E-02
2.80284013614425E-02
2.80759650959413E-02
2.81229553322704E-02
2.81693709998683E-02
3.00355472382638E-02
3.00837308296967E-02
0.038348926576381
4.11521618550081E-02
0.043047139752811
4.40295342232782E-02
7.99224257422544E-02
8.09596819512496E-02
8.93685613398223E-02
9.13409153069531E-02
9.23926756712867E-02
0.092519909112897
9.26452482649387E-02
9.27686902967891E-02
9.28902324221863E-02
9.30098718992151E-02
9.31276060302953E-02
0.093243432162169
9.33573476858895E-02
9.34693500368105E-02
9.35794366945751E-02
9.36876051831065E-02
0.093793853070598
8.54473419522491E-02
8.17805024567838E-02
8.18679130411934E-02
8.38376364554718E-02
6.41214170043932E-02
6.41857964745235E-02
3.87382827547347E-02
3.78297669275005E-02
4.07052093964023E-02
5.68501173163987E-02
6.82813216492186E-02
5.12558258695106E-02
5.60495722279124E-02
5.60962582822366E-02
0.083736911282581
8.28508000388181E-02
0.081008462140163
7.53465539588797E-02
7.34924482648986E-02
6.30380066600636E-02
6.40369673069605E-02
4.97333366772477E-02
4.97653190676255E-02
5.36267623159228E-02
5.55753955102555E-02
0.055607645572788
7.00280860453512E-02
7.00658002261669E-02
8.35463084704651E-02
8.35878234476924E-02
8.45888580122616E-02
7.30872783442015E-02
7.88915970281426E-02
7.50742830595795E-02
7.60666661294793E-02
8.28375897196114E-02
8.76845595313113E-02
8.86774739520478E-02
8.48482601896522E-02
8.48728449312829E-02
8.48956852847291E-02
8.49167807423492E-02
8.78316807501685E-02
9.26768019640103E-02
9.65563559616267E-02
9.46409440048222E-02
9.65864426629999E-02
9.65985081135167E-02
9.66085879251809E-02
9.66166818740869E-02
9.66227897804478E-02
0.042515841063782
3.76853283171222E-02
2.80224668713696E-02
2.89882076786566E-02
2.99532959956501E-02
2.99514950029745E-02
2.99490783299215E-02
2.89800445453271E-02
3.28400496069919E-02
3.28353736885567E-02
3.08988450195525E-02
3.18585854788453E-02
3.18520821908345E-02
3.18449242068808E-02
3.28018726462267E-02
3.27931491898798E-02
3.18195237427556E-02
3.18097487112237E-02
2.98720884140614E-02
3.08249576871593E-02
3.17765020283561E-02
3.08015645343491E-02
3.27132257830009E-02
3.36608557629925E-02
3.46069443847382E-02
3.65122822531894E-02
4.99395162798948E-02
0.049913830799669
7.38713120797805E-02
7.86244132527926E-02
0.07857906079863
0.079489802639944
7.94406304562682E-02
7.93898265728181E-02
7.93373921221962E-02
7.92833282736451E-02
7.82730863989163E-02
0.021938762609489
2.09692794796956E-02
0.018095967081722
0.017130060336257
1.80671224155606E-02
1.90022564105002E-02
0.021834014047266
2.84543283594981E-02
2.65336623789393E-02
2.74561716401541E-02
2.83763655472138E-02
3.02391601872387E-02
2.83214781725652E-02
2.73500572376997E-02
2.73221245458416E-02
2.72936314508906E-02
2.72645785919896E-02
2.72349666211074E-02
2.72047962030416E-02
2.71740680154199E-02
2.80787407745206E-02
2.80458011443323E-02
0.027078543804008
2.79781981770398E-02
2.42177315132533E-02
2.41871950906806E-02
2.41561631738332E-02
2.41246364623511E-02
2.40926156674012E-02
2.49854900313599E-02
2.31029757013623E-02
2.30707654484406E-02
2.30380829614144E-02
1.93241403428334E-02
1.92958955727485E-02
2.01847443987483E-02
2.10704339744928E-02
2.28676132782432E-02
2.28321133002589E-02
2.18843006366067E-02
2.27597136839632E-02
2.18139030633504E-02
0.023592871491202
3.89539193555477E-02
3.88880632155034E-02
0.039724236409832
3.87539697947172E-02
3.95854038433398E-02
3.23302703043066E-02
3.13753836456183E-02
3.22127176495199E-02
0.031259817430459
3.12010774575058E-02
2.84724126770178E-02
1.86490143104631E-02
1.86126277752707E-02
1.76912971908744E-02
1.85387179820612E-02
1.85011964258175E-02
1.49464795331036E-02
1.40381137672389E-02
1.40086670689916E-02
1.22315685106535E-02
1.22053046242328E-02
1.21787926344925E-02
1.21520331561718E-02
1.03928801231743E-02
1.03695207639032E-02
1.03459508850554E-02
1.03221710353952E-02
1.11563635832627E-02
1.28424795576188E-02
1.19578401033069E-02
1.10770433538069E-02
1.02001418155757E-02
0.011023040136787
1.01498801536285E-02
1.01244409520181E-02
0.010940363379774
1.09123611992657E-02
1.25586213270315E-02
1.25258029598808E-02
1.24927316734947E-02
1.24594082506613E-02
1.24258334811774E-02
1.15658742844044E-02
1.15340708901331E-02
1.31451830359619E-02
1.22890369787685E-02
1.22542175692953E-02
1.30337618132879E-02
1.54328642660452E-02
1.53878263315327E-02
1.53424794309318E-02
1.44917286200695E-02
1.52508631016761E-02
1.52045958809275E-02
1.51580241099538E-02
0.015906472542763
1.58568120358166E-02
1.65971762642206E-02
1.65443683258791E-02
1.80618234527183E-02
1.87860147546636E-02
1.87245348993688E-02
1.78850703116944E-02
1.62754005463758E-02
1.62206305954476E-02
1.61655383024086E-02
1.30415297834902E-02
1.37609075470324E-02
1.37128637294096E-02
1.29054067598386E-02
1.28595201977845E-02
1.28133794241685E-02
1.20159864389723E-02
1.12238292888629E-02
1.04369533899795E-02
1.11408506422427E-02
1.18389675537066E-02
1.17941284637407E-02
1.10147417656544E-02
1.09722721462219E-02
1.09295876564206E-02
1.23382479688588E-02
1.44581045679719E-02
1.29603070629835E-02
1.21909525931938E-02
1.21413779208127E-02
1.20915672664493E-02
1.13331971004685E-02
9.16977419485932E-03
1.12383363300445E-02
1.04911683137111E-02
1.04461938707457E-02
9.70761694994274E-03
8.97489005596868E-03
8.93539200944818E-03
8.89572264525339E-03
7.49343947565185E-03
7.45958584867111E-03
9.45075085068491E-03
8.73535319457233E-03
8.69484319778153E-03
9.31987357634852E-03
9.93845730551319E-03
9.89114808283393E-03
9.84365245290651E-03
9.79597171445537E-03
9.74810717587371E-03
9.70006015531264E-03
1.02952874461576E-02
1.02436522562115E-02
9.55483753157375E-03
9.5060739630235E-03
8.82665900938618E-03
1.00352223786216E-02
1.06065655777666E-02
1.11711313352938E-02
0.012346196971514
1.22798008029417E-02
1.22131815541137E-02
1.21463411492561E-02
1.20792815274865E-02
1.14114044108392E-02
1.13472868419319E-02
1.12829666300062E-02
1.06280011662786E-02
1.11537258939405E-02
1.28396738290186E-02
1.27642814173471E-02
1.32654230699985E-02
1.60526908212345E-02
1.65257456963494E-02
0.016991591122996
1.63243814681031E-02
0.017901549199698
1.89015383750497E-02
1.98872055160616E-02
2.03095904970357E-02
1.96338289648965E-02
1.89647971622177E-02
1.88408357579383E-02
1.87165646060108E-02
1.96543870319902E-02
1.84671092005385E-02
1.72938226430422E-02
1.87369339721189E-02
1.60231956841023E-02
1.64248328928656E-02
0.013761002324426
1.31572890056243E-02
1.25606156156089E-02
1.09734244385679E-02
1.08933415572267E-02
1.08130958935853E-02
8.78129203925728E-03
8.71537707557841E-03
8.16881725929352E-03
7.6294852930374E-03
7.57056406721009E-03
7.04206600771089E-03
6.98663108736906E-03
7.39317452137543E-03
8.25057380394455E-03
8.18371723253443E-03
7.21489259934685E-03
7.60248236318279E-03
7.5390456659859E-03
7.91525200602053E-03
6.53990755675672E-03
6.91594028390278E-03
6.85589865111819E-03
6.79577894286182E-03
6.31460965714807E-03
6.67531522899712E-03
6.20154024341233E-03
5.32558754699298E-03
5.27645373831095E-03
5.22726891682804E-03
5.57634564342253E-03
5.91779410734481E-03
5.86088086880304E-03
5.41699098681367E-03
4.21440129776204E-03
4.55188748569306E-03
4.50621367065487E-03
4.83221853721639E-03
6.99006348064466E-03
6.91761255106777E-03
6.12458467042489E-03
6.41614887704879E-03
5.9947805799406E-03
5.92984126908829E-03
6.55486769354928E-03
6.48224684812138E-03
6.74695896690093E-03
7.0040130229086E-03
6.59401084322509E-03
6.51753001008712E-03
6.44105045275224E-03
6.36457659761576E-03
5.97370729339608E-03
6.83283045299009E-03
7.66904320147505E-03
8.17941941336796E-03
8.37543384025819E-03
8.85916511686391E-03
8.74470923186778E-03
9.2056736197476E-03
9.36760238265644E-03
1.00821197974566E-02
1.02213979698131E-02
1.03531895568162E-02
8.86558962282225E-03
1.64213139198909E-02
1.87970151456434E-02
2.18691213138535E-02
2.18012213722338E-02
2.12267387598648E-02
2.09062073456118E-02
2.03439612008614E-02
2.00281669981379E-02
1.99475741083206E-02
1.61651487249219E-02
1.59033672090084E-02
0.015195176739049
1.47221521497391E-02
1.25289697561306E-02
1.01907920713558E-02
1.02218084780352E-02
9.63112767366936E-03
8.6531645052151E-03
9.08799279436442E-03
1.08586269742191E-02
1.04639580490626E-02
1.04504221414314E-02
9.69832106634495E-03
9.86544687274706E-03
1.01945937749605E-02
9.64202145890335E-03
9.1045369590349E-03
9.73736594508969E-03
9.68952948357401E-03
9.1616353944955E-03
9.42095318052323E-03
9.05643487247693E-03
8.99481430376536E-03
9.21527084304496E-03
3.65401605712433E-03
3.29059195701578E-03
2.94131177685226E-03
2.86668132385105E-03
2.91943089667713E-03
2.84236098608259E-03
3.00629489890512E-03
2.80668346464776E-03
2.61421894436386E-03
5.85131653217517E-03
5.35837191090164E-03
5.19791055390776E-03
5.24031764500574E-03
4.9786030883536E-03
4.81909546199844E-03
4.56967161370132E-03
4.50455876894984E-03
3.8379043306347E-03
3.62034858109247E-03
3.41021577221882E-03
2.52013988611224E-03
1.91004592888712E-03
2.04724695507475E-03
1.82960773103328E-03
1.75419101721588E-03
1.61762308318415E-03
0.001547082443903
1.42079958966073E-03
1.30089586334767E-03
1.23889249444097E-03
1.17798992912549E-03
1.16481396224553E-03
1.01547008047343E-03
1.00222339875162E-03
9.46064323841557E-04
8.54047546101727E-04
8.02707270439722E-04
7.52660240891507E-04
7.03943105034747E-04
6.56592990730338E-04
6.10647412274758E-04
5.16914229724753E-04
3.63910361540311E-04
3.14097567204502E-04
2.49637982079459E-04
1.96702492988159E-04
2.21554232024375E-04
1.94397353813696E-04
2.30317868641148E-04
2.03112676675466E-04
2.04925248859025E-04
1.9225393749899E-04
1.79632027427211E-04
1.67087729561436E-04
1.44342300337989E-04
1.23379611848804E-04
1.04201688063182E-04
8.68030843631946E-05
7.1169691390541E-05
7.00057613073369E-05
6.76364022498284E-05
6.41866258634018E-05
5.55282779092838E-05
5.09947756585129E-05
3.97140932653125E-05
3.51813883169868E-05
2.82878445386947E-05
1.89757817017762E-05
1.43771998979285E-05
1.04733121447142E-05
7.26979987093391E-06
4.35515612164644E-06
2.6365484205176E-06
1.57670723797617E-06
8.20601590417028E-07
3.03718117339354E-07
9.41673187756911E-08
1.98969401370001E-08
2.09640616375994E-09
8.40088699959119E-11
4.24070189339856E-13
1.40836137918877E-17
3.34863209784177E-30
1.04536652972414E-281
0
0
0
0
0
0
0
0
0
0
0
0
0
0
0
0
0
0
0
0
0
0
0
0
0
0
0
0
0
0
0
0
0
0
0
0
0
0
0
0
0
0
0
0
0
0
0
0
0
0
0
0
0
0
0
0
0
0
0
0
0
0
0
0
0
0
0
0
0
0
0
0
0
0
0
0
0
0
0
0
0
0
0
0
0
0
0
0
0
0
0
0
0
0
0
0
0
0
0
0
0
0
0
0
0
0
0
0
0
0
0
0
0
0
0
0
0
0
0
0
0
0
0
0
0
0
0
0
0
0
0
0
0
0
0
0
0
0
0
0
0
0
0
0
0
0
0
0
0
0
0
0
0
0
0
0
0
0
0
0
0
0
0
0
0
0
0
0
0
0
0
0
0
0
0
0
0
0
0
0
0
0
0
0
0
0
0
0
0
0
0
0
0
0
0
0
0
0
0
0
0
0
0
0
0
0
0
0
0
0
0
0
0
0
0
0
0
0
0
0
0
0
0
0
0
0
0
0
0
0
0
0
0
0
0
0
0
0
0
0
0
""
