0
0
0
0
0
0
0
0
0
0
0
0
0
0
0
0
0
0
0
0
0
0
0
0
0
0
0
0
0
0
0
0
0
0
0
0
0
0
0
0
0
0
0
0
0
0
0
0
0
0
0
0
0
0
0
0
0
0
0
0
0
0
0
0
0
0
0
0
0
0
0
0
0
0
0
0
0
0
0
0
0
0
0
0
0
0
0
0
0
0
0
0
0
0
0
0
0
0
0
0
0
0
0
0
0
0
0
0
0
0
0
0
0
0
0
0
0
0
0
0
0
0
0
0
0
0
0
0
0
0
0
0
0
0
0
0
0
0
0
0
0
0
0
0
0
0
0
0
0
0
0
0
0
0
0
0
0
0
0
0
0
0
0
0
0
0
0
0
0
0
0
0
0
0
0
0
0
0
0
0
0
0
0
0
0
0
0
0
0
0
0
0
0
0
0
0
0
0
0
0
0
0
0
0
0
0
0
0
0
0
0
0
0
0
0
0
0
0
0
0
0
0
0
0
0
0
0
0
0
0
0
0
0
0
0
0
0
0
0
0
0
0
0
0
0
0
0
0
0
0
0
0
0
0
0
0
0
0
0
0
0
0
0
0
0
0
0
0
0
0
0
0
0
0
0
0
0
0
0
0
0
0
0
0
0
0
0
0
0
0
0
0
0
0
0
0
0
0
0
0
0
0
0
0
0
0
0
0
0
0
0
0
0
0
0
0
0
0
0
0
0
0
0
0
0
0
0
0
0
0
0
0
0
0
0
0
0
0
0
0
0
0
0
0
0
0
0
0
0
0
0
0
0
0
0
0
0
0
0
0
0
0
0
0
0
0
0
0
0
0
0
0
0
0
0
0
0
0
0
0
0
0
0
0
0
0
0
0
0
0
0
0
0
1.6788246980549E-42
6.42235477624337E-18
5.32817264540089E-12
2.12333838754647E-09
7.07809477988169E-08
7.48115437049769E-07
3.89573772008868E-06
1.27962318669556E-05
3.21011074710396E-05
6.68735343126257E-05
1.23324543304706E-04
2.01167826191707E-04
3.04131591316133E-04
4.38486612160428E-04
6.03027297644128E-04
7.98179728653331E-04
1.0969151699581E-03
1.38585800616022E-03
1.71258264940471E-03
2.16619526950627E-03
1.23914103755499E-03
1.44277459065071E-03
2.68381385988439E-03
2.93432936711334E-03
3.1731041505807E-03
3.59962998254072E-03
3.99645962841574E-03
4.46999255124054E-03
4.96916026495015E-03
5.64207182223625E-03
5.96236793002332E-03
7.66160638436038E-03
8.33936943840481E-03
8.94217959819219E-03
9.55628426270294E-03
5.26204952805137E-03
5.2254094862782E-03
5.79387828430271E-03
5.57930234184665E-03
5.45291509355621E-03
5.73794224008685E-03
5.86735116999717E-03
6.1504451050967E-03
6.60999106315335E-03
5.99706135026368E-03
6.25580836708939E-03
6.31889833329376E-03
6.36777935141863E-03
6.61559892710131E-03
6.20045452850917E-03
6.65620453293596E-03
6.1786911613732E-03
6.63646717956423E-03
7.11146940158064E-03
7.60372582683483E-03
7.57237496537398E-03
7.5252360703695E-03
7.74918492796512E-03
8.26905061003729E-03
8.80613357287167E-03
9.36044230975877E-03
9.93198118459925E-03
1.08495241481489E-02
9.77805099042662E-03
1.07132039196578E-02
1.06203382592289E-02
1.01484615519833E-02
8.9012964169015E-03
0.010242099121644
9.6948228223908E-03
9.90635053362127E-03
1.17368603285169E-02
1.23956354763498E-02
0.012649760404946
1.24737969454637E-02
1.27195086610314E-02
9.83567900163724E-03
9.56650505796175E-03
1.06724052328391E-02
1.03946671487111E-02
1.05808761708779E-02
0.011256408972441
1.29444829428498E-02
1.21515652650587E-02
1.13247189799381E-02
1.15103636344194E-02
1.22274861902229E-02
1.24212389779101E-02
1.26148081577132E-02
1.33650593922823E-02
1.35666248359302E-02
1.37679628061413E-02
1.39690620349814E-02
1.47603245545465E-02
1.43705007704085E-02
1.57850542077715E-02
2.21562854707421E-02
2.55747819692155E-02
2.71796746866475E-02
2.81768453344948E-02
2.20546767152139E-02
2.29928099831963E-02
0.021951398167943
2.08765152399744E-02
1.97682373427301E-02
2.00063949688925E-02
1.88479612709929E-02
2.33063782089959E-02
0.023575830522094
0.023844743754565
0.023382407574816
2.36420972497606E-02
0.022407408150235
2.03848419234989E-02
2.06025356474988E-02
2.08197409680627E-02
0.021036450473635
1.88912505559149E-02
1.98781046321264E-02
2.00773442579621E-02
2.10871423781788E-02
1.88364119774326E-02
1.48839301662217E-02
1.41911821050011E-02
1.51676175142086E-02
1.61594006054577E-02
1.54498182463435E-02
0.01559035055586
1.39826654519029E-02
1.58702584004717E-02
1.68990494876299E-02
1.70457412213563E-02
1.90016957911188E-02
1.82503717474859E-02
1.74832652204197E-02
1.85560449023224E-02
1.87081910679593E-02
0.017916877880772
1.71099737877705E-02
2.20360914342578E-02
2.02776812952966E-02
1.94618543993347E-02
2.15722602269981E-02
2.37119368140759E-02
2.28944939706195E-02
2.20616733898465E-02
2.12135457119047E-02
2.34027097174069E-02
2.35709514497656E-02
2.37386044032513E-02
2.39056644237812E-02
2.40721273949313E-02
2.31841636181304E-02
2.33422352153174E-02
0.02349972411808
2.58072289371442E-02
2.48953449732062E-02
0.025058141215355
2.41237772546841E-02
2.64854141625972E-02
2.44322103536583E-02
2.45855157540563E-02
2.47382089316057E-02
1.81020264215875E-02
2.04886999799035E-02
2.06121106649252E-02
0.020735008937581
0.022016135976935
2.09792569886367E-02
2.11006011924757E-02
2.24003897139072E-02
0.027269970673555
0.033384526799079
3.71667871919387E-02
3.73712136815224E-02
3.87868028728097E-02
4.02145318120719E-02
4.28794322516766E-02
4.43376296816464E-02
4.58076501689106E-02
0.043556023618324
0.046281092540721
4.52589128253666E-02
4.29594328402677E-02
4.31732790130997E-02
4.21100019729339E-02
0.043597779091637
4.50969068316096E-02
4.40179921423286E-02
0.044226479654179
4.18201240665798E-02
3.80754597419487E-02
4.22074468732897E-02
0.04902449047825
4.92454201847127E-02
5.08020406561052E-02
5.10264614048832E-02
4.99009603540922E-02
3.65718954616754E-02
3.40080404940862E-02
0.034152385008041
3.29240607924277E-02
2.75508579338122E-02
0.027664327421306
2.77771234016653E-02
2.78892435046309E-02
2.94007196463245E-02
3.09225913532985E-02
2.96326013642277E-02
3.11640101836142E-02
2.41736805031032E-02
0.024265494136239
2.29239713733198E-02
2.30092752467607E-02
2.16506456030777E-02
2.02809335789791E-02
2.03541073625511E-02
2.18858454272174E-02
2.04989771844862E-02
1.91013366407766E-02
1.91674476667225E-02
2.36715030687216E-02
2.37517304843474E-02
2.23419238281588E-02
0.022416062089085
0.022489660589235
2.25627178184411E-02
0.021126216793704
0.018165761988398
1.82229015720849E-02
2.13262039734382E-02
1.83358663310181E-02
1.99243299656615E-02
2.15215826830479E-02
2.46693469579117E-02
2.78347591826334E-02
2.79158362078923E-02
2.95515916851489E-02
0.02963576003144
0.029719219326519
2.66649186262127E-02
2.67383193706158E-02
2.52339587720776E-02
2.68832026263275E-02
3.01258212862033E-02
3.02049912428035E-02
3.02834406159403E-02
3.19591240212394E-02
3.20401803006006E-02
3.05144494576635E-02
2.73700007135395E-02
1.93672571251883E-02
2.75032414384928E-02
2.75688809115484E-02
2.11317788818221E-02
1.79223591870963E-02
1.79635564419471E-02
1.80043269132283E-02
1.80446697816513E-02
1.47964780120004E-02
9.88585607867959E-03
9.90715893344804E-03
9.92822681164471E-03
9.94905929083295E-03
9.96965595346797E-03
9.99001638689772E-03
0.010010140183364
0.013373369253338
1.17246223019905E-02
1.17472690379691E-02
1.51323915236659E-02
1.34762609098903E-02
1.68764856139706E-02
1.69072461670073E-02
1.69376071822027E-02
0.015270811248117
1.52974153645874E-02
1.53236582826353E-02
1.53495394788686E-02
1.70833982636273E-02
1.54002146491724E-02
1.71388973481284E-02
1.71660409286614E-02
1.71927798112136E-02
1.72191134634116E-02
0.018969545497197
1.89976192871139E-02
2.07548134047095E-02
1.90524239493239E-02
1.73446852106301E-02
1.91054344366938E-02
1.91312655419768E-02
2.08981598555393E-02
2.26691363472994E-02
2.09520612783485E-02
2.09782732754402E-02
1.92536594241985E-02
1.92767824689666E-02
1.92994525112089E-02
1.75651537282596E-02
0.017584937998033
1.58438783207318E-02
1.40986136686071E-02
1.41134489149006E-02
1.58939469460917E-02
1.59098908042298E-02
0.017694956986315
1.59406580879059E-02
1.95011433268671E-02
2.30676758602651E-02
2.48640053129706E-02
2.48853150720922E-02
2.49060413202855E-02
2.31457419580932E-02
2.31639029644339E-02
2.31815210283646E-02
2.49831031705003E-02
0.025000905940728
2.85921404708825E-02
2.86111471356869E-02
2.68401408287287E-02
2.86471493530191E-02
2.86641441933767E-02
2.86804677355829E-02
2.86961196568089E-02
3.05055433755049E-02
3.23160833379916E-02
2.33504721660884E-02
2.15640038558807E-02
1.97754525243995E-02
0.019783438635349
2.15901400467758E-02
2.15978417435841E-02
1.98046181620344E-02
0.019810751270418
0.019816420802228
1.98216266454228E-02
1.98263686971282E-02
1.98306468636385E-02
1.80313282367433E-02
1.62309364462631E-02
1.44295980018101E-02
0.016235279283733
1.62368810022021E-02
1.08254019171981E-02
1.08259632535849E-02
9.02189277739267E-03
9.02193845747525E-03
7.21741846719945E-03
9.02139666023216E-03
9.02080919361087E-03
9.02001069574222E-03
9.01900118240258E-03
1.08213368082453E-02
1.08196190319155E-02
1.08176481238343E-02
9.01285343578779E-03
7.20863138212935E-03
7.20681134901836E-03
7.20482268526287E-03
7.20266543016232E-03
9.00042453293693E-03
7.19784531979043E-03
7.19518255978343E-03
7.19235139895913E-03
7.18935189327973E-03
8.98273012754816E-03
8.97856010982419E-03
7.17934391669598E-03
8.96958957228939E-03
1.25507049217861E-02
1.61276021342426E-02
1.61182059700249E-02
1.78982581187862E-02
1.78869792646773E-02
1.78752814052567E-02
1.42905318175571E-02
1.42805036835814E-02
0.016053908535796
1.78243046675103E-02
1.78105154189968E-02
1.77963086782862E-02
1.77816847266174E-02
1.59899794681719E-02
1.42009490854663E-02
1.41882500341267E-02
1.59471204528628E-02
1.59320855049784E-02
1.59166767426105E-02
1.59008944710815E-02
1.58847390031618E-02
1.93944796944164E-02
1.93738230478948E-02
2.11120488805816E-02
1.93311453909892E-02
1.75537502063708E-02
1.75333194715925E-02
2.10149720859607E-02
2.27385891461559E-02
2.27104240206015E-02
2.09369768697998E-02
0.022652492481072
1.74020978596543E-02
1.91166713210074E-02
2.08260929164056E-02
2.07971451503394E-02
2.07677078092434E-02
1.72814845653498E-02
1.72561389608624E-02
2.06764642381159E-02
2.06450745485468E-02
0.024048731360575
0.025726045192818
2.73973183047311E-02
2.56433208577741E-02
0.030721261037067
3.40775690299498E-02
3.40195992496181E-02
3.05647436705761E-02
3.39012513553938E-02
3.38408756026241E-02
3.20907152350654E-02
3.20318401857309E-02
3.19722078504116E-02
3.19118194205579E-02
3.18506761031435E-02
3.34618727585904E-02
4.00751112140422E-02
4.33279451225647E-02
4.32401602447818E-02
4.81303529711311E-02
4.96863680608884E-02
0.145439177854793
0.135233120660664
0.138231386492869
0.137928003262347
0.113046105524218
0.078463668817634
7.17609793030837E-02
6.83408952515616E-02
7.62978409163036E-02
7.12586097742331E-02
7.27033893054485E-02
7.41386342591784E-02
7.23487337284025E-02
8.33950804575899E-02
7.83860471333713E-02
8.77602451519774E-02
9.07171159222281E-02
7.14320062386323E-02
6.96603426444374E-02
7.10533575746564E-02
6.92867863715796E-02
6.90975233397818E-02
7.04726681043405E-02
7.18374124205242E-02
7.47489172332613E-02
7.60880855176439E-02
7.27715032994885E-02
7.25588141897521E-02
0.073883628635872
6.59896519408523E-02
8.56803957174822E-02
8.54187236988444E-02
8.21137510746708E-02
7.88257166829855E-02
8.31103289508185E-02
8.13390274894577E-02
9.60911011919791E-02
9.42815473333047E-02
4.77313763471622E-02
4.45992779327238E-02
4.44493158017784E-02
0.042821672616409
3.97315617189036E-02
3.81272770218427E-02
3.50710255666582E-02
3.49467943219805E-02
4.06253381245845E-02
4.33697504579301E-02
4.32113035648704E-02
4.73569916570531E-02
4.86101115154944E-02
4.70026696805623E-02
4.54048943879949E-02
4.52303408983183E-02
4.36467304815662E-02
4.34755082017153E-02
5.44782564512228E-02
4.31298979450917E-02
4.43411790569624E-02
4.27800909480323E-02
4.39779332585631E-02
4.51632854306699E-02
4.49732260746206E-02
0.039353939968849
6.21555068206081E-02
6.05406567556759E-02
6.56333592267463E-02
4.53400860897822E-02
4.64651233649154E-02
4.36123203860315E-02
4.47291627643062E-02
4.71423425631699E-02
4.30129692600139E-02
4.41083743293196E-02
4.13169630937924E-02
4.11191472535817E-02
4.09203208318204E-02
4.07204881372781E-02
3.54546968211965E-02
3.90578894049661E-02
3.38470278534116E-02
3.36750597320141E-02
3.22614366582093E-02
3.20942419676762E-02
3.56100535522979E-02
3.78646867290602E-02
3.03729986100902E-02
2.90008400870786E-02
0.027641097111596
2.86842137590873E-02
2.85248330900766E-02
2.95466099119438E-02
3.05542841956804E-02
3.38846441261212E-02
3.25269904912564E-02
3.11820735495247E-02
5.05153573152841E-02
5.47791579351027E-02
5.10462105017697E-02
8.23045646972357E-02
0.084039846586178
7.68366671897157E-02
9.84865767277302E-02
9.34642184305842E-02
0.0928658935139
9.22652531241059E-02
9.59758320667424E-02
9.64133821037528E-02
9.89624842184152E-02
0.098295336749484
9.13273007141399E-02
8.54860545339886E-02
8.48913688743974E-02
8.53225453852657E-02
8.16542940436691E-02
8.20812998334541E-02
8.14855766223471E-02
7.98892030318493E-02
7.92968289414791E-02
7.87024746643148E-02
7.71298284925186E-02
7.26636437274827E-02
7.11396075428454E-02
7.15364650337001E-02
7.94866160862535E-02
7.88504106078997E-02
8.19366338748763E-02
0.063719960438828
5.76975607415356E-02
6.62962750716051E-02
9.00479462051578E-02
8.92768443137816E-02
8.85035312003765E-02
8.77280288392124E-02
0.086950359479302
8.61705456532032E-02
8.53886101862494E-02
8.46045762062313E-02
0.083818467153556
8.30303067919075E-02
8.22401192194394E-02
8.14479288805268E-02
8.06537605781121E-02
7.98576394866743E-02
7.90595911658621E-02
0.078259641574825
7.74578170872862E-02
7.66541445073975E-02
7.58486510864254E-02
7.50413645403143E-02
7.42323130681834E-02
7.34215253718078E-02
7.26090306761491E-02
7.17948587509967E-02
7.09790399337858E-02
7.01616051536712E-02
6.93425859569281E-02
6.85220145337699E-02
6.29609290843991E-02
0.062195002859042
0.061427726737884
6.13113820775033E-02
6.05332264934778E-02
6.29322017079699E-02
6.14826571884133E-02
5.50960394596603E-02
0.054354695033072
5.36122934670795E-02
4.09882264073249E-02
2.86977407179476E-02
0.027132794109511
2.73076156234213E-02
2.69046788634127E-02
2.81576314967281E-02
2.44664093715251E-02
2.35522031074601E-02
2.05471116301633E-02
2.07365417578661E-02
2.29487167765918E-02
0.024073123775804
2.36673563430753E-02
2.42305817949298E-02
2.66643544626414E-02
1.87073295416726E-02
1.88277935839803E-02
3.15520531888447E-02
3.31703547790093E-02
3.25348940858825E-02
3.31754272516377E-02
3.25146462505717E-02
3.18540146645447E-02
3.43929471508097E-02
0.036013855029706
3.56186893751838E-02
3.52071516180599E-02
3.66098546738769E-02
3.57660935116573E-02
3.49232519356993E-02
3.30590109529504E-02
3.22436073867754E-02
3.20775075561214E-02
2.96698503166275E-02
2.70401366119066E-02
2.57079417559045E-02
2.49919633421611E-02
2.45601065297409E-02
2.35656334125527E-02
2.23240899014696E-02
2.11177988874501E-02
2.04454457097998E-02
2.12227012826911E-02
2.05069672272405E-02
2.00194243506606E-02
1.90855106353427E-02
1.85891712345045E-02
1.34602624978452E-02
1.37016705645252E-02
1.85116256023902E-02
1.77308285480799E-02
1.69561533634834E-02
1.61880457411004E-02
1.54269823983902E-02
1.46734735609343E-02
1.39280656332118E-02
1.31913440623894E-02
1.24639363971444E-02
1.17465155386073E-02
1.10398031735222E-02
1.03445733699787E-02
9.66165630267793E-03
8.99194205647377E-03
8.33638443234162E-03
7.15728432167616E-03
6.93045687773899E-03
6.2712640892267E-03
4.64300727429851E-03
4.1411954066006E-03
3.81009416891541E-03
2.84004424057193E-03
2.46808597710174E-03
2.25365557080571E-03
2.05891764527906E-03
9.61590411796233E-04
8.07368004027138E-04
6.66131961296424E-04
5.11532109617332E-04
3.82340559788753E-04
2.36054498129768E-04
1.74679079023303E-04
1.280861511319E-04
8.31825592675617E-05
4.50082748936719E-05
2.58669819322477E-05
1.37528708817964E-05
5.75881999075625E-06
2.15603990826886E-06
5.3169044972401E-07
7.62819180843829E-08
3.95660359395175E-09
3.86777083562428E-11
3.42488331572796E-15
9.24785544360562E-27
0
0
0
0
0
0
0
0
0
0
0
0
0
0
0
0
0
0
0
0
0
0
0
0
0
0
0
0
0
0
0
0
0
0
0
0
0
0
0
0
0
0
0
0
0
0
0
0
0
0
0
0
0
0
0
0
0
0
0
0
0
0
0
0
0
0
0
0
0
0
0
0
0
0
0
0
0
0
0
0
0
0
0
0
0
0
0
0
0
0
0
0
0
0
0
0
0
0
0
0
0
0
0
0
0
0
0
0
0
0
0
0
0
0
0
0
0
0
0
0
0
0
0
0
0
0
0
0
0
0
0
0
0
0
0
0
0
0
0
0
0
0
0
0
0
0
0
0
0
0
0
0
0
0
0
0
0
0
0
0
0
0
0
0
0
0
0
0
0
0
0
0
0
0
0
0
0
0
0
0
0
0
0
0
0
0
0
0
0
0
0
0
0
0
0
0
0
0
0
0
0
0
0
0
0
0
0
0
0
0
0
0
0
0
0
0
0
0
0
0
0
0
0
0
0
0
0
0
0
0
0
0
0
0
0
0
0
0
0
0
0
0
0
0
0
0
0
0
0
0
0
0
0
0
0
0
0
0
0
0
0
0
0
0
0
0
0
0
0
0
0
0
0
0
0
0
0
0
0
0
0
0
0
0
0
0
0
0
0
0
0
0
0
0
0
0
0
0
0
0
0
0
0
0
0
0
0
0
0
0
0
0
0
0
0
0
0
0
0
0
0
0
0
0
0
0
0
0
0
0
0
0
0
0
0
0
0
0
0
0
0
0
0
0
0
0
0
0
0
0
0
0
0
""
