0
0
0
0
0
0
0
0
0
0
0
0
0
0
0
0
0
0
0
0
0
0
0
0
0
0
0
0
0
0
0
0
0
0
0
0
0
0
0
0
0
0
0
0
0
0
0
0
0
0
0
0
0
0
0
0
0
0
0
0
0
0
0
0
0
0
0
0
0
0
0
0
0
0
0
0
0
0
0
0
0
0
0
0
0
0
0
0
0
0
0
0
0
0
0
0
0
0
0
0
0
0
0
0
0
0
0
0
0
0
0
0
0
0
0
0
0
0
0
0
0
0
0
0
0
0
0
0
0
0
0
0
0
0
0
0
0
0
0
0
0
0
0
0
0
0
0
0
0
0
0
0
0
0
0
0
0
0
0
0
0
0
0
0
0
0
0
0
0
0
0
0
0
0
0
0
0
0
0
0
0
0
0
0
0
0
0
0
0
0
0
0
0
0
0
0
0
0
0
0
0
0
0
0
0
0
0
0
0
0
0
0
0
0
0
0
0
0
0
0
0
0
0
0
0
0
0
0
0
0
0
0
0
0
0
0
0
0
0
0
0
0
0
0
0
0
0
0
0
0
0
0
0
0
0
0
0
0
0
0
0
0
0
0
0
0
0
0
0
0
0
0
0
0
0
0
0
0
0
0
0
0
0
0
0
0
0
0
0
0
0
0
0
0
0
0
0
0
0
0
0
0
0
0
0
0
0
0
0
0
0
0
0
0
0
0
0
0
0
0
0
0
0
0
0
0
0
0
0
0
0
0
0
0
0
0
0
0
0
0
0
0
0
0
0
0
0
0
0
0
0
0
0
0
0
0
0
0
0
0
0
0
0
0
0
0
0
0
0
0
0
0
0
0
0
0
0
0
0
0
0
0
0
0
0
0
0
0
0
0
0
0
0
0
0
0
0
0
0
0
0
0
0
0
0
0
0
0
0
0
0
0
0
0
0
0
0
0
0
0
0
0
0
0
0
0
0
0
0
0
0
0
0
0
0
0
0
0
0
0
0
0
0
0
0
0
0
0
0
0
0
0
1.37380376029275E-63
1.53369235567707E-21
1.34985961930595E-13
3.13515241323019E-10
1.36531667359487E-08
2.05329907554003E-07
1.38636920050278E-06
5.29273310948031E-06
1.46125890027516E-05
3.23150568426657E-05
6.34080854580459E-05
1.02249981697108E-04
1.63538522004579E-04
2.23869385707072E-04
3.31009839183723E-04
4.28578086986592E-04
4.83361641002889E-04
6.12732973576336E-04
7.57618096258654E-04
8.68941913884218E-04
1.09061966889672E-03
1.27685973003023E-03
1.24205979771813E-03
1.8611443987085E-03
1.80259357356057E-03
1.68201897555164E-03
1.99282034647979E-03
2.19761021922941E-03
2.25738118178967E-03
2.45906773208327E-03
2.66479561312755E-03
3.0656878446315E-03
5.34990692256086E-03
5.72276770912815E-03
5.63047524391106E-03
7.47699333797041E-03
7.65529779070355E-03
7.52793516199753E-03
8.22432653314588E-03
8.33492434484088E-03
0.008416803630662
8.80828360111755E-03
9.20036273083824E-03
9.22381599888463E-03
9.60120641512603E-03
9.18018248830136E-03
9.11273463847471E-03
9.01470697349201E-03
9.33033516464233E-03
1.01045829284992E-02
1.09079625209657E-02
1.07618953520367E-02
1.10890667494086E-02
1.24528737826635E-02
1.28072980441786E-02
1.37087116742684E-02
1.40750036462499E-02
1.44397499907654E-02
1.36186641252809E-02
1.39512406326752E-02
1.42822592950234E-02
1.39763937217574E-02
1.36403984872647E-02
1.59293534303036E-02
1.69457592944303E-02
1.59128668804127E-02
0.013410626572354
1.36744078356254E-02
0.013936743783379
1.49448677041099E-02
1.52179377542419E-02
1.47149862264321E-02
1.41834831559732E-02
1.44250490666732E-02
1.79241423542863E-02
1.90439429412211E-02
2.27119364796987E-02
2.30658195466363E-02
2.34175812524634E-02
2.11264190901524E-02
2.41147408540736E-02
2.62720029697764E-02
2.66407134999096E-02
2.60758710614924E-02
2.83151608091478E-02
2.77332269136754E-02
8.91222099796282E-02
9.02559886743424E-02
9.13826222992092E-02
9.25021262916422E-02
8.95443203988109E-02
9.36902473209146E-02
9.47765243149617E-02
0.100069258533949
0.102253862292241
0.100147218578711
7.94592631412696E-02
8.47029515248879E-02
8.55868735319232E-02
8.64649768857151E-02
6.35180196773901E-02
6.41482105125993E-02
6.70875676020915E-02
7.94094392629461E-02
9.31263825718387E-02
9.28020355767113E-02
9.72526674665617E-02
9.44936260525689E-02
0.105108293454107
0.104792126092658
0.105691904861236
0.106585455339533
0.107472792288666
0.109628682304679
0.127219522801205
0.128231398364363
0.127930687202822
0.12760266748164
0.127247570710635
0.133542765732241
0.134528795006098
0.135507654829459
0.136479359025112
0.137443921055586
0.13840135402498
0.1393516706813
0.140294883419247
0.141231004283427
0.122257638675848
0.143082016840155
0.14399693090513
0.144904797849817
0.145805628027834
0.146699431468308
0.146110355702088
0.145496676727744
0.14037845028118
0.139690247649815
0.138978306432613
0.150396060535744
0.152760083586104
0.142846137165623
0.143618932901541
0.144385271525713
0.143584458736867
0.147467404725021
0.140338268971406
0.141046987619135
0.141749554953198
0.126440810102504
0.123836984951891
0.122812923878668
9.25439238409026E-02
9.46053566223133E-02
9.83164350449263E-02
0.108637246827434
0.110775240656667
0.126208337382147
0.126755960106103
0.128973346231672
0.129517609607437
0.168904667859965
0.169597795422128
0.170284073324137
0.170963504243343
0.171636090703275
0.172301835078186
0.172960739597518
0.173612806350286
0.1742580372894
0.174896434235903
0.175527998883132
0.176152732800814
0.176770637439078
0.177381714132402
0.177985964103477
0.178583388467008
0.179173988233436
0.179757764312593
0.180334717517285
0.180904848566804
0.181468158090369
0.182024646630506
0.182574314646354
0.183117162516903
0.183653190544174
0.184182398956325
0.184704787910699
0.185220357496807
0.185729107739247
0.186231038600562
0.186726149984042
0.187214441736458
0.185818954514237
0.186288859813931
0.186752012914313
0.189099407541248
0.189553597046159
0.190000964959819
0.190441510805218
0.190875234068692
0.191302134202159
0.191722210625312
0.19213546272775
0.192541889871073
0.192941491390916
0.193334266598946
0.1937202147848
0.194099335217986
0.194471627149735
0.194837089814805
0.195195722433242
0.195547524212101
0.195892494347118
0.196230632024346
0.196561936421738
0.196886406710704
0.197204042057616
0.197514841625274
0.197818804574338
0.19811593006472
0.19840621725693
0.198689665313392
0.198966273399723
0.199236040685972
0.199498966347818
0.199755049567746
0.200004289536173
0.200246685452547
0.200482236526413
0.200710941978437
0.200932801041403
0.201147812961179
0.201355976997637
0.181401563183006
0.191664170608731
0.191842405902895
0.185950528843688
0.167904064916965
0.202461116204298
0.202621325691184
0.202774681979067
0.1258111343841
0.198999616016153
0.146299410707413
0.15655606421717
0.187163554310289
0.191337819427754
0.191436866262953
0.189491919820547
0.189577158241693
0.199852578929838
0.199928958171146
0.185713000566765
0.185771441255289
0.20011776629544
0.202209781334303
0.202252987373919
0.200246074966427
0.198231772802708
0.179859429348967
0.198269860313932
0.134911431829726
0.139001344986372
0.141042461626508
0.130814800968467
0.132847018319854
0.13487434604396
0.106248090703418
0.134827818233876
0.132755372820071
0.130679448074447
0.132682797532791
0.128558596923245
0.161150749334243
0.142735919990953
0.140637018386496
0.14668431594129
0.130321798351548
0.203520546191996
0.203406425810174
0.203285449225329
0.203157616908068
0.203022929352617
0.202881387076316
0.202732990619075
0.202577740542806
0.202415637430825
0.202246681887226
0.20207087453622
0.201888216021452
0.201698707005281
0.201502348168031
0.201299140207214
0.201089083836721
0.200872179785976
0.200648428799066
0.200417831633834
0.200180389060941
0.199936101862896
0.199684970833048
0.199426996774553
0.199162180499296
0.198890522826788
0.160875739912249
0.160644616145433
0.160407952865918
0.162143105700236
0.161892306911675
0.157693563206013
0.149566046718057
0.13949446045655
0.19613787836005
0.195797852602576
0.195450994613104
0.195097305203068
0.194736785173769
0.194369435314732
0.193995256402018
0.193614249196496
0.193226414442067
0.192831752863847
0.192430265166304
0.192021952031344
0.191606814116359
0.191184852052217
0.190756066441214
0.19032045785497
0.189878026832276
0.189428773876893
0.1889726994553
0.188509803994383
0.188040087879079
0.187563551449962
0.187080195000776
0.182858218400391
0.186093022967815
0.185589207714377
0.185078573096206
0.184561119133896
0.184036845785198
0.183505752942153
0.182967840428151
0.18242310799493
0.181871555319514
0.181313182001087
0.180747987557793
0.178374211709252
0.179597132944396
0.179011471375738
0.17841898587825
0.177819675514659
0.152403643751631
0.151876495298382
0.151343474505108
0.149051038566813
0.157248639522105
0.158413187101074
0.157824308194828
0.158957001716158
0.172118555344323
0.17145092053976
0.170776443008771
0.170095120336305
0.169406949956784
0.168711929149542
0.168010055034193
0.16730132456592
0.166585734530685
0.165863281540382
0.165133962027899
0.164397772242125
0.163654708242875
0.162904765895757
0.162147940866967
0.161384228618023
0.160613624400436
0.159836123250325
0.159051719982975
0.158260409187347
0.157462185220536
0.156657042202191
0.155844974008895
0.15502597426852
0.154200036354544
0.153367153380368
9.91427568258452E-02
0.101625950658167
0.113120070907268
0.121472479219348
0.120769625147879
0.117096635638281
0.116400081370871
0.130343304116642
0.125179369635946
0.134528808631673
0.136557578739826
0.137114838216789
0.136227871115077
0.135334114966274
0.137234257919879
0.137698884706461
0.136756125687289
0.134434537075302
0.133487333476791
0.131180748099555
7.38413748016736E-02
6.66345161076786E-02
0.100528112106126
0.112893428903092
0.110722537583997
0.109858212808244
0.107705518365193
4.96039009802352E-02
8.45210650091077E-02
7.13097925587307E-02
6.45068529844173E-02
6.39553455977564E-02
6.34000161914974E-02
0.101512150961566
9.94050354427941E-02
9.96870016135726E-02
9.99408552389668E-02
0.101331082170489
0.100363266965616
9.93889420895538E-02
9.72769628473117E-02
9.07020257473243E-02
0.09310167676751
0.094329346951969
9.33337897010841E-02
0.09340531867226
9.23849394495807E-02
0.095558275108718
0.100706311264168
9.95463508407291E-02
0.101421568048414
0.100210313157098
9.89913212841394E-02
9.77645750935508E-02
9.65300580355259E-02
9.52877544792831E-02
9.40376498591516E-02
9.27797308351531E-02
9.15139854694454E-02
9.02404034201363E-02
8.89589761541192E-02
8.76696971807449E-02
8.63725623083256E-02
8.50675699256643E-02
8.37547213110221E-02
8.24340209711743E-02
8.11054770134824E-02
7.97691015541909E-02
0.078424911166498
7.70729273722985E-02
7.57131771819043E-02
7.43456936864841E-02
7.29705167084548E-02
6.65765549695032E-02
3.86085037828864E-02
4.26555905306999E-02
4.11103082934825E-02
3.23307834315632E-02
3.16349710707996E-02
6.31339837403725E-02
6.16997717981928E-02
4.51940041878334E-02
5.11654358177285E-02
4.93265666946048E-02
2.62710053685986E-02
2.61258825383797E-02
2.64781118041349E-02
4.01527959171931E-02
3.89956290621106E-02
3.83196862850134E-02
3.71402226301363E-02
3.59575235578778E-02
3.43318165095907E-02
3.35839761167784E-02
3.40342166285876E-02
3.31774431647092E-02
3.19096779201233E-02
3.06416424536677E-02
2.86746953680747E-02
2.77731874636475E-02
2.65241566675352E-02
2.52782804917323E-02
2.37470483116867E-02
1.89545936011681E-02
1.61132925513719E-02
1.39751649450283E-02
1.38349828275259E-02
1.27514982957422E-02
1.21100181067708E-02
1.12636836980553E-02
1.00826103790367E-02
9.13106005811042E-03
8.66289633186263E-03
7.22400874459546E-03
7.62804867653494E-03
6.30905206682763E-03
5.23325034155237E-03
4.70430857745202E-03
2.53940945300277E-03
6.24970855002268E-03
5.15208150475503E-03
4.26671576239608E-03
3.50499722482603E-03
2.75587458283756E-03
2.13365460099372E-03
1.6008493599357E-03
1.16944494381935E-03
5.13125971024395E-04
3.31667593017459E-04
2.10206652184329E-04
1.18955313828614E-04
5.83266010647015E-05
2.6153743716712E-05
1.15490834106592E-05
2.60127004197808E-06
3.3091824010881E-07
1.56094393854581E-08
9.93385880546231E-11
7.66155114211413E-15
7.42294032038867E-26
7.14292261322415E-154
0
0
0
0
0
0
0
0
0
0
0
0
0
0
0
0
0
0
0
0
0
0
0
0
0
0
0
0
0
0
0
0
0
0
0
0
0
0
0
0
0
0
0
0
0
0
0
0
0
0
0
0
0
0
0
0
0
0
0
0
0
0
0
0
0
0
0
0
0
0
0
0
0
0
0
0
0
0
0
0
0
0
0
0
0
0
0
0
0
0
0
0
0
0
0
0
0
0
0
0
0
0
0
0
0
0
0
0
0
0
0
0
0
0
0
0
0
0
0
0
0
0
0
0
0
0
0
0
0
0
0
0
0
0
0
0
0
0
0
0
0
0
0
0
0
0
0
0
0
0
0
0
0
0
0
0
0
0
0
0
0
0
0
0
0
0
0
0
0
0
0
0
0
0
0
0
0
0
0
0
0
0
0
0
0
0
0
0
0
0
0
0
0
0
0
0
0
0
0
0
0
0
0
0
0
0
0
0
0
0
0
0
0
0
0
0
0
0
0
0
0
0
0
0
0
0
0
0
0
0
0
0
0
0
0
0
0
0
0
0
0
0
0
0
0
0
0
0
0
0
0
0
0
0
0
0
0
0
0
0
0
0
0
0
0
0
0
0
0
0
0
0
0
0
0
0
0
0
0
0
0
0
0
0
0
0
0
0
0
0
0
0
0
0
0
0
0
0
0
0
0
0
0
0
0
0
0
0
0
0
0
0
0
0
0
0
0
0
0
0
0
0
0
0
0
0
0
0
0
0
0
0
0
0
0
0
0
0
0
0
0
0
0
0
0
0
0
0
0
0
0
0
0
0
0
0
0
0
0
0
0
0
0
0
0
0
0
0
0
0
0
0
0
0
0
0
0
0
0
0
0
0
0
0
0
0
0
0
0
0
0
0
0
0
0
0
0
0
0
0
0
0
0
0
0
0
0
0
0
0
0
0
0
0
0
0
0
0
0
0
0
0
0
0
0
0
0
0
0
0
0
0
0
0
0
0
0
0
0
0
0
0
0
0
0
0
0
0
0
0
0
0
0
0
0
0
0
0
0
0
0
""
