0
0
0
0
0
0
0
0
0
0
0
0
0
0
0
0
0
0
0
0
0
0
0
0
0
0
0
0
0
0
0
0
0
0
0
0
0
0
0
0
0
0
0
0
0
0
0
0
0
0
0
0
0
0
0
0
0
0
0
0
0
0
0
0
0
0
0
0
0
0
0
0
0
0
0
0
0
0
0
0
0
0
0
0
0
0
0
0
0
0
0
0
0
0
0
0
0
0
0
0
0
0
0
0
0
0
0
0
0
0
0
0
0
0
0
0
0
0
0
0
0
0
0
0
0
0
0
0
0
0
0
0
0
0
0
0
0
0
0
0
0
0
0
0
0
0
0
0
0
0
0
0
0
0
0
0
0
0
0
0
0
0
0
0
0
0
0
0
0
0
0
0
0
0
0
0
0
0
0
0
0
0
0
0
0
0
0
0
0
0
0
0
0
0
0
0
0
0
0
0
0
0
0
0
0
0
0
0
0
0
0
0
0
0
0
0
0
0
0
0
0
0
0
0
0
0
0
0
0
0
0
0
0
0
0
0
0
0
0
0
0
0
0
0
0
0
0
0
0
0
0
0
0
0
0
0
0
0
0
0
0
0
0
0
0
0
0
0
0
0
0
0
0
0
0
0
0
0
0
0
0
0
0
0
0
0
0
0
0
0
0
0
0
0
0
0
0
0
0
0
0
0
0
0
0
0
0
0
0
0
0
0
0
0
0
0
0
0
0
0
0
0
0
0
0
0
0
0
0
0
0
0
0
0
0
0
0
0
0
0
0
0
0
0
0
0
0
0
0
0
0
0
0
0
0
0
0
0
0
0
0
0
0
0
0
0
0
0
0
0
0
0
0
0
0
0
0
0
0
0
0
0
0
0
6.41629237745255E-34
2.62623691073111E-18
3.06974266356199E-13
9.82497498743861E-11
3.57612185984222E-09
3.51404354534952E-08
1.79011474822649E-07
6.92188369396888E-07
2.00698264749888E-06
4.75224084800468E-06
9.70353987591781E-06
1.6242648216046E-05
2.51114262417481E-05
3.64748122811587E-05
4.5820946322232E-05
6.08053829049275E-05
5.46316005130881E-05
5.8458176605837E-05
9.50570771813524E-05
8.5236200011525E-05
1.00187771246474E-04
1.16045180065074E-04
1.54825188383303E-04
1.75089076066744E-04
2.52088914949208E-04
3.10947796365791E-04
3.42538799198438E-04
3.74746883011297E-04
4.07457637299922E-04
4.40566886143618E-04
4.26582224208885E-04
4.56851339072656E-04
4.872487149218E-04
5.17712748386166E-04
4.87278661603464E-04
5.14335211069114E-04
6.08985336287599E-04
5.68199973137885E-04
6.06337115307591E-04
6.61588886749124E-04
6.29136444343144E-04
8.75877028842082E-04
8.40169034527036E-04
9.03795335822739E-04
7.27037736599164E-04
6.48051069920815E-04
6.9139861198848E-04
8.83050566329837E-04
9.37740228022771E-04
9.93710204062723E-04
1.05092406791882E-03
9.24455102251965E-04
9.7411785987938E-04
1.02472986769842E-03
1.29151599390477E-03
1.12869111556516E-03
1.18198677791069E-03
1.48334944433845E-03
1.80751099728066E-03
1.88555720138343E-03
2.24534817803742E-03
2.3369668044499E-03
2.1260245744362E-03
2.20818486353121E-03
1.96396887051077E-03
2.03599890285441E-03
2.10879583460699E-03
2.1823361944453E-03
2.2565971668332E-03
1.94296381131496E-03
2.00599404616018E-03
1.65565670236848E-03
1.70694186115434E-03
1.75863750537519E-03
1.81073079166384E-03
2.32901153706307E-03
2.39507583832135E-03
2.95390994497461E-03
3.03425341419298E-03
2.5959205253732E-03
2.66370604940679E-03
2.73188783344071E-03
2.80045297650948E-03
2.86938891550525E-03
2.93868341387628E-03
3.00832455068766E-03
3.69396085204506E-03
3.7783206849898E-03
3.8630557162325E-03
4.60617853824159E-03
4.70586671449754E-03
6.17907668391429E-03
4.90641000621257E-03
4.2919178481429E-03
4.37864370794775E-03
5.20993750752807E-03
5.31178433038481E-03
4.64052490118688E-03
4.7283510387098E-03
4.81642625267812E-03
5.72219738281422E-03
5.82549848258351E-03
5.92905618326032E-03
6.03285964844721E-03
5.26019852152574E-03
7.13275621272521E-03
7.25215968354874E-03
6.45032243941077E-03
6.55520009355317E-03
5.70879697947148E-03
5.79900191705869E-03
5.88934989538458E-03
5.9798332146664E-03
6.07044432528765E-03
7.18803846041147E-03
6.25202044554899E-03
6.34297106631044E-03
7.50635747432197E-03
8.70021661204975E-03
8.82185283622769E-03
7.82564484163833E-03
9.06543175036283E-03
1.03357769156279E-02
9.30936226183965E-03
9.43143853778364E-03
0.011941972503352
1.33041874744343E-02
1.22475185496519E-02
1.24003708848109E-02
1.25532634370308E-02
1.52474242840267E-02
1.41450453408015E-02
1.43132991081658E-02
1.57980623291682E-02
1.59816107016632E-02
1.61651429082878E-02
1.63486487758859E-02
1.65321182812743E-02
1.67155415473102E-02
1.68989088390901E-02
1.85057281069639E-02
1.87042236869949E-02
2.18107244713902E-02
2.35088377886698E-02
2.37527659549749E-02
1.94971930798101E-02
1.96951333555326E-02
2.14231593900271E-02
2.16360144511379E-02
2.18486988849809E-02
2.04854026978119E-02
1.90915858703842E-02
1.76672816349917E-02
1.62125260342988E-02
1.80001040728333E-02
1.98177280489875E-02
1.83322114110442E-02
1.84979791122492E-02
2.03602329144125E-02
0.018828907692165
1.89940548557944E-02
1.91589815875292E-02
2.28370778065076E-02
2.12597969049723E-02
2.14389522463395E-02
1.98163519590293E-02
1.99800779808938E-02
2.56372386377844E-02
2.58449490731733E-02
2.79131931367569E-02
2.81349904421903E-02
2.83564005205789E-02
2.85774151953855E-02
2.87980263717615E-02
2.70836776326525E-02
0.027288805832348
2.94573591546688E-02
3.16546954334921E-02
3.18877354482137E-02
0.028105258122778
2.62862973852918E-02
0.026474451656546
2.87131342232612E-02
2.47841762152563E-02
0.020797253726796
2.30347671555542E-02
2.74089484088194E-02
2.75945490061836E-02
2.56428021550811E-02
2.58132944785537E-02
3.03139233033487E-02
2.83324185431023E-02
2.41286886002911E-02
2.64909694839292E-02
0.031102502204104
3.12983472740289E-02
3.37432072978032E-02
3.16884347369008E-02
3.64373314536775E-02
4.12410150260342E-02
4.14893170296461E-02
4.40556127953911E-02
3.96513151298908E-02
3.75376505638707E-02
3.30362847943764E-02
3.08532158817446E-02
3.10293329811789E-02
2.64041429867973E-02
2.65522235362835E-02
1.94180558227319E-02
1.95250533400006E-02
1.96316974720039E-02
2.46724814205246E-02
2.48048915931511E-02
1.74557939945466E-02
1.75478439966051E-02
1.76395715055647E-02
2.02639702004151E-02
2.29140625879095E-02
2.30307341281188E-02
2.05750914070411E-02
2.06780359675687E-02
2.07805944935376E-02
2.34931096672956E-02
2.09845421178791E-02
2.10859256067007E-02
2.11869118414743E-02
2.12874980689715E-02
2.13876815562524E-02
2.41733920393006E-02
2.42851831636462E-02
2.71072356850783E-02
2.72304176809863E-02
2.73530795436654E-02
2.74752180046879E-02
2.75968298195666E-02
0.022174329414058
2.22707685212468E-02
1.95709313084508E-02
0.025270151900186
2.53771895682615E-02
0.025483736178189
3.12764087245037E-02
3.14054218496696E-02
3.72672473696804E-02
3.74182710341993E-02
4.33483449846973E-02
4.06195217789903E-02
4.07797948277071E-02
4.09392703683138E-02
4.10979443342651E-02
4.12558126891889E-02
3.54967469371906E-02
3.26614487338478E-02
0.038744219589453
3.88877824382925E-02
4.50352833398377E-02
3.61593280385914E-02
3.62897153761449E-02
3.64193854269263E-02
4.26397241177327E-02
4.27893208881511E-02
4.60050745660235E-02
4.30859665522374E-02
3.70568640878095E-02
3.71821633853686E-02
0.034197829672687
3.43113289813039E-02
3.44241449102205E-02
3.45362746957383E-02
3.14979232690312E-02
3.47584648905847E-02
3.80383853248263E-02
3.81576849713542E-02
4.14659064926077E-02
4.47929902822814E-02
5.13479906656525E-02
4.82840281710379E-02
0.048428346849194
0.048571693807447
4.87140655985069E-02
4.55984282168674E-02
5.22622613688812E-02
5.24109823207686E-02
5.58435642344541E-02
5.27052569555202E-02
4.95476283928179E-02
4.63708745651417E-02
5.31386983161156E-02
5.32810395111718E-02
5.34223054281794E-02
5.35624927227552E-02
5.37015980803674E-02
5.04746420777603E-02
4.72294811410495E-02
4.73483411035884E-02
4.40757970998738E-02
4.41843852838519E-02
4.76991617227044E-02
4.78141730245168E-02
4.45047714097308E-02
3.77467247731319E-02
4.12743278697165E-02
3.79221087675045E-02
3.45533158169841E-02
3.11681572573284E-02
2.77668420750854E-02
2.78280914229048E-02
3.13748722066491E-02
3.14425038189018E-02
3.15094961206509E-02
2.45589925477097E-02
2.46100995830036E-02
2.11377478258774E-02
2.11806943039552E-02
2.47604111009279E-02
2.48095078930788E-02
2.13069422293989E-02
1.77901315050661E-02
2.13889382627662E-02
2.14292826631899E-02
2.14691900818594E-02
2.50934362047299E-02
2.51389720467854E-02
2.15862813539417E-02
2.16244318059748E-02
2.16621408101994E-02
1.80828395880274E-02
1.44908206946794E-02
1.45150737198815E-02
1.45390301934804E-02
1.45626895700673E-02
1.45860513113681E-02
1.82613936078005E-02
1.82898497133369E-02
1.83179318097068E-02
1.83456392596992E-02
0.018372971435001
1.83999277161931E-02
1.84265074927469E-02
1.84527101630208E-02
2.21742421611088E-02
2.22047781870953E-02
2.22348595835853E-02
2.22644856712294E-02
2.22936557813247E-02
2.23223692558116E-02
2.23506254472709E-02
2.61081610054073E-02
2.24057634446135E-02
2.61714180103069E-02
0.026202242274481
2.24850252439456E-02
2.25105247369435E-02
2.25355627126811E-02
2.63201617102293E-02
2.63482938523381E-02
3.01438692873606E-02
2.64029364135737E-02
3.02050806938934E-02
3.02347572719881E-02
3.40467902347505E-02
3.78653110664208E-02
3.79000782109325E-02
3.79340675828993E-02
3.79672784218597E-02
3.79997099850254E-02
3.80313615472791E-02
4.18684556412905E-02
4.57107862283134E-02
5.33702809394015E-02
5.34102154645223E-02
4.96312637633081E-02
4.96663082776259E-02
4.97003328352529E-02
5.73846192429781E-02
5.74215220011063E-02
5.74572453384887E-02
0.057491788458885
5.75251505925394E-02
6.13944863959244E-02
6.14275508832148E-02
6.14593533575835E-02
0.057646774791512
6.92090656463959E-02
7.69339772044227E-02
6.92706705612959E-02
4.61995588058951E-02
0.046217721192595
4.62349337969924E-02
5.01054625893207E-02
4.62665081488945E-02
5.39943473934151E-02
5.78678488167838E-02
5.78834217850426E-02
5.78978050516017E-02
5.79109982968144E-02
5.79230012275065E-02
6.56583220539061E-02
6.18063307786594E-02
0.05408840789128
5.40951645435694E-02
5.79651527551085E-02
5.79700091244521E-02
5.79736738682687E-02
5.79761469051572E-02
5.79774281801881E-02
5.79775176649026E-02
5.79764153573132E-02
0.061839062700697
0.057970635489628
6.56947524656342E-02
6.56881009694081E-02
6.56800992139839E-02
6.56707473771133E-02
6.95224012939931E-02
7.33712877694618E-02
6.94954520527298E-02
6.56198438202392E-02
6.56037452924535E-02
7.33023334832606E-02
6.55675034699207E-02
6.55473609807033E-02
6.55258713598765E-02
6.93561547961084E-02
9.24407331733996E-02
9.24046936030473E-02
9.23667551520025E-02
9.61738736085501E-02
9.61304010687173E-02
9.60849532978667E-02
0.09603753130749
0.099827661599338
9.97742396921711E-02
0.103554105259776
9.96612478421649E-02
9.19400126919834E-02
0.107196995314482
0.110954456415023
9.55872194243328E-02
0.118447381999181
0.118364179432508
0.118278546242462
0.106752695532996
0.102861286569788
0.106587042092266
0.106500932133831
0.110213087180901
0.110119375194907
9.86416716462601E-02
0.102344126318766
0.106037628403354
9.83714005636745E-02
9.82772706085257E-02
0.101957321421235
0.101855385574882
0.109288498183366
0.10540988698275
9.40157882482398E-02
0.090157130883666
9.75620277626318E-02
9.37036828117928E-02
9.35958025817354E-02
8.97465636618634E-02
8.96393174201644E-02
8.95302341665275E-02
8.19677066602421E-02
8.55854595516392E-02
8.54756543074096E-02
8.16526157187268E-02
8.89573501565582E-02
9.25388519679995E-02
0.099804855029885
9.96657067372634E-02
0.103210611667137
9.93812931917145E-02
9.92360343741353E-02
9.54187917031739E-02
8.42817358979711E-02
8.41528168639349E-02
7.30627625608284E-02
7.29476687886889E-02
5.46233128415116E-02
5.45347576583759E-02
5.44450880566199E-02
6.16015468878429E-02
5.06449195364696E-02
0.050558119067059
5.40753066903031E-02
5.03814230733415E-02
0.050291531584477
5.02006138329894E-02
5.36878627491998E-02
5.71608090156966E-02
7.13167484742989E-02
7.11810316925445E-02
7.10438640398593E-02
7.09052486676978E-02
7.43034482016725E-02
7.41548719282449E-02
9.86730476043601E-02
9.84709239828002E-02
0.147400194556009
0.15059317099166
0.160757757568588
0.174361494631897
0.1844217170366
0.180544492605981
0.214786189212269
0.176281852986354
0.168983864455905
0.192680525994044
0.195665453614145
0.147260432260696
0.160576709958693
0.11588291508598
0.115601607243192
0.11531795835408
0.131948441997171
0.131617732376235
0.111086766625398
0.114160086392318
0.113864833365086
9.68662095564116E-02
9.32790631620935E-02
9.63527571384478E-02
9.27795566594578E-02
0.102440600804725
8.56816694695602E-02
8.87299854927431E-02
8.52039897194616E-02
8.16947837953019E-02
9.12363326930151E-02
9.09726735682662E-02
8.74676444108175E-02
0.087209883081086
8.05096034448303E-02
6.74248684495154E-02
6.40193510775894E-02
6.38232594103318E-02
6.36258901710521E-02
0.069769972957593
6.63887050568822E-02
5.98748567984197E-02
0.059682547061156
6.26200491822119E-02
6.86566279643522E-02
6.22089402145894E-02
6.51016021855033E-02
6.79721663047329E-02
6.77413033624743E-02
6.75090953498318E-02
7.33915069175059E-02
0.073135273223518
0.072877591114383
6.95926975409512E-02
6.93429945307941E-02
0.141187840657924
0.134685951466354
0.107351520582646
0.112893953174726
0.216061157855145
0.197551651767657
0.1997339840172
0.108259751842722
0.113667711626774
0.11612468676573
0.101206731975803
9.79223200314307E-02
0.146291431118326
0.154266919464444
0.165014329753897
0.14733156230609
0.15518079406685
0.137669620043045
0.145477533950127
0.133711281545545
0.122038613084995
0.127029213099864
0.170459786026396
0.101274380884423
0.103545709118098
0.11392822023425
0.105308366621918
0.110199840300759
0.109688791110475
0.111838482916182
9.54091901329266E-02
8.44044636401828E-02
7.08742976609269E-02
6.79187372202239E-02
6.75868764193911E-02
5.94937022859175E-02
6.43455465384851E-02
6.40228266013218E-02
6.36989168771584E-02
6.08388733633504E-02
5.54818566304274E-02
5.51937230824187E-02
5.49045747554977E-02
5.70968934915017E-02
5.67925060689646E-02
4.66632430511784E-02
4.39674535948092E-02
4.61560963671731E-02
3.62378445824596E-02
3.36336130003683E-02
3.34446349025361E-02
0.03087969814528
2.83413364434097E-02
2.58296810175463E-02
2.56793476580373E-02
2.55285628346942E-02
2.76843611895622E-02
2.75188985506878E-02
2.50735451944611E-02
2.26554548306613E-02
2.25163882318664E-02
2.01392428496603E-02
0.020013393573582
0.017677516014277
1.53694198355946E-02
1.52707558615861E-02
1.51718377297742E-02
1.50726686063506E-02
1.49732516848087E-02
0.014873590186371
1.47736873604308E-02
1.46735464850055E-02
1.45731708672036E-02
2.06750912052933E-02
0.020531041116082
2.24253371212867E-02
2.02419830855759E-02
2.00969849849742E-02
1.99516807973963E-02
1.78254680027346E-02
2.16261917871707E-02
2.14653805404067E-02
2.13042550736361E-02
2.11428211417009E-02
2.09810845558528E-02
2.08190511848277E-02
2.25346112246748E-02
2.42203211028794E-02
2.21795235641263E-02
2.38349909891732E-02
2.72790574417814E-02
2.70558472475507E-02
3.04099294527312E-02
2.66083964681855E-02
2.63841733534018E-02
2.61596302270269E-02
2.59347760646354E-02
0.018853721290575
1.52905026214391E-02
1.68389590857282E-02
1.83571168797421E-02
1.98449287789195E-02
2.45796348322753E-02
0.024352863407589
2.57342469751534E-02
2.38986241860965E-02
2.36711764293792E-02
2.03177203451839E-02
2.78588107893274E-02
2.75851721308061E-02
0.025794029085594
2.55352108003776E-02
2.67630565138138E-02
0.030903438546008
2.33014317509651E-02
2.30572599357172E-02
1.99613520619296E-02
1.69264392845382E-02
1.81383379995642E-02
1.93196100441452E-02
1.91055696576209E-02
2.02408769007028E-02
1.73432703424403E-02
1.84632303610302E-02
2.08560960322788E-02
2.18995715393576E-02
2.03666451123704E-02
0.016349093645084
1.61503265252493E-02
2.33138913324842E-02
0.023023550941332
2.03403393263413E-02
2.00807742648915E-02
0.019821340925567
1.95620564419636E-02
1.93029382430496E-02
2.01642395949132E-02
1.87852719445214E-02
1.74369508325325E-02
1.71938707836553E-02
1.69510337237583E-02
1.67084579072386E-02
1.54370268097789E-02
1.52101544457445E-02
1.79802963612972E-02
1.67249658764895E-02
1.84064410864936E-02
1.81207225221247E-02
1.78354780262631E-02
1.93981784699063E-02
1.99928044913249E-02
2.14520142198339E-02
2.02154925041193E-02
1.64172707149298E-02
1.44369554344207E-02
1.58542335577689E-02
1.47540679256212E-02
1.60989107073769E-02
1.65954651027524E-02
1.70635566737729E-02
1.59813177476593E-02
1.56756332121471E-02
2.41543090708969E-02
2.36770724945929E-02
0.026716866444724
3.78793700171203E-02
0.037766968126367
3.49885013620172E-02
3.55282747731047E-02
3.41191938829488E-02
3.76838127220929E-02
0.032603165540917
5.42637977669779E-02
5.24118529198182E-02
4.49725053184533E-02
0.044422991419713
4.33175007136423E-02
5.21214786154736E-02
5.07727112465587E-02
4.94323649753494E-02
4.81007183824819E-02
4.67780577441294E-02
4.54646772932845E-02
4.41608794881145E-02
4.28669752872131E-02
4.15832844312621E-02
4.03101357308134E-02
0.039047867359636
3.77968271529289E-02
3.65573729096106E-02
3.53298726976458E-02
3.41147051611974E-02
3.29122598281133E-02
2.41094324361517E-02
2.32158341023673E-02
2.23328447069878E-02
2.71083734740932E-02
2.65631937246313E-02
2.54682547684676E-02
2.43887787926226E-02
2.38012683677384E-02
2.27327934345717E-02
2.16815977224612E-02
2.06482082406828E-02
1.96331654854249E-02
1.60278401204985E-02
1.51879003340374E-02
1.45322392818984E-02
9.14528846380172E-03
9.06033048907919E-03
8.93448092315517E-03
8.24653829150694E-03
7.46791815775992E-03
7.07978529135321E-03
6.05337434776717E-03
5.90759119685432E-03
5.09474506156436E-03
4.85804237276296E-03
4.76232458120813E-03
5.0069725487895E-03
4.90827837100154E-03
4.60073737359081E-03
4.72919356943157E-03
4.06225353350932E-03
4.04385824415143E-03
0.003742543316647
3.49683680058303E-03
3.25264113546262E-03
2.96932732123863E-03
3.18888842932293E-03
2.9176472657691E-03
2.65143966782122E-03
2.47670526039083E-03
2.18927108088399E-03
1.98400113266163E-03
1.71822660003568E-03
1.4864492855716E-03
1.25301448760917E-03
7.33183260282691E-04
5.12643086904665E-04
4.12194306135265E-04
3.22588288930196E-04
2.49204798230761E-04
1.71064098363666E-04
1.13893531311298E-04
8.07683498923522E-05
5.17722235301638E-05
2.83807302835711E-05
1.4139596634878E-05
5.46692611210836E-06
1.69501173796244E-06
3.51512609087001E-07
3.96411347329152E-08
1.34414191993459E-09
6.78512302943769E-12
2.30459134776344E-16
7.09910004742456E-29
2.2427863728627E-280
0
0
0
0
0
0
0
0
0
0
0
0
0
0
0
0
0
0
0
0
0
0
0
0
0
0
0
0
0
0
0
0
0
0
0
0
0
0
0
0
0
0
0
0
0
0
0
0
0
0
0
0
0
0
0
0
0
0
0
0
0
0
0
0
0
0
0
0
0
0
0
0
0
0
0
0
0
0
0
0
0
0
0
0
0
0
0
0
0
0
0
0
0
0
0
0
0
0
0
0
0
0
0
0
0
0
0
0
0
0
0
0
0
0
0
0
0
0
0
0
0
0
0
0
0
0
0
0
0
0
0
0
0
0
0
0
0
0
0
0
0
0
0
0
0
0
0
0
0
0
0
0
0
0
0
0
0
0
0
0
0
0
0
0
0
0
0
0
0
0
0
0
0
0
0
0
0
0
0
0
0
0
0
0
0
0
0
0
0
0
0
0
0
0
0
0
0
0
0
0
0
0
0
0
0
0
0
0
0
0
0
0
0
0
0
0
0
0
0
0
0
0
0
0
0
0
0
0
0
0
0
0
0
0
0
0
0
0
0
0
0
""
