0
0
0
0
0
0
0
0
0
0
0
0
0
0
0
0
0
0
0
0
0
0
0
0
0
0
0
0
0
0
0
0
0
0
0
0
0
0
0
0
0
0
0
0
0
0
0
0
0
0
0
0
0
0
0
0
0
0
0
0
0
0
0
0
0
0
0
0
0
0
0
0
0
0
0
0
0
0
0
0
0
0
0
0
0
0
0
0
0
0
0
0
0
0
0
0
0
0
0
0
0
0
0
0
0
0
0
0
0
0
0
0
0
0
0
0
0
0
0
0
0
0
0
0
0
0
0
0
0
0
0
0
0
0
0
0
0
0
0
0
0
0
0
0
0
0
0
0
0
0
0
0
0
0
0
0
0
0
0
0
0
0
0
0
0
0
0
0
0
0
0
0
0
0
0
0
0
0
0
0
0
0
0
0
0
0
0
0
0
0
0
0
0
0
0
0
0
0
0
0
0
0
0
0
0
0
0
0
0
0
0
0
0
0
0
0
0
0
0
0
0
0
0
0
0
0
0
0
0
0
0
0
0
0
0
0
0
0
0
0
0
0
0
0
0
0
0
0
0
0
0
0
0
0
0
0
0
0
0
0
0
0
0
0
0
0
0
0
0
0
0
0
0
0
0
0
0
0
0
0
0
0
0
0
0
0
0
0
0
0
0
0
0
0
0
0
0
0
0
0
0
0
0
0
0
0
0
0
0
0
0
0
0
0
0
0
0
0
0
0
0
0
0
0
0
0
0
0
0
0
0
0
0
0
0
0
0
0
0
0
0
0
0
0
0
0
0
0
0
0
0
0
0
0
0
0
0
0
0
0
0
0
0
0
0
0
0
0
0
0
0
0
0
0
0
0
0
0
0
0
0
0
0
0
0
0
0
0
0
0
0
0
0
9.89622979906044E-43
3.58299792779893E-18
2.98611873533457E-12
1.39693314970162E-09
4.81310445031955E-08
8.12767388399749E-07
3.52908005231563E-06
1.03875293978816E-05
2.07713048342021E-05
4.56313528250858E-05
9.89464359072637E-05
1.58567580645228E-04
1.95513165846086E-04
2.87104329390756E-04
3.87660405628368E-04
7.69673309772855E-04
9.75035706629425E-04
1.2944827530068E-03
8.37676295904478E-04
9.15608309791309E-04
1.13368222584818E-03
1.28928793207085E-03
1.51847363125038E-03
1.80883317150822E-03
1.99452260893644E-03
1.92656252586686E-03
2.19523838743963E-03
2.42124596525529E-03
2.72282754243844E-03
3.04374927252219E-03
3.46461920258112E-03
4.00493061000656E-03
4.4039366697194E-03
4.11943105085258E-03
4.40233319967214E-03
4.6900876228284E-03
5.2254094862782E-03
6.30888968735184E-03
5.98754397661591E-03
6.02690615603582E-03
6.34193616009599E-03
6.02592822864574E-03
6.81535808943148E-03
6.95788532963511E-03
7.26916527304688E-03
0.014976026090911
0.015599780260319
1.52005055485477E-02
1.53652620242353E-02
1.77155843671691E-02
1.83619435391337E-02
1.87737154518647E-02
1.96636064579681E-02
0.020826446104629
2.15001902689813E-02
2.08240311547784E-02
2.14608584229056E-02
2.20995273871598E-02
2.24445659415298E-02
2.24708235997415E-02
2.15290173124452E-02
2.30678272674563E-02
2.00551810011236E-02
3.20315463479493E-02
3.17940245357586E-02
0.032569037328302
3.29825000439456E-02
0.017802592833803
0.01707016520274
2.05530243834685E-02
3.20965757289329E-02
1.94265274403038E-02
1.85934532145247E-02
3.37326944131893E-02
3.44104743323137E-02
3.55269035015016E-02
3.48719528239866E-02
2.82439673139823E-02
2.78410571291454E-02
2.92940619645494E-02
3.02997817620594E-02
3.08327724027732E-02
2.33996422428439E-02
1.67084022394557E-02
1.80165983771742E-02
2.09279338807626E-02
2.23284530430157E-02
2.48424779558203E-02
3.67474846333384E-02
1.94907116137451E-02
1.97846612190648E-02
2.00782790922893E-02
0.019789504549557
2.00740413941832E-02
2.03582094247454E-02
2.12491114335385E-02
2.21562854707421E-02
2.61985571391963E-02
2.59155037709895E-02
2.62556967889611E-02
2.72440124129113E-02
0.024306684839379
2.46121737034512E-02
2.62640030438387E-02
2.59032075525429E-02
3.72532871834551E-02
2.51306150279906E-02
2.47188859792381E-02
2.50046687355542E-02
3.17929916727534E-02
2.99587097052329E-02
3.32466992574759E-02
3.06234578053212E-02
3.17097541032206E-02
0.034337559412498
3.39284667627688E-02
3.73981341753511E-02
3.93567719914894E-02
3.81659608936828E-02
3.61392196643319E-02
4.29853286939798E-02
4.34056449914751E-02
0.041344250461727
4.17387708970619E-02
4.21322708728016E-02
4.08237488979984E-02
4.11995153235827E-02
3.89758763896499E-02
4.89393290816601E-02
7.05344817798741E-02
7.11538925794942E-02
8.34344175571649E-02
8.50552097316748E-02
8.57767472131835E-02
8.83364979558046E-02
8.99968177762638E-02
9.35409553397964E-02
9.42993572672208E-02
9.41048558327379E-02
9.48510022605008E-02
9.55947832492555E-02
9.63361792767068E-02
9.80557283045369E-02
9.87997367253165E-02
9.95412781331284E-02
0.100280333590211
0.101016884342403
0.101750911814813
0.102482397607677
0.103211323492397
0.103937671407744
0.104661423456223
0.105382561900593
0.106101069160534
0.106816927809455
0.107530120571434
0.108240630318288
0.108948440066761
0.109653532975837
0.110355892344155
0.111055501607538
0.111752344336619
0.112446404234571
0.078064988943096
7.51252332596462E-02
4.69498076256631E-02
4.83816875210223E-02
4.63497599514421E-02
4.42895425315663E-02
4.33734580067557E-02
9.78543340133841E-02
9.95946755034184E-02
0.100153580397237
9.83121467657735E-02
4.09877827474762E-02
0.039998890462585
4.26517761643187E-02
0.045329685523201
4.68008313306268E-02
4.58076501689106E-02
2.98669876239936E-02
3.00201681345217E-02
3.01726085502444E-02
3.15878182649027E-02
3.30148604217821E-02
2.93493953144691E-02
2.94926152678721E-02
0.034789042412956
6.47323413857773E-02
5.85350466011193E-02
6.27301860998697E-02
6.43343974950168E-02
6.85871011690958E-02
8.87740773525067E-02
8.78431819511091E-02
8.82351232448143E-02
9.80245179620125E-02
0.110591317541502
8.93979666840953E-02
8.97812269043874E-02
0.087430105620585
9.05411671791762E-02
7.98974880080554E-02
0.078843333150722
7.77759455246628E-02
8.08788061634297E-02
9.52023302833365E-02
6.88730443778013E-02
6.49095077502131E-02
4.95791071102953E-02
4.97693422122713E-02
5.13857522885062E-02
5.15789355899695E-02
5.17708693052116E-02
8.08290769181568E-02
8.11237343159164E-02
6.54239165224856E-02
6.27394235580233E-02
5.41758682732849E-02
5.87733435100817E-02
5.89767620514537E-02
0.059178757671804
6.23482925214119E-02
5.95784635417569E-02
6.12705697101658E-02
0.079463467415297
8.27299653342841E-02
7.24327432926995E-02
0.139270841911051
6.83358808953185E-02
7.31184136232166E-02
8.55673762114179E-02
8.58278829290033E-02
7.99373071084636E-02
0.124888568974428
0.123710040811704
0.124070383146188
8.70994281246493E-02
0.08110839587552
8.29009802266056E-02
0.084700329753852
8.80791696914404E-02
8.67417332790168E-02
8.85564321808435E-02
8.87918943172307E-02
8.10765554412093E-02
7.96932647787903E-02
0.054330510836107
0.054468306511021
5.29987806369945E-02
5.79600015110248E-02
6.93993380319247E-02
9.86881016322389E-02
0.100545330383294
9.42802442419756E-02
9.61290174580619E-02
0.143708451535577
0.144034615305827
0.160761603509257
0.162761258132005
0.163116625298213
0.163468122401893
0.165470446860745
0.165817654847216
0.166160932557799
0.166500273114962
0.166835669722733
0.167167115666725
0.13399568345132
0.134254503291075
0.153005292072622
0.14992340262253
0.168764856139706
0.169072461670073
0.169376071822027
0.169675680534633
0.169971281828749
0.170262869807059
0.170550438654096
0.170833982636273
0.171113496101915
0.171388973481284
0.171660409286613
0.171927798112136
0.172191134634116
0.172450413610882
0.172705629882853
0.172956778372579
0.173203854084763
0.173446852106301
0.173685767606307
0.173920595836153
0.174151332129494
0.174377971902303
0.165870485120259
0.174818943962001
0.175033267492714
0.169986172680888
0.163168098503857
6.49910687945606E-02
6.15472829931154E-02
6.33755132829271E-02
5.28698012572766E-02
5.11612523165149E-02
5.29798231536391E-02
5.30329693474327E-02
5.30848709589449E-02
5.13643427276969E-02
5.14121051344677E-02
4.96842249298017E-02
4.79520102464433E-02
4.62155851338856E-02
0.044475073786224
4.45110422271023E-02
4.27641285497242E-02
4.45798481314703E-02
4.46126842330363E-02
5.35733698729886E-02
0.046462228265184
4.64931140954912E-02
5.01015962136269E-02
5.01325113677835E-02
5.01622523384092E-02
4.66057600703222E-02
5.91857467921684E-02
5.92166430230388E-02
0.059246152786318
5.74780853319098E-02
6.10980109249953E-02
6.11241259845074E-02
6.11488103274425E-02
6.11720634658646E-02
6.29937050854536E-02
9.18214114785231E-02
0.088247892022771
0.100883596811343
0.106315997461813
0.1153534178742
0.111772736867781
0.115400500715157
0.146078428016368
0.146099679768327
0.146117513553597
0.146131929019819
0.147947159535041
0.149759158341258
0.149763420104718
0.156981729160069
0.153370142427988
0.146146625895761
0.144332947097774
0.142516168992727
0.144304018918441
0.144284490776605
0.144261587092206
0.144235308317791
0.142403084285447
0.106327312886408
0.115308981584294
0.120680779978153
0.122445312312759
9.36044151425441E-02
0.156553135705442
0.14750124247556
0.145645115828922
0.143787037865595
0.143723682040771
0.143656961757187
0.14358687833392
0.14351343315663
0.145229585523524
0.146940375000877
0.146854765504671
0.170033452128468
0.169926303014434
0.17339022963099
0.137546368743987
0.108888840587308
0.123079965441103
0.12120527173907
0.11220624713968
0.110337113805374
0.110246445305028
9.94932055797365E-02
0.102956880869631
0.101091281493153
9.39108204446366E-02
9.91329764754211E-02
0.100805619369867
0.08127123840775
0.06706889801335
6.87622461892943E-02
6.69277523472728E-02
6.86141588618903E-02
6.50229435878728E-02
5.96827507016608E-02
6.13666181505737E-02
6.30449162578822E-02
5.77210339863957E-02
4.36738923473106E-02
4.53634498845663E-02
4.53049849621441E-02
4.17650348631704E-02
4.17091010640162E-02
4.16521858328112E-02
3.98611948714838E-02
4.15354156184868E-02
3.97474145003044E-02
3.79635057138972E-02
4.65220445357609E-02
4.64514177342304E-02
0.127114722905897
0.123485016925526
0.131849594341519
0.135054823184277
0.134832201218238
0.144829668377287
0.144583296810877
0.100184437586888
0.16272600650589
0.160744159112464
0.160453576175327
0.146672110324136
0.146399056999253
0.149481680443666
0.149195272272619
0.148905333775727
8.18200187286695E-02
7.99900525339655E-02
7.81649050578747E-02
7.63446978162769E-02
6.95609152852437E-02
9.08994861592458E-02
7.09149291269336E-02
7.56981402222856E-02
7.22480017088484E-02
7.04490222832085E-02
7.02903699824638E-02
6.68681852596916E-02
0.078103880287499
7.79211992336718E-02
5.50634711891801E-02
4.84689262036323E-02
4.83512832125077E-02
4.34092402370415E-02
4.16975402287949E-02
4.79914574285946E-02
4.62735838074062E-02
4.77458504853832E-02
5.23834712416637E-02
0.052245256983328
5.84216495613842E-02
5.82638885397374E-02
5.96751337934479E-02
4.54157194450195E-02
4.37271206037973E-02
4.36035350527358E-02
4.34789060100822E-02
0.04180490615077
4.32265276024055E-02
4.00202988444306E-02
0.053712507393717
5.35502473234263E-02
0.151008100824743
0.142938751870723
0.144008520863147
0.135998720101339
0.120502262947345
7.65725962623583E-02
8.23092873544724E-02
0.104412385759417
9.96050540497498E-02
0.140756166705631
0.14175450245432
0.142739314323468
0.142244071966105
0.135900224070801
0.139787177287922
0.142188683436046
0.144565834859767
0.144037678549568
0.143506035324404
0.142970916222042
0.14243233236534
0.141890294962484
0.141344815307245
0.140795904779246
0.140243574844243
0.139687837054417
0.139128703048683
0.134409199016417
0.136620290446942
0.13605673101868
0.136858440699
0.136282503256426
0.135703241271893
0.135120667001322
0.134534792790391
0.133945631074992
0.133353194381712
0.13275749532833
0.132158546624338
0.131556361071489
0.130950951564361
0.130342331090951
0.129730512733293
0.129115509668101
0.128497335167443
0.127876002599439
0.127251525428994
0.126623917218559
0.125993191628923
0.100287489936034
9.60362814579662E-02
9.55434854877737E-02
0.101220301590363
9.82346304890977E-02
9.64938790837341E-02
9.59786756078851E-02
7.12937318807349E-02
0.082923291334788
9.80043970102148E-02
9.15171728306623E-02
0.089821694132309
8.81373582567703E-02
9.58117523566186E-02
8.01557979963103E-02
5.88994722602133E-02
5.74038151310047E-02
7.18976447898223E-02
8.39426572695769E-02
8.00496451164895E-02
7.84371901470994E-02
7.79502420765232E-02
7.74613524824844E-02
7.36717957041076E-02
4.04239771766388E-02
4.01625219481402E-02
3.99000650165109E-02
4.07078724438067E-02
3.93721711406598E-02
4.01636859836601E-02
4.09398244580627E-02
3.85729758263119E-02
3.00225572848479E-02
2.87835092865957E-02
0.02959968159083
2.93871320391379E-02
4.72817543364236E-02
9.38698135624229E-02
5.64989906208039E-02
5.80430750649322E-02
6.44375782342561E-02
0.065881703646251
7.78690298779794E-02
7.91670213039614E-02
7.47552698906432E-02
7.04021523284819E-02
6.42457697428007E-02
7.38782150015397E-02
7.32667437987754E-02
7.26534521332659E-02
7.56402748123326E-02
5.71371803608203E-02
5.31021187202259E-02
3.94776129776456E-02
3.56496473865138E-02
3.53299237178133E-02
5.37948244173371E-02
5.16087914858011E-02
4.86147109490625E-02
4.56666687355492E-02
4.44096643784973E-02
3.17646922634054E-02
3.14549666254637E-02
2.95473266100695E-02
2.60896650847345E-02
2.58256817196923E-02
2.47865014679316E-02
2.68289505775891E-02
2.73055143911132E-02
0.02626447758911
2.82082789659097E-02
0.027900179641287
2.75914316569367E-02
2.72820463253787E-02
2.83916159735143E-02
2.73630260099318E-02
2.77370343827712E-02
2.80940259588456E-02
2.91109672110662E-02
2.87568292789119E-02
2.84020672013872E-02
2.47854523292035E-02
2.38269083006242E-02
1.84346853487993E-02
2.00759696941758E-02
2.04288685636943E-02
2.07647149564545E-02
2.04811008750641E-02
2.07911293370489E-02
1.93270498712709E-02
0.020782565700902
2.10496203763873E-02
2.07390232905473E-02
2.04280855956655E-02
2.06605234692879E-02
1.98052617040006E-02
1.94934135978473E-02
1.76260604941862E-02
1.73390304534249E-02
1.85563662438489E-02
1.97227969525628E-02
1.88998538000452E-02
3.33304430783017E-02
3.36731931750107E-02
2.61752252265091E-02
2.88475914869437E-02
0.026094012426154
2.47265195052707E-02
2.38182554627142E-02
2.33438485901541E-02
2.40947034001043E-02
2.27953254371645E-02
2.11385670826535E-02
2.10648162971517E-02
2.05999291382265E-02
2.96539822858403E-02
0.029328196679559
2.86370665872734E-02
2.82876073102565E-02
2.75898908567253E-02
2.68932639106876E-02
2.58822098506751E-02
0.025196490933822
2.45122235346997E-02
2.38295464425257E-02
2.31486061544684E-02
1.94553485150145E-02
1.91349342012597E-02
1.21041042403678E-02
1.59574210417949E-02
1.54346918419572E-02
0.013282921954008
1.21466170217491E-02
9.10899371232263E-03
8.56355079342344E-03
8.43777649118653E-03
8.49117612449451E-03
7.9599990090278E-03
7.80156456115516E-03
7.96939208083718E-03
6.96085966867318E-03
6.7878722552917E-03
8.51061466534189E-03
8.07827806726285E-03
1.04211618092876E-02
9.84650975374408E-03
9.39721243088585E-03
8.83184253881777E-03
8.37910442968277E-03
7.82594160516912E-03
7.28347306574376E-03
7.33601830046063E-03
6.61856399638871E-03
5.94039160949056E-03
5.30148098264525E-03
4.87809625021235E-03
4.40665665061346E-03
3.95297270024974E-03
3.56065248071704E-03
3.14120033449312E-03
2.71091901995469E-03
2.34096115833099E-03
2.13953866624662E-03
1.79639380896038E-03
1.48214361388454E-03
1.19806204620901E-03
9.45230828366639E-04
7.24443114949978E-04
5.36084070105999E-04
3.75719376653574E-04
2.49547677802685E-04
1.56628796629978E-04
9.00170971242219E-05
4.44323520796499E-05
1.91192823693107E-05
6.62782638467835E-06
1.65414806580803E-06
2.37321522929191E-07
1.32941880756779E-08
1.17414471795737E-10
1.07820400680325E-14
3.15112111411747E-26
0
0
0
0
0
0
0
0
0
0
0
0
0
0
0
0
0
0
0
0
0
0
0
0
0
0
0
0
0
0
0
0
0
0
0
0
0
0
0
0
0
0
0
0
0
0
0
0
0
0
0
0
0
0
0
0
0
0
0
0
0
0
0
0
0
0
0
0
0
0
0
0
0
0
0
0
0
0
0
0
0
0
0
0
0
0
0
0
0
0
0
0
0
0
0
0
0
0
0
0
0
0
0
0
0
0
0
0
0
0
0
0
0
0
0
0
0
0
0
0
0
0
0
0
0
0
0
0
0
0
0
0
0
0
0
0
0
0
0
0
0
0
0
0
0
0
0
0
0
0
0
0
0
0
0
0
0
0
0
0
0
0
0
0
0
0
0
0
0
0
0
0
0
0
0
0
0
0
0
0
0
0
0
0
0
0
0
0
0
0
0
0
0
0
0
0
0
0
0
0
0
0
0
0
0
0
0
0
0
0
0
0
0
0
0
0
0
0
0
0
0
0
0
0
0
0
0
0
0
0
0
0
0
0
0
0
0
0
0
0
0
0
0
0
0
0
0
0
0
0
0
0
0
0
0
0
0
0
0
0
0
0
0
0
0
0
0
0
0
0
0
0
0
0
0
0
0
0
0
0
0
0
0
0
0
0
0
0
0
0
0
0
0
0
0
0
0
0
0
0
0
0
0
0
0
0
0
0
0
0
0
0
0
0
0
0
0
0
0
0
0
0
0
0
0
0
0
0
0
0
0
0
0
0
0
0
0
0
0
0
0
0
0
0
0
0
0
0
0
0
0
0
0
""
