0
0
0
0
0
0
0
0
0
0
0
0
0
0
0
0
0
0
0
0
0
0
0
0
0
0
0
0
0
0
0
0
0
0
0
0
0
0
0
0
0
0
0
0
0
0
0
0
0
0
0
0
0
0
0
0
0
0
0
0
0
0
0
0
0
0
0
0
0
0
0
0
0
0
0
0
0
0
0
0
0
0
0
0
0
0
0
0
0
0
0
0
0
0
0
0
0
0
0
0
0
0
0
0
0
0
0
0
0
0
0
0
0
0
0
0
0
0
0
0
0
0
0
0
0
0
0
0
0
0
0
0
0
0
0
0
0
0
0
0
0
0
0
0
0
0
0
0
0
0
0
0
0
0
0
0
0
0
0
0
0
0
0
0
0
0
0
0
0
0
0
0
0
0
0
0
0
0
0
0
0
0
0
0
0
0
0
0
0
0
0
0
0
0
0
0
0
0
0
0
0
0
0
0
0
0
0
0
0
0
0
0
0
0
0
0
0
0
0
0
0
0
0
0
0
0
0
0
0
0
0
0
0
0
0
0
0
0
0
0
0
0
0
0
0
0
0
0
0
0
0
0
0
0
0
0
0
0
0
0
0
0
0
0
0
0
0
0
0
0
0
0
0
0
0
0
0
0
0
0
0
0
0
0
0
0
0
0
0
0
0
0
0
0
0
0
0
0
0
0
1.21759078475758E-271
1.74267909775556E-39
1.36997445188578E-22
1.97433771972504E-16
3.08030450060395E-13
2.92884680217023E-11
6.34331306657267E-10
5.81743394982871E-09
3.09875354933755E-08
1.04132982480438E-07
2.97563668470496E-07
4.93091744123463E-07
8.68279115071913E-07
1.86531323738706E-06
2.70078552477282E-06
4.96678985773398E-06
8.45744614301492E-06
1.20287802730655E-05
1.85141204077175E-05
2.7238014936184E-05
3.50745256637786E-05
4.40986440930344E-05
5.43102296492045E-05
7.22631281071654E-05
8.60430307635012E-05
9.18532740854804E-05
1.06544324195177E-04
1.34465932668798E-04
1.80555853965065E-04
2.0335552913749E-04
2.27234718609312E-04
2.71507783450719E-04
2.77916038451265E-04
2.81134822435192E-04
3.0644263820937E-04
3.32394570020559E-04
3.29016017550038E-04
3.21647912248615E-04
3.44574413023453E-04
3.67839195277464E-04
3.91399103989217E-04
4.15213584417646E-04
0.00048316909608
5.09802399276603E-04
5.36598413823178E-04
5.63523232371624E-04
5.9054536625368E-04
6.73784321775658E-04
6.44767013528161E-04
4.27582005309746E-04
4.44853391545191E-04
5.28122250661401E-04
6.16281892208225E-04
6.38372842916452E-04
7.33774463690356E-04
7.58157998986322E-04
7.82441383654122E-04
8.87274683005853E-04
8.30663657895915E-04
7.691247365225E-04
7.90526806626831E-04
8.11796709889827E-04
6.47833159006733E-04
6.6415709330082E-04
7.77560529925768E-04
1.39290983790043E-03
1.42484500969287E-03
1.45653126837323E-03
1.70053042053177E-03
1.62764966677077E-03
1.66077288228125E-03
1.58070636331212E-03
1.61109244187201E-03
1.52398174658373E-03
1.31297648048275E-03
1.33621794231385E-03
1.35924688091775E-03
1.63334721614213E-03
1.78775717529659E-03
1.81625439951119E-03
1.84448145733078E-03
1.87243905034306E-03
2.03585152164318E-03
2.06523178236626E-03
1.95470504826482E-03
2.26468075929287E-03
2.43855659233404E-03
2.61590011023765E-03
2.64946521371279E-03
2.83173768849687E-03
2.71560363072849E-03
2.74818219668855E-03
2.78043733386457E-03
3.28110054832474E-03
3.47598633567186E-03
3.51424466730114E-03
3.71358224962061E-03
3.91595189682442E-03
3.95645428319108E-03
3.83003065816563E-03
3.53172268522676E-03
3.56611576297599E-03
3.60016751697931E-03
3.8069237167653E-03
3.84189372369412E-03
3.87651805928807E-03
4.62185536661998E-03
4.69297637531478E-03
4.69095244578377E-03
4.87133465569847E-03
5.0535898418476E-03
5.23768440884725E-03
4.98969841414407E-03
5.38680926958814E-03
6.26472951930765E-03
6.71081708136054E-03
5.93722062373722E-03
6.12389393561952E-03
6.83812963721211E-03
7.04369144690504E-03
7.25087311717245E-03
9.18110072614312E-03
0.009734968567134
0.010003869202372
1.02746751630902E-02
9.90811676000057E-03
9.51011778499254E-03
9.08031602427236E-03
9.6525611881992E-03
9.88996501578817E-03
0.010128806747669
0.010739381519105
1.06106908505535E-02
1.04660463027363E-02
1.07016343578177E-02
1.09384758746657E-02
1.11765453043608E-02
1.18386254924334E-02
1.38148354442029E-02
1.41011800424125E-02
1.43888627929153E-02
1.46778553634201E-02
1.49681297896608E-02
1.57365227956163E-02
1.65244400354461E-02
3.56543323560265E-02
0.037831638898332
3.59576347970685E-02
3.03325028215155E-02
3.61965442402333E-02
2.97914931353394E-02
0.028654994057217
2.91451446222553E-02
2.90669740639468E-02
3.07096934765135E-02
3.94593378032475E-02
3.95004336297576E-02
4.01323354327078E-02
3.82953808312285E-02
0.030110205278396
3.24844765023055E-02
4.00910891084776E-02
0.043974452258942
4.66244631609674E-02
4.93345500124114E-02
6.17031386125474E-02
6.25848418134579E-02
7.05205212962776E-02
7.15044033827787E-02
7.24902960441828E-02
7.34781366157983E-02
7.44678630972831E-02
7.54594141405694E-02
7.64527290380464E-02
7.74477477110033E-02
7.84444106983205E-02
7.94426591454085E-02
8.04424347933878E-02
8.14436799685058E-02
8.24463375717829E-02
8.34503510688899E-02
8.44556644802425E-02
8.54622223713165E-02
0.086469969843176
8.74788525232069E-02
8.84888165560598E-02
8.94998085947857E-02
9.05117757921735E-02
9.15246657922743E-02
9.25384267221155E-02
9.35530071835952E-02
9.26769891206472E-02
0.077423382983197
6.08587300028713E-02
4.49045157800996E-02
0.04537276046295
4.28515982693547E-02
0.089599678440466
9.66084799902763E-02
9.03873121619981E-02
9.23222833459777E-02
9.53254428400193E-02
8.03880896885425E-02
8.65035950133771E-02
8.73305282312543E-02
8.81575428941839E-02
8.78860273979363E-02
8.87028857293928E-02
8.95197179214809E-02
9.03364890148497E-02
9.11531643266458E-02
9.31193308145275E-02
0.110183482150838
0.108812642137907
0.112121640469679
0.114280690935151
0.116459771858797
0.117448027399663
9.52370687301581E-02
0.100955674609407
0.100548549173574
0.101372124606055
0.102195202090407
0.104289573878468
0.105121708216729
0.107245355230334
0.110690882276675
0.108926755683015
0.105798957142216
0.10794015767035
0.108758125002909
0.109575316043551
0.110391700939336
0.111207250042485
0.117553881261391
0.117014824153449
0.119260865151474
0.118699780491933
0.119540747460876
0.120380667535459
0.125548779654568
0.126416437391345
0.125819898254743
0.125202263084158
0.127529343541239
0.126889390807932
0.141255541085326
0.143697521478092
6.85114619529885E-02
0.101133946458947
0.131084614183788
0.133471555866048
0.132753077464822
0.141443085394726
0.132834348848914
0.135244772340776
0.13607229602253
0.106297468265885
0.102076766588496
0.153214880599006
0.145924898369378
0.148432141358414
0.149297983302274
0.15349893604848
0.152702218801742
0.155259676195611
0.15953142759892
0.160425953370149
0.149305361314075
0.15012946685232
0.149216555069708
0.150027325849482
0.15083612857881
0.149879648861615
0.164856268752484
0.163942379410335
0.170172807376824
0.171054980966679
0.164695460277207
0.163716917658201
0.162717667154293
0.158022811185318
0.158810614727923
0.159596189608171
0.158514634916253
0.153664722011729
0.154407253298477
0.157039616776638
0.157786705084473
0.160441530318641
0.163111944656541
0.190860307590323
0.193677148497502
0.194563257335454
0.195446490969691
0.19632682452057
0.197204233257393
0.198078692597659
0.198950178106352
0.199818665495229
0.200684130622132
0.201546549490321
0.20240589824781
0.20326215318673
0.204115290742701
0.204965287494222
0.205812120162074
0.206655765608734
0.207496200837813
0.208333402993493
0.20916734935999
0.209998017361026
0.160227292265074
0.152387588632341
0.146604387968359
0.130105350013821
0.130601854863638
0.137543637037417
0.140217370664168
0.13857451308684
0.152125992374953
0.161408444236586
0.161995379197427
0.160382672698876
0.160956494598359
0.165953119581548
0.166537277145614
0.167118718961008
0.16769742982209
0.170517039883799
0.171097886331309
0.171675919787273
0.165451738720183
0.166001508007697
0.228148674492945
0.228894243432718
0.229636013629885
0.230373965986623
0.231108081534401
0.231838341433723
0.232564726973882
0.233287219572714
0.234005800776369
0.234720452259078
0.235431155822931
0.236137893397667
0.236840647040457
0.237539398935708
0.238234131394861
0.2389248268562
0.239611467884669
0.240294037171689
0.240972517534984
0.241646891918411
0.242317143391795
0.242983255150773
0.243645210516634
0.244302992936173
0.244956585981549
0.245605973350136
0.246251138864397
0.246892066471746
0.247528740244424
0.248161144379375
0.248789263198128
0.249413081146683
0.250032582795398
0.250647752838885
0.251258576095903
0.251865037509262
0.252467122145727
0.253064815195923
0.253658101974247
0.254246967918782
0.254831398591217
0.255411379676763
0.255986896984082
0.256557936445207
0.257124484115478
0.252532795650003
0.183353274733866
0.103518815513093
0.101144738099639
9.87579591422973E-02
9.89628973162771E-02
9.65564588051077E-02
0.088907799617619
0.107427807483999
0.102390573687255
9.73307885822713E-02
0.113334149120605
0.118833628531388
0.121705418796967
0.15639400131245
9.02929368839561E-02
9.04589156657787E-02
9.86194616070694E-02
0.2483265569311
0.248767351683042
0.24920372312923
0.252319915229401
0.252752005510177
0.253179593557609
0.253602669146592
0.264830635876197
0.262555516324246
0.265689176833149
0.263395911750578
0.244771286535447
0.245150236846475
0.259165068006618
0.259555802610777
0.259941888972741
0.263063563371584
0.263444291767882
0.266568423615704
0.19263968336821
0.201174383707352
0.201449484856067
0.198957665816912
0.190920942200769
0.260435430450679
0.263545138728113
0.244435760856925
0.247522246704107
0.247826595548948
0.170064216157844
0.18143171808981
0.17884967077302
0.193044377823278
0.193262971229551
0.190674046283766
0.157197428106514
0.202328140938665
0.208167804254369
0.197119507384231
0.197319960629937
0.200338514764041
0.206183449964334
0.203554174596908
0.217894648950322
0.218095471802615
0.229632207096007
0.232672618786457
0.232873849127591
0.230228531380702
0.230418964999094
0.230605220538537
0.270676455507535
0.17108531856047
0.156946150113101
0.197040468681515
0.205754380505722
0.200178202460539
0.177420784221896
0.177537652252371
0.197708699243452
0.206432953235853
0.261065634672563
0.261218208187542
0.249877416053472
0.229898114562819
0.287524639723949
0.287671406771346
0.287812940927175
0.287949238895401
0.288080297502512
0.288206113697517
0.288326684551962
0.288442007259931
0.288552079138059
0.28288375967302
0.285868895681256
0.285962257150092
0.280271614705118
0.28035288302012
0.271755981665001
0.289175359384586
0.289243342730618
0.28930605661219
0.289363499571742
0.289415670274324
0.289462567507595
0.289504190181828
0.289540537329916
0.28957160810737
0.289597401792325
0.289617917785537
0.289633155610394
0.289643114912905
0.289647795461713
0.289647197148086
0.289641319985924
0.289630164111755
0.289613729784735
0.289592017386652
0.289565027421916
0.289532760517567
0.289495217423266
0.289452399011299
0.289404306276569
0.289350940336597
0.289292302431517
0.27187469028863
0.199519859246739
0.271739684896144
0.271664756638849
0.271584880291718
0.27150005771194
0.271410290871936
0.26842924588212
0.268330656995363
0.259574693211448
0.242171843072566
0.178670392891986
0.181472160387471
0.166992904977493
0.166913163560783
0.166830385582384
0.135120602234393
0.135048606947784
0.132102365308235
0.132027096430956
0.235214196766502
0.235071468163328
0.229194602612844
0.23477319873958
0.23461766487655
0.243035596659369
0.242865542007059
0.242691077995135
0.242512208697923
0.236627080922167
0.236443829392996
0.239102750087765
0.281570866054155
0.284178744489606
0.283937321404298
0.283690752610308
0.283439043879882
0.283182201107585
0.169752138186178
0.274173543498382
0.256966645680986
0.256714286712299
0.259275496170073
0.261826317843394
0.281241069355962
0.280943381128633
0.280640617413489
0.280332785327818
0.280019892111132
0.279701945125164
0.279378951853861
0.279050919903373
0.278717857002055
0.278379771000452
0.278036669871304
0.277688561709531
0.277335454732239
0.276977357278707
0.276614277810393
0.276246224910923
0.275873207286097
0.275495233763882
0.275112313294416
0.274724454950004
0.274331667925123
0.273933961536422
0.273531345222727
0.27312382854504
0.272711421186547
0.272294132952624
0.244684776393758
0.241586008784966
0.241201643767653
0.240812970765951
0.27013483039381
0.269688469663705
0.26654492711658
0.268781332539176
0.268320577833457
0.249105193736409
0.251341666197671
0.253564216750931
0.19449383439499
0.199459040739336
0.233601408523722
0.230517111462988
0.22743865527006
0.224366191015264
0.221299869391563
0.191945883996603
0.118090017925202
0.112617138793505
0.120231930472807
0.112162314630589
0.111931935369771
0.124687909304248
0.121834132778339
0.121575879401204
0.191007368294363
0.19059404248657
0.200457232769556
0.197450241583652
0.245622556260322
0.237410678101668
0.236870356494076
0.221079067534611
0.220565881209915
0.242812525927948
0.252331024672099
0.251727946595819
0.251120495116885
0.25050868519662
0.249892531920328
0.249272050497381
0.248647256261324
0.24801816466998
0.247384791305555
0.24674715187475
0.246105262208879
0.245459138263985
0.244808796120969
0.24415425198571
0.243495522189207
0.242832623187706
0.242165571562849
0.241494384021816
0.240819077397477
0.240139668648547
0.213115995625174
0.21250406578535
0.238077001132441
0.237381355994923
0.236681695419863
0.2359780371246
0.235270398953552
0.234558798878416
0.23384325499837
0.233123785540289
0.232400408858956
0.229356412002914
0.230942007886563
0.230207020946666
0.229468201486317
0.228725568503333
0.227979141124882
0.227228938607745
0.22647498033859
0.21668859440088
0.218207198499753
0.219706951503118
0.223421982037043
0.222649540373843
0.221873462022449
0.221093767287002
0.220310476603992
0.219523610542602
0.218733189805067
0.217939235227031
0.217141767777932
0.216340808561375
0.215536378815534
0.214728499913552
0.213917193363958
0.198185307154313
0.197424477153044
0.175514227712286
0.166404119241862
0.209810008231728
0.208978595112071
0.208143908732392
0.126456642737334
0.128008180193691
0.135709488294888
7.98614250985744E-02
8.36080913837538E-02
8.73193809701632E-02
8.29066615009831E-02
8.25540423211781E-02
8.01952844952137E-02
8.78337059202661E-02
8.94388004006455E-02
0.128622473214167
0.130023694652873
0.143173092563003
0.150339828822147
0.149659235387302
0.148976432404225
0.144439713478947
0.138019581915979
0.104939256953037
0.106344372879541
0.12095996159708
0.141072372935742
0.138520869058521
0.186281565165595
0.185370128258632
0.184456079321254
0.183539444961544
0.182620251947096
0.18169852720602
0.18077429782797
0.179847591065192
0.178918434333598
0.177986855213869
0.177052881452572
0.176116540963319
0.175177861827933
0.174236872297659
0.173293600794392
0.172348075911933
0.171400326417278
0.170450381251935
0.169498269533269
0.168544020555876
0.167587663792998
0.166629228897955
0.16566874570562
0.164706244233925
0.163741754685399
0.162775307448744
0.161806933100442
0.160836662406402
0.159864526323642
0.15889055600201
0.157914782785941
0.152229121069774
0.154398374491701
0.151877422928928
0.150914408882941
0.151479884353653
0.152024062974852
0.151036563875481
0.150047519866897
0.149056964130806
0.148064930063414
0.147071451277675
0.146076561605582
0.145080295100515
0.144082686039638
0.143083768926354
0.142083578492809
9.17033973065963E-02
0.119067590089773
0.139075718077451
0.138070786350116
0.137064758486147
0.136057670646025
0.135049559238166
0.134040460921913
0.133030412610593
0.132019451474644
0.131007614944812
0.129994940715424
0.128981466747725
0.127967231273297
0.126952272797552
0.125936630103306
0.124920342254425
0.123903448599562
0.12288598877598
0.121868002713443
0.120849530638211
0.119830613077132
0.118811290861789
0.117791605132792
0.116771597344117
0.11575130926758
0.114730782997384
0.11371006095481
0.112689185892937
0.111668200901549
0.109540677917995
0.105241032194763
0.108605022404071
0.103280674083119
0.106563159350726
0.105542439165153
0.104521920539225
0.10350164944549
0.102481672242315
0.101462035679979
0.100442786906903
9.94239734760124E-02
9.84056433512635E-02
9.73878449142945E-02
0.096370626971243
9.53540387597092E-02
9.43381299558816E-02
0.09332295068182
9.23085515129044E-02
0.091294983485453
9.02822981045114E-02
8.92705473518173E-02
8.82597836939473E-02
8.72500600906442E-02
8.62414300033364E-02
8.52339474038444E-02
8.42276667832884E-02
0.083222643161193
8.13967427738522E-02
8.04044237917027E-02
7.37984187956873E-02
0.073671101404572
7.19608763791099E-02
7.18165050675231E-02
3.58268830612657E-02
5.49211780046431E-02
5.93946781007844E-02
5.78706941646583E-02
5.49226454678356E-02
5.48865211949256E-02
5.48322674750232E-02
5.33736662237614E-02
1.70843182567808E-02
1.61664753277549E-02
1.72602658199663E-02
1.70074608812426E-02
1.48219822054831E-02
1.52342340129666E-02
1.56277755469188E-02
0.015387212926867
1.39355375810353E-02
1.31191499106016E-02
0.012909278991038
1.32773227868408E-02
1.30592669936711E-02
1.34002582427951E-02
1.31742068768035E-02
1.24093868641226E-02
1.16640630498425E-02
1.19798821822087E-02
1.22778870419906E-02
1.20558729050708E-02
1.18347236925619E-02
1.35502023184892E-02
1.32942823947379E-02
1.53679131694364E-02
1.46122325463749E-02
1.43235344246215E-02
2.45632668973798E-02
2.36330105473791E-02
2.10397677536173E-02
0.020597172022254
2.21724954544643E-02
2.09018650981468E-02
2.08256392518478E-02
1.77186598134449E-02
1.51033387538764E-02
1.97892770176081E-02
1.89694724316254E-02
2.15976349043351E-02
3.14340974951782E-02
3.26044643847908E-02
3.17738715164093E-02
3.09488580849681E-02
3.01295330492967E-02
2.93160069132233E-02
0.02850839175174
2.77068012372011E-02
2.69113506655031E-02
2.61221569821954E-02
2.53393388084631E-02
2.45630164669153E-02
2.37933120071101E-02
2.30303492307331E-02
2.22742537163466E-02
2.15251528436124E-02
1.87048582351938E-02
1.80436083192357E-02
1.75822186344104E-02
1.69271900070272E-02
1.62851957374564E-02
1.56122367042104E-02
1.51230977758207E-02
1.37675349910255E-02
1.36416775167749E-02
1.35145612678537E-02
1.16917198410686E-02
1.19140655481132E-02
1.19624969905718E-02
9.53932907511147E-03
7.48786901481434E-03
6.60392439285661E-03
6.21448283233932E-03
6.30411003128831E-03
6.38953304424074E-03
4.62192311701527E-03
4.41577468254614E-03
4.51362232461112E-03
4.60727908351082E-03
4.69668576741964E-03
4.34707526682938E-03
4.43346522133435E-03
5.0799167188232E-03
5.01061542752694E-03
4.94063243996866E-03
4.73468740045305E-03
4.66531284083884E-03
4.46397300861232E-03
4.13672751297832E-03
3.43528665343849E-03
3.37968737385123E-03
3.20047065198257E-03
2.78293336238444E-03
3.20975645482041E-03
2.80184102148674E-03
2.52092946133068E-03
2.69791093760307E-03
2.53504324233703E-03
2.48415684656813E-03
2.53861932320862E-03
2.48463534537911E-03
2.12644127664074E-03
2.1774289677078E-03
2.32011985381651E-03
2.17010503172673E-03
2.02436811577416E-03
1.97263516393979E-03
2.09516450877356E-03
1.86818030495587E-03
1.81549068595149E-03
1.76251747385753E-03
1.86467076442094E-03
1.88159759616905E-03
1.82058620190725E-03
1.61861378253906E-03
1.69796205129044E-03
1.57096494697445E-03
1.57478347115877E-03
1.57361575853345E-03
1.4513966622523E-03
1.38975047696488E-03
1.27508279565347E-03
1.21616778537829E-03
1.10925188106349E-03
1.05329457116739E-03
1.04107228667651E-03
8.60569420183067E-04
8.49276487433299E-04
7.97583844350061E-04
7.46561496699628E-04
7.27955950264245E-04
6.76323830555509E-04
5.98507501660711E-04
6.26347916195373E-04
5.96904498739435E-04
5.4398092990385E-04
5.11735131574535E-04
4.4346242451311E-04
3.8094192014805E-04
3.37588072657769E-04
3.08355044094122E-04
2.68122306725223E-04
2.48271799490179E-04
2.10792010165804E-04
1.76433256592175E-04
1.55675846308739E-04
1.21651197616211E-04
9.62636795643554E-05
7.94383753769306E-05
5.95792918888203E-05
5.29445222715974E-05
3.68624136400827E-05
2.57369599938691E-05
1.68982365852676E-05
1.38037407872083E-05
7.45375758645241E-06
3.52490526093416E-06
1.45745145715855E-06
5.16342839327449E-07
1.26042708906275E-07
1.18463958344846E-08
1.25805161981208E-09
5.79732936039825E-11
3.75733749702297E-13
6.31791324715517E-17
2.40914582304035E-24
7.02937013140498E-48
0
0
0
0
0
0
0
0
0
0
0
0
0
0
0
0
0
0
0
0
0
0
0
0
0
0
0
0
0
0
0
0
0
0
0
0
0
0
0
0
0
0
0
0
0
0
0
0
0
0
0
0
0
0
0
0
0
0
0
0
0
0
0
0
0
0
0
0
0
0
0
0
0
0
0
0
0
0
0
0
0
0
0
0
0
0
0
0
0
0
0
0
0
0
0
0
0
0
0
0
0
0
0
0
0
0
0
0
0
0
0
0
0
0
0
0
0
0
0
0
0
0
0
0
0
0
0
0
0
0
0
0
0
0
0
0
0
0
0
0
0
0
0
0
0
0
0
0
0
0
0
0
0
0
0
0
0
0
0
""
