0
0
0
0
0
0
0
0
0
0
0
0
0
0
0
0
0
0
0
0
0
0
0
0
0
0
0
0
0
0
0
0
0
0
0
0
0
0
0
0
0
0
0
0
0
0
0
0
0
0
0
0
0
0
0
0
0
0
0
0
0
0
0
0
0
0
0
0
0
0
0
0
0
0
0
0
0
0
0
0
0
0
0
0
0
0
0
0
0
0
0
0
0
0
0
0
0
0
0
0
0
0
0
0
0
0
0
0
0
0
0
0
0
0
0
0
0
0
0
0
0
0
0
0
0
0
0
0
0
0
0
0
0
0
0
0
0
0
0
0
0
0
0
0
0
0
0
0
0
0
0
0
0
0
0
0
0
0
0
0
0
0
0
0
0
0
0
0
0
0
0
0
0
0
0
0
0
0
0
0
0
0
0
0
0
0
0
0
0
0
0
0
0
0
0
0
0
0
0
0
0
0
0
0
0
0
0
0
0
0
0
0
0
0
0
0
0
0
0
0
0
0
0
0
0
0
0
0
0
0
0
0
0
0
0
0
0
0
0
0
0
0
0
0
0
0
0
0
0
0
0
0
0
0
0
0
0
0
0
0
0
0
0
0
0
0
0
0
0
0
0
0
0
0
0
0
0
0
0
0
0
0
0
0
0
0
0
0
0
0
0
0
0
0
0
0
0
0
0
0
0
0
0
0
0
0
0
0
0
0
0
0
0
0
0
0
0
0
0
0
0
0
0
0
0
0
0
0
0
0
0
0
0
0
0
0
0
0
0
0
0
0
0
0
0
0
0
0
0
0
0
0
0
0
0
0
0
0
0
0
0
0
0
0
0
0
0
0
0
0
0
0
0
0
0
0
0
0
0
0
0
0
0
0
0
0
0
0
0
0
0
0
0
0
0
0
0
0
0
0
0
0
0
0
0
0
0
0
0
0
0
0
0
0
0
0
0
0
0
0
0
0
0
0
0
0
0
0
0
0
0
0
0
0
0
0
0
0
0
0
0
0
0
0
0
0
0
0
0
0
0
0
2.93841359840393E-63
4.08984628180552E-21
3.47963812976646E-13
6.99729669039781E-10
5.00616113651454E-08
7.52876327698013E-07
2.61338561933857E-06
1.00813963990101E-05
2.88643733387687E-05
6.96016608918954E-05
1.30067867606248E-04
2.04499963394215E-04
3.45247990898556E-04
5.29145820762171E-04
7.48370071197983E-04
9.87028321544878E-04
2.17088737011824E-03
2.75192353044811E-03
3.29630329600256E-03
4.11942833248814E-03
5.89317294772263E-03
6.89952275174227E-03
7.03833885373605E-03
1.03987750531015E-02
1.17502395906171E-02
1.30076134109327E-02
1.17908537166721E-02
9.15670924678919E-03
9.43083693725464E-03
1.00548547267405E-02
1.08960531736771E-02
1.17518034044207E-02
1.23459390520635E-02
1.99563181651648E-02
2.50243344173825E-02
2.65848652016726E-02
2.88613525902387E-02
3.08552404170763E-02
3.17224023421341E-02
3.33396973793635E-02
3.49621073889037E-02
3.29746001477734E-02
3.63296374499767E-02
3.73872008488124E-02
3.78927613183641E-02
3.77850989373563E-02
4.19738080317623E-02
4.46442631068176E-02
3.90985473565964E-02
3.79687358525425E-02
5.05876522711455E-02
5.21788865553293E-02
5.37651721183445E-02
4.77360161668766E-02
4.05564438065656E-02
3.94810896218929E-02
3.97853436400665E-02
2.46438399842396E-02
4.10533643196874E-02
5.82312652494267E-02
8.11397919369447E-02
8.38583623305446E-02
8.66057046810455E-02
8.84964079461311E-02
9.03773829036285E-02
9.22485036545663E-02
9.41096601568698E-02
9.59607567412306E-02
9.78017107605546E-02
9.96324513607324E-02
0.101452918361613
9.60346469514518E-02
9.87590679008505E-02
0.100441082390169
0.10211329583654
9.16317254563104E-02
9.30909001390121E-02
4.89792711360672E-02
4.85697981532574E-02
5.28160477253811E-02
5.35883130090523E-02
5.55637763958489E-02
6.98170422756252E-02
7.32607806013357E-02
0.078023998674096
7.65054535549666E-02
6.84561902742072E-02
7.58673527987226E-02
0.101977708942596
9.25021262916421E-02
9.90414452895939E-02
9.88380631077781E-02
9.58180245821591E-02
0.10954950407927
0.109354824951424
0.11055678610123
0.107396994930666
0.118804139801141
0.117079878944103
0.118281093921584
9.22523619123998E-02
0.096222315768899
8.94500901361219E-02
9.34228697211131E-02
8.17311712022888E-02
8.72497770379337E-02
0.113661553746928
0.114684571790297
5.21467502407973E-02
4.93139416906628E-02
5.63690159259925E-02
5.51736474698759E-02
0.150040447273589
0.151270584885525
0.152492087936798
0.15543199801741
0.163612035334221
0.166628912862623
0.176732737098104
0.178057020976321
0.172196857607805
0.173449798181708
0.176513304339144
0.177760804565224
0.178999084538975
0.148641782060053
0.149647875647197
0.148763324511877
0.113728035977533
0.114465613472124
0.115197544724104
0.113991774308522
0.132197102745236
0.160391378405351
0.161360931549781
0.118772797328771
0.121462205207829
0.148201839800521
9.46663826425042E-02
0.101276808441578
0.099803254609588
9.21587981713699E-02
8.85392704625988E-02
9.10817483459695E-02
0.101965775045021
0.106678548098951
0.105122298854985
0.19651490409857
0.197493761957265
0.200598078474858
0.1994257939485
0.180987466768563
0.186170232755968
0.184861041675785
0.166045534742542
0.168991272842674
0.169745144886834
0.185991234036848
0.186798256998467
0.185364289822143
0.181661062826015
0.182417041288763
0.2125625702624
0.183906799190068
0.18464058458281
0.196809384006422
0.213654275496951
0.216777460295555
0.212965042456351
0.216079966238856
0.212207673539562
0.234037331844176
0.234870310401085
0.235694183252104
0.231778773133005
0.232568326428543
0.138104487081152
0.133783244547632
0.131822360495902
0.137054385313137
0.137487684910771
0.140335375589885
0.123776759708744
0.119281885568951
0.117194984010818
0.110191914326504
0.105597908734959
0.113285603251895
0.116071424031332
0.118866628953118
8.93908985282699E-02
0.087138869992553
0.0898629320335
0.110114936008437
0.125447043645745
0.133304467130755
0.133630247995815
0.116259539521644
0.091200463180713
9.14119251865045E-02
8.39851029902243E-02
7.90715488035592E-02
8.69140688168082E-02
8.45396036002102E-02
8.47184315432721E-02
8.23217029934577E-02
7.99114968608977E-02
5.42416601397439E-02
5.43478138610361E-02
4.92661455445996E-02
5.97500408765401E-02
6.50652408110805E-02
0.135579616787056
0.174997294950092
8.37250696637208E-02
8.12456003876517E-02
8.13797147737578E-02
7.62522295956114E-02
7.63724054284391E-02
7.12147696467619E-02
0.068680189089103
7.14262382124947E-02
7.41774750503329E-02
0.082239393005219
8.23508968168683E-02
8.24595727570981E-02
8.25654204880016E-02
8.26684396749513E-02
8.00986741810189E-02
8.82121840716218E-02
9.09889603635581E-02
9.64477444998736E-02
9.38689793818833E-02
0.085911883518992
8.06229169702249E-02
9.14607972027628E-02
9.15458498343641E-02
0.086237926420261
8.63121297565123E-02
8.36839280311098E-02
0.083750147952356
7.02952230860765E-02
7.03460106233678E-02
7.31018997610358E-02
7.31497053537066E-02
5.42185503782405E-02
5.69628208770444E-02
5.97082557079516E-02
5.97391639402122E-02
5.43346006653897E-02
5.70769938792193E-02
0.059819819543625
5.16823157177111E-02
5.17003225021029E-02
4.89946658255708E-02
5.17311232600458E-02
5.17439171091145E-02
4.63070812842642E-02
4.08665459115156E-02
4.08725304747852E-02
4.08771430338561E-02
4.08803835698829E-02
4.08822520696139E-02
4.08827485254034E-02
4.08818729352196E-02
0.040879625302646
4.08760056368782E-02
5.17699510067726E-02
4.90375803246543E-02
4.90282975395912E-02
4.90173684258722E-02
4.62823045263667E-02
4.89905713967227E-02
0.182294730028729
0.271984387062014
0.271877942839911
0.27176235437004
0.2716376221135
0.271503746565726
0.271360728255995
0.271208567746899
0.271047265633772
0.27087682254409
0.173246233047566
0.175830535466141
0.175701925203198
0.178268411677669
0.183523511270615
0.175280457635596
0.177822369591874
0.236882173465171
0.199009390911877
0.212249140070326
0.214719082887695
0.214495022759169
0.211585362707895
0.208674365951029
0.205762307144069
0.210856676477525
0.210599360628917
0.210334835944144
0.212722129892857
0.212439659199249
0.212149891015241
0.211852826221892
0.227414600633864
0.256124632559573
0.247828486761336
0.247445152027601
0.223399214541852
0.220413121479242
0.222667213874305
0.235365454032061
0.234957423123091
0.237147206797233
0.247123253257219
0.241473613615474
0.209918990139911
0.20951487691418
0.193614249196496
0.190650062249506
0.156836492329262
0.153944212133043
0.138255805462568
0.137956906163778
0.142751356198989
0.142431196276106
0.144643547969777
0.136712179319238
0.131337283221313
0.136060343607816
0.103052026183596
0.12034565624261
0.115038978222643
0.117236922200486
0.119417612016582
0.121580775005639
0.126200661245776
0.12832114401337
0.120579931167478
0.130052704354873
0.212866673412897
0.212242694896655
0.211610805274118
0.20854605009971
0.234498382054739
0.23617737040885
0.235429935993356
0.237068215486603
0.236295142215974
0.237891981171
0.237092900686213
0.236284718994777
0.235467434571134
0.234641045744353
0.233805550693041
0.232960947440156
0.232107233847728
0.208119966850323
0.193512871654453
0.192772781985642
0.192025031004531
0.191269616169824
0.190506534776662
0.191994543284355
0.191206853036147
0.163529786899948
0.156147902928192
0.148816589514079
0.137113646073382
0.13210716962232
0.1315182177937
0.128741703817728
0.119463494990222
0.13404229778336
0.137714541754046
0.141339989472383
0.183278754660372
0.178137926380932
0.175141519500664
0.17425815164406
0.173367126703758
0.155844974008895
0.15502597426852
0.197376046533816
0.194265060948466
0.203369757591477
0.202240697827197
0.201102348279588
0.199954698303453
0.147110325283013
0.152176218466626
0.151270991823748
0.152311276720571
0.139735110291288
0.146583361376446
0.147578014918829
0.148541074734855
0.147580193708
0.140973036423203
0.140034957061101
0.139089782531779
0.130770167323872
0.117058644528154
0.123498485393494
0.117206166686888
0.155738172308984
0.154592077369814
0.158728598062304
0.155775429029073
0.15284052246889
0.139584552744592
0.136768912209769
0.133972929143199
0.132878888273025
0.131777160517888
0.13066772784023
9.18333167557528E-02
9.75384864484576E-02
9.66782390110147E-02
0.135733783335542
0.13291600215143
0.128551374581887
0.13821404311377
0.136893958006741
0.141657802518444
0.137243466962874
0.134373371477517
0.110835329485131
0.108222816658073
0.111421733441604
8.44584490676374E-02
7.92882238954255E-02
7.28063048447375E-02
7.33667972096343E-02
7.38900748508505E-02
7.30235289948579E-02
7.21514254731107E-02
7.25936356083689E-02
7.43010770710986E-02
5.40568324998945E-02
5.20906391153415E-02
5.14072485896696E-02
4.94825231120817E-02
4.63670859711856E-02
4.33153936416654E-02
4.15141888719223E-02
3.62368081680412E-02
3.68522932515523E-02
3.51612622359413E-02
3.35018885244088E-02
3.29736083884697E-02
3.78492226062918E-02
3.72255807252891E-02
3.65982918776991E-02
3.59673661070726E-02
3.43233069891299E-02
5.45201753700883E-02
0.085618739604587
0.08304172447809
8.23648080701576E-02
4.31142527944708E-02
4.31321267341455E-02
4.22279620330621E-02
4.21799614277329E-02
4.12475360437101E-02
5.75864536783132E-02
5.94552232871053E-02
4.70486766140032E-02
4.58851783205626E-02
4.76977118749024E-02
2.39487256601814E-02
2.25946554061951E-02
2.19639225529945E-02
2.33307182422884E-02
2.52230846432999E-02
2.13125328172934E-02
0.021240731215624
2.11272716982097E-02
1.98386356807974E-02
1.91357041285232E-02
1.89585389512624E-02
1.87406044927708E-02
1.94550110816938E-02
1.63189323232945E-02
1.56154467667095E-02
1.44870895854811E-02
1.46187646217247E-02
1.35145803399843E-02
1.35520765844101E-02
1.31678519774652E-02
1.34030821695009E-02
1.66019793930311E-02
2.44944035059455E-02
2.31435901596064E-02
1.70206775881724E-02
1.59931061184721E-02
1.06796024071467E-02
9.59281175731681E-03
9.63201165946061E-03
7.74912881425772E-03
6.81667694576778E-03
4.39334596574767E-03
3.53535917335788E-03
2.98754053294443E-03
5.41211874434954E-03
5.11554191961493E-03
3.42560692034667E-03
2.71354623857499E-03
1.97857662357568E-03
1.51726549403998E-03
1.0792242875971E-03
1.59429947397095E-03
1.11177293721952E-03
7.15597958267971E-04
4.4254032038806E-04
2.54318257150831E-04
1.2469825055212E-04
5.25842466261935E-05
1.7189333448423E-05
1.65352049180002E-06
2.05220614020967E-07
9.79415804577765E-09
5.7511814136887E-11
4.49477667004029E-15
4.4867550381016E-26
3.09813510935023E-154
0
0
0
0
0
0
0
0
0
0
0
0
0
0
0
0
0
0
0
0
0
0
0
0
0
0
0
0
0
0
0
0
0
0
0
0
0
0
0
0
0
0
0
0
0
0
0
0
0
0
0
0
0
0
0
0
0
0
0
0
0
0
0
0
0
0
0
0
0
0
0
0
0
0
0
0
0
0
0
0
0
0
0
0
0
0
0
0
0
0
0
0
0
0
0
0
0
0
0
0
0
0
0
0
0
0
0
0
0
0
0
0
0
0
0
0
0
0
0
0
0
0
0
0
0
0
0
0
0
0
0
0
0
0
0
0
0
0
0
0
0
0
0
0
0
0
0
0
0
0
0
0
0
0
0
0
0
0
0
0
0
0
0
0
0
0
0
0
0
0
0
0
0
0
0
0
0
0
0
0
0
0
0
0
0
0
0
0
0
0
0
0
0
0
0
0
0
0
0
0
0
0
0
0
0
0
0
0
0
0
0
0
0
0
0
0
0
0
0
0
0
0
0
0
0
0
0
0
0
0
0
0
0
0
0
0
0
0
0
0
0
0
0
0
0
0
0
0
0
0
0
0
0
0
0
0
0
0
0
0
0
0
0
0
0
0
0
0
0
0
0
0
0
0
0
0
0
0
0
0
0
0
0
0
0
0
0
0
0
0
0
0
0
0
0
0
0
0
0
0
0
0
0
0
0
0
0
0
0
0
0
0
0
0
0
0
0
0
0
0
0
0
0
0
0
0
0
0
0
0
0
0
0
0
0
0
0
0
0
0
0
0
0
0
0
0
0
0
0
0
0
0
0
0
0
0
0
0
0
0
0
0
0
0
0
0
0
0
0
0
0
0
0
0
0
0
0
0
0
0
0
0
0
0
0
0
0
0
0
0
0
0
0
0
0
0
0
0
0
0
0
0
0
0
0
0
0
0
0
0
0
0
0
0
0
0
0
0
0
0
0
0
0
0
0
0
0
0
0
0
0
0
0
0
0
0
0
0
0
0
0
0
0
0
0
0
0
0
0
0
0
0
0
0
0
0
0
0
0
0
0
""
