0
0
0
0
0
0
0
0
0
0
0
0
0
0
0
0
0
0
0
0
0
0
0
0
0
0
0
0
0
0
0
0
0
0
0
0
0
0
0
0
0
0
0
0
0
0
0
0
0
0
0
0
0
0
0
0
0
0
0
0
0
0
0
0
0
0
0
0
0
0
0
0
0
0
0
0
0
0
0
0
0
0
0
0
0
0
0
0
0
0
0
0
0
0
0
0
0
0
0
0
0
0
0
0
0
0
0
0
0
0
0
0
0
0
0
0
0
0
0
0
0
0
0
0
0
0
0
0
0
0
0
0
0
0
0
0
0
0
0
0
0
0
0
0
0
0
0
0
0
0
0
0
0
0
0
0
0
0
0
0
0
0
0
0
0
0
0
0
0
0
0
0
0
0
0
0
0
0
0
0
0
0
0
0
0
0
0
0
0
0
0
0
0
0
0
0
0
0
0
0
0
0
0
0
0
0
0
0
0
0
0
0
0
0
0
0
0
0
0
0
0
0
0
0
0
0
0
0
0
0
0
0
0
0
0
0
0
0
0
0
0
0
0
0
0
0
0
0
0
0
0
0
0
0
0
0
0
0
0
0
0
0
0
0
0
0
0
0
0
0
0
0
0
0
0
0
0
0
0
0
0
0
0
0
0
0
0
0
0
0
0
0
0
0
0
0
0
0
0
0
0
0
0
0
0
0
0
0
0
0
0
0
0
0
0
0
0
0
0
0
0
0
0
0
0
0
0
0
0
0
0
0
0
0
0
0
0
0
0
0
0
0
0
0
0
0
0
0
0
0
0
0
0
0
0
0
0
0
0
0
0
0
0
0
0
0
0
0
0
0
0
0
0
0
0
0
0
0
0
0
0
0
0
0
1.42075045500735E-33
7.00329842861631E-18
7.93016854753514E-13
2.29249416373568E-10
7.40768099538746E-09
7.53009331146326E-08
4.09169085308911E-07
1.29785319261917E-06
3.34497107916481E-06
2.06722476888203E-05
3.61677395375119E-05
5.53726643728842E-05
8.67485633805843E-05
1.27661842984056E-04
1.76410643340593E-04
2.00657763586261E-04
2.80962516924453E-04
3.36134515483563E-04
3.62405106753906E-04
2.77017650037456E-04
3.25610256551042E-04
3.86817266883581E-04
4.42357681095152E-04
5.00254503047839E-04
8.40296383164027E-04
1.16605423637172E-03
1.28452049699414E-03
1.3865634671418E-03
1.48722037614472E-03
1.58604079011702E-03
1.61153284701134E-03
1.80202472634214E-03
1.9489948596872E-03
1.5531382451585E-03
1.61411056656147E-03
0.001960902992201
1.86078852754544E-03
1.95318740766148E-03
2.16007597328329E-03
2.19151318735647E-03
2.33679250756025E-03
2.48165158171923E-03
2.57301766823905E-03
2.76787321595714E-03
3.9987075512954E-03
4.34194216846946E-03
3.87183222713549E-03
4.04731509567842E-03
4.21983102610247E-03
3.39517653054764E-03
3.85338824903567E-03
3.97515693968345E-03
4.0912950114934E-03
7.37805504742865E-03
8.17960129473018E-03
8.57805247829522E-03
8.98309951212128E-03
1.03834461103692E-02
0.010845065983684
1.13133432083006E-02
1.12267408901871E-02
1.18308944475276E-02
1.30598652429652E-02
0.015141839064214
1.63664072542565E-02
1.69666575237867E-02
1.75732986217249E-02
1.81861349537108E-02
1.88049763902766E-02
1.86524525886236E-02
1.94581422477537E-02
2.02817946040139E-02
1.98431991359192E-02
2.02243313118147E-02
2.08234041041342E-02
2.16598072946865E-02
0.02131617496106
2.19081654252283E-02
2.25040461552646E-02
2.25845085707469E-02
2.34406132347798E-02
2.40406129342782E-02
2.43639408956325E-02
2.38159279986935E-02
2.40972039937855E-02
2.19607692200199E-02
2.37029154672891E-02
2.42442243953512E-02
2.96167604911159E-02
3.29012752731542E-02
3.36133336749824E-02
3.43282037995239E-02
3.50457857586612E-02
3.57659820678575E-02
3.64886975662312E-02
3.72138393394862E-02
3.79413166456058E-02
0.038671040843224
3.94029253225816E-02
4.01368854389843E-02
0.040872838448673
0.041610703447025
4.23504013090023E-02
4.30918546317658E-02
4.38349876793812E-02
4.45797263295326E-02
4.53259980221797E-02
0.046073731710077
0.046822857811094
4.75733081622623E-02
4.83250159754891E-02
4.80963574789741E-02
4.73403462827757E-02
4.85635546023012E-02
0.048262543948477
5.00161635643919E-02
4.75722829973283E-02
4.71828184100238E-02
4.89387184427799E-02
4.96229222037808E-02
5.36615646283771E-02
5.66589484397677E-02
5.74209828645995E-02
5.81835141364978E-02
5.83570259525363E-02
5.31417776399164E-02
5.38214856920295E-02
5.51138334734335E-02
5.64216875258894E-02
0.059000338154045
5.90837691006035E-02
5.91520077888063E-02
5.98556144523295E-02
5.92427337343806E-02
5.92651396853345E-02
5.92721906637219E-02
6.81193698995247E-02
6.88838261719764E-02
6.96480897804593E-02
7.04121201628753E-02
7.11758773344767E-02
6.04290303733682E-02
5.45268111784754E-02
5.50988385671949E-02
5.56705452069723E-02
5.39922269902433E-02
0.054540369292244
5.20276728043516E-02
4.55901733077549E-02
5.22808151890614E-02
7.87900103761995E-02
7.95482744599342E-02
8.03058256135987E-02
8.10626301714941E-02
8.18186548765148E-02
8.25738668707811E-02
8.08283866759675E-02
8.15592715403715E-02
8.22892746957503E-02
8.21625062930837E-02
8.54732468510749E-02
8.62154171438816E-02
8.69565654940096E-02
6.28935658438764E-02
0.062530277385157
6.30520289605478E-02
5.44911217660739E-02
5.58525556037445E-02
6.09202371010514E-02
6.69916635282166E-02
7.69023072086533E-02
7.75074947562489E-02
7.81116015340538E-02
6.23957238054832E-02
0.060938274673468
7.40696158306589E-02
7.56072218303167E-02
8.40827847452132E-02
8.47017972843176E-02
8.53195335870048E-02
9.80681094758962E-02
5.49853995943649E-02
5.53753302877181E-02
5.88624185112337E-02
6.75910746120868E-02
7.64335455616118E-02
5.58720871410549E-02
5.20051115885767E-02
5.02171542203672E-02
5.27021428937138E-02
0.04980144542693
5.33957118696929E-02
5.81282043552467E-02
5.73971005485132E-02
6.22050044082081E-02
6.37144926649874E-02
9.44809804338491E-02
9.50653042107025E-02
9.79253282817582E-02
9.73746188114697E-02
5.07091652584564E-02
5.21711204155948E-02
5.83107575439571E-02
5.98256305861689E-02
7.19719061591771E-02
7.00130668085743E-02
6.20586659623578E-02
7.92124289603918E-02
7.72428321055521E-02
7.76722232909277E-02
0.109828425037503
0.110428298280022
0.111026166392361
0.102940300111577
0.103487921539098
0.10654048140796
0.107097398426643
0.105119345414653
0.109478299031123
0.111315214952574
0.111877059525786
0.113729197821628
0.114293269714457
0.11485520281789
0.11803804941307
0.131787035041879
0.132418199009214
0.133046862931072
0.133673009726577
0.134296622440559
0.134917684242479
0.135536178425392
0.136152088404932
0.127191819878044
0.116769676519924
0.118666368224136
0.138589558837863
0.132232688094903
0.132802748164487
0.109503991567472
0.117017040786984
0.118924102164882
0.119419015129923
0.119911610698738
0.121835231785494
0.122328962996421
0.144494483282324
0.145069720639251
0.145642124384668
0.146211679886835
0.146778372622375
0.114926906777026
0.131633769892082
0.135099628853643
0.135604768563086
0.131620186714221
0.132103497796857
0.117517816125422
0.117941574972471
0.104705733102413
9.74622265548176E-02
0.152819003171968
0.153350248553412
0.153878451972276
0.154403600365873
0.154925680772369
0.155444680330395
0.155960586278654
0.156473385955548
0.156983066798811
0.157489616345156
0.15799302222993
0.158493272186776
0.158990354047309
0.159484255740799
0.159974965293862
0.160462470830164
0.160946760570126
0.161427822830647
0.161905646024823
0.16238021866169
0.162851529345955
0.163319566777754
0.163784319752402
0.164245777160159
0.164703927986001
0.165158761309393
0.165610266304078
0.166058432237861
0.166503248472412
0.13689465765971
0.135580059704474
0.13593217014093
0.107679236432555
0.119760470036233
0.120061864941242
0.122056053507343
0.159743546795464
0.160132900069079
0.167349605585809
0.167748753775139
0.162997220611251
0.161657784156389
0.172373221670475
0.172766579084921
0.17315642920738
0.173542762969284
0.173925571393155
0.122013391914747
0.157212519094509
0.157547480603254
0.157879237806705
0.170512832825096
0.172624940577999
0.176505785866293
0.176860079292342
0.177210770664848
0.177557851911657
0.177901315050661
0.178241152189718
0.178577355526582
0.178909917348828
0.179238830033785
0.179564086048467
0.179885677949514
0.151371022641824
0.151634985671396
0.155512420457036
0.157587675054638
0.181438421498518
0.181737877418505
0.182033619625841
0.182325641392101
0.182613936078005
0.182898497133369
0.183179318097068
0.183456392596992
0.18372971435001
0.183999277161931
0.184265074927469
0.184527101630208
0.184785351342573
0.185039818225794
0.185290496529877
0.185537380593578
0.185780464844373
0.18601974379843
0.186255212060591
0.186486864324338
0.186714695371779
0.186938700073621
0.151598687445212
0.151773920396632
0.121932008991777
0.116433740682185
0.11280069304384
0.141151574208954
0.129995436301743
9.61821255065898E-02
9.81665122551537E-02
9.82629611339612E-02
0.105923347397002
0.151461244265683
0.15160031284373
0.151736270331597
0.157564205450718
0.159598781937106
0.161633286575936
0.161764487704986
0.161892367891943
0.162016924280326
0.158323138698405
0.160347159850688
0.160460380589253
0.160570306083125
0.174066678370367
0.174178616736689
0.1685412529929
0.168642579479396
0.164905431698613
0.166916259888919
0.16700615396374
0.16709261694093
0.167175646895385
0.16725524197879
0.167331400419619
0.163555749936393
0.161698455820633
0.161762024174083
0.165675179439223
0.163806320003549
0.104099643335013
5.59227169431799E-02
5.20810639351054E-02
5.59539743922078E-02
5.21080245464415E-02
5.79109982968144E-02
5.79230012275065E-02
0.054071559338511
0.054080539431327
0.05408840789128
5.02312242190287E-02
5.02364657210941E-02
5.41053418494886E-02
4.83113948902239E-02
4.63809175241258E-02
4.63819425441505E-02
4.63820141319221E-02
5.21787738215819E-02
5.21767091537131E-02
5.02412174243443E-02
5.21693622521213E-02
5.98920920603426E-02
6.18165639661025E-02
6.56707473771133E-02
6.95224012939931E-02
8.30254045812331E-02
8.10780273948514E-02
9.45697749174036E-02
9.26170521775813E-02
8.48763861385123E-02
8.09951513451962E-02
8.28981330050071E-02
9.05798809974764E-02
0.107887351905058
0.117476765074529
0.173258800505714
0.169339051112005
0.169266017551048
0.161499073795445
0.149892527144672
0.151739299465834
0.151661255122071
0.107449181206953
0.109307111107541
0.109244060134681
0.10917876507173
0.114853923551231
0.1013894170689
9.94107082013061E-02
0.103163848837996
0.103091382086378
0.082031894974611
7.62519253807113E-02
7.61935456072506E-02
7.80369415318376E-02
8.36793038194387E-02
6.46076717957005E-02
6.45527371832213E-02
6.44964776148624E-02
9.47630799247834E-02
9.46764539315658E-02
0.126747766110888
0.130406378307467
7.74120403383448E-02
0.077334644603151
7.72556625089315E-02
7.71750958266563E-02
6.58110517737679E-02
7.32526688429786E-02
6.19143637724394E-02
6.18444306557832E-02
7.30047260137536E-02
7.47888030515528E-02
7.46994311834704E-02
6.90128888366983E-02
6.89273896915672E-02
6.69799248665002E-02
7.24684895214995E-02
7.23739093870533E-02
7.22778470022035E-02
7.21803045350396E-02
7.20812841882503E-02
0.167955172464648
0.167717243959097
0.167475882971223
0.165393390623559
0.165147908717032
0.166731260145986
0.173793860914648
0.162564646697843
0.16413225477455
0.131095950819628
0.134519068890661
0.13611272014155
0.135885765193771
0.139273528725291
0.139034827434412
0.133385756502748
0.12415422114502
0.129321081217227
0.179287906546391
0.178959542497333
0.178627528174052
0.178291871185747
0.17261400185442
0.170505273695662
0.157764178285628
0.15922167471787
0.150075336045257
0.142723515284878
0.142431157903693
0.142135901893294
0.140086670689916
0.139789354407468
0.141232810651837
0.14092602905627
0.14235238840087
0.142036028350049
0.138260276852042
0.137946011800738
0.144510394495533
0.145890908396512
0.147260432260696
0.153743658471089
0.17041605159703
0.170002363592929
0.169585232873646
0.169164669227142
0.168740682533634
0.168313282765754
0.167882479988704
0.16744828436042
0.167010706131744
0.166569755646596
0.166125443342151
0.165677779749032
0.165226775491491
0.164772441287616
0.164314787949524
0.162215288119744
0.155220089211074
0.151517481079472
0.151079618604442
0.152258492122534
0.148579800804813
0.146527478269591
0.14608721497395
0.145644023701516
0.135624426246955
0.122479838579275
0.122097452675788
0.124873992845088
0.124476675975662
0.124076874153456
0.123674597134868
0.113907587304493
0.113531315891626
0.117802899192815
8.65100298423874E-02
8.77557793559326E-02
9.20578572952253E-02
9.32683733743304E-02
8.83717884784176E-02
8.80604225965461E-02
9.22859684782179E-02
8.44175585592276E-02
0.105139881341007
0.109245271744932
8.49866204612615E-02
7.57577843672504E-02
0.073993547210666
0.064867706550574
6.31511861230852E-02
5.99817543993462E-02
5.82911341675765E-02
5.37076676291502E-02
6.07240391854818E-02
0.057601364724371
5.59349589570069E-02
5.57074986954938E-02
5.69014930185851E-02
5.80826351399009E-02
5.78401141521895E-02
5.47868896089669E-02
5.45540752312975E-02
5.01417305795794E-02
5.13116895925545E-02
4.97070833869035E-02
4.53642978941215E-02
4.92686177275572E-02
4.90479674769939E-02
4.61138034281487E-02
4.05032179315067E-02
3.76292137612347E-02
3.61170409754002E-02
0.038610904816301
3.84287015813177E-02
3.82457725869578E-02
4.19995837990678E-02
4.04900164197489E-02
4.28916715738443E-02
0.045266947391459
5.14764372307881E-02
5.12182612810575E-02
0.053507090176813
0.057036443778141
5.80037592045378E-02
6.27201398663849E-02
0.067382887199929
6.95092616418281E-02
6.91387030404786E-02
6.99948645767675E-02
5.86232714597456E-02
5.34439010567267E-02
0.066436048401176
6.00600232149434E-02
5.61392085863999E-02
5.70086734989785E-02
0.073215119145475
6.92705081834197E-02
0.101550147556784
0.100953862119018
9.92022942625978E-02
9.86093864732979E-02
0.101433887377593
9.96840012549098E-02
9.68204693970253E-02
9.62208269483768E-02
9.67314022723132E-02
9.28069590749541E-02
9.33143347161098E-02
9.27153034453444E-02
5.41851347491936E-02
5.06011017498914E-02
0.051336862919344
5.41823642503515E-02
5.27631691443958E-02
6.60309591825249E-02
6.45383281261874E-02
0.103375456026467
0.10265520558041
9.98946835402773E-02
9.41252213479279E-02
0.094455829429379
9.47704837876322E-02
9.40788589033217E-02
9.53518456070707E-02
9.65942124318301E-02
7.84383936802057E-02
7.78440232944442E-02
7.53411672687443E-02
7.47593201636996E-02
6.10312387334944E-02
6.52085568154446E-02
7.48558920289263E-02
5.31703645143093E-02
5.54674167982889E-02
6.13265870944482E-02
0.046509303868883
6.29732049747057E-02
6.42014884932777E-02
6.19111248706303E-02
6.65659252325642E-02
6.51310371856228E-02
6.28609552214719E-02
6.39880445257671E-02
5.92434226573495E-02
6.36691464990333E-02
6.22684082417641E-02
6.16939206325588E-02
4.66433226424656E-02
5.17803524032092E-02
5.04985097160091E-02
5.70459071230162E-02
0.040240504473473
4.13777581962092E-02
4.09669873712375E-02
4.35600654829971E-02
4.38616759531949E-02
4.04687885721533E-02
4.44183542752772E-02
4.10707442604963E-02
3.84968932622927E-02
3.94950249972557E-02
3.90671895375228E-02
3.79492340152853E-02
3.75287975417554E-02
3.98070579047155E-02
3.53535895442053E-02
0.037585861806383
3.71499210574966E-02
5.21725086672931E-02
5.09166127809261E-02
5.03049035233354E-02
4.96933123853825E-02
4.11060715599063E-02
3.33235605729806E-02
3.52964711839452E-02
3.42554384518738E-02
3.03149920038083E-02
2.99184392641797E-02
2.89544073645745E-02
3.30469482249967E-02
3.25979719037283E-02
2.88799498163819E-02
2.79400400234398E-02
3.28426278397817E-02
4.49039806257037E-02
4.42528101880329E-02
4.41094478926592E-02
4.34523828731349E-02
4.27962362133701E-02
4.35942025732744E-02
4.10100562342823E-02
4.08338575864445E-02
4.01819411162344E-02
3.72593174611055E-02
3.66471909588829E-02
3.60363127247345E-02
3.62908089487921E-02
3.56677722497454E-02
3.50462004961208E-02
3.31966528326476E-02
3.09904031117006E-02
3.04250193550461E-02
2.86977998604363E-02
0.028157559841114
3.09780370621001E-02
2.45202834507589E-02
2.54707901078197E-02
3.51537716377947E-02
3.44357909246548E-02
3.37205072556848E-02
3.30080201528464E-02
3.22984316119134E-02
3.12759277260364E-02
2.99617199511722E-02
2.17354436939446E-02
0.021233659995774
1.92944733276254E-02
1.91133147603426E-02
1.80982557635868E-02
1.79152626408274E-02
1.51152287984873E-02
1.62472675988988E-02
0.017548489566249
1.75567622096059E-02
1.75417716540485E-02
1.59126370526496E-02
1.56771122182806E-02
0.016289450609141
1.58016480838796E-02
1.61240542923253E-02
9.56672750311083E-03
7.55936543058579E-03
6.94590085282601E-03
6.7126758125527E-03
6.82294103223948E-03
7.07613586304437E-03
8.4065784152371E-03
8.24773053636732E-03
6.7586240560621E-03
7.05947225887843E-03
6.64079843115783E-03
6.8868239935142E-03
3.98184143553023E-03
3.45118391332207E-03
3.52358298235861E-03
3.25223965836917E-03
0.002993990194899
2.84680899538661E-03
2.60918327542999E-03
3.00225936835623E-03
2.83963296312958E-03
2.68051558421775E-03
3.5647201924246E-03
3.14102844954674E-03
2.94519224696676E-03
2.81577242013899E-03
2.91184717628237E-03
2.76118829898152E-03
3.15071530498897E-03
2.13797337404933E-03
2.21962280824514E-03
1.76666879625463E-03
1.46632767500264E-03
1.53383699093798E-03
1.52277927154062E-03
1.41261626099904E-03
1.30572435005657E-03
1.20222812663961E-03
1.10225590832754E-03
1.00593935359238E-03
8.91134557660992E-04
8.45433473408222E-04
7.97222107330734E-04
5.90476232358033E-04
5.36600885154294E-04
3.9855027178703E-04
3.81849607130928E-04
3.49454744957447E-04
3.06120831040839E-04
3.92969351358008E-04
3.35108525755942E-04
2.87163443610721E-04
4.57358048120829E-04
3.59659737706261E-04
2.68823574108497E-04
2.03676998553988E-04
1.48371922050118E-04
1.02988831504897E-04
6.73069582436268E-05
4.07466574079993E-05
2.20739013316664E-05
1.06046974761585E-05
3.34089929073289E-06
8.4750586898122E-07
1.75756304543501E-07
1.94394026094103E-08
7.78991339962092E-10
4.70332391813295E-12
1.86927964874146E-16
4.88900286284899E-29
1.29245316402258E-280
0
0
0
0
0
0
0
0
0
0
0
0
0
0
0
0
0
0
0
0
0
0
0
0
0
0
0
0
0
0
0
0
0
0
0
0
0
0
0
0
0
0
0
0
0
0
0
0
0
0
0
0
0
0
0
0
0
0
0
0
0
0
0
0
0
0
0
0
0
0
0
0
0
0
0
0
0
0
0
0
0
0
0
0
0
0
0
0
0
0
0
0
0
0
0
0
0
0
0
0
0
0
0
0
0
0
0
0
0
0
0
0
0
0
0
0
0
0
0
0
0
0
0
0
0
0
0
0
0
0
0
0
0
0
0
0
0
0
0
0
0
0
0
0
0
0
0
0
0
0
0
0
0
0
0
0
0
0
0
0
0
0
0
0
0
0
0
0
0
0
0
0
0
0
0
0
0
0
0
0
0
0
0
0
0
0
0
0
0
0
0
0
0
0
0
0
0
0
0
0
0
0
0
0
0
0
0
0
0
0
0
0
0
0
0
0
0
0
0
0
0
0
0
0
0
0
0
0
0
0
0
0
0
0
0
0
0
0
0
0
0
""
