0
0
0
0
0
0
0
0
0
0
0
0
0
0
0
0
0
0
0
0
0
0
0
0
0
0
0
0
0
0
0
0
0
0
0
0
0
0
0
0
0
0
0
0
0
0
0
0
0
0
0
0
0
0
0
0
0
0
0
0
0
0
0
0
0
0
0
0
0
0
0
0
0
0
0
0
0
0
0
0
0
0
0
0
0
0
0
0
0
0
0
0
0
0
0
0
0
0
0
0
0
0
0
0
0
0
0
0
0
0
0
0
0
0
0
0
0
0
0
0
0
0
0
0
0
0
0
0
0
0
0
0
0
0
0
0
0
0
0
0
0
0
0
0
0
0
0
0
0
0
0
0
0
0
0
0
0
0
0
0
0
0
0
0
0
0
0
0
0
0
0
0
0
0
0
0
0
0
0
0
0
0
0
0
0
0
0
0
0
0
0
0
0
0
0
0
0
0
0
0
0
0
0
0
0
0
0
0
0
0
0
0
0
0
0
0
0
0
0
0
0
0
0
0
0
0
0
0
0
0
0
0
0
0
0
0
0
0
0
0
0
0
0
0
0
0
0
0
0
0
0
0
0
0
0
0
0
0
0
0
0
0
0
0
0
0
0
0
0
0
0
0
0
0
0
0
0
0
0
0
0
0
0
0
0
0
0
0
0
0
0
0
0
0
0
0
0
0
0
0
0
0
0
0
0
0
0
0
0
0
0
0
0
0
0
0
0
0
0
0
0
0
0
0
0
0
0
0
0
0
0
0
0
0
0
0
0
0
0
0
0
0
0
0
0
0
0
0
0
0
0
0
0
0
0
0
0
0
0
0
0
0
0
0
0
0
0
0
0
0
0
0
0
0
0
0
0
0
0
0
0
0
0
0
0
0
0
0
0
0
0
0
0
0
0
0
0
0
0
0
0
0
0
0
0
0
0
0
0
0
0
0
0
0
0
0
0
0
0
0
0
0
0
0
0
0
0
0
0
0
0
0
0
0
0
0
0
0
0
0
0
0
0
0
0
0
0
0
0
0
0
0
0
0
0
0
0
0
0
0
0
0
0
0
0
0
0
0
0
0
0
0
0
0
0
0
0
0
0
0
0
0
0
0
0
0
0
0
0
0
0
0
0
0
0
0
0
0
0
0
0
0
0
0
0
0
0
0
0
0
0
0
0
0
0
0
0
0
0
0
0
0
0
0
0
0
0
1.2321408477876E-50
5.29209279035216E-23
1.13488589650028E-15
2.81718558596577E-12
2.56072798930794E-10
4.82435959060237E-09
3.80185933291113E-08
1.91795077388317E-07
5.7306335596124E-07
1.19995299339218E-06
2.86662174610147E-06
5.41390916448562E-06
9.2600583540468E-06
1.75898594283374E-05
2.8359896188332E-05
4.01516702920271E-05
5.45640058110503E-05
7.71801005363592E-05
9.14771005654474E-05
1.13963900639379E-04
1.60455722011327E-04
1.66676394895168E-04
1.96693892432185E-04
2.11371402460445E-04
2.83677094047784E-04
2.99838143900229E-04
3.64122103885223E-04
4.3626684528906E-04
4.51933636126848E-04
4.98230847243659E-04
5.45934915234604E-04
6.79900935931695E-04
7.83263508348078E-04
8.45383576982576E-04
8.5517180222991E-04
9.1562037234503E-04
9.76889956285516E-04
1.03887732503481E-03
1.10148657339208E-03
1.16462875648779E-03
1.15145766506671E-03
1.2114268692977E-03
1.35645984700181E-03
1.42097013695236E-03
1.39280593558957E-03
1.35666411944416E-03
1.4134401849825E-03
1.36522242620332E-03
1.41795141438232E-03
1.69688663072734E-03
1.87476182837714E-03
1.81817436209082E-03
2.00385437807996E-03
2.06813904096548E-03
1.99895095678451E-03
1.92154974868301E-03
1.8359616241864E-03
1.74221953460546E-03
1.93861023018419E-03
1.98956551285803E-03
2.19720113313022E-03
2.25149852458981E-03
1.97613456460221E-03
1.85363094134512E-03
0.001895550270159
1.76109842441623E-03
1.79872648010718E-03
1.83610691199153E-03
2.06055894975274E-03
2.10111889321455E-03
1.94672144474246E-03
1.98307235369321E-03
2.22107380785528E-03
2.05497590466027E-03
2.09052382523395E-03
2.33837978501568E-03
2.37688232553502E-03
2.19552924189878E-03
2.22997987455771E-03
2.49056816915463E-03
2.75765675695792E-03
3.03116100698778E-03
3.07449643463362E-03
2.87766190613784E-03
2.67390736972492E-03
2.70964850141676E-03
2.74507990110854E-03
2.27471025749805E-03
2.30319247267431E-03
2.33142113301704E-03
2.35939632203389E-03
2.65235353130148E-03
2.68287432180611E-03
2.7131140995051E-03
2.74307316851346E-03
2.77275187346989E-03
2.80215059536186E-03
2.83126974767598E-03
2.57409879556394E-03
3.1775382528954E-03
3.20864977058671E-03
3.23945586494255E-03
3.56722594555884E-03
3.90018214574297E-03
3.93551067707635E-03
4.27590272840816E-03
5.5455150152061E-03
5.59294705794253E-03
5.95321343285432E-03
6.00224159122276E-03
6.05075194660814E-03
6.41973224749484E-03
5.82273833148924E-03
5.54127308132689E-03
5.2544320602767E-03
5.29311701557785E-03
5.33137165556271E-03
6.37592134633938E-03
6.42033008428998E-03
6.46423115838316E-03
5.13759920727091E-03
4.82669502751699E-03
5.20492048698932E-03
4.88878565566807E-03
4.21652177389065E-03
4.59586752087391E-03
4.26784077804273E-03
4.29302699377559E-03
4.67772340099469E-03
3.98058465396804E-03
3.63891665682475E-03
3.29297334633592E-03
3.67854166290855E-03
4.43755716803073E-03
4.46055321485056E-03
4.48323869473976E-03
4.88108200282755E-03
5.28229349515116E-03
4.54943717010869E-03
4.57088576925101E-03
4.97469531504071E-03
5.38166964395683E-03
5.01950150896603E-03
5.04140635224449E-03
4.67351972953092E-03
4.69312806492995E-03
5.10513392886411E-03
5.12571575865647E-03
5.14596802542205E-03
5.16589118456753E-03
5.58436919524555E-03
5.60511748539687E-03
5.22369041796035E-03
5.24230149823177E-03
5.66524602753068E-03
6.09062666542296E-03
5.70357245617848E-03
5.72220913867505E-03
5.7404953309777E-03
5.75843141893934E-03
5.77601777863257E-03
5.79325477647652E-03
4.98012237374025E-03
5.41049052587273E-03
5.84287312096127E-03
5.44023642217476E-03
5.03503843098602E-03
5.04802242829706E-03
3.79553171136733E-03
3.3820654955366E-03
3.81389291787058E-03
3.82273959544007E-03
4.25707098637902E-03
4.26640662450807E-03
4.70304508724444E-03
5.1412054665896E-03
5.15152062981233E-03
5.16154032616408E-03
5.60220347368331E-03
5.61241857468706E-03
5.62231418079142E-03
5.63189047624816E-03
5.64114763854326E-03
6.08470782605468E-03
5.65870524025556E-03
5.66700600154495E-03
5.67498827356918E-03
5.68265220117081E-03
5.68999792288272E-03
5.69702557099511E-03
5.26498640457203E-03
7.90632989273254E-03
8.35444806016959E-03
8.36286148517891E-03
8.37081086641355E-03
8.81925930980033E-03
9.26798310873043E-03
9.27523148906478E-03
9.28196754337765E-03
9.7304862175806E-03
1.01790367681236E-02
9.74191730570128E-03
9.74682837308197E-03
9.30796672866047E-03
8.42480898356602E-03
7.09697793733496E-03
7.54267694862709E-03
7.54440069287519E-03
7.54571032093447E-03
7.10268786391583E-03
7.54708731175461E-03
7.54715469827111E-03
7.9907378994236E-03
7.54604725932862E-03
7.54487241476578E-03
7.98700601875547E-03
7.54128037406729E-03
7.9823256521082E-03
7.53603164578835E-03
6.64657580714965E-03
5.75756683913458E-03
5.75445109936351E-03
5.75101842604961E-03
5.74726875941502E-03
6.18498680588971E-03
6.18026573104994E-03
6.17520304906146E-03
5.72909876594762E-03
5.28347357296045E-03
5.27825523423239E-03
5.27274375232644E-03
4.82802744361944E-03
4.82243754859042E-03
5.25444944147483E-03
5.24776435296472E-03
4.80405344495724E-03
5.23351298553737E-03
4.7904509114254E-03
5.65292631423278E-03
5.20993098102336E-03
5.20148175673011E-03
5.19273799997086E-03
5.61567451133933E-03
5.60556342186326E-03
4.73434306175238E-03
4.72524645831469E-03
5.14459534623347E-03
5.56192084071756E-03
5.55020960785893E-03
5.53817770218824E-03
5.5258248920064E-03
5.5131509381373E-03
5.50015559382555E-03
5.90890311268109E-03
5.47319970832987E-03
6.29912150168383E-03
6.28264050679505E-03
6.26578711773436E-03
5.83199026173691E-03
6.23096178833543E-03
8.69818479518202E-03
8.67249975045321E-03
8.23456270357597E-03
8.20910239536197E-03
8.18314211448014E-03
8.15668131427961E-03
8.53620540571623E-03
1.01278198733351E-02
1.00928626484546E-02
9.65498578823453E-03
1.00210617425597E-02
9.98421649552701E-03
8.75313147309047E-03
9.11594176798071E-03
8.68550477010967E-03
9.04407630617003E-03
9.00726854406611E-03
8.96987631884614E-03
8.93189877570098E-03
8.50666830026327E-03
9.23914875451382E-03
8.04797189632065E-03
8.39263429552691E-03
8.73320006086368E-03
8.69169160664243E-03
8.64959132227552E-03
9.35532413133302E-03
8.93594213850134E-03
8.51972932247191E-03
7.36978387416355E-03
7.33058828745272E-03
7.29087256113022E-03
7.61316750555671E-03
7.57037060940285E-03
7.16859470691353E-03
7.48312792896865E-03
7.08445712187737E-03
6.33743955569378E-03
6.64830385795536E-03
6.60658621653414E-03
5.87337971458342E-03
5.49190807769633E-03
5.45550398729645E-03
5.41867360965371E-03
5.38141602636837E-03
5.34373031068827E-03
5.63721649881012E-03
5.9254545804257E-03
5.88160686770583E-03
7.13444509652091E-03
7.07966439319609E-03
7.02428718996052E-03
7.28505363177709E-03
7.22590792538583E-03
7.47770554378976E-03
7.72362166026171E-03
8.57615519690928E-03
1.15371867524207E-02
1.26378659644823E-02
1.28211112850555E-02
1.15206603002764E-02
1.19970107446168E-02
1.27507926220943E-02
1.23385775628579E-02
1.27830931618727E-02
0.024461434332175
2.03111655075578E-02
2.03704529212128E-02
2.04217209998204E-02
1.26559144606822E-02
1.27791286240107E-02
1.26317182862049E-02
1.04024642821307E-02
1.02773702944942E-02
9.1360345400954E-03
8.26963638037061E-03
7.66887837988086E-03
8.05672370691282E-03
7.94887394499101E-03
7.6025177016233E-03
7.49613798182537E-03
7.38886142608351E-03
6.1430822229906E-03
5.37871970522577E-03
5.07557749824606E-03
5.86476600560287E-03
5.7705011811694E-03
5.46529250014146E-03
5.57975510683205E-03
5.07711427645415E-03
5.18660206297938E-03
5.09231341456305E-03
5.18954531109595E-03
4.90168947051213E-03
4.99019276642569E-03
1.23142604911706E-02
8.68952623926334E-03
8.6779014305602E-03
8.48774260382942E-03
8.1304869195715E-03
7.77979235778965E-03
6.96113639540391E-03
6.63554373860036E-03
6.01607239638436E-03
6.0052318691517E-03
5.55819205742018E-03
5.68050588908273E-03
5.24798816179804E-03
4.83085591135619E-03
0.012654997160998
1.22524250178952E-02
1.18488207724997E-02
1.14443697548002E-02
1.10392740437533E-02
1.06337538589205E-02
1.02280490558188E-02
9.82242072927787E-03
9.41715292819772E-03
9.01255448380438E-03
8.60896095168248E-03
8.20673666537472E-03
7.80627689600633E-03
7.40801010797494E-03
7.01240029497357E-03
3.70717164894739E-03
3.30253578711675E-03
3.09877006026778E-03
2.89760991003593E-03
2.49568489758822E-03
2.17377610266693E-03
2.13888068748744E-03
2.00622503612914E-03
1.76094840286337E-03
1.16709966673874E-03
1.68627912922738E-03
1.40378782115969E-03
1.17637641424077E-03
1.01559798292398E-03
8.49103342043799E-04
7.16404377478046E-04
5.55672657410395E-04
4.66071343053141E-04
2.90566089207845E-04
2.27319039556352E-04
1.85567305898218E-04
1.42680319762094E-04
1.02808599341683E-04
7.36548070488433E-05
5.20368501771262E-05
3.35905095042707E-05
1.95302901713939E-05
1.07105370678754E-05
4.86964678912966E-06
2.02602355101705E-06
6.78839577783005E-07
1.6108929644828E-07
2.59100144253368E-08
1.92520929190685E-09
3.54727480305612E-11
5.99473537824204E-14
1.78515747278785E-19
1.61244406072225E-35
0
0
0
0
0
0
0
0
0
0
0
0
0
0
0
0
0
0
0
0
0
0
0
0
0
0
0
0
0
0
0
0
0
0
0
0
0
0
0
0
0
0
0
0
0
0
0
0
0
0
0
0
0
0
0
0
0
0
0
0
0
0
0
0
0
0
0
0
0
0
0
0
0
0
0
0
0
0
0
0
0
0
0
0
0
0
0
0
0
0
0
0
0
0
0
0
0
0
0
0
0
0
0
0
0
0
0
0
0
0
0
0
0
0
0
0
0
0
0
0
0
0
0
0
0
0
0
0
0
0
0
0
0
0
0
0
0
0
0
0
0
0
0
0
0
0
0
0
0
0
0
0
0
0
0
0
0
0
0
0
0
0
0
0
0
0
0
0
0
0
0
0
0
0
0
0
0
0
0
0
0
0
0
0
0
0
0
0
0
0
0
0
0
0
0
0
0
0
0
0
0
0
0
0
0
0
0
0
0
0
0
0
0
0
0
0
0
0
0
0
0
0
0
0
0
0
0
0
0
0
0
0
0
0
0
0
0
0
0
0
0
0
0
0
0
0
0
0
0
0
0
0
0
0
0
0
0
0
0
0
0
0
0
0
0
0
0
0
0
0
0
0
0
0
0
0
0
0
0
0
0
0
0
0
0
0
0
0
0
0
0
0
0
0
0
0
0
0
0
0
0
0
0
0
0
0
0
0
0
0
0
0
0
0
0
0
0
0
0
0
0
0
0
0
0
0
0
0
0
0
0
0
0
0
0
0
0
0
0
0
0
0
0
0
0
0
0
0
0
0
0
0
0
0
0
0
0
0
0
0
0
0
0
0
0
0
0
0
0
0
0
0
0
0
0
0
0
0
0
0
0
0
0
0
0
0
0
0
0
0
0
0
0
0
0
0
0
0
0
0
0
0
0
0
0
0
0
0
0
0
0
0
0
0
0
0
0
0
0
0
0
0
0
0
0
0
0
0
0
0
0
0
0
0
0
0
0
0
0
0
0
0
0
0
0
0
0
0
0
0
0
0
0
0
0
0
0
0
0
0
0
0
0
0
0
0
0
0
0
0
0
0
0
0
0
0
0
0
0
0
0
0
0
0
0
0
0
0
0
0
0
""
