0
0
0
0
0
0
0
0
0
0
0
0
0
0
0
0
0
0
0
0
0
0
0
0
0
0
0
0
0
0
0
0
0
0
0
0
0
0
0
0
0
0
0
0
0
0
0
0
0
0
0
0
0
0
0
0
0
0
0
0
0
0
0
0
0
0
0
0
0
0
0
0
0
0
0
0
0
0
0
0
0
0
0
0
0
0
0
0
0
0
0
0
0
0
0
0
0
0
0
0
0
0
0
0
0
0
0
0
0
0
0
0
0
0
0
0
0
0
0
0
0
0
0
0
0
0
0
0
0
0
0
0
0
0
0
0
0
0
0
0
0
0
0
0
0
0
0
0
0
0
0
0
0
0
0
0
0
0
0
0
0
0
0
0
0
0
0
0
0
0
0
0
0
0
0
0
0
0
0
0
0
0
0
0
0
0
0
0
0
0
0
0
0
0
0
0
0
0
0
0
0
0
0
0
0
0
0
0
0
0
0
0
0
0
0
0
0
0
0
0
0
0
0
0
0
0
0
0
0
0
0
0
0
0
0
0
0
0
0
0
0
0
0
0
0
0
0
0
0
0
0
0
0
0
0
0
0
0
0
0
0
0
0
0
0
0
0
0
0
0
0
0
0
0
0
0
0
0
0
0
0
0
0
0
0
0
0
0
0
0
0
0
0
0
0
0
0
0
0
0
0
0
0
0
0
0
0
0
0
0
0
0
0
0
0
0
0
0
0
0
0
0
0
0
0
0
0
0
0
0
0
0
0
0
0
0
0
0
0
0
0
0
0
0
0
0
0
0
0
0
0
0
0
0
0
0
0
0
0
0
0
0
0
0
0
0
0
0
0
0
0
0
0
0
0
0
0
0
0
0
0
0
0
0
0
0
0
0
0
0
0
0
0
0
0
0
0
0
0
0
0
0
4.24227347531945E-106
4.06912447027723E-29
6.27990270036015E-18
1.93632764519557E-13
5.09805497090963E-11
1.66472189390098E-09
1.74055442914593E-08
1.0273693920375E-07
3.69740751543227E-07
1.08494003013684E-06
2.69739273970165E-06
3.83792392094287E-06
6.83722586353892E-06
1.17290368247207E-05
1.78948920361623E-05
3.19916721662256E-05
4.29334328483499E-05
6.16044515068952E-05
7.91200138220031E-05
1.11039100374747E-04
1.51374304229846E-04
2.53183884672972E-04
3.33169064242963E-04
4.00858949133618E-04
4.64448154393833E-04
5.44639280334694E-04
1.12500781276729E-03
1.23955708432774E-03
1.14982417692228E-03
1.3224893320117E-03
1.43317441437988E-03
1.62686548969333E-03
1.96199999682422E-03
2.86176118532744E-03
3.17895074219503E-03
3.51492528704957E-03
3.50555030470758E-03
4.44089904152331E-03
4.90270963378776E-03
5.39217332461199E-03
6.15589646979217E-03
6.58726119261493E-03
7.03005955268685E-03
7.48391056707528E-03
7.94844210802712E-03
8.42329135484521E-03
8.90810510412943E-03
8.74436216500497E-03
9.41094931923057E-03
9.79381203485995E-03
1.01744658510383E-02
9.97887318358156E-03
1.04467030129105E-02
1.18000148684419E-02
1.21887675211561E-02
1.28464357293648E-02
1.33795910775546E-02
0.013919061227406
1.47723774578051E-02
0.015495282663376
1.57388036302602E-02
1.25308922943448E-02
1.49264976901318E-02
1.56222016382083E-02
1.59546835435255E-02
1.64751552390599E-02
7.08319639819348E-03
7.51203521266281E-03
7.09509537409254E-03
7.74833872627577E-03
8.65642575025316E-03
7.73058127675142E-03
7.70424556494456E-03
7.91334767664266E-03
2.00550931616644E-02
2.10977270693708E-02
2.16352830845778E-02
2.21753800420542E-02
2.35593203393118E-02
2.35499871681972E-02
2.41038620862732E-02
2.46599145578538E-02
2.46029784991339E-02
2.54638201375612E-02
0.02601901166973
0.026576007267934
2.61297363096432E-02
0.025985516366771
2.58150569234036E-02
2.66855996714863E-02
2.75713879230955E-02
2.95817218509927E-02
1.73317630088573E-02
1.68871293474893E-02
1.83691759173727E-02
1.83025756297197E-02
1.90323338973834E-02
1.73046875093206E-02
0.018021327266243
1.87525957036396E-02
1.81985933825356E-02
1.89377767012889E-02
1.87964868459659E-02
0.019095936818998
1.93956865869026E-02
1.87578191595858E-02
1.57111286737643E-02
1.64304815162636E-02
1.81451271795903E-02
1.64198891680115E-02
1.56469266373535E-02
0.015869204030816
1.60915599983857E-02
1.68402356849685E-02
1.60030094475594E-02
1.56777168836883E-02
1.58858725410437E-02
1.60940287421791E-02
1.63021717217338E-02
1.70796082447652E-02
1.55653735885082E-02
1.45917133309794E-02
1.53618264605559E-02
1.67442162412193E-02
1.45241481240129E-02
0.015308360192223
1.73457765378115E-02
1.75460675234249E-02
1.83800189958962E-02
1.79462387270919E-02
1.62018725147712E-02
1.37593425762153E-02
0.013246647817908
1.07112214124961E-02
9.47188578234937E-03
1.02550174605092E-02
1.03614700402788E-02
1.11656550524407E-02
1.19838746795146E-02
1.28160976618946E-02
1.43813594623508E-02
1.59746646640233E-02
1.53964555114168E-02
1.55441566838445E-02
1.71860824453054E-02
1.73473671726124E-02
1.82696345102216E-02
1.92056230811626E-02
1.86048843543293E-02
1.79899158208221E-02
1.57824969833461E-02
1.51252733347771E-02
1.44539365780959E-02
1.70081718988445E-02
1.96035877337422E-02
1.89452340629157E-02
1.82727973728783E-02
1.67488700001239E-02
1.68858194042893E-02
1.87247247016539E-02
1.71588376642854E-02
0.015565406690468
0.013072985972509
1.31745657208078E-02
1.41609683292932E-02
1.51606097440264E-02
1.52749130864128E-02
1.44837033793752E-02
0.014590749188161
1.46975224934427E-02
1.57292708392225E-02
1.58421267101963E-02
1.59546814293103E-02
0.016066931202088
1.42754755339063E-02
1.34157066388297E-02
1.25425632334654E-02
1.65128062457757E-02
1.76013271756117E-02
1.87025026284553E-02
1.88254572015514E-02
1.99453036638552E-02
1.90702425784065E-02
2.02021743614867E-02
2.13465042660253E-02
2.14802959143331E-02
2.16136538833231E-02
2.17465740691726E-02
0.019795333128177
1.88666441652403E-02
1.79250164973226E-02
1.80311683362601E-02
2.34713465493465E-02
2.36077563214226E-02
6.04384541499722E-02
7.05519124429655E-02
0.081866057664918
8.01290430998779E-02
4.08385993161996E-02
4.10629947148516E-02
4.35182346946914E-02
4.26310700885106E-02
4.28588615583509E-02
3.96842438501475E-02
3.87526008824054E-02
0.040099679600227
4.14577306873224E-02
4.28266752909711E-02
4.42064339511087E-02
4.32586226779519E-02
4.22982653407031E-02
5.78556035058698E-02
4.03401897001775E-02
4.05348120609022E-02
4.19264652766398E-02
4.93464508898335E-02
0.048368763871412
4.98084493364093E-02
4.75969733913311E-02
7.11082267667073E-02
7.51243159667479E-02
7.54607715720602E-02
7.20679441357625E-02
7.23847432408245E-02
7.52068707712237E-02
3.65068156975607E-02
3.66628520004653E-02
3.42789136012557E-02
3.18728731264347E-02
3.20053183827738E-02
3.08515844803732E-02
3.09773914452067E-02
2.98065848418155E-02
2.99258528448139E-02
3.00444677660107E-02
2.88510167337822E-02
2.76467066281701E-02
0.056827984794299
5.57181798710708E-02
6.25869191631651E-02
6.41577916169995E-02
6.57371969259264E-02
6.46320393727478E-02
6.48670393960099E-02
6.78131413468801E-02
0.058527266367602
0.062831662515114
7.26461552727936E-02
8.11502817473048E-02
8.41888192308089E-02
0.083089816742039
0.138948549359758
0.139411010718651
0.139870400671286
0.140326708005517
0.140779921605458
0.141230030451091
0.141677023617902
0.100905832096323
9.97931337846286E-02
0.098669448845388
0.131958934382768
0.143864878551768
0.144292953534449
0.144717839011544
0.145139524810334
0.145558000850693
0.119698070858742
0.124427491227367
0.082204679761673
9.27357537018731E-02
9.29891896406706E-02
8.43605125876793E-02
7.12303835930671E-02
6.10035222245766E-02
6.26548559074737E-02
6.13212697582436E-02
5.99786408832216E-02
6.01303232973776E-02
6.02806727152774E-02
6.49619120340168E-02
7.11783962403757E-02
7.43865177153346E-02
6.08686704812626E-02
5.49110724947549E-02
5.80968523838781E-02
6.12955032246542E-02
5.98991881801394E-02
6.00339313691959E-02
5.70818373637165E-02
5.41148616255381E-02
5.26826981618427E-02
5.27955039647457E-02
5.13510452451074E-02
4.98989141342632E-02
4.84392119711761E-02
5.79321831852263E-02
5.49107776337519E-02
5.34476325771412E-02
5.04020514148038E-02
4.89212249368162E-02
4.90143757228537E-02
4.75223589027657E-02
4.76103950905504E-02
4.92872858251177E-02
0.054154397352496
5.10593582259502E-02
4.79519411094509E-02
4.80346681899097E-02
4.97202052841878E-02
5.14100456157224E-02
5.14948656731687E-02
5.15785411191635E-02
5.00466616147182E-02
5.01254990235293E-02
5.02032221481621E-02
5.02798292276157E-02
6.98476998927497E-02
6.66973297389092E-02
0.131959286951461
0.122359022900189
0.119263312381922
0.117791859412238
0.139248335715831
0.13287215343357
0.129760796136175
0.121704097618901
0.131737731380803
0.140144319495841
0.137012672896691
0.135522776199556
0.137335262696227
0.142461568033704
0.119403443910909
0.122854473765534
4.65352467487862E-02
4.82476957291417E-02
4.49662642764656E-02
4.33441764289626E-02
4.17178287170175E-02
4.00873314862996E-02
4.68120985624205E-02
4.68546026748794E-02
0.130639037624525
0.110635997944624
0.139249868748943
0.13936349175851
0.141154425248026
0.141263141342488
0.117807263192896
9.09457369466008E-02
9.10095625602992E-02
9.44443776555354E-02
0.135009096877967
0.133405968562599
0.140246347174814
0.133566036874835
0.131949950200989
0.132021638344735
0.143944656187754
4.06634476277217E-02
3.89876774652697E-02
4.07012353584531E-02
4.07187716628186E-02
4.24327108335748E-02
4.24490908345913E-02
3.90673646449244E-02
4.07798576168144E-02
3.39940521611482E-02
3.74045469942527E-02
3.74148047535074E-02
3.57231290442539E-02
3.40298398240458E-02
3.57387399410898E-02
4.08518322941384E-02
4.42633553357474E-02
5.27829543641921E-02
4.93834412436303E-02
4.76851410086467E-02
0.045985491227044
0.149886356908417
0.151594046251667
0.151595110179091
0.1532960926411
0.153290350045799
0.148171825086453
0.14645669834473
0.146441438919274
0.144720330597683
0.142996472254013
0.144674073802677
0.142944399880196
0.142913594880912
0.141178663804725
0.124136891658874
0.12750188665131
0.127463035336976
0.107033933419438
0.106996536773784
0.105259034218253
0.100126376777353
0.100084671647044
0.152604519679628
0.152534112481616
0.143990295603317
0.14561053961279
0.098150528210192
0.130231449686177
0.128466368673585
0.111496360238669
9.96092903404789E-02
9.95453767178315E-02
0.143317562483546
0.143219106790854
0.143117465979852
0.143012642315374
0.144585869170723
0.144473378853254
0.132607632187694
0.132498397495514
0.130710441257143
0.13227109064071
0.132153023553488
0.133703308882056
0.133577797719115
0.133449315953643
0.139983759782151
0.139842624785689
0.113089164697968
0.137889706651297
0.116167144648487
0.109408371893108
0.110941126415103
6.45035035870315E-02
6.77318971839012E-02
0.103951402370706
0.154912971628285
0.154720406132463
0.157812153466257
0.139549164554119
0.139365715303681
0.144091373165671
0.147165379024386
0.146961308854153
5.21791897582031E-02
5.21043095920614E-02
0.047150620600933
5.19510757245734E-02
5.34937481595311E-02
5.34117602613274E-02
5.00965495484619E-02
5.16307629286342E-02
0.141756479934294
0.139916969795042
0.134868487076198
0.134641729791606
0.134411980002161
0.132581870997397
0.133943523897797
0.148030345570897
0.127107772821007
0.126874789551448
0.126638987189121
9.32202737060598E-02
8.98882496138758E-02
9.12881718687083E-02
9.42507717781035E-02
0.094063410113571
9.07448272020055E-02
6.24549488778616E-02
6.23258712990098E-02
6.21954096865649E-02
6.67183345774672E-02
6.81233810717679E-02
7.10651135405684E-02
6.93672565384272E-02
0.113816528118324
0.122767492426762
0.120956273043156
0.120676963312909
0.121918963114667
0.129232620521424
0.145607690624125
0.071114578734345
6.64123659954849E-02
7.97986177651062E-02
7.95987527722605E-02
6.89107107830668E-02
0.113560826203431
0.114757007912578
9.95919547134297E-02
0.115635818135724
0.115326202365037
0.113539493777254
0.113228812345411
0.11438206105783
0.115524611004357
0.115198167956671
8.57883722233616E-02
0.086990615756524
6.21614417404723E-02
6.34195888956507E-02
6.61048430147881E-02
6.87714029738547E-02
6.85623201059081E-02
0.069775717284243
6.95591922487436E-02
7.78318827437823E-02
0.078996047442391
7.73372133191111E-02
6.44730291941647E-02
6.56596173282929E-02
5.84811315131882E-02
5.82864231278619E-02
5.25580092386765E-02
5.37579349603591E-02
5.49472536786903E-02
6.29704985892864E-02
6.41144073836841E-02
6.52473021660756E-02
6.90780416632682E-02
7.15284967214024E-02
7.12684393165619E-02
7.90453265263387E-02
9.21002125741057E-02
8.11172409921352E-02
7.81612448488748E-02
6.46659807891327E-02
5.52145464719306E-02
5.63094238969603E-02
0.05608843909772
0.058464659041217
7.11710251980018E-02
9.92371704307988E-02
0.10396691195128
0.10481747415382
0.104382213929762
0.105212302751569
0.104767152487143
0.104319728530692
0.105121488836979
0.10591010883282
0.105444990162814
0.108682682813272
7.00817848224546E-02
7.22132254288127E-02
4.38614842813886E-02
5.57874161123177E-02
4.94927063596218E-02
3.96489227121786E-02
0.039461401600221
3.57027587744514E-02
3.55307517931522E-02
3.65365846960387E-02
3.63572791371344E-02
3.50101920227365E-02
0.032512830008343
3.35041035575173E-02
3.33334934794524E-02
3.20186536784266E-02
0.032990158980275
3.28174441765489E-02
3.26440374815515E-02
3.24699438045157E-02
3.34087945818048E-02
3.43348681296667E-02
3.63496030880754E-02
3.72438332032161E-02
5.01072375548691E-02
4.98247180226544E-02
4.84641833224318E-02
3.96194289479174E-02
3.61959512933187E-02
3.70424709624105E-02
3.89278514877844E-02
3.76498920034962E-02
4.05418735759501E-02
4.02955388367143E-02
3.90215045967016E-02
3.87798998534636E-02
3.85375131132334E-02
5.94570200470795E-02
5.60743087368202E-02
0.050739277859095
3.55834398305327E-02
3.63321646558191E-02
3.70671966784181E-02
3.68195504286179E-02
2.88719876281395E-02
2.96311921312777E-02
3.03766948001058E-02
3.20511274863741E-02
3.27624727542149E-02
4.46132747568927E-02
4.70627064744202E-02
5.13035993466435E-02
4.63822591666093E-02
4.78462522053333E-02
4.83864935292198E-02
4.62444528330471E-02
4.50110897087848E-02
4.81694606155803E-02
4.86657141219854E-02
4.91475281594098E-02
0.048759441838465
5.51593422374077E-02
5.80819211853923E-02
5.92789072888549E-02
6.37596317824946E-02
0.07062029093572
7.00273469973951E-02
6.94332476579009E-02
6.80375743415606E-02
6.74481690909282E-02
6.84308145073191E-02
7.17233819893728E-02
4.63578500372001E-02
5.12984122545095E-02
5.08297913807886E-02
4.13406459240685E-02
3.94654833337623E-02
3.98306629000088E-02
3.87200902338384E-02
6.14992586938167E-02
6.08994432216507E-02
5.95894408619977E-02
5.89951505613374E-02
5.84001361999035E-02
5.50518343822144E-02
5.44838561959628E-02
5.32413296717307E-02
0.052679279332656
5.14569803705114E-02
5.41638837746786E-02
5.48626379114719E-02
5.42557473087321E-02
5.36483981741034E-02
0.053664630750612
5.30493089157675E-02
3.23137454577339E-02
0.030126519250113
2.91728392606594E-02
2.70569597045701E-02
2.67270553490288E-02
0.026397054053781
0.030033690015896
2.90938221860755E-02
2.70636316628359E-02
2.78021993984929E-02
2.68981755969133E-02
2.65393271254048E-02
2.56569269012237E-02
2.89204524106562E-02
2.64817670249632E-02
2.46026834736555E-02
2.42515543202969E-02
2.43883798190792E-02
2.45111044393956E-02
2.50932282339344E-02
0.030776454591641
2.98459741837845E-02
3.02863111189421E-02
3.51476944858276E-02
2.80184681745402E-02
4.30678268470679E-02
4.23577304015405E-02
4.16486356821509E-02
4.09406128237124E-02
4.02337336598866E-02
0.03952807178582
2.09647994166855E-02
1.94415587798446E-02
1.87095768340826E-02
0.026070585482121
2.77359616167593E-02
2.79059789442251E-02
3.35902330412652E-02
3.02030991061106E-02
2.99204975590379E-02
3.15793143496319E-02
2.99570057465707E-02
2.90016600073868E-02
2.71471133943422E-02
2.68403791444044E-02
2.59394923676408E-02
2.10685756574275E-02
0.020571565785935
1.95341126066245E-02
2.48771637379184E-02
2.34803732782896E-02
2.28805519504591E-02
2.17941153947774E-02
2.14521001054091E-02
2.31872976609107E-02
2.25428113004712E-02
2.19023610674293E-02
2.12661053231923E-02
1.17614983473587E-02
1.02034868415653E-02
1.00797672886834E-02
9.9461818323191E-03
1.01660508940564E-02
9.65041284239286E-03
8.47210438083482E-03
8.1739396348558E-03
8.35143786138427E-03
1.03176952732049E-02
1.22598516322582E-02
1.16395933458151E-02
1.15747058336412E-02
1.08371553253823E-02
0.00679311205754
2.9521106282292E-03
2.59293799043414E-03
2.36434086380095E-03
2.25034080005406E-03
2.13826901857171E-03
2.3969581191461E-03
2.79300615043571E-03
2.63902891860471E-03
3.03259326565315E-03
2.56033588724745E-03
2.40289956854162E-03
2.18511249740009E-03
2.21990819082845E-03
1.45201435816029E-03
1.71004574066631E-03
1.58136508053221E-03
1.54533953655431E-03
1.41823151129248E-03
1.25899631373354E-03
1.14518344358357E-03
1.18882254763738E-03
9.32808265738376E-04
8.34509174656568E-04
7.85259936681001E-04
7.50517141415223E-04
9.26261914357988E-04
5.55050965680915E-04
4.64070984499827E-04
3.94050650475604E-04
3.39332594955161E-04
2.8787428287298E-04
2.28122603563309E-04
1.77320950196432E-04
1.42300658625899E-04
1.25581331759697E-04
9.08480769491986E-05
6.36405755194E-05
4.53880838456027E-05
3.52480999724091E-05
2.25669857784944E-05
1.45287379807714E-05
7.85289637497309E-06
3.67972803558165E-06
9.64888975087099E-07
3.11734174843651E-07
7.28334276489916E-08
1.04567612008646E-08
5.62615879603433E-10
9.39525699177835E-12
9.24456993486721E-15
9.44903152956281E-21
4.46117531525457E-39
0
0
0
0
0
0
0
0
0
0
0
0
0
0
0
0
0
0
0
0
0
0
0
0
0
0
0
0
0
0
0
0
0
0
0
0
0
0
0
0
0
0
0
0
0
0
0
0
0
0
0
0
0
0
0
0
0
0
0
0
0
0
0
0
0
0
0
0
0
0
0
0
0
0
0
0
0
0
0
0
0
0
0
0
0
0
0
0
0
0
0
0
0
0
0
0
0
0
0
0
0
0
0
0
0
0
0
0
0
0
0
0
0
0
0
0
0
0
0
0
0
0
0
0
0
0
0
0
0
0
0
0
0
0
0
0
0
0
0
0
0
0
0
0
0
0
0
0
0
0
0
0
0
0
0
0
0
0
0
0
0
0
0
0
0
0
0
0
0
0
0
0
0
0
0
0
0
0
0
0
0
0
0
0
0
0
0
0
0
0
0
0
0
0
0
0
0
0
0
0
0
0
0
0
0
0
0
0
0
0
0
0
0
0
0
0
0
0
0
0
0
0
0
0
0
0
0
0
0
0
0
0
0
0
0
0
0
0
0
0
0
0
0
0
0
0
0
0
0
0
0
0
0
0
0
0
0
0
0
0
0
0
0
0
0
0
0
0
0
0
0
0
0
0
""
