0
0
0
0
0
0
0
0
0
0
0
0
0
0
0
0
0
0
0
0
0
0
0
0
0
0
0
0
0
0
0
0
0
0
0
0
0
0
0
0
0
0
0
0
0
0
0
0
0
0
0
0
0
0
0
0
0
0
0
0
0
0
0
0
0
0
0
0
0
0
0
0
0
0
0
0
0
0
0
0
0
0
0
0
0
0
0
0
0
0
0
0
0
0
0
0
0
0
0
0
0
0
0
0
0
0
0
0
0
0
0
0
0
0
0
0
0
0
0
0
0
0
0
0
0
0
0
0
0
0
0
0
0
0
0
0
0
0
0
0
0
0
0
0
0
0
0
0
0
0
0
0
0
0
0
0
0
0
0
0
0
0
0
0
0
0
0
0
0
0
0
0
0
0
0
0
0
0
0
0
0
0
0
0
0
0
0
0
0
0
0
0
0
0
0
0
0
0
0
0
0
0
0
0
0
0
0
0
0
0
0
0
0
0
0
0
0
0
0
0
0
0
0
0
0
0
0
0
0
0
0
0
0
0
0
0
0
0
0
0
0
0
0
0
0
0
0
0
0
0
0
0
0
0
0
0
0
0
0
0
0
0
0
0
0
0
0
0
0
0
0
0
0
0
0
0
0
0
0
0
0
0
2.61085102231854E-101
1.9228412280918E-36
7.0775362060763E-23
5.42344945603926E-17
8.96303602971406E-14
1.13557862254563E-11
3.22040531545562E-10
3.89972652002422E-09
3.88141620338077E-08
1.71435546013559E-07
5.70994174447553E-07
1.54340778549835E-06
3.21203195871621E-06
5.21924509172E-06
4.24958061594031E-06
7.81242136746221E-06
1.25001576175738E-05
1.82784668249544E-05
2.55170922378022E-05
3.69801075407995E-05
4.99569698730968E-05
6.80561272400806E-05
7.79100168843258E-05
9.78020017339778E-05
1.39795967163152E-04
1.81146392330256E-04
4.18868858995513E-04
5.02216557061351E-04
3.83904036675569E-04
5.20403990673269E-04
6.07417197078925E-04
7.88719691192649E-04
8.86927711705638E-04
1.00839393160047E-03
1.0988481276533E-03
2.15965877450497E-03
2.4177080140187E-03
2.63934668382279E-03
2.8681674288286E-03
3.1036928204891E-03
3.34545322550698E-03
3.59298938731344E-03
3.84585446965156E-03
4.10361563594083E-03
4.36585523098374E-03
4.6321716244985E-03
4.90217976915974E-03
5.17551151944781E-03
5.45181575172702E-03
5.73075832063095E-03
6.01202188203126E-03
6.29530560858943E-03
6.58032482011067E-03
6.86681054759678E-03
7.15450904699209E-03
7.44318127609268E-03
7.73260234590265E-03
8.02256095583533E-03
8.31285882053584E-03
8.60331009471348E-03
8.89374080118602E-03
9.18398826632874E-03
9.47390056626563E-03
9.76333598641617E-03
1.00521624964019E-02
1.03402572418057E-02
1.06275060538489E-02
0.010913802977699
1.11990498198225E-02
1.14831557145619E-02
1.17660367099148E-02
1.20476153723369E-02
1.23278204102626E-02
1.26065863159377E-02
1.28838530250811E-02
1.31595655938339E-02
1.34336738924115E-02
1.37061323148468E-02
0.013976899504191
1.42459380925319E-02
1.45132144551861E-02
1.47786984784247E-02
1.50423633401026E-02
1.46920178904673E-02
1.52528606469205E-02
1.50311088483818E-02
9.96860716868913E-03
1.14328667095728E-02
1.24387597604619E-02
9.09113141794061E-03
6.83356252256239E-03
7.2787852387039E-03
7.20576197727311E-03
7.12706752961638E-03
7.58451092664141E-03
8.59963775977932E-03
8.34025397256774E-03
8.25825040182442E-03
8.93078281213553E-03
9.0393440955427E-03
8.17391466029509E-03
8.07242292435365E-03
7.3682020001493E-03
7.0480828071901E-03
6.71840589710121E-03
6.37928799310979E-03
7.48656643610155E-03
6.93390238063311E-03
7.00450822749184E-03
6.64574938501588E-03
6.0614943278273E-03
6.55700209710768E-03
6.1777389096367E-03
6.29682994498312E-03
7.23260523579159E-03
7.98040113736747E-03
8.26474485441741E-03
8.29305104023628E-03
8.30682245160114E-03
9.41316925900593E-03
1.68648060306393E-02
1.47459695338528E-02
1.61163576223238E-02
1.53532340645576E-02
1.58106006992611E-02
2.45741373420025E-02
2.56187137446568E-02
2.59861186151326E-02
0.026701005748736
2.66805715458042E-02
2.73873446193181E-02
2.80995868489984E-02
2.88172098641245E-02
2.83092876388966E-02
0.035733350044386
3.61684095908629E-02
0.037470567731973
2.30087979985104E-02
2.40002481485819E-02
2.59600035747934E-02
2.60562025525294E-02
2.61347628264776E-02
2.51879175791627E-02
2.62379718146829E-02
2.15349509142054E-02
2.19790869968701E-02
2.29726031271004E-02
2.45483042338125E-02
1.70676615220308E-02
1.79794994675619E-02
1.24131084338185E-02
1.20454138375667E-02
1.22698746541478E-02
1.12458337647381E-02
1.20857888449215E-02
1.29493918591637E-02
1.18600905693095E-02
1.20665914284568E-02
1.22739384679294E-02
0.013869016749579
1.55113503142845E-02
1.43343237451474E-02
0.012383044289799
1.18424806319917E-02
1.12790597688901E-02
1.14564050403223E-02
1.16343484954449E-02
0.011812877348352
1.19919789366894E-02
1.29830834344451E-02
1.48222203322188E-02
1.50391143661079E-02
1.61042272494698E-02
1.63344813151901E-02
2.00528136145676E-02
2.12171009707613E-02
0.021510287931672
2.45297445176685E-02
2.39404433480766E-02
2.51935087052588E-02
2.55265613696409E-02
2.39447846616289E-02
2.42545434170557E-02
2.45649628746433E-02
2.28859428456961E-02
2.51877112468404E-02
2.75400045703699E-02
2.89104323815997E-02
2.71713927015611E-02
2.96131875700014E-02
3.10356718171629E-02
4.33119237714263E-02
5.03893524371435E-02
5.09708859651715E-02
4.59496645398602E-02
0.047602900927049
4.58439485465164E-02
3.93996013665948E-02
5.50624283913962E-02
0.053292858561618
6.58374924163971E-02
6.29105937358251E-02
6.47981444919975E-02
7.90660392502365E-02
8.23824925053367E-02
8.32289071537659E-02
8.53499364577004E-02
8.87840790111269E-02
8.70719840585077E-02
8.13717301852287E-02
4.10849640626512E-02
3.61315011761842E-02
3.64795287580748E-02
3.68277455501294E-02
3.57992421635279E-02
3.89144881882156E-02
4.20815301665313E-02
3.96378342349096E-02
3.99996908490336E-02
3.17127243688917E-02
0.031997188079167
3.22817076713089E-02
3.10859861880878E-02
2.98644245278485E-02
3.16293248170306E-02
3.03819164274294E-02
3.06406638069897E-02
3.24443680849523E-02
3.27160146075609E-02
3.29876257338113E-02
3.32591907042049E-02
3.03372989416494E-02
2.89732624230826E-02
2.59607635392562E-02
2.45319830748771E-02
2.47256796854022E-02
2.65805848104856E-02
2.51128314556649E-02
2.36191871787019E-02
2.88995609182237E-02
2.91185588511137E-02
0.027611696244567
2.95561580822045E-02
2.97747433061104E-02
2.82288705592043E-02
2.84343013252165E-02
3.22195193026826E-02
3.06474697027177E-02
2.90496079745578E-02
3.10827545970138E-02
3.13001003996935E-02
3.15172382520446E-02
2.24005839323664E-02
2.44330104492159E-02
0.02459854532434
2.85737286801304E-02
0.026846683642381
3.28152768963272E-02
3.30307492733735E-02
3.32459542791021E-02
3.34608846810209E-02
3.56564470115617E-02
3.38898929533877E-02
3.41039565676775E-02
3.63364063042496E-02
3.45311674199139E-02
3.47443006465161E-02
3.49571097993551E-02
0.157228746229919
0.158177138279019
0.165405199541764
0.160069269339967
0.15889435640343
0.172609928743436
0.173612182003203
0.165989786993367
0.166939089981553
0.176608003020201
0.199529138490893
0.218283742264188
0.219494930158892
0.220703687965937
0.221909978520174
0.223113764863018
0.226580818425351
0.227791594045373
0.228999729401589
0.230205187983294
0.231407933481866
0.232607929789543
0.229129038178246
0.159799681350796
0.17714329910796
0.175660983860234
0.16938145075817
0.15823379721713
0.130101084997808
0.121052330899569
9.73113292417986E-02
0.100224042823708
9.82465253283551E-02
0.103647841279572
0.109094319312634
0.117076746617634
0.105106688194531
0.110618322155738
0.10607234499895
9.64051492146104E-02
8.91936224450182E-02
8.70320612066307E-02
8.74177117692314E-02
9.03845909404791E-02
9.07791265968589E-02
8.07527120670333E-02
7.06354333998214E-02
7.88187576201136E-02
7.91526047462749E-02
7.68358354338149E-02
8.24775410075087E-02
8.28190627581019E-02
8.31594144054126E-02
8.08050837963123E-02
8.65409754879633E-02
8.68886249244335E-02
0.103591595981891
0.106738339327265
0.120895580472783
0.124125000277519
0.127373987916429
8.06091462882088E-02
8.09161202522167E-02
7.84211506314523E-02
8.15264953505525E-02
7.90081601007855E-02
7.36356329664345E-02
7.39054513531704E-02
7.13213154442538E-02
7.44417759441854E-02
6.89614780557277E-02
6.92064340129792E-02
6.36628179716947E-02
6.96932102102428E-02
6.99350176070997E-02
0.073099752818693
7.04154391829949E-02
6.77101223887139E-02
7.38453762201825E-02
7.70553270821971E-02
7.43368060001617E-02
8.65137348065989E-02
8.67954385401749E-02
8.70757988475339E-02
8.73548084618068E-02
8.15888422203178E-02
8.18460745843104E-02
8.21020293684986E-02
8.84571962745217E-02
0.091788977630912
8.59311315079518E-02
8.00346843962832E-02
8.33624103350053E-02
8.36105626863659E-02
8.69632215473773E-02
8.72178145498347E-02
0.118710673689051
0.11905242519091
0.109966573554968
0.110277842571204
0.107427710150135
0.107726653092192
0.108023868344552
0.127434527540822
0.127780100992159
0.285075044695184
0.279411511397388
0.296250197684792
0.293797413634606
0.323692284436524
0.324525014699045
0.325352470682225
0.326174631738957
0.326991477377641
0.327802987262089
0.318750866975092
0.30964532404805
0.307090930262451
0.307825599210525
0.308555213509115
0.309279755111152
0.326665830098197
0.317395560558603
0.318120029199943
0.322195446350576
0.228732807259054
0.320261840129131
0.243257825883486
0.138823069472608
0.139122016326465
0.149620015445736
0.149935865417811
0.146834463291376
0.126607328473541
0.123437783417713
0.133995329342184
0.144592164947338
0.169025789344797
0.259221258166758
0.259725228071737
0.346966453802584
0.347626777180349
0.348281258220249
0.348929881067685
0.349572630022139
0.350209489537172
0.350840444220414
0.351465478833562
0.352084578292373
0.352697727666667
0.353304912180325
0.353906117211291
0.354501328291574
0.355090531107252
0.355673711498477
0.356250855459485
0.356821949138599
0.35738697883824
0.357945931014937
0.35849879227934
0.359045549396225
0.359586189284515
0.360120699017291
0.360649065821804
0.357559564308698
0.361687320326001
0.286135774768442
0.27927965734836
0.276030722947901
0.298225446835177
0.298623164566538
0.295369232130301
0.299403241381252
0.303441503651474
0.303823300084454
0.197913175367051
0.289893104555678
0.286567638203919
0.239088981946669
0.246732640056337
0.250702266718512
0.254675956973243
0.258653513539049
0.244139334706204
0.240698101101731
0.300263010003319
0.300573976330569
0.300879756087628
0.301180342055838
0.301475727141881
0.253334339477655
0.309508913017809
0.302330608054294
0.328756181041497
0.276700068998355
0.291911088159697
0.303397228534777
0.277409342007156
0.273884324405969
0.36046466205528
0.364504206972593
0.334697430897853
0.338710504178433
0.338957057704606
0.177136592843796
0.177259204025544
0.147186612864148
0.162389219769843
0.16249294396533
0.162593845875795
0.15890839003914
0.166572921664347
0.196970672505147
0.189499051570068
0.250271908953659
0.379395026824445
0.379583592890075
0.379765555832849
0.3799409113931
0.380109655466551
0.380271784104332
0.380427293512996
0.380576180054531
0.380718440246376
0.380854070761435
0.38098306842809
0.381105430230213
0.38122115330718
0.297437583264026
0.289888831191752
0.339560332883166
0.324374965605074
0.305360078863504
0.274878675318102
0.206196366371223
0.126029525116021
0.118408692239222
0.122244075539649
0.114616586653345
0.110806442405235
0.110814919135712
0.110821463758365
0.110826076120349
0.114650437359258
0.122294624746571
0.122293317286382
0.12228987749984
0.126105690013128
0.114634313736391
0.122266765234386
0.114613872603469
9.93205673088483E-02
0.106946409422487
0.110749284358384
9.92758126389012E-02
8.78046522409227E-02
8.77868628796199E-02
8.39515633595664E-02
8.01165472346046E-02
8.00961151572681E-02
6.86351035305665E-02
0.064803242795654
6.47833144266062E-02
7.23813467093178E-02
6.85483123279636E-02
0.076137365249212
9.89411972060428E-02
9.12942433279054E-02
9.50589182078389E-02
9.50180116863813E-02
9.49754515260179E-02
9.49312387227585E-02
0.102476204256381
0.10242488811511
0.102371790598319
9.09483670662295E-02
9.46854226427013E-02
0.094631317073632
9.45755669213245E-02
9.45181734924753E-02
9.82375036579003E-02
0.203900678408182
0.21131296971869
0.184773501227889
0.207254532432808
0.244762393660485
0.244583366715536
0.244400098062866
0.20288430720638
0.206479183270442
0.112534562499017
0.116190238672586
0.112347823104638
0.115993252482473
0.115891746837202
0.10831802722136
9.70242187822557E-02
0.11557520851978
0.115465696905541
0.111633087225628
0.118958132471979
0.107697769313915
0.107587872151399
0.100063972545326
9.99582003421229E-02
0.118341576046433
0.118212134432541
0.114390635889996
0.106889600216978
0.11044837836167
0.10664209437126
0.102842637689201
0.106387252739708
0.139233426346499
0.128082016621796
0.120610776852707
0.116806244957849
0.164045505941093
0.156548110666522
0.163610523705554
0.130711062278206
0.130531468674873
0.130349642432063
0.112087034010307
0.10470555480748
0.104553709244567
0.111600084872975
0.133001818986262
0.132801269592398
0.13259845791428
0.100189591527968
9.64601030728739E-02
8.91733094517689E-02
9.25914011646993E-02
0.085330142988724
8.51898523011666E-02
8.50481169975722E-02
7.78295287776165E-02
8.47603262061768E-02
7.75630878392065E-02
7.74278984527727E-02
7.72914007881106E-02
0.084167561604578
7.00131762065764E-02
6.98855374702915E-02
6.27810493923666E-02
0.062664058397867
6.60207921039182E-02
6.58950798738956E-02
6.92297487723541E-02
7.25498489884727E-02
7.24072458375278E-02
6.53811987744421E-02
6.18157762694213E-02
6.51176827204097E-02
5.81438401865273E-02
5.11972240056153E-02
5.10902062932876E-02
4.41846928272305E-02
4.40904718767922E-02
4.39955182423806E-02
4.38998342502432E-02
4.38034222467016E-02
4.37062845981559E-02
4.69629178211745E-02
4.01629310142285E-02
4.34105417477986E-02
4.33105255850195E-02
4.32097959106298E-02
3.97923278876626E-02
3.96980363032287E-02
4.29033507884857E-02
4.60920838420082E-02
3.94112608747314E-02
3.93143767403676E-02
4.57529921802399E-02
4.56384651335275E-02
4.55231945756142E-02
4.86505536216962E-02
4.52904344429578E-02
5.16262293497703E-02
5.14911257527269E-02
5.45648884177155E-02
5.12184227975384E-02
4.78882783894707E-02
5.41263159497665E-02
0.047627981690346
4.74966845300992E-02
0.047364625905628
4.40830218765839E-02
4.70982376337411E-02
4.69639147300298E-02
4.68288438495481E-02
5.29187655461707E-02
4.65564719050781E-02
4.64191777735709E-02
4.62811495303078E-02
4.92185500807758E-02
4.90697651562634E-02
4.89202085365792E-02
4.87698840582191E-02
4.86187955830869E-02
5.75544995607529E-02
5.43536349945395E-02
6.02012314724297E-02
6.30090297954398E-02
5.68242858689732E-02
0.1639565134521
0.151534113692147
0.153994931153426
0.150530545859596
0.144141949029765
0.108473659924855
0.102260337171478
0.119378996171025
0.121867096895554
0.118550201109743
0.097964044429962
9.76166903474997E-02
9.72678698174062E-02
9.97681095031792E-02
0.102246211553037
0.107531843760935
0.129690382823062
0.12639983311669
0.125926773235191
0.192359518235299
0.205514617654951
0.207494204850396
0.242520422949142
0.244322653061788
0.20508322829581
0.20154997227665
0.189897003306834
0.12158736823069
0.121096355445964
0.107203217847395
0.106763711693051
0.119613035779624
0.113821204618491
0.115979819494844
0.120739349121097
0.117611796589227
0.117107386262103
0.108827939506328
0.100614577465215
0.128427265460914
0.135531323375327
0.12983629444072
0.14192586092662
0.133715668447334
8.79007612257676E-02
7.99977677284584E-02
8.21164486508104E-02
8.17341235442128E-02
7.88855598821922E-02
7.36057181302254E-02
7.56971185234455E-02
7.53340259888305E-02
8.46435201711372E-02
8.42314247266129E-02
6.70546169405725E-02
0.119148673747673
0.118555483202511
9.90870999248051E-02
0.105628267308719
7.47310243287528E-02
0.074347714048566
7.62748749793692E-02
7.12791128612731E-02
7.09052319248829E-02
0.072805701929595
7.69441931667755E-02
6.97786710438536E-02
7.83565880084106E-02
7.34767846435137E-02
7.52880349421846E-02
0.063861313106778
6.35056627056428E-02
6.53268878454665E-02
0.110427856970736
0.109798834848221
0.10916866268355
0.106409176766316
0.101557597778208
0.13461514634826
0.169364443424244
0.166276469074732
0.15288196411179
0.158117138444893
0.155111956438535
0.15415880197369
0.153204236811008
0.17428422925246
0.137356302316341
0.156266564058893
0.155268780086907
0.154269694145338
8.92454383020376E-02
8.86622344002691E-02
8.42488385191957E-02
8.36896724457808E-02
7.93512447962661E-02
7.69397304970529E-02
7.82808083328958E-02
9.62554177163179E-02
8.82379249472303E-02
7.30200939907789E-02
6.70700078474324E-02
6.83959055092805E-02
5.71862659509046E-02
5.85498888014421E-02
5.81261155711792E-02
5.77020323590913E-02
5.55419680463229E-02
0.049961725177161
4.95883102110587E-02
4.75176195744525E-02
4.71566737335792E-02
3.67679277611099E-02
0.033167317996581
3.94909625896173E-02
3.75484788365782E-02
3.88709698520395E-02
4.17742215359451E-02
0.041438132094532
4.11019620954639E-02
3.44940747502303E-02
3.42095203795004E-02
3.39249314881689E-02
3.21112140114145E-02
0.030323359706613
2.25484579884731E-02
2.08641103709164E-02
1.62509348332256E-02
1.46442340948662E-02
1.59664035090685E-02
1.58241788070567E-02
1.56819893996736E-02
1.55398413304833E-02
1.67975352936053E-02
1.80294560671379E-02
1.78616528201008E-02
1.76939275088107E-02
1.75262875350272E-02
1.86940280740428E-02
2.11585150492663E-02
2.22620943069673E-02
2.07467457895196E-02
1.92572660865339E-02
2.03355829781543E-02
2.01302528411841E-02
1.74344651966444E-02
1.72551255112773E-02
1.82956722527377E-02
1.81039067425874E-02
1.79123472925605E-02
1.77210033227592E-02
1.63612253726118E-02
1.50271332274962E-02
0.01371868769591
1.24358470708988E-02
1.34142805258573E-02
1.21572012027062E-02
1.20181865405481E-02
1.51192200689193E-02
1.49428498565424E-02
1.47667726767238E-02
1.45909981448898E-02
1.44155359581217E-02
1.42403958963809E-02
1.40655878237573E-02
1.28988987118988E-02
1.17574350261398E-02
0.011608504688755
0.008594920107264
9.42634185093382E-03
8.37274787563554E-03
8.26204748009142E-03
9.05734809296892E-03
9.82844152008692E-03
1.05754280223984E-02
1.04293024918336E-02
1.11405331080099E-02
1.18279432994065E-02
1.33244218033676E-02
1.39524899244288E-02
1.37483916939259E-02
1.27481575979345E-02
1.25572529821612E-02
1.31398974749296E-02
1.21772991756484E-02
1.12390098651299E-02
1.10624157876361E-02
1.16122120666349E-02
1.21392717554263E-02
0.010536449090848
1.10532726789033E-02
1.01891178725823E-02
1.06842528378368E-02
1.05008688012897E-02
1.03182552402242E-02
1.07699539644105E-02
1.11998251397818E-02
1.09970879073013E-02
0.010795286498442
1.00058587003083E-02
9.81708650310952E-03
1.01956752505643E-02
9.44236299415864E-03
8.1674526925742E-03
8.5378980214573E-03
8.36479209244658E-03
9.21672978539015E-03
9.02417058696125E-03
7.36061081994275E-03
7.2020305505575E-03
7.04441792772566E-03
7.34697569076448E-03
7.62978454855687E-03
7.89306531644499E-03
7.70877815653137E-03
7.52575491685329E-03
6.52801494761201E-03
6.76560834028792E-03
6.59645527064257E-03
6.42857736671121E-03
6.63034822324146E-03
5.73809971044618E-03
5.58381640081595E-03
4.75196160038872E-03
4.61922196481539E-03
4.48763860210715E-03
3.73476845161038E-03
3.62401223796781E-03
3.51429478624516E-03
3.40563231448285E-03
3.57287797203365E-03
3.98942250512993E-03
3.60049599265813E-03
3.97581644430289E-03
4.07819201225723E-03
4.62790156787147E-03
4.45988532285214E-03
4.18318010363476E-03
3.70764077227254E-03
3.45612204516143E-03
2.99460810338094E-03
2.96485338605413E-03
3.3541038968104E-03
3.11203821828795E-03
2.05288290026164E-03
2.03088610048306E-03
1.80783063062512E-03
1.78769314260193E-03
1.37463215210512E-03
1.35870234972691E-03
1.34263804761738E-03
1.1369475066216E-03
1.12294633170554E-03
9.24023982595141E-04
9.12162168406674E-04
9.00203016916835E-04
1.06577572497384E-03
1.05119088432413E-03
1.03648914934511E-03
1.02167065996153E-03
8.38946376306421E-04
8.26403718313711E-04
8.13764615668513E-04
6.40823631535889E-04
7.88199065594706E-04
7.75273882567488E-04
6.09803839106135E-04
5.9931420124464E-04
4.41563288927765E-04
5.78115367810186E-04
5.67408250903725E-04
5.56630936729134E-04
8.18677204988916E-04
8.02307070959473E-04
7.85838540720088E-04
7.69274410578677E-04
8.78054044152659E-04
9.81162573187346E-04
9.58720826525812E-04
9.36170439088924E-04
6.85137917129072E-04
6.68075615836593E-04
6.50946054318876E-04
6.33754781798829E-04
6.16507792956018E-04
5.99211554193343E-04
4.84894192546549E-04
3.76333144525385E-04
3.64733108000708E-04
4.41401254501769E-04
4.26878754598216E-04
4.12357144428699E-04
4.77414305587131E-04
4.60023018953156E-04
5.16444581609445E-04
4.25358460981503E-04
4.08111731764357E-04
4.56097991892051E-04
3.7386210210343E-04
2.97409149470081E-04
2.83370887990496E-04
2.15561755273172E-04
1.53401474411009E-04
1.45223145957077E-04
1.8286264054988E-04
1.7224551653707E-04
1.61795042675045E-04
1.51527431567924E-04
1.7682441281447E-04
1.64510979481339E-04
1.52491479501305E-04
1.40789002965276E-04
1.03541705666989E-04
9.47438443836963E-05
8.62569204873681E-05
7.81002239465697E-05
7.02928370150327E-05
6.28534021672938E-05
5.57998501412494E-05
4.91490849442959E-05
4.29166234495713E-05
2.78371413594903E-05
3.17592562110217E-05
3.35682019363526E-05
2.80094612624286E-05
2.76298828729065E-05
2.23333342554522E-05
1.47585501352837E-05
1.1450973481367E-05
8.66499919920089E-06
6.36989108062256E-06
4.52765621046495E-06
3.09355138374234E-06
2.01709362641059E-06
1.24364547978463E-06
7.16592054570408E-07
3.80034154629803E-07
1.45429781502304E-07
6.10505949695943E-08
2.16525937912306E-08
6.1447025715252E-09
1.60910329640581E-09
2.19677050550303E-10
1.59399981356801E-11
4.29921381479757E-13
1.72934831395257E-15
4.40559603988482E-19
5.58514275328605E-26
1.81455364317309E-43
1.30456578641578E-176
0
0
0
0
0
0
0
0
0
0
0
0
0
0
0
0
0
0
0
0
0
0
0
0
0
0
0
0
0
0
0
0
0
0
0
0
0
0
0
0
0
0
0
0
0
0
0
0
0
0
0
0
0
0
0
0
0
0
0
0
0
0
0
0
0
0
0
0
0
0
0
0
0
0
0
0
0
0
0
0
0
0
0
0
0
0
0
0
0
0
0
0
0
0
0
0
0
0
0
0
0
0
0
0
0
0
0
0
0
0
0
0
0
0
0
0
0
0
0
0
0
0
0
0
0
0
0
0
0
0
0
0
0
""
