0
0
0
0
0
0
0
0
0
0
0
0
0
0
0
0
0
0
0
0
0
0
0
0
0
0
0
0
0
0
0
0
0
0
0
0
0
0
0
0
0
0
0
0
0
0
0
0
0
0
0
0
0
0
0
0
0
0
0
0
0
0
0
0
0
0
0
0
0
0
0
0
0
0
0
0
0
0
0
0
0
0
0
0
0
0
0
0
0
0
0
0
0
0
0
0
0
0
0
0
0
0
0
0
0
0
0
0
0
0
0
0
0
0
0
0
0
0
0
0
0
0
0
0
0
0
0
0
0
0
0
0
0
0
0
0
0
0
0
0
0
0
0
0
0
0
0
0
0
0
0
0
0
0
0
0
0
0
0
0
0
0
0
0
0
0
0
0
0
0
0
0
0
0
0
0
0
0
0
0
0
0
0
0
0
0
0
0
0
0
0
0
0
0
0
0
0
0
0
0
0
0
0
0
0
0
0
0
0
0
0
0
0
0
0
0
0
0
0
0
0
0
0
0
0
0
0
0
0
0
0
0
0
0
0
0
0
0
0
0
0
0
0
0
0
0
0
0
0
0
0
0
0
0
0
0
0
0
0
0
0
0
0
0
0
0
0
0
0
0
0
0
0
0
0
0
0
0
0
0
0
0
0
0
0
0
0
0
0
0
0
0
0
0
0
0
0
0
0
0
0
0
0
0
0
0
0
0
0
0
0
0
0
0
0
0
0
0
0
0
0
0
0
0
0
0
0
0
0
0
0
0
0
0
0
0
0
0
0
0
0
0
0
0
0
0
0
0
0
0
0
0
0
0
0
0
0
0
0
0
0
0
0
0
0
0
0
0
0
0
0
0
0
0
0
0
0
0
0
0
0
0
0
0
0
0
0
0
0
0
0
0
0
0
0
0
0
0
0
0
0
0
0
0
0
0
0
0
0
0
0
0
0
0
0
0
0
0
0
0
0
0
0
0
0
0
0
0
0
0
0
0
0
0
0
0
0
0
0
0
0
0
0
0
0
0
0
0
0
0
0
0
0
0
0
0
0
0
0
0
0
0
0
0
0
0
0
2.37619878385282E-66
1.74911442630256E-23
8.56927689885073E-15
4.7052189823E-11
5.70187340776566E-09
1.21687145761815E-07
1.01830016311668E-06
1.01830016311668E-06
1.60946391811379E-05
4.15696766331065E-05
8.98462740833917E-05
1.70215541530333E-04
2.91728870169097E-04
4.6247499148845E-04
6.89150339218231E-04
9.76883640368329E-04
1.32924455946882E-03
1.74836743385423E-03
2.19043257518259E-03
2.42676552204702E-03
1.67095588463404E-03
1.84304745391655E-03
2.2281831656145E-03
0.002260903643484
2.67240947228052E-03
2.60345228141744E-03
3.02774416421372E-03
3.48947321124363E-03
3.77903998578298E-03
4.17834480148394E-03
4.71963747403652E-03
5.57698311825104E-03
5.91396221773007E-03
6.7313770918251E-03
6.01871978691533E-03
6.46482838333772E-03
7.12326726493146E-03
6.94853053398777E-03
8.77734743766414E-03
9.31108791742598E-03
9.59273158891285E-03
8.48380193735532E-03
8.93539887997986E-03
9.99744404346828E-03
1.01696419744175E-02
1.03159508546774E-02
2.64370585893683E-02
3.30367839110495E-02
3.44271103561479E-02
3.70061290166341E-02
3.84573165609472E-02
3.90656598493247E-02
2.81724229760341E-02
4.28466853729779E-02
4.38481553483488E-02
2.72830572287571E-02
2.21296249765152E-02
4.97977050108777E-02
4.86424869538783E-02
5.17339968243333E-02
5.32235860897447E-02
5.47144766300126E-02
5.38145564628908E-02
3.92842668884197E-02
3.77818218647608E-02
3.35700281015475E-02
3.24112956785348E-02
3.31890180254499E-02
3.25799531334287E-02
3.40340792525992E-02
3.47943857299571E-02
3.48132495357277E-02
4.99299524379833E-02
5.17442367480016E-02
6.06812664792277E-02
0.06304547166673
0.065562427196758
6.34769217159678E-02
6.80709721153787E-02
6.93217915208176E-02
7.05701612028513E-02
7.27136768530359E-02
7.39723795523283E-02
7.52283007905196E-02
7.64813494937288E-02
9.21261496504518E-02
9.55542171981398E-02
8.51744115103479E-02
8.54860095877063E-02
8.78055712874764E-02
8.91158695558008E-02
9.14739764594277E-02
9.38587014281469E-02
9.51881648718664E-02
0.097610474710734
9.89470937876602E-02
0.100279645913381
0.101608073426642
0.102932320760536
0.105423708867917
0.104381904391813
0.105678562261059
0.10697088563788
0.109489042285956
0.112031944372347
0.113340062200494
8.02504967345498E-02
7.85831933198345E-02
7.94603422624756E-02
8.56021038625957E-02
0.119810636363939
0.113017774366555
0.114207764756667
0.120888113048659
0.119349616904897
0.12475921485588
0.126000526837134
0.140103530667192
0.141459413689492
0.141352526312555
0.138270703767892
0.139555244619135
0.149823820421919
0.14966705627432
9.76179637410531E-02
0.153871461120933
0.155208993421437
0.156540636141881
0.157866360676118
0.159186138895349
0.160499943127785
0.161807746139456
0.163109521116077
0.164405241645926
0.165694881703668
0.166978415635076
0.168255818142598
0.169527064271713
0.170792129398053
0.172050989215219
0.173303619723281
0.174549997217899
0.172274296314453
0.16817270477802
0.131906020311829
0.132809659443237
9.93780036044273E-02
0.100042610926983
0.126337358985501
0.130848139394505
0.131692384622139
0.153065163752529
0.155907979372657
0.160658947542831
0.161647539412227
0.158803955072327
9.43151892218567E-02
0.10262034406134
0.101275191947482
0.101862820699268
0.098506718517431
9.70837768549298E-02
0.103604893628483
0.102175178693558
0.108777632789563
0.109366135528696
0.128276145108704
0.133047971372718
0.16460690904688
0.161320582321037
0.164222860022475
0.162962244391443
0.163775032785493
0.21100312968166
0.212031353750749
0.213052645705121
0.214066988428191
0.215074364938301
0.216074758387528
0.217068152060577
0.218054529373745
0.219033873873968
0.176004935390338
0.176777119416961
0.18864011572142
0.191677315319022
0.179059629888818
0.182056690811045
0.142185337311671
0.147298785856663
0.159270192662102
0.21701513697788
0.215577645305199
0.216417736388951
0.219562207572089
0.220397475068521
0.23286930671752
0.233733992407061
0.234591384921278
0.235441470057652
0.236284233735755
0.237119661997157
0.237947741005343
0.23876845704566
0.239581796525283
0.240387745973196
0.241186292040201
0.241977421498929
0.242761121243883
0.243537378291483
0.244306179780136
0.245067512970308
0.245821365244619
0.246567724107945
0.247306577187527
0.248037912233098
0.248761717117016
0.249477979834403
0.250186688503294
0.2508878313648
0.251581396783267
0.25226737324645
0.252945749365688
0.25361651387609
0.254279655636718
0.254935163630785
0.255583026965847
0.256223234874005
0.25685577671211
0.208559319989195
0.203897277982139
0.204378767987672
0.235971258139798
0.24690797454533
0.257884565424096
0.261068051886892
0.261638897050486
0.262201986004288
0.262757309364364
0.263304857873908
0.263844622403457
0.264376593951115
0.264900763642773
0.265417122732326
0.265925662601895
0.266426374762043
0.266919250851991
0.267404282639837
0.267881462022765
0.268350781027262
0.268812231809328
0.269265806654681
0.26971149797897
0.270149298327977
0.270579200377817
0.271001196935144
0.271415280937347
0.271821445452744
0.272219683680776
0.272609988952199
0.272992354729271
0.273366774605933
0.273733242307999
0.274091751693326
0.274442296751997
0.274784871606489
0.275119470511847
0.275446087855846
0.275764718159157
0.276075356075506
0.276377996391829
0.276672634028428
0.276959264039119
0.277237881611376
0.277508482066475
0.277771060859634
0.278025613580145
0.278272135951507
0.278510623831557
0.278741073212585
0.278963480221463
0.279177841119757
0.279384152303841
0.279582410305002
0.27977261178955
0.279954753558915
0.280128832549743
0.227038825125534
0.227166760401406
0.227288158040611
0.227403016000655
0.227511332348917
0.224803066926126
0.224897119041287
0.227797014046045
0.247572406422095
0.236397497746381
0.168906490534756
0.180216290303092
0.174627339614751
0.107052822419555
0.109890618100958
0.107089922000582
0.109922380888179
0.104295910227507
0.101484476289394
0.12404203330765
0.124043922355916
0.118403965187905
0.126856037046977
0.149397624679575
0.149382737483521
0.160636281588359
0.15101140396663
0.126774624884163
0.129564025411952
0.140796184748306
0.149203333640334
0.140715494579055
0.137855701755665
0.118119648562741
0.12650771959194
0.185467385739379
0.219091107078572
0.221794712372732
0.221683077118411
0.238392789886076
0.243865045639412
0.240919648280886
0.215573462547555
0.215433589666832
0.220879394053217
0.184401623984606
0.18705768650751
0.27897670384876
0.278754784487765
0.278524822524162
0.278286821822916
0.278040786383581
0.277786720340175
0.269198889122227
0.266164333102854
0.265897326662476
0.276690237505483
0.276396085149437
0.276093929810029
0.275783776558866
0.275465630600932
0.275139497274431
0.27480538205063
0.274463290533701
0.274113228460561
0.273755201700699
0.273389216256013
0.273015278260634
0.272633393980749
0.272243569814428
0.271845812291436
0.271440128073051
0.271026523951877
0.270605006851651
0.270175583827055
0.269738262063515
0.185812203725136
0.223137159922501
0.22275455186494
0.21968631143262
0.219295414878556
0.181525236205001
0.189184097937581
0.194148054172088
0.191122684556733
0.238439058894678
0.23003547434215
0.240128154034096
0.242270775971452
0.24176746521838
0.24125700109033
0.238122659573679
0.221937445471179
0.184972575689288
0.192354781789198
0.184135167426535
0.186295680107294
0.178113140382597
0.175112426392856
0.166981018454431
0.158882314612181
0.153373232559998
0.152984792817661
0.142418981493734
0.142047881076627
0.184680238262296
0.186708447421261
0.198782325374003
0.19823477186732
0.210192701982652
0.109789308973024
0.121914622297092
0.119079361731
0.116255028605663
0.123306363503436
0.135226752535052
8.08874300555081E-02
7.81928141931086E-02
6.57677327119587E-02
6.55582652381154E-02
0.123432821824129
0.125441919921836
0.175518546113082
0.172534221721852
0.169560759851815
0.188018184865352
0.175505851285556
0.186704718066669
0.186039285737982
0.185368068786055
0.182353216577585
0.181679106268563
0.180999317776043
0.178002146178839
0.172714184026824
0.174338150245954
0.169083936425427
0.161584712923321
0.165468521982846
0.164795410462017
0.125898027518075
0.125373656582927
7.80283081067208E-02
7.54757168872425E-02
7.95706861532947E-02
6.60194647626031E-02
7.01097648053187E-02
6.76153701845761E-02
6.94810066932587E-02
6.70019049017116E-02
6.66919143259123E-02
8.99338666067792E-02
9.37703064805385E-02
9.54420577786848E-02
9.07582326795582E-02
7.56111373727515E-02
7.31462614291511E-02
8.10969192472216E-02
9.30984549519334E-02
9.26204610468848E-02
8.59967684084636E-02
8.55449131817084E-02
8.30642483479039E-02
8.86627798168445E-02
8.21681629450771E-02
7.97229014609867E-02
7.33331256914608E-02
0.078832529037446
6.66258320635967E-02
7.20866106242039E-02
6.97292587431209E-02
7.70197893552488E-02
0.141635971284572
0.123658514759215
0.117230354297101
0.110868094663165
0.130715419940727
8.72104295651927E-02
7.55898220489106E-02
7.32681111755481E-02
6.91481066883563E-02
7.04966780315507E-02
0.073613996566098
6.06306987248202E-02
5.13585619394419E-02
4.92422197614651E-02
5.06413517136735E-02
5.02800123855984E-02
4.99168592695983E-02
5.12605854153436E-02
5.42732570879954E-02
5.04999168791005E-02
5.01168078740847E-02
4.97318589851918E-02
5.09899137218466E-02
4.73245895943704E-02
4.85660493824379E-02
5.13854057349065E-02
6.37063806841441E-02
0.06317861393966
6.89133147923715E-02
6.98804483451426E-02
7.08182461915458E-02
0.143453090513172
0.145210367755924
0.13191739106656
0.130720199162129
0.128046160661697
0.12685261250917
0.124209825944907
0.127311667164126
0.141657995192262
0.140263599386244
0.138863665173242
0.13745822894394
0.13604732797003
0.134631000450141
0.133209285558615
0.131782223497293
0.130349855550525
0.12891222414362
0.127469372904955
0.126021346731999
0.124568191861507
0.123109955944177
0.121646688124067
0.1201784391231
0.118705261331011
0.117227208901109
0.115744337852262
0.114256706177538
0.112764373959977
0.111267403495987
0.109765859426927
0.108259808879432
0.082196977643665
7.47164738352722E-02
3.94118254484121E-02
3.98548722371303E-02
3.82525108001216E-02
2.97398945161145E-02
3.02552275649409E-02
2.97780342844647E-02
2.92996747508061E-02
2.78904973832047E-02
2.83395850820818E-02
2.96552082108076E-02
2.91413743285339E-02
0.027759015265336
2.64069098780274E-02
2.50851911533252E-02
2.54349534139515E-02
2.33381937164826E-02
3.70841009706629E-02
3.32501119109454E-02
3.25712978329395E-02
2.59583158984953E-02
2.17752829355857E-02
2.20101213062065E-02
2.22128581389632E-02
2.30618194307489E-02
0.023184607303968
2.26289023460991E-02
2.20730904450856E-02
2.21320538762141E-02
2.02877160531962E-02
0.01574182950373
1.41792367223757E-02
1.37830455961289E-02
0.012316310902862
0.011433038793448
1.20936422182214E-02
1.12274760875669E-02
1.03936106873455E-02
9.92117383792067E-03
8.38165259313575E-03
8.51137518698503E-03
7.79111173779388E-03
7.4977040217369E-03
6.82647924611586E-03
6.55137356682035E-03
6.2779278117023E-03
6.67367745427801E-03
5.73669866512352E-03
6.07698510014395E-03
5.49340536108008E-03
4.94189474009035E-03
4.94250092384702E-03
4.67183969716042E-03
4.40474381018602E-03
4.57746448711681E-03
4.29115898077796E-03
4.00986435526422E-03
4.44522009164308E-03
5.44335019887924E-03
4.87651910498564E-03
4.76528359288864E-03
4.48933593835405E-03
4.08627361746852E-03
3.69718287854818E-03
3.59154908201823E-03
3.04952909471856E-03
2.62357058314591E-03
2.30031911576637E-03
1.82500406932867E-03
1.61409397923294E-03
1.32456224346216E-03
1.13844908855351E-03
9.04043234225943E-04
7.25382011649916E-04
5.68302750739111E-04
4.19348222597417E-04
8.36955329803415E-04
6.6957026044259E-04
4.69818492307255E-04
3.00602894319706E-04
1.7632290261651E-04
9.37104530190153E-05
4.37548851875967E-05
1.7153919500785E-05
5.26924398694964E-06
1.13457671415793E-06
1.41431706943479E-07
7.12992112099979E-09
6.58857367234492E-11
1.62509478267377E-14
1.13056520401056E-22
1.16142603555148E-59
0
0
0
0
0
0
0
0
0
0
0
0
0
0
0
0
0
0
0
0
0
0
0
0
0
0
0
0
0
0
0
0
0
0
0
0
0
0
0
0
0
0
0
0
0
0
0
0
0
0
0
0
0
0
0
0
0
0
0
0
0
0
0
0
0
0
0
0
0
0
0
0
0
0
0
0
0
0
0
0
0
0
0
0
0
0
0
0
0
0
0
0
0
0
0
0
0
0
0
0
0
0
0
0
0
0
0
0
0
0
0
0
0
0
0
0
0
0
0
0
0
0
0
0
0
0
0
0
0
0
0
0
0
0
0
0
0
0
0
0
0
0
0
0
0
0
0
0
0
0
0
0
0
0
0
0
0
0
0
0
0
0
0
0
0
0
0
0
0
0
0
0
0
0
0
0
0
0
0
0
0
0
0
0
0
0
0
0
0
0
0
0
0
0
0
0
0
0
0
0
0
0
0
0
0
0
0
0
0
0
0
0
0
0
0
0
0
0
0
0
0
0
0
0
0
0
0
0
0
0
0
0
0
0
0
0
0
0
0
0
0
0
0
0
0
0
0
0
0
0
0
0
0
0
0
0
0
0
0
0
0
0
0
0
0
0
0
0
0
0
0
0
0
0
0
0
0
0
0
0
0
0
0
0
0
0
0
0
0
0
0
0
0
0
0
0
0
0
0
0
0
0
0
0
0
0
0
0
0
0
0
0
0
0
0
0
0
0
0
0
0
0
0
0
0
0
0
0
0
0
0
0
0
0
0
0
0
0
0
0
0
0
0
0
0
0
0
0
0
0
0
0
0
0
0
0
0
0
""
