0
0
0
0
0
0
0
0
0
0
0
0
0
0
0
0
0
0
0
0
0
0
0
0
0
0
0
0
0
0
0
0
0
0
0
0
0
0
0
0
0
0
0
0
0
0
0
0
0
0
0
0
0
0
0
0
0
0
0
0
0
0
0
0
0
0
0
0
0
0
0
0
0
0
0
0
0
0
0
0
0
0
0
0
0
0
0
0
0
0
0
0
0
0
0
0
0
0
0
0
0
0
0
0
0
0
0
0
0
0
0
0
0
0
0
0
0
0
0
0
0
0
0
0
0
0
0
0
0
0
0
0
0
0
0
0
0
0
0
0
0
0
0
0
0
0
0
0
0
0
0
0
0
0
0
0
0
0
0
0
0
0
0
0
0
0
0
0
0
0
0
0
0
0
0
0
0
0
0
0
0
0
0
0
0
0
0
0
0
0
0
0
0
0
0
0
0
0
0
0
0
0
0
0
0
0
0
0
0
0
0
0
0
0
0
0
0
0
0
0
0
0
0
0
0
0
0
0
0
0
0
0
0
0
0
0
0
0
0
0
0
0
0
0
0
0
0
0
0
0
0
0
0
0
0
0
0
0
0
0
0
0
0
0
0
0
0
0
0
0
0
0
0
0
0
0
0
0
0
0
0
0
0
0
0
0
0
0
0
0
0
0
0
0
0
0
0
0
0
0
0
0
0
0
0
0
0
0
0
0
0
0
0
0
0
0
0
0
0
0
0
0
0
0
0
0
0
0
0
0
0
0
0
0
0
0
0
0
0
3.3355943490997E-51
5.94960786617234E-25
4.90876600642235E-17
3.21834047047566E-13
5.8568927428319E-11
1.67714113798701E-09
1.77950597957273E-08
9.18754652834348E-08
3.48509514492348E-07
1.11792040837664E-06
2.68477441221116E-06
1.0899916208656E-05
2.70124073739477E-05
5.28476559436687E-05
8.45697775455604E-05
1.27542561610247E-04
1.83200612759819E-04
2.52688773670279E-04
3.36847729518575E-04
4.36221617465005E-04
5.51080312031668E-04
6.81450281552505E-04
8.27149369034169E-04
9.8782221310645E-04
1.16297415448907E-03
1.35200234137677E-03
1.55422337614161E-03
1.76889727821924E-03
1.93539038463227E-03
2.23247945641434E-03
2.47979118315346E-03
2.73638765338299E-03
3.00148794322481E-03
3.27433229603594E-03
3.55418716999972E-03
3.84034887394976E-03
4.13214604227154E-03
4.42894116571963E-03
4.73013136325556E-03
5.03514855128023E-03
5.34345914117036E-03
5.65456337382545E-03
5.96799438081407E-03
6.28331704541284E-03
6.60012672305728E-03
6.91804786916454E-03
7.16436528652025E-03
7.17806634016455E-03
7.63887713959699E-03
8.1942743753946E-03
8.51303761901384E-03
8.83118978554645E-03
8.69109317283641E-03
9.37018360247562E-03
9.29095369208553E-03
8.98340715515419E-03
8.74102257364055E-03
8.8947848700832E-03
1.06947181014743E-02
1.08791937562656E-02
1.03574134940857E-02
1.06270843043995E-02
1.12621044644646E-02
1.10352834077174E-02
1.12961315795746E-02
1.11610259601784E-02
9.12720767725468E-03
1.19291863430806E-02
1.24587683794314E-02
1.29532352190152E-02
1.43831253039054E-02
1.47781371077192E-02
0.01549272021575
1.56916714722067E-02
1.49335338050334E-02
1.59822804814535E-02
1.16514604636104E-02
1.21423575013243E-02
1.13332059047661E-02
1.15601981525486E-02
1.08339821196666E-02
0.011002328966476
1.14116700250199E-02
1.36660344990137E-02
1.38791858686359E-02
1.37978103400073E-02
1.74688354574525E-02
1.38375594296685E-02
1.55296745276512E-02
1.82671322473688E-02
1.71840181488218E-02
1.73679995244005E-02
1.36786757796979E-02
1.29966704122078E-02
1.33702926574736E-02
1.41291332221304E-02
1.49123779318226E-02
1.49140592428757E-02
1.53113997404454E-02
1.69858369284908E-02
3.22309787123047E-02
3.25976632654908E-02
4.57612839054854E-02
4.64072927795111E-02
4.79984689937892E-02
4.91283612846822E-02
5.02655632755284E-02
5.14099107614826E-02
0.052561242193057
5.37193986265862E-02
5.48842236748523E-02
5.60555634579568E-02
5.20822725646124E-02
0.049070434520753
5.00700219643239E-02
5.04665542219158E-02
5.14639566090119E-02
4.67769525417412E-02
4.57417022871125E-02
0.036103724673081
3.34332867449974E-02
3.33666061311991E-02
3.39710284807752E-02
5.64535928310288E-02
4.09317418839147E-02
0.042373496869368
6.61358185189599E-02
6.34757920743029E-02
6.91444503233688E-02
6.95019116658799E-02
6.42823370549068E-02
8.06336769168704E-02
8.19102249085725E-02
8.31904439108262E-02
8.44742254614397E-02
8.57614626117351E-02
8.70520498943831E-02
8.83458832919178E-02
8.96428602060075E-02
9.09428794273891E-02
9.22458411065067E-02
9.35516467248283E-02
9.48601990668166E-02
0.096171402192558
9.74851614110362E-02
9.88013832540278E-02
0.100119975450617
0.101440846902314
0.102763907658769
0.104089068894054
0.073791370018471
7.25868332272509E-02
6.37650073227757E-02
6.23631187022557E-02
5.98014085602522E-02
6.72475848422042E-02
6.91842329090707E-02
7.22960721872049E-02
7.89452208535231E-02
8.69036946023651E-02
7.72070836064789E-02
8.04830441505186E-02
7.89547217017547E-02
9.21109662916758E-02
0.093120997018947
0.105427435591175
0.10909712018564
0.108975143443253
0.110122246787768
0.108651686184971
0.108450056095822
0.1108938724884
0.112015393653088
0.110410929314057
0.11150578206106
0.112600732087083
0.113695726233322
0.119042219714347
0.120177697498945
0.122757261973697
0.119532816345868
0.120640763360392
0.123233180125112
0.12585228808291
0.128498023984722
0.131170322637314
0.132330391441305
0.133489921051446
0.093941065901274
7.73784991500405E-02
7.96306822987788E-02
8.03032834084201E-02
7.77364101920173E-02
7.83812024938682E-02
7.57327730741527E-02
5.31128555436307E-02
5.68880344629738E-02
5.56566891075196E-02
0.118995992962544
0.130211272146937
0.132952525612104
0.160079275643954
0.159551532422336
0.137796353129554
0.140612947093543
0.139868466602609
0.167999259399479
0.174689737452531
0.177792107241081
0.177226927675619
0.171055673809202
0.174139594336624
0.175362400814358
0.176583349839677
0.164419421385593
0.165544914343919
0.168606575494957
0.14437773901331
0.139449122208257
0.138394970724185
0.16318382743306
0.166248891535686
0.16127412940849
0.162306400652873
0.159253257305689
0.154092107955178
0.183997586627714
0.208018952167478
0.209296373759805
0.210571083913779
0.209724610278396
0.210981080401047
0.207947171943758
0.211329136159179
0.212564455223348
0.126532844224939
0.118483910035221
0.161086312333269
0.133148781466564
0.10711678671121
0.105469011329045
0.10153851086881
0.108900904425105
0.104930305735192
0.10320233643586
0.101448310373202
0.115893385881013
0.116502889057403
0.105399595688918
0.108299351056719
0.139618712665532
0.123680351320261
0.124305046602753
0.122525389250376
9.65759512202739E-02
0.097052072600096
0.107279364054835
0.159249680272478
0.162477784720277
0.153359208937435
0.1317181319213
0.162299846104415
0.183124449442696
0.186490923482583
0.172155662158468
0.183111384191027
0.166054560844484
8.21157194820518E-02
8.50576779318107E-02
0.106142960832951
0.106606471754181
0.185410855996183
0.070811289859762
0.079014513248215
7.93485127321939E-02
9.03053601280632E-02
0.088013822773861
0.088376861865745
0.088738427378695
9.98983286743652E-02
0.105722024810102
0.106144034727286
0.106564256553916
0.104239533226058
0.101891634293838
0.105049615774817
0.169278183031818
0.175492389967912
0.148192622726632
0.120680922784468
0.11831109409518
0.118745764808331
0.102152905916028
0.108217629440708
0.122895493971014
0.240927759978393
0.238898129003851
0.239732531501747
0.240562757865573
0.241388786261858
0.24221059501085
0.219603761372898
0.220338675554372
0.221069718860019
0.233626038770879
0.23438785638851
0.223239433815151
0.212010548347693
0.209688463284972
0.237393560794127
0.250191941283435
0.250965946528221
0.251735483785974
0.23120530763058
0.225799031253243
0.214231281686039
0.21793455191856
0.221651969738009
0.225383353439007
0.198165206945923
0.260833762277637
0.2677988751404
0.268548833330438
0.313132494883085
0.270034193175613
0.277066523888562
0.290441881763206
0.294383456872252
0.295162714763684
0.299118727036102
0.290324376476095
0.287872502750758
0.278985572137071
0.263615208159146
0.261050838279341
0.290773912113912
0.29148602267822
0.292192801038352
0.286385469055612
0.287066062688348
0.281201814703276
0.275301828821086
0.275936363162576
0.276565825041182
0.277190198998506
0.281116725309924
0.278423622025031
0.279032640886316
0.292952535763071
0.3002520201925
0.300887944913081
0.314919120226383
0.298785944458587
0.299398254291007
0.330342603879247
0.331004602105011
0.331660460871778
0.335701084328541
0.336351183313224
0.340399022744008
0.341043046845847
0.341680726767202
0.342312047122995
0.342936992694641
0.343555548429953
0.344167699443047
0.344773431014259
0.345372728590051
0.345965577782935
0.343086444727675
0.347131874299783
0.347705293678303
0.348272208782881
0.348832606055127
0.33541101321817
0.314940414327349
0.315427101999989
0.315907876303273
0.319898089399129
0.232357868687406
0.236223094954271
0.194193763437384
0.190933590876887
0.297423196130607
0.301378624013413
0.301787632074434
0.241752770360256
0.238511019700761
0.256642352517018
0.242693438070346
0.23942436248832
0.239719796531679
0.21135271659954
0.208018387008546
0.211853114259541
0.21569219059757
0.215936465743162
0.198161942631049
0.2091990223816
0.173315849151704
0.180727290186155
0.180913822301981
0.177474996130457
0.170400026049246
0.322986133464179
0.134403027044996
0.130892474996549
0.123733517950703
0.120201551760621
0.105723921190534
0.109462938292189
0.127813268002825
0.120607790358386
0.117045956686795
0.131778772220822
0.131878345392248
0.135641402303457
0.168756097242126
0.223941260279481
0.220419357680275
0.216888367863475
0.205991651911039
0.195077146555404
0.198877115534386
0.191622512098469
0.162233153123815
0.162321100447352
0.354340288452915
0.369290332784943
0.369469184531594
0.369641018209114
0.369805829812593
0.369963615501496
0.277585778699748
0.27769357094649
0.274092138044382
0.277893321040384
0.148258812926013
0.152012662338839
0.15576586268454
0.181776555119349
0.178112144747417
0.178154073456121
0.193041999209828
0.215358552333089
0.170832050557869
0.178287904622869
0.163453480305502
0.167188574423669
0.156058594526141
0.159787540797931
0.182095130015752
0.185819714170504
0.185824536884492
0.189542341692527
0.178390635891192
0.163519662706789
0.170943805054159
0.178363809544478
0.185779252392168
0.200620083404351
0.189450605439064
0.14485294709891
0.148542714934539
0.152228366826498
0.270985892506959
0.274637194924277
0.289412823045852
0.289337694721606
0.267006521981045
0.344780732810472
0.344671487236181
0.333440990366792
0.337026175248118
0.31838906291098
0.314563079597117
0.295937239856184
0.295809487791202
0.295676115814196
0.291842912945317
0.291700118129278
0.291551783247335
0.291397911758281
0.291238507250773
0.327918329575398
0.33140861109608
0.327528036420659
0.319967978175292
0.319762029105103
0.323223002086623
0.319331936092839
0.311771990655384
0.311547097057203
0.31131629650877
0.226905115921441
0.212100538647861
0.127889385582903
0.131435633594462
0.153212977653591
0.134857495248047
0.134739099505392
0.127341496085387
0.138129649354655
0.123473866232831
0.116099491998797
0.11598609043463
0.144838119502847
0.15192543216148
0.151767967380482
0.158827046021467
0.187502637906206
0.208908241302681
0.215870669603003
0.150937703556465
0.154352687570818
0.15417100493541
0.164729653025022
0.171682516996063
0.1964760260262
0.29255930093515
0.295748432134525
0.284688383835738
0.287866587689638
0.269735043521543
0.262279337330892
0.265456408805007
0.26508417524095
0.27529523928027
0.278422095894699
0.274495130560008
0.27408734383786
0.27718306145521
0.276759640797957
0.283326754600367
0.321298058724336
0.299865989406134
0.299382527562744
0.330173012038284
0.340035852121872
0.346393692826287
0.345805553477173
0.345210955361271
0.344609912745072
0.344002440061055
0.34338855190777
0.342768263049918
0.201863537166881
0.215150382159687
0.214747559705781
0.204134041012321
0.302218489572815
0.288076018454877
0.284128569048122
0.283564976931023
0.28636512763842
0.295870698585472
0.298619055288245
0.331482831922758
0.177088404290785
0.170044612868026
0.182988517339318
0.169312777884254
0.172254762487441
0.158652658492372
0.201170372937747
0.329042551021047
0.328291553344168
0.327534522037287
0.326771475718215
0.326002433174105
0.325227413361645
0.324446435407251
0.323659518607282
0.322866682428249
0.32206794650703
0.321263330651104
0.320452854838774
0.319636539219414
0.318814404113713
0.317986470013924
0.317152757584134
0.316313287660525
0.315468081251655
0.308324816347964
0.301210122120909
0.306640290674885
0.31203031698398
0.28004107439759
0.269941490145426
0.269171749793877
0.26531214540318
0.27069383779068
0.217760731901258
0.223232820771101
0.210371369126109
0.148944443606847
0.148492068725342
0.145015883382414
0.144567567631347
0.135109389942259
0.143663239904571
0.119339376014084
0.10111368255679
9.18941286430771E-02
9.15947489445543E-02
8.83487958516376E-02
8.51207595662657E-02
8.48361884081196E-02
8.74656516668785E-02
9.00738048760715E-02
0.092660503265947
9.52256031671455E-02
9.20178466071974E-02
8.88286739979323E-02
8.85135180677668E-02
8.81968294540838E-02
8.78786165590223E-02
0.087558887843219
7.87952984235117E-02
7.28963820719299E-02
6.98312034354038E-02
0.108526917928025
0.185736551042337
0.182264672883978
0.181561884442648
0.241141356555664
0.240196121283899
0.255559116523651
0.254540801250081
0.256215213824441
0.24443314013404
0.219359003700787
0.215791821978446
0.212243125316316
0.21135500831571
0.207832606585231
0.261960403024338
0.26083725418511
0.259709833776179
0.248235046520347
0.247144612900199
0.246050170364889
0.204126458266001
0.203207818978136
0.179528751297818
0.163605632574024
0.145313511967679
0.159600719123305
0.235797375856439
0.145750940864146
0.145057013239516
0.151701198728661
0.233755730341239
0.215654100562897
0.217004998427569
0.148751421707061
0.238722962579444
0.237520644584109
0.179599194676181
0.173977888320465
0.166063500996906
0.232675767786663
0.231455829953024
0.230232478554307
0.229005750971093
0.227775684836747
0.226542318039677
0.225305688725643
0.224065835300133
0.222822796430777
0.221576611049833
0.220327318356724
0.210311959507813
0.174255655346554
0.173248953968923
0.172239894359381
0.171228508978329
0.17447020127597
0.126899168910419
0.134544580983311
0.133728293553413
0.130833555015095
0.125898816660564
0.118962686879946
0.203822086796646
0.202533563872529
0.201242555611328
0.199949105886268
0.198653258891401
0.197355059145478
0.196054551495915
0.194751781122856
0.193446793543329
0.192139634615502
0.190830350543045
0.18951898787959
0.188205593533305
0.186890214771567
0.185572899225762
0.184253694896187
0.182932650157074
0.181609813761739
0.180285234847849
0.162852656277964
0.172302116530256
0.172775509446008
0.167971670897519
0.16148329342004
0.161965731800111
0.170968602763287
0.16963190062163
0.168293916431142
0.161946062387625
7.28702988452581E-02
7.55654911448539E-02
7.33186044028008E-02
7.43298572590411E-02
9.93501051580364E-02
5.24358993705194E-02
5.35671298209045E-02
5.46711596946646E-02
5.41994310031395E-02
5.06573268940652E-02
5.02121314934644E-02
6.18314216379837E-02
7.47291123355082E-02
6.81295292059478E-02
6.75081044938531E-02
6.39784271632594E-02
6.77053971013349E-02
0.071351185935853
6.64347754203493E-02
6.15994467680791E-02
6.23911078554483E-02
6.45287168462624E-02
6.38934525684084E-02
5.65286796679901E-02
5.72936060957566E-02
5.53938562066173E-02
5.48266871203851E-02
5.29678204222341E-02
5.11361711278372E-02
6.83055005609432E-02
8.00919021149926E-02
7.92296244025518E-02
6.48984014081155E-02
7.62956765250489E-02
7.54485897212482E-02
0.073418008534799
3.86343389950627E-02
0.041663728312595
4.23252965043459E-02
4.40911291745294E-02
6.81474376659939E-02
6.18136818891239E-02
5.99762079551997E-02
6.03206362182964E-02
5.53201852252699E-02
5.14776286334535E-02
5.08275764364093E-02
5.32506764985811E-02
5.96387757937194E-02
5.98574448781269E-02
5.90666695511906E-02
5.43921759449177E-02
6.32384344778566E-02
6.33185614828673E-02
6.33742987326145E-02
6.24868684264128E-02
4.71069453442431E-02
4.82171804094735E-02
4.66373180706918E-02
4.85531064826787E-02
0.051247371677991
4.87930654811556E-02
4.30784370848781E-02
4.64914305830067E-02
2.81009326624674E-02
3.08164957892623E-02
2.95445652150786E-02
2.98291860984272E-02
4.13740147527448E-02
0.03994387519834
0.049449045770333
4.86014625014676E-02
4.84593372958768E-02
5.17453972869195E-02
6.77616833157646E-02
6.65345123920653E-02
6.53124802231338E-02
6.40957187659967E-02
6.28843620327033E-02
4.93428369072464E-02
5.01970797389694E-02
5.09843191587253E-02
4.99623337971269E-02
0.051222140159539
4.96063710909511E-02
1.85530881277263E-02
1.81576568538706E-02
1.56745652061476E-02
1.53297288287362E-02
1.54865673808432E-02
1.56228581041201E-02
1.47850001414894E-02
2.09579347918086E-02
2.04572343342528E-02
1.90729591826831E-02
2.03317109127075E-02
3.79533787535062E-02
4.10902853536434E-02
4.00187379253036E-02
3.89559665936895E-02
3.79021624985357E-02
0.036857519920226
3.58222363201773E-02
3.47965123788603E-02
3.37805520310773E-02
3.27745624980737E-02
3.17787543160144E-02
3.07933413603061E-02
2.98185408652005E-02
2.88545734380453E-02
2.79016630674919E-02
2.69600371248947E-02
2.60299263580647E-02
2.51115648764471E-02
2.42051901267085E-02
0.02331104285761
2.24293670729373E-02
2.15604099711308E-02
1.36649184342865E-02
1.33073095975869E-02
1.78904268338088E-02
1.71238103218141E-02
1.67186585868044E-02
1.52977441105147E-02
1.47453601755757E-02
9.81322392812947E-03
8.75617037364511E-03
8.49187506023001E-03
8.04378593494698E-03
7.33894525052468E-03
7.70017699366487E-03
4.84743584254996E-03
4.73456212793565E-03
4.49923528874608E-03
3.79476414205137E-03
3.6976235777777E-03
3.71232951550016E-03
3.50142636378188E-03
2.97712697715074E-03
3.92217456655982E-03
4.00353124965016E-03
4.45955338882561E-03
4.31444210046604E-03
4.16880314014319E-03
4.45997209579789E-03
4.29761896719328E-03
4.21606325944435E-03
6.07511587614213E-03
5.7513992500187E-03
6.43528117346948E-03
6.08030356905277E-03
4.82046828437237E-03
5.3920001697794E-03
5.11807958476947E-03
4.84590466224671E-03
4.52326522689512E-03
4.95214188405433E-03
4.6481076683749E-03
4.34805096635979E-03
4.05254927943779E-03
3.76221491225931E-03
3.47769465409522E-03
3.19966881790607E-03
2.7824069995788E-03
2.55933857235309E-03
2.33946490911511E-03
1.32196790094699E-03
1.27564702041042E-03
1.17957866249231E-03
1.03373014181364E-03
9.09609909506007E-04
8.91288322945315E-04
7.54261396004415E-04
6.36796214566508E-04
5.60797460916969E-04
4.51024059929433E-04
3.50680769047206E-04
1.90658746278637E-04
1.41787181439207E-04
8.5064728636386E-05
5.73494652536004E-05
4.19597584937636E-05
2.57455877447012E-05
1.46174668374074E-05
7.66134582551348E-06
3.35813973871133E-06
1.05873006100512E-06
3.33995180312052E-07
7.3972143415264E-08
1.04329599572119E-08
9.75223593745476E-10
2.16003780987626E-11
5.28744271327041E-14
2.5486266463252E-18
1.82726038797716E-28
3.01227106837573E-73
0
0
0
0
0
0
0
0
0
0
0
0
0
0
0
0
0
0
0
0
0
0
0
0
0
0
0
0
0
0
0
0
0
0
0
0
0
0
0
0
0
0
0
0
0
0
0
0
0
0
0
0
0
0
0
0
0
0
0
0
0
0
0
0
0
0
0
0
0
0
0
0
0
0
0
0
0
0
0
0
0
0
0
0
0
0
0
0
0
0
0
0
0
0
0
0
0
0
0
0
0
0
0
0
0
0
0
0
0
0
0
0
0
0
0
0
0
0
0
0
0
0
0
0
0
0
0
0
0
0
0
0
0
0
0
0
0
0
0
0
0
0
0
0
0
0
0
0
0
0
0
0
0
0
0
0
0
0
0
0
0
0
0
0
0
0
0
0
0
0
0
0
0
0
0
0
0
0
0
0
0
0
0
0
0
0
0
0
0
0
0
0
""
