0
0
0
0
0
0
0
0
0
0
0
0
0
0
0
0
0
0
0
0
0
0
0
0
0
0
0
0
0
0
0
0
0
0
0
0
0
0
0
0
0
0
0
0
0
0
0
0
0
0
0
0
0
0
0
0
0
0
0
0
0
0
0
0
0
0
0
0
0
0
0
0
0
0
0
0
0
0
0
0
0
0
0
0
0
0
0
0
0
0
0
0
0
0
0
0
0
0
0
0
0
0
0
0
0
0
0
0
0
0
0
0
0
0
0
0
0
0
0
0
0
0
0
0
0
0
0
0
0
0
0
0
0
0
0
0
0
0
0
0
0
0
0
0
0
0
0
0
0
0
0
0
0
0
0
0
0
0
0
0
0
0
0
0
0
0
0
0
0
0
0
0
0
0
0
0
0
0
0
0
0
0
0
0
0
0
0
0
0
0
0
0
0
0
0
0
0
0
0
0
0
0
0
0
0
0
0
0
0
0
0
0
0
0
0
0
0
0
0
0
0
0
0
0
0
0
0
0
0
0
0
0
0
0
0
0
0
0
0
0
0
0
0
0
0
0
0
0
0
0
0
0
0
0
0
0
0
0
0
0
0
0
0
0
0
0
0
0
0
0
0
0
0
0
0
0
0
0
0
0
0
0
0
0
0
0
0
0
0
0
0
0
0
0
0
0
0
0
0
0
0
0
0
0
0
0
0
0
0
0
0
0
0
0
0
0
0
0
0
0
0
0
0
0
0
0
0
0
0
0
0
0
0
0
0
0
0
0
0
0
0
0
0
0
0
0
0
0
0
0
0
0
0
0
0
0
0
0
0
0
0
0
0
0
0
0
0
0
0
0
0
0
0
0
0
0
0
0
0
0
0
0
0
0
0
0
0
0
0
0
0
0
0
0
0
0
0
0
0
0
0
0
0
0
0
0
0
0
0
0
0
0
0
0
0
0
0
0
0
0
0
0
0
0
0
0
0
0
0
0
0
0
0
0
0
0
0
0
0
0
0
0
0
0
0
0
0
0
0
0
0
0
0
0
0
0
0
0
0
0
0
0
0
0
0
0
0
0
0
0
0
0
0
0
0
0
0
0
0
0
0
0
0
0
0
0
0
0
0
0
0
0
0
0
0
0
0
0
0
0
0
0
0
0
0
0
0
0
0
0
0
0
0
0
0
0
0
0
0
0
0
0
0
0
0
0
0
0
0
8.63173884743844E-41
1.03251808464688E-21
2.3812790243948E-15
3.54786446763296E-12
2.84819055877989E-10
4.88364601734013E-09
3.77950396387178E-08
1.98028284778157E-07
6.43799834535496E-07
1.78665005213416E-06
4.81008542659547E-06
9.7082021449534E-06
1.65316777276423E-05
2.78023656540314E-05
4.23868615571827E-05
5.92913389942231E-05
7.93532070534315E-05
1.06124528765452E-04
1.67216789408656E-04
2.0526416490917E-04
2.69345468981129E-04
3.2696146767286E-04
1.11540877033766E-03
1.31266335163966E-03
1.52524074691703E-03
1.52456067642143E-03
1.75403907782926E-03
1.97732973206361E-03
2.16094628397357E-03
2.39910637119141E-03
3.07691441405539E-03
3.37367483697842E-03
3.67914600186017E-03
3.9925652900742E-03
4.31320405800534E-03
4.64036929547798E-03
4.52579802031314E-03
4.30246840073695E-03
4.91953705502059E-03
5.2214864810944E-03
5.46304682508428E-03
4.35901265009873E-03
4.73196795504713E-03
4.74966829136104E-03
5.13607784240578E-03
5.21216825245814E-03
5.95507384227282E-03
5.3227966403766E-03
5.07977732083884E-03
5.37648730296782E-03
6.27846056154607E-03
4.23552397176204E-03
2.56676681563986E-03
2.98581032810289E-03
3.19800495723084E-03
3.53500770405488E-03
3.52179963280025E-03
3.62605354701979E-03
3.47266241174976E-03
3.83329280128926E-03
4.47913388758953E-03
5.01345083103664E-03
4.9971288863462E-03
4.82685033819795E-03
4.94145088782981E-03
5.05535510815231E-03
5.32516224546897E-03
5.60104337680527E-03
5.88290984217513E-03
6.17067243104874E-03
6.29412987392774E-03
6.24325572157654E-03
6.36159492125931E-03
6.47902218439863E-03
6.04589796379256E-03
6.33825372996517E-03
6.63611013921572E-03
6.55385796368354E-03
6.46440753228167E-03
6.96481667816664E-03
6.87042123044978E-03
7.17921112729289E-03
7.28496739285286E-03
7.38975649085308E-03
7.49357421696549E-03
8.24753831633394E-03
8.13818299893162E-03
9.8046638745612E-03
9.93025207732046E-03
1.00546012815685E-02
1.04090209189368E-02
1.10018182246804E-02
1.16043084960139E-02
1.72465705785464E-02
1.74398732606941E-02
1.68965054062792E-02
2.12854284045596E-02
2.17591121019003E-02
2.37515591576022E-02
2.37353915992158E-02
2.39692676149223E-02
2.44607332396622E-02
2.60052015395096E-02
2.54504443686998E-02
2.24708878275287E-02
2.26702689616874E-02
2.17783665463769E-02
2.22382977257945E-02
0.022146888055449
0.022327781149731
2.22251027797971E-02
2.21157761778663E-02
2.34284525825185E-02
2.36046995512284E-02
2.49385977120474E-02
2.48265784515692E-02
2.35314664811185E-02
2.25097978660808E-02
1.72951416609976E-02
0.018911026005167
1.90342121021154E-02
1.39866747714958E-02
1.31562133538161E-02
2.21638539176512E-02
2.32257566244038E-02
2.42965980244055E-02
2.47495642360324E-02
0.024888881225639
2.53428327085798E-02
2.54795603942365E-02
0.025614116854118
2.60683368138446E-02
2.74940252920391E-02
2.14539540252348E-02
2.25377270216938E-02
2.29726425643159E-02
3.09918562847534E-02
3.14634049647808E-02
3.16027056932717E-02
3.30758611227037E-02
3.32157291939065E-02
3.36898523196386E-02
3.38257964796169E-02
3.39590776436955E-02
3.40896992978188E-02
0.034217664859388
3.43429776766293E-02
3.44656410280577E-02
3.45856581220275E-02
3.47030320963636E-02
3.48177660180654E-02
3.49298628830783E-02
3.50393256161263E-02
3.51461570706006E-02
3.52503600284983E-02
3.53519372004078E-02
3.54508912255352E-02
3.55472246717678E-02
3.56409400357716E-02
3.57320397431177E-02
0.035820526148435
3.59064015355873E-02
3.59896681178684E-02
3.60703280382162E-02
3.61483833694408E-02
3.62238361144647E-02
3.59337213245078E-02
3.60032720945775E-02
3.57059058621879E-02
3.17547032074815E-02
2.66903521908894E-02
3.22273614931587E-02
3.22777722113886E-02
3.19585647431524E-02
3.20038988752133E-02
3.20469828886483E-02
3.61448982929298E-02
0.036926902134399
3.69686722016838E-02
3.70078605323843E-02
3.70444681124837E-02
3.70784958621296E-02
0.037109944635834
3.71388152226627E-02
3.71651083464112E-02
3.71888246657693E-02
3.72099647744712E-02
3.72285292014334E-02
3.72445184108773E-02
3.72579328024388E-02
3.72687727112623E-02
3.72770384080806E-02
0.037282730099279
3.72858479269454E-02
3.72863919689038E-02
2.87089589238248E-02
2.87054141880443E-02
2.83271617082777E-02
2.79471221906453E-02
0.0156452115202
3.46291107743647E-02
3.42406771216653E-02
3.42222300594072E-02
3.42014130963307E-02
3.41782257114251E-02
3.45238919688015E-02
3.44956583509678E-02
3.48356182870643E-02
3.48022324720924E-02
3.47664211247563E-02
3.50976321034012E-02
3.43185020177127E-02
3.39073091555595E-02
3.34946812081827E-02
3.67563273467774E-02
3.67027256103768E-02
3.40812779410703E-02
3.40266124777943E-02
3.32390093616584E-02
3.28161775901085E-02
0.020745640551103
2.10694891500983E-02
2.71912141684593E-02
2.56882254046933E-02
2.67166968101667E-02
2.70180643355478E-02
3.12694716582871E-02
3.04785768383014E-02
3.11196972229049E-02
1.32015157496483E-02
1.35231219465528E-02
1.34869359422046E-02
1.30958136137811E-02
1.34115767223739E-02
1.37243068550801E-02
1.26305317799026E-02
1.15422319676638E-02
1.08082980558312E-02
9.73052048620463E-03
9.69796838689255E-03
0.010009843600254
9.97459577233381E-03
9.93857999516206E-03
1.26333250718135E-02
1.25854106810432E-02
1.18588634682107E-02
1.07992477209332E-02
0.010755253172721
1.10451048081074E-02
1.09979729259791E-02
1.09499579589592E-02
1.12313937676503E-02
9.86479431695882E-03
9.49143807129437E-03
9.44612775626279E-03
1.00483140517432E-02
9.67568358101505E-03
9.30550176320312E-03
9.25705741515172E-03
9.52533778084003E-03
9.78938079416417E-03
1.00491035753563E-02
9.99216781472736E-03
1.11761534045101E-02
1.17273634202926E-02
1.19633889636999E-02
1.15848650561747E-02
1.18149993834086E-02
1.17391955815073E-02
1.13632830021861E-02
0.011287326280029
1.15053270837815E-02
1.08393043855486E-02
1.25075052561777E-02
1.32830736611919E-02
1.26114954282142E-02
1.19472968197717E-02
1.32665059880634E-02
1.42822830271338E-02
1.50009542527077E-02
2.12148935127552E-02
0.023223077202759
2.30247268380685E-02
2.28239842797496E-02
2.26208467725427E-02
2.21516021946865E-02
2.16848503146888E-02
2.07030963597919E-02
2.07591555326067E-02
1.67478126178648E-02
1.73324747797324E-02
1.54136655808511E-02
1.96793118055828E-02
1.89810620064209E-02
1.97352815913631E-02
1.95137906517757E-02
1.48203490800959E-02
1.51115851424705E-02
1.40116970939963E-02
1.40669167338497E-02
1.52349494585845E-02
1.23856806317602E-02
6.11168040516582E-03
6.46043234819974E-03
0.006371798694868
6.07292001044586E-03
5.98563172269908E-03
6.10090787745352E-03
6.00896058498137E-03
5.91619582428854E-03
5.62853174950189E-03
5.72823633825009E-03
5.25751746248124E-03
5.35251140796679E-03
5.07763536148412E-03
5.16469893525187E-03
4.72004635234643E-03
4.63090175353433E-03
3.70014725635914E-03
3.62643304110425E-03
3.71365867105472E-03
3.63551109692139E-03
3.24755076521477E-03
3.02405533350921E-03
3.10251593016195E-03
3.02933973606912E-03
2.81499652325143E-03
2.74452767373962E-03
2.6736978248825E-03
2.08202199761261E-03
1.89827920851147E-03
1.84444221762307E-03
2.0291248167425E-03
1.96767806649229E-03
2.3545368355678E-03
2.60368893991366E-03
2.83084935111495E-03
2.53001092230967E-03
2.34123898237517E-03
2.15974812141036E-03
1.80508554544602E-03
1.73221614227709E-03
2.24031187957636E-03
2.22175656859808E-03
2.34781275421853E-03
1.58708846885601E-03
1.43987996669067E-03
1.49536690039043E-03
1.35290036984156E-03
1.33420579620923E-03
1.30947318425614E-03
1.27895288821356E-03
1.33853536892676E-03
1.20170484325276E-03
1.11436514760945E-03
1.02889441682113E-03
1.33068309516295E-03
1.21647861625854E-03
1.8332286917887E-03
1.94508229453858E-03
2.09853267244341E-03
1.76313875384647E-03
1.63025876001951E-03
1.42518849694248E-03
1.40070608455935E-03
1.19688349486881E-03
1.00879781840709E-03
8.37091633700375E-04
6.82283717636343E-04
5.44731022245368E-04
4.2458648942854E-04
3.21754270129659E-04
2.35845193465908E-04
1.6613707407962E-04
9.36991743513109E-05
5.93226983860294E-05
3.53335087588921E-05
1.89690194378888E-05
9.04558514943279E-06
3.68962810870715E-06
1.23197932668931E-06
3.16013404730129E-07
5.34039775223247E-08
4.07209730458001E-09
1.0501268402249E-10
3.16751904529717E-13
8.11885746965177E-18
7.31596694373388E-29
3.14928904893112E-92
0
0
0
0
0
0
0
0
0
0
0
0
0
0
0
0
0
0
0
0
0
0
0
0
0
0
0
0
0
0
0
0
0
0
0
0
0
0
0
0
0
0
0
0
0
0
0
0
0
0
0
0
0
0
0
0
0
0
0
0
0
0
0
0
0
0
0
0
0
0
0
0
0
0
0
0
0
0
0
0
0
0
0
0
0
0
0
0
0
0
0
0
0
0
0
0
0
0
0
0
0
0
0
0
0
0
0
0
0
0
0
0
0
0
0
0
0
0
0
0
0
0
0
0
0
0
0
0
0
0
0
0
0
0
0
0
0
0
0
0
0
0
0
0
0
0
0
0
0
0
0
0
0
0
0
0
0
0
0
0
0
0
0
0
0
0
0
0
0
0
0
0
0
0
0
0
0
0
0
0
0
0
0
0
0
0
0
0
0
0
0
0
0
0
0
0
0
0
0
0
0
0
0
0
0
0
0
0
0
0
0
0
0
0
0
0
0
0
0
0
0
0
0
0
0
0
0
0
0
0
0
0
0
0
0
0
0
0
0
0
0
0
0
0
0
0
0
0
0
0
0
0
0
0
0
0
0
0
0
0
0
0
0
0
0
0
0
0
0
0
0
0
0
0
0
0
0
0
0
0
0
0
0
0
0
0
0
0
0
0
0
0
0
0
0
0
0
0
0
0
0
0
0
0
0
0
0
0
0
0
0
0
0
0
0
0
0
0
0
0
0
0
0
0
0
0
0
0
0
0
0
0
0
0
0
0
0
0
0
0
0
0
0
0
0
0
0
0
0
0
0
0
0
0
0
0
0
0
0
0
0
0
0
0
0
0
0
0
0
0
0
0
0
0
0
0
0
0
0
0
0
0
0
0
0
0
0
0
0
0
0
0
0
0
0
0
0
0
0
0
0
0
0
0
0
0
0
0
0
0
0
0
0
0
0
0
0
0
0
0
0
0
0
0
0
0
0
0
0
0
0
0
0
0
0
0
0
0
0
0
0
0
0
0
0
0
0
0
0
0
0
0
0
0
0
0
0
0
0
0
0
0
0
0
0
0
0
0
0
0
0
0
0
0
0
0
0
0
0
0
0
0
0
0
0
0
0
0
0
0
0
0
0
0
0
0
0
0
0
0
0
0
0
0
0
0
0
0
0
0
0
0
0
0
0
0
0
0
0
0
0
0
""
