0
0
0
0
0
0
0
0
0
0
0
0
0
0
0
0
0
0
0
0
0
0
0
0
0
0
0
0
0
0
0
0
0
0
0
0
0
0
0
0
0
0
0
0
0
0
0
0
0
0
0
0
0
0
0
0
0
0
0
0
0
0
0
0
0
0
0
0
0
0
0
0
0
0
0
0
0
0
0
0
0
0
0
0
0
0
0
0
0
0
0
0
0
0
0
0
0
0
0
0
0
0
0
0
0
0
0
0
0
0
0
0
0
0
0
0
0
0
0
0
0
0
0
0
0
0
0
0
0
0
0
0
0
0
0
0
0
0
0
0
0
0
0
0
0
0
0
0
0
0
0
0
0
0
0
0
0
0
0
0
0
0
0
0
0
0
0
0
0
0
0
0
0
0
0
0
0
0
0
0
0
0
0
0
0
0
0
0
0
0
0
0
0
0
0
0
0
0
0
0
0
0
0
0
0
0
0
0
0
0
0
0
0
0
0
0
0
0
0
0
0
0
0
0
0
0
0
0
0
0
0
0
0
0
0
0
0
0
0
0
0
0
0
0
0
0
0
0
0
0
0
0
0
0
0
0
0
0
0
0
0
0
0
0
0
0
0
0
0
0
0
0
0
0
0
0
0
0
0
0
0
0
0
0
0
0
0
0
0
0
0
0
0
0
0
0
0
0
0
0
0
0
0
0
0
0
0
0
0
0
0
0
0
0
0
0
0
0
0
0
0
0
0
0
0
0
0
0
0
0
0
0
0
0
0
0
0
0
0
0
0
0
0
0
0
0
0
0
0
0
0
0
0
0
0
0
0
0
0
0
0
0
0
0
0
0
0
0
0
0
0
0
0
0
0
0
0
0
0
0
0
0
0
0
0
0
0
0
0
0
0
0
0
0
0
0
0
0
0
0
0
0
0
0
0
0
0
0
0
0
0
0
0
0
0
0
0
0
0
0
0
0
0
0
0
0
0
0
0
0
0
0
0
0
0
0
0
0
0
0
0
0
0
0
0
0
0
0
0
0
0
0
0
0
0
0
0
0
0
0
0
0
0
0
0
0
0
4.51477768932036E-67
3.1484059673446E-24
1.54246984179313E-15
7.99887226990999E-12
1.14037468155313E-09
2.19036862371267E-08
1.9347703099217E-07
2.13843034254504E-07
3.37987422803897E-06
9.56102562561448E-06
2.24615685208479E-05
4.085172996728E-05
7.29322175422742E-05
1.20243497786997E-04
1.72287584804558E-04
2.44220910092082E-04
3.32311139867204E-04
4.37091858463556E-04
5.5878382019964E-04
6.69452557806075E-04
8.18427372065651E-04
1.06487186226289E-03
1.25940787621689E-03
1.4130647771775E-03
1.62951797090276E-03
1.78522442154339E-03
2.01849610947581E-03
2.35775216975921E-03
2.72930665639882E-03
3.24982373448751E-03
3.82673308705664E-03
3.76446360481945E-03
3.63936136475697E-03
3.94031829765371E-03
4.24850808488141E-03
4.56340827059133E-03
4.88452612452443E-03
5.42853947967795E-03
5.08162220075292E-03
6.12571573514867E-03
6.22231238199753E-03
6.02076266521991E-03
6.34125081805023E-03
6.36200984584345E-03
6.67382754571147E-03
6.9882247725234E-03
6.60926464734207E-03
6.89779004736199E-03
7.18807798644847E-03
7.87364447162427E-03
8.18240777892493E-03
8.49253474985319E-03
8.80388218001065E-03
8.20468443312344E-03
8.48673974484171E-03
8.28235665872982E-03
8.55008237728998E-03
1.03745218772662E-02
1.06906564733798E-02
1.10072333668794E-02
1.24565839784509E-02
1.16413780063857E-02
1.19587903250869E-02
1.22763334026311E-02
1.19642435905076E-02
1.22659718063347E-02
1.25676452631053E-02
1.08372303756571E-02
1.03978573830092E-02
1.06356497664372E-02
1.08732455406116E-02
1.11106115539556E-02
1.05912020322995E-02
1.08122285742093E-02
1.10329575416778E-02
1.10329575416778E-02
1.14734247594326E-02
1.16931171582046E-02
1.27633072716335E-02
1.29978359101533E-02
1.41140322405702E-02
1.43631954277602E-02
1.55250673134516E-02
1.57886557214671E-02
1.60516412517702E-02
1.72736530594597E-02
1.56006885221453E-02
1.78272024091426E-02
0.019108637437252
2.04199002994131E-02
2.07246208269304E-02
2.10285003355006E-02
0.020264946899259
2.05519901427893E-02
1.97414443235192E-02
1.89000066785418E-02
0.018027801512518
1.94082836882351E-02
2.19743156679796E-02
2.22561163165602E-02
2.25370020845961E-02
1.92142840474652E-02
1.94492519341601E-02
1.84532093740374E-02
1.74271913468095E-02
0.018890010366749
1.91072611272738E-02
1.80354869914374E-02
0.018236799863519
1.84373762165591E-02
1.99684393939899E-02
2.28726448122791E-02
2.17538599536508E-02
2.33533854753091E-02
2.63679386185238E-02
2.66339896883339E-02
2.68989888753433E-02
2.85925572790187E-02
3.31996583148807E-02
3.35165784040079E-02
3.38321934751225E-02
3.71157565476423E-02
0.038954193309699
3.93064996275993E-02
3.96572977698028E-02
0.041545294502652
4.03543382895735E-02
3.60043463126325E-02
3.63092629555072E-02
3.50209505569768E-02
0.032099988625557
3.39796266892857E-02
3.26219042232154E-02
3.28810483291852E-02
3.31389763407336E-02
3.33956831270152E-02
3.36511636285195E-02
0.038991224782494
3.92821897615522E-02
3.95717275195004E-02
3.98598325363545E-02
3.84009993879377E-02
3.69159206388115E-02
3.54047799532674E-02
3.56502757599537E-02
3.76892276798376E-02
3.61374558561554E-02
3.09222615592493E-02
3.11265956920799E-02
2.76439731115151E-02
2.59675124607035E-02
2.42664283997913E-02
2.44193220704161E-02
2.64614737129369E-02
2.85260363668636E-02
2.86995099528303E-02
3.27215962606441E-02
5.03420555772611E-02
5.45327956640286E-02
5.48492111457598E-02
6.50144342215045E-02
6.34016501909746E-02
7.37188666202669E-02
6.61133509193612E-02
6.64752200380664E-02
6.88601594069567E-02
6.51561371980718E-02
6.34536478854503E-02
6.37851772556659E-02
6.61828030035024E-02
6.44418817809712E-02
6.68563053913612E-02
6.71897570402021E-02
6.11909076076813E-02
6.14890925877173E-02
6.39157937115362E-02
6.63607664127392E-02
6.66730531308734E-02
6.69831751001338E-02
6.72911271387788E-02
6.75969041058611E-02
6.79005009009301E-02
6.38017890789974E-02
0.106066271650177
7.98946372467189E-02
6.46353737703679E-02
6.49091158346966E-02
6.51807905372878E-02
6.54503933656898E-02
0.183556948529073
0.184298365794718
0.185033958896929
0.185763715635331
0.186487623909628
0.182583309454685
0.183277900320138
0.17930936617249
0.179975174153437
0.178289452540172
0.127138393831132
0.120504959205235
0.12093102761855
0.123732825322779
0.1265472822342
0.141353259949917
0.141828770124186
0.142299912303718
0.130667807609422
0.140801450321452
0.121768689145742
0.124596151687869
0.132336457003966
0.135201750884541
0.120818184812893
0.103868762418761
9.67347857709084E-02
0.104479921189147
0.112265090925481
0.117587743596548
0.120426159055104
0.118243256488135
0.12361101289076
0.086001554784334
7.60849541628269E-02
7.62838966910154E-02
7.90299007255433E-02
8.17865686290709E-02
7.94292028109415E-02
7.96252907807542E-02
0.08496861184745
7.74293460691666E-02
7.50251173625631E-02
8.03858132124585E-02
8.05699706411076E-02
7.81468380073017E-02
0.093984498679281
9.15736139676702E-02
9.43927149615436E-02
8.14547659029529E-02
7.37253602046942E-02
6.59611556008642E-02
6.60941484877788E-02
6.62251909106932E-02
6.63542806830816E-02
6.91406722764928E-02
7.19351211857516E-02
6.93990052215177E-02
7.21991563127559E-02
7.23279947461464E-02
7.24547108773608E-02
6.45149356342386E-02
6.46237935971235E-02
6.47307595149529E-02
0.124268677230869
0.113643264158683
0.116530514682112
0.119422723612433
0.12775607936279
0.122498857656349
0.117222295249446
0.117386712533586
0.120281380826611
0.12591729146168
0.11785945322813
0.153687686181118
0.12914888965505
0.266865886396492
0.258919322584495
0.223369421708917
0.22362103842116
0.201755937366035
0.201971022840753
0.166175558423471
0.171887486599053
0.177605428522544
0.11388613495245
9.73089647530506E-02
9.46125262235125E-02
0.116974462009254
0.108709018552908
0.103216487681941
0.111671136447903
0.108959819398498
0.111832964122001
0.114706770833716
0.123180091565922
0.218500489388799
0.218629979750514
0.229971288307597
0.145913385408787
0.145987121383136
0.13482153028084
0.112401533463063
0.118070987496676
0.118116970246097
0.123786203211048
0.109755981096534
0.146385625130122
0.146425735871262
0.138011929695529
0.123955899643695
0.123979158883132
0.0958172986321
0.095829767953797
9.58394850739252E-02
9.30274365986109E-02
7.89358393775953E-02
7.89370414992191E-02
7.89359767919365E-02
7.89326452736748E-02
7.89270470005304E-02
7.61006398500957E-02
8.17272309835512E-02
8.47783320514412E-02
9.01508443620718E-02
9.57647144349211E-02
9.01095582389159E-02
7.31940882009184E-02
0.078800676964271
7.59613050490399E-02
7.87464323751606E-02
8.43384797279602E-02
8.43033571542631E-02
8.70746707619965E-02
8.42258401415438E-02
8.13773321067586E-02
8.69432527819807E-02
8.40913950480731E-02
8.96445202905621E-02
8.67893160905742E-02
8.95308424589433E-02
8.94701343000371E-02
8.94068479925363E-02
7.81733615255266E-02
7.25339430006777E-02
0.072476243966819
7.24164538562821E-02
7.23545736739582E-02
7.22906044597311E-02
0.066668812881642
5.55049255922117E-02
5.54509027297613E-02
4.98557487492142E-02
4.98042427509869E-02
5.25152561783931E-02
4.96969073658051E-02
6.06724308429505E-02
6.06024387322051E-02
9.35474290733065E-02
9.34338298972141E-02
0.134487012361514
0.137056614230281
0.139615152867357
0.142162392453127
0.147428250260742
0.14176936486999
0.13339934920907
0.146796738637376
0.1601496755631
0.170746710089682
0.173187204385057
0.178315885325856
0.175329870341285
0.188505134213906
0.13173157633979
0.147608437982792
0.150029676100326
0.13639105071715
0.125465972082868
0.111911719906738
0.111701620208598
0.124760641307867
0.135115466706984
0.129560209686958
0.092356982320806
9.21682299891392E-02
9.19767530722099E-02
8.65378373476182E-02
9.42023708203564E-02
9.92190932694685E-02
9.37889116171038E-02
9.09786130084046E-02
9.33643102444402E-02
9.31478400536471E-02
0.08776589526099
9.01313959374993E-02
7.96371011090364E-02
8.20037752837062E-02
8.94677189933319E-02
8.92411291436354E-02
9.40982556297886E-02
9.38530642827714E-02
8.60154534372337E-02
8.32618752013732E-02
8.05194229363051E-02
0.082806930020526
7.50688221366613E-02
7.98467701621991E-02
8.70818730693515E-02
7.93862411540003E-02
7.91523599017281E-02
7.64499453721303E-02
0.068842710381481
6.61806245908703E-02
7.08622378625047E-02
7.06394166165482E-02
7.28425169312393E-02
6.77670394328551E-02
7.23703384164437E-02
0.067322182070771
7.18892590507717E-02
0.076421750919128
7.85392417791978E-02
7.58944221775376E-02
7.32638767097057E-02
5.18084086865267E-02
0.053967918760497
5.37708202728777E-02
5.35720441561146E-02
5.56920977772441E-02
5.31694722352375E-02
5.06628273145351E-02
4.81723836205926E-02
4.79832792558645E-02
5.00685025959585E-02
5.21339178850062E-02
4.74068989000323E-02
5.17081184449235E-02
0.051492751810845
5.57345057905148E-02
5.10571026001935E-02
4.86265304270134E-02
4.84142741592423E-02
4.60095331534904E-02
0.137411881342848
0.217128145916433
0.216135177102295
0.204378447127796
0.192715428443098
0.144917746379014
0.199367854026586
0.198401717950662
0.199529390289205
0.198539852450553
0.199623185839315
0.179990346240405
0.189357387029187
0.188373873656635
0.179236960952151
0.180310197633255
0.177325559633689
0.184377341242612
0.183362673360269
0.184323802413672
0.116277980330233
0.105817497983359
7.59831841714581E-02
7.36031064510721E-02
7.50942946213676E-02
0.143549970896526
0.136975585579438
0.162609846283076
0.161604341373427
0.173664772206966
0.165143153857493
0.16592887766834
0.067773002837382
6.91481066883563E-02
7.04966780315507E-02
5.74548265881741E-02
3.74483727418007E-02
3.71906827837338E-02
3.69316648210988E-02
4.01638306694652E-02
3.81434576718333E-02
3.78679622045228E-02
3.41737236102291E-02
3.05287071119974E-02
2.52499584395503E-02
2.67289641995118E-02
2.81813867582754E-02
2.79622107506901E-02
2.93738831965058E-02
3.07584979422107E-02
3.05100846551007E-02
2.70752117907613E-02
0.028430376272847
2.81918105968792E-02
2.79521793380571E-02
2.77114876401701E-02
2.89958374441518E-02
3.02521599491508E-02
0.0299812252424
3.11945929818717E-02
3.09076939528235E-02
2.91615201170505E-02
2.88860060336994E-02
2.43179588965185E-02
2.69150190865297E-02
2.38448118956615E-02
2.36068230794511E-02
2.19933166310305E-02
2.04070991955044E-02
0.022887270076524
2.13134856893785E-02
2.10851557595669E-02
1.95524783325787E-02
0.019336833621543
2.29444871228919E-02
2.39440558790798E-02
2.49136383723015E-02
2.46219911888355E-02
2.31128707435728E-02
0.021632119042158
0.021366947039582
1.99286255131886E-02
1.96765374348846E-02
1.82810729884062E-02
1.80422998335963E-02
0.017802784559358
1.86601961025775E-02
1.84041675095035E-02
1.81473846745754E-02
1.89422046342944E-02
1.76316061216581E-02
0.017372636616185
1.71129653579491E-02
0.015861277075261
1.65915764065805E-02
0.0163298897689
1.60675635730227E-02
1.67342984299228E-02
1.91977834427006E-02
1.88714961341503E-02
1.85445109363398E-02
0.017349384540835
1.70367160503402E-02
1.75596338073276E-02
1.72301297320317E-02
1.85096019130724E-02
1.73585153479699E-02
1.62384267472059E-02
1.59069128951565E-02
1.48333233705687E-02
0.01524269805491
1.42000782620687E-02
0.013883036336852
1.42440649425214E-02
1.25859296792969E-02
0.012930801340628
0.017027812629066
1.72138196814998E-02
1.72138196814998E-02
1.51587987813697E-02
1.81494230046409E-02
0.017642298363045
1.71357369083297E-02
1.50708238640906E-02
1.46131510136841E-02
1.17156272218089E-02
1.18109212356198E-02
1.18109212356198E-02
0.011028490254126
0.010213650224382
1.02514628128867E-02
9.07616802631309E-03
8.72272348114805E-03
8.37119955760378E-03
8.02179664828628E-03
7.00736132699191E-03
6.69281510931077E-03
6.38083435515114E-03
5.78253195903166E-03
5.49099415565595E-03
5.20263255141792E-03
5.16361229686152E-03
4.63657243177476E-03
3.92354098895726E-03
4.08681807693139E-03
3.62797251190572E-03
3.55617607331446E-03
1.30310504761048E-02
1.52391222030801E-02
1.40155399790842E-02
0.012826674109583
1.16750674784815E-02
1.05633796529948E-02
9.9295768738151E-03
7.87795016135629E-03
6.4464877185871E-03
5.78365949106973E-03
5.47501220798602E-03
4.69554612140492E-03
3.97368673038647E-03
3.31185189397385E-03
2.71212970267783E-03
2.19881422281381E-03
1.72266771317793E-03
1.35273620192715E-03
9.96375392623114E-04
7.04810800465884E-04
4.74564133643692E-04
3.00602894319706E-04
1.7632290261651E-04
9.37104530190153E-05
4.37548851875967E-05
1.7153919500785E-05
5.26924398694964E-06
6.9209179563634E-07
7.92017558883482E-08
3.56496056049989E-09
4.27917671502814E-11
1.06592238433441E-14
7.53710136007042E-23
1.84353338976426E-59
0
0
0
0
0
0
0
0
0
0
0
0
0
0
0
0
0
0
0
0
0
0
0
0
0
0
0
0
0
0
0
0
0
0
0
0
0
0
0
0
0
0
0
0
0
0
0
0
0
0
0
0
0
0
0
0
0
0
0
0
0
0
0
0
0
0
0
0
0
0
0
0
0
0
0
0
0
0
0
0
0
0
0
0
0
0
0
0
0
0
0
0
0
0
0
0
0
0
0
0
0
0
0
0
0
0
0
0
0
0
0
0
0
0
0
0
0
0
0
0
0
0
0
0
0
0
0
0
0
0
0
0
0
0
0
0
0
0
0
0
0
0
0
0
0
0
0
0
0
0
0
0
0
0
0
0
0
0
0
0
0
0
0
0
0
0
0
0
0
0
0
0
0
0
0
0
0
0
0
0
0
0
0
0
0
0
0
0
0
0
0
0
0
0
0
0
0
0
0
0
0
0
0
0
0
0
0
0
0
0
0
0
0
0
0
0
0
0
0
0
0
0
0
0
0
0
0
0
0
0
0
0
0
0
0
0
0
0
0
0
0
0
0
0
0
0
0
0
0
0
0
0
0
0
0
0
0
0
0
0
0
0
0
0
0
0
0
0
0
0
0
0
0
0
0
0
0
0
0
0
0
0
0
0
0
0
0
0
0
0
0
0
0
0
0
0
0
0
0
0
0
0
0
0
0
0
0
0
0
0
0
0
0
0
0
0
0
0
0
0
0
0
0
0
0
0
0
0
0
0
0
0
0
0
0
0
0
0
0
0
0
0
0
0
0
0
0
0
0
0
0
0
0
0
0
0
0
0
""
