0
0
0
0
0
0
0
0
0
0
0
0
0
0
0
0
0
0
0
0
0
0
0
0
0
0
0
0
0
0
0
0
0
0
0
0
0
0
0
0
0
0
0
0
0
0
0
0
0
0
0
0
0
0
0
0
0
0
0
0
0
0
0
0
0
0
0
0
0
0
0
0
0
0
0
0
0
0
0
0
0
0
0
0
0
0
0
0
0
0
0
0
0
0
0
0
0
0
0
0
0
0
0
0
0
0
0
0
0
0
0
0
0
0
0
0
0
0
0
0
0
0
0
0
0
0
0
0
0
0
0
0
0
0
0
0
0
0
0
0
0
0
0
0
0
0
0
0
0
0
0
0
0
0
0
0
0
0
0
0
0
0
0
0
0
0
0
0
0
0
0
0
0
0
0
0
0
0
0
0
0
0
0
0
0
0
0
0
0
0
0
0
0
0
0
0
0
0
0
0
0
0
0
0
0
0
0
0
0
0
0
0
0
0
0
0
0
0
0
0
0
0
0
0
0
0
0
0
0
0
0
0
0
0
0
0
0
0
0
0
0
0
0
0
0
0
0
0
0
0
0
0
0
0
0
0
0
0
0
0
0
0
0
0
0
0
0
0
0
0
0
0
0
0
0
0
0
0
0
0
0
0
0
0
0
0
0
0
0
0
0
0
0
0
0
0
0
0
0
0
0
0
0
0
0
0
0
0
0
0
0
0
0
0
0
0
0
0
0
0
0
0
0
0
0
0
0
0
0
0
0
0
0
0
0
0
0
0
0
0
0
0
0
0
0
0
0
0
0
0
0
0
0
0
0
0
0
0
0
0
0
0
0
0
0
0
0
0
0
0
0
0
0
0
0
0
0
0
0
0
0
0
0
0
0
0
0
0
0
0
0
0
0
0
2.03079707945786E-47
7.3039763656338E-20
3.51682633634302E-13
4.26586032465095E-10
1.16498886254782E-08
1.61172754819195E-07
9.26623860639049E-07
3.69244068307069E-06
1.10830794150633E-05
2.49162346288327E-05
4.93134850706299E-05
8.26561285037296E-05
1.19424018043973E-04
1.80784891638835E-04
2.67147834795078E-04
4.31490217542296E-04
7.85806343081373E-04
1.26727462248827E-03
1.63469878796156E-03
2.0342392953398E-03
0.002451042181921
3.67408445528586E-03
4.29804690249858E-03
5.18620529742826E-03
5.93119826439442E-03
6.5076091778503E-03
5.88097763811469E-03
6.20372426052644E-03
4.90844133253112E-03
4.97186157954838E-03
6.03582156569557E-03
0.012765613676707
1.39853557452466E-02
1.51055395682252E-02
1.60908727543136E-02
1.74273426396222E-02
1.86258190593099E-02
1.98473921910898E-02
2.10906989043553E-02
2.23544532232879E-02
2.36374425599703E-02
2.49385238862962E-02
0.026256619919395
2.75907153751284E-02
2.89398533285709E-02
3.03031317083038E-02
3.16796999420646E-02
3.30687557642289E-02
3.44695421902454E-02
3.58813446591538E-02
3.73034883423692E-02
0.038735335614794
4.01762836828241E-02
4.16257623628139E-02
4.30832320029292E-02
4.45481815409721E-02
4.60201266906218E-02
4.74986082485594E-02
4.89831905150801E-02
5.04734598210158E-02
5.19690231540646E-02
4.91919463277039E-02
5.00268455396476E-02
5.64838307479884E-02
5.79970101507248E-02
5.95137864501599E-02
5.92028505120638E-02
6.25569704968815E-02
6.40828311203862E-02
6.56111928708873E-02
6.71418113466591E-02
6.86744526097523E-02
7.02088925864775E-02
7.17449165068268E-02
7.32823183800969E-02
7.48209005041749E-02
7.63604730061334E-02
7.55638278095971E-02
0.075469772931202
7.77440089343239E-02
7.42726080040838E-02
4.45555320856321E-02
4.53727469936668E-02
4.61898810939093E-02
7.09537506873762E-02
7.21865829231367E-02
7.34189668776275E-02
7.46508009403879E-02
7.58819867838649E-02
7.61485238361012E-02
8.12798623011585E-02
8.15599855643327E-02
8.28183471729955E-02
8.40755854055608E-02
8.63722459590751E-02
8.65863590359224E-02
7.81987875205957E-02
5.75836366265981E-02
5.83918289756733E-02
5.58481057541146E-02
5.54763948072507E-02
0.05048381363061
4.65010210556659E-02
3.88630735953812E-02
4.17476054947812E-02
0.041068064705028
5.01411440196392E-02
5.07579764807201E-02
5.01207049701522E-02
0.117924802324955
0.119316372868264
0.120705288428587
0.119465864631895
0.12081953747929
0.08592206559293
7.73687351858211E-02
5.90015250138436E-02
5.54751381055045E-02
5.46622260494151E-02
5.24023295506776E-02
5.29443656664329E-02
5.78217544381014E-02
8.61473048436622E-02
8.99547551460805E-02
9.23289277434999E-02
8.42042714226691E-02
7.28679339942683E-02
0.064364097649874
9.74507235811009E-02
9.67917074889715E-02
9.92525377420832E-02
9.85600368726958E-02
0.113875396808708
0.116498814544144
0.122411876205993
9.87741694513456E-02
0.106257412788748
0.162403769669158
0.16206878439383
0.165106043856786
0.164734869744828
0.164331786606
0.167384055935059
0.156401011060229
0.15761902906732
9.99398572944279E-02
0.104297588720618
9.78362215168065E-02
0.10039054866718
0.101130500955236
0.114832837562483
0.139912561161872
0.133395569558215
0.121092624035695
0.190528469349171
0.191844781415305
0.193156126259844
0.19446246923632
0.195763776038917
0.197060012695543
0.198351145561178
0.199637141311472
0.200917966936603
0.202193589735361
0.203463977309471
0.204729097558126
0.205988918672737
0.207243409131881
0.208492537696436
0.209736273404912
0.210974585568951
0.212207443769
0.213434817850147
0.214656677918114
0.215872994335402
0.217083737717577
0.213923101351106
0.217293505192054
0.218475417135671
0.215214289811382
0.211900205525943
0.217502663265578
0.225400479670355
0.22656561018017
0.227724914035119
0.228878364205304
0.230025933881135
0.231167596470973
0.232303325598856
0.233433095102311
0.234556879030245
0.235674651640912
0.236786387399963
0.237892060978552
0.23899164725153
0.240085121295686
0.24117245838807
0.242253634004366
0.243328623817329
0.244397403695277
0.245459949700643
0.246516238088576
0.247566245305592
0.248609947988281
0.249647322962056
0.250678347239952
0.251702998021462
0.252721252691427
0.253733088818962
0.254738484156415
0.255737416638379
0.256729864380725
0.257715805679688
0.25869521901097
0.259668083028889
0.260634376565558
0.261594078630086
0.262547168407826
0.263493625259632
0.26178909443395
0.26005922733215
0.260967134596258
0.261868462394035
0.262763191349248
0.263651302253893
0.264532776067651
0.270824075425876
0.271709935812768
0.272588966392631
0.27346114841585
0.274326463301443
0.275184892636629
0.276036418176408
0.276881021843158
0.277718685726251
0.278549392081689
0.27937312333174
0.280189862064608
0.280999591034108
0.281802293159348
0.282597951524442
0.158696467651801
0.15913411927501
0.16241722350038
0.171425888895022
0.146099703267512
0.146483758653435
0.146864163676767
0.121257220312033
0.107092503190546
0.185704655561137
0.186163604351016
0.172038398132933
0.169530015432732
0.175793094844189
0.176205944935765
0.176614419724375
0.1475154256023
0.144891537791446
0.142250806307337
0.139593444752847
0.136919667351426
0.158092744750382
0.266036625478972
0.257603982877441
0.231118625855914
0.22256327154254
0.229034251365383
0.289874961673981
0.27833482163025
0.303115138569129
0.297611241294929
0.289034880325947
0.292609952688945
0.235118963689101
0.235534560430607
0.239008560213382
0.233278859017354
0.252119608343667
0.252537392649461
0.252948955392168
0.256443974573424
0.284698917022484
0.285139673252673
0.310405882829658
0.310869701081537
0.308212613985635
0.305538900624042
0.305970934168455
0.312648415367819
0.313073908801578
0.313491710557097
0.313901812102759
0.314304205066915
0.31469888123789
0.315085832563983
0.315465051153476
0.315836529274641
0.316200259355745
0.316556233985062
0.31690444591088
0.317244888041512
0.317577553445304
0.317902435350654
0.318219527146014
0.318528822379909
0.318830314760949
0.31912399815784
0.319409866599399
0.319687914274567
0.319958135532423
0.320220524882201
0.320475076993297
0.320721786695292
0.32096064897796
0.321191658991285
0.321414812045474
0.315197501538752
0.321837529318473
0.322037084958941
0.322228766483614
0.322412570004025
0.251619023597768
0.251750092058184
0.200208339156982
0.171226533898844
0.171303045113929
0.18107586307033
0.135860893376607
0.135911570047661
0.145670278166658
0.139241126882054
0.171674159682384
0.165241290996814
0.158800983568408
0.324156832899161
0.324222108774452
0.324279466239092
0.324328904131229
0.324370421449467
0.324404017352875
0.324429691160985
0.324447442353797
0.324457270571785
0.259567340492713
0.275785183830402
0.272528941598421
0.275754749303229
0.275729430835577
0.285427874594985
0.295116847754252
0.324250679034374
0.324189210777985
0.324119824777361
0.324042522438099
0.323957305326246
0.323864175168285
0.323763133851134
0.323654183422132
0.323537326089039
0.323412564220023
0.323279900343649
0.323139337148876
0.32299087748504
0.322834524361847
0.322670280949365
0.322498150578005
0.322318136738516
0.32213024308197
0.321934473419751
0.32173083172354
0.321519322125303
0.321299948917277
0.32107271655196
0.320837629642091
0.32059469296064
0.320343911440795
0.320085290175943
0.31981883441966
0.319544549585697
0.319262441247962
0.318972515140509
0.29318079498492
0.289716002351506
0.311694772143414
0.276429235370031
0.269794955464092
0.272679448887616
0.272383199103914
0.177168548196896
0.176966947309124
0.170448112457831
0.163939960787648
0.166889538420155
0.185552025853822
0.179034877272158
0.254088802968147
0.219293046170492
0.209612169600713
0.212448661038763
0.177832783894015
0.218079756527712
0.311090018103243
0.310629875753289
0.310162091689944
0.309686675487691
0.309203636881005
0.250057518469133
0.141778776808433
0.249244197967133
0.307195458699708
0.306674459688468
0.306145900040163
0.305609790609616
0.305066142411785
0.3045149666218
0.303956274574992
0.303390077766933
0.302816387853478
0.302235216650804
0.301646576135461
0.301050478444424
0.300446935875149
0.29983596088563
0.23638187721463
0.220957905567892
9.53467418832167E-02
9.81149371975299E-02
0.106801216887792
9.76848668454166E-02
0.109280280111388
0.097245106805157
0.108781799012788
0.137860533275863
0.152166778488368
0.291929286400506
0.291222896810134
0.29050926611352
0.289788409187453
0.289060341070964
0.28832507696549
0.270327674300952
0.203651445908576
0.174506520533335
0.188306164448704
0.193488124830587
0.190121376396998
0.195254855636254
0.194708192637925
0.157576422853291
0.151513263358577
0.162264713423993
0.161788898314136
0.158527842554607
0.1414151978397
0.121635110489296
0.11023809348293
0.142864863427032
0.142416620266903
0.139234709242009
0.136066747102508
0.157325531139538
0.154106064863065
0.113175433496615
0.112796181359693
9.63549334134972E-02
9.86923592571698E-02
9.83507715626646E-02
0.098006703606707
7.91839157851727E-02
7.89009378033812E-02
7.33749025193644E-02
9.39948113959546E-02
9.10467501500866E-02
8.55240753824729E-02
8.26200314299903E-02
8.23055338840051E-02
8.19889509568198E-02
8.16702895659881E-02
7.62652093937254E-02
7.34305006625457E-02
7.81799701321636E-02
0.180843749411921
0.130074834204987
0.127045889879394
0.128995841144984
0.125981192897016
0.118064964482642
0.12000547673142
0.121921675526378
0.133524239446829
0.227191551988037
0.233390500282513
0.229937507686338
0.23126893941551
0.234945649188005
0.236210013813124
0.235095141005418
0.23397424457582
0.209562615149493
0.208543035263798
0.212129617336012
0.211076463523059
0.221431903511002
0.206682676727486
0.223701873695013
0.224793344046664
0.223619414346475
0.222439727076203
0.216829223859925
0.213461295617992
0.212300407283675
0.206780764185001
0.203468554691194
0.200175310277477
0.199041456190769
0.197902460787886
0.196758351755233
0.195609157019861
0.186091252935791
0.189138728248173
0.187999484747869
0.178641953499726
0.177543512401965
0.172384372509515
0.175332870274995
0.176223262182396
0.175093770159879
0.164075667139158
0.163001824306537
0.159972871118392
0.151152254569104
0.155905558287642
0.156752897475008
0.151874554558306
0.148930327882618
0.132905420560816
0.146827204989781
0.131008421576416
0.144708894811411
0.141825837136377
0.140770875511194
0.145085830596179
0.135094954048497
0.100542384060522
9.80107718918038E-02
0.107659169797617
9.81904502300761E-02
9.05662159062752E-02
8.13556694259172E-02
0.168097965304132
0.166700656755759
0.165299094964345
0.163893323121103
0.162483384985963
0.161069324904594
0.159651187826211
0.158229019322176
0.156802865605446
0.15537277355092
0.15393879071671
0.150975955712745
0.151059346492384
0.149613983840166
0.14816492793399
0.146712230103535
0.145255942511949
0.143796118185211
0.142332811042905
0.140866075930497
0.139395968653178
0.100683458588301
9.82410234033588E-02
0.120119728463456
0.128143650842272
0.120117156050137
0.11876206603243
0.113533819099064
0.113493472532808
0.112160458913971
0.110824995513364
0.109487143870712
0.105716697965766
0.112804783300498
0.111384608854772
0.111131997459187
9.58363830383702E-02
0.113947759415413
0.101185059891475
9.87062152555951E-02
9.84437023412224E-02
9.81489846313388E-02
9.78220881758317E-02
9.74630449258446E-02
6.50588218822898E-02
6.20586240296166E-02
0.057114859415606
5.82130878072593E-02
6.02204663297124E-02
5.92671761060201E-02
0.061134885155442
5.27331233188693E-02
3.72993754383604E-02
3.66676527863025E-02
3.07622069283892E-02
2.93591295565153E-02
2.88348973353491E-02
2.66453070826773E-02
2.20656740425414E-02
2.16494309598966E-02
2.12332917233837E-02
0.020817301100539
2.04015055989269E-02
2.07261740674827E-02
2.02955358562761E-02
1.91557831217224E-02
1.94353927554618E-02
1.76484316788157E-02
1.72502105402036E-02
1.68525465716951E-02
0.017088405912018
1.66768011155504E-02
1.62659776661205E-02
1.58560094644838E-02
1.48748637575736E-02
1.39249556309035E-02
1.35481750478902E-02
1.10648953819124E-02
1.07503206486762E-02
1.04368194378445E-02
1.01244722929106E-02
1.21498791930456E-02
1.22188933091168E-02
0.011822432754723
1.14279280212505E-02
1.26704044577075E-02
1.26166889499679E-02
1.21570739718578E-02
1.17004700378912E-02
1.01926623861978E-02
9.78487295349115E-03
1.19680764710279E-02
1.17661232096479E-02
1.24293581418129E-02
1.18598183639526E-02
1.23722601687004E-02
1.15066372231202E-02
1.09174099914161E-02
1.30923774358135E-02
1.49701932636273E-02
1.41054194527482E-02
1.17183728504607E-02
1.47605650255769E-02
1.37881087656654E-02
1.28364174618023E-02
1.19067807773813E-02
1.10005606366893E-02
1.02425973767311E-02
8.69929680117047E-03
7.92266535236134E-03
7.63965944896266E-03
6.9573338072839E-03
6.21533649283913E-03
5.24319862107686E-03
5.30565820986854E-03
4.56382556721518E-03
3.79385963340683E-03
3.14675069207463E-03
2.60132542435434E-03
2.13930351504435E-03
1.74539792740893E-03
1.35881923735237E-03
1.02907245206941E-03
7.72465298308165E-04
5.50638621680543E-04
3.73861626013428E-04
2.30374720313256E-04
1.38011036921995E-04
7.4841281022061E-05
3.34464440624923E-05
1.31114247913036E-05
4.02893425465068E-06
8.45553866522018E-07
9.58402587407949E-08
3.64422075042161E-09
1.92140022951865E-11
7.46186314060824E-16
4.69723414964645E-28
1.82568878021247E-228
0
0
0
0
0
0
0
0
0
0
0
0
0
0
0
0
0
0
0
0
0
0
0
0
0
0
0
0
0
0
0
0
0
0
0
0
0
0
0
0
0
0
0
0
0
0
0
0
0
0
0
0
0
0
0
0
0
0
0
0
0
0
0
0
0
0
0
0
0
0
0
0
0
0
0
0
0
0
0
0
0
0
0
0
0
0
0
0
0
0
0
0
0
0
0
0
0
0
0
0
0
0
0
0
0
0
0
0
0
0
0
0
0
0
0
0
0
0
0
0
0
0
0
0
0
0
0
0
0
0
0
0
0
0
0
0
0
0
0
0
0
0
0
0
0
0
0
0
0
0
0
0
0
0
0
0
0
0
0
0
0
0
0
0
0
0
0
0
0
0
0
0
0
0
0
0
0
0
0
0
0
0
0
0
0
0
0
0
0
0
0
0
0
0
0
0
0
0
0
0
0
0
0
0
0
0
0
0
0
0
0
0
0
0
0
0
0
0
0
0
0
0
0
0
0
0
0
0
0
0
0
0
0
0
0
0
0
0
0
0
0
0
0
0
0
0
0
0
0
0
0
0
0
0
0
0
0
0
0
0
0
0
0
0
0
0
0
0
0
0
0
0
0
0
0
0
0
0
0
0
0
0
0
0
0
0
0
0
0
0
0
0
0
0
0
0
0
0
0
0
0
0
0
0
0
0
0
0
0
0
0
0
0
0
0
0
0
0
0
0
0
0
0
0
0
0
0
0
0
0
0
0
0
0
0
0
0
0
0
0
0
0
0
0
0
0
0
0
0
0
0
0
0
0
0
0
0
""
