0
0
0
0
0
0
0
0
0
0
0
0
0
0
0
0
0
0
0
0
0
0
0
0
0
0
0
0
0
0
0
0
0
0
0
0
0
0
0
0
0
0
0
0
0
0
0
0
0
0
0
0
0
0
0
0
0
0
0
0
0
0
0
0
0
0
0
0
0
0
0
0
0
0
0
0
0
0
0
0
0
0
0
0
0
0
0
0
0
0
0
0
0
0
0
0
0
0
0
0
0
0
0
0
0
0
0
0
0
0
0
0
0
0
0
0
0
0
0
0
0
0
0
0
0
0
0
0
0
0
0
0
0
0
0
0
0
0
0
0
0
0
0
0
0
0
0
0
0
0
0
0
0
0
0
0
0
0
0
0
0
0
0
0
0
0
0
0
0
0
0
0
0
0
0
0
0
0
0
0
0
0
0
0
0
0
0
0
0
0
0
0
0
0
0
0
0
0
0
0
0
0
0
0
0
0
0
0
0
0
0
0
0
0
0
0
0
0
0
0
0
0
0
0
0
0
0
0
0
0
0
0
0
0
0
0
0
0
0
0
0
0
0
0
0
0
0
0
0
0
0
0
0
0
0
0
0
0
0
0
0
0
0
0
0
0
0
0
0
0
0
0
0
0
0
0
0
0
0
0
0
0
0
0
0
0
0
0
0
0
0
0
0
0
0
0
0
0
0
0
0
0
0
0
0
0
0
0
0
0
0
0
0
0
0
0
0
0
0
0
0
0
0
0
0
0
0
0
0
0
0
0
0
0
0
0
0
0
0
0
0
0
0
0
0
0
0
0
0
0
0
0
0
0
0
0
0
0
0
0
0
0
0
0
0
0
0
0
0
0
0
0
0
0
0
0
0
0
0
0
0
0
0
0
0
0
0
0
0
0
0
0
0
0
0
0
0
0
0
0
0
0
0
0
0
0
0
0
0
0
0
0
0
0
0
0
0
0
0
0
0
0
0
0
0
0
0
0
0
0
0
0
0
0
0
0
0
0
0
0
0
0
0
0
0
0
0
0
0
0
0
0
0
0
0
0
0
0
0
0
0
0
0
0
0
0
0
0
0
0
0
0
0
0
0
3.04332986001794E-49
3.52198566872527E-22
7.02295860662976E-15
1.76675783229514E-11
1.27822722339426E-09
3.47627671612889E-08
2.53666313988813E-07
1.11641191722422E-06
1.58661414941009E-06
3.97556496750795E-06
8.85993253361147E-06
3.03041653806133E-05
5.29454478494878E-05
8.81754396418145E-05
1.29856532222232E-04
1.39860668215948E-04
1.79348031780244E-04
2.36409380013421E-04
3.41418539938384E-04
4.1863367263018E-04
5.71460654107323E-04
5.32913992815806E-04
6.30569531347253E-04
7.19607709195312E-04
7.54381905686025E-04
8.60700243387308E-04
8.997940721684E-04
9.81124370202698E-04
1.09122758629314E-03
1.27241305688768E-03
1.3969687732999E-03
1.56532168942052E-03
1.74394204717559E-03
1.8384876403153E-03
1.92870708735061E-03
2.23186537368814E-03
2.44334938540288E-03
2.60261445960024E-03
3.02707849809835E-03
2.99652997714845E-03
3.16497541836905E-03
3.72256390798005E-03
3.99499129359686E-03
4.01996340471992E-03
5.19400496473718E-03
5.24098502561828E-03
4.10086238296027E-03
3.96632155555249E-03
3.91346085259291E-03
2.74607605201475E-03
2.96191261611336E-03
3.18592128807081E-03
3.29597540383985E-03
3.15365294762254E-03
3.38557067490722E-03
2.95407238435321E-03
3.18158904853331E-03
3.27461925662069E-03
3.51381997756318E-03
3.76080184306908E-03
4.01550321398463E-03
3.96098192933133E-03
4.06054313756399E-03
0.004326112967302
4.59918621101203E-03
4.87969560345808E-03
4.98938054998538E-03
4.55229007514457E-03
4.83528827833345E-03
5.31537263504735E-03
5.22929199207069E-03
5.13501148184606E-03
5.03258088943046E-03
5.12713780829751E-03
5.4300207157751E-03
5.52726866654161E-03
5.84026634556572E-03
6.16009572537378E-03
6.26300656634828E-03
5.68330296228349E-03
6.00504244193838E-03
6.33343845015804E-03
6.4302615853191E-03
7.73507707805398E-03
8.33889563012568E-03
7.96093300824842E-03
7.82048217851621E-03
8.18383783037807E-03
8.81256255854737E-03
7.87853398946649E-03
9.04465342750944E-03
1.75108191105647E-02
0.016092353061935
1.46323865657934E-02
1.48076825367809E-02
2.40273010044453E-02
2.43044255632325E-02
2.45795419854882E-02
0.024852648834557
2.54193184745926E-02
2.59903080350103E-02
2.62636647712383E-02
2.56199631862042E-02
2.15665971285114E-02
2.48932204032956E-02
0.027964921127309
2.75995560601873E-02
2.81807945674133E-02
2.84427160724473E-02
0.028376392402729
2.86312263898027E-02
2.88840065400189E-02
2.81300881297349E-02
2.83701894822918E-02
2.82677366167244E-02
0.027127524469347
2.73477543728198E-02
2.75661272174788E-02
2.77826444891731E-02
2.83517040034992E-02
2.85672085064132E-02
1.51099402758766E-02
1.44962979698608E-02
1.46012410335417E-02
1.47052493064175E-02
1.25870750556415E-02
1.34194182344934E-02
1.08834632447582E-02
1.09561641879662E-02
0.009887343043966
1.07167993743233E-02
0.008473960325555
8.13947366793919E-03
8.57966476779354E-03
8.63175209002592E-03
8.28863321126723E-03
8.73439899651979E-03
8.78495938720675E-03
8.83501159675236E-03
8.48071255732194E-03
9.33966542452233E-03
9.39040129446745E-03
1.02615298484139E-02
9.49028429838024E-03
9.53943217599643E-03
9.17117965135774E-03
9.21717976730555E-03
9.26267493287857E-03
1.01538168767065E-02
8.92705389005561E-03
9.39613391219627E-03
9.01053913163173E-03
7.32745399340968E-03
6.92731599190515E-03
7.3927039220994E-03
7.42474624428816E-03
5.70195325557999E-03
5.2854117319747E-03
5.30720828040143E-03
5.32873124378148E-03
5.7958124793323E-03
5.81853666748445E-03
5.84096487592269E-03
8.11813462814559E-03
9.05374439534654E-03
8.17819597619109E-03
8.66359134074767E-03
8.69421076994509E-03
9.18357751878622E-03
9.21490011840935E-03
9.24576876513913E-03
8.81237442911775E-03
8.37553031760459E-03
8.86886984550988E-03
8.89647142219557E-03
8.92364241199358E-03
8.95038293497695E-03
9.44915063887624E-03
9.00257303946562E-03
8.55286374325815E-03
8.57656668544107E-03
9.07763245606632E-03
8.62275075820716E-03
8.64523206706482E-03
0.008185789318653
8.6889736499468E-03
7.25852840188852E-03
7.27590642400916E-03
7.29294550085815E-03
6.82233597690854E-03
5.37240516620193E-03
5.38415505404468E-03
3.43359961596819E-03
4.42383517430299E-03
4.43283908899761E-03
4.93515538685475E-03
4.45023747706387E-03
4.95403555533314E-03
5.45945087038508E-03
5.46921444404943E-03
5.97679620815699E-03
5.98690596554975E-03
6.99620256381645E-03
7.00736574972785E-03
7.01821321102608E-03
7.0287449732089E-03
7.54174399339596E-03
7.55235160276111E-03
7.05844630125478E-03
6.56287867599451E-03
4.54928728076824E-03
4.55484030324294E-03
4.05350263979534E-03
5.07259754555126E-03
6.09370970262434E-03
5.59169592318821E-03
6.10608370728657E-03
6.11186508703666E-03
5.60759472710945E-03
5.6123985993263E-03
5.10632238320024E-03
5.11023891049906E-03
5.11393013338943E-03
5.62913566385209E-03
5.12063669019032E-03
4.61128683158344E-03
5.63908630736032E-03
6.15480825857223E-03
6.15761567130005E-03
6.16015275966722E-03
6.67595448821152E-03
6.67811731003967E-03
6.67998729173349E-03
7.1955309311917E-03
7.71097932175178E-03
8.22626488846804E-03
8.22712475896997E-03
7.71339770873043E-03
8.74199848524722E-03
8.74176330268165E-03
9.25533019960686E-03
8.74014414184249E-03
1.02808943072651E-02
8.22305246537601E-03
7.70721475506141E-03
7.70497993392184E-03
8.21590103413745E-03
6.15959728632302E-03
6.15699847573624E-03
5.64128522818047E-03
5.63840738463246E-03
5.1229833947731E-03
5.63190827205776E-03
6.65161190036657E-03
6.64703932456794E-03
6.6421738592872E-03
5.61593618922474E-03
6.12144390183286E-03
4.58710618274222E-03
5.09214071577739E-03
5.08727144807727E-03
5.08217683552731E-03
5.58454255555527E-03
6.08557384501726E-03
7.59831124701936E-03
7.58931710830425E-03
7.5799848721462E-03
8.07500215414831E-03
8.06432643230285E-03
9.05995125983543E-03
9.04712946697305E-03
8.53201839438969E-03
8.01801628182141E-03
9.00622889854267E-03
8.99178354066989E-03
8.97693220855535E-03
7.96593321382105E-03
7.45500956096553E-03
7.44161832582116E-03
7.92308122368997E-03
8.40232988652209E-03
8.38600231768919E-03
6.89235733334645E-03
7.36958473074382E-03
8.82499469178755E-03
8.80608127461889E-03
9.76306818564321E-03
0.010228207392978
0.011176596788662
1.01807557597123E-02
1.06399523688605E-02
1.06138538571808E-02
1.10684970273252E-02
1.00801572900598E-02
1.00538206548498E-02
1.05044856404195E-02
1.19044312902722E-02
0.012821091863368
1.23112761847423E-02
1.32200138276385E-02
1.27103427175106E-02
0.012672203369869
1.26334522678102E-02
0.012594089239292
1.30190812951082E-02
1.20500627319535E-02
1.20103887506566E-02
1.70344083440197E-02
1.69762697419846E-02
2.65189966583223E-02
2.64252259596048E-02
3.81333022722588E-02
0.038898289498231
3.28953153431234E-02
3.27706543886129E-02
3.30915145748949E-02
2.09351825061788E-02
2.08517107680592E-02
2.07671678767784E-02
2.11215863770179E-02
2.14712439026985E-02
0.023997678592947
0.022590431317123
2.20584417971256E-02
2.23903005033491E-02
2.48601957656455E-02
0.026025195086237
3.35464115622973E-02
3.25410306110027E-02
0.032383160555668
3.18050367213705E-02
2.53998612591912E-02
1.90565138555577E-02
3.62674335179698E-02
3.56669385090112E-02
3.58843475394978E-02
2.75784545673753E-02
2.78298589403691E-02
3.28880681207867E-02
3.27010775307057E-02
3.29086826300379E-02
9.8540888685535E-03
8.61990399354305E-03
8.17825938469177E-03
8.5149867337137E-03
8.07713726849097E-03
8.40802824110732E-03
8.3537824707367E-03
8.29902510934047E-03
7.86903955198594E-03
1.15375995403665E-02
1.25671404380561E-02
1.24793460868055E-02
1.45773619909039E-02
1.19395694347674E-02
1.50844186298365E-02
1.60414695067931E-02
1.30897838318218E-02
1.43932684720191E-02
1.28874419643678E-02
1.34760468717819E-02
0.0126816232073
1.12176884625834E-02
1.14610527380722E-02
1.03610077090774E-02
8.28346858151552E-03
7.88226804827937E-03
8.78831955605471E-03
8.70844971126875E-03
8.6279416909307E-03
8.54679520289415E-03
8.15149110737689E-03
8.38258586525543E-03
8.6069123835279E-03
8.82439954729873E-03
8.73381041904689E-03
8.94055319976772E-03
8.25572534871219E-03
8.16627182333523E-03
1.06720633260874E-02
9.98172294856001E-03
9.30357132690169E-03
8.91638799722846E-03
8.53505250407516E-03
7.8876486386685E-03
7.52158377080034E-03
7.16160531155776E-03
7.06962282579413E-03
7.23541764603212E-03
6.62881383623143E-03
6.53842206828903E-03
6.94338502324847E-03
7.33365795480425E-03
6.74546771494401E-03
6.88289016032892E-03
7.01249487840505E-03
7.59449032834451E-03
8.60699696528465E-03
8.46797891318697E-03
8.32812373149522E-03
8.83381612940438E-03
8.68113977666969E-03
8.73557836265744E-03
8.57739699119558E-03
8.61878012745108E-03
8.65168993073422E-03
8.48327937958531E-03
6.42445639540096E-03
6.10790826902917E-03
5.97969424673654E-03
6.02817565952168E-03
7.10849646860354E-03
6.77757953944251E-03
6.78486492833572E-03
1.06599064137353E-02
1.00817871061822E-02
1.32034004233377E-02
1.30077703022739E-02
1.25120514850711E-02
1.24477833172487E-02
8.24430544460038E-03
8.13430382938363E-03
8.01572548223526E-03
1.05181871990063E-02
1.00548434588952E-02
1.17066152488916E-02
1.12988761786482E-02
1.08912541729303E-02
1.04839680818818E-02
1.00772547617093E-02
9.67137047628459E-03
5.93061912986587E-03
5.31793209335298E-03
5.24617810411351E-03
5.64341010144215E-03
5.15968923560425E-03
3.8534530541434E-03
5.29738988142789E-03
5.12912534049445E-03
4.88774738127769E-03
5.10115478117862E-03
4.71592027796575E-03
4.44324331607376E-03
4.1229497907457E-03
3.80926463168834E-03
3.18799826439942E-03
3.60051304378347E-03
3.27505599289031E-03
2.96031518831993E-03
2.65721346705773E-03
2.36670446401544E-03
2.08976400791021E-03
2.08976400791021E-03
1.58052829300471E-03
1.3501690924401E-03
1.13720418546946E-03
9.42453033207407E-04
7.66611728393208E-04
6.10206235130781E-04
4.73538507879476E-04
3.56626851943023E-04
2.59143600104483E-04
1.80355702389497E-04
1.19077258435684E-04
7.36472007778576E-05
4.19494874298835E-05
2.14953428757477E-05
9.58354616684544E-06
3.539835112664E-06
1.00482206228035E-06
1.94168130281413E-07
2.07186257090043E-08
8.22562402553848E-10
5.22176747517064E-12
5.93455451191167E-16
4.11813561527624E-25
4.65591985584922E-70
0
0
0
0
0
0
0
0
0
0
0
0
0
0
0
0
0
0
0
0
0
0
0
0
0
0
0
0
0
0
0
0
0
0
0
0
0
0
0
0
0
0
0
0
0
0
0
0
0
0
0
0
0
0
0
0
0
0
0
0
0
0
0
0
0
0
0
0
0
0
0
0
0
0
0
0
0
0
0
0
0
0
0
0
0
0
0
0
0
0
0
0
0
0
0
0
0
0
0
0
0
0
0
0
0
0
0
0
0
0
0
0
0
0
0
0
0
0
0
0
0
0
0
0
0
0
0
0
0
0
0
0
0
0
0
0
0
0
0
0
0
0
0
0
0
0
0
0
0
0
0
0
0
0
0
0
0
0
0
0
0
0
0
0
0
0
0
0
0
0
0
0
0
0
0
0
0
0
0
0
0
0
0
0
0
0
0
0
0
0
0
0
0
0
0
0
0
0
0
0
0
0
0
0
0
0
0
0
0
0
0
0
0
0
0
0
0
0
0
0
0
0
0
0
0
0
0
0
0
0
0
0
0
0
0
0
0
0
0
0
0
0
0
0
0
0
0
0
0
0
0
0
0
0
0
0
0
0
0
0
0
0
0
0
0
0
0
0
0
0
0
0
0
0
0
0
0
0
0
0
0
0
0
0
0
0
0
0
0
0
0
0
0
0
0
0
0
0
0
0
0
0
0
0
0
0
0
0
0
0
0
0
0
0
0
0
0
0
0
0
0
0
0
0
0
0
0
0
0
0
0
0
0
0
0
0
0
0
0
0
0
0
0
0
0
0
0
0
0
0
0
0
0
0
0
0
0
0
0
0
0
0
0
0
0
0
0
0
0
0
0
0
0
0
0
0
0
0
0
0
0
0
0
0
0
0
0
0
0
0
0
0
0
0
0
0
0
0
0
0
0
0
0
0
0
0
0
0
0
0
0
0
0
0
0
0
0
0
0
0
0
0
0
0
0
0
0
0
0
0
0
0
0
0
0
0
0
0
0
0
0
0
0
0
0
0
0
0
0
0
0
0
0
0
0
0
0
0
0
0
0
0
0
0
0
0
0
0
0
0
0
0
0
0
0
0
0
0
0
0
0
0
0
0
0
0
0
0
""
