0
0
0
0
0
0
0
0
0
0
0
0
0
0
0
0
0
0
0
0
0
0
0
0
0
0
0
0
0
0
0
0
0
0
0
0
0
0
0
0
0
0
0
0
0
0
0
0
0
0
0
0
0
0
0
0
0
0
0
0
0
0
0
0
0
0
0
0
0
0
0
0
0
0
0
0
0
0
0
0
0
0
0
0
0
0
0
0
0
0
0
0
0
0
0
0
0
0
0
0
0
0
0
0
0
0
0
0
0
0
0
0
0
0
0
0
0
0
0
0
0
0
0
0
0
0
0
0
0
0
0
0
0
0
0
0
0
0
0
0
0
0
0
0
0
0
0
0
0
0
0
0
0
0
0
0
0
0
0
0
0
0
0
0
0
0
0
0
0
0
0
0
0
0
0
0
0
0
0
0
0
0
0
0
0
0
0
0
0
0
0
0
0
0
0
0
0
0
0
0
0
0
0
0
0
0
0
0
0
0
0
0
0
0
0
0
0
0
0
0
0
0
0
0
0
0
0
0
0
0
0
0
0
0
0
0
0
0
0
0
0
0
0
0
0
0
0
0
0
0
0
0
0
0
0
0
0
0
0
0
0
0
0
0
0
0
0
0
0
0
0
0
0
0
0
0
0
0
0
0
0
0
0
0
0
0
0
0
0
0
0
0
0
0
0
0
0
0
0
0
0
0
0
0
0
0
0
0
0
0
0
0
0
0
0
0
0
0
0
0
0
0
0
0
0
0
0
0
0
0
0
0
0
0
0
0
0
0
0
3.95004593972333E-51
6.23983264013197E-25
4.45213661047609E-17
2.92576406406879E-13
4.83830270060026E-11
1.60090744989669E-09
1.77950597957273E-08
1.02083850314928E-07
4.7151287254847E-07
1.11792040837664E-06
2.83819009290894E-06
6.01935671224286E-06
1.16644486387502E-05
1.95536326991574E-05
3.04451199164017E-05
4.33644709474839E-05
6.22882083383384E-05
7.58066321010836E-05
1.01054318855573E-04
1.35228701414152E-04
1.65324093609501E-04
2.45322101358902E-04
3.06045266542643E-04
3.65494218849386E-04
4.07040954071174E-04
4.73200819481871E-04
5.59520415410981E-04
6.36803020158926E-04
7.1828921491507E-04
8.26017398873307E-04
9.17522737766779E-04
1.03982730828554E-03
2.19108619855411E-03
2.39026257610624E-03
2.70118224919979E-03
2.91866514420182E-03
3.05778807128094E-03
3.72031057920449E-03
4.06791297239978E-03
4.88409409474182E-03
5.18315536693525E-03
5.42838083887243E-03
5.66959466177337E-03
5.59215217041743E-03
5.87411278352098E-03
5.81116021009821E-03
6.07885539462324E-03
6.49803900267528E-03
6.69386141098705E-03
6.96513321908541E-03
5.61860482854914E-03
5.74027336060519E-03
8.96554874671546E-03
9.2755352832587E-03
9.58435222973033E-03
9.68996726848092E-03
9.88568029161729E-03
1.01807778633482E-02
1.04742084498975E-02
0.01133249349611
1.16375432517817E-02
1.19405441622466E-02
1.22414178961572E-02
1.25400947814971E-02
1.28365131586075E-02
1.31306187766805E-02
1.34223642312569E-02
1.37117084403226E-02
1.39986161566645E-02
1.45541968752979E-02
1.53011971318142E-02
1.60631925083905E-02
1.68399132779891E-02
1.76310915418053E-02
1.41960753455256E-02
1.52120500968051E-02
1.58700927004349E-02
0.01465456939815
1.43844536483569E-02
0.01496025643271
1.57799304786449E-02
3.91193918808034E-03
4.56466801000794E-03
4.73055040350473E-03
5.17067708831534E-03
5.35017135632937E-03
5.53179789485997E-03
6.01633018681237E-03
6.21186981106048E-03
6.72999609113587E-03
6.60923774954685E-03
6.81098020564725E-03
6.66397025164769E-03
6.13731658354258E-03
6.68514632873678E-03
7.25550084379668E-03
7.84861996411716E-03
8.46473632703759E-03
0.007862610677526
8.49291846424541E-03
8.71107532764991E-03
8.93086664807967E-03
8.69464394204223E-03
0.007500168530022
8.15973972894417E-03
8.84310503124279E-03
1.00531126551057E-02
1.07960812599114E-02
1.20890857044031E-02
1.28926556703807E-02
1.53675826289586E-02
1.73772246719666E-02
1.83146452974461E-02
1.75251551859832E-02
1.78821507015442E-02
1.82409232127406E-02
1.73613347596667E-02
1.76993874482264E-02
0.0206159784956
2.10058034461562E-02
2.13973035167983E-02
1.97475832205056E-02
2.07985888657808E-02
2.18757672220237E-02
1.72344176353325E-02
1.82644383057621E-02
1.78343780275847E-02
0.018135940592658
1.92067917564913E-02
1.87420885391137E-02
2.06338365855256E-02
1.85457456908802E-02
1.55629427326288E-02
1.66380887821652E-02
0.016894845092288
1.62946778962297E-02
0.015669368980989
0.015018800159626
1.52392862350213E-02
1.54602895026562E-02
1.47593345770411E-02
1.49682634759725E-02
1.61262338413588E-02
1.44257103288837E-02
1.26730709834347E-02
1.18561659904833E-02
0.012014397054074
1.21729016282777E-02
1.13040298424646E-02
1.24906882672865E-02
1.26499491460236E-02
1.38768945875627E-02
1.51306797037095E-02
1.64113470269094E-02
1.55040688859913E-02
0.016811896210551
0.015878348536508
1.60657938193789E-02
1.62534278227842E-02
1.52668652679831E-02
1.54414167212958E-02
1.68173525090636E-02
1.82203203927126E-02
1.71940470411128E-02
1.61409728166175E-02
1.63161507462534E-02
1.77599963092902E-02
1.79488471553594E-02
1.94333376684297E-02
1.96358469008983E-02
1.98384248955772E-02
2.00410612930843E-02
1.88941627848581E-02
1.90833704987259E-02
2.20258334935427E-02
2.36322524133384E-02
2.52657169407382E-02
2.55090470816459E-02
0.025752363749774
0.025995655476783
2.62389109051905E-02
2.79533476078957E-02
0.028210005088881
2.69683474463379E-02
2.87230877142321E-02
2.74542535752517E-02
2.61583331918859E-02
2.63875425334254E-02
2.66166353386943E-02
2.68456017459324E-02
2.70744319815848E-02
3.05152476951996E-02
2.75316452763395E-02
2.77600092165783E-02
2.63418341127488E-02
2.82162045075538E-02
2.84440172314869E-02
2.86716277220555E-02
2.88990268623321E-02
2.74128993993551E-02
2.58998426517085E-02
2.78398740250355E-02
2.80530166896415E-02
3.00325385025952E-02
3.20383930086554E-02
3.04841529774918E-02
2.89030983913083E-02
0.027295271476958
0.020161991542803
2.39994797894067E-02
2.60302112318351E-02
2.43420938320012E-02
2.82842581958642E-02
2.84811854580124E-02
3.25015135297103E-02
0.032723994695891
3.29461124530375E-02
3.12168084353104E-02
3.14251543004522E-02
0.031633136165528
3.38307934922198E-02
3.40509777844177E-02
3.02388992640919E-02
3.04324501224137E-02
2.85839179779442E-02
2.87638601516333E-02
3.30782178207127E-02
0.029122653303447
2.93014923263728E-02
2.73742409087913E-02
2.96580256959348E-02
3.19668303637949E-02
3.21567791665605E-02
3.23462963508947E-02
0.028197325692893
2.61792091499874E-02
2.63297577856047E-02
2.42732799406295E-02
2.66297562933129E-02
2.90107964009528E-02
0.026928258211671
0.029333347584323
3.40315326328452E-02
3.42164040440845E-02
0.032107393557823
2.53620775933005E-02
2.54965448938228E-02
2.33005778114806E-02
0.023422132375315
0.021189003467619
2.12977697286405E-02
1.90277463569632E-02
1.91238533235005E-02
3.12319619657821E-02
0.031387184146589
3.15419235950312E-02
3.16961757434741E-02
2.93999409733805E-02
2.95414154036867E-02
2.96824275362777E-02
0.0298229732652
2.74661278022857E-02
2.75940951215022E-02
2.77216237609245E-02
2.78487100550462E-02
2.79753503625181E-02
2.81015410659897E-02
2.56611623381412E-02
2.57750539187305E-02
2.32996743291843E-02
2.34014206289666E-02
2.61142050698849E-02
2.62264036517637E-02
2.63381710827384E-02
2.64495042440646E-02
2.92164400414322E-02
2.66708553860185E-02
2.94589539552483E-02
3.22685190467982E-02
3.23994579484428E-02
3.25298537877237E-02
2.72164191608425E-02
0.027324168347158
2.46883105009086E-02
1.92767956772125E-02
0.016586781438129
1.94253652659463E-02
2.22847479324333E-02
1.95726105488004E-02
1.96457316160761E-02
2.25354464943199E-02
2.26182409158726E-02
2.27006457591174E-02
2.27826588296228E-02
2.28642779480956E-02
1.72091257127423E-02
1.72697442653387E-02
1.73300625181985E-02
1.73900788818487E-02
1.74497917779657E-02
1.75091996393385E-02
1.75683009098318E-02
2.05649430517414E-02
2.06331737602684E-02
2.07010414100779E-02
2.07685442369566E-02
2.08356804894141E-02
1.79163843674107E-02
1.79732968529976E-02
1.80298906932248E-02
1.80861644301279E-02
1.51184305137482E-02
0.015164788179878
1.21687004016095E-02
1.22053530407158E-02
1.22417875249165E-02
1.22780029249893E-02
1.53924978984729E-02
1.23497727911785E-02
1.54816567926502E-02
1.55258191831927E-02
1.55697020430465E-02
1.56133042633976E-02
1.56566247441542E-02
1.25597299151448E-02
1.25939329040256E-02
1.57848848784351E-02
0.015827067573777
1.58689631593378E-02
1.90926847044321E-02
1.59518888173678E-02
1.59929168194865E-02
0.016033653571096
1.60740980584845E-02
1.61142492765025E-02
1.61541062285507E-02
1.61936679265678E-02
1.94795200692235E-02
1.95262819810645E-02
1.95726860923874E-02
1.96187312583681E-02
1.96644163443633E-02
1.97097402258983E-02
1.64622514905466E-02
1.64994166070539E-02
1.65362779594073E-02
1.65728346443471E-02
1.66090857670426E-02
1.66450304410836E-02
1.66806677884722E-02
1.33727975516925E-02
1.34008136266546E-02
1.34285817734196E-02
1.34561013164498E-02
1.68542144836351E-02
2.02655878839803E-02
1.69214520852948E-02
2.03455202623358E-02
2.71798936010686E-02
2.72319218195207E-02
2.72834437476678E-02
2.39176508737042E-02
2.39618432986097E-02
2.74349594155713E-02
2.74844438743962E-02
2.75334159554438E-02
2.75818744811407E-02
2.76298182872041E-02
2.42175904448054E-02
2.07931178622833E-02
0.020827912457987
2.08623176206982E-02
2.43790546148017E-02
2.09299563633076E-02
2.09631883261357E-02
2.44953655587938E-02
2.45332190444436E-02
2.45706126013657E-02
2.46075453383946E-02
0.028164590143928
3.17314605162454E-02
2.82463655908921E-02
2.47506506692261E-02
2.12445140093291E-02
2.12737852244762E-02
2.48530991120122E-02
2.48863145959087E-02
0.032038793691147
2.85158169463354E-02
2.49831480366533E-02
2.50144856331081E-02
2.14674444655235E-02
0.021493496603343
2.15191434836427E-02
2.51351152511319E-02
2.51640889030498E-02
2.87915287657549E-02
3.24264997032626E-02
3.96756766585792E-02
4.33289622879261E-02
4.33745496446772E-02
4.34193173524755E-02
4.34632643584793E-02
3.98808571604618E-02
0.036290576793728
3.63251424445936E-02
3.63590208323747E-02
3.27529900457743E-02
3.27822413892603E-02
3.64565245484599E-02
4.01364107071358E-02
4.01698842294592E-02
3.28930337341052E-02
2.92614891716989E-02
3.29446930552054E-02
0.036632873720069
4.39918061524724E-02
4.40233297153372E-02
4.03828502143326E-02
0.040410215574717
4.04368143474275E-02
0.040462645911097
4.41684105408461E-02
4.41949145631969E-02
4.42205797150314E-02
4.05582882809537E-02
3.32020432733219E-02
2.95283573710763E-02
3.32361299506448E-02
3.32522266078434E-02
3.69641018209114E-02
3.32825246831334E-02
2.95970892401196E-02
2.96091497279732E-02
2.96206475676256E-02
0.033335530302695
2.96419542443076E-02
2.96517625852026E-02
2.96610072856271E-02
0.02596097711409
3.33875305321253E-02
2.96853574579028E-02
2.59808023790177E-02
2.59864229705538E-02
2.59915494195107E-02
2.59961816066323E-02
2.97146507704782E-02
3.34336664261254E-02
3.71530165385932E-02
3.71568082205097E-02
4.08758825297033E-02
3.71622714317862E-02
3.71639428341007E-02
4.08813981145883E-02
4.08816815415254E-02
0.029731772648532
2.97308477648707E-02
2.97293574007232E-02
2.97273015907464E-02
3.34402654305903E-02
3.34366805673918E-02
3.34324597833643E-02
2.97134250459304E-02
2.97085429869078E-02
3.34159829619143E-02
3.71213551379397E-02
0.033401821004304
3.33937872745214E-02
3.33851186217237E-02
3.33758152476306E-02
3.70731970763948E-02
3.70614502404496E-02
3.70489989296435E-02
3.70358434338591E-02
4.07241824653579E-02
4.07081632419798E-02
0.036992154982023
3.32785673765102E-02
3.32635630290971E-02
2.95537127033232E-02
2.95392524687876E-02
4.05958179205149E-02
5.16401362609612E-02
4.79253239779753E-02
5.89516098113074E-02
5.89170864170809E-02
0.066241625343504
8.45892356095601E-02
7.71839380598523E-02
8.08057505216558E-02
7.70801225051679E-02
8.06939269931583E-02
0.076970459272956
7.69134379609902E-02
6.95354387501191E-02
0.065824305097612
6.57716840140645E-02
8.03217760855044E-02
8.75502729449093E-02
0.083830334883921
9.46815293821674E-02
9.45965399491445E-02
7.99697969948002E-02
8.35264389222095E-02
8.70746189990978E-02
0.090614133152055
8.69028717017084E-02
7.95799882750609E-02
8.67245527888467E-02
8.30232286021307E-02
0.082933859073899
0.082842923275201
0.086348267841201
8.62501163179798E-02
7.53815450927249E-02
7.52928163638047E-02
7.16215882717487E-02
7.51111011857774E-02
0.100024158704247
9.63305015274274E-02
8.90808530525679E-02
0.106758143938402
0.10306334620987
0.102925213975326
0.116962407188101
0.13095849501047
0.130774859785535
0.134118193495516
0.190313837700174
0.235784278814366
0.228406119864883
0.315778171278087
0.30828922012937
0.318305366279425
0.324790428927861
0.324273686218261
0.320269680648517
0.316270990478777
0.312277823377229
0.311754323543658
0.293934720455597
0.29342931205708
0.292918425833311
0.326802318058002
0.274710841526216
0.274214610439935
0.273713270734754
0.273206834488491
0.272695313912103
0.272178721349761
0.275052782644922
0.274519499939353
0.280746086083264
0.337577353489313
0.336900150162847
0.336216702938037
0.335527028413758
0.334831143356321
0.334129064699594
0.333420809545149
0.279473371936413
0.282187963140423
0.218631044695598
0.198315823115465
0.19127674803917
0.194135105102418
0.187126185406176
0.173593296679762
0.127440875530104
0.12388092460616
0.123586417077425
0.11680071674661
0.106807641140403
0.109774672025605
0.112723781277461
0.112442165727886
0.124976613387122
7.67127694126594E-02
7.33273129461539E-02
6.67771587029241E-02
6.02590239409855E-02
6.95889232853156E-02
6.62482970628475E-02
5.03387455261982E-02
5.33392924589109E-02
4.38057558106979E-02
4.05639412079174E-02
5.60082148795181E-02
0.055849963478364
0.049502850536805
4.62753741982291E-02
3.69127960623654E-02
0.033737578181885
0.039753790000333
3.96351854875277E-02
3.95158727936533E-02
4.24263053500978E-02
3.92751350827372E-02
3.91537162334898E-02
0.051041325089298
5.68666991288926E-02
6.56366568077459E-02
0.07434829599764
0.074108168260546
7.09120636990098E-02
5.88991972344251E-02
6.16391707203993E-02
6.43584877578839E-02
6.41414778890443E-02
6.39233453959217E-02
6.08084552682777E-02
5.48268624295686E-02
5.17600387165485E-02
5.15779397407349E-02
5.13949459748323E-02
5.12110622636615E-02
5.66958816509821E-02
5.36651248071342E-02
5.06541204151146E-02
5.60741400553307E-02
5.02784664734908E-02
4.73066052506774E-02
4.71271845928318E-02
4.97085471501759E-02
4.95168775752676E-02
4.93243683863858E-02
4.91310248080702E-02
5.16555661058444E-02
5.14497364228887E-02
0.045849038263321
4.56633338711943E-02
4.81519764221239E-02
4.79537382174325E-02
4.51016641297171E-02
4.49129392670884E-02
4.73542647915715E-02
4.71528725443809E-02
4.69507057533197E-02
4.41506717419505E-02
0.046544071222565
4.89140379698311E-02
4.86974295513843E-02
4.84800338381751E-02
4.57217592700807E-02
4.29857573529987E-02
4.78231849062533E-02
4.76027021963086E-02
4.73814634897312E-02
0.049641552811882
5.18774535279165E-02
5.16304623394886E-02
4.64890770297509E-02
3.89592883902065E-02
3.63461967240837E-02
3.61674997379281E-02
3.59882471871922E-02
3.58084443869166E-02
3.32528902417753E-02
2.83577675804496E-02
2.35105254487115E-02
0.023389225492522
2.32675767786663E-02
2.31455829953024E-02
2.30232478554307E-02
2.29005750971093E-02
2.27775684836748E-02
2.49196549843644E-02
2.47836257598208E-02
2.46472418830147E-02
2.45105076073855E-02
2.65891933259799E-02
2.64392782028068E-02
2.62889949384766E-02
2.39601526101512E-02
2.16561192461153E-02
2.15299867949226E-02
2.14035636222911E-02
2.34045391955569E-02
2.32648476335768E-02
2.31248498565066E-02
2.29845504544928E-02
2.28439540502547E-02
2.27030652994459E-02
2.46129696992992E-02
0.022420429547631
2.22786920259782E-02
2.01242555611328E-02
1.99949105886268E-02
1.98653258891401E-02
2.17090565060026E-02
1.76449096346324E-02
1.75276603010571E-02
0.013541275548033
1.15283780769301E-02
1.14498210325827E-02
1.13711392727754E-02
1.12923356119983E-02
0.011213412886294
9.27864496128812E-03
9.21268474480936E-03
9.14663250785372E-03
1.45287851009391E-02
1.44228187878279E-02
1.43167170354254E-02
1.42104838375469E-02
1.41041232200823E-02
1.22479343362774E-02
8.68189749570109E-03
8.61519850000592E-03
8.54843013816435E-03
8.48159503108152E-03
8.41469582155711E-03
8.34773517461982E-03
8.28071577787024E-03
9.85636841019834E-03
1.14051162404357E-02
1.13110652350715E-02
9.61452630561642E-03
9.53379988554899E-03
9.45302290957139E-03
9.37219880479965E-03
1.23884413721462E-02
1.53507051194137E-02
1.52157974222619E-02
1.50808345458497E-02
1.49458224671016E-02
1.62918439405527E-02
1.61432423789649E-02
1.59946067908148E-02
1.44054036385819E-02
1.28432134684535E-02
1.27215527400669E-02
1.25998868389253E-02
1.24782215710897E-02
1.23565628003481E-02
1.22349164492697E-02
1.21132885002836E-02
1.19916849967863E-02
1.18701120442751E-02
1.17485758115111E-02
1.16270825317099E-02
1.15056385037634E-02
0.012649166770545
1.25143597054676E-02
1.11416659316089E-02
1.10204832579819E-02
1.08993823607213E-02
9.58077329793628E-03
9.47329142384504E-03
9.36590036243944E-03
9.25860629168777E-03
9.15141546039911E-03
1.13054177370588E-02
1.00545399835073E-02
9.93434173218062E-03
8.72381206621087E-03
9.69438796365478E-03
8.5107977269646E-03
8.40451079729853E-03
9.3356773046466E-03
9.21646324013903E-03
1.11190937920494E-02
1.09738648943233E-02
0.012797778402758
1.35980439862294E-02
1.34142133740908E-02
1.41757973469106E-02
1.39796247204297E-02
1.37838680352381E-02
0.013588541926224
1.33936612248538E-02
1.40791903609636E-02
1.30052963792889E-02
1.28118429194977E-02
1.26188962451265E-02
1.24264722360225E-02
1.22345869955281E-02
1.28461406456994E-02
1.18524983804855E-02
1.16623283743731E-02
9.94306203280908E-03
9.77931257792151E-03
9.61611810330408E-03
9.45349404432836E-03
8.57672867672958E-03
8.42771083406554E-03
8.27926356590712E-03
8.13140199789175E-03
7.98414148704784E-03
7.83749762677606E-03
7.69148625191961E-03
7.54612344392439E-03
7.40142553608696E-03
6.65262502564655E-03
6.52125012495323E-03
6.39053106707437E-03
5.69134890661545E-03
6.68849947293723E-03
6.54814875096223E-03
5.87453604095812E-03
5.22485506871585E-03
6.13189153149446E-03
6.49436696616003E-03
5.85857178904504E-03
6.20016134965684E-03
7.91744203246101E-03
9.0921041485568E-03
8.87114380589911E-03
9.08438147163526E-03
8.43408416744582E-03
7.39625136365581E-03
1.00046844813259E-02
8.57031265061169E-03
8.33847574967786E-03
8.10865438244972E-03
7.16444726403546E-03
6.95930247577207E-03
6.08049936559392E-03
5.89942124965327E-03
5.72017577688259E-03
5.23486803125203E-03
4.77096653843208E-03
5.48236895322861E-03
5.8593492441733E-03
4.0440055687342E-03
3.64418969012906E-03
3.51561908270259E-03
3.87283042027336E-03
3.49665642864151E-03
3.3644050609406E-03
3.23406149566962E-03
3.31270749922098E-03
2.9792484173702E-03
2.85485534582056E-03
2.73252292369374E-03
3.30890117863838E-03
2.99303689118765E-03
2.53683615923883E-03
2.41556281307802E-03
0.002153156649257
2.08816599841721E-03
2.18136567727376E-03
2.13496589106173E-03
1.95767211703344E-03
1.7858974156763E-03
1.74431236292366E-03
1.58081239874862E-03
1.54162293270837E-03
1.61771031527774E-03
1.46243283943946E-03
1.42245446028639E-03
1.3822375251057E-03
1.44501168241677E-03
1.70150078110132E-03
1.64809581760946E-03
1.59446773278093E-03
1.63127079396907E-03
1.31175649876409E-03
1.26400557858626E-03
1.05401581486109E-03
1.09040541366654E-03
1.04570895454885E-03
1.07254686224491E-03
1.0247702644471E-03
9.11980486232611E-04
8.67678188240364E-04
7.64770512666703E-04
7.24100696657555E-04
6.83749394763216E-04
6.43778444927063E-04
6.97216150256235E-04
6.95688154617566E-04
6.48407884710047E-04
6.39576535084083E-04
6.25985037737139E-04
5.75940387223093E-04
4.97904410450944E-04
4.79875982316205E-04
4.58245703847289E-04
3.90088888804031E-04
3.86559703154671E-04
3.41906858693424E-04
2.99631925163374E-04
2.59888545573145E-04
2.22822080736329E-04
1.88565349001104E-04
1.65095314887613E-04
1.16027060879373E-04
9.33153227440206E-05
7.74759838592664E-05
5.93855111359689E-05
4.41632204482777E-05
3.33587171123082E-05
2.29397861014401E-05
1.4985628033487E-05
9.19485276596471E-06
4.95949767697751E-06
2.55378194183783E-06
1.03797046469259E-06
3.99964689713044E-07
1.30693766209064E-07
2.63012065476494E-08
3.79380362080434E-09
2.73746973682941E-10
6.67648050325389E-12
1.87263596094994E-14
5.95782852387709E-19
3.69558280714482E-29
4.66184808201006E-74
0
0
0
0
0
0
0
0
0
0
0
0
0
0
0
0
0
0
0
0
0
0
0
0
0
0
0
0
0
0
0
0
0
0
0
0
0
0
0
0
0
0
0
0
0
0
0
0
0
0
0
0
0
0
0
0
0
0
0
0
0
0
0
0
0
0
0
0
0
0
0
0
0
0
0
0
0
0
0
0
0
0
0
0
0
0
0
0
0
0
0
0
0
0
0
0
0
0
0
0
0
0
0
0
0
0
0
0
0
0
0
0
0
0
0
0
0
0
0
0
0
0
0
0
0
0
0
0
0
0
0
0
0
0
0
0
0
0
0
0
0
0
0
0
0
0
0
0
0
0
0
0
0
0
0
0
0
0
0
0
0
0
0
0
0
0
0
0
0
0
0
0
0
0
0
0
0
0
0
0
0
0
0
0
0
0
0
0
0
0
0
0
""
