0
0
0
0
0
0
0
0
0
0
0
0
0
0
0
0
0
0
0
0
0
0
0
0
0
0
0
0
0
0
0
0
0
0
0
0
0
0
0
0
0
0
0
0
0
0
0
0
0
0
0
0
0
0
0
0
0
0
0
0
0
0
0
0
0
0
0
0
0
0
0
0
0
0
0
0
0
0
0
0
0
0
0
0
0
0
0
0
0
0
0
0
0
0
0
0
0
0
0
0
0
0
0
0
0
0
0
0
0
0
0
0
0
0
0
0
0
0
0
0
0
0
0
0
0
0
0
0
0
0
0
0
0
0
0
0
0
0
0
0
0
0
0
0
0
0
0
0
0
0
0
0
0
0
0
0
0
0
0
0
0
0
0
0
0
0
0
0
0
0
0
0
0
0
0
0
0
0
0
0
0
0
0
0
0
0
0
0
0
0
0
0
0
0
0
0
0
0
0
0
0
0
0
0
0
0
0
0
0
0
0
0
0
0
0
0
0
0
0
0
0
0
0
0
0
0
0
0
0
0
0
0
0
0
0
0
0
0
0
0
0
0
0
0
0
0
0
0
0
0
0
0
0
0
0
0
0
0
0
0
0
0
0
0
0
0
0
0
0
0
0
0
0
0
0
0
0
0
0
0
0
0
0
0
0
0
0
0
0
0
0
0
0
0
0
0
0
0
0
1.48435878502844E-45
3.1194928675659E-24
4.79714108856384E-17
2.07028903864571E-13
3.20586632091527E-11
8.69545334853592E-10
1.00331209807564E-08
6.8709642607019E-08
1.23855855486319E-07
3.48195684613907E-07
8.73213476683675E-07
1.82050586932912E-06
3.48273367219714E-06
5.68188457356594E-06
8.8842862302499E-06
3.38680108160452E-05
4.91452319965437E-05
5.37634594882756E-05
6.96661968258633E-05
9.09473119996811E-05
1.20122659678423E-04
1.46854071278231E-04
1.92695843438613E-04
2.3151571618554E-04
2.74102638243031E-04
2.59582556744203E-04
3.82831162232756E-04
4.45027739321059E-04
7.85177378249247E-04
8.91434114371841E-04
1.01473894557019E-03
7.22472384497849E-04
7.82592765142598E-04
8.28909257714423E-04
9.92817732038691E-04
1.05962891923142E-03
1.14335275719477E-03
1.43670485128822E-03
1.49784604590626E-03
1.49032455074425E-03
2.02178152363644E-03
2.04678591959485E-03
2.16483588499684E-03
2.36542700263502E-03
2.5181609954968E-03
2.61435140825863E-03
2.70820869922433E-03
3.29362607732969E-03
3.43849588579309E-03
3.58355542501045E-03
3.72868069362077E-03
3.87375702692157E-03
4.01867856282357E-03
4.16334772264693E-03
4.30767470947547E-03
4.45157702597968E-03
4.59497901296886E-03
4.73781140941238E-03
4.88001093425488E-03
5.02151989002469E-03
5.16228578798076E-03
5.30226099434954E-03
5.44140239705748E-03
5.57967109225857E-03
5.71703208988245E-03
5.85345403737982E-03
5.98890896081397E-03
6.12337202243567E-03
6.25682129387934E-03
6.38923754412988E-03
6.52060404142732E-03
6.6509063683015E-03
6.37332431401887E-03
6.90827138825427E-03
7.03531532158652E-03
7.16125727494393E-03
7.21323111419806E-03
7.33571766714121E-03
7.45710193624723E-03
7.57738270499702E-03
7.77430289712033E-03
7.89357004192585E-03
8.01172523028306E-03
8.12877120154208E-03
8.24471148946003E-03
8.35955035404575E-03
8.47329271821549E-03
8.58594410893255E-03
8.69751060252573E-03
8.80799877390124E-03
8.91741564938185E-03
9.02576866292521E-03
9.13306561548944E-03
9.45679752448586E-03
9.87547853928585E-03
1.03000181112748E-02
1.07303164424827E-02
1.11662749185223E-02
1.16077961189516E-02
1.20547838246782E-02
1.25071430226844E-02
1.29647799083275E-02
1.34276018854499E-02
1.38955175645131E-02
1.43684367589539E-02
1.14316282695563E-02
1.18032768158782E-02
1.20204119351349E-02
1.28836255174546E-02
1.24357091501301E-02
1.28065327012934E-02
1.30024997324879E-02
1.31914699937076E-02
1.31849014031632E-02
1.06446047535803E-02
1.09318928006357E-02
1.14254126946412E-02
1.36063285993775E-02
1.39535279246658E-02
1.80440243541596E-02
1.84881841458769E-02
1.89353330326039E-02
2.26951180401185E-02
2.34673379097721E-02
2.42539737824807E-02
2.45488990782204E-02
2.58706369069163E-02
0.026436367745371
2.70052711077582E-02
2.75772830801333E-02
2.81523406066098E-02
2.87303814742799E-02
2.37421888816097E-02
2.42150864906983E-02
2.31661636889908E-02
1.80212744073936E-02
1.17153897792585E-02
1.03225265310918E-02
1.05136465346893E-02
1.27128656712592E-02
1.19199964987113E-02
1.38647041689353E-02
1.58709323165813E-02
1.65038863570818E-02
1.71500809285333E-02
1.48412987189476E-02
1.54648315260446E-02
1.72516710226916E-02
1.75306648879518E-02
0.018206345047701
1.80913192041464E-02
1.87812234456999E-02
1.86553838137088E-02
3.45104134153669E-02
3.50280094494488E-02
3.64140054457444E-02
3.69470555114258E-02
3.74814635650163E-02
3.75646066370904E-02
4.45209268177295E-02
1.86154591777472E-02
1.84005412352928E-02
1.86515554825622E-02
1.59949299571744E-02
1.52258929815332E-02
1.54266407840397E-02
1.56277710507758E-02
1.58292712959154E-02
0.016031129164929
1.67569883171245E-02
2.54490874819803E-02
2.62999231486624E-02
2.60777717469765E-02
2.47432635813658E-02
3.33853753230907E-02
3.49062728737469E-02
3.53148510611466E-02
3.34191632994863E-02
3.08883118740852E-02
3.12388155954636E-02
2.62254058326632E-02
0.028324972745471
2.80274503988596E-02
2.77169320620702E-02
2.67708077897328E-02
0.039012096829375
3.81529690994279E-02
0.03919511963304
4.21984822855084E-02
4.00084310162208E-02
3.51150502704769E-02
3.21227376285604E-02
3.37951174362917E-02
3.41291874513221E-02
5.72092100135089E-02
5.77641458873402E-02
6.60482884495589E-02
6.59677543690835E-02
6.58739541995085E-02
0.066489569861063
6.27288145430677E-02
6.33043644686672E-02
6.46227080808353E-02
6.44554513276375E-02
6.57871125519634E-02
0.058740574979435
5.84861358017915E-02
4.50220854768761E-02
4.77587078391542E-02
4.73768696602341E-02
0.050166720637499
4.57697084797221E-02
4.61503231349385E-02
0.046530766478459
5.51410275258757E-02
0.057247095597604
6.27248924636715E-02
3.28766760667619E-02
3.56851815012807E-02
3.76771163156622E-02
5.00507635494643E-02
5.21751138134504E-02
0.046439709907585
4.50254053590008E-02
4.71421970207825E-02
4.30124969873983E-02
4.33298715824915E-02
4.18283099841165E-02
4.67113964218964E-02
4.61250680832872E-02
3.62343436333738E-02
2.90055411210406E-02
7.34940785735875E-02
7.40058526077654E-02
4.58566081770976E-02
6.73323429041481E-02
7.26319937297418E-02
7.79962951088614E-02
7.85177365217776E-02
7.31105506157977E-02
6.16577345555028E-02
6.10591098979533E-02
6.04469082635022E-02
8.00995016186029E-02
7.75486225384482E-02
0.096521537614124
9.71266559356655E-02
9.98101140549795E-02
0.102518175447033
0.105250751777137
0.105889954094516
0.106527969474581
0.107164777459089
0.107800357717139
0.108434690044008
0.109067754360018
0.109699530709426
0.110329999259337
9.09864950448858E-02
9.26171554166909E-02
7.40608186584518E-02
7.78584981024054E-02
5.21925380929973E-02
5.47604406447967E-02
5.73525100388602E-02
0.102638650717924
0.104347937057297
0.103737045712105
0.104284224744331
0.104830036223802
0.100638532882578
9.99670705228366E-02
0.10047825427774
0.100988086290075
9.54550901321043E-02
9.59319901244036E-02
9.51872276183432E-02
9.44291312417222E-02
9.73547541033156E-02
9.78263174368799E-02
9.58079930171198E-02
8.50131913019772E-02
9.16960785899882E-02
7.95065989855843E-02
0.100163337453383
9.93527353676664E-02
9.98085934001525E-02
9.76921619279332E-02
9.94247368698904E-02
9.46823639940763E-02
9.90118901574477E-02
9.81403663498123E-02
0.107770065632208
0.108238400506468
0.128590209417182
0.133134423950335
0.133699626961644
0.134262819654146
0.134823986538949
0.135383112220917
0.135940181398263
0.136495178862154
0.137048089496332
0.137598898276729
0.138147590271107
0.138694150638699
0.121137551227973
0.110426845892706
0.101031044355234
0.10282691101178
9.75621808551645E-02
0.100768829616645
0.102570595263536
0.1015215822675
9.75901094625589E-02
0.084983195612945
8.24000398422004E-02
9.14012375951359E-02
0.145598869243824
0.146114078997316
0.146626945270349
0.147137454643509
0.147645593783954
0.148151349445185
0.148654708466823
0.149155657774397
0.149654184379133
0.147147269870194
0.150643917952258
0.151135099369772
0.151623806982318
0.15211002822665
0.152593750624073
0.153074961780272
0.153553649385139
0.154029801212614
0.154503405120521
0.128628792711846
0.116582190770579
0.115372518778518
0.148553496558423
0.131739540864385
0.132124316374523
8.99153843491654E-02
9.96654215227755E-02
9.99490097239807E-02
0.112958654888796
0.108488217470799
0.110388689796005
0.113900345847553
0.117427600753726
0.161293711718038
0.161724965476626
0.162153477599161
0.16257923743084
0.163002234398465
0.16342245801036
0.163839897856286
0.164254543607361
0.16466638501598
0.100696001268604
0.100943784675044
8.29424909643434E-02
9.14570278129413E-02
0.145014361324623
0.148699400983361
0.150722918571368
0.149394471737765
0.141325893717752
0.141647825562825
0.141967311561853
0.140590482684621
0.132413278137382
0.170132162964482
0.170500764583802
0.170866408898833
0.171229087034113
0.171588790194455
0.171945509664903
0.172299236810703
0.172649963077265
0.15742788879102
0.117872817825365
0.105947271877033
9.91929339061055E-02
8.36919779608623E-02
9.60799582867103E-02
8.40097538685058E-02
8.76733707183098E-02
8.25649413815608E-02
8.27154657373536E-02
8.99168390364251E-02
7.77135062529539E-02
9.02356147349321E-02
6.73513666152579E-02
6.92426199714008E-02
6.93602494627173E-02
7.83839203428519E-02
7.49450571807062E-02
5.36198408831047E-02
5.19163331290926E-02
5.55853906443484E-02
6.10607415373155E-02
6.29544808374626E-02
6.84555909636632E-02
6.67551965029053E-02
8.31171298726537E-02
9.40972104216682E-02
0.115980625313884
0.116147242254875
0.105407567091008
0.103734913789041
0.102055372481007
8.02952295071385E-02
8.40573341806223E-02
9.14871312130875E-02
8.97738476809023E-02
0.106398879765675
0.104696168187077
9.74698405205348E-02
0.103112773868817
9.95496827536405E-02
9.78217222872198E-02
9.23920085708239E-02
0.146146404502429
0.138902682868321
0.139056298139606
0.148487924014743
0.14678839499501
0.146942340462599
0.148955602796136
0.150969997609595
0.130597310910465
0.151266787945012
0.151411121559296
0.151552742950577
0.151691648809094
0.151827835889715
0.151961301011942
0.138948284425111
0.135306713762162
0.139179687662668
0.111056851279002
0.105492724265087
0.101803173770988
0.135839189730171
0.126498209479273
0.119030727046882
0.107769119618951
0.1097337968559
9.84465927673517E-02
0.102298213285619
0.108048341403282
0.113803465143121
0.125256765289189
0.108237356166674
0.106396529062599
0.152075268304101
0.155956576258454
0.154130350616969
0.154203258875935
0.154273389876326
0.15624618324958
0.114374306411354
0.116327077848661
0.108740595721487
0.112597006746973
0.177544769323999
0.173783503352558
0.156644574536284
0.156690201157013
0.147176112295841
0.149125515836598
0.145336214970002
0.135804338530325
0.147310333252261
0.145423777390359
0.14927529134737
0.116758044170409
0.176116730013069
0.176136183659781
0.114882039061363
0.10914605244917
0.109152198754311
8.23460379455939E-02
8.23477035183293E-02
8.04328164020094E-02
7.08563576109171E-02
6.70240122373949E-02
7.85097649874514E-02
8.23337473367931E-02
0.105301336881819
0.103375800431632
8.80499365014186E-02
0.170333264647186
0.16647887055571
0.166449187511475
0.166416502389863
0.126219929339979
0.126190580630726
0.124247457026462
0.158611814454005
0.156655886368744
0.154698264603564
0.16037600624432
0.162229878508745
0.162171588646173
0.190718089621137
0.190642638263398
0.190563751966673
0.190481432561199
0.190395681957167
0.190306502144724
0.19021389519396
0.190117863254908
0.190018408557536
0.189915533411745
0.189809240207357
0.189699531414116
0.189586409581679
0.189469877339609
0.189349937397371
0.189226592544326
0.18909984564972
0.188969699662685
0.162399095546517
0.164168323668287
0.167817419074411
0.169573667911556
0.169441282936447
0.171187032393052
0.167287753221604
0.165269759327822
0.168881357484063
0.174358255926979
0.112388806259476
0.11228640066206
7.10485892157274E-02
0.115811407484311
0.121297714550285
0.130499462319453
0.160166745158057
0.163723706981137
0.165411488282226
0.124391006900453
0.122401959885438
0.122267307813411
0.127681856724685
0.131233231468795
0.14400485265851
0.145679460411263
0.145505253562094
0.182120465497297
0.141474400915276
0.146802109391597
0.146615213755856
0.146425708055801
0.146233596756897
0.147864370443224
0.140372516460334
0.147462195814127
0.15089315663048
0.161572955200516
0.135962315144576
0.128524421329755
0.180754327130006
0.180485139352458
0.180212754778274
0.179937179866032
0.179658421154032
0.179376485260296
0.179091378882577
0.178803108798362
0.178511681864882
0.17821710501912
0.177919385277818
0.177618529737487
0.17731454557442
0.1770074400447
0.176697220484217
0.176383894308674
0.17606746901361
0.175747952174409
0.175425351446319
0.175099674564471
0.174770929343894
0.174439123679537
0.174104265546291
0.17376636299901
0.173425424172535
0.173081457281717
0.172734470621447
0.17238447256668
0.163429897993844
0.163091702365286
0.171316494986564
0.17095453670573
0.17058961010723
0.170221724047079
0.169850887461588
0.169477109367413
0.169100398861592
0.168720765121591
0.168338217405349
0.167952765051324
0.167564417478546
0.167173184186667
0.166779074756012
0.164718277859163
0.161002798217293
0.157300607313676
0.128835774661609
0.133460238454481
0.133127198407903
0.163940598571737
0.163523834623101
0.163104284398961
0.162681958289841
0.162256866767682
0.161829020385927
0.161398429779602
0.16096510566541
0.160529058841819
0.16009030018916
0.159648840669718
0.159204691327841
0.158757863290039
0.158308367765091
0.157856216044161
0.157401419500905
0.156943989591596
0.156483937855239
0.156021275913702
0.15555601547184
0.155088168317633
0.153071568859095
0.154144761440533
0.153669225710461
0.153191151253979
0.152710550276815
0.152227435068701
0.151741818003539
0.151253711539567
0.150763128219533
0.150270080670871
0.149774581605881
0.149276643821918
0.148776280201583
0.148273503712924
0.147768327409633
0.147260764431258
0.146750828003417
0.146238531438016
0.145723888133476
0.145206911574965
0.144687615334633
0.144166013071859
0.143642118533503
0.143115945554156
0.142587508056412
0.142056820051133
0.141523895637727
0.140988749004436
0.140451394428626
0.139911846277082
0.139370119006325
0.133273178076398
0.138280185383782
0.137732008396553
0.137181711019894
0.13662930816385
0.136074814830212
0.135518246112872
0.134959617198202
0.10483117582504
0.109745716789389
0.110615363699251
0.126069566224514
0.118922496939419
0.118408897578488
0.111343900848233
0.110855531175892
0.110365530105289
8.66064948289672E-02
7.59230662789663E-02
7.30175874723035E-02
5.48323288986498E-02
4.95031756448083E-02
5.68546084050615E-02
7.29373922503246E-02
9.88786810741485E-02
9.84102050089483E-02
9.79403436663991E-02
9.74691105792876E-02
9.69965193615974E-02
0.096522583709005
9.11841620880257E-02
8.71024413812718E-02
8.18520719843081E-02
0.10778772936206
0.108431941632543
0.109062522681908
0.113217487954511
0.11262910746485
0.114373398582494
9.86778511502246E-02
0.093534041659672
0.091884140766072
0.105095978913693
0.106796121824615
0.105080330361254
0.104499356740146
0.10279970180396
0.092222413549955
0.089490845343768
8.78819010702803E-02
8.19156862308593E-02
8.36128838382885E-02
8.74428483999816E-02
0.085855083214887
8.53458732621499E-02
8.48356934436832E-02
8.43245601013178E-02
8.27648335584812E-02
8.22582549920552E-02
8.17507838451388E-02
8.12424366663322E-02
8.07332301094901E-02
8.02231809347644E-02
7.87032894779018E-02
8.22082408789145E-02
8.46644618778981E-02
8.41122309932917E-02
9.73218747792056E-02
9.66768122975028E-02
9.70008532782029E-02
9.63474689318642E-02
9.56932152068998E-02
9.50381147436656E-02
0.094382190333697
9.37254649214292E-02
9.30679616059594E-02
9.24097036428461E-02
9.17507144459508E-02
9.10910175893188E-02
9.04306368091034E-02
8.97695960055337E-02
8.91079192449248E-02
7.96010676855621E-02
7.90044794646025E-02
8.71193164188249E-02
8.64553398878934E-02
8.57908502964058E-02
8.51258727520301E-02
8.44604325439209E-02
8.37945551451203E-02
0.083128266215014
8.24615916018421E-02
8.17945573452666E-02
8.11271896789953E-02
8.04595150334663E-02
7.97915600385918E-02
7.91233515265644E-02
7.84549165347251E-02
7.77862823084971E-02
7.71174763043856E-02
7.64485261930437E-02
4.69832651146936E-02
7.51103054209098E-02
7.29522693767288E-02
6.41815058122694E-02
6.43302861451676E-02
6.22927038912104E-02
6.17172216312631E-02
6.89622772052882E-02
6.90176428628584E-02
6.62694790204316E-02
6.49433797307204E-02
6.36308447803568E-02
0.064364458135333
6.10465554287729E-02
6.11031721391719E-02
0.028929642105353
2.92870098634227E-02
2.64104354443801E-02
3.05997961064443E-02
2.96494395354308E-02
2.93368102767103E-02
3.33472154206167E-02
6.10900196117418E-02
4.04857751992192E-02
4.00416578904985E-02
0.040188999072423
4.49987747797863E-02
4.44899823065476E-02
4.34105893155428E-02
4.34741993649649E-02
4.35252809184538E-02
4.35638881303696E-02
4.30452009514036E-02
4.30655851448735E-02
3.35017341633991E-02
0.021009502972843
2.12672021739401E-02
3.07318781359457E-02
3.23644883239567E-02
3.29474725174225E-02
3.35053249993865E-02
3.35518883776687E-02
3.21470148701787E-02
4.16562610835714E-02
3.12850406106811E-02
4.46713634743955E-02
4.40508892729241E-02
4.29841357828198E-02
4.23730142085186E-02
4.00232911432145E-02
3.30100916329092E-02
3.29461208414776E-02
3.24548062707059E-02
3.27844990995725E-02
4.03543570960418E-02
3.97299731835405E-02
3.91075202355535E-02
3.84870469293509E-02
3.78686025319066E-02
3.72522369111363E-02
3.66380005473493E-02
3.60259445449182E-02
3.54161206441616E-02
3.48085812334462E-02
3.42033793615057E-02
3.36005687499745E-02
3.30002038061404E-02
3.24023396359095E-02
3.18070320569844E-02
1.56071688061275E-02
1.34746979766939E-02
1.29159177420051E-02
2.94525096769016E-02
2.88708481817323E-02
2.82920938959373E-02
0.027716308006019
2.71435525229346E-02
2.65738902969886E-02
2.60073850328776E-02
2.54441013048726E-02
2.48841045721226E-02
2.43274611940681E-02
2.37742384459402E-02
2.32245045343304E-02
2.26783286128058E-02
2.21357807975458E-02
2.15969321829701E-02
2.10618548573317E-02
2.05306219182354E-02
1.98032744131692E-02
1.92851868618729E-02
0.018012699066103
1.73388942351945E-02
1.66793212377546E-02
1.49882355665922E-02
1.45563542935854E-02
1.42925976378831E-02
1.37041886528968E-02
1.31295820982135E-02
1.30175929989855E-02
1.18766664815859E-02
1.14878898753413E-02
1.11031983852816E-02
0.010722665726033
1.00940161929126E-02
9.85273794924623E-03
8.31805927223451E-03
7.32726946030375E-03
7.58478515147332E-03
6.65838650089381E-03
6.48556039158125E-03
6.49921954545499E-03
5.67851754533362E-03
5.61215129227765E-03
5.81344429837341E-03
5.6541452739899E-03
5.58359935441512E-03
5.59849506584286E-03
5.10040879471963E-03
5.11619429790083E-03
4.96357859682692E-03
4.07847896651827E-03
4.10049187945588E-03
4.04036991309144E-03
4.29181300297706E-03
3.76476081286837E-03
4.08345822468523E-03
3.7942058156012E-03
3.80440579654405E-03
3.88346349284482E-03
4.02757718870308E-03
4.3716628259003E-03
4.35921458942679E-03
4.20985485579437E-03
4.25897334058662E-03
4.17375187214002E-03
4.15073559372371E-03
3.93970727989829E-03
3.49251247766137E-03
5.35658433981938E-03
4.42762803382141E-03
4.26590280824604E-03
3.99673403333437E-03
3.94867308757655E-03
3.89720077167063E-03
5.05568914035136E-03
4.91435555592604E-03
4.77231822327891E-03
4.62963354452373E-03
4.48636341259098E-03
4.34257560237004E-03
4.19834418360412E-03
4.05374995560583E-03
3.47890400416361E-03
2.59704454626502E-03
2.35216090243645E-03
2.29259091743937E-03
1.03189542837303E-03
1.01889840121292E-03
9.72752659585918E-04
8.97831669573817E-04
8.53541253860155E-04
7.57309204033651E-04
7.16467048302194E-04
6.06074313400152E-04
5.48265656440753E-04
4.93638444253788E-04
4.22969715237085E-04
4.11839527358928E-04
3.48840943693532E-04
3.37588787916465E-04
3.38626430380606E-04
2.96884295995004E-04
2.11389329088127E-04
1.69923271143891E-04
1.908076099122E-04
1.78661928271338E-04
1.80612156393138E-04
1.58328150246343E-04
1.20231589369134E-04
1.08093092616173E-04
9.57634167952595E-05
8.00036965649009E-05
6.86252790235385E-05
5.99966054997519E-05
4.92267734523909E-05
3.93596775546738E-05
3.05473222799888E-05
2.29009474114893E-05
1.54199667924204E-05
1.05968034885222E-05
6.2039083880638E-06
3.49764248811668E-06
1.94290632969906E-06
1.92954839527959E-06
1.38210484649612E-06
4.749916243354E-07
1.26056014610593E-07
2.3217334998252E-08
2.49154881158064E-09
1.14513699713222E-10
1.24142594297802E-12
8.41797033165886E-16
9.08112425645455E-22
3.58951588849444E-37
6.24476557121667E-169
0
0
0
0
0
0
0
0
0
0
0
0
0
0
0
0
0
0
0
0
0
0
0
0
0
0
0
0
0
0
0
0
0
0
0
0
0
0
0
0
0
0
0
0
0
0
0
0
0
0
0
0
0
0
0
0
0
0
0
0
0
0
0
0
0
0
0
0
0
0
0
0
0
0
0
0
0
0
0
0
0
0
0
0
0
0
0
0
0
0
0
0
0
0
0
0
0
0
0
0
0
0
0
0
0
0
0
0
0
0
0
0
0
0
0
0
0
0
0
0
0
0
0
0
0
0
0
0
0
0
0
0
0
0
0
0
0
0
0
0
0
0
0
0
0
0
0
0
0
0
0
0
0
0
0
0
0
0
0
0
0
0
0
0
0
0
0
0
""
