0
0
0
0
0
0
0
0
0
0
0
0
0
0
0
0
0
0
0
0
0
0
0
0
0
0
0
0
0
0
0
0
0
0
0
0
0
0
0
0
0
0
0
0
0
0
0
0
0
0
0
0
0
0
0
0
0
0
0
0
0
0
0
0
0
0
0
0
0
0
0
0
0
0
0
0
0
0
0
0
0
0
0
0
0
0
0
0
0
0
0
0
0
0
0
0
0
0
0
0
0
0
0
0
0
0
0
0
0
0
0
0
0
0
0
0
0
0
0
0
0
0
0
0
0
0
0
0
0
0
0
0
0
0
0
0
0
0
0
0
0
0
0
0
0
0
0
0
0
0
0
0
0
0
0
0
0
0
0
0
0
0
0
0
0
0
0
0
0
0
0
0
0
0
0
0
0
0
0
0
0
0
0
0
0
0
0
0
0
0
0
0
0
0
0
0
0
0
0
0
0
0
0
0
0
0
0
0
0
0
0
0
0
0
0
0
0
0
0
0
0
0
0
0
0
0
0
0
0
0
0
0
0
0
0
0
0
0
0
0
0
0
0
0
0
0
0
0
0
0
0
0
0
0
0
0
0
0
0
0
0
0
0
0
0
0
0
0
0
0
0
0
0
0
0
0
0
0
0
0
0
0
0
0
0
0
0
0
0
0
0
0
0
0
0
0
0
0
0
0
0
0
0
0
0
0
0
0
0
0
0
0
0
0
0
0
0
0
0
0
0
0
0
0
0
0
0
0
0
0
0
0
0
0
0
0
0
0
0
0
0
0
0
0
0
0
0
0
0
0
0
0
0
0
0
0
0
0
0
0
0
0
0
0
0
0
0
0
0
0
0
0
0
0
0
0
0
0
0
0
0
0
0
0
0
0
0
0
0
0
0
0
0
0
0
0
0
0
0
0
0
0
0
0
0
0
0
0
0
0
0
0
0
0
0
0
0
0
0
0
0
0
0
0
0
0
0
0
0
0
0
0
0
0
0
0
0
0
0
0
0
0
0
0
0
0
0
0
0
0
0
0
0
0
0
0
0
0
0
0
0
0
0
0
0
0
0
3.80191805416452E-67
2.79858308208409E-24
1.28539153482761E-15
7.05782847345E-12
8.55281011164849E-10
1.82530718642723E-08
1.42562022836336E-07
1.42562022836336E-07
2.41419587717069E-06
6.23545149496597E-06
1.52738665941766E-05
2.89366420601567E-05
4.66766192270555E-05
6.93712487232675E-05
1.03372550882735E-04
1.36763709651566E-04
1.86094238325634E-04
2.44771440739592E-04
3.35270292119784E-04
4.18407848628797E-04
4.09213686032826E-04
4.91479321044413E-04
4.35948880228924E-04
4.52180728696799E-04
5.86626469524992E-04
6.69459158078772E-04
7.56936041053429E-04
7.54480694322948E-04
7.34813330568913E-04
6.96390800247324E-04
6.37788847842773E-04
6.97122889781379E-04
7.58200284324368E-04
8.20899645344524E-04
8.8510585101696E-04
9.50710056373194E-04
1.01760960927592E-03
1.73713263349694E-03
2.07884544576256E-03
1.96022903524757E-03
2.33336714324907E-03
2.46303927213542E-03
4.32358010321606E-03
4.24133989722897E-03
4.7670196755082E-03
0.004991589123231
5.21784051105953E-03
5.08258214016146E-03
5.29647851633045E-03
5.11786890655578E-03
5.3185650563012E-03
4.2462673749266E-03
4.40194109000533E-03
5.0139738202421E-03
5.65782649656114E-03
5.35917195564871E-03
6.03535226632234E-03
6.22471312635971E-03
6.9489267076969E-03
6.60434002012766E-03
7.36070871453916E-03
7.56689570415068E-03
9.56703226006948E-03
9.82106672210492E-03
1.00751524972696E-02
9.68366195236947E-03
1.05832802215624E-02
1.08372303756571E-02
1.31706193518116E-02
1.48899096730121E-02
1.52225437568562E-02
1.55548561755379E-02
1.21042308940565E-02
1.23568326562392E-02
1.18210259375119E-02
1.10329575416778E-02
1.22929550993921E-02
1.33635624665195E-02
1.36141944230757E-02
1.38643583041635E-02
1.67604132856772E-02
1.79539942847002E-02
0.018264785074649
1.85748890840789E-02
1.98284980168927E-02
1.63140056672675E-02
1.85258176200475E-02
2.07984028106663E-02
2.11200729569627E-02
2.55248753742664E-02
2.27970829096235E-02
1.99770753187256E-02
2.13315230518516E-02
2.16336738345151E-02
2.19349381372436E-02
2.22353019747551E-02
2.36614894851798E-02
2.51166024200689E-02
2.77570303174479E-02
2.81129890314444E-02
2.60954760979533E-02
2.64196405652647E-02
2.55271431635851E-02
2.70647070819216E-02
2.73855864021292E-02
3.27426846356982E-02
2.92978003951531E-02
2.57649814163392E-02
2.73551997952785E-02
2.63391088807987E-02
2.66245858586532E-02
2.82544435916389E-02
3.26307899304762E-02
3.15957568195359E-02
3.19190835908447E-02
2.94375675502637E-02
3.39776701583284E-02
3.14518130069206E-02
3.17561949098859E-02
2.91448507860938E-02
3.08902636077206E-02
2.96926052381138E-02
2.99647640843839E-02
3.17475573915225E-02
0.032030894352533
3.38517214466054E-02
3.10417986842873E-02
3.44389399512137E-02
0.034730599348746
3.34290891680233E-02
3.53099874881127E-02
3.55977041506803E-02
3.42529994343761E-02
3.45251007456444E-02
3.47959251577702E-02
3.33956831270152E-02
3.36511636285195E-02
3.39054128543426E-02
3.41584258796106E-02
0.036130707735196
3.46607239446561E-02
3.49099994435797E-02
2.98843167076093E-02
3.00940629602773E-02
3.03027343959606E-02
3.05103271693924E-02
2.89099646849243E-02
2.54653918723229E-02
2.56336670405364E-02
2.58010415707475E-02
2.96771570979469E-02
2.98663734151277E-02
2.81761408504801E-02
2.45713684477271E-02
2.28208290934909E-02
2.29596079622642E-02
2.30975973604547E-02
2.12985619749951E-02
2.33711981417265E-02
2.15479043786914E-02
2.36416124441835E-02
2.37756188216155E-02
2.59012234071208E-02
2.60446533924756E-02
3.22304097154261E-02
3.64553785095653E-02
3.25780685990359E-02
3.27502698763614E-02
0.034978968172462
3.30914015017512E-02
3.11815557004699E-02
3.13388931522006E-02
0.033594878520101
3.58705320458821E-02
3.60453301376274E-02
3.62189497698705E-02
3.63913880327924E-02
3.44118983901282E-02
3.24112137581293E-02
3.25602228090865E-02
3.48887246997993E-02
3.94260972973142E-02
3.74010487704467E-02
3.75651378761043E-02
3.77280231442839E-02
3.78897018653881E-02
4.02884167249841E-02
3.82094289356515E-02
0.033853651740874
3.17258923383582E-02
3.18540385324204E-02
3.42655479438758E-02
3.66940672859913E-02
0.029930112479323
2.77341735880534E-02
2.78396810612868E-02
3.02730098732775E-02
3.03854190129179E-02
2.58050523413406E-02
2.58985617063417E-02
2.59912657109331E-02
2.84543594396589E-02
2.61742515105878E-02
2.62645302750226E-02
2.87498155830339E-02
2.88465295167835E-02
2.89423550448241E-02
2.90372905798715E-02
3.64141681865824E-02
3.65306067437225E-02
3.66459269670203E-02
3.67601269455462E-02
3.68732047866929E-02
3.69851586161917E-02
3.46229208062538E-02
3.22449285903028E-02
3.23390232252121E-02
2.99373575801283E-02
2.75205357353623E-02
0.02508878313648
0.022642325710494
2.27040635921805E-02
0.020235659949255
2.28254862488481E-02
2.28851690073046E-02
2.29441647267706E-02
2.04466421572677E-02
2.04978587899204E-02
1.79799043698477E-02
1.80236449373379E-02
2.06478256184444E-02
2.32836571125196E-02
2.33378167391009E-02
2.07922504880278E-02
2.08391568019471E-02
1.82747636320824E-02
1.56983338230292E-02
1.57321191602573E-02
1.57654385618618E-02
1.84313400511735E-02
1.58306773442074E-02
1.58625956370669E-02
1.32450381821386E-02
1.32708561366163E-02
1.59555397561137E-02
1.59855824857226E-02
1.60151550511195E-02
1.60442569583902E-02
1.87517023415935E-02
1.87845546719084E-02
2.15049785447462E-02
2.42339225989213E-02
2.15769198383176E-02
2.16119438662381E-02
2.43521280340035E-02
0.024390107724163
2.44273752843612E-02
1.63092867271646E-02
1.63331810208466E-02
0.016356599337132
1.63795412837563E-02
1.36683387302967E-02
1.36866621153999E-02
0.010963670067733
1.09776918700799E-02
1.09913948642596E-02
1.10047788204739E-02
8.26338263567539E-03
5.51529436318314E-03
5.52150712151011E-03
5.52755992783658E-03
5.53345268056857E-03
8.30877792117357E-03
8.31713644834128E-03
8.32525446199425E-03
8.33313182578901E-03
1.11210245432058E-02
1.39136067975754E-02
1.11404249532623E-02
1.11496429285034E-02
1.39481740110732E-02
1.39588920559879E-02
0.013969207615192
1.67749446183001E-02
0.016786356707373
1.67972852135349E-02
2.52115949294768E-02
2.24235876667194E-02
1.96316953433314E-02
0.01683615985486
1.68446678519003E-02
1.68526912851049E-02
1.96702683560361E-02
1.68672839280966E-02
1.96861617076829E-02
2.25065824020087E-02
2.25140474044172E-02
2.25208654046341E-02
2.53429158238723E-02
2.53491299440768E-02
2.25374362988537E-02
2.53593734079134E-02
2.81815584212059E-02
2.53667032818874E-02
2.53692754607449E-02
2.53711190723484E-02
2.53722340856556E-02
2.25534404283483E-02
2.25531362262676E-02
2.25521843639071E-02
2.25505848572944E-02
2.81854221667021E-02
2.53636234086883E-02
2.11945830128603E-02
2.25377110905179E-02
2.53494832327732E-02
0.022527389559729
0.019706100669478
1.68858593494866E-02
1.68802900108977E-02
0.016874235508963
1.68676959455921E-02
1.68606714308526E-02
1.40443017358059E-02
1.40376400235906E-02
1.40305745011653E-02
1.40231052874162E-02
1.68182790096146E-02
1.68083475544804E-02
1.95975875043232E-02
1.67870329610519E-02
0.016775650181257
2.23517119981341E-02
2.23352461501505E-02
1.67386022309256E-02
1.67252870692659E-02
1.67114893514497E-02
1.39143410911458E-02
1.66824471830149E-02
1.66672032204105E-02
1.38762313980529E-02
1.66352708189284E-02
1.66185829164047E-02
1.93683166253838E-02
1.93477259604606E-02
0.019326575086702
1.93048643591206E-02
1.92825941420653E-02
2.20111597819545E-02
2.19844305640504E-02
1.64677974320221E-02
1.37056614230281E-02
0.013687760085035
1.36694608128007E-02
0.016380916695638
0.016358003638845
1.63346141888657E-02
1.63107487374862E-02
1.35720064036526E-02
1.35513261975938E-02
1.35302503425826E-02
1.62105350296233E-02
1.88816783444461E-02
1.88505134213906E-02
1.34419975856928E-02
1.61027386890318E-02
1.87537095125407E-02
1.87203402945108E-02
1.86864213740442E-02
2.13165180774739E-02
2.12764990873521E-02
2.38903355695916E-02
2.38439058894678E-02
2.37967732078086E-02
2.37489383110644E-02
2.37004019972072E-02
2.62790723063457E-02
2.36012283675322E-02
2.09338601823014E-02
2.08882301619934E-02
0.023447227904276
2.59938894309728E-02
2.59345306234556E-02
2.32869600134118E-02
2.32321487455562E-02
2.31766446696427E-02
2.31204487090751E-02
2.30635617985424E-02
2.55622054266663E-02
2.54974654696101E-02
2.79751570791263E-02
2.53656930493977E-02
0.025298662775657
2.52308712731434E-02
2.76785516343549E-02
0.027602310006842
3.00275288546645E-02
2.49521156756872E-02
2.23924816464047E-02
2.23273803245626E-02
0.02473511246929
2.71273999707559E-02
2.45866822791004E-02
0.031864745173382
3.17658307659504E-02
3.65376292844215E-02
3.64212584656196E-02
3.63037711247438E-02
3.61851692082219E-02
3.60654546807702E-02
3.59446295253859E-02
0.038210875459564
3.56996553541808E-02
3.79472110887688E-02
3.78136137856546E-02
3.53239150135409E-02
3.98893312577586E-02
4.20815115179043E-02
4.19259476004375E-02
3.71280651848294E-02
3.46757427621114E-02
3.45428368053649E-02
2.98209993841764E-02
0.031988852837243
2.95859333521573E-02
2.49336129015247E-02
2.25747137619201E-02
2.24817906282276E-02
2.68657835534844E-02
2.67525627794471E-02
2.88583623392398E-02
2.65235620510982E-02
2.42071370796211E-02
2.41002316518283E-02
0.023992550710656
0.026055377509972
2.37748694812525E-02
2.36648728253237E-02
2.35541079208231E-02
2.34425766201346E-02
2.12093461730411E-02
2.11065657394321E-02
2.31034030861185E-02
2.29888250205903E-02
2.28734900440882E-02
2.68951092083363E-02
2.67570220802112E-02
0.024570505259561
2.44414037662024E-02
2.02595727677814E-02
0.0181355685989
1.60328122819663E-02
1.59445802921973E-02
1.58558109603159E-02
1.77373190334253E-02
1.76362496638932E-02
1.75345809626442E-02
0.023243086247707
2.50314315404559E-02
2.67959945673515E-02
3.04390190176528E-02
3.21438068233987E-02
3.19450442249798E-02
0.033612536556187
3.33997389824142E-02
3.13421213373532E-02
2.93072444702193E-02
2.91149922898342E-02
0.03072932119324
0.028727413294087
2.67488376727148E-02
3.36487129948068E-02
3.69316648210988E-02
3.66713236547291E-02
3.46758706107575E-02
3.44254201859299E-02
3.58824097907406E-02
0.035616824963997
3.36666112527337E-02
3.34112052493898E-02
3.31545726567946E-02
3.12518826037125E-02
3.26376479961175E-02
3.23773662549586E-02
2.89042907258849E-02
2.86678713078649E-02
3.00098416213385E-02
2.81918105968792E-02
2.79521793380571E-02
0.024632433457929
0.024417547321391
2.57143359567782E-02
0.02398498019392
2.37673089385689E-02
2.50205141522857E-02
2.47872920994929E-02
2.45531051286444E-02
2.43179588965185E-02
2.40818591826845E-02
2.38448118956615E-02
2.36068230794511E-02
3.02408103676669E-02
3.12908854331068E-02
5.92376401980621E-02
4.12948785231708E-02
4.21703115191338E-02
4.04084552206627E-02
0.038673667243086
4.46142805167343E-02
5.29289656274397E-02
6.97581874424441E-02
5.66305797343215E-02
5.71739434183116E-02
6.85017103001671E-02
6.88490515719865E-02
7.26808695186878E-02
8.56508100106741E-02
8.45499625713785E-02
8.90838554283818E-02
0.08790124876183
8.12267359759256E-02
7.25340719492195E-02
7.04545522659985E-02
7.15594397295564E-02
7.05264244866323E-02
6.64247870618839E-02
7.54983765791874E-02
7.23670766558785E-02
6.73422807090621E-02
6.53195590755999E-02
0.06710570668733
6.60075104735844E-02
6.76493321314211E-02
3.32497789030266E-02
3.35567340752815E-02
7.89396996607992E-02
7.66652222265311E-02
7.52555734599756E-02
8.20482368191984E-02
8.04765300568367E-02
7.89023424907722E-02
7.73258416533615E-02
7.12023720068909E-02
0.069716619841673
6.82292198648353E-02
0.065320360005516
6.66385744168897E-02
6.57940142583129E-02
6.42544830995685E-02
6.46540067031402E-02
6.30659727002446E-02
0.061477927433928
0.061477927433928
5.83030722360371E-02
5.67169468895027E-02
5.51321823845155E-02
5.35491778385303E-02
5.19683581520365E-02
5.03901759092557E-02
4.88151134242039E-02
2.69289004172132E-02
3.40154531585852E-02
0.033526610372543
3.40455007479401E-02
3.23946224887219E-02
3.15692800915238E-02
3.18569031485407E-02
3.05730766451616E-02
0.013602176925355
1.36810387812699E-02
1.43417466628088E-02
1.39770657303311E-02
1.59019628873371E-02
0.020316678375927
1.92497404402463E-02
1.67202683898373E-02
1.55325176464454E-02
1.17706229668718E-02
0.020434090384657
1.90945921679248E-02
1.77808803665723E-02
1.64950006026644E-02
1.50867309810493E-02
1.40155399790842E-02
0.012826674109583
1.16750674784815E-02
1.05633796529948E-02
1.05633796529948E-02
8.47091415199601E-03
7.49591595184547E-03
6.57234033076106E-03
5.70313771665211E-03
4.89119387646346E-03
4.13925701081924E-03
3.44984572288943E-03
2.82513510695607E-03
2.26681878640599E-03
1.77594609605972E-03
1.19040785769589E-03
8.7681034550834E-04
6.90714584456566E-04
4.55581568297944E-04
2.01403939194203E-04
1.18136344753061E-04
6.46602125831205E-05
2.88782242238138E-05
1.35515964056202E-05
3.42500859151726E-06
6.9209179563634E-07
8.34447070966525E-08
3.70755898291989E-09
3.53201887589624E-11
1.17076720902304E-14
9.72529207751022E-23
1.53013271350433E-59
0
0
0
0
0
0
0
0
0
0
0
0
0
0
0
0
0
0
0
0
0
0
0
0
0
0
0
0
0
0
0
0
0
0
0
0
0
0
0
0
0
0
0
0
0
0
0
0
0
0
0
0
0
0
0
0
0
0
0
0
0
0
0
0
0
0
0
0
0
0
0
0
0
0
0
0
0
0
0
0
0
0
0
0
0
0
0
0
0
0
0
0
0
0
0
0
0
0
0
0
0
0
0
0
0
0
0
0
0
0
0
0
0
0
0
0
0
0
0
0
0
0
0
0
0
0
0
0
0
0
0
0
0
0
0
0
0
0
0
0
0
0
0
0
0
0
0
0
0
0
0
0
0
0
0
0
0
0
0
0
0
0
0
0
0
0
0
0
0
0
0
0
0
0
0
0
0
0
0
0
0
0
0
0
0
0
0
0
0
0
0
0
0
0
0
0
0
0
0
0
0
0
0
0
0
0
0
0
0
0
0
0
0
0
0
0
0
0
0
0
0
0
0
0
0
0
0
0
0
0
0
0
0
0
0
0
0
0
0
0
0
0
0
0
0
0
0
0
0
0
0
0
0
0
0
0
0
0
0
0
0
0
0
0
0
0
0
0
0
0
0
0
0
0
0
0
0
0
0
0
0
0
0
0
0
0
0
0
0
0
0
0
0
0
0
0
0
0
0
0
0
0
0
0
0
0
0
0
0
0
0
0
0
0
0
0
0
0
0
0
0
0
0
0
0
0
0
0
0
0
0
0
0
0
0
0
0
0
0
0
0
0
0
0
0
0
0
0
0
0
0
0
0
0
0
0
0
0
""
