0
0
0
0
0
0
0
0
0
0
0
0
0
0
0
0
0
0
0
0
0
0
0
0
0
0
0
0
0
0
0
0
0
0
0
0
0
0
0
0
0
0
0
0
0
0
0
0
0
0
0
0
0
0
0
0
0
0
0
0
0
0
0
0
0
0
0
0
0
0
0
0
0
0
0
0
0
0
0
0
0
0
0
0
0
0
0
0
0
0
0
0
0
0
0
0
0
0
0
0
0
0
0
0
0
0
0
0
0
0
0
0
0
0
0
0
0
0
0
0
0
0
0
0
0
0
0
0
0
0
0
0
0
0
0
0
0
0
0
0
0
0
0
0
0
0
0
0
0
0
0
0
0
0
0
0
0
0
0
0
0
0
0
0
0
0
0
0
0
0
0
0
0
0
0
0
0
0
0
0
0
0
0
0
0
0
0
0
0
0
0
0
0
0
0
0
0
0
0
0
0
0
0
0
0
0
0
0
0
0
0
0
0
0
0
0
0
0
0
0
0
0
0
0
0
0
0
0
0
0
0
0
0
0
0
0
0
0
0
0
0
0
0
0
0
0
0
0
0
0
0
0
0
0
0
0
0
0
0
0
0
0
0
0
0
0
0
0
0
0
0
0
0
0
0
0
0
0
0
0
0
0
0
0
0
0
0
0
0
0
0
0
0
0
0
0
0
0
0
0
0
0
0
0
0
0
0
0
0
0
0
0
0
0
0
0
0
0
0
0
0
0
0
0
0
0
0
0
0
0
0
0
0
0
0
0
0
0
0
0
0
0
0
0
0
0
0
0
0
0
0
0
0
0
0
0
0
0
0
0
0
0
0
0
0
0
0
0
0
0
0
0
0
0
0
0
0
0
0
0
0
0
0
0
0
0
0
0
0
0
0
0
0
0
0
0
0
0
0
0
0
0
0
0
0
0
0
0
0
0
0
0
0
0
0
0
0
0
0
0
0
0
0
0
0
0
0
0
0
0
0
0
0
0
0
0
0
0
0
0
0
0
0
0
0
0
0
0
0
0
0
0
0
0
0
0
0
0
0
0
0
0
0
0
0
0
0
9.50479513541129E-68
6.99645770521023E-25
3.21347883706902E-16
1.7644571183625E-12
2.13820252791212E-10
4.56326796606807E-09
3.56405057090839E-08
3.56405057090839E-08
6.03548969292673E-07
1.55886287374149E-06
3.81846664854415E-06
7.23416051503917E-06
1.16691548067639E-05
1.73428121808169E-05
2.58431377206837E-05
3.41909274128915E-05
4.65235595814086E-05
6.11928601848979E-05
8.3817573029946E-05
1.04601962157199E-04
1.02303421508206E-04
1.22869830261103E-04
1.08987220057231E-04
1.130451821742E-04
1.46656617381248E-04
1.67364789519693E-04
1.89234010263357E-04
1.88620173580737E-04
1.83703332642228E-04
1.74097700061831E-04
1.59447211960693E-04
1.74280722445345E-04
1.89550071081092E-04
2.05224911336131E-04
2.2127646275424E-04
2.37677514093299E-04
2.54402402318981E-04
4.34283158374236E-04
5.1971136144064E-04
4.90057258811893E-04
5.83341785812268E-04
6.15759818033854E-04
1.08089502580402E-03
1.06033497430724E-03
1.19175491887705E-03
1.24789728080775E-03
1.30446012776488E-03
1.27064553504037E-03
1.32411962908261E-03
1.27946722663894E-03
1.3296412640753E-03
1.06156684373165E-03
1.10048527250133E-03
1.25349345506052E-03
1.41445662414028E-03
1.33979298891218E-03
1.50883806658058E-03
1.55617828158993E-03
1.73723167692423E-03
1.65108500503191E-03
1.84017717863479E-03
1.89172392603767E-03
2.39175806501737E-03
2.45526668052623E-03
2.51878812431739E-03
2.42091548809237E-03
2.6458200553906E-03
2.70930759391428E-03
3.2926548379529E-03
3.72247741825304E-03
3.80563593921406E-03
3.88871404388448E-03
3.02605772351414E-03
3.0892081640598E-03
2.95525648437797E-03
2.75823938541944E-03
3.07323877484803E-03
3.34089061662988E-03
3.40354860576893E-03
3.46608957604088E-03
4.19010332141929E-03
4.48849857117505E-03
4.56619626866224E-03
4.64372227101973E-03
4.95712450422316E-03
4.07850141681688E-03
4.63145440501188E-03
5.19960070266659E-03
5.28001823924068E-03
6.3812188435666E-03
5.69927072740586E-03
4.9942688296814E-03
5.33288076296289E-03
5.40841845862877E-03
5.4837345343109E-03
5.55882549368877E-03
5.91537237129496E-03
6.27915060501723E-03
6.93925757936197E-03
7.02824725786111E-03
6.52386902448833E-03
6.60491014131617E-03
6.38178579089628E-03
6.7661767704804E-03
6.84639660053231E-03
8.18567115892455E-03
7.32445009878827E-03
6.4412453540848E-03
6.83879994881962E-03
6.58477722019967E-03
6.6561464646633E-03
7.06361089790972E-03
8.15769748261904E-03
7.89893920488398E-03
7.97977089771116E-03
7.35939188756594E-03
8.4944175395821E-03
7.86295325173014E-03
7.93904872747146E-03
7.28621269652345E-03
7.72256590193014E-03
7.42315130952846E-03
7.49119102109597E-03
7.93688934788063E-03
8.00772358813326E-03
8.46293036165134E-03
7.76044967107183E-03
8.60973498780343E-03
8.6826498371865E-03
8.35727229200582E-03
8.82749687202817E-03
8.89942603767007E-03
8.56324985859403E-03
8.6312751864111E-03
8.69898128944256E-03
8.34892078175381E-03
8.41279090712988E-03
8.47635321358566E-03
8.53960646990265E-03
9.03267693379901E-03
8.66518098616403E-03
8.72749986089494E-03
7.47107917690232E-03
7.52351574006933E-03
7.57568359899016E-03
7.62758179234809E-03
7.22749117123108E-03
6.36634796808074E-03
6.40841676013409E-03
6.45026039268687E-03
7.41928927448673E-03
7.46659335378193E-03
7.04403521262003E-03
6.14284211193178E-03
5.70520727337272E-03
5.73990199056605E-03
5.77439934011367E-03
5.32464049374877E-03
5.84279953543163E-03
5.38697609467284E-03
5.91040311104586E-03
5.94390470540386E-03
6.4753058517802E-03
6.51116334811891E-03
8.05760242885653E-03
9.11384462739132E-03
8.14451714975897E-03
8.18756746909036E-03
8.74474204311549E-03
8.27285037543779E-03
7.79538892511748E-03
7.83472328805015E-03
8.39871963002526E-03
8.96763301147054E-03
9.01133253440685E-03
9.05473744246763E-03
9.09784700819811E-03
8.60297459753205E-03
8.10280343953232E-03
8.14005570227163E-03
8.72218117494982E-03
9.85652432432856E-03
9.35026219261169E-03
9.39128446902607E-03
9.43200578607099E-03
9.47242546634702E-03
0.010072104181246
9.55235723391287E-03
8.4634129352185E-03
7.93147308458955E-03
7.96350963310511E-03
8.56638698596895E-03
9.17351682149782E-03
7.48252811983075E-03
6.93354339701335E-03
6.95992026532171E-03
7.56825246831938E-03
7.59635475322949E-03
6.45126308533515E-03
6.47464042658542E-03
6.49781642773327E-03
7.11358985991472E-03
6.54356287764694E-03
6.56613256875566E-03
7.18745389575848E-03
7.21163237919589E-03
7.23558876120602E-03
7.25932264496787E-03
9.1035420466456E-03
9.13265168593062E-03
9.16148174175509E-03
9.19003173638654E-03
9.21830119667322E-03
9.24628965404794E-03
8.65573020156344E-03
8.0612321475757E-03
8.08475580630303E-03
7.48433939503207E-03
6.88013393384058E-03
0.00627219578412
5.66058142762351E-03
5.67601589804512E-03
5.05891498731376E-03
5.70637156221202E-03
5.72129225182616E-03
5.73604118169266E-03
5.11166053931693E-03
5.1244646974801E-03
4.49497609246193E-03
4.50591123433447E-03
5.16195640461111E-03
5.8209142781299E-03
5.83445418477522E-03
5.19806262200694E-03
5.20978920048678E-03
4.5686909080206E-03
3.9245834557573E-03
3.93302979006432E-03
3.94135964046546E-03
4.60783501279339E-03
3.95766933605185E-03
3.96564890926673E-03
3.31125954553466E-03
3.31771403415408E-03
3.98888493902843E-03
3.99639562143064E-03
4.00378876277987E-03
4.01106423959755E-03
4.68792558539838E-03
4.69613866797709E-03
5.37624463618655E-03
6.05848064973032E-03
5.39422995957941E-03
5.40298596655953E-03
6.08803200850088E-03
6.09752693104075E-03
6.10684382109031E-03
4.07732168179116E-03
4.08329525521164E-03
4.08914983428299E-03
4.09488532093906E-03
3.41708468257417E-03
3.42166552884999E-03
2.74091751693326E-03
2.74442296751997E-03
2.74784871606489E-03
2.75119470511847E-03
2.06584565891885E-03
1.37882359079578E-03
1.38037678037753E-03
1.38188998195914E-03
1.38336317014214E-03
2.07719448029339E-03
2.07928411208532E-03
2.08131361549856E-03
2.08328295644725E-03
2.78025613580145E-03
3.47840169939384E-03
2.78510623831557E-03
2.78741073212585E-03
3.48704350276829E-03
3.48972301399697E-03
3.49230190379801E-03
4.19373615457504E-03
4.19658917684326E-03
4.19932130338372E-03
6.30289873236921E-03
5.60589691667984E-03
4.90792383583286E-03
4.20903996371501E-03
4.21116696297509E-03
4.21317282127624E-03
4.91756708900901E-03
4.21682098202414E-03
4.92154042692072E-03
5.62664560050216E-03
5.62851185110431E-03
5.63021635115852E-03
6.33572895596808E-03
6.33728248601919E-03
5.63435907471342E-03
6.33984335197834E-03
7.04538960530147E-03
6.34167582047186E-03
6.34231886518623E-03
6.34277976808711E-03
6.3430585214139E-03
5.63836010708708E-03
5.63828405656689E-03
5.63804609097677E-03
5.6376462143236E-03
7.04635554167553E-03
6.34090585217208E-03
5.29864575321508E-03
5.63442777262949E-03
6.33737080819331E-03
5.63184738993225E-03
4.92652516736951E-03
4.22146483737166E-03
4.22007250272444E-03
4.21855887724075E-03
4.21692398639801E-03
4.21516785771315E-03
3.51107543395147E-03
3.50941000589766E-03
3.50764362529132E-03
3.50577632185406E-03
4.20456975240366E-03
4.2020868886201E-03
4.8993968760808E-03
4.19675824026297E-03
4.19391254531424E-03
5.58792799953352E-03
5.58381153753762E-03
4.1846505577314E-03
4.18132176731648E-03
4.17787233786243E-03
3.47858527278645E-03
4.17061179575372E-03
4.16680080510262E-03
3.46905784951323E-03
4.1588177047321E-03
4.15464572910118E-03
4.84207915634595E-03
4.83693149011515E-03
4.8316437716755E-03
4.82621608978016E-03
4.82064853551632E-03
5.50278994548862E-03
5.49610764101259E-03
4.11694935800552E-03
3.42641535575701E-03
3.42194002125874E-03
3.41736520320017E-03
4.0952291739095E-03
4.08950090971124E-03
4.08365354721642E-03
4.07768718437154E-03
3.39300160091314E-03
3.38783154939846E-03
3.38256258564564E-03
4.05263375740582E-03
4.72041958611152E-03
4.71262835534764E-03
3.36049939642321E-03
4.02568467225796E-03
4.68842737813519E-03
4.68008507362771E-03
4.67160534351106E-03
5.32912951936848E-03
5.31912477183802E-03
5.97258389239791E-03
5.96097647236696E-03
5.94919330195216E-03
5.9372345777661E-03
5.9251004993018E-03
6.56976807658642E-03
5.90030709188306E-03
5.23346504557535E-03
5.22205754049834E-03
5.86180697606899E-03
6.49847235774319E-03
6.4836326558639E-03
5.82174000335295E-03
5.80803718638905E-03
5.79416116741067E-03
5.78011217726877E-03
5.76589044963559E-03
6.39055135666657E-03
6.37436636740253E-03
6.99378926978158E-03
6.34142326234942E-03
6.32466569391424E-03
6.30771781828585E-03
6.91963790858872E-03
6.9005775017105E-03
7.50688221366613E-03
6.2380289189218E-03
5.59812041160117E-03
5.58184508114064E-03
6.18377811732251E-03
6.78184999268898E-03
6.14667056977509E-03
7.9661862933455E-03
7.94145769148759E-03
9.13440732110537E-03
9.10531461640491E-03
9.07594278118595E-03
9.04629230205546E-03
9.01636367019255E-03
8.98615738134646E-03
9.55271886489099E-03
8.9249138385452E-03
9.48680277219221E-03
9.45340344641364E-03
8.83097875338522E-03
9.97233281443966E-03
1.05203778794761E-02
1.04814869001094E-02
9.28201629620736E-03
8.66893569052785E-03
8.63570920134121E-03
7.45524984604409E-03
7.99721320931076E-03
7.39648333803932E-03
6.23340322538118E-03
5.64367844048003E-03
5.62044765705691E-03
6.71644588837109E-03
6.68814069486178E-03
7.21459058480995E-03
6.63089051277456E-03
6.05178426990529E-03
6.02505791295708E-03
5.99813767766401E-03
0.006513844377493
5.94371737031313E-03
5.91621820633093E-03
5.88852698020578E-03
5.86064415503366E-03
5.30233654326027E-03
5.27664143485803E-03
5.77585077152963E-03
5.74720625514759E-03
5.71837251102204E-03
6.72377730208408E-03
6.68925552005279E-03
6.14262631489026E-03
6.1103509415506E-03
5.06489319194536E-03
0.004533892149725
4.00820307049157E-03
3.98614507304934E-03
3.96395274007897E-03
4.43432975835634E-03
4.40906241597331E-03
4.38364524066105E-03
5.81077156192674E-03
6.25785788511396E-03
6.69899864183788E-03
7.60975475441321E-03
8.03595170584966E-03
7.98626105624494E-03
8.40313413904675E-03
8.34993474560356E-03
7.83553033433829E-03
7.32681111755481E-03
7.27874807245856E-03
7.68233029831001E-03
7.18185332352176E-03
6.6872094181787E-03
8.41217824870169E-03
9.23291620527471E-03
9.16783091368228E-03
8.66896765268938E-03
8.60635504648247E-03
8.97060244768514E-03
8.90420624099925E-03
8.41665281318343E-03
8.35280131234744E-03
8.28864316419864E-03
7.81297065092811E-03
8.15941199902939E-03
8.09434156373965E-03
7.22607268147122E-03
7.16696782696621E-03
7.50246040533462E-03
7.04795264921981E-03
6.98804483451426E-03
6.15810836448224E-03
6.10438683034774E-03
6.42858398919455E-03
5.99624504848001E-03
5.94182723464223E-03
6.25512853807143E-03
6.19682302487323E-03
6.13827628216111E-03
6.07948972412963E-03
6.02046479567112E-03
5.96120297391537E-03
5.90170576986278E-03
7.56020259191672E-03
7.8227213582767E-03
1.48094100495155E-02
1.03237196307927E-02
1.05425778797834E-02
1.01021138051657E-02
9.66841681077149E-03
1.11535701291836E-02
1.32322414068599E-02
0.017439546860611
1.41576449335804E-02
1.42934858545779E-02
1.71254275750418E-02
1.72122628929966E-02
0.018170217379672
2.14127025026685E-02
2.11374906428446E-02
2.22709638570954E-02
2.19753121904575E-02
2.03066839939814E-02
1.81335179873049E-02
1.76136380664996E-02
1.78898599323891E-02
1.76316061216581E-02
0.016606196765471
1.88745941447968E-02
1.80917691639696E-02
1.68355701772655E-02
0.0163298897689
1.67764266718325E-02
1.65018776183961E-02
1.69123330328553E-02
8.31244472575666E-03
8.38918351882038E-03
1.97349249151998E-02
1.91663055566328E-02
1.88138933649939E-02
2.05120592047996E-02
2.01191325142092E-02
0.019725585622693
1.93314604133404E-02
1.78005930017227E-02
1.74291549604183E-02
1.70573049662088E-02
0.016330090001379
1.66596436042224E-02
1.64485035645782E-02
1.60636207748921E-02
1.61635016757851E-02
1.57664931750612E-02
0.015369481858482
0.015369481858482
1.45757680590093E-02
1.41792367223757E-02
1.37830455961289E-02
1.33872944596326E-02
1.29920895380091E-02
1.25975439773139E-02
0.012203778356051
6.73222510430331E-03
8.50386328964629E-03
8.38165259313575E-03
8.51137518698503E-03
8.09865562218048E-03
7.89232002288095E-03
7.96422578713517E-03
7.64326916129041E-03
3.40054423133875E-03
3.42025969531748E-03
3.5854366657022E-03
3.49426643258277E-03
3.97549072183427E-03
5.07916959398175E-03
4.81243511006157E-03
4.18006709745932E-03
3.88312941161136E-03
2.94265574171795E-03
5.10852259616424E-03
4.77364804198121E-03
4.44522009164308E-03
4.12375015066609E-03
3.77168274526233E-03
3.50388499477106E-03
3.20666852739575E-03
2.91876686962037E-03
2.6408449132487E-03
2.6408449132487E-03
0.002117728537999
1.87397898796137E-03
1.64308508269026E-03
1.42578442916303E-03
1.22279846911587E-03
1.03481425270481E-03
8.62461430722358E-04
7.06283776739018E-04
5.66704696601497E-04
4.4398652401493E-04
2.97601964423973E-04
2.19202586377085E-04
1.72678646114142E-04
1.13895392074486E-04
5.03509847985508E-05
2.95340861882653E-05
1.61650531457801E-05
7.21955605595345E-06
3.38789910140504E-06
8.56252147879316E-07
1.73022948909085E-07
2.08611767741631E-08
9.26889745729972E-10
8.83004718974061E-12
2.92691802255761E-15
2.43132301937755E-23
3.82533178376083E-60
0
0
0
0
0
0
0
0
0
0
0
0
0
0
0
0
0
0
0
0
0
0
0
0
0
0
0
0
0
0
0
0
0
0
0
0
0
0
0
0
0
0
0
0
0
0
0
0
0
0
0
0
0
0
0
0
0
0
0
0
0
0
0
0
0
0
0
0
0
0
0
0
0
0
0
0
0
0
0
0
0
0
0
0
0
0
0
0
0
0
0
0
0
0
0
0
0
0
0
0
0
0
0
0
0
0
0
0
0
0
0
0
0
0
0
0
0
0
0
0
0
0
0
0
0
0
0
0
0
0
0
0
0
0
0
0
0
0
0
0
0
0
0
0
0
0
0
0
0
0
0
0
0
0
0
0
0
0
0
0
0
0
0
0
0
0
0
0
0
0
0
0
0
0
0
0
0
0
0
0
0
0
0
0
0
0
0
0
0
0
0
0
0
0
0
0
0
0
0
0
0
0
0
0
0
0
0
0
0
0
0
0
0
0
0
0
0
0
0
0
0
0
0
0
0
0
0
0
0
0
0
0
0
0
0
0
0
0
0
0
0
0
0
0
0
0
0
0
0
0
0
0
0
0
0
0
0
0
0
0
0
0
0
0
0
0
0
0
0
0
0
0
0
0
0
0
0
0
0
0
0
0
0
0
0
0
0
0
0
0
0
0
0
0
0
0
0
0
0
0
0
0
0
0
0
0
0
0
0
0
0
0
0
0
0
0
0
0
0
0
0
0
0
0
0
0
0
0
0
0
0
0
0
0
0
0
0
0
0
0
0
0
0
0
0
0
0
0
0
0
0
0
0
0
0
0
0
0
""
