0
0
0
0
0
0
0
0
0
0
0
0
0
0
0
0
0
0
0
0
0
0
0
0
0
0
0
0
0
0
0
0
0
0
0
0
0
0
0
0
0
0
0
0
0
0
0
0
0
0
0
0
0
0
0
0
0
0
0
0
0
0
0
0
0
0
0
0
0
0
0
0
0
0
0
0
0
0
0
0
0
0
0
0
0
0
0
0
0
0
0
0
0
0
0
0
0
0
0
0
0
0
0
0
0
0
0
0
0
0
0
0
0
0
0
0
0
0
0
0
0
0
0
0
0
0
0
0
0
0
0
0
0
0
0
0
0
0
0
0
0
0
0
0
0
0
0
0
0
0
0
0
0
0
0
0
0
0
0
0
0
0
0
0
0
0
0
0
0
0
0
0
0
0
0
0
0
0
0
0
0
0
0
0
0
0
0
0
0
0
0
0
0
0
0
0
0
0
0
0
0
0
0
0
0
0
0
0
0
0
0
0
0
0
0
0
0
0
0
0
0
0
0
0
0
0
0
0
0
0
0
0
0
0
0
0
0
0
0
0
0
0
0
0
0
0
0
0
0
0
0
0
0
0
0
0
0
0
0
0
0
0
0
0
0
0
0
0
0
0
0
0
0
0
0
0
0
0
0
0
0
0
0
0
0
0
0
0
0
0
0
0
0
0
0
0
0
0
0
0
0
0
0
0
0
0
0
0
0
0
0
0
0
0
0
0
0
0
0
0
0
0
0
0
0
0
0
0
0
0
0
0
0
0
0
0
0
0
0
0
0
0
0
0
0
0
0
0
0
0
0
0
0
0
0
0
0
0
0
0
0
0
0
0
0
0
0
0
0
0
0
0
0
0
0
0
0
0
0
0
0
0
0
0
0
0
0
0
0
0
0
0
0
0
0
0
0
0
0
0
0
0
0
0
0
0
0
0
0
0
0
0
0
0
0
0
0
0
0
0
0
0
0
0
0
0
0
0
0
0
0
0
0
0
0
0
0
0
0
0
0
0
0
0
0
0
0
0
0
0
0
0
0
0
0
0
0
0
0
0
0
0
0
0
0
0
0
0
0
0
0
0
0
0
0
2.65755565241003E-49
3.26427940028196E-22
6.43066089281761E-15
1.61952801293721E-11
1.49126509395997E-09
2.84758837385026E-08
2.30069447571249E-07
1.29558913850712E-06
4.3065241198274E-06
1.13420529955374E-05
2.45546701645804E-05
4.66587943161823E-05
8.27272622648247E-05
1.31605133793753E-04
1.96752321548836E-04
2.79721336431896E-04
3.81591556979242E-04
5.0299868087962E-04
6.44185924412046E-04
8.05064755058039E-04
9.85276989840212E-04
1.18425331736846E-03
1.40126562521612E-03
1.63547206635298E-03
1.88595476421506E-03
2.15175060846827E-03
2.4318758707254E-03
2.72534547278527E-03
3.03118773970316E-03
3.34845541286231E-03
3.67623361394709E-03
4.01364535748852E-03
4.35985511793898E-03
4.71407087260334E-03
4.92327861771076E-03
4.3004235249113E-03
4.65399882933882E-03
4.95736087542902E-03
5.26448434451887E-03
5.9930599542969E-03
6.84517939321677E-03
7.13491415696176E-03
8.15304345632012E-03
8.38205135452239E-03
8.5969737347374E-03
9.35890183146121E-03
9.7639580546673E-03
1.01700552706474E-02
1.05769212232241E-02
0.010984304208059
1.10502124524229E-02
1.15637143048496E-02
1.20852431474128E-02
1.26146117904901E-02
1.30214256727201E-02
0.01342760174706
1.38329958631883E-02
1.42374750287856E-02
1.46409165731799E-02
1.50432073722763E-02
1.54442431307101E-02
9.98167446191494E-03
1.02325687066612E-02
1.03161155374125E-02
1.00500735722115E-02
1.06307654218194E-02
1.06915297499687E-02
1.27464122104048E-02
1.30180838262824E-02
1.34782663245844E-02
1.70436183445267E-02
1.69850379784139E-02
1.67081685529091E-02
1.80475250852072E-02
1.85873786039994E-02
1.89202658200847E-02
1.96838606461659E-02
1.98003076887014E-02
2.01310925346909E-02
2.06872227827119E-02
1.77841641549713E-02
0.019704030733825
2.07197317749171E-02
2.10297408059593E-02
2.10925007114944E-02
2.13950074596676E-02
2.16955312049159E-02
2.25055540335397E-02
2.17722133799406E-02
2.20598951705062E-02
1.67592107627381E-02
1.61638330251367E-02
0.016092353061935
1.73932142197167E-02
2.12336579772708E-02
2.51579975223015E-02
2.34466223080596E-02
2.37120287389416E-02
2.42678806266851E-02
2.45325980626882E-02
2.44966121709293E-02
2.47542587499028E-02
7.31998948177263E-03
8.01045036201851E-03
8.40146188611227E-03
8.48374011727353E-03
8.56537946695469E-03
8.64638015136545E-03
8.40352974867762E-03
7.8279703179942E-03
8.55645846132034E-03
8.96400202966103E-03
9.04181404170049E-03
7.76802807253228E-03
8.17380335905283E-03
8.92804602788635E-03
0.022847490995014
2.37278057061843E-02
2.49692121358392E-02
2.30357595028431E-02
2.46392173367814E-02
0.02086610800002
2.06572246070516E-02
1.93466443694427E-02
1.28670931431153E-02
1.33274912353851E-02
1.41649414697431E-02
1.23846305888628E-02
1.24673592483753E-02
1.21690375925735E-02
1.07167993743233E-02
1.30961205031304E-02
1.51161653833156E-02
1.40394514382076E-02
1.49093899736811E-02
0.015393175963782
1.38956347671906E-02
1.39760717523744E-02
1.48588831399926E-02
1.45383643839805E-02
1.46186067514263E-02
1.71476893203319E-02
1.68289089513988E-02
1.89805685967605E-02
4.14757920695497E-02
4.08534366287754E-02
4.18962716695707E-02
4.21030678767208E-02
4.23075703196106E-02
4.25097804288362E-02
4.27096996008922E-02
4.29073291982464E-02
0.042671643843974
4.28627676999131E-02
0.04261676378622
4.01809796749712E-02
4.07908963668414E-02
4.09619409228039E-02
4.02463294597108E-02
4.04095452653429E-02
4.10165190845055E-02
4.29676553906544E-02
4.26839740932812E-02
3.24725385125823E-02
3.12354181639456E-02
3.45301607883624E-02
3.32864298881358E-02
0.034319253039257
3.35200579435697E-02
3.45558754440351E-02
1.89538259685352E-02
1.85523672191953E-02
0.017681675114943
1.77377396910198E-02
1.87294135204117E-02
2.44226002854561E-02
2.87354399491365E-02
2.64576217888535E-02
2.41648013164604E-02
2.23324775518407E-02
2.23943685675406E-02
3.63105298242653E-02
4.02395035383001E-02
3.98641256425767E-02
3.99659125557764E-02
4.05485436997517E-02
4.11316609440349E-02
4.12301364027186E-02
4.13266911715295E-02
4.33705644246329E-02
4.29792413296155E-02
4.30732404323574E-02
4.51273092384391E-02
4.57129634677976E-02
0.045806003919642
4.04682741722089E-02
3.85687248012202E-02
3.81460737760652E-02
3.82161560926955E-02
0.038284501108346
3.93472417037002E-02
3.94137976065359E-02
3.99783003646654E-02
0.028529989123892
2.60676490695255E-02
2.56047138309753E-02
2.56419295775463E-02
0.029202426197343
2.92421346766269E-02
2.97853724525905E-02
4.54928728076824E-02
3.64387224259435E-02
3.95216507380046E-02
3.95662608552998E-02
3.55466399319753E-02
3.91418714623175E-02
3.86718634794816E-02
3.66711905222199E-02
4.02727257674224E-02
4.28583165766736E-02
4.28931080188821E-02
4.29260068481921E-02
3.42633318937092E-02
4.70800437340357E-02
4.65977938807319E-02
4.96994247403993E-02
4.71632672979227E-02
4.71868633157204E-02
4.56689828954754E-02
4.51744535708929E-02
4.51910765355857E-02
4.52057171756532E-02
0.04573222068956
3.90614536264692E-02
3.95830271849925E-02
4.06171828868109E-02
4.01072331999786E-02
3.95954415714829E-02
3.90818755811052E-02
3.90808241766944E-02
4.62766509980343E-02
4.57572252131754E-02
0.046778069098056
0.027238861291558
2.67183444842129E-02
0.033388246380328
2.92691474341146E-02
2.72048880145933E-02
2.92457427597472E-02
4.20532171555272E-02
4.15191816504754E-02
4.14961654976621E-02
4.14713245487889E-02
4.50262959409429E-02
4.49953431201522E-02
4.49624076628672E-02
4.49274895137979E-02
0.044890588613441
4.48517048979239E-02
0.044810838298841
4.42592615982723E-02
4.42149384690876E-02
4.31532833838362E-02
3.90490988388607E-02
3.90046644013661E-02
3.89584944892952E-02
2.82986101893458E-02
4.74406376556213E-02
4.43537953776657E-02
0.04630641755027
0.045738265638586
4.81808097565535E-02
4.86092237085423E-02
4.90339128920656E-02
4.79561788835728E-02
0.047378253322931
4.77955992829263E-02
4.82090618275771E-02
4.96107888388078E-02
4.95192576480623E-02
4.94254699207181E-02
4.93294253981717E-02
4.92311238096175E-02
4.91305648716254E-02
4.90277482877086E-02
4.89226737478827E-02
0.048815340928216
4.87057494903714E-02
4.85938990811393E-02
4.84797893319632E-02
4.83634198584567E-02
4.82447902599127E-02
4.81239001188053E-02
4.80007490002849E-02
4.78753364516655E-02
4.77476620019069E-02
4.76177251610889E-02
4.74855254198815E-02
0.047351062249009
4.48536183437734E-02
4.51923296622599E-02
4.59954048239691E-02
4.58547526757554E-02
4.66447749603408E-02
4.64967189111008E-02
0.046346395122898
4.61938028871406E-02
4.60389414703234E-02
4.58818101134719E-02
4.57224080315902E-02
4.55607344131116E-02
4.53967884193557E-02
4.52305691839895E-02
2.92903492781236E-02
2.73836975028135E-02
4.02464366451425E-02
4.00886473522574E-02
2.12953641886562E-02
2.12090225124545E-02
0.023321751624624
2.36621871580759E-02
2.83608928825737E-02
3.38856469756845E-02
3.41689588622142E-02
3.48771988609861E-02
3.72902936484682E-02
3.71179011885675E-02
3.69435165306312E-02
3.67671384825614E-02
3.70093263493348E-02
0.037245371950026
3.66424228001447E-02
3.64559395497626E-02
3.70916933706509E-02
1.59886276074878E-02
1.54955137102377E-02
3.40675027008754E-02
0.033879828275232
3.24869941193137E-02
3.07071093885895E-02
3.05297417170231E-02
3.03505937151448E-02
2.97778501595124E-02
2.99869510772031E-02
3.09635881225953E-02
3.07700467371085E-02
3.13390143532182E-02
3.11368255727459E-02
3.09327299529963E-02
3.67221845759344E-02
2.90300891660834E-02
2.88304986520111E-02
2.60598109459762E-02
2.98835920813531E-02
3.22006569604334E-02
3.19646013822725E-02
3.20829390135862E-02
0.031840014726053
3.22970902298966E-02
2.71681208978563E-02
2.66065540801847E-02
2.81052189999621E-02
2.75343262263411E-02
0.027304272699525
2.77407625759169E-02
2.75011156906315E-02
2.75879381689778E-02
2.34355188161459E-02
1.90295752949947E-02
0.018534096965703
1.89928782286537E-02
1.81840955472254E-02
1.80070363031413E-02
1.90581631349546E-02
2.06916954902177E-02
2.07804454798012E-02
2.11593092394503E-02
1.85753820346024E-02
2.39155103397674E-02
2.36515998037613E-02
2.36709429922995E-02
0.023399891519177
2.31268813678113E-02
2.50545089635755E-02
2.44789095682816E-02
2.68627991814298E-02
2.65244641168806E-02
0.026183788243682
2.58407773072576E-02
2.54954378316594E-02
0.025147777185727
2.47978036544588E-02
2.44455265160142E-02
0.0240909561248
2.37341040011342E-02
2.33749829280168E-02
8.74517068112398E-03
8.60699696528465E-03
9.35934511457507E-03
8.76644603315286E-03
8.83381612940438E-03
8.68113977666969E-03
9.35954824570441E-03
9.19006820485241E-03
9.01965362175113E-03
8.06180198091143E-03
7.71207216325937E-03
9.25877539337198E-03
9.25440646822602E-03
9.96615707789423E-03
1.59569355693221E-02
1.54306386757491E-02
1.50801144752596E-02
1.65484510447213E-02
1.61513733541444E-02
1.57527923534097E-02
1.53527911899275E-02
1.49514601175562E-02
0.014548897075664
1.41452083150554E-02
0.013740509074334
0.013334924310465
1.29285894874762E-02
1.25216514273885E-02
1.21142692275846E-02
1.17066152488916E-02
1.12988761786482E-02
1.08912541729303E-02
1.04839680818818E-02
1.00772547617093E-02
9.67137047628459E-03
9.26659239041543E-03
8.86322015558831E-03
8.46157758727986E-03
8.06201443063165E-03
8.06201443063165E-03
7.27066613989321E-03
6.87972711873752E-03
6.49256372214487E-03
6.10968422659712E-03
5.73163458559396E-03
5.35900031587017E-03
4.99240822030759E-03
4.63252785477045E-03
4.28007261987453E-03
3.93580032641904E-03
3.60051304378347E-03
3.07855263331689E-03
2.72348997325433E-03
1.7537608882581E-03
2.36670446401544E-03
2.08976400791021E-03
2.08976400791021E-03
1.58052829300471E-03
1.3501690924401E-03
1.13720418546946E-03
9.42453033207407E-04
7.66611728393208E-04
6.10206235130781E-04
4.73538507879476E-04
3.56626851943023E-04
2.59143600104483E-04
1.80355702389497E-04
1.19077258435684E-04
7.36472007778576E-05
4.19494874298835E-05
2.14953428757477E-05
9.58354616684544E-06
3.539835112664E-06
1.00482206228035E-06
1.94168130281413E-07
2.07186257090043E-08
8.22562402553848E-10
5.22176747517064E-12
5.93455451191167E-16
4.11813561527624E-25
4.65591985584922E-70
0
0
0
0
0
0
0
0
0
0
0
0
0
0
0
0
0
0
0
0
0
0
0
0
0
0
0
0
0
0
0
0
0
0
0
0
0
0
0
0
0
0
0
0
0
0
0
0
0
0
0
0
0
0
0
0
0
0
0
0
0
0
0
0
0
0
0
0
0
0
0
0
0
0
0
0
0
0
0
0
0
0
0
0
0
0
0
0
0
0
0
0
0
0
0
0
0
0
0
0
0
0
0
0
0
0
0
0
0
0
0
0
0
0
0
0
0
0
0
0
0
0
0
0
0
0
0
0
0
0
0
0
0
0
0
0
0
0
0
0
0
0
0
0
0
0
0
0
0
0
0
0
0
0
0
0
0
0
0
0
0
0
0
0
0
0
0
0
0
0
0
0
0
0
0
0
0
0
0
0
0
0
0
0
0
0
0
0
0
0
0
0
0
0
0
0
0
0
0
0
0
0
0
0
0
0
0
0
0
0
0
0
0
0
0
0
0
0
0
0
0
0
0
0
0
0
0
0
0
0
0
0
0
0
0
0
0
0
0
0
0
0
0
0
0
0
0
0
0
0
0
0
0
0
0
0
0
0
0
0
0
0
0
0
0
0
0
0
0
0
0
0
0
0
0
0
0
0
0
0
0
0
0
0
0
0
0
0
0
0
0
0
0
0
0
0
0
0
0
0
0
0
0
0
0
0
0
0
0
0
0
0
0
0
0
0
0
0
0
0
0
0
0
0
0
0
0
0
0
0
0
0
0
0
0
0
0
0
0
0
0
0
0
0
0
0
0
0
0
0
0
0
0
0
0
0
0
0
0
0
0
0
0
0
0
0
0
0
0
0
0
0
0
0
0
0
0
0
0
0
0
0
0
0
0
0
0
0
0
0
0
0
0
0
0
0
0
0
0
0
0
0
0
0
0
0
0
0
0
0
0
0
0
0
0
0
0
0
0
0
0
0
0
0
0
0
0
0
0
0
0
0
0
0
0
0
0
0
0
0
0
0
0
0
0
0
0
0
0
0
0
0
0
0
0
0
0
0
0
0
0
0
0
0
0
0
0
0
0
0
0
0
0
0
0
0
0
0
0
0
0
0
0
0
0
0
0
0
""
