0
0
0
0
0
0
0
0
0
0
0
0
0
0
0
0
0
0
0
0
0
0
0
0
0
0
0
0
0
0
0
0
0
0
0
0
0
0
0
0
0
0
0
0
0
0
0
0
0
0
0
0
0
0
0
0
0
0
0
0
0
0
0
0
0
0
0
0
0
0
0
0
0
0
0
0
0
0
0
0
0
0
0
0
0
0
0
0
0
0
0
0
0
0
0
0
0
0
0
0
0
0
0
0
0
0
0
0
0
0
0
0
0
0
0
0
0
0
0
0
0
0
0
0
0
0
0
0
0
0
0
0
0
0
0
0
0
0
0
0
0
0
0
0
0
0
0
0
0
0
0
0
0
0
0
0
0
0
0
0
0
0
0
0
0
0
0
0
0
0
0
0
0
0
0
0
0
0
0
0
0
0
0
0
0
0
0
0
0
0
0
0
0
0
0
0
0
0
0
0
0
0
0
0
0
0
0
0
0
0
0
0
0
0
0
0
0
0
0
0
0
0
0
0
0
0
0
0
0
0
0
0
0
0
0
0
0
0
0
0
0
0
0
0
0
0
0
0
0
0
0
0
0
0
0
0
0
0
0
0
0
0
0
0
0
0
0
0
0
0
0
0
0
0
0
0
0
0
0
0
0
0
0
0
0
0
0
0
0
0
0
0
0
0
0
0
0
0
0
0
0
0
0
0
0
0
0
0
0
0
0
0
0
0
0
0
0
0
0
0
0
0
0
0
0
0
0
0
0
0
0
0
0
0
0
0
0
0
0
1.97502296986166E-51
3.11991632006599E-25
2.22606830523804E-17
1.46288203203439E-13
2.41915135030013E-11
8.00453724948346E-10
8.89752989786366E-09
5.10419251574638E-08
2.35756436274235E-07
5.58960204188321E-07
1.41909504645447E-06
3.00967835612143E-06
5.83222431937508E-06
9.77681634957871E-06
1.52225599582009E-05
2.16822354737419E-05
3.11441041691692E-05
3.79033160505418E-05
5.05271594277863E-05
6.76143507070758E-05
8.26620468047503E-05
1.22661050679451E-04
1.53022633271321E-04
1.82747109424693E-04
2.03520477035587E-04
2.36600409740936E-04
2.7976020770549E-04
3.18401510079463E-04
3.59144607457535E-04
4.13008699436653E-04
4.58761368883389E-04
5.19913654142768E-04
1.09554309927706E-03
1.19513128805312E-03
1.35059112459989E-03
1.45933257210091E-03
1.52889403564047E-03
1.86015528960225E-03
2.03395648619989E-03
2.44204704737091E-03
2.59157768346763E-03
2.71419041943622E-03
2.83479733088668E-03
2.79607608520871E-03
2.93705639176049E-03
2.90558010504911E-03
3.03942769731162E-03
3.24901950133764E-03
3.34693070549352E-03
3.48256660954271E-03
2.80930241427457E-03
2.8701366803026E-03
4.48277437335773E-03
4.63776764162935E-03
4.79217611486517E-03
4.84498363424046E-03
4.94284014580865E-03
5.09038893167412E-03
5.23710422494874E-03
5.66624674805498E-03
5.81877162589084E-03
5.97027208112329E-03
6.12070894807858E-03
6.27004739074853E-03
6.41825657930376E-03
6.56530938834023E-03
6.71118211562844E-03
6.85585422016128E-03
6.99930807833223E-03
7.27709843764896E-03
7.65059856590712E-03
8.03159625419524E-03
8.41995663899456E-03
8.81554577090264E-03
7.09803767276278E-03
7.60602504840257E-03
7.93504635021745E-03
7.32728469907499E-03
7.19222682417846E-03
7.48012821635498E-03
7.88996523932243E-03
1.95596959404017E-03
2.28233400500397E-03
2.36527520175237E-03
2.58533854415767E-03
2.67508567816468E-03
2.76589894742999E-03
3.00816509340619E-03
3.10593490553024E-03
3.36499804556794E-03
3.30461887477342E-03
3.40549010282363E-03
3.33198512582384E-03
3.06865829177129E-03
3.34257316436839E-03
3.62775042189834E-03
3.92430998205858E-03
4.23236816351879E-03
0.003931305338763
4.2464592321227E-03
4.35553766382496E-03
4.46543332403984E-03
4.34732197102111E-03
0.003750084265011
4.07986986447208E-03
4.42155251562139E-03
5.02655632755284E-03
5.39804062995568E-03
6.04454285220156E-03
6.44632783519034E-03
7.68379131447932E-03
8.68861233598331E-03
9.15732264872306E-03
8.7625775929916E-03
8.94107535077212E-03
9.12046160637032E-03
8.68066737983333E-03
8.8496937241132E-03
0.0103079892478
1.05029017230781E-02
1.06986517583992E-02
9.87379161025281E-03
1.03992944328904E-02
1.09378836110118E-02
8.61720881766626E-03
9.13221915288104E-03
8.91718901379234E-03
9.06797029632899E-03
9.60339587824566E-03
9.37104426955684E-03
1.03169182927628E-02
9.27287284544009E-03
7.78147136631439E-03
8.31904439108262E-03
8.44742254614398E-03
8.14733894811483E-03
7.83468449049448E-03
7.50940007981302E-03
7.61964311751064E-03
7.73014475132808E-03
7.37966728852054E-03
7.48413173798627E-03
8.06311692067941E-03
7.21285516444185E-03
6.33653549171735E-03
5.92808299524166E-03
6.00719852703701E-03
6.08645081413885E-03
5.65201492123228E-03
6.24534413364326E-03
6.3249745730118E-03
6.93844729378133E-03
7.56533985185475E-03
8.20567351345469E-03
7.75203444299566E-03
8.40594810527552E-03
7.93917426825401E-03
8.03289690968943E-03
8.12671391139208E-03
7.63343263399153E-03
7.72070836064789E-03
8.40867625453179E-03
9.11016019635631E-03
8.59702352055641E-03
8.07048640830874E-03
8.15807537312668E-03
8.87999815464508E-03
8.97442357767969E-03
9.71666883421484E-03
9.81792345044917E-03
9.9192124477886E-03
1.00205306465421E-02
9.44708139242907E-03
9.54168524936294E-03
1.10129167467713E-02
1.18161262066692E-02
1.26328584703691E-02
1.27545235408229E-02
0.012876181874887
1.29978277383915E-02
1.31194554525953E-02
1.39766738039478E-02
1.41050025444405E-02
1.34841737231689E-02
0.014361543857116
1.37271267876259E-02
1.30791665959429E-02
1.31937712667127E-02
1.33083176693472E-02
1.34228008729662E-02
1.35372159907924E-02
1.52576238475998E-02
1.37658226381697E-02
1.38800046082892E-02
1.31709170563744E-02
1.41081022537769E-02
1.42220086157434E-02
1.43358138610278E-02
0.014449513431166
1.37064496996776E-02
1.29499213258543E-02
1.39199370125178E-02
1.40265083448207E-02
1.50162692512976E-02
1.60191965043277E-02
1.52420764887459E-02
1.44515491956541E-02
0.013647635738479
1.00809957714015E-02
1.19997398947034E-02
1.30151056159176E-02
1.21710469160006E-02
1.41421290979321E-02
1.42405927290062E-02
1.62507567648551E-02
1.63619973479455E-02
1.64730562265188E-02
1.56084042176552E-02
1.57125771502261E-02
0.015816568082764
1.69153967461099E-02
1.70254888922088E-02
0.015119449632046
1.52162250612068E-02
1.42919589889721E-02
1.43819300758167E-02
1.65391089103564E-02
1.45613266517235E-02
1.46507461631864E-02
1.36871204543957E-02
1.48290128479674E-02
1.59834151818975E-02
1.60783895832803E-02
1.61731481754474E-02
1.40986628464465E-02
1.30896045749937E-02
1.31648788928023E-02
1.21366399703148E-02
1.33148781466564E-02
1.45053982004764E-02
1.34641291058355E-02
1.46666737921615E-02
1.70157663164226E-02
1.71082020220422E-02
1.60536967789115E-02
1.26810387966502E-02
1.27482724469114E-02
1.16502889057403E-02
1.17110661876575E-02
1.05945017338095E-02
1.06488848643202E-02
9.51387317848161E-03
9.56192666175025E-03
0.015615980982891
1.56935920732945E-02
1.57709617975156E-02
0.015848087871737
1.46999704866903E-02
1.47707077018433E-02
1.48412137681389E-02
0.0149114866326
1.37330639011428E-02
1.37970475607511E-02
1.38608118804622E-02
1.39243550275231E-02
0.013987675181259
1.40507705329948E-02
1.28305811690706E-02
1.28875269593653E-02
1.16498371645922E-02
1.17007103144833E-02
1.30571025349425E-02
1.31132018258818E-02
1.31690855413692E-02
1.32247521220323E-02
1.46082200207161E-02
1.33354276930092E-02
1.47294769776242E-02
1.61342595233991E-02
1.61997289742214E-02
1.62649268938619E-02
1.36082095804213E-02
0.013662084173579
1.23441552504543E-02
9.63839783860626E-03
8.29339071906451E-03
9.71268263297314E-03
1.11423739662166E-02
9.78630527440022E-03
9.82286580803807E-03
0.01126772324716
1.13091204579363E-02
1.13503228795587E-02
1.13913294148114E-02
1.14321389740478E-02
8.60456285637117E-03
8.63487213266933E-03
8.66503125909927E-03
8.69503944092433E-03
8.72489588898283E-03
8.75459981966927E-03
8.78415045491591E-03
1.02824715258707E-02
1.03165868801342E-02
1.03505207050389E-02
1.03842721184783E-02
0.010417840244707
8.95819218370535E-03
8.98664842649881E-03
9.0149453466124E-03
9.04308221506393E-03
7.55921525687412E-03
7.58239408993898E-03
6.08435020080474E-03
6.10267652035792E-03
6.12089376245826E-03
6.13900146249464E-03
7.69624894923643E-03
6.17488639558924E-03
7.7408283963251E-03
7.76290959159634E-03
7.78485102152326E-03
7.80665213169878E-03
7.82831237207712E-03
6.2798649575724E-03
6.29696645201278E-03
7.89244243921755E-03
7.91353378688851E-03
7.93448157966892E-03
9.54634235221603E-03
7.97594440868392E-03
7.99645840974327E-03
8.01682678554802E-03
8.03704902924227E-03
8.05712463825126E-03
8.07705311427533E-03
8.0968339632839E-03
9.73976003461173E-03
9.76314099053223E-03
9.78634304619368E-03
9.80936562918404E-03
9.83220817218163E-03
9.85487011294915E-03
8.23112574527329E-03
8.24970830352697E-03
8.26813897970365E-03
8.28641732217355E-03
8.30454288352131E-03
8.32251522054178E-03
8.3403338942361E-03
6.68639877584625E-03
6.70040681332729E-03
6.71429088670982E-03
6.72805065822488E-03
8.42710724181754E-03
1.01327939419901E-02
8.46072604264739E-03
1.01727601311679E-02
1.35899468005343E-02
1.36159609097603E-02
1.36417218738339E-02
1.19588254368521E-02
1.19809216493048E-02
1.37174797077857E-02
1.37422219371981E-02
1.37667079777219E-02
1.37909372405704E-02
0.013814909143602
1.21087952224027E-02
1.03965589311417E-02
1.04139562289935E-02
1.04311588103491E-02
1.21895273074008E-02
1.04649781816538E-02
1.04815941630678E-02
1.22476827793969E-02
1.22666095222218E-02
1.22853063006828E-02
1.23037726691973E-02
0.014082295071964
1.58657302581227E-02
1.41231827954461E-02
1.23753253346131E-02
1.06222570046645E-02
1.06368926122381E-02
1.24265495560061E-02
1.24431572979544E-02
1.60193968455735E-02
1.42579084731677E-02
1.24915740183266E-02
1.25072428165541E-02
1.07337222327618E-02
1.07467483016715E-02
1.07595717418213E-02
0.012567557625566
1.25820444515249E-02
1.43957643828774E-02
1.62132498516313E-02
1.98378383292896E-02
0.021664481143963
2.16872748223386E-02
2.17096586762377E-02
2.17316321792397E-02
1.99404285802309E-02
0.018145288396864
1.81625712222968E-02
1.81795104161874E-02
1.63764950228872E-02
1.63911206946302E-02
1.82282622742299E-02
2.00682053535679E-02
2.00849421147296E-02
1.64465168670526E-02
1.46307445858494E-02
1.64723465276027E-02
1.83164368600345E-02
2.19959030762362E-02
2.20116648576686E-02
2.01914251071663E-02
2.02051077873585E-02
2.02184071737137E-02
2.02313229555485E-02
2.20842052704231E-02
2.20974572815985E-02
2.21102898575157E-02
2.02791441404768E-02
0.016601021636661
1.47641786855381E-02
1.66180649753224E-02
1.66261133039217E-02
1.84820509104557E-02
1.66412623415667E-02
1.47985446200598E-02
1.48045748639866E-02
1.48103237838128E-02
1.66677651513475E-02
1.48209771221538E-02
1.48258812926013E-02
1.48305036428136E-02
0.012980488557045
1.66937652660626E-02
1.48426787289514E-02
1.29904011895089E-02
1.29932114852769E-02
1.29957747097554E-02
1.29980908033161E-02
1.48573253852391E-02
1.67168332130627E-02
1.85765082692966E-02
1.85784041102549E-02
2.04379412648517E-02
1.85811357158931E-02
1.85819714170504E-02
2.04406990572941E-02
2.04408407707627E-02
0.014865886324266
1.48654238824354E-02
1.48646787003616E-02
1.48636507953732E-02
1.67201327152951E-02
1.67183402836959E-02
1.67162298916822E-02
1.48567125229652E-02
1.48542714934539E-02
1.67079914809571E-02
1.85606775689698E-02
0.016700910502152
1.66968936372607E-02
1.66925593108619E-02
1.66879076238153E-02
1.85365985381974E-02
1.85307251202248E-02
1.85244994648218E-02
1.85179217169295E-02
2.03620912326789E-02
2.03540816209899E-02
1.84960774910115E-02
1.66392836882551E-02
1.66317815145485E-02
1.47768563516616E-02
1.47696262343938E-02
2.02979089602575E-02
2.58200681304806E-02
2.39626619889877E-02
2.94758049056537E-02
2.94585432085405E-02
0.033120812671752
0.04229461780478
3.85919690299262E-02
4.04028752608279E-02
0.038540061252584
4.03469634965792E-02
0.038485229636478
3.84567189804951E-02
3.47677193750595E-02
0.032912152548806
3.28858420070323E-02
4.01608880427522E-02
4.37751364724547E-02
4.19151674419605E-02
4.73407646910837E-02
4.72982699745722E-02
3.99848984974001E-02
4.17632194611047E-02
4.35373094995489E-02
4.53070665760275E-02
4.34514358508542E-02
3.97899941375304E-02
4.33622763944233E-02
4.15116143010653E-02
4.14669295369495E-02
4.14214616376005E-02
4.31741339206005E-02
4.31250581589899E-02
3.76907725463624E-02
3.76464081819023E-02
3.58107941358744E-02
3.75555505928887E-02
5.00120793521236E-02
4.81652507637137E-02
4.45404265262839E-02
5.33790719692009E-02
5.15316731049352E-02
5.14626069876628E-02
5.84812035940503E-02
6.54792475052351E-02
6.53874298927677E-02
0.067059096747758
0.095156918850087
0.117892139407183
0.114203059932442
0.157889085639044
0.154144610064685
0.159152683139713
0.162395214463931
0.162136843109131
0.160134840324258
0.158135495239389
0.156138911688615
0.155877161771829
0.146967360227798
0.14671465602854
0.146459212916655
0.163401159029001
0.137355420763108
0.137107305219967
0.136856635367377
0.136603417244246
0.136347656956052
0.136089360674881
0.137526391322461
0.137259749969677
0.140373043041632
0.168788676744657
0.168450075081424
0.168108351469018
0.167763514206879
0.16741557167816
0.167064532349797
0.166710404772575
0.139736685968206
0.141093981570211
0.109315522347799
9.91579115577323E-02
9.56383740195848E-02
9.70675525512088E-02
0.093563092703088
0.086796648339881
6.37204377650519E-02
0.06194046230308
6.17932085387125E-02
5.84003583733052E-02
5.34038205702016E-02
5.48873360128023E-02
5.63618906387303E-02
5.62210828639431E-02
6.24883066935609E-02
3.83563847063297E-02
0.036663656473077
3.33885793514621E-02
3.01295119704928E-02
3.47944616426578E-02
3.31241485314237E-02
2.51693727630991E-02
2.66696462294555E-02
2.19028779053489E-02
2.02819706039587E-02
0.028004107439759
0.027924981739182
2.47514252684025E-02
2.31376870991145E-02
1.84563980311827E-02
1.68687890909425E-02
1.98768950001665E-02
1.98175927437639E-02
1.97579363968267E-02
2.12131526750489E-02
1.96375675413686E-02
1.95768581167449E-02
0.025520662544649
2.84333495644463E-02
0.032818328403873
0.03717414799882
0.037054084130273
3.54560318495049E-02
2.94495986172125E-02
3.08195853601996E-02
3.21792438789419E-02
3.20707389445221E-02
3.19616726979609E-02
3.04042276341389E-02
2.74134312147843E-02
2.58800193582743E-02
2.57889698703674E-02
2.56974729874162E-02
2.56055311318308E-02
2.83479408254911E-02
2.68325624035671E-02
2.53270602075573E-02
2.80370700276653E-02
2.51392332367454E-02
2.36533026253387E-02
2.35635922964159E-02
0.024854273575088
2.47584387876338E-02
2.46621841931929E-02
2.45655124040351E-02
2.58277830529222E-02
2.57248682114444E-02
2.29245191316605E-02
2.28316669355972E-02
2.40759882110619E-02
2.39768691087163E-02
2.25508320648585E-02
2.24564696335442E-02
2.36771323957858E-02
2.35764362721904E-02
2.34753528766599E-02
2.20753358709753E-02
2.32720356112825E-02
2.44570189849155E-02
2.43487147756921E-02
2.42400169190876E-02
2.28608796350403E-02
2.14928786764993E-02
2.39115924531266E-02
2.38013510981543E-02
2.36907317448656E-02
0.024820776405941
2.59387267639583E-02
2.58152311697443E-02
2.32445385148754E-02
1.94796441951032E-02
1.81730983620418E-02
1.80837498689641E-02
1.79941235935961E-02
1.79042221934583E-02
1.66264451208876E-02
1.41788837902248E-02
1.17552627243557E-02
0.011694612746261
1.16337883893331E-02
1.15727914976512E-02
1.15116239277154E-02
1.14502875485547E-02
1.13887842418374E-02
1.24598274921822E-02
1.23918128799104E-02
1.23236209415073E-02
1.22552538036928E-02
0.01329459666299
1.32196391014034E-02
1.31444974692383E-02
1.19800763050756E-02
1.08280596230577E-02
1.07649933974613E-02
1.07017818111456E-02
1.17022695977785E-02
1.16324238167884E-02
1.15624249282533E-02
1.14922752272464E-02
1.14219770251274E-02
0.011351532649723
1.23064848496496E-02
1.12102147738155E-02
1.11393460129891E-02
1.00621277805664E-02
9.9974552943134E-03
9.93266294457005E-03
1.08545282530013E-02
8.82245481731618E-03
8.76383015052853E-03
6.77063777401652E-03
5.76418903846507E-03
5.72491051629136E-03
5.68556963638771E-03
5.64616780599914E-03
5.60670644314702E-03
4.63932248064406E-03
4.60634237240468E-03
4.57331625392686E-03
7.26439255046957E-03
7.21140939391394E-03
7.15835851771271E-03
7.10524191877345E-03
7.05206161004114E-03
6.12396716813871E-03
4.34094874785054E-03
4.30759925000296E-03
4.27421506908217E-03
4.24079751554076E-03
4.20734791077855E-03
4.17386758730991E-03
4.14035788893512E-03
4.92818420509917E-03
5.70255812021784E-03
5.65553261753573E-03
4.80726315280821E-03
4.76689994277449E-03
4.72651145478569E-03
4.68609940239983E-03
6.19422068607308E-03
7.67535255970685E-03
7.60789871113097E-03
7.54041727292484E-03
7.47291123355082E-03
8.14592197027636E-03
8.07162118948243E-03
7.99730339540742E-03
7.20270181929094E-03
6.42160673422677E-03
6.36077637003345E-03
6.29994341946263E-03
6.23911078554483E-03
6.17828140017406E-03
6.11745822463484E-03
6.0566442501418E-03
5.99584249839314E-03
5.93505602213756E-03
5.87428790575555E-03
5.81354126585496E-03
5.75281925188169E-03
6.32458338527252E-03
6.2571798527338E-03
5.57083296580443E-03
5.51024162899093E-03
5.44969118036063E-03
4.79038664896814E-03
4.73664571192252E-03
4.68295018121972E-03
4.62930314584388E-03
4.57570773019956E-03
5.65270886852941E-03
5.02726999175365E-03
4.96717086609031E-03
4.36190603310543E-03
4.84719398182739E-03
4.2553988634823E-03
4.20225539864927E-03
4.6678386523233E-03
4.60823162006952E-03
5.55954689602469E-03
5.48693244716163E-03
6.39888920137898E-03
6.79902199311472E-03
6.7071066870454E-03
7.0878986734553E-03
6.98981236021483E-03
6.89193401761905E-03
6.79427096311198E-03
6.69683061242688E-03
7.03959518048178E-03
6.50264818964447E-03
6.40592145974887E-03
6.30944812256323E-03
6.21323611801127E-03
6.11729349776404E-03
6.4230703228497E-03
5.92624919024275E-03
5.83116418718657E-03
4.97153101640454E-03
4.88965628896075E-03
4.80805905165204E-03
4.72674702216418E-03
4.28836433836479E-03
4.21385541703277E-03
4.13963178295356E-03
4.06570099894588E-03
3.99207074352392E-03
3.91874881338803E-03
3.8457431259598E-03
3.7730617219622E-03
3.70071276804348E-03
3.32631251282328E-03
3.26062506247662E-03
3.19526553353719E-03
2.84567445330772E-03
3.34424973646861E-03
3.27407437548112E-03
2.93726802047906E-03
2.61242753435793E-03
3.06594576574723E-03
3.24718348308002E-03
2.92928589452252E-03
3.10008067482842E-03
3.95872101623051E-03
4.5460520742784E-03
4.43557190294955E-03
4.54219073581763E-03
4.21704208372291E-03
3.6981256818279E-03
5.00234224066295E-03
4.28515632530584E-03
4.16923787483893E-03
4.05432719122486E-03
3.58222363201773E-03
3.47965123788603E-03
3.04024968279696E-03
2.94971062482663E-03
2.86008788844129E-03
2.61743401562602E-03
2.38548326921604E-03
2.7411844766143E-03
2.92967462208665E-03
2.0220027843671E-03
1.82209484506453E-03
1.75780954135129E-03
1.93641521013668E-03
1.74832821432075E-03
1.6822025304703E-03
1.61703074783481E-03
1.65635374961049E-03
1.4896242086851E-03
1.42742767291028E-03
1.36626146184687E-03
1.65445058931919E-03
1.49651844559383E-03
1.26841807961941E-03
1.20778140653901E-03
1.0765783246285E-03
1.04408299920861E-03
1.09068283863688E-03
1.06748294553086E-03
9.78836058516721E-04
8.9294870783815E-04
8.72156181461831E-04
7.90406199374312E-04
7.70811466354185E-04
8.08855157638871E-04
7.31216419719729E-04
7.11227230143194E-04
6.9111876255285E-04
7.22505841208387E-04
8.50750390550658E-04
8.24047908804731E-04
7.97233866390464E-04
8.15635396984537E-04
6.55878249382043E-04
6.32002789293129E-04
5.27007907430543E-04
5.45202706833268E-04
5.22854477274427E-04
5.36273431122457E-04
5.12385132223548E-04
4.55990243116305E-04
4.33839094120182E-04
3.82385256333351E-04
3.62050348328777E-04
3.41874697381608E-04
3.21889222463531E-04
3.48608075128117E-04
3.47844077308783E-04
3.24203942355024E-04
3.19788267542041E-04
3.12992518868569E-04
2.87970193611546E-04
2.48952205225472E-04
2.39937991158102E-04
2.29122851923645E-04
1.95044444402015E-04
1.93279851577336E-04
1.70953429346712E-04
1.49815962581687E-04
1.29944272786572E-04
1.11411040368164E-04
9.42826745005519E-05
8.25476574438066E-05
5.80135304396865E-05
4.66576613720103E-05
3.87379919296332E-05
2.96927555679845E-05
2.20816102241388E-05
1.66793585561541E-05
1.14698930507201E-05
7.4928140167435E-06
4.59742638298235E-06
2.47974883848876E-06
1.27689097091891E-06
5.18985232346296E-07
1.99982344856522E-07
6.5346883104532E-08
1.31506032738247E-08
1.89690181040217E-09
1.3687348684147E-10
3.33824025162695E-12
9.36317980474968E-15
2.97891426193855E-19
1.84779140357241E-29
2.33092404100503E-74
0
0
0
0
0
0
0
0
0
0
0
0
0
0
0
0
0
0
0
0
0
0
0
0
0
0
0
0
0
0
0
0
0
0
0
0
0
0
0
0
0
0
0
0
0
0
0
0
0
0
0
0
0
0
0
0
0
0
0
0
0
0
0
0
0
0
0
0
0
0
0
0
0
0
0
0
0
0
0
0
0
0
0
0
0
0
0
0
0
0
0
0
0
0
0
0
0
0
0
0
0
0
0
0
0
0
0
0
0
0
0
0
0
0
0
0
0
0
0
0
0
0
0
0
0
0
0
0
0
0
0
0
0
0
0
0
0
0
0
0
0
0
0
0
0
0
0
0
0
0
0
0
0
0
0
0
0
0
0
0
0
0
0
0
0
0
0
0
0
0
0
0
0
0
0
0
0
0
0
0
0
0
0
0
0
0
0
0
0
0
0
0
""
