0
0
0
0
0
0
0
0
0
0
0
0
0
0
0
0
0
0
0
0
0
0
0
0
0
0
0
0
0
0
0
0
0
0
0
0
0
0
0
0
0
0
0
0
0
0
0
0
0
0
0
0
0
0
0
0
0
0
0
0
0
0
0
0
0
0
0
0
0
0
0
0
0
0
0
0
0
0
0
0
0
0
0
0
0
0
0
0
0
0
0
0
0
0
0
0
0
0
0
0
0
0
0
0
0
0
0
0
0
0
0
0
0
0
0
0
0
0
0
0
0
0
0
0
0
0
0
0
0
0
0
0
0
0
0
0
0
0
0
0
0
0
0
0
0
0
0
0
0
0
0
0
0
0
0
0
0
0
0
0
0
0
0
0
0
0
0
0
0
0
0
0
0
0
0
0
0
0
0
0
0
0
0
0
0
0
0
0
0
0
0
0
0
0
0
0
0
0
0
0
0
0
0
0
0
0
0
0
0
0
0
0
0
0
0
0
0
0
0
0
0
0
0
0
0
0
0
0
0
0
0
0
0
0
0
0
0
0
0
0
0
0
0
0
0
0
0
0
0
0
0
0
0
0
0
0
0
0
0
0
0
0
0
0
0
0
0
0
0
0
0
0
0
0
0
0
0
0
0
0
0
0
0
0
0
0
0
0
0
0
0
0
0
0
0
0
0
0
0
0
0
0
0
0
0
0
0
0
0
0
0
0
0
0
0
0
0
0
0
0
0
0
0
0
0
0
0
0
0
0
0
0
0
0
0
0
0
0
0
0
0
0
0
0
0
0
0
0
0
0
0
0
0
0
0
0
0
0
0
0
0
0
0
0
0
0
0
0
0
0
0
0
0
0
0
0
0
0
0
0
0
0
0
0
0
0
0
0
0
0
0
0
0
0
0
0
0
0
0
0
0
0
0
0
0
0
0
0
0
0
0
0
0
0
0
0
0
0
0
0
0
0
0
0
0
0
0
0
0
0
0
0
0
0
0
0
0
0
0
0
0
0
0
0
0
0
0
0
0
0
0
0
0
0
0
0
0
0
0
0
0
0
0
0
0
0
0
2.49500872304546E-67
1.83657014761769E-24
1.07115961235634E-15
5.881523727875E-12
7.69752910048364E-10
1.82530718642723E-08
1.47653523651919E-07
1.32379021205169E-07
2.17277628945362E-06
5.8197547286349E-06
1.16800156308409E-05
2.21280203989434E-05
3.9383397472828E-05
5.78093739360563E-05
7.92522890100965E-05
1.07457200440516E-04
1.19632010352193E-04
1.66094906216151E-04
2.45864880887842E-04
2.92885494040158E-04
3.58061975278722E-04
3.89087795826827E-04
4.60168262463864E-04
5.36964615327449E-04
6.51807188361102E-04
8.55420035322875E-04
9.6719605245716E-04
1.17887608487961E-03
1.3121666617302E-03
1.33474903380737E-03
1.53069323482266E-03
0.002021656380366
2.19878082454067E-03
2.46269893603357E-03
2.92084930835597E-03
3.23241419166886E-03
3.76515555432091E-03
4.01711921496168E-03
3.58023382325774E-03
3.79794375579217E-03
7.00010142974722E-03
6.84177575593171E-03
7.49420551224118E-03
7.11939197034862E-03
7.62723148081311E-03
7.1546110766311E-03
7.30497671548334E-03
7.9869147916823E-03
5.10731856931865E-03
5.11786890655578E-03
5.72768544524745E-03
6.36940106238989E-03
9.24407628901118E-03
1.23070266496852E-02
1.13156529931223E-02
0.012179936262838
2.01178408877411E-02
2.43801264115755E-02
2.27176450059322E-02
2.33903709046188E-02
2.40638554129165E-02
2.47379282635695E-02
2.54124294408096E-02
2.57803001455254E-02
2.64472753053326E-02
2.71142534666345E-02
2.34816529915916E-02
2.40451048959892E-02
2.59946434575229E-02
2.65891244160931E-02
2.82704384055901E-02
3.18504197880062E-02
3.32866349586555E-02
3.16643836816129E-02
3.07346674375309E-02
0.031128701635448
3.15519180884398E-02
4.13435213807948E-02
3.95662525420639E-02
4.02932913214753E-02
4.10189061991573E-02
3.72545381407529E-02
3.74428094030304E-02
3.94716393036677E-02
4.01291031294256E-02
4.03051904720727E-02
3.99767643379973E-02
4.06064054874914E-02
4.27430047938531E-02
4.44132831512235E-02
4.50760502985737E-02
4.57369882297139E-02
4.63960626377772E-02
4.70532405900703E-02
0.048805237355367
4.94735468938301E-02
4.61962413758273E-02
4.73790454742209E-02
4.68399886606933E-02
4.74406689905625E-02
4.80393991803232E-02
4.62343709892132E-02
4.74075515895152E-02
4.67481304142282E-02
4.79247762037262E-02
4.84843599413223E-02
3.24823439163654E-02
3.02738531641985E-02
3.12630854803183E-02
1.51449876064592E-02
1.66403661616583E-02
4.30543902348783E-02
3.53500224246825E-02
3.50300782129637E-02
5.89809153309086E-02
0.05957602956601
6.08766590336717E-02
6.14739981498902E-02
3.46431217198755E-02
3.35165784040079E-02
2.20644740055147E-02
2.22694539285854E-02
2.02262157569591E-02
2.26768267082304E-02
2.28792102518093E-02
2.15420045569307E-02
2.01771691447868E-02
2.03502826984445E-02
2.05226268878954E-02
1.98982673619186E-02
2.24699920378899E-02
2.18440457288265E-02
1.95731425339292E-02
2.05506552057407E-02
3.23105019322152E-02
3.42305752051906E-02
4.45877918077884E-02
4.66199426747211E-02
3.58663471735911E-02
0.036130707735196
3.63937601418889E-02
3.66554994157587E-02
3.77948711302117E-02
4.07154969462575E-02
3.03027343959606E-02
0.031407689733198
3.16202738741359E-02
3.18317398404037E-02
0.032957571909261
6.17382066157172E-02
6.58461923110697E-02
6.62660160148146E-02
7.04403521262003E-02
6.99338948127618E-02
0.071315090917159
7.27054252138367E-02
7.60295913114967E-02
8.03536656329359E-02
8.08253935734709E-02
8.03149163205769E-02
8.07755091842935E-02
8.12333643071861E-02
8.36808756230057E-02
8.41442648064597E-02
8.35976251993865E-02
8.50625498556523E-02
8.65354947161891E-02
8.39225665581762E-02
0.1028793181543
0.103410629692972
0.103938519001566
0.104462977174002
0.104983995375316
0.10550156484083
0.106015676875375
0.10652632285256
0.107033494214095
0.107537182469151
0.108037379193764
0.108534076030288
0.109027264686873
0.109516936936984
0.110003084618961
0.110485699635601
0.110964773953776
0.111440299604083
0.111912268680511
0.112380673340151
0.112845505802913
0.113306758351279
0.113764423330073
0.114218493146253
0.114668960268723
0.115115817228165
0.115559056616889
0.115998671088695
0.103626841489296
0.095830936886895
8.56258554962666E-02
0.103594246825367
0.101602220506375
0.101961454658778
8.56611867619236E-02
9.67012251034924E-02
0.100624354540619
0.102164792038608
0.102504174117085
0.102840404137045
0.10317347652865
0.107156446448253
0.102608595507657
0.101703017882678
0.102015866576517
9.98599282637177E-02
0.100159163760948
0.102935733576736
0.103236112603562
0.104780751530449
0.103827475728867
0.104118450016392
8.55376749063108E-02
8.95549175024897E-02
6.82953523287358E-02
6.72083761771638E-02
0.11696864159289
0.118544851088315
0.100955295651509
0.101208177775232
0.100173752917723
0.100417450365168
0.098077171687611
9.83087744750827E-02
0.092054721582009
0.093565127196125
9.24737583086403E-02
0.130534025943446
0.130819448525243
0.131100993002144
0.131378654682182
0.131652428936954
0.131922311201728
0.132188296975558
0.132450381821386
0.132708561366163
0.131633202987938
0.131881055507211
0.133459625425996
0.133702141319918
0.133940731011382
0.134175390513631
0.134406115904664
0.134632903327341
0.134855748989485
0.135074649163988
0.135289600188908
0.135500598467572
0.135707640468674
0.135910722726372
0.136109841840388
0.1363049944761
0.136496177364635
0.136683387302967
0.136866621153999
0.137045875846663
0.135848936892238
0.137392435803245
0.137559735255924
0.137723043927923
0.137882359079578
0.131135794135865
0.12989765830416
0.130036137993361
0.130170854098386
0.134460372581517
0.131816528981576
0.131941253908326
0.139012806790072
0.139136067975754
0.139255311915778
0.139370536606292
0.139481740110732
0.139588920559879
0.139692076151921
0.139791205152501
0.139886305894775
0.139977376779457
0.140064416274871
0.126132680625297
0.126203755778559
0.112241065699067
0.109490341037352
0.108138102412757
0.113806552631351
0.113854166514652
0.113898507023022
0.113939573410169
0.113977364984862
0.104159002496433
0.135162217727319
0.132378789707956
0.126773079181052
0.129614575196002
0.128226090816487
0.129652038996314
0.129665185688252
0.129674608592003
0.128270738988592
0.128272692436231
0.115584823159621
0.115579944865024
0.115571747393634
0.116969501991814
0.118363575907212
9.80249464344789E-02
0.108462734623118
0.108439456051308
0.108413062256196
0.108383553682129
0.113979550609035
0.109721885070835
0.108276344515846
0.10682874098875
9.97589726325446E-02
0.101118972497802
0.129146288217034
0.140305745011653
0.107977910713105
0.12613709257211
0.126062606658603
8.95889714483347E-02
8.95308424589433E-02
9.08681051484752E-02
0.100582703991603
0.10469646632883
0.100431613385554
9.89579484931567E-02
9.19131914329734E-02
0.130794806256771
0.127898761736447
0.12778189135648
0.127661328862087
0.127537076278451
0.128794017602137
0.12866096044005
0.128524179594488
9.80133450825601E-02
0.110313510623546
0.110186252240373
0.1086801014234
0.108548125909999
0.113902265571486
0.113756989811133
0.11360840870579
0.110722632583685
0.110571187695557
0.110416524562203
0.106174992227627
0.104660637732203
0.115362054431047
0.115186272679548
0.101476877569369
0.101315843935146
0.105197922204771
0.114449545772728
0.114256979478389
0.130163804403007
0.125917763869916
0.108310540275384
0.104110061941104
0.133228237984212
0.13297811929595
0.132724086497731
0.132466143830377
0.132204295598937
0.13193854617258
0.131668899984485
0.131395361531728
0.131117935375179
0.130836626139384
0.130551438512458
0.130262377245978
0.129969447154864
0.129672653117278
0.12937200007451
0.129067493030868
0.12875913705357
0.128446937272639
0.128130898880791
0.127811027133331
0.127487327348051
0.12715980490512
0.126828465246988
0.126493313878285
0.126154356365717
0.125811598337977
0.125465045485645
0.125114703561102
0.124760578378436
0.124402675813359
0.124041001803125
0.12367556234645
0.123306363503436
0.122933411395502
0.122556712205315
0.122176272176732
0.121792097614738
0.121404194885399
0.121012570415813
0.120617230694073
0.120218182269234
0.119815431751286
0.119408985811137
0.118998851180603
0.118585034652403
0.118167543080171
0.11774638337847
0.11732156252282
0.116893087549734
0.116460965556771
0.058012601851296
0.057792904603519
3.79971204859013E-02
3.78497299876085E-02
3.77011479867507E-02
3.64134564334244E-02
3.28670351883735E-02
2.93471278904962E-02
2.47299696910504E-02
0.022388152961237
2.34084924320162E-02
0.021088803247906
2.09978199571194E-02
0.020906163841491
2.30047665767452E-02
0.022901980223808
2.27984553212255E-02
2.16135177102296E-02
6.99189424384564E-02
7.06623237624694E-02
7.03277298604039E-02
7.10513096796876E-02
7.07069952270977E-02
9.55640764016721E-02
9.50901398578964E-02
8.94145519905264E-02
9.30984549519334E-02
9.26204610468848E-02
9.21393947233539E-02
0.091655264123259
9.21810560934055E-02
9.16853745833278E-02
9.01845690860603E-02
8.96882641436101E-02
9.31528893918557E-02
0.092628221618999
9.79791647994068E-02
9.74143386813566E-02
0.096846192698779
0.096274736694061
0.095699980597684
6.46829154125123E-02
8.03595170584966E-02
7.89230504381853E-02
7.84292519644364E-02
7.79327242922999E-02
0.076511649147068
7.60156653446312E-02
7.46071677427002E-02
7.32080887250719E-02
3.05228766249675E-02
3.38818610521054E-02
3.36487129948068E-02
3.42936887624489E-02
3.66713236547291E-02
3.38089738454886E-02
4.47530462417088E-02
5.46779577763666E-02
5.76653356559951E-02
5.30249127230556E-02
4.51051270866762E-02
3.72988942388939E-02
3.53639724199904E-02
5.14042955938851E-02
5.18037860079337E-02
4.57651269826511E-02
5.25577640644189E-02
5.44915545229567E-02
5.63836211937584E-02
5.59043586761141E-02
4.00277043691346E-02
3.35741275669126E-02
4.15967199300824E-02
4.12241847083001E-02
4.15927906424956E-02
3.53230788032269E-02
3.57228621433868E-02
3.46632072404392E-02
3.43312360892026E-02
3.32896288701815E-02
2.66500838833863E-02
3.05500063381132E-02
2.88662280782275E-02
3.12908854331068E-02
3.50040601170367E-02
4.79553428011016E-02
0.038216844814215
3.78014581096522E-02
3.28726171566231E-02
3.31420369552884E-02
3.46558703512998E-02
0.034879093721222
3.63174370035323E-02
2.61540379466745E-02
0.025237472215851
2.78957364127876E-02
2.87206661807718E-02
2.83573627738043E-02
2.62790424208339E-02
2.14252310523956E-02
2.00281326292777E-02
1.92090253997121E-02
2.00280646426949E-02
2.08161177149541E-02
0.019468376985247
1.91873360735691E-02
4.75192707442708E-02
0.047815638500152
4.60968364999774E-02
4.53828413474114E-02
4.08247244222499E-02
3.54431549404912E-02
3.57928049751126E-02
3.24533958198034E-02
3.95402776144101E-02
3.88551657713786E-02
3.51325036951908E-02
0.034499350001939
3.34469215377669E-02
3.28192947276794E-02
2.81667855198928E-02
2.64322847344087E-02
2.35843817042753E-02
3.63586580460719E-02
3.59708091736292E-02
3.62921382259762E-02
3.55001956551718E-02
0.03470759084213
3.39144403393366E-02
3.31208675770972E-02
3.23270033515701E-02
3.15329863501223E-02
0.030738963716964
0.030738963716964
2.91515361180186E-02
2.83584734447513E-02
2.75660911922578E-02
2.67745889192651E-02
2.59841790760182E-02
2.51950879546278E-02
0.024407556712102
2.36218424712397E-02
2.24407503476777E-02
2.05129918726743E-02
1.95761629300656E-02
0.019272750088227
1.85469520537702E-02
1.72558225387929E-02
1.76523121105993E-02
1.60435932965726E-02
1.60168258902672E-02
1.49791576256003E-02
1.45847642403455E-02
1.41672032996276E-02
1.33156608274657E-02
0.012486318123403
1.18025423928263E-02
1.07800309038763E-02
1.00268269717797E-02
9.50185202886549E-03
8.87898535808505E-03
8.26810937045613E-03
8.16502529831886E-03
7.61956110154006E-03
6.51722609027417E-03
5.77200334931235E-03
5.25378036531667E-03
4.80633774211263E-03
4.8591546403776E-03
3.89662050991816E-03
3.41064175808969E-03
2.99041485049628E-03
2.70899041540975E-03
2.10321336687929E-03
9.93421682596618E-04
8.45212202107911E-04
7.7691215441292E-04
1.00873435995066E-03
8.61333856588965E-04
6.76368100963575E-04
4.98187696311557E-04
3.41833238225954E-04
2.37282066821846E-04
1.50301447159853E-04
8.81614513082548E-05
4.63866742444126E-05
2.16586681678604E-05
7.54772458034541E-06
2.00231271504086E-06
4.25466267809226E-07
5.79869998468263E-08
3.03021647642491E-09
2.88674619664597E-11
7.33913772820414E-15
5.95674139747501E-23
9.12549027933308E-60
0
0
0
0
0
0
0
0
0
0
0
0
0
0
0
0
0
0
0
0
0
0
0
0
0
0
0
0
0
0
0
0
0
0
0
0
0
0
0
0
0
0
0
0
0
0
0
0
0
0
0
0
0
0
0
0
0
0
0
0
0
0
0
0
0
0
0
0
0
0
0
0
0
0
0
0
0
0
0
0
0
0
0
0
0
0
0
0
0
0
0
0
0
0
0
0
0
0
0
0
0
0
0
0
0
0
0
0
0
0
0
0
0
0
0
0
0
0
0
0
0
0
0
0
0
0
0
0
0
0
0
0
0
0
0
0
0
0
0
0
0
0
0
0
0
0
0
0
0
0
0
0
0
0
0
0
0
0
0
0
0
0
0
0
0
0
0
0
0
0
0
0
0
0
0
0
0
0
0
0
0
0
0
0
0
0
0
0
0
0
0
0
0
0
0
0
0
0
0
0
0
0
0
0
0
0
0
0
0
0
0
0
0
0
0
0
0
0
0
0
0
0
0
0
0
0
0
0
0
0
0
0
0
0
0
0
0
0
0
0
0
0
0
0
0
0
0
0
0
0
0
0
0
0
0
0
0
0
0
0
0
0
0
0
0
0
0
0
0
0
0
0
0
0
0
0
0
0
0
0
0
0
0
0
0
0
0
0
0
0
0
0
0
0
0
0
0
0
0
0
0
0
0
0
0
0
0
0
0
0
0
0
0
0
0
0
0
0
0
0
0
0
0
0
0
0
0
0
0
0
0
0
0
0
0
0
0
0
0
0
0
0
0
0
0
0
0
0
0
0
0
0
0
0
0
0
0
0
""
