0
0
0
0
0
0
0
0
0
0
0
0
0
0
0
0
0
0
0
0
0
0
0
0
0
0
0
0
0
0
0
0
0
0
0
0
0
0
0
0
0
0
0
0
0
0
0
0
0
0
0
0
0
0
0
0
0
0
0
0
0
0
0
0
0
0
0
0
0
0
0
0
0
0
0
0
0
0
0
0
0
0
0
0
0
0
0
0
0
0
0
0
0
0
0
0
0
0
0
0
0
0
0
0
0
0
0
0
0
0
0
0
0
0
0
0
0
0
0
0
0
0
0
0
0
0
0
0
0
0
0
0
0
0
0
0
0
0
0
0
0
0
0
0
0
0
0
0
0
0
0
0
0
0
0
0
0
0
0
0
0
0
0
0
0
0
0
0
0
0
0
0
0
0
0
0
0
0
0
0
0
0
0
0
0
0
0
0
0
0
0
0
0
0
0
0
0
0
0
0
0
0
0
0
0
0
0
0
0
0
0
0
0
0
0
0
0
0
0
0
0
0
0
0
0
0
0
0
0
0
0
0
0
0
0
0
0
0
0
0
0
0
0
0
0
0
0
0
0
0
0
0
0
0
0
0
0
0
0
0
0
0
0
0
0
0
0
0
0
0
0
0
0
0
0
0
0
0
0
0
0
0
0
0
0
0
0
0
0
0
0
0
0
0
0
0
0
0
0
0
0
0
0
0
0
0
0
0
0
0
0
0
0
0
0
0
0
0
0
0
0
0
0
0
0
0
0
0
0
0
0
0
0
0
0
0
0
0
0
0
0
0
0
0
0
0
0
0
0
0
0
0
0
0
0
0
0
0
0
0
0
0
0
0
0
0
0
0
0
0
0
0
0
0
0
0
0
0
0
0
0
0
0
0
0
0
0
0
0
0
0
0
0
0
0
0
0
0
0
0
0
0
0
0
0
0
0
0
0
0
0
0
0
0
0
0
0
0
0
0
0
0
0
0
0
0
0
0
0
0
0
0
0
0
0
0
0
0
0
0
0
0
0
0
0
0
0
0
0
0
0
0
0
0
0
0
0
0
0
0
0
0
0
0
0
0
0
0
0
0
0
0
9.94364259817258E-87
4.83287096706749E-24
1.03568236181722E-14
6.16415143263026E-11
6.99022919987534E-09
1.21518217514409E-07
8.29772986436756E-07
4.01676229774301E-06
1.23649575472586E-05
3.09582191528335E-05
6.33924588650435E-05
1.14600473171732E-04
2.17974360309905E-04
3.33264023265967E-04
5.19851746781875E-04
9.30702914090417E-04
1.70840013512899E-03
2.31650297435855E-03
3.05080513390315E-03
3.73277767247728E-03
4.48109343798789E-03
5.29207088212404E-03
6.16177685986313E-03
7.08616736894598E-03
7.96042876764903E-03
8.96934414809213E-03
1.00205369674279E-02
1.12510087137693E-02
1.25451539177163E-02
1.06799871212116E-02
1.47627639636448E-02
0.016189901206586
1.74565134422191E-02
1.87446269887584E-02
1.93092592197779E-02
2.21679754708626E-02
2.32765539157874E-02
2.55540429750867E-02
2.70025184504424E-02
2.61450285874495E-02
2.74938616409599E-02
2.66587516505576E-02
2.79173601504941E-02
0.02638243348608
0.038789266320446
3.91035158509085E-02
4.06716696916178E-02
4.50577220613673E-02
4.57598001339897E-02
4.74008995624205E-02
5.21719558860916E-02
4.96030674302639E-02
0.051206416273908
5.33817324612604E-02
5.49979326232665E-02
5.72198976491829E-02
4.88305699148132E-02
4.50312528467453E-02
4.95398050097324E-02
5.48945940424218E-02
6.25357373586312E-02
6.12250730556362E-02
6.26890384787049E-02
6.19103462817198E-02
0.063313544065527
6.47116449271652E-02
7.96439788994909E-02
8.13156419724679E-02
8.29806789330297E-02
8.46389548808142E-02
7.76613118671772E-02
7.82619196661887E-02
3.76202551355265E-02
4.46890471888299E-02
4.73407289660758E-02
4.43869987185353E-02
4.61032598630846E-02
4.78480098145834E-02
5.06134141303199E-02
5.14219591929239E-02
5.12025491308638E-02
5.19875630420195E-02
5.27687071303151E-02
5.46168824606494E-02
5.10601558846899E-02
5.39869720262546E-02
4.80346518538316E-02
4.41603246125125E-02
4.24563155512533E-02
4.06889226591609E-02
3.88586160130293E-02
4.05432096988778E-02
5.07058055034104E-02
0.047659361542095
4.69949312275645E-02
6.88216320131273E-02
3.16453968809754E-02
2.94457284860351E-02
3.36596494211352E-02
3.27218581189181E-02
3.30766571239122E-02
3.34294434188854E-02
3.91850506067127E-02
0.038224451060235
3.99918318070416E-02
0.100282879250623
8.86111505619363E-02
8.94696996219799E-02
8.74557635624923E-02
0.11432622675044
0.11392314246997
0.10759163973904
9.07120222099058E-02
0.094514229299778
0.10744349532849
9.61550567682726E-02
0.106202873979076
0.108639488813014
6.88482331848278E-02
6.94052352325752E-02
7.15486548404213E-02
7.21110493448116E-02
0.12596100457629
0.126923225275607
0.126239671086644
0.123873817700059
0.126444604502844
0.130709117932978
0.131639841393867
0.130864722035572
0.126637134223162
0.127502192753552
0.11621898889011
0.137945069650533
0.131819072639183
0.132671572491363
0.135298247713206
0.13435837681267
0.122574695468436
0.121512014988155
0.125895629741225
0.128481889974843
0.160624256666751
0.163413807026654
0.164349971808966
0.170913516216354
0.154869023663202
0.176610874018709
0.139382955786321
0.153567064759393
0.15244945045231
0.153245008758026
0.154034148907754
0.135219796426637
0.135897827270045
0.138549524501132
0.139225991712774
0.161880536759482
0.162650114477437
0.161395646432256
0.162142682792627
0.148630914889308
0.130893742516018
0.112986933724896
0.107292607094604
0.107756954762979
0.108217050930158
0.110762756761947
8.39419077367834E-02
9.06074571145082E-02
7.61641454917982E-02
6.79714968905468E-02
6.39739749206626E-02
5.77999887042577E-02
5.80211831230094E-02
6.03972024143424E-02
6.49521294738258E-02
6.08444698405802E-02
6.32455284185622E-02
5.90938596174975E-02
5.93017271527733E-02
6.39153224664453E-02
6.41338055558845E-02
6.65688575168838E-02
6.90162527087084E-02
7.14757419381971E-02
6.27429734258702E-02
6.96861808414007E-02
6.53944026757448E-02
6.55961059544586E-02
7.03330209389607E-02
5.91655134923006E-02
5.93398852421629E-02
5.72231724439075E-02
4.82048171625393E-02
4.60384998143043E-02
4.38576880663073E-02
4.39772210482881E-02
4.40951728985869E-02
4.42115427502045E-02
4.66592944636057E-02
4.44395330111506E-02
0.039861556792464
0.039960007619728
4.00570391591726E-02
4.25145712896172E-02
4.49817639026884E-02
5.45771202164033E-02
0.057078998902296
5.48223691493106E-02
0.112272996864755
0.122089373229581
0.124745273170215
0.192312157776225
0.190293025301426
0.193084721661601
0.191042664691592
0.188984648255259
0.196620579724747
0.196981058214347
0.199770952116965
0.200122078206222
0.193132165532174
0.195905960728915
0.223209693291622
0.228482280141935
0.201774061872468
0.204548144716548
0.20485456094214
0.202682232600699
0.202971103322227
0.203253043305918
0.1489229634466
0.156575068635103
0.156775695158329
0.249160300612292
0.249461824693407
0.249754879292028
0.250039461750449
0.250315569480414
0.250583199963808
0.250842350753319
0.236027438304704
0.218661627322817
0.113206005702418
0.115825290848409
0.120965197762824
0.123587336434913
0.121161016528283
0.131357209499567
0.121340521760897
0.139131843909804
0.167067596792455
0.164638469172191
0.159666367096001
0.147075760310588
0.152226365234234
0.154838625074867
0.162527042910585
0.139730077569005
0.10166094256716
0.101696605363862
0.106815305780269
0.104301656966188
0.106872317460886
9.16246786733208E-02
9.16414479198599E-02
9.42011275381038E-02
0.114582235172412
0.10949873421542
0.112050721770082
0.112052479318132
0.109503887010407
0.117137694160717
0.112035265080019
0.109476076292561
0.101822773170604
9.92588308981278E-02
9.92371365870568E-02
0.101756021655583
0.116986002486746
0.106779214407805
0.104200081038815
0.127024170287838
0.236165715974235
0.233520295949364
0.223258356064948
0.23835621112326
0.243292502345224
0.243149218948581
0.187310781833792
0.187187748336462
0.252781653514556
0.252598390320259
0.252406628800174
0.252206370742715
0.251997618012085
0.251780372547806
0.251554636364223
0.251320411549991
0.251077700267538
0.250826504752509
0.250566827313184
0.242789710219982
0.250022036254317
0.177313218602385
0.204543544528926
0.20429586358003
0.204041240031851
0.203779676179277
0.203511174372297
0.203235737015358
0.222753695012238
0.205135578532065
0.204835736937149
0.209457292364177
0.209135870895693
0.125284365742655
0.12508290675456
0.127325718839851
0.124667089230365
0.124452734284042
0.124234084322877
0.131305914225658
0.242713542840332
0.242259574803881
0.241797200126432
0.241326422676407
0.240847246371532
0.240359675177596
0.239863713107177
0.215423427796509
0.214961969351993
0.212109714969072
0.21163847370991
0.211159783009924
0.208306527039532
0.210180068503958
0.200255274752006
0.202119907749749
0.203965851725327
0.201115749669865
0.198270318670263
0.183797085741446
0.183312823569904
0.185136186164787
0.184632476102143
0.188725165351777
0.188195226635415
0.187658475644806
0.212215697620519
0.216141859091583
0.208691214790437
0.208058476968654
0.205163572780914
0.200027636211015
0.199393424410642
0.198751852039049
0.153585412419844
0.148639607093885
0.170250472076899
0.152041918794106
0.1778666507954
0.164113549732297
0.154808000406934
0.080383452763522
7.57601195527656E-02
7.33224177886426E-02
7.51949226618365E-02
8.77493839118262E-02
8.74099207669968E-02
8.70670932274943E-02
8.46057591305801E-02
0.082158115518261
8.39204315315204E-02
0.094019460586351
0.097785852984679
0.171950849497156
0.173272020030344
0.121170989729775
0.128812783602496
0.134340854580251
0.131703392124235
0.129079232940125
0.132490939535358
0.129865609867221
0.135207459761995
0.126635271989397
0.122073404544562
0.14889116647438
0.173477145168
0.172587664766604
0.173620065801004
0.180381791662409
0.179419439302722
0.189839849829266
0.188799843544902
0.18775172781826
0.186695505282842
0.1856311784716
0.184558749815308
0.183478221641083
0.180565700209374
0.179479946766177
0.180188061701079
0.179075156611536
0.17795416204601
0.176825079689428
0.175687911118513
0.174542657802219
0.173389321102515
0.172227902275547
0.171058402473225
0.169880822745244
0.168695164041615
0.167501427215709
0.166299613027895
0.165089722149795
0.139290991893842
0.139875312832449
0.138813971586275
0.137745686028411
0.127135308308899
7.72537891684028E-02
7.19414143853304E-02
5.58431604820502E-02
0.055381438010634
0.057967742974095
5.89867134229426E-02
5.99764805429433E-02
5.64780118640714E-02
0.060394402396973
5.98486931225147E-02
5.64070076416987E-02
5.30158989108632E-02
4.82565414375384E-02
0.049198704433214
4.87187339991971E-02
5.23704499825931E-02
5.32075055223807E-02
6.88673238720439E-02
6.81514925767572E-02
7.00759281480766E-02
7.32474604550955E-02
7.11542120430394E-02
7.42025968663522E-02
7.33651825956402E-02
8.87782922991708E-02
0.106278784627755
0.103795288718649
0.102540791253063
0.104854072600012
0.098834826434179
9.87365919842914E-02
9.74549968275959E-02
9.50352885963352E-02
9.26393285294896E-02
9.13681935463391E-02
9.00905314037034E-02
8.98763207527786E-02
8.85701241042261E-02
8.72573973903102E-02
8.28689509680985E-02
8.66270628649681E-02
9.02203907809759E-02
5.75543979725537E-02
5.08528737377071E-02
5.09437727231986E-02
5.00711742550773E-02
5.01056164046416E-02
3.48935224370408E-02
2.89848344928081E-02
2.41326398659555E-02
2.45154913268175E-02
2.48632432453081E-02
2.43636074987589E-02
2.46573861051631E-02
2.41370390840162E-02
2.43765026852432E-02
2.23456787970594E-02
0.024020266217501
2.27475363893161E-02
0.022200935833235
2.43592408876404E-02
2.37406420359172E-02
2.18359000736027E-02
2.18735685460453E-02
2.00523217078053E-02
1.82992167262673E-02
1.66145927647428E-02
1.61097849881332E-02
1.77566706988274E-02
1.77016199759028E-02
4.62926312900767E-02
4.76007818670642E-02
2.99691273402039E-02
2.84019599551315E-02
3.98730177693646E-02
3.70248804032452E-02
0.037872478199596
3.73729823378094E-02
3.56837691560472E-02
2.01237085174881E-02
1.81441048448388E-02
1.94018492586117E-02
9.17905767481493E-03
8.94107380191134E-03
7.88650503779758E-03
8.13601712285829E-03
7.37345379207675E-03
0.015017339505541
1.33272188318143E-02
1.21170999240418E-02
1.12964090280956E-02
9.54687886133073E-03
1.11814016790792E-02
1.13401106695599E-02
8.67996827308593E-03
7.79926519485561E-03
6.41236345043784E-03
5.72450124581471E-03
5.37095740570545E-03
4.4881689916936E-03
3.7345655806523E-03
1.88169989839127E-03
1.71196219749271E-03
1.23695382731667E-03
1.12427274535994E-03
1.27222696909587E-03
8.78875892760652E-04
5.7251306771151E-04
3.46236897552998E-04
1.90237862227954E-04
9.20696931370179E-05
3.7489338400234E-05
1.19622063626705E-05
2.66281286332874E-06
3.37151455725654E-07
1.63640691802293E-08
1.26976486506982E-10
1.4245228135297E-14
1.20352833122963E-24
1.72237751005092E-104
0
0
0
0
0
0
0
0
0
0
0
0
0
0
0
0
0
0
0
0
0
0
0
0
0
0
0
0
0
0
0
0
0
0
0
0
0
0
0
0
0
0
0
0
0
0
0
0
0
0
0
0
0
0
0
0
0
0
0
0
0
0
0
0
0
0
0
0
0
0
0
0
0
0
0
0
0
0
0
0
0
0
0
0
0
0
0
0
0
0
0
0
0
0
0
0
0
0
0
0
0
0
0
0
0
0
0
0
0
0
0
0
0
0
0
0
0
0
0
0
0
0
0
0
0
0
0
0
0
0
0
0
0
0
0
0
0
0
0
0
0
0
0
0
0
0
0
0
0
0
0
0
0
0
0
0
0
0
0
0
0
0
0
0
0
0
0
0
0
0
0
0
0
0
0
0
0
0
0
0
0
0
0
0
0
0
0
0
0
0
0
0
0
0
0
0
0
0
0
0
0
0
0
0
0
0
0
0
0
0
0
0
0
0
0
0
0
0
0
0
0
0
0
0
0
0
0
0
0
0
0
0
0
0
0
0
0
0
0
0
0
0
0
0
0
0
0
0
0
0
0
0
0
0
0
0
0
0
0
0
0
0
0
0
0
0
0
0
0
0
0
0
0
0
0
0
0
0
0
0
0
0
0
0
0
0
0
0
0
0
0
0
0
0
0
0
0
0
0
0
0
0
0
0
0
0
0
0
0
0
0
0
0
0
0
0
0
0
0
0
0
0
0
0
0
0
0
0
0
0
0
0
0
0
0
0
0
0
0
0
0
0
0
0
0
0
0
0
0
0
0
0
0
0
0
0
0
0
0
0
0
0
0
0
0
0
0
0
0
0
0
0
0
0
0
0
0
0
0
0
0
0
0
0
0
0
0
0
0
0
0
0
0
0
0
0
0
0
0
0
0
0
0
0
0
0
0
0
0
0
0
0
0
0
0
0
0
0
0
0
0
0
0
0
0
""
