0
0
0
0
0
0
0
0
0
0
0
0
0
0
0
0
0
0
0
0
0
0
0
0
0
0
0
0
0
0
0
0
0
0
0
0
0
0
0
0
0
0
0
0
0
0
0
0
0
0
0
0
0
0
0
0
0
0
0
0
0
0
0
0
0
0
0
0
0
0
0
0
0
0
0
0
0
0
0
0
0
0
0
0
0
0
0
0
0
0
0
0
0
0
0
0
0
0
0
0
0
0
0
0
0
0
0
0
0
0
0
0
0
0
0
0
0
0
0
0
0
0
0
0
0
0
0
0
0
0
0
0
0
0
0
0
0
0
0
0
0
0
0
0
0
0
0
0
0
0
0
0
0
0
0
0
0
0
0
0
0
0
0
0
0
0
0
0
0
0
0
0
0
0
0
0
0
0
0
0
0
0
0
0
0
0
0
0
0
0
0
0
0
0
0
0
0
0
0
0
0
0
0
0
0
0
0
0
0
0
0
0
0
0
0
0
0
0
0
0
0
0
0
0
0
0
0
0
0
0
0
0
0
0
0
0
0
0
0
0
0
0
0
0
0
0
0
0
0
0
0
0
0
0
0
0
0
0
0
0
0
0
2.26693457180827E-123
2.44606451789878E-40
6.00636179287943E-25
1.6535560262741E-18
6.47274473155955E-15
1.18317277991835E-12
4.10111412121084E-11
5.68965761838091E-10
4.66040371727879E-09
2.47549712481676E-08
1.0387356474199E-07
2.77405725441909E-07
6.73284307196758E-07
1.43220493653776E-06
2.63869771165742E-06
4.64760758767567E-06
9.47506072015833E-06
1.47144722316861E-05
2.24881654423428E-05
3.19765878994425E-05
4.39278976535676E-05
5.85831011238075E-05
7.61462386897489E-05
9.67822725486484E-05
1.20616885957983E-04
1.38504128883246E-04
1.61490807450289E-04
2.12013099440542E-04
2.33603015163518E-04
2.71547825971419E-04
3.2296001005546E-04
3.80280393323031E-04
4.03373367164822E-04
4.22822645652513E-04
4.54821255765171E-04
5.04230083293856E-04
5.76426093688654E-04
6.99839203704051E-04
8.62309415379114E-04
8.83352994989206E-04
9.26842220045718E-04
9.67816132276785E-04
1.03950228794937E-03
1.0769150987803E-03
1.22593520883018E-03
1.3453588921512E-03
1.51436000285077E-03
1.7405471456477E-03
2.27359613257398E-03
1.68219858518509E-03
1.60814241956834E-03
1.68775544649004E-03
2.00376247230263E-03
2.09538893848679E-03
3.08835133006123E-03
3.21919068027111E-03
3.2808001741796E-03
3.62759256621367E-03
3.61474607965157E-03
3.74728380852592E-03
3.79918152689183E-03
3.84565604985051E-03
3.80025891540191E-03
2.40670052200817E-03
2.57326773665863E-03
2.65060020018261E-03
2.72780050137364E-03
2.80483644420393E-03
2.77876091871535E-03
2.95829714578178E-03
2.81790586993294E-03
2.8885683519802E-03
3.07276281301758E-03
3.14555381337204E-03
3.21802154897359E-03
3.41200621438459E-03
3.48643543368309E-03
3.68764008280594E-03
3.76391650171649E-03
3.83976707579626E-03
3.91517977505776E-03
3.99014363930223E-03
4.48512961706482E-03
4.56682592906375E-03
4.35749728310118E-03
4.72863510739109E-03
4.65845988650823E-03
4.58276605805737E-03
4.65682739891803E-03
5.20340310213375E-03
4.32304137947819E-03
4.55080512524539E-03
4.78288653480828E-03
4.68461478630899E-03
4.75076960070967E-03
4.6444075431141E-03
4.8815730755376E-03
4.76956973608959E-03
4.47353992063255E-03
4.53036252799825E-03
4.58673656607858E-03
4.64266275641097E-03
4.69814205488843E-03
4.56304860998344E-03
4.61545427943388E-03
4.86191133643834E-03
4.91561676036629E-03
4.77012772468941E-03
4.01736979574856E-03
4.05928523389122E-03
4.10085460345822E-03
3.72787186486295E-03
4.60125930488443E-03
4.85703210403676E-03
4.6900827061431E-03
4.5187604418993E-03
4.56027384928864E-03
4.6014398306586E-03
4.86332096087544E-03
4.90572729029113E-03
5.17267673286618E-03
4.7626807820035E-03
5.03082218706287E-03
0.005071821835743
5.11247692155876E-03
7.93658785799215E-03
6.97623172443467E-03
5.67355423781516E-03
6.1344329599434E-03
6.61504351937088E-03
6.54636553698446E-03
6.16783782318034E-03
7.57178772146426E-03
6.55448240620931E-03
6.4289092211038E-03
6.61704138304059E-03
5.44538963318223E-03
6.64807414307555E-03
6.47165287459653E-03
7.01572337965675E-03
7.20165524044924E-03
7.38896333229041E-03
7.57762646798237E-03
7.76762366695536E-03
7.95893415352262E-03
7.72250907322087E-03
6.58848386854975E-03
6.7425320657782E-03
7.3573899197143E-03
7.52376661859403E-03
7.21045106843147E-03
7.3682973281703E-03
8.02885847605735E-03
7.68670853251615E-03
7.84724359231939E-03
8.54255496036326E-03
9.26035219841425E-03
1.05563877383989E-02
0.010764012918337
1.09726629942277E-02
1.11823201938571E-02
1.37914862648284E-02
1.22153533898458E-02
1.24391150959222E-02
1.32970570553277E-02
1.35340609423769E-02
1.11488136789562E-02
1.20094694697343E-02
1.22151377189034E-02
1.31117052814296E-02
1.26288875785786E-02
1.28369386818559E-02
1.30457537945313E-02
1.39917245639957E-02
1.34656165482133E-02
1.36766347738457E-02
0.011573631812001
0.011750643640335
1.19282192513126E-02
1.21063468708872E-02
1.31040158165931E-02
1.24642115534078E-02
1.43297823213826E-02
1.70988607071968E-02
1.73398135178323E-02
0.017581410965923
1.87148201884634E-02
1.98731288710723E-02
1.92254201870425E-02
1.85539534532174E-02
1.69186994090238E-02
1.61871570297345E-02
1.54315337264792E-02
1.56285199786457E-02
1.58259190150993E-02
1.50222373698643E-02
1.52080421530069E-02
1.53942033004757E-02
1.55807107665308E-02
1.57675545841922E-02
1.48910765398752E-02
1.18376219820494E-02
1.30640045085516E-02
1.54168902789675E-02
1.33651803839067E-02
1.35161059010341E-02
1.25283091791401E-02
0.012667044786791
1.04776066979224E-02
1.05914121309613E-02
0.010705356532615
1.20215938242702E-02
1.21484893746475E-02
1.35030733887211E-02
1.36429519051349E-02
1.50359644106817E-02
1.51888509422023E-02
1.40633834731072E-02
0.014203771355728
1.56482953163938E-02
1.84352957914776E-02
1.99439711067235E-02
2.01359661429961E-02
2.03280793782674E-02
2.05203025047606E-02
2.07126272705007E-02
0.019511375780053
1.96910457209434E-02
2.12901297061569E-02
2.14827796014201E-02
2.02304579768735E-02
2.47840223778634E-02
2.50025400736668E-02
2.37375061920801E-02
2.54396943277406E-02
2.41490007617392E-02
2.43547751238233E-02
2.45605566652697E-02
2.47663372958698E-02
2.65328657868359E-02
2.67514801974902E-02
2.69700681719421E-02
3.35859439898686E-02
3.38558681052042E-02
3.41257286792919E-02
3.27576338495668E-02
0.03301449389018
3.49348277591147E-02
3.68807298904506E-02
3.71629495918792E-02
3.91470870115506E-02
3.77269900864848E-02
3.62811180921973E-02
3.48094822535481E-02
3.68186320823422E-02
3.88531897348645E-02
3.91342888703655E-02
3.94151877578085E-02
0.041500234552726
4.72447718020005E-02
4.75759635334136E-02
4.79068723544072E-02
0.048237486865163
5.04357878735795E-02
5.07784718188083E-02
5.30141785364867E-02
5.14628058942346E-02
4.79670675361581E-02
4.44203980821746E-02
4.27668183631216E-02
4.10876798351811E-02
0.043321320217152
0.045579791921709
4.58687450717548E-02
4.41504811024653E-02
4.64455107818926E-02
5.28289530582011E-02
5.51982053090777E-02
5.55350884049455E-02
5.38021605126166E-02
5.62073525105396E-02
0.052354363092232
5.26643913532032E-02
5.50928767313375E-02
5.32829391207292E-02
5.14477816814795E-02
5.38994107160628E-02
5.42068439551608E-02
6.10553769958537E-02
6.13984647075867E-02
5.29207867102374E-02
0.055431005248622
5.79650299727682E-02
6.05227806515986E-02
0.067611616743784
6.11774675620866E-02
6.60596459390888E-02
6.86994082866355E-02
6.90604837042557E-02
0.071734806263256
6.97802872323042E-02
7.48149269200323E-02
7.75465789200353E-02
0.080301159782993
7.59575544183881E-02
8.11076887941656E-02
7.67148326615339E-02
0.115638144852413
0.133148862431634
0.133794064287906
0.180879717579565
0.181743374153768
0.18507240901319
0.200818594500068
0.249082057298905
0.250236778735358
0.251388322269165
0.252536655294043
0.251144927923971
0.254823560261392
0.225246619715717
0.218532650817359
0.237570711012706
0.241202408642656
0.244853446289383
0.1569623313251
0.133988161452816
0.134556542454559
0.12982416351138
0.130366753410288
0.109534905597007
0.112668513240651
9.15806130652038E-02
9.19521210289366E-02
8.96069943690479E-02
8.72388832284553E-02
8.48478915404437E-02
8.51819286122125E-02
9.10318522861435E-02
8.86156466879791E-02
9.45165253076696E-02
9.76681028743032E-02
9.52372959655634E-02
0.106842193309985
9.59526281339837E-02
9.34756359014065E-02
9.66624455829232E-02
9.98686527833244E-02
8.59117702524147E-02
8.33465689502944E-02
8.36438775519012E-02
0.083939962554924
8.71394650117018E-02
8.74432041573551E-02
8.77456535041864E-02
9.09816986490728E-02
9.71813163384299E-02
9.45548628350361E-02
9.78366349957437E-02
9.81621059377817E-02
9.84861066842458E-02
0.101802829720172
9.91296640854462E-02
9.34219796240848E-02
0.102790490420575
0.100083765660396
0.103441157852792
0.106816020829268
0.110208206933779
0.128971292944404
0.126284265433243
0.129755460966866
0.170427396697
0.170934302396191
0.165204439962028
0.093785556016903
0.097192968952701
9.11841276178228E-02
9.14443825773005E-02
8.22166738470727E-02
7.92763903220042E-02
0.079497047419835
7.97164598295508E-02
8.95267766865676E-02
9.29757731579173E-02
8.35818609855728E-02
6.12419802546711E-02
6.14039416404493E-02
6.15649323732348E-02
6.17249484390905E-02
6.83980896269073E-02
6.20420406584349E-02
6.21991089281809E-02
5.90733348285671E-02
5.59302418424257E-02
6.26643556800443E-02
0.056205077096505
5.63411466054641E-02
0.056476312881019
5.66105725893028E-02
5.67439224221575E-02
6.35676954614958E-02
6.37146886936256E-02
8.06660893723335E-02
8.08491638620112E-02
7.09020646373356E-02
6.76761553132129E-02
6.44341660452101E-02
6.45749390781016E-02
5.44965584902863E-02
5.46133347555561E-02
5.13086456380109E-02
5.14164538515972E-02
4.80885284596793E-02
4.81875814283663E-02
4.82858467603387E-02
3.11035641875445E-02
3.11657174941743E-02
2.77576532461645E-02
2.78119910379262E-02
2.78658720549284E-02
2.79192949940682E-02
2.79722585643185E-02
2.45216663008878E-02
2.10576018708199E-02
2.10962852494629E-02
2.46570570387627E-02
2.82301415416988E-02
0.031815362771329
3.89537985611937E-02
4.25689183631991E-02
3.90885715767376E-02
3.91549861835709E-02
4.63517963145364E-02
4.64287479302522E-02
4.29276254631575E-02
3.58310257354254E-02
3.58884336460145E-02
4.31342922948147E-02
4.68018904307405E-02
4.32684769195918E-02
4.33344864226201E-02
0.047016419610596
7.96846085581176E-02
8.70563297255386E-02
8.71825383897036E-02
8.36694832521258E-02
7.65017506801151E-02
7.29603262186068E-02
6.94075872172023E-02
6.58437151546474E-02
5.86060160109174E-02
5.86833002630524E-02
5.87595977288053E-02
5.14805432756336E-02
5.52273985271633E-02
5.89825514546767E-02
0.059054883943248
5.54308320478796E-02
6.65961305536921E-02
6.66741388554902E-02
6.30426314363429E-02
6.68267767350696E-02
7.06181473059658E-02
5.58124147403853E-02
5.95975643868331E-02
5.59320731216275E-02
6.34558805850732E-02
6.35210037440414E-02
7.10656450288787E-02
7.48800238729499E-02
7.49528361095801E-02
7.50243771336928E-02
7.50946452639085E-02
7.14054569068674E-02
7.14697884560915E-02
7.52977959347167E-02
7.53629562853809E-02
6.41128104237801E-02
6.79404896624346E-02
7.93282836299943E-02
7.56107744234384E-02
7.18860400850216E-02
0.071940620839422
7.57831333548221E-02
0.07204610637864
7.96861675036457E-02
7.97410700665895E-02
7.97946134543257E-02
7.98467964143811E-02
7.60929692632339E-02
6.85260653161104E-02
6.85672891589697E-02
0.064795823851957
6.48325464090154E-02
0.057236613644223
5.34492577981196E-02
4.96569945247529E-02
5.73250236083475E-02
0.057352535654691
5.73790676408792E-02
0.057404618947793
4.97719637820542E-02
4.59622217297797E-02
6.51387673392733E-02
6.51632732453173E-02
6.90211742794295E-02
6.52089408496839E-02
6.52301014833601E-02
6.14119021223911E-02
6.14297166565328E-02
0.065286884869847
6.53035783568659E-02
6.91614571973076E-02
7.68630723475533E-02
7.30348269705111E-02
7.30484847486784E-02
7.69062018384877E-02
8.07638421673295E-02
8.46212078971215E-02
6.53968573867997E-02
0.065403479583494
5.38662201651492E-02
5.00219837730534E-02
5.00244777735006E-02
4.61779522650158E-02
5.00268952757334E-02
5.00268187212308E-02
5.38740303145067E-02
5.77201096268079E-02
5.77170552882576E-02
5.77130123924379E-02
6.15551797690517E-02
6.15487587504621E-02
6.15412836456845E-02
6.15327546287914E-02
0.065368370142057
0.073046136117274
7.68760577680106E-02
7.68601297259883E-02
7.68428858420871E-02
6.91418938662103E-02
0.065283784358224
6.52657738131193E-02
7.29227223628685E-02
5.37158607494596E-02
5.36982701514903E-02
5.36797608834915E-02
4.98274524214541E-02
4.98085603644737E-02
5.74486344444689E-02
6.12531955004331E-02
5.74001253710004E-02
0.061199358709082
6.11708710807394E-02
5.34986709035447E-02
5.34719155972619E-02
4.96268006941226E-02
4.19694514343115E-02
4.57595759538565E-02
4.57335146084402E-02
5.71333408534245E-02
5.32922259379423E-02
5.70633120220394E-02
5.32250480856507E-02
4.55915119964319E-02
5.31542397685288E-02
4.93233707966375E-02
4.92883927820088E-02
5.30412347567257E-02
4.92159186828556E-02
4.16125128651803E-02
4.15800785624671E-02
3.77699424884335E-02
3.77391710603015E-02
4.52493094288897E-02
4.52108443396781E-02
4.51716109070155E-02
4.13706425472098E-02
4.13332724860396E-02
4.12952006920294E-02
4.50070124284319E-02
4.12169554991268E-02
3.74334399445239E-02
3.73962857486023E-02
3.73584978307842E-02
3.35880693721718E-02
3.72810244011725E-02
3.72413407133052E-02
3.72010269513871E-02
4.08760924719786E-02
3.71185130206816E-02
3.70763147975705E-02
3.70334903917541E-02
3.69900408140895E-02
0.036945967090635
4.05913972889111E-02
3.68559513865744E-02
3.68100115340596E-02
3.67634517919303E-02
3.67162732621986E-02
3.66684770620566E-02
0.040282070756261
4.38852434342305E-02
4.38256726064695E-02
4.37653661188204E-02
4.00622982860229E-02
3.63687932572113E-02
2.17900235520048E-02
2.17584062376087E-02
2.53474955572256E-02
2.53097598722186E-02
2.52716011209571E-02
2.52330202128073E-02
3.23923089442271E-02
3.23416229352287E-02
3.22903977423783E-02
0.032238634589342
0.0321863347134
2.85631105470611E-02
0.028515670942199
2.49092879195206E-02
2.48669502686332E-02
2.48242001370069E-02
2.83211869148169E-02
2.82713903376081E-02
2.46934851688091E-02
2.46490954782201E-02
0.031634098125123
3.15759798490236E-02
3.50192675094079E-02
3.14581822675254E-02
3.13985058038582E-02
2.78562780521888E-02
2.78023153217075E-02
2.77478960505796E-02
2.42313938616234E-02
2.41829815218271E-02
2.41341731986677E-02
2.06442600655797E-02
0.01716812382163
1.71324173039137E-02
1.70964313701146E-02
1.70601668963933E-02
1.70236247664575E-02
2.03841670458749E-02
2.37295955547158E-02
2.36772779455186E-02
2.69995161966375E-02
2.69388491707038E-02
2.68777466320539E-02
3.01682363390736E-02
3.00985211504772E-02
3.00283211082668E-02
3.32862643767107E-02
3.65279119125524E-02
3.64403467926051E-02
4.29616880901242E-02
0.042856824111305
4.93283942850936E-02
5.24862073961948E-02
0.049082460149915
4.89583194922685E-02
4.88334005429499E-02
5.52020672608741E-02
5.82974882529854E-02
5.49145391197385E-02
5.47694714993264E-02
4.81972408819465E-02
5.12722327228721E-02
5.11332686855346E-02
5.09935016438286E-02
5.08529351038699E-02
4.75420993088817E-02
4.42482404660659E-02
4.09715100609926E-02
4.08547302612889E-02
4.38709550570039E-02
4.06192684750574E-02
3.73851622558382E-02
3.41687841201936E-02
3.40673089668005E-02
3.70530645667513E-02
3.69412225895533E-02
0.033759746141803
3.36561881195387E-02
3.05019235937356E-02
3.34475323056098E-02
3.94047016493056E-02
4.23014343877318E-02
3.91545101554398E-02
3.60263310121529E-02
3.59094940901673E-02
3.57921170095038E-02
2.67556521040531E-02
2.66668158988379E-02
2.65775814459441E-02
2.64879510638791E-02
2.05317210662801E-02
0.020461398110705
2.03907726857819E-02
3.19311875750382E-02
3.76045833939323E-02
3.74717573684948E-02
3.44662001158068E-02
0.034342583240543
4.27730839118299E-02
4.26173188285986E-02
3.96302087302145E-02
3.66634193032256E-02
3.65268325713584E-02
3.91889324359413E-02
4.46179620619443E-02
5.27819266995173E-02
5.53466056779805E-02
4.41060054481282E-02
4.94258687946858E-02
4.64966889654731E-02
4.08641832775836E-02
4.07013074275526E-02
3.78353426530634E-02
4.03738668190951E-02
4.55705524258469E-02
4.53834312585643E-02
4.78542607148523E-02
5.03023165037175E-02
5.53638711240545E-02
5.51296990649865E-02
6.27368999657866E-02
6.50704081351288E-02
6.47890139106384E-02
0.077408115127819
7.96373409802012E-02
7.67276642809543E-02
8.91169230137429E-02
8.87170821517198E-02
9.33627310959595E-02
8.03784949101825E-02
8.50104321616315E-02
9.45726508616078E-02
9.16552796157079E-02
9.12255130244309E-02
0.095702426112196
9.76892768045094E-02
6.80547116491642E-02
5.56321512921492E-02
0.062582612835738
5.26950359888975E-02
4.76681108588653E-02
3.79448610860985E-02
3.53951111914964E-02
3.52165001320442E-02
0.035037479335617
3.48580540758108E-02
3.69901116311522E-02
3.67978788272117E-02
3.66052316509019E-02
3.64121758477461E-02
3.62187171937671E-02
3.37733076521794E-02
2.91123743551533E-02
2.67269867611731E-02
2.43656673337334E-02
2.42313400169343E-02
2.62873745600761E-02
2.61402888484151E-02
2.81590145354735E-02
2.36915452048923E-02
2.14145417158172E-02
2.12911042824065E-02
2.32842059072344E-02
2.10436124840665E-02
1.88276092891738E-02
2.28748564046635E-02
2.06708907974801E-02
0.020546270209088
0.01837931959166
1.62371862436137E-02
1.41199268006363E-02
1.40321956887925E-02
1.79284467475973E-02
1.58358685755228E-02
1.18014095677759E-02
9.77152059752361E-03
7.76676624662277E-03
7.71625735385173E-03
7.66569147847025E-03
7.61507030856105E-03
7.56439554160357E-03
5.63525166341517E-03
7.46289205392483E-03
9.2650834698403E-03
9.20149348284567E-03
9.13784728853863E-03
9.07414708141146E-03
9.01039506844488E-03
8.94659346922278E-03
8.88274451604928E-03
8.81885045406834E-03
8.75491354138535E-03
6.95274883935318E-03
5.17615215713429E-03
3.42514739089107E-03
1.69975660128441E-03
3.37386646972011E-03
3.34820812777366E-03
3.32253911771201E-03
3.2968603861286E-03
3.27117288528581E-03
1.62273878658716E-03
1.60988770678671E-03
1.59703368805635E-03
3.16835443633478E-03
3.14263757575939E-03
3.11691778194855E-03
3.09119604857327E-03
3.06547337548116E-03
3.0397507687657E-03
3.01402924083677E-03
2.98830981049233E-03
2.96259350299168E-03
2.93688135012999E-03
2.91117439031799E-03
2.88547366864306E-03
2.8597802369798E-03
2.83409515403954E-03
2.80841948546758E-03
4.17413145588596E-03
4.13565103375235E-03
4.09718959222003E-03
4.05874877262046E-03
4.02033022733271E-03
3.98193561992091E-03
3.94356662527436E-03
3.90522492975055E-03
3.86691223132036E-03
3.82863023971658E-03
3.79038067658445E-03
3.75216527563564E-03
3.71398578280466E-03
3.67584395640833E-03
3.63774156730797E-03
3.59968039907479E-03
3.5616622481581E-03
4.69825189874226E-03
4.64768299932423E-03
5.74647343431922E-03
5.68342701176301E-03
5.62046758727356E-03
5.55759828989299E-03
5.49482227223625E-03
5.43214271081422E-03
5.36956280636231E-03
5.30708578417485E-03
5.24471489444537E-03
5.18245341261264E-03
5.12030463971244E-03
6.06992628328274E-03
4.99635855499191E-03
5.92148157177607E-03
5.84748428911668E-03
6.73591629599661E-03
6.64995389043979E-03
7.5019230561242E-03
7.40412294159765E-03
7.30655263698048E-03
1.26161312665486E-02
1.33352332548356E-02
0.014030556131054
1.47022050411039E-02
1.44974943903381E-02
1.59749168147665E-02
1.65762053378195E-02
1.63374012200194E-02
1.69042701165866E-02
2.61721873817651E-02
2.57817407537534E-02
1.84673011636827E-02
1.97006007111794E-02
2.16339785984383E-02
2.79042830968183E-02
2.67394618759812E-02
0.027732698852982
2.65826765491505E-02
2.61453994641785E-02
2.63863786744407E-02
2.59410810719092E-02
2.41900089960253E-02
0.025698359473703
2.90343573496357E-02
2.72779318245337E-02
2.55685005988912E-02
0.032870478671368
2.81552465010151E-02
2.64749526570425E-02
2.59702400415161E-02
2.60216690171503E-02
2.71394842443674E-02
0.031386988074048
2.97102803298929E-02
2.91008414099131E-02
3.34938426652943E-02
3.37641182855748E-02
3.35176047179465E-02
3.65330739448568E-02
3.57228709681241E-02
0.034469997428242
4.37404122834784E-02
4.27212034104819E-02
4.17087101631983E-02
4.07030399481198E-02
3.97043012324394E-02
3.56155952695551E-02
3.47098129276948E-02
3.41782206272218E-02
3.32762075860922E-02
3.23811603165711E-02
1.89636387561517E-02
2.00790958450821E-02
1.98259253896437E-02
9.62426136153991E-03
9.33806373452271E-03
8.47025192211538E-03
9.05634024046663E-03
9.04292506664338E-03
8.48419498398956E-03
8.45859524870162E-03
8.41837352575234E-03
7.88590534643441E-03
7.65785660474295E-03
6.44575437556987E-03
6.16515517987256E-03
5.88787764326973E-03
6.06308326425214E-03
6.45668684530266E-03
1.54499736982324E-02
2.07828766905108E-02
2.12467813055459E-02
2.14824093304399E-02
2.12827612725721E-02
2.10814334265204E-02
2.08784146089978E-02
2.06736939707796E-02
2.04672610288007E-02
2.02591057002794E-02
2.00492183389912E-02
1.98375897738181E-02
1.96242113497094E-02
1.94090749711966E-02
1.91921731486135E-02
1.89734990471803E-02
1.87530465391218E-02
1.85308102589969E-02
1.83067856624284E-02
1.80809690884311E-02
1.78533578255484E-02
1.48041181528964E-02
1.46099062705754E-02
1.42425879645014E-02
1.45554560885904E-02
0.014351991278679
1.13504918497415E-02
1.11847853254715E-02
1.10178555570634E-02
1.05352248168564E-02
1.03707784855556E-02
9.90053556851923E-03
9.88857519051271E-03
0.010901740089624
1.02806494846069E-02
1.16651830116891E-02
1.01982763666305E-02
9.73626016932313E-03
9.01435905414359E-03
1.16106766892059E-02
1.04750265501127E-02
1.02617698696862E-02
9.30311801263636E-03
9.10357413439824E-03
9.02175552844362E-03
8.93362715785978E-03
8.38590944111732E-03
7.41113221029576E-03
7.3368141143082E-03
6.52023923608789E-03
7.78447184649636E-03
8.27357315388006E-03
8.04512284039417E-03
7.81620189604588E-03
7.12986435044561E-03
6.91412803892648E-03
6.69824132397484E-03
6.98095478797196E-03
6.66816456708826E-03
6.43869912018317E-03
6.73329543712079E-03
6.26924422225931E-03
6.03034280746798E-03
5.85890577598045E-03
5.68309769558175E-03
5.31972475371733E-03
5.0270963569345E-03
2.00817528092063E-03
2.81605362786923E-03
3.18205332344776E-03
1.77277092537145E-03
1.67787818065023E-03
1.5842680950028E-03
1.5323934005532E-03
1.32565562348226E-03
1.2060122236763E-03
1.12591608151646E-03
1.01681257662124E-03
9.1414254805309E-04
8.4424505464958E-04
7.03650175717272E-04
6.88652724074303E-04
4.25025425903737E-04
4.21868511608259E-04
3.80124318064444E-04
3.2556517557293E-04
3.68472983156498E-04
3.36826620529129E-04
3.04996295923877E-04
2.55724111378133E-04
2.4986341430987E-04
2.18582243176716E-04
1.8328981803032E-04
1.42647827132056E-04
1.19747690056663E-04
9.57653721304224E-05
8.64342947244599E-05
9.75738336697752E-05
7.54008850392576E-05
5.3629781140429E-05
3.61481284140657E-05
2.37818262695277E-05
1.43270419393134E-05
9.12262857334493E-06
4.82461188754236E-06
2.47545477624074E-06
1.16152170877564E-06
4.74693857663395E-07
1.56301776555253E-07
3.82592982623965E-08
6.90046107410195E-09
8.06265823189014E-10
5.39766362981149E-11
1.02715902814938E-12
3.66731302867065E-15
4.48426989621909E-19
1.81230487932588E-26
2.1694864019104E-45
2.93741289752682E-201
0
0
0
0
0
0
0
0
0
0
0
0
0
0
0
0
0
0
0
0
0
0
0
0
0
0
0
0
0
0
0
0
0
0
0
0
0
0
0
0
0
0
0
0
0
0
0
0
0
0
0
0
0
0
0
0
0
0
0
0
0
0
0
0
0
0
0
0
0
0
0
0
0
0
0
0
0
0
0
0
0
0
0
0
0
0
0
0
0
0
0
0
0
0
0
0
0
0
0
0
0
0
0
0
0
0
0
0
0
0
0
0
0
0
0
0
0
0
0
0
0
0
0
0
""
