0
0
0
0
0
0
0
0
0
0
0
0
0
0
0
0
0
0
0
0
0
0
0
0
0
0
0
0
0
0
0
0
0
0
0
0
0
0
0
0
0
0
0
0
0
0
0
0
0
0
0
0
0
0
0
0
0
0
0
0
0
0
0
0
0
0
0
0
0
0
0
0
0
0
0
0
0
0
0
0
0
0
0
0
0
0
0
0
0
0
0
0
0
0
0
0
0
0
0
0
0
0
0
0
0
0
0
0
0
0
0
0
0
0
0
0
0
0
0
0
0
0
0
0
0
0
0
0
0
0
0
0
0
0
0
0
0
0
0
0
0
0
0
0
0
0
0
0
0
0
0
0
0
0
0
0
0
0
0
0
0
0
0
0
0
0
0
0
0
0
0
0
0
0
0
0
0
0
0
0
0
0
0
0
0
0
0
0
0
0
0
0
0
0
0
0
0
0
0
0
0
0
0
0
0
0
0
0
0
0
0
0
0
0
0
0
0
0
0
0
0
0
0
0
0
0
0
0
0
0
0
0
0
0
0
0
0
0
0
0
0
0
0
0
0
0
0
0
0
0
0
0
0
0
0
0
0
0
0
0
0
0
0
0
0
0
0
0
0
0
0
0
0
0
0
0
0
0
0
0
0
0
0
0
0
0
0
0
0
0
0
0
0
0
0
0
0
0
0
0
0
0
0
0
0
0
0
0
0
0
0
0
0
0
0
0
0
0
0
0
0
0
0
0
0
0
0
0
0
0
0
0
0
0
0
0
0
0
0
0
0
0
0
0
0
0
0
0
0
0
0
0
0
0
0
0
0
0
0
0
0
0
0
0
0
0
0
0
0
0
0
0
0
0
0
0
0
0
0
0
0
0
0
0
0
0
0
0
0
0
0
0
0
0
0
0
0
0
0
0
0
0
7.34239639959136E-106
6.41669628005256E-29
1.15936665237418E-17
3.05343974819302E-13
8.03924053104981E-11
2.5611106060015E-09
2.993753618131E-08
2.6079376874798E-07
7.98640023333371E-07
3.54691932929351E-06
8.28484912908363E-06
1.68868652521486E-05
3.28186841449868E-05
3.85382638526537E-05
6.13539155525566E-05
7.87487314860939E-05
1.06474913463908E-04
2.32201394141374E-04
3.13315254735132E-04
4.11255927313879E-04
5.21980359413263E-04
6.49189447879416E-04
7.93259676768959E-04
9.54426069365757E-04
1.13280037657032E-03
1.32838848862121E-03
1.54110659283191E-03
1.77079583475391E-03
2.01723539810926E-03
2.28015402070983E-03
2.55924002567835E-03
2.85414998191813E-03
3.16451612391003E-03
3.48995266503347E-03
3.83006113517473E-03
4.1844348655352E-03
4.55266273338646E-03
4.93433226835923E-03
5.32903221063887E-03
5.73635460065105E-03
6.15589646979217E-03
6.58726119261493E-03
7.03005955268685E-03
7.48391056707528E-03
7.94844210802712E-03
8.42329135484521E-03
8.90810510412943E-03
9.40253996237094E-03
9.90626244129534E-03
1.04189489732553E-02
1.09402858613315E-02
1.14699691765305E-02
1.20077046125408E-02
1.25532073068531E-02
1.31062016356518E-02
0.013666420988686
1.42336075293134E-02
1.48075119440489E-02
1.43107406622487E-02
1.48563019349894E-02
1.52417887787783E-02
1.47624210590911E-02
1.49264976901318E-02
1.52546204231917E-02
1.32955696196046E-02
1.43176944339449E-02
1.35592616765418E-02
6.67736463347805E-03
6.66508959384451E-03
6.64143319395066E-03
6.83402032914723E-03
7.49632123806198E-03
1.17971260213214E-02
1.11281451702787E-02
0.013454682754028
1.32837540807149E-02
0.01869715822124
1.88901385543425E-02
0.019913235048704
2.01036475826074E-02
2.20462153228109E-02
2.28555305658157E-02
2.06049944930247E-02
2.32632430886361E-02
1.50974512157693E-02
1.50925473373452E-02
1.57448411096568E-02
1.60699903847136E-02
1.74426060293267E-02
1.92136317634701E-02
1.99529781022401E-02
3.29096655592294E-02
3.05189739938574E-02
3.14714683294118E-02
3.20483494728629E-02
0.032228448391463
3.28004052274053E-02
3.37853422801021E-02
3.43662519960914E-02
3.45218239089728E-02
3.42306875528646E-02
3.47926595209727E-02
3.31176196809875E-02
3.45545523391392E-02
3.74059669890264E-02
3.84535292771508E-02
3.71353950470793E-02
4.01097048779375E-02
0.035799845516489
2.28883303554099E-02
2.42274993094506E-02
2.45716707573926E-02
0.023358716126689
2.47340961622975E-02
3.46731871363786E-02
3.35178774754715E-02
5.25877159979379E-02
5.32767848016962E-02
0.05340366598499
5.69320274825505E-02
5.76495318092898E-02
5.83668533239176E-02
5.90839479252152E-02
5.98007722900691E-02
4.90189999185436E-02
4.89867526151135E-02
4.95593615366044E-02
4.69983951520311E-02
4.69007381274592E-02
4.67884081099182E-02
0.03823641913486
2.88290987311179E-02
3.04672899811883E-02
6.02506204452907E-02
6.08906943151031E-02
6.15301047630555E-02
6.42411142497287E-02
6.28068096699788E-02
6.27391086162824E-02
6.40804883094732E-02
6.47161175805785E-02
7.26121121091967E-02
6.81843029791315E-02
5.99560329234004E-02
6.05248990465103E-02
7.54233355330975E-02
7.61234771259233E-02
7.06766929386785E-02
6.82179092992075E-02
6.80488120178923E-02
6.78647370283881E-02
6.84617635153068E-02
5.46037604061402E-02
7.28921652807623E-02
5.96275793567992E-02
6.17779371616817E-02
6.22936274075396E-02
6.28082625004648E-02
6.33218227660848E-02
7.31966511064654E-02
7.46409438396416E-02
7.86917782684772E-02
7.93094482332212E-02
8.60738293759444E-02
8.40807494551781E-02
8.82882567446245E-02
8.71568570224731E-02
8.78074517374619E-02
9.11921824260061E-02
9.18595155840172E-02
0.092525122583662
9.31889806482135E-02
9.38510672312369E-02
9.45113600122821E-02
9.51698368927088E-02
9.58264759916405E-02
9.64812556420417E-02
9.71341543869162E-02
9.77851509756206E-02
9.84342243602908E-02
9.90813536923755E-02
9.97265183192761E-02
0.100369697781087
0.101010871807433
0.101650020314406
0.102287123401586
0.102922161349157
0.103555114615107
0.104185963832511
0.104814689806891
0.105441273513662
0.106065696095648
0.106687938860666
0.107307983279194
0.107925810982093
0.108541403758408
0.109154743553224
0.109765812465586
0.110374592746485
0.110981066796896
0.100426695449288
9.98464536283537E-02
9.92521004509179E-02
0.100911362933232
0.113978237889428
0.114570513143506
0.11516036302034
0.115747771056679
0.11633272092397
0.116915196426897
0.117495181501953
0.118072660216061
0.118647616765228
9.89526294427906E-02
0.104217213687647
0.117950053346431
0.117294252388174
0.120269182544013
0.119602651085909
0.122600390977082
0.123154616338931
0.123706182905017
0.124255076096142
0.124801281449697
0.125344784618706
0.125885571370899
0.126423627587811
0.12695893926391
0.127491492505739
0.128021273531095
0.128548268668222
0.129072464355028
6.35009850977807E-02
7.15618220202071E-02
7.18454663969821E-02
7.86845910921332E-02
8.68896494028202E-02
8.72243487540403E-02
8.49038931368697E-02
8.65563775660795E-02
0.065494412275687
7.51282250582017E-02
6.86715418335445E-02
0.070272626012344
7.18819298276929E-02
7.34993577639653E-02
9.15156823589703E-02
0.108283891821711
0.121037708368861
0.122832867402328
0.123249894834025
0.138948549359758
0.139411010718651
0.139870400671286
0.140326708005517
0.140779921605458
0.141230030451091
0.141677023617902
0.142120890276511
0.142561619692327
0.1429992012252
0.143433624329096
0.143864878551768
0.144292953534449
0.144717839011544
0.142236734314127
0.12809104074861
0.125537001144534
0.125891344065336
0.126242901062569
0.126591663783509
0.116605491771635
0.116920710428538
0.118717305988445
0.120519153663188
0.149178228351128
0.142085868952028
0.142449272097651
0.142809517831272
0.150701681788193
0.151074214032597
0.151443396256119
0.151809219827213
0.152171676203157
0.152530756929875
0.152886453641785
0.153238758061636
0.153587662000357
0.153933157356913
0.154275236118153
0.15461389035868
0.154949112240714
0.155280894013958
0.155609228015477
0.155934106669572
0.156255522487665
0.156573468068179
0.156887936096434
0.157198919344533
0.157506410671262
0.157810403021988
0.15811088942856
0.158407863009219
0.158701316968501
0.158991244597154
0.159277639272047
0.159560494456094
0.15983980369817
0.160115560633032
0.147556738262751
0.149410445070693
0.144829309705787
0.106380741058275
0.129152675134757
0.129356126512334
0.131176161096811
0.12975439800675
0.13644666955793
7.64579145787496E-02
8.47146039688394E-02
8.48355892107977E-02
9.14896642929814E-02
8.34359004170022E-02
8.02725700008911E-02
9.67834204022302E-02
0.088697253055107
6.90752986485652E-02
7.08090306171814E-02
6.75990246979937E-02
6.60302038056344E-02
0.118995608370342
0.124098128942374
0.124239739564277
0.086235820602323
9.13107575284373E-02
0.12464798236282
0.121451096145771
0.123240872461424
0.121697110742857
0.113472494110288
0.106899550630132
0.10699908242839
0.112116370686319
0.117240161970728
0.117341209941268
0.122472776128588
0.124251787832888
0.124350327004213
0.117719284452073
0.132953911317697
0.133050244792249
0.136514343840449
0.138293552995605
0.136696710588942
0.135094651708961
0.138556632148612
0.142019583512483
0.140408280342078
0.169258510698378
0.169346654338535
0.169431031782174
0.169511641153346
0.169588480660221
0.169661548595078
0.169730843334299
0.169796363338365
0.169858107151845
0.169916073403393
0.169970260805741
0.170020668155694
0.170067294334125
0.170110138305971
0.170149199120229
0.170184475909952
0.170215967892243
0.170243674368259
0.1702675947232
0.170287728426312
0.170304075030881
0.170316634174237
0.170325405577747
0.170330389046817
0.170331584470889
0.170328991823444
0.170322611161999
0.170312442628107
0.17029848644736
0.170280742929389
0.170259212467863
0.139591794343204
0.146376121729768
0.15145299511116
0.153121708800977
0.153085298101509
0.125837397024064
0.120701786029906
7.81773283400121E-02
8.32486148817853E-02
8.66162440549676E-02
8.31885915595871E-02
0.083155804442208
7.97284672442551E-02
0.118692404195266
0.120332466513275
0.169400347768608
0.169314580945104
0.169225048638262
0.169131752839191
0.169034695623138
0.168933879149499
0.146881495925791
0.146787250414429
0.14837582939473
0.116260216100811
5.72469863919406E-02
5.55225552518511E-02
5.71618552535419E-02
6.21571513670978E-02
0.115821855961404
0.14423876183056
0.145792415248352
0.143991313862038
0.143862785134176
0.14373105704821
0.113541128061247
0.111763802111176
9.83219265136535E-02
0.134848245329057
0.134709152066698
0.136228384884414
0.116167144648487
0.142562423981928
0.144057880568865
0.165393598941106
0.165199749229027
0.165002225985248
0.156560981964756
0.14649059729563
0.146305017276009
0.159250223079406
0.150842891858102
0.150640981036838
0.150435720780484
0.155125826012717
0.163059967994385
0.162825967475192
0.162588346899769
0.162347111639292
0.15561817646409
0.155379666214771
0.161601772736974
0.161346134151982
0.161086909016243
9.48862208954885E-02
9.31234791716607E-02
9.13640309300182E-02
9.28082719062543E-02
0.11660815160012
0.121186997812293
0.114604138506501
0.114396995538906
0.13321852902902
0.131387949208713
0.129560380405032
0.126158946826492
0.127488653816644
0.12723854190044
0.126985603653321
0.126729844885559
0.128032645199616
0.121535449033069
0.122835934130966
0.133436669154934
0.133150244822092
0.131315970672789
8.47822024358555E-02
9.38217326380775E-02
8.90064320094021E-02
9.18655238302451E-02
9.47085028531694E-02
0.152398703893334
0.152038377084028
0.151674677733464
0.151307614328394
0.150937195444284
0.150563429745483
0.150186325985397
0.149805893006667
0.149422139741356
0.149035075211141
0.141212473101132
0.140838496447356
0.121240366588885
0.129759421459719
8.23482271602991E-02
8.21204540928011E-02
8.33532003449157E-02
9.18668934338006E-02
0.091604533052064
9.71395209281184E-02
9.97474297695951E-02
9.65707376365591E-02
0.070416028428796
7.73678283455866E-02
8.14177551257659E-02
8.11676711265684E-02
7.66570690088195E-02
7.78318827437823E-02
8.04066911467194E-02
0.116708885554295
0.110725419703022
0.111761050771562
0.111392631453692
0.10963398635955
0.118947073540163
0.118543138630535
0.116762914067217
0.116358530001942
0.115951587821556
0.115542097585759
0.121902426464591
0.121463484998608
0.115643127947629
0.116558362843923
0.12947421187954
0.130319501921791
0.132476686184534
0.131971389365577
0.131463205885549
0.130952148597582
0.130438230459814
0.129921464536038
0.129401863996367
0.128879442117921
0.12835421228553
0.127826187992464
0.127295382841173
0.126761810544059
0.126225484924268
0.125686419916496
0.125144629567832
0.124600128038612
0.124052929603311
0.107447652326758
9.09833697695025E-02
9.54683319228372E-02
9.25964668162648E-02
9.45960534078431E-02
9.41568560012317E-02
9.37156355015131E-02
9.20766037338491E-02
9.16370808544254E-02
9.11955962690907E-02
9.07521619869349E-02
9.03067901148178E-02
8.16904480530517E-02
8.01209025205596E-02
9.70463689252225E-02
9.65521880094485E-02
9.26253909983056E-02
5.80171761377251E-02
8.60043364626798E-02
0.100183425374417
0.085093645832524
9.24309983429933E-02
9.19288404762044E-02
9.14247592821291E-02
0.090918769290204
8.93215973804188E-02
8.88179756056013E-02
8.83125118319868E-02
0.08673442553463
0.089425291430552
8.78435739965736E-02
8.83767439182133E-02
8.88955783415882E-02
7.06883949529387E-02
7.85246397843663E-02
7.59892457935768E-02
6.22519445016127E-02
6.69335754071948E-02
6.55034966620368E-02
0.100132694172893
9.94887801158725E-02
9.09354573446947E-02
6.08809245583995E-02
6.34044153709783E-02
5.91050677933076E-02
6.73679711323255E-02
6.59532986147793E-02
7.11953784377479E-02
7.35290571746228E-02
7.58217226597544E-02
7.52849011522564E-02
7.56694496255384E-02
7.32908562094907E-02
7.36659410293207E-02
7.49290364725032E-02
7.16836941173626E-02
7.29239448521127E-02
7.32533420750811E-02
0.06218239461284
5.99631120431606E-02
5.60454268484497E-02
4.36268690133634E-02
4.41274737899262E-02
3.78795138165602E-02
4.00758809840146E-02
3.80901696362955E-02
3.85948101625447E-02
3.66422164521254E-02
0.077506881106494
7.76428789544868E-02
0.075383247807508
7.15770588524832E-02
6.93845760549367E-02
6.72188825539402E-02
6.66113711364526E-02
0.065244209832057
6.46417372630889E-02
6.40383314472369E-02
6.71220430352001E-02
5.26008772987993E-02
4.99229276455689E-02
4.65701624636153E-02
4.75296730684982E-02
4.84603022468128E-02
4.79715404499207E-02
1.92681420337751E-02
1.83883014661374E-02
0.018870344693778
2.00047896199959E-02
2.44090804321657E-02
2.54504996049695E-02
3.29175827468831E-02
3.70215687518407E-02
4.60745066671711E-02
4.49285280702798E-02
0.044413374906224
4.02397584945365E-02
3.91644750251469E-02
3.86986643253645E-02
3.64680761235511E-02
4.99679730438364E-02
5.10725611040545E-02
4.93005854977916E-02
4.92356990841277E-02
5.41272633256718E-02
5.06981283148988E-02
4.94926430983205E-02
4.88323619107449E-02
4.92194107901027E-02
4.80286084676969E-02
4.63430922936855E-02
4.16739332308858E-02
4.10791634405029E-02
3.95091753069084E-02
3.89294011684518E-02
3.83500280556356E-02
3.77711033624685E-02
2.80092988493978E-02
2.75741041530667E-02
1.42370408043859E-02
1.40092340872701E-02
1.46430611280031E-02
1.94845559847086E-02
1.95748587706109E-02
1.92420880271448E-02
1.97145294933444E-02
1.89734744571936E-02
0.018635377259276
1.60106954657544E-02
1.57160445406294E-02
1.61564191720187E-02
1.58491209238624E-02
0.015542570551214
1.52368067403677E-02
3.39360664113602E-02
3.22476473691853E-02
2.89748348156416E-02
2.86822395445889E-02
2.80661225877937E-02
2.65370659023345E-02
2.56474734046531E-02
2.41907625451032E-02
2.33462595122845E-02
2.27955188438739E-02
1.51931986940413E-02
1.50850886495888E-02
1.34173561590226E-02
1.81032938509127E-02
1.61619282702844E-02
1.47781134059485E-02
1.41442515731555E-02
1.37511148932874E-02
1.33604402511319E-02
1.12710358212919E-02
1.17614983473587E-02
0.01140389705822
1.24058674322257E-02
1.82033893912255E-02
1.67013693259497E-02
1.61425087545481E-02
1.55886720607361E-02
1.50400489281347E-02
1.44968355329689E-02
1.28971190915061E-02
1.13841479442397E-02
1.20603015390373E-02
1.14401162309244E-02
1.29013753873599E-02
1.23511128318909E-02
1.18084425129168E-02
1.12736434366702E-02
0.010747003926368
1.02288218184276E-02
9.71940462987143E-03
9.21906968902347E-03
8.7281442201116E-03
8.24696537063971E-03
7.77588016834141E-03
7.31524539213556E-03
6.86542733869036E-03
6.42680146294144E-03
5.99975186710392E-03
5.58467060830881E-03
5.18195678989792E-03
4.79201539555216E-03
4.41525581872659E-03
4.05209003226423E-03
3.70293033451041E-03
3.36818659877522E-03
2.77391927782055E-03
2.63381157384953E-03
2.38080558652021E-03
2.02858816975925E-03
1.77045069256924E-03
1.53254244011958E-03
1.29998778804214E-03
1.10373639556716E-03
9.47851564657534E-04
8.661910976487E-04
6.20036916957189E-04
5.04271018403104E-04
4.69660895114873E-04
2.47153775508141E-04
1.79809634110475E-04
1.35215742436016E-04
8.63693524906142E-05
4.86300898345743E-05
3.37794291402253E-05
2.20968402414424E-05
1.22935475221912E-05
6.94679294709158E-06
2.74175814415888E-06
1.11108427434272E-06
4.34538546751756E-07
9.9318310430443E-08
1.45760913709022E-08
9.79368383013383E-10
1.32229542847251E-11
1.40517463009982E-14
1.43625279249355E-20
6.60253946657677E-39
0
0
0
0
0
0
0
0
0
0
0
0
0
0
0
0
0
0
0
0
0
0
0
0
0
0
0
0
0
0
0
0
0
0
0
0
0
0
0
0
0
0
0
0
0
0
0
0
0
0
0
0
0
0
0
0
0
0
0
0
0
0
0
0
0
0
0
0
0
0
0
0
0
0
0
0
0
0
0
0
0
0
0
0
0
0
0
0
0
0
0
0
0
0
0
0
0
0
0
0
0
0
0
0
0
0
0
0
0
0
0
0
0
0
0
0
0
0
0
0
0
0
0
0
0
0
0
0
0
0
0
0
0
0
0
0
0
0
0
0
0
0
0
0
0
0
0
0
0
0
0
0
0
0
0
0
0
0
0
0
0
0
0
0
0
0
0
0
0
0
0
0
0
0
0
0
0
0
0
0
0
0
0
0
0
0
0
0
0
0
0
0
0
0
0
0
0
0
0
0
0
0
0
0
0
0
0
0
0
0
0
0
0
0
0
0
0
0
0
0
0
0
0
0
0
0
0
0
0
0
0
0
0
0
0
0
0
0
0
0
0
0
0
0
0
0
0
0
0
0
0
0
0
0
0
0
0
0
0
0
0
0
0
0
0
0
0
0
0
0
0
0
0
0
""
