0
0
0
0
0
0
0
0
0
0
0
0
0
0
0
0
0
0
0
0
0
0
0
0
0
0
0
0
0
0
0
0
0
0
0
0
0
0
0
0
0
0
0
0
0
0
0
0
0
0
0
0
0
0
0
0
0
0
0
0
0
0
0
0
0
0
0
0
0
0
0
0
0
0
0
0
0
0
0
0
0
0
0
0
0
0
0
0
0
0
0
0
0
0
0
0
0
0
0
0
0
0
0
0
0
0
0
0
0
0
0
0
0
0
0
0
0
0
0
0
0
0
0
0
0
0
0
0
0
0
0
0
0
0
0
0
0
0
0
0
0
0
0
0
0
0
0
0
0
0
0
0
0
0
0
0
0
0
0
0
0
0
0
0
0
0
0
0
0
0
0
0
0
0
0
0
0
0
0
0
0
0
0
0
0
0
0
0
0
0
0
0
0
0
0
0
0
0
0
0
0
0
0
0
0
0
0
0
0
0
0
0
0
0
0
0
0
0
0
0
0
0
0
0
0
0
0
0
0
0
0
0
0
0
0
0
0
0
0
0
0
0
0
0
0
0
0
0
0
0
0
0
0
0
0
0
0
0
0
0
0
0
0
0
0
0
0
0
0
0
0
0
0
0
0
0
0
0
0
0
0
0
0
0
0
0
0
0
0
0
0
0
0
0
0
0
0
0
0
0
0
0
0
0
0
0
0
0
0
0
0
0
0
0
0
0
0
0
0
0
0
0
0
0
0
0
0
0
0
0
0
0
0
0
0
0
0
0
0
0
0
0
0
0
0
0
0
0
0
0
0
0
0
0
0
0
0
0
0
0
0
0
0
0
0
0
0
0
0
0
2.99954789280443E-127
7.15828521927323E-30
4.1841332390996E-18
1.46764242261957E-13
4.19791099973173E-11
1.35705641376301E-09
1.52924112904157E-08
8.51419824867151E-08
2.96558161774013E-07
9.60682968534424E-07
2.08252901587392E-06
4.09673726230251E-06
7.21799119051289E-06
1.05096125054498E-05
1.5011615202164E-05
2.27719075495698E-05
3.29494345336265E-05
4.81317142779966E-05
6.17022818348978E-05
7.34169031774658E-05
7.6272600499965E-05
9.14819751309084E-05
1.26998802776663E-04
1.55131900762828E-04
1.78239981022802E-04
2.02554978803501E-04
2.1710479964677E-04
1.93783871003227E-04
2.14544291638241E-04
1.91657147115185E-04
2.09408256033248E-04
2.27513520729679E-04
2.83753615643668E-04
3.05282121820569E-04
4.57868141353382E-04
5.1187408090746E-04
5.44290418858224E-04
6.03082210473913E-04
6.64944757456658E-04
6.42255854633795E-04
7.67030029196152E-04
8.363542770111E-04
8.41265548462736E-04
9.32264834552942E-04
9.72661066638934E-04
9.25589783072611E-04
9.97734257380848E-04
1.12106695328572E-03
1.14931087736691E-03
1.00525165236182E-03
9.52918977303969E-04
9.50541503509109E-04
1.07649565134449E-03
1.06934633557805E-03
1.13090206380299E-03
1.1142579320209E-03
1.17427317713215E-03
1.23552333301952E-03
1.29797786503387E-03
1.3616067280108E-03
1.32449607585666E-03
1.27908844046681E-03
1.33649712322531E-03
1.51104838416256E-03
0.001454015312755
1.51407842827526E-03
1.70622916721501E-03
1.6367003503373E-03
1.69921566378496E-03
1.76250568037202E-03
1.97876232873214E-03
1.89132805568627E-03
1.63068390639254E-03
1.51725641624614E-03
1.74156076494776E-03
1.79782955955235E-03
1.85463194701588E-03
1.72075803785805E-03
1.77280166916341E-03
1.82528715381576E-03
1.8782022909642E-03
1.9315351642145E-03
1.98527413452957E-03
2.26600870351749E-03
2.32658350518042E-03
2.14881524990823E-03
2.20406751929526E-03
2.25967160597538E-03
2.3156173892311E-03
2.10835109152656E-03
2.42849470433262E-03
2.4854071174746E-03
2.54262297743473E-03
2.31122955483078E-03
2.65792909680669E-03
2.71600187781997E-03
1.84956209176808E-03
1.88862973617134E-03
1.92786545525183E-03
1.96726396730235E-03
2.00682010211286E-03
2.04652879776399E-03
3.12957764626951E-03
2.83517886236069E-03
2.16652119016656E-03
2.20679156870371E-03
2.24719071699592E-03
2.66899985402258E-03
2.71641709893549E-03
2.76396922089065E-03
2.81165130015647E-03
2.85945851152205E-03
2.90738612162496E-03
2.95542948636239E-03
3.00358404838302E-03
2.61586742970641E-03
2.2144349672322E-03
2.24905042529599E-03
2.28373287473973E-03
2.31847934517322E-03
2.35328691854393E-03
2.38815272770458E-03
2.42307395502582E-03
2.45804783105264E-03
2.99168595984385E-03
4.04502829521384E-03
4.10121336382798E-03
4.15746567598161E-03
4.74050380049242E-03
5.87146421635322E-03
5.94905525884409E-03
5.4788335238147E-03
6.6593932482275E-03
7.30627286578248E-03
7.3982680973113E-03
7.49032244689336E-03
6.99916621839611E-03
6.49387979159965E-03
5.37700305321005E-03
6.04539647487901E-03
6.11636875751113E-03
6.18736050521514E-03
0.006258367597054
6.32938596930747E-03
5.76037045267928E-03
5.17715246239943E-03
5.23397516866736E-03
5.29079433145113E-03
5.34760691269105E-03
4.72885867469871E-03
4.09590028158706E-03
3.44873460953884E-03
3.48420751772473E-03
2.81573374290698E-03
2.84408946698699E-03
2.87243179683655E-03
3.62594919966335E-03
2.92907079942986E-03
3.69670596977288E-03
2.98563996455265E-03
3.01389505672112E-03
3.04212875851245E-03
3.0703397908946E-03
3.87315861162837E-03
3.90836100417007E-03
3.94353037057986E-03
3.97866518217445E-03
4.01376392690376E-03
4.04882510901387E-03
4.08384724871965E-03
3.29506310550929E-03
3.32301484777757E-03
5.02639781816905E-03
4.22351632914146E-03
4.25832159718778E-03
4.29307926226764E-03
4.32778794795801E-03
5.23493554979764E-03
5.27646353224307E-03
5.31792788145932E-03
6.25254817778302E-03
6.30076923438826E-03
7.25589776857047E-03
8.22467612173681E-03
5.52424007935231E-03
4.63774150549992E-03
4.67188757980646E-03
2.82358223004928E-03
2.84399321315714E-03
2.86436476719628E-03
3.84626155823301E-03
3.87331560068537E-03
3.90031420259482E-03
4.90907053068909E-03
3.95414133529535E-03
3.98096801159189E-03
4.00773553810703E-03
5.04305375911048E-03
4.06108951924858E-03
5.10959272706472E-03
4.11419610960332E-03
4.14065442554222E-03
4.16704825913654E-03
4.19337674718153E-03
4.21963903350047E-03
3.18437570163608E-03
4.27196161081666E-03
4.29802022374426E-03
6.48601391793873E-03
5.43740994128281E-03
5.46971928874486E-03
5.5019386287353E-03
5.53406695722466E-03
5.5661032779896E-03
6.71765592302134E-03
6.75587513989837E-03
6.79398041617981E-03
6.83197059275532E-03
8.01481860589704E-03
8.05886789677197E-03
8.10277890908698E-03
6.98275742661024E-03
8.19018086069777E-03
9.40990766381465E-03
1.06418752507272E-02
1.18860203169356E-02
1.07527736007293E-02
8.40617523246768E-03
8.44893360591109E-03
7.27846477769186E-03
7.31485706564742E-03
7.35111891086978E-03
7.38724927721822E-03
6.18603928009972E-03
6.2159262220841E-03
6.24570104560228E-03
6.27536291209628E-03
6.30491098909726E-03
6.3343444501747E-03
6.36366247488678E-03
6.39286424873213E-03
6.42194896310268E-03
7.74109897828544E-03
6.47976400817989E-03
5.20679420058411E-03
5.22968100592545E-03
5.25247099872278E-03
3.95637266972929E-03
3.97331855536041E-03
3.99019044812469E-03
2.67132526234902E-03
2.68247362689912E-03
2.69357176044067E-03
2.70461936651321E-03
2.71561615080841E-03
2.72656182115703E-03
4.10618413127417E-03
5.49659732391313E-03
5.51817851730208E-03
5.53965518772424E-03
5.56102677186167E-03
6.97786588816361E-03
7.0043155608263E-03
5.62450543527265E-03
7.05681390432112E-03
7.08286121294428E-03
9.9522822649962E-03
9.98836823074446E-03
1.28883377139773E-02
1.29342402643618E-02
1.44221046665469E-02
1.59198090980244E-02
1.74272687528801E-02
1.74871369134178E-02
0.016084445144621
1.76058587940502E-02
1.91367686310659E-02
2.21540225977471E-02
2.66720745545919E-02
2.67588043742873E-02
2.38622350200025E-02
0.025434552325616
2.55149849561973E-02
2.71005041550026E-02
2.71846135438117E-02
2.72681924964864E-02
2.88707522098654E-02
2.89578480674141E-02
2.29297717064001E-02
0.021464459838322
2.15273789070399E-02
2.31320099083288E-02
2.16519493223379E-02
2.48155401203999E-02
2.17748192508631E-02
2.33952993846461E-02
2.34599749742174E-02
2.19559094271745E-02
0.022015409650879
2.20744758644993E-02
2.05521704434543E-02
2.06062076327371E-02
2.22490561414385E-02
0.025492996656049
2.23632469388734E-02
2.24196793618967E-02
0.024081072837349
2.41405836949262E-02
2.09730006816134E-02
2.10237463339549E-02
2.10740749409925E-02
1.94990633500477E-02
2.11734762032338E-02
1.95900429037526E-02
1.79987034199196E-02
1.80395096177215E-02
1.64363244990369E-02
1.81200444502853E-02
1.65088828800589E-02
1.48902023112355E-02
1.49221133068056E-02
1.32922016195358E-02
1.49850421077838E-02
1.33476074871678E-02
1.17030472490228E-02
1.17267042794205E-02
1.17501270841883E-02
1.17733151110975E-02
1.34814489302418E-02
1.18189846526308E-02
1.01498272225597E-02
1.01688930916591E-02
1.01877554334916E-02
8.50534483810296E-03
1.02248677711737E-02
1.36574891970794E-02
1.36815476783239E-02
1.54184983983406E-02
1.54449465024788E-02
1.54710848333157E-02
1.54969127813344E-02
1.55224297447094E-02
1.72751501436683E-02
1.73028092762822E-02
1.73301209155424E-02
1.38856675415101E-02
0.013906959347423
1.39279716561554E-02
1.22051159829382E-02
1.04768668800455E-02
8.74332922577558E-03
8.75576017328062E-03
7.01441196404565E-03
7.02407463028513E-03
7.03359591414091E-03
7.0429755958064E-03
7.05221345886929E-03
7.06130929031031E-03
7.07026288050222E-03
7.07907402320864E-03
7.08774251558303E-03
8.8703351977097E-03
7.1046507548931E-03
8.89111264134541E-03
8.90123255427608E-03
7.12893836001543E-03
7.13674688033323E-03
7.14441142523121E-03
7.15193181894933E-03
7.15930788910981E-03
8.95817433339565E-03
7.1736263861543E-03
5.38542636389127E-03
5.39052420372278E-03
3.59700879500227E-03
3.60026214410689E-03
3.60344277543625E-03
3.60655061631976E-03
3.60958559577543E-03
3.61254764450966E-03
3.61543669491705E-03
3.61825268108019E-03
3.62099553876948E-03
5.43549780816439E-03
7.25252324049195E-03
7.25756944802278E-03
7.2624689185181E-03
9.08402692548955E-03
9.08978400678858E-03
7.27628580879664E-03
7.28059724902305E-03
7.28476142801713E-03
7.28877825105866E-03
7.29264762679996E-03
7.29636946726565E-03
7.29994368785255E-03
7.30337020732942E-03
9.13331118479605E-03
9.13722479360884E-03
9.14095349670485E-03
9.14449720940301E-03
1.09774270214836E-02
1.09812352151421E-02
0.012815624670114
1.28195488541197E-02
1.46551011969057E-02
1.46589927616852E-02
1.64954110299509E-02
1.64991212739346E-02
0.016502497504681
1.28376419465836E-02
1.28397481548898E-02
1.10070809263926E-02
1.28431806824189E-02
1.46794364843437E-02
0.014680654980796
1.46815762416349E-02
1.65174752767177E-02
1.65178428521137E-02
0.016517875989693
0.018352860765227
1.65169389559791E-02
1.65159688059319E-02
1.65146642605601E-02
1.46782447550615E-02
1.46764907642199E-02
1.83430495402405E-02
0.014672091405494
1.83368076717259E-02
2.01664428457925E-02
2.01619889950003E-02
2.01571269875545E-02
1.83198699397788E-02
1.83147081392526E-02
1.83091756133254E-02
2.01335997363065E-02
2.01266987855028E-02
1.64613194827334E-02
1.46266727144777E-02
1.64483611128199E-02
1.46145622762254E-02
1.64340713060968E-02
2.00767447404866E-02
2.18912684812991E-02
2.37035399256583E-02
2.36910594515713E-02
2.18567074303639E-02
2.00239439352068E-02
2.36507436515629E-02
1.99999867223033E-02
1.99874012638041E-02
2.36061228190747E-02
1.99610180750576E-02
0.01994722094558
2.17451133185555E-02
2.17291823868288E-02
0.021712812235846
2.53120037786617E-02
2.34853187608219E-02
2.34661594379828E-02
2.34465259775006E-02
1.98223543925924E-02
1.80044911134741E-02
1.61894667512811E-02
0.01617456453815
1.61593357034457E-02
1.43500271959841E-02
1.61278995701761E-02
1.79018811011653E-02
1.96718637246109E-02
1.96512612553213E-02
2.14148315733915E-02
2.13914915639677E-02
2.31483633966065E-02
2.13435176022749E-02
2.13188847512961E-02
2.12938220713464E-02
2.12683301384608E-02
2.12424095388346E-02
0.026520076086033
2.29550584628743E-02
2.64526021924146E-02
2.64180656907554E-02
2.63829972100249E-02
2.45909043886307E-02
2.63112675601744E-02
2.97778891202625E-02
2.97357425168585E-02
2.79463508071619E-02
0.02790555835914
2.78642047927636E-02
2.60833978744994E-02
2.60435795165263E-02
2.25361394639748E-02
2.42315488712176E-02
2.24648565340002E-02
2.76043545160091E-02
2.58366569163721E-02
2.40741321043966E-02
2.91836183860858E-02
2.74200251457146E-02
2.56617801660611E-02
2.22012026877116E-02
1.70475007491135E-02
1.87184929109342E-02
1.69857819039695E-02
1.69544119763178E-02
1.35381621518224E-02
1.35125238307708E-02
1.51724421225786E-02
1.34604369287757E-02
1.17547408762315E-02
8.37954610943508E-03
8.36268135331607E-03
8.34564961257814E-03
8.32845128945744E-03
9.97330414862152E-03
6.63484522132482E-03
6.62068873048411E-03
8.25800036944067E-03
8.23997531958486E-03
8.22178619181205E-03
8.20343341875396E-03
8.18491743740515E-03
8.16623868912872E-03
6.51791809572972E-03
6.50271574329861E-03
6.48738425761322E-03
4.85394300434359E-03
4.84225151885321E-03
4.8304640173608E-03
4.81858078313642E-03
4.80660210210251E-03
3.19635217522553E-03
3.18823970438965E-03
3.1800641848319E-03
3.17182581427085E-03
3.16352479220909E-03
4.73274197990502E-03
6.29347120106945E-03
6.27649567775795E-03
6.25939648328725E-03
6.2421740346103E-03
6.22482875229263E-03
6.20736106052047E-03
9.28465708066385E-03
9.25809024526821E-03
9.23134173724372E-03
9.20441221472417E-03
9.17730234134133E-03
7.62501065519958E-03
7.60212018674206E-03
9.09489733510888E-03
9.06707280506803E-03
1.20520951004215E-02
1.20145247903905E-02
0.011976720413396
1.19386829136711E-02
1.04128615876033E-02
1.03791733155411E-02
8.86738592511559E-03
1.03111932315625E-02
1.17450321504891E-02
0.013168818187331
0.014582467352019
0.013079369588582
1.01377626327929E-02
8.65927448389478E-03
1.00670167085359E-02
1.00313529715699E-02
1.14234246864796E-02
1.13822268759361E-02
1.13408110245171E-02
1.12991782002687E-02
1.40716618490662E-02
1.12152659455859E-02
1.11729886914768E-02
1.25218111694265E-02
1.24737721104107E-02
0.015186717769898
1.51274263254648E-02
1.50678486932654E-02
1.36436240391522E-02
1.35889465056225E-02
1.35340131141313E-02
1.34788253234129E-02
1.34233846028844E-02
1.33676924327104E-02
0.011980575273483
9.27889180275806E-03
9.23938553201574E-03
7.88546354328986E-03
7.85130744230142E-03
6.51417161488515E-03
6.48546663699669E-03
6.45664205260634E-03
7.71323838213179E-03
6.39863723032022E-03
6.36945858984467E-03
7.60819624535459E-03
7.57290346500302E-03
7.53747294987186E-03
7.50190569024894E-03
7.46620268365614E-03
7.43036493491011E-03
7.3943934561846E-03
7.35828926707446E-03
7.32205339466121E-03
7.28568687358043E-03
7.24919074609093E-03
7.21256606214562E-03
7.17581387946436E-03
8.32875780754348E-03
8.28558650273491E-03
7.06480303429068E-03
7.02755159186002E-03
6.99017805848199E-03
5.79390295009826E-03
5.7625576258852E-03
5.73111334502687E-03
5.69957105021667E-03
5.66793169132238E-03
5.63619622546697E-03
5.60436561711149E-03
4.45795267051222E-03
4.43233829435861E-03
4.40665015482463E-03
5.47611130957566E-03
5.44381971855773E-03
8.65830228933761E-03
8.60635194360535E-03
8.55426215478207E-03
8.50203457826038E-03
8.44967088271165E-03
9.44681934404639E-03
9.38760961126676E-03
9.32825246800169E-03
9.26874985331067E-03
9.20910372224468E-03
7.11613470250215E-03
7.06952463196255E-03
7.02280757578568E-03
6.97598510614002E-03
6.92905880856803E-03
6.88203028218897E-03
7.81131558846549E-03
7.75734058128779E-03
9.62906789924385E-03
8.60519103172397E-03
0.008544100068622
7.54034701035705E-03
7.48583481950685E-03
5.57341575363534E-03
5.53238065885152E-03
5.49127232800965E-03
5.45009227273848E-03
5.40884201880593E-03
6.26211029076193E-03
6.21382660525761E-03
6.16546646341429E-03
6.11703171425648E-03
5.20159219271723E-03
5.15995361191605E-03
5.11825593048824E-03
5.07650079686797E-03
5.87380485548951E-03
5.82496232538331E-03
6.60120989171675E-03
6.54525239797026E-03
6.48922963246025E-03
8.04142991612331E-03
7.97124707742424E-03
8.69109066056606E-03
8.61373285328117E-03
8.53630171910372E-03
8.45880065102877E-03
9.14316336003945E-03
9.05847542824901E-03
8.97372256144554E-03
8.14816624618406E-03
8.80403755819489E-03
8.71911330320346E-03
9.35365153462391E-03
9.9739748989713E-03
0.01199075422102
1.18702010117292E-02
1.10584485373627E-02
1.02608487685202E-02
1.21852463581937E-02
1.27273027074491E-02
0.012592376772982
1.57357058383949E-02
1.55652390963303E-02
1.86020126862113E-02
0.016492997347488
1.75628330868383E-02
1.61237199235734E-02
1.53260890646252E-02
1.51486478892139E-02
1.37735626435293E-02
0.013610431419444
1.40320406092314E-02
1.38619775437297E-02
1.36920107100554E-02
1.40855738190542E-02
1.33524089333988E-02
1.26335128328039E-02
1.19288797136634E-02
1.01681685212276E-02
1.05623705595704E-02
9.37939658424239E-03
8.22471110482244E-03
7.60529405867807E-03
7.50005375674432E-03
8.38094744363002E-03
8.26200189591962E-03
8.14323350688846E-03
0.012272996657625
0.012091936089452
1.37436810937346E-02
1.30843252407893E-02
1.46605085406182E-02
1.39950695207464E-02
1.29134551968641E-02
1.27069863508046E-02
1.25009902372408E-02
1.22954863152476E-02
1.08814449722422E-02
1.06974312673201E-02
1.09033193727838E-02
1.07135418980771E-02
9.39671427793395E-03
9.22828039344674E-03
7.61071863325072E-03
7.4701452167762E-03
7.33005152187635E-03
7.19045412472161E-03
6.71559042547731E-03
6.25445281108342E-03
5.48437058449719E-03
5.37311013070428E-03
6.19096811459544E-03
5.75814459295652E-03
5.63543277475916E-03
5.80347581638071E-03
5.67554790639122E-03
5.54827031897473E-03
5.15057989110835E-03
5.03095919517378E-03
4.91201457777874E-03
4.7937663570109E-03
4.6762353196154E-03
4.07950139394135E-03
4.20954666247507E-03
4.32816048850602E-03
4.21371590023862E-03
4.31589467116609E-03
4.19719630523659E-03
4.07942106776903E-03
2.97194648718526E-03
3.07739682972037E-03
3.17211573248773E-03
3.0753748695906E-03
3.15480299899318E-03
2.88462483161466E-03
3.4472941327042E-03
3.64981335556552E-03
3.52538079876431E-03
3.40234764859288E-03
3.56603504431597E-03
3.16063380072548E-03
3.04203245547068E-03
3.05216268908711E-03
2.93170030311768E-03
2.81295232629446E-03
2.80829632786611E-03
2.68831607478624E-03
2.57026754462274E-03
1.96336108792286E-03
1.87213529514056E-03
1.87170763326317E-03
1.77947078028897E-03
1.76950940634596E-03
1.75300867057982E-03
1.73029223906189E-03
1.63362569288636E-03
1.53928177932968E-03
0.001447315959748
1.18806104993154E-03
1.11189934960935E-03
1.13681930031831E-03
1.01232298938929E-03
9.82402915333554E-04
8.69543034783156E-04
7.29029465286415E-04
6.78880662430493E-04
7.14157000147502E-04
7.12445805299296E-04
7.66695968166976E-04
7.28017413340515E-04
7.68934080626285E-04
6.50867949453831E-04
6.12516200818713E-04
5.52310163345571E-04
4.33409521521785E-04
4.03197928992264E-04
3.7337799167807E-04
3.6041033367625E-04
2.85210524123232E-04
2.59741589608449E-04
2.2257903604223E-04
2.10912618186066E-04
1.77862719856566E-04
1.6554092190292E-04
1.52009199220766E-04
1.04803498965252E-04
8.90805529353027E-05
7.45247760551666E-05
5.73903615112347E-05
3.69193388798665E-05
2.6543696842667E-05
2.02141893514775E-05
1.4861684309052E-05
9.51997325001315E-06
7.00533253628485E-06
3.99438537876818E-06
2.30971832315702E-06
1.32325106629959E-06
6.00523294299373E-07
2.46733156728605E-07
7.75192228325911E-08
1.5336892883991E-08
1.67850364973415E-09
6.83093946367224E-11
4.39786342634304E-13
4.78138984410657E-17
1.98384456400525E-26
2.41935667404345E-75
0
0
0
0
0
0
0
0
0
0
0
0
0
0
0
0
0
0
0
0
0
0
0
0
0
0
0
0
0
0
0
0
0
0
0
0
0
0
0
0
0
0
0
0
0
0
0
0
0
0
0
0
0
0
0
0
0
0
0
0
0
0
0
0
0
0
0
0
0
0
0
0
0
0
0
0
0
0
0
0
0
0
0
0
0
0
0
0
0
0
0
0
0
0
0
0
0
0
0
0
0
0
0
0
0
0
0
0
0
0
0
0
0
0
0
0
0
0
0
0
0
0
0
0
0
0
0
0
0
0
0
0
0
0
0
0
0
0
0
0
0
0
0
0
0
0
0
0
0
0
0
0
0
0
0
0
0
0
0
0
0
0
0
0
0
0
0
0
0
0
0
0
0
0
0
0
0
0
0
0
0
0
0
0
0
0
0
0
0
0
0
0
0
0
0
0
0
0
0
0
0
0
0
0
0
0
0
0
0
0
0
0
0
0
0
0
0
0
0
0
0
0
0
0
0
0
0
0
0
0
0
0
""
