0
0
0
0
0
0
0
0
0
0
0
0
0
0
0
0
0
0
0
0
0
0
0
0
0
0
0
0
0
0
0
0
0
0
0
0
0
0
0
0
0
0
0
0
0
0
0
0
0
0
0
0
0
0
0
0
0
0
0
0
0
0
0
0
0
0
0
0
0
0
0
0
0
0
0
0
0
0
0
0
0
0
0
0
0
0
0
0
0
0
0
0
0
0
0
0
0
0
0
0
0
0
0
0
0
0
0
0
0
0
0
0
0
0
0
0
0
0
0
0
0
0
0
0
0
0
0
0
0
0
0
0
0
0
0
0
0
0
0
0
0
0
0
0
0
0
0
0
0
0
0
0
0
0
0
0
0
0
0
0
0
0
0
0
0
0
0
0
0
0
0
0
0
0
0
0
0
0
0
0
0
0
0
0
0
0
0
0
0
0
0
0
0
0
0
0
0
0
0
0
0
0
0
0
0
0
0
0
0
0
0
0
0
0
0
0
0
0
0
0
0
0
0
0
0
0
0
0
0
0
0
0
0
0
0
0
0
0
0
0
0
0
0
0
0
0
0
0
0
0
0
0
0
0
0
0
0
0
0
0
0
0
0
0
0
0
0
0
0
0
0
0
0
0
0
0
0
0
0
0
0
0
9.57312041516797E-102
6.962011343091E-37
2.56255621254487E-23
1.97634175092956E-17
4.21789930810073E-14
5.78708336489599E-12
1.61020265772781E-10
1.76932036556655E-09
1.15969142661986E-08
5.85389669314592E-08
1.77565261566007E-07
4.79962177197657E-07
1.15025468791864E-06
4.02501104530949E-06
6.53781633221586E-06
1.13001094779364E-05
1.80805851254192E-05
2.67407199846555E-05
4.12199182302959E-05
5.75246117301325E-05
7.67857129530932E-05
1.16667646697281E-04
1.51145432755592E-04
7.82416013871822E-05
1.03641837724406E-04
1.31477220239702E-04
1.67547543598205E-04
1.89360341187067E-04
2.15946020630008E-04
2.54665782669897E-04
1.96145136556736E-04
2.2227554933611E-04
2.58015334314367E-04
2.97116069132282E-04
2.99685852996354E-04
0.000319541349289
3.38479121962618E-04
3.29918335477849E-04
3.58520928603575E-04
3.87961602561137E-04
4.18181653188373E-04
4.31158726477613E-04
4.99961081054702E-04
5.12951954492604E-04
5.67561180027886E-04
1.11172118987964E-03
1.12750134690674E-03
1.11273497668128E-03
1.17214038662131E-03
1.28942062214197E-03
1.32264481404688E-03
1.32201417780378E-03
3.05985104135146E-03
3.15873285189452E-03
1.86017235221794E-03
2.04687485092549E-03
2.0491396216642E-03
2.24631706763389E-03
1.70413605820985E-03
1.7206620189427E-03
1.51193593620162E-03
1.65311788793917E-03
1.65793259909648E-03
1.65976711769075E-03
1.90991087431637E-03
1.91294758973405E-03
1.80667602915432E-03
1.80077749132033E-03
1.67985747297337E-03
1.66505757861147E-03
1.5884149558385E-03
1.62642807526549E-03
1.66425575538545E-03
1.57582328949221E-03
1.35280456763352E-03
1.18436090344505E-03
1.07469391139292E-03
1.02795992361351E-03
9.78382965293371E-04
9.97215666477232E-04
9.43358939587094E-04
1.03450889348973E-03
1.05296543380718E-03
1.2243348242056E-03
1.16731076379493E-03
1.18666648803015E-03
1.2058798994382E-03
1.30661333823689E-03
1.16095091097645E-03
1.17847999862193E-03
1.28129297298045E-03
1.29978307833998E-03
1.31812719096459E-03
1.33632516180307E-03
1.35437695118597E-03
1.28079711315862E-03
1.39004232876129E-03
1.50150007305899E-03
1.52013324461881E-03
1.6347749960024E-03
1.65424463363115E-03
1.77199527607763E-03
1.89183564868698E-03
1.91305104766589E-03
2.03588057487915E-03
2.16072657831138E-03
2.18358187719628E-03
1.89106428562721E-03
2.1225782507551E-03
2.46535864282847E-03
2.38130134307501E-03
2.18566736570256E-03
2.20633532487025E-03
2.24886783749397E-03
2.21644354000065E-03
2.41830337495984E-03
2.37924473081713E-03
2.46199952757015E-03
3.08156316752946E-03
2.90700815351654E-03
3.00136378511378E-03
3.24411329744763E-03
3.49694552182497E-03
3.28997872811949E-03
3.38798586412737E-03
3.65291230759496E-03
3.75741134921633E-03
3.68721953322827E-03
3.60824402009946E-03
3.70563493691725E-03
3.99398775698389E-03
3.90272039569422E-03
4.20250977185149E-03
4.10279530998502E-03
4.62431588809701E-03
4.73633935118443E-03
4.84913229472592E-03
5.8649877251105E-03
5.76929042033219E-03
5.90000081245305E-03
6.03152836864108E-03
1.13415008492261E-02
1.00751670316651E-02
9.77493067605835E-03
8.66650463620463E-03
8.8452423280087E-03
9.29843459906444E-03
9.20561408767967E-03
1.76365835727652E-02
1.79794994675619E-02
1.80285622491174E-02
1.74658500644717E-02
1.87115588475754E-02
0.019367824817049
0.024171577689843
0.024280109735932
2.40496280988776E-02
2.58090983330881E-02
0.023525048730198
0.027044582661679
2.74973937389588E-02
2.22182018049784E-02
2.14882239146512E-02
2.25747287047342E-02
2.93255553991142E-02
2.86410126008057E-02
3.02493060881567E-02
3.07134811057153E-02
3.91737978598521E-02
4.05721357326409E-02
3.70555508305469E-02
3.84332922689425E-02
0.040684363577608
4.16959128308799E-02
0.043593073075147
0.044202293689086
0.04481309985765
4.54254528104973E-02
4.60393141309166E-02
4.66546457504793E-02
4.72714099437794E-02
4.78895693232578E-02
4.85090868341114E-02
4.91299257492867E-02
4.22892422148731E-02
4.23153548946919E-02
4.08000067709184E-02
4.13006176879995E-02
4.18021426177864E-02
4.28333605923235E-02
5.29746812051573E-02
2.70699523571415E-02
2.84809383340376E-02
3.15797880436388E-02
3.30613439981921E-02
3.34353708892368E-02
2.97985665552357E-02
2.78114833175963E-02
3.39746898585211E-02
1.95407148059266E-02
3.77069274748456E-02
3.87142115297385E-02
5.56285957431299E-02
5.43579019845376E-02
5.42975518785174E-02
5.54859381025106E-02
5.22290655935182E-02
5.27557570935681E-02
5.32828559164002E-02
5.38103377031351E-02
0.034458356955772
3.47932974289181E-02
3.64795287580748E-02
3.68277455501294E-02
3.57992421635279E-02
3.61348818890574E-02
0.033665224133225
3.53909234240265E-02
3.57140096866371E-02
6.27047050021267E-02
0.063267167338353
6.16287146452261E-02
6.21719723761757E-02
6.27152915084818E-02
6.17524913094407E-02
6.22829286762302E-02
6.58774271850278E-02
3.47618229481631E-02
3.58318255225667E-02
3.77001436957844E-02
3.88023891549057E-02
4.47075984403255E-02
4.02406422542814E-02
2.92058589816632E-02
3.18915779973403E-02
2.55498690082489E-02
2.74112280858133E-02
2.84612089830869E-02
2.78368991748987E-02
2.71995867465635E-02
2.82621306496103E-02
2.84745617522098E-02
2.95561580822045E-02
4.37863872148683E-02
7.85115462427871E-02
7.99714724771713E-02
8.05487982567066E-02
0.090139616772699
9.07800249204932E-02
9.14198664618053E-02
9.20591188226278E-02
9.26977595648372E-02
9.33357663848602E-02
0.093973117112369
0.094609789709
5.33376268695769E-02
0.056569797675017
6.08047777784886E-02
8.35483658091212E-02
8.40927078824347E-02
8.46363553696411E-02
8.41888332217429E-02
8.47247323834693E-02
0.08726600651141
7.97382249454367E-02
7.92185605515673E-02
7.97075132478898E-02
8.01957224808735E-02
8.17175720537077E-02
8.32511254100102E-02
8.37494681224121E-02
8.42469838631405E-02
8.47436567484961E-02
6.28641098510045E-02
6.43008081493343E-02
3.77249515894015E-02
3.90247223333502E-02
4.25167414678261E-02
4.27562439623341E-02
4.40977257099369E-02
4.43424101331095E-02
7.80265563515938E-02
8.06945376436995E-02
8.22591153282846E-02
0.092898135554394
9.79503854395103E-02
9.27448904076436E-02
9.32331011332339E-02
0.100662451064612
0.111651806298981
0.112226467679141
0.104574791472212
0.107466934792163
0.108007767103252
0.109740094857406
0.111482902584796
0.112031489859224
0.111368144427603
9.12293711641862E-02
9.53350651249902E-02
4.78951810975731E-02
5.05900177674104E-02
5.33074514823096E-02
7.09933463532461E-02
0.067568585267913
6.66223985710693E-02
0.068189364642182
0.101479104436432
8.91936224450182E-02
8.57521779535921E-02
8.61321571843898E-02
4.39010870282327E-02
4.02021846357518E-02
4.29812822292274E-02
4.31660981887797E-02
4.33503166910625E-02
4.35339326104512E-02
4.10674292835907E-02
3.72479217453265E-02
3.74021573746267E-02
3.75558645701863E-02
3.77090391049457E-02
4.32704877439817E-02
4.34443124622168E-02
5.86110345687014E-02
6.29482513981306E-02
6.59430438942455E-02
6.48208334782599E-02
6.09179942209009E-02
5.83721404155995E-02
5.71993263851877E-02
5.60151075938945E-02
7.87152368901886E-02
7.19538600917868E-02
8.77963316138258E-02
8.81180381518571E-02
0.122672662564117
0.123115244830768
0.123555981516512
8.36244410990165E-02
7.95785224646184E-02
8.13087452452833E-02
7.57629357410247E-02
0.052631822029459
4.98776027546214E-02
5.00466122003537E-02
5.16917633541277E-02
5.18641624591711E-02
5.05490280801099E-02
4.77317157553649E-02
4.63906654266452E-02
4.95431269304934E-02
4.36774042309034E-02
4.07944211101589E-02
4.24387053400128E-02
4.25714226355178E-02
4.88039703583568E-02
5.20137539908501E-02
4.75690192276162E-02
4.77129849285534E-02
4.78561985256512E-02
4.33536250966342E-02
0.038822866762222
3.89365243526048E-02
4.06115462620437E-02
4.07284612495217E-02
4.08447273204165E-02
4.25357392774644E-02
4.26551202066714E-02
4.11896026528968E-02
4.13032437787994E-02
4.14162214507673E-02
4.15285328224517E-02
4.16401750678359E-02
0.044962771949005
4.50815518215987E-02
4.35853305941449E-02
4.20799969767482E-02
4.38108769843711E-02
4.22958211886892E-02
4.24027021260644E-02
4.08739346722051E-02
3.93363584714507E-02
3.94330969453722E-02
3.78821407080062E-02
3.46715566425348E-02
3.80644558163553E-02
3.81546769392992E-02
4.32326539402686E-02
5.49998591491862E-02
5.01150885092531E-02
0.053578110181043
5.36992410584293E-02
5.71832018147635E-02
5.56244248645333E-02
5.40572946407746E-02
5.24818921176933E-02
5.08982986560239E-02
4.08054587579279E-02
0.042595416311878
4.26844370033069E-02
4.96163854828742E-02
4.97179960988009E-02
5.32545539693295E-02
5.33613942067556E-02
5.00178356224398E-02
5.35723933544633E-02
8.83065775443906E-02
8.15371166436073E-02
8.69066942950873E-02
6.26906264796449E-02
4.88501833494758E-02
0.045444441902878
4.02740912967748E-02
3.68382466431435E-02
3.51465478833562E-02
3.69688807206991E-02
0.037033261405
3.53304912180325E-02
2.65429587908469E-02
2.30425863389523E-02
2.48563371775076E-02
0.023118791247401
2.31563056048665E-02
2.31934266940089E-02
2.32301536244856E-02
3.40048634464191E-02
3.04723973437439E-02
2.51331884577357E-02
2.33731023034935E-02
2.52084489312104E-02
2.88519252657443E-02
3.06995585517569E-02
3.07434222277101E-02
3.62197183251192E-02
3.26430768329252E-02
0.036319831966829
3.63689569311191E-02
3.64174590934803E-02
3.64653373000371E-02
3.65125904123478E-02
3.65592173074065E-02
3.84354777215273E-02
4.21481762355758E-02
0.042199629144181
4.04133848749116E-02
4.04612123294363E-02
4.05083438898464E-02
3.87113794197703E-02
0.035064081032548
4.24930772242723E-02
3.88403487032597E-02
3.88820009472027E-02
3.33625566670354E-02
3.52525033967951E-02
3.52883664547217E-02
4.09010341063484E-02
3.72192255730717E-02
4.47060599078214E-02
4.28837650566844E-02
3.17260514624876E-02
3.17548583960537E-02
3.17831160335948E-02
3.18108237097106E-02
3.18379807721679E-02
3.37389740278974E-02
3.18906405130238E-02
3.19161419528113E-02
3.38199779665293E-02
0.033845807618884
3.38710504178433E-02
3.57788005354862E-02
3.95730686140395E-02
4.33719328998673E-02
4.52881885735841E-02
4.34296750547255E-02
4.34574152465418E-02
3.59218961818618E-02
4.35106306059551E-02
4.35361045259089E-02
4.35608218040229E-02
3.97948008297142E-02
4.17119848256099E-02
3.79395026824445E-02
3.79583592890075E-02
3.03812444666279E-02
2.84955683544825E-02
2.85082241599913E-02
2.47176659667816E-02
2.66299105459097E-02
2.47374517035445E-02
2.28431064147826E-02
2.28512442456861E-02
2.47638994478258E-02
0.028582907267266
3.04976922645744E-02
2.66931164467715E-02
2.28859603572436E-02
2.86146347935252E-02
2.86213204945653E-02
2.67190069005566E-02
2.67243156559266E-02
3.05476098327738E-02
3.05526121493385E-02
2.86472642514247E-02
2.86509552046053E-02
3.05644231075588E-02
3.05672944566164E-02
3.24802349190882E-02
3.05714382781696E-02
3.05727106538892E-02
3.05734499624687E-02
3.24845096983079E-02
3.24841624041951E-02
3.24832487108949E-02
3.24817686397452E-02
3.05691503297042E-02
3.05666913085964E-02
0.032473930570983
3.24701854663543E-02
3.05561169778535E-02
3.05515267195542E-02
3.05464038888927E-02
3.24495453933845E-02
3.24429710642074E-02
3.24358312980143E-02
2.67055157448682E-02
0.02860575541331
2.85979598044027E-02
2.66836882099752E-02
0.024770090810173
0.024762039663714
2.47535572295424E-02
2.47446437059939E-02
2.47352993015107E-02
0.024725524234641
2.47153187340381E-02
2.09039625710039E-02
1.70955812746832E-02
1.70876229700965E-02
1.13862449173757E-02
1.13805431239011E-02
9.47886949984436E-03
7.57903058885246E-03
5.68112535856208E-03
5.67787902441792E-03
5.67453401527947E-03
3.78072693969901E-03
3.77836552530386E-03
3.7759384890404E-03
3.77344588783374E-03
3.77088778016099E-03
3.76826422605105E-03
3.76557528708439E-03
3.76282102639287E-03
3.76000150865948E-03
5.63567520017722E-03
5.63125045283022E-03
3.75115208330056E-03
3.74807221524472E-03
5.61739115523188E-03
5.6125767330229E-03
7.47688689272273E-03
7.47020877388689E-03
7.4634014447889E-03
9.32058133224029E-03
9.31174975044686E-03
9.30275726880232E-03
9.29360409937335E-03
9.28429045809614E-03
9.27481656477579E-03
0.01297125570032
1.29575444887937E-02
1.29436098800787E-02
1.29294522035592E-02
1.29150717940318E-02
1.84292414167204E-02
2.02488693663062E-02
2.20638815940537E-02
2.20377080762574E-02
2.56796816957916E-02
2.93123002834736E-02
2.92758895135533E-02
2.92389762067169E-02
2.92015612394622E-02
2.73409176568488E-02
2.36642492867999E-02
2.18147364940738E-02
2.17851770463677E-02
2.17552447791454E-02
2.17249404053439E-02
1.98864092598931E-02
1.98579500496945E-02
1.98291517532799E-02
2.16000164270273E-02
0.01977054066012
1.97407292637348E-02
1.97105815818525E-02
1.61018986384234E-02
0.016076683845479
1.60511957013184E-02
1.60254348169672E-02
1.59994018103857E-02
1.41983087168611E-02
0.014174686166262
1.76885292676401E-02
1.76584012929535E-02
1.58651770580195E-02
0.014077799718686
1.40529819614746E-02
1.22744360673343E-02
1.05019764309865E-02
1.04828306205437E-02
1.04635082320611E-02
1.04440097329778E-02
1.04243355953555E-02
1.04044862958782E-02
1.03844623158531E-02
8.63688678434199E-03
8.61991021875331E-03
6.88223144994128E-03
6.86841958549126E-03
6.85449291793787E-03
6.84045178665027E-03
6.82629653408205E-03
6.81202750577169E-03
8.49705631292894E-03
8.47893689938312E-03
8.46067658507319E-03
1.01307309808254E-02
1.17932290664197E-02
1.34480875686633E-02
1.34179765203356E-02
1.33876436714095E-02
1.16874535474842E-02
1.99894733469321E-02
1.82810675006511E-02
1.98961639438313E-02
1.98490181516144E-02
1.98015465177626E-02
1.81076043665032E-02
1.64213586978048E-02
1.96571883701838E-02
2.12424606551114E-02
1.95593422000832E-02
1.95099405324061E-02
1.94602214486785E-02
1.94101861898391E-02
1.93598360061639E-02
1.93091721572726E-02
2.40727448901686E-02
2.40086356863461E-02
2.55404151410511E-02
2.70631579748832E-02
2.85767890142076E-02
3.16644563533995E-02
3.47340589974605E-02
3.62110536843368E-02
3.29687663436188E-02
3.28747403110208E-02
3.12192292330321E-02
3.11286856153945E-02
3.10376479367187E-02
3.40407303672853E-02
6.17081993737438E-02
6.45993469810182E-02
6.59374969287289E-02
5.96215041539559E-02
5.94382961959545E-02
5.92541571168872E-02
6.96712363103851E-02
6.19027509660033E-02
6.77263854064834E-02
6.15088148003102E-02
6.13104137007343E-02
0.059620550346218
5.94251426243712E-02
5.47866581988149E-02
0.057555796946316
5.44209399398093E-02
8.94174764245424E-02
0.103721199131071
0.103364740587107
0.107359109169893
0.112767264470243
0.112370521552015
0.111972085986838
0.108711148619454
0.114020696575062
8.66252625657676E-02
8.20637755017665E-02
8.45806844498232E-02
7.86487850503847E-02
8.11528094182344E-02
0.122664040613814
5.97103281024521E-02
5.80983773581109E-02
5.51182779429868E-02
5.90217645036904E-02
6.01577469667709E-02
6.67293827132153E-02
6.78203583238693E-02
0.120236397472571
0.121096355445964
0.121943660301412
0.122778268447008
0.120942069510509
0.120438716514915
0.106754152035027
0.106303122595748
0.105850616930305
0.104095454455203
0.103645656672693
0.103194438425862
0.102741812368731
0.103566388616995
0.103105292644101
0.064626954529086
6.05504913723776E-02
3.89274799714114E-02
3.99988838642292E-02
3.98140357094838E-02
3.96286659608304E-02
3.94427799410961E-02
5.27507646599948E-02
5.12786931933018E-02
6.31833766357933E-02
5.56228846838902E-02
4.93355487684447E-02
0.052685770453307
5.24254164489761E-02
8.65455027378333E-02
8.02133666057946E-02
9.85863828214711E-02
9.57491249212145E-02
8.36411783046368E-02
8.20532745990184E-02
9.65717012959184E-02
9.60651529304865E-02
9.21447165046437E-02
9.16541124486591E-02
9.56643070762509E-02
9.62666652674759E-02
8.90627692648651E-02
8.85741587555113E-02
8.80845698024524E-02
4.70817844197007E-02
4.79063844200088E-02
0.047635546144239
5.38229582589316E-02
5.13734883216707E-02
7.98068825747372E-02
7.82839816207019E-02
9.99096789303491E-02
9.72277360398436E-02
9.56089697179708E-02
9.50347344478695E-02
9.44595892008453E-02
9.49040259788406E-02
0.101420264456375
0.100792261059873
0.100163350145092
9.95335524031456E-02
9.89028886448688E-02
9.82713798018401E-02
9.76390469274293E-02
9.70059111978669E-02
8.09524748872022E-02
8.04193458592322E-02
8.08366154305838E-02
7.36832987393899E-02
6.75568365339977E-02
4.10042329362788E-02
0.048127708858159
4.68763976282161E-02
0.048375812268891
4.98493301568755E-02
5.03969830068383E-02
0.061653942978319
0.062985486437915
6.34103078958318E-02
6.38219448820252E-02
5.20705950434278E-02
6.11600428892833E-02
5.98479605995536E-02
6.19426112309828E-02
7.32612609789535E-02
6.18369694164121E-02
3.06797691468375E-02
0.029618221942213
3.02020373250738E-02
2.99630392609471E-02
2.81172644953477E-02
3.98443577832038E-02
6.08625207952062E-02
6.35004557901967E-02
6.37541061617961E-02
6.32237359552238E-02
0.062693322593714
6.21628873985566E-02
5.78743755037476E-02
5.66311567210587E-02
5.90943084844566E-02
6.00413597889515E-02
5.95111403519826E-02
6.83316812122901E-02
7.12817699985163E-02
7.06356424112877E-02
6.99897303900219E-02
6.93440617966844E-02
5.35849584603022E-02
4.69569614656899E-02
4.71861587481501E-02
4.74027140448942E-02
0.037027401336216
3.66669788585344E-02
3.63068051316593E-02
3.65888055644145E-02
3.30453223395007E-02
3.14535200643502E-02
3.17556330367452E-02
4.37540682607389E-02
4.26899019230545E-02
3.37939592528299E-02
3.82130075574624E-02
3.78048070885529E-02
3.79814160435631E-02
5.77966662596007E-02
5.71611987329584E-02
5.65265775949943E-02
5.58928355244054E-02
5.52600054668464E-02
5.46281206388551E-02
5.39972145318545E-02
5.33673209162228E-02
5.27384738454421E-02
5.21107076603209E-02
5.14840569932916E-02
5.08585567727891E-02
5.02342422277047E-02
4.96111488919186E-02
4.89893126089158E-02
4.83687695364792E-02
4.77495561514666E-02
4.71317092546691E-02
0.046515265975753
4.59002637782857E-02
4.52867404648446E-02
4.46747341822133E-02
4.40642834266602E-02
4.34554270493065E-02
4.28482042615765E-02
4.22426546407374E-02
4.16388181355236E-02
4.10367350718493E-02
4.04364461586055E-02
3.98379924935453E-02
3.92414155692537E-02
3.86467572792047E-02
3.80540599239012E-02
3.74633662170997E-02
3.68747192921203E-02
3.62881627082342E-02
3.57037404571362E-02
3.51214969694935E-02
3.45414771215728E-02
0.033963726241941
3.33882901182401E-02
3.28152150040302E-02
3.22445476257006E-02
3.16763351894426E-02
3.11106253882827E-02
3.05474664091703E-02
2.99869069401167E-02
2.94289961773773E-02
2.88737838326751E-02
1.84088580912966E-02
2.08287418988794E-02
1.96018864621781E-02
1.76094146692557E-02
1.54225854204484E-02
1.38250946780852E-02
1.27842416648618E-02
1.42305142518893E-02
2.13660239666539E-02
2.13680677141012E-02
2.04337761399387E-02
1.99720830829871E-02
1.97326632911125E-02
1.97002108444691E-02
1.69329485629199E-02
1.55040355005785E-02
1.51231245253495E-02
1.43569908831632E-02
1.47479127824551E-02
1.39974018046209E-02
1.16555150368438E-02
1.13421270641574E-02
6.95822948628348E-03
6.2689440951066E-03
6.25063948150638E-03
0.005757768029566
5.43601835695172E-03
5.85715797707527E-03
5.53415251103464E-03
6.73350079344803E-03
6.11711450786589E-03
6.81522455753145E-03
7.33041156918346E-03
6.47712849005561E-03
5.78487695983934E-03
6.02084518585039E-03
5.50418434688784E-03
7.19718502852905E-03
7.56026697379063E-03
8.44907286311051E-03
9.10633540002341E-03
8.8045227291273E-03
8.60997240392999E-03
9.95648206626895E-03
9.34207606222207E-03
9.24002322319506E-03
9.33573085581007E-03
9.22967302127723E-03
9.12271577673779E-03
9.30256361563473E-03
9.19032567852462E-03
9.17072837559525E-03
9.24023982595141E-03
9.12162168406674E-03
9.00203016916835E-03
8.88146437478196E-03
8.75992403603438E-03
8.63740957787596E-03
8.51392216634612E-03
8.3894637630642E-03
7.4376334648234E-03
5.61497584811274E-03
5.52710382199704E-03
6.14795271163871E-03
5.81455411925616E-03
7.16519510949708E-03
7.41651324040241E-03
7.06501262284424E-03
7.08191325567478E-03
7.09260313629656E-03
6.95788670911417E-03
6.8223100415743E-03
6.68589225799561E-03
6.54865450600073E-03
6.41062008815564E-03
6.27181460109042E-03
6.13226608242091E-03
5.99200516578633E-03
5.85106524430578E-03
5.70948264274227E-03
5.56729679863827E-03
5.4245504526573E-03
5.28128984832358E-03
5.13756494130015E-03
4.54402095263285E-03
4.41253715217359E-03
4.28078951897625E-03
3.78410599550734E-03
3.79605078871521E-03
3.67115728954465E-03
1.52572143438619E-03
1.3924583912958E-03
1.18839279896232E-03
1.18044475796445E-03
1.13428922928401E-03
1.12230726235198E-03
1.04250969575326E-03
1.05927595595972E-03
1.1004138530393E-03
1.02013519676579E-03
1.02391833754757E-03
9.71542671269724E-04
9.19746591061486E-04
8.68597542611929E-04
7.96635513983947E-04
7.48302072372082E-04
7.19755299947637E-04
7.07297651257881E-04
6.7449501587349E-04
6.40464213905483E-04
6.33550513343744E-04
5.43593954751693E-04
4.97405183014406E-04
5.17541522924209E-04
4.39313759699455E-04
3.95397208209559E-04
3.45693711920116E-04
6.20773332821399E-04
5.46783570005292E-04
4.50624546220499E-04
4.0363854971261E-04
3.41412004268483E-04
2.92043356846268E-04
2.01668121089486E-04
2.30249023940888E-04
1.86111118795435E-04
1.47585501352837E-04
1.1450973481367E-04
8.66499919920089E-05
6.36989108062256E-05
4.52765621046495E-05
3.09355138374234E-05
2.01709362641059E-05
1.24364547978463E-05
7.16592054570408E-06
3.80034154629803E-06
1.81787226877879E-06
7.63132437119929E-07
2.70657422390383E-07
7.6808782144065E-08
1.60910329640581E-08
2.19677050550303E-09
1.59399981356801E-10
4.29921381479757E-12
2.16168539244072E-14
4.40559603988482E-18
5.3617370431546E-25
1.36091523237982E-42
9.78424339811832E-176
0
0
0
0
0
0
0
0
0
0
0
0
0
0
0
0
0
0
0
0
0
0
0
0
0
0
0
0
0
0
0
0
0
0
0
0
0
0
0
0
0
0
0
0
0
0
0
0
0
0
0
0
0
0
0
0
0
0
0
0
0
0
0
0
0
0
0
0
0
0
0
0
0
0
0
0
0
0
0
0
0
0
0
0
0
0
0
0
0
0
0
0
0
0
0
0
0
0
0
0
0
0
0
0
0
0
0
0
0
0
0
0
0
0
0
0
0
0
0
0
0
0
0
0
0
0
0
0
0
0
0
0
0
""
