0
0
0
0
0
0
0
0
0
0
0
0
0
0
0
0
0
0
0
0
0
0
0
0
0
0
0
0
0
0
0
0
0
0
0
0
0
0
0
0
0
0
0
0
0
0
0
0
0
0
0
0
0
0
0
0
0
0
0
0
0
0
0
0
0
0
0
0
0
0
0
0
0
0
0
0
0
0
0
0
0
0
0
0
0
0
0
0
0
0
0
0
0
0
0
0
0
0
0
0
0
0
0
0
0
0
0
0
0
0
0
0
0
0
0
0
0
0
0
0
0
0
0
0
0
0
0
0
0
0
0
0
0
0
0
0
0
0
0
0
0
0
0
0
0
0
0
0
0
0
0
0
0
0
0
0
0
0
0
0
0
0
0
0
0
0
0
0
0
0
0
0
0
0
0
0
0
0
0
0
0
0
0
0
0
0
0
0
0
0
0
0
0
0
0
0
0
0
0
0
0
0
0
0
0
0
0
0
0
0
0
0
0
0
0
0
0
0
0
0
0
0
0
0
0
0
0
0
0
0
0
0
0
0
0
0
0
0
0
0
0
0
0
0
0
0
0
0
0
0
0
0
0
0
0
0
0
0
0
0
0
0
4.22474170200633E-123
5.00331378661115E-40
1.1739707140628E-24
3.63782325780302E-18
1.38701672819133E-14
2.31000399888822E-12
8.81739536060331E-11
1.19482809985999E-09
9.10897090195401E-09
5.05413996316754E-08
1.8548850846784E-07
5.44141999905284E-07
1.45015081550071E-06
2.69915545732116E-06
5.27739542331485E-06
9.29521517535134E-06
1.31428261602196E-05
1.99357365719618E-05
2.81102068029285E-05
3.89714665024456E-05
5.35371252652855E-05
6.59059887642835E-05
8.56645185259675E-05
1.27026732720101E-04
1.50771107447478E-04
1.98522584732653E-04
2.28314589843513E-04
2.45140146228127E-04
2.72536851024105E-04
3.25857391165703E-04
3.33378074895959E-04
2.2579148353555E-04
2.15132462487905E-04
2.41612940372865E-04
3.53749865595133E-04
3.92178953672999E-04
4.3231957026649E-04
4.74084621864034E-04
5.17385649227469E-04
5.35365451508609E-04
5.79276387528574E-04
6.243975046947E-04
6.70646637386688E-04
7.53840569146207E-04
8.42830456070752E-04
8.96905928100801E-04
8.65348573057584E-04
7.78665828316076E-04
8.70738944390034E-04
9.1756286464641E-04
8.57675957103112E-04
9.00136238128022E-04
8.84012855427632E-04
9.24436296391229E-04
9.00769137934526E-04
8.71864142573426E-04
9.07455367326273E-04
1.01572591853983E-03
9.78993729905632E-04
1.17102619016435E-03
1.21250474262505E-03
1.25401827712517E-03
1.03643424965507E-03
1.06964467644807E-03
1.19473144916294E-03
1.23063580722764E-03
1.16905735773156E-03
1.30224549195182E-03
1.44083899488944E-03
1.47914857289089E-03
1.51733392996389E-03
1.4442841759901E-03
1.47947839145291E-03
1.7475298963178E-03
1.54941778283914E-03
1.58414574239284E-03
1.61870216563858E-03
1.52592003426453E-03
1.55748269036544E-03
1.85368065728095E-03
1.89008678795892E-03
1.92627623966315E-03
2.10240450799914E-03
1.99798634396539E-03
2.03349873211388E-03
2.21654770658957E-03
2.10382059390694E-03
2.13862416042677E-03
2.01795853953115E-03
2.04982546447693E-03
2.08146436789691E-03
1.95034505367659E-03
2.14405258456923E-03
2.17499972221489E-03
2.03604411458986E-03
2.06418113027293E-03
2.09210274665897E-03
2.11980877159537E-03
2.14729916190362E-03
1.99335951231923E-03
2.20163355171772E-03
2.22847812307727E-03
2.06718250415091E-03
2.09139727957575E-03
1.7307953547877E-03
1.7502880811178E-03
1.96624670414652E-03
1.98755321862059E-03
2.41042187744914E-03
2.63853540202929E-03
2.66555549224784E-03
2.69235190240102E-03
2.92807410310827E-03
2.95645432419629E-03
2.98459808572743E-03
3.0125069612662E-03
3.04018256619243E-03
3.28674273618471E-03
3.31590065514234E-03
3.34481406156213E-03
3.1485858373968E-03
3.62870916724076E-03
3.65877977240936E-03
3.68859769872218E-03
3.95055034847723E-03
4.32904792254117E-03
4.23556926126391E-03
4.38411009285717E-03
4.53414610082773E-03
4.96128263952816E-03
4.83861800559721E-03
4.99301157114599E-03
5.14881565059569E-03
5.93024598657033E-03
6.10746376004861E-03
6.61704138304059E-03
6.80673704147778E-03
5.94827686485707E-03
6.11211660378561E-03
6.27722618179814E-03
6.8226207541098E-03
5.8333921044398E-03
5.98233668524924E-03
5.72351217565132E-03
6.28336906857049E-03
6.43542422768406E-03
7.46694838435639E-03
7.6415363412153E-03
8.73690052966073E-03
8.46423744591828E-03
7.21045106843147E-03
7.3682973281703E-03
8.53066213081094E-03
8.19915576801722E-03
8.37039316514068E-03
8.00864527534055E-03
8.17089899860081E-03
7.77839096513601E-03
7.9313779398273E-03
9.24013725829697E-03
1.11823201938571E-02
1.13929669144235E-02
1.16045857203535E-02
0.01119520358633
1.13974774759952E-02
1.03116654799062E-02
9.83718854025544E-03
1.00078912247786E-02
8.82204390809688E-03
9.66125652315866E-03
9.12086325119568E-03
9.98428564144348E-03
1.01466973957466E-02
1.10460983399966E-02
1.27175267399792E-02
1.29168217308543E-02
1.31167827202678E-02
0.011750643640335
1.19282192513126E-02
1.04921672881023E-02
9.8280118624448E-03
9.97136924272624E-03
1.09580688339984E-02
1.11142594596779E-02
1.21378694624826E-02
9.66977603125765E-03
9.80300105109987E-03
1.08398884751303E-02
1.00704581932127E-02
1.02046743992695E-02
1.12791329393492E-02
1.23784141992087E-02
1.25381211527643E-02
1.26981724826496E-02
1.18694392613245E-02
1.20177898958915E-02
1.11525642455384E-02
8.21024176025371E-03
8.3097124088164E-03
8.4093624449025E-03
9.57283491849123E-03
9.68532707622223E-03
1.19753374661723E-02
1.10120644849768E-02
1.11376503199222E-02
1.01370794257755E-02
1.02504347829328E-02
1.03639457346471E-02
1.16417852199138E-02
1.17682357010681E-02
1.30843246509739E-02
1.44259125891242E-02
0.014578187249577
1.47306255149685E-02
1.36429519051349E-02
1.37829673764583E-02
1.51888509422023E-02
1.66203622863994E-02
1.80775271800175E-02
1.82563445357928E-02
1.71184889492292E-02
1.72847749591604E-02
1.74511706572633E-02
1.49072582107294E-02
1.77842621707925E-02
1.93317854524673E-02
0.019511375780053
2.10975489867251E-02
2.12901297061569E-02
2.43471502149428E-02
2.45655561147749E-02
2.76997897164356E-02
2.94147530278433E-02
2.81882886030951E-02
2.99290521502831E-02
3.01862509521741E-02
2.43547751238233E-02
2.45605566652697E-02
2.63142333768617E-02
2.34113521648552E-02
2.36042472330796E-02
2.53835935735925E-02
2.39899599927633E-02
2.09583945413169E-02
2.11254510871807E-02
2.12924620022184E-02
0.023110145723126
2.32898851727431E-02
2.51459521980345E-02
2.36491497402868E-02
0.022126614397833
1.88634950432424E-02
2.07320674812556E-02
2.26261634648063E-02
2.45457547215615E-02
2.47247571040047E-02
2.13459757474721E-02
0.021499193322441
2.34566543124103E-02
2.54394925087695E-02
2.74476712692771E-02
3.13237242317278E-02
3.15398952579912E-02
3.36238585823863E-02
3.38523145458722E-02
3.21871798257241E-02
3.62145671107577E-02
3.64549713274801E-02
0.034763789803441
3.69349794954232E-02
3.71745674699258E-02
3.54447165413062E-02
2.57624910861833E-02
2.59258124318614E-02
2.60889206514568E-02
2.62518104419393E-02
2.84463593390314E-02
3.06656696161543E-02
3.70233922699636E-02
3.93169634515275E-02
3.74715683403597E-02
3.56009669027178E-02
3.58117861201782E-02
3.60222655551053E-02
3.62323986020958E-02
3.85858362611096E-02
3.88075757155652E-02
3.68606538895094E-02
3.70693360331969E-02
3.94704415977343E-02
3.52805244734916E-02
3.54758433591181E-02
3.56707876755496E-02
3.36237670286659E-02
3.60595289300181E-02
3.62533141108661E-02
3.64467012077731E-02
4.12196449719813E-02
3.91342740990783E-02
3.93384421443662E-02
3.95421627649724E-02
3.97454299262672E-02
3.99482376254727E-02
4.01505798914965E-02
4.03524507847687E-02
0.033397283621127
3.83574163307669E-02
4.09551763018962E-02
3.87342145255663E-02
3.89219096110272E-02
3.91091281253114E-02
4.17518562245142E-02
3.94821139228139E-02
5.95018057777978E-02
5.72888731787481E-02
5.75544591091324E-02
5.27915476765246E-02
0.053032697611749
5.32731665293272E-02
5.09647120522783E-02
5.11924135717539E-02
5.39904196137004E-02
5.68103874160818E-02
5.70586343025638E-02
0.059910949623998
7.32490879517136E-02
0.09195265982056
9.23427252139127E-02
9.80304908147156E-02
0.119724569458428
0.120221237850373
0.128764015132173
0.150838656813277
0.137928181543405
0.192790806066739
0.190835057062246
0.19159201315584
0.217076527753703
0.217924737291071
0.216000638801949
0.233511415466007
0.234403446898328
0.235292142973745
0.236177479948388
0.234237298091784
0.235105387267174
0.233127074641168
0.285339007952355
0.286372567508049
0.287401961897567
0.288427163972073
0.289448146741117
0.290464883372339
0.28564780024736
0.260312105395753
0.255335734918366
0.267984842024155
0.260025872796349
0.263862439837006
0.261765615834084
0.259645190349375
0.281454882167534
0.267349700109234
0.27122510213444
0.30232497182522
0.303284138364835
0.304238699567034
0.305188630940766
0.306133908149386
0.307074507010485
0.308010403495715
0.308941573730634
0.309867993994545
0.310789640720348
0.274301711635066
0.284482853251272
0.279037878606142
0.279840943378836
0.277486402303533
0.246650021541218
0.212460726062971
0.219411850878745
0.200885478770468
0.207830017308103
0.221218218892976
0.205739965502949
0.167609630170679
0.161589320106445
0.155532460732383
0.152688030349329
0.153081438688792
0.150207045804632
0.153860953664447
0.157528892876179
0.138180597493052
0.135223083309569
0.165309050283838
0.165709254721953
0.169428938643057
0.169831717767908
0.173569645056011
0.167283409109199
0.234738326765989
0.245359355174181
0.215597770298697
0.236340215457785
0.226715120299263
0.12886833209042
0.118953835143871
0.115805186791858
0.122880003200001
0.126561325907094
0.18509923386575
0.185484324058763
0.168656534999282
0.134510573118086
0.155517820937722
0.18006858996634
0.190833866067381
0.191207438385743
0.111463488219714
0.108187268102014
0.118882098898354
0.122608331504439
0.12634561122492
0.130093759038354
0.126807721913637
0.116449333859507
9.54460883139871E-02
9.20726147810032E-02
0.102874886044398
0.103051688702308
9.96672375581805E-02
9.62691154224988E-02
0.107143264454428
0.107319063657894
0.103909974632734
0.104076457573442
0.115024779452839
0.115204653367977
0.115382605118911
0.12278104486409
0.12296602052002
0.123148940498909
0.116075106300718
0.12350859605208
0.120047519448702
0.120217036783038
0.120384538260701
0.12420305080973
0.109739525257746
0.131863536024564
0.132037425591868
0.128536620031762
0.125024176526539
0.117818450191282
0.103219465045684
0.103346046900684
0.110861664095759
0.107293765892059
0.107419445933845
9.64181421967597E-02
9.65275663951006E-02
9.66353594713216E-02
9.67415188833346E-02
9.31211943544267E-02
8.57625121198289E-02
7.46539771589096E-02
7.84671222720511E-02
6.73253479220956E-02
6.73920214856549E-02
6.74575524986221E-02
6.37707205636389E-02
6.38304484743222E-02
0.063889093021934
6.39466528291345E-02
0.067768016341245
6.78266606568428E-02
7.16554940030483E-02
6.41660180145215E-02
5.66630597357102E-02
5.67080808175788E-02
5.29686611152791E-02
5.30088785132583E-02
4.54698800128932E-02
4.55028040286147E-02
4.55349528592261E-02
4.93635195650316E-02
4.93966654717255E-02
4.56267408082177E-02
0.049460430021102
4.94910471727464E-02
5.33301137903098E-02
6.09843048018418E-02
5.72051880079548E-02
5.34208394012748E-02
5.34492577981196E-02
5.72965321439457E-02
5.73250236083475E-02
4.97055309007322E-02
5.35537964648206E-02
4.20967205617148E-02
3.82861259861955E-02
3.83018514414831E-02
4.21486141607062E-02
4.21644709234406E-02
3.83450968219053E-02
4.21940205497955E-02
4.22077127245271E-02
3.83824388264945E-02
0.038393572910333
3.84040499234394E-02
3.84138696216858E-02
0.038423031776282
4.22746897911543E-02
0.049971197400876
5.38251992884999E-02
6.15249614707902E-02
6.53802531830762E-02
6.53891151932302E-02
6.15499834228703E-02
5.38616890687598E-02
6.15613944744563E-02
6.92612083011508E-02
5.00244777735006E-02
4.61779522650158E-02
4.23304498486975E-02
4.61786018965208E-02
4.61777402695772E-02
4.61760877014463E-02
4.23258405447222E-02
4.23228757544545E-02
5.00135835623545E-02
5.00083664847504E-02
4.23096325064081E-02
3.46121744786952E-02
3.46067841928537E-02
3.84453347985652E-02
4.22818317724058E-02
3.84300648629942E-02
3.45792986289392E-02
3.45709469331051E-02
3.07217808744584E-02
3.07133053238209E-02
3.45423421718851E-02
4.22053191602897E-02
0.042191497976171
4.21769549798862E-02
4.21616905104611E-02
0.057471415805162
5.74486344444689E-02
4.97682213441019E-02
4.97467753215337E-02
5.35494388704467E-02
0.053524512195647
5.34986709035447E-02
5.34719155972619E-02
0.057261693108603
4.96002607860045E-02
5.33861719461659E-02
6.09780194779203E-02
6.09422302436528E-02
5.70988135049382E-02
5.70633120220394E-02
5.32250480856507E-02
5.31900973291706E-02
5.31542397685288E-02
5.31174762425327E-02
5.68712224407794E-02
5.68298943822061E-02
5.30017585815368E-02
5.29613800102295E-02
0.049140092846552
5.28779194838069E-02
6.03826736964824E-02
0.060332412571853
6.02811257862374E-02
5.64645136337693E-02
6.01754800686688E-02
6.01211236160576E-02
6.00657464611336E-02
6.37599342736119E-02
6.74459271803892E-02
6.36368479056907E-02
6.35736857726239E-02
6.35094463123331E-02
6.71761387443435E-02
6.71058439221105E-02
6.70344132839493E-02
7.44020539027741E-02
7.43201681308702E-02
7.79488773434313E-02
7.04449981153839E-02
6.66602827051574E-02
6.65820734653611E-02
6.65027407631429E-02
5.90420324202344E-02
5.52839270798615E-02
5.52150173010893E-02
5.14688325087024E-02
0.051402782567078
4.76690201806736E-02
5.49300964858104E-02
5.48565542927882E-02
0.047477811990342
4.74124799620555E-02
4.73463525198453E-02
5.09163105600958E-02
5.08433882880112E-02
5.43960155940218E-02
5.06949911144511E-02
5.06195197444373E-02
6.13738884366102E-02
6.12801919453892E-02
6.47846178884541E-02
6.46832458704573E-02
6.81686174561319E-02
5.37310576489034E-02
0.053643891189
5.35558322757395E-02
0.053466883016623
5.69355152446186E-02
6.39435864050569E-02
6.73799718004472E-02
7.43431156513945E-02
6.00767044674172E-02
5.64422518144207E-02
5.63407896645031E-02
5.62383966668853E-02
5.96435174926001E-02
5.95327547659935E-02
5.94210109497702E-02
5.93082887406211E-02
5.91945908609012E-02
0.055604630643415
5.20273050948368E-02
5.53860431122821E-02
5.18206746896295E-02
4.82683463973355E-02
4.81699401530192E-02
4.80707467005641E-02
4.79707684509584E-02
0.047870007836321
5.45925340684587E-02
5.78803242059556E-02
6.11525011376247E-02
5.42390755536362E-02
4.73545558910372E-02
4.38742138195359E-02
4.37756299023937E-02
4.36763382770876E-02
4.35763413786619E-02
4.34756416618004E-02
4.33742416008298E-02
4.99293965650661E-02
4.98107889716624E-02
4.63786231905883E-02
4.95711785655279E-02
4.61535028890977E-02
4.93283942850936E-02
4.92058194339326E-02
0.049082460149915
4.56944315261173E-02
4.88334005429499E-02
4.87077064066536E-02
5.18199895582093E-02
6.78356071479122E-02
7.08781395873636E-02
7.71155854111143E-02
7.69083490843081E-02
7.98957323211478E-02
9.24257217294393E-02
9.21709448757642E-02
0.256727336267961
0.252847088377519
0.271042297326567
0.267127082477658
0.266359369988952
0.240591051736878
0.239888124474962
0.239181488841355
0.244665218943385
0.240844919683884
0.249353252479485
0.254732629979059
0.253951237629247
0.301969043577983
0.155074922507827
0.154587675701122
0.145033489329366
0.153606155225187
0.129094352793548
0.125683229315586
0.125272409533263
0.127832560052698
0.133334079494189
0.126981778019511
0.108894909929281
0.105591708340869
0.111076161172398
0.110692766008531
0.110307738895586
0.115706410442868
0.118180157854483
7.46767669175815E-02
9.15802219747814E-02
8.83977067511151E-02
8.80757922457704E-02
9.34140634355057E-02
9.30686797697264E-02
9.27219596042174E-02
0.212739918937967
0.209146697165364
0.18890373766143
0.188178459305134
0.203990275197593
0.252621107172838
0.251629140283737
0.253357936321018
0.203506537137763
0.270252447521881
0.269159112127301
0.268062073093217
0.266961360344496
0.265857003971402
0.264749034230092
0.263637481543117
0.262522376499936
0.261403749857444
0.260281632540515
0.259156055642554
0.258027050426063
0.25689464832323
0.255758880936514
0.254619780039265
0.253477377576342
0.252331705664755
0.170804301684138
0.16001963701013
0.134392714382285
0.13624433456389
0.24655544060657
0.245390836185118
0.244223192011273
0.243052541604158
0.241878918661518
0.240702357060531
0.239522890858625
0.238340554294327
0.232412274152353
0.231248059784443
0.234776667546961
0.23358319557078
0.232387027172072
0.231188197694701
0.227686875243372
0.224207043861774
0.225300338057929
0.221839642811823
0.220652276660905
0.206026033898008
0.102453449251164
0.110753033335152
0.105736756437531
0.102958883693631
0.165555162706629
0.171120165254031
0.167994593271055
0.177740696241283
0.178845275972215
0.173573171308475
0.164140177375718
0.18200022312868
0.137249138427981
0.136427879263369
0.129441502317255
0.126613090520325
0.119749248546651
0.143216400406454
0.160367950729058
0.157371921451132
0.126686948604183
0.190789454679044
0.162207241918892
0.194169156165569
0.192906433846293
0.191642286961756
0.190376757714026
0.189109888540089
0.187841722113839
0.186572301348121
0.185301669396806
0.184029869656914
0.182756945770773
0.145186353302583
0.144166321095118
0.14135617681372
0.142123912256789
0.149920457719162
0.110311910621455
0.128625853528034
6.55645939903676E-02
6.33652267314848E-02
6.11912376462387E-02
5.56687967503818E-02
6.19418503638127E-02
5.81444345599602E-02
6.26403473364434E-02
4.25252475087156E-02
0.040568469664679
3.54175295493076E-02
3.67317748252961E-02
3.32677215815152E-02
3.45690133333533E-02
3.58445544924083E-02
3.86399506071659E-02
3.52529438180334E-02
3.19173830720398E-02
3.31543216492044E-02
0.035859717725908
3.40698252844043E-02
3.52425762015599E-02
3.63896798789749E-02
3.60684208580382E-02
3.71771430807374E-02
0.036843237002514
0.04072208253928
4.31326917108215E-02
4.54921613712759E-02
4.91662751066404E-02
4.87049852714456E-02
4.95840728037701E-02
4.91105393123579E-02
4.73227995032924E-02
4.55609575137564E-02
4.51139760320709E-02
4.33911427167879E-02
4.42211078934852E-02
4.25245397905373E-02
4.08538436108512E-02
4.04342835204917E-02
3.75899961955156E-02
4.19962713225392E-02
4.63016092260554E-02
4.69825189874226E-02
4.53149092434112E-02
4.13746087270984E-02
4.20573598870463E-02
4.04673666283696E-02
4.00147076872295E-02
4.28596137234427E-02
0.042370713144351
3.97347647670811E-02
0.035026766175554
3.14682893666722E-02
3.31677018407209E-02
2.96977669103321E-02
2.73146682747723E-02
2.69803361969563E-02
2.66466670729923E-02
2.53390985861723E-02
2.50191176708445E-02
2.37498353229992E-02
2.34435095503881E-02
2.40633995601924E-02
0.022832976990564
2.25288058331225E-02
2.22253887580594E-02
7.62911489626061E-02
0.075240696386826
7.41930595270244E-02
7.56706585962623E-02
7.45929240201876E-02
7.35183054900873E-02
7.24468719282284E-02
4.36203123029418E-02
4.21883030515964E-02
4.38598402637463E-02
4.77360709540117E-02
6.63939343193452E-02
0.065354768305706
6.14284934988758E-02
0.060443061602653
5.94612501757314E-02
5.57309830683805E-02
5.48024787853768E-02
5.25473180687392E-02
5.09951540997291E-02
5.52514728684615E-02
5.42816246101884E-02
5.51758166450795E-02
5.60071917880474E-02
3.04798984043594E-02
2.93283817718907E-02
2.82015800042409E-02
0.021453676556035
2.04851436943524E-02
2.06260080257192E-02
2.12793139485071E-02
2.13705525179932E-02
2.04216430946759E-02
1.99963239792802E-02
0.018594731809447
1.67588023589732E-02
1.77981642295456E-02
3.29749578167299E-02
3.71559712538193E-02
3.45549257039479E-02
3.37497506942807E-02
3.29498810289267E-02
3.17483711595334E-02
2.46166667641124E-02
2.32275621323185E-02
2.15049927921588E-02
2.86656043970247E-02
3.57808683721421E-02
3.48184519533022E-02
3.38636406359851E-02
3.29165505657083E-02
3.19772990155544E-02
2.70100238210959E-02
2.62068240291444E-02
1.28514167094164E-02
0.012169457198127
1.12351493252236E-02
1.03401126367373E-02
9.99652165755646E-03
9.90396885382628E-03
1.07535072905924E-02
7.65785660474295E-03
7.36657642922271E-03
7.30685058355266E-03
7.24661863787043E-03
5.83852462483539E-03
6.67933121927862E-03
6.62141729924245E-03
6.56301369174024E-03
6.28731283531461E-03
5.37060233260998E-03
4.89503509269159E-03
4.6379153538345E-03
4.59325121397951E-03
4.34147573386372E-03
4.29812481604815E-03
4.25441219705867E-03
4.00984366779825E-03
4.95939744345453E-03
4.90605283742736E-03
4.65817799308719E-03
4.98996501863951E-03
5.31257973321048E-03
5.25085303095409E-03
5.00331876992915E-03
5.12589998547996E-03
6.32833918095088E-03
6.24867523894193E-03
5.99214306188664E-03
6.43531585727724E-03
6.34910547815121E-03
6.43148059728413E-03
6.17469392222236E-03
5.59299598393059E-03
5.99763850786156E-03
6.22748357573151E-03
5.66071781204226E-03
4.64363215771147E-03
4.41716202287781E-03
4.04532621430065E-03
4.27230354863643E-03
3.9095427617519E-03
3.27194157644937E-03
3.49256039953101E-03
3.56539104792114E-03
3.63265215614741E-03
3.82624572712467E-03
3.75031814757121E-03
3.42058995656208E-03
3.34912248454909E-03
3.39866767684201E-03
3.32380466837397E-03
9.28169055362055E-03
9.17917114500679E-03
8.95972700050682E-03
9.92627791935815E-03
8.93903766237855E-03
8.70631719673935E-03
8.5726179666709E-03
8.33591041293854E-03
8.00454411040843E-03
7.76972397163944E-03
7.44598404192082E-03
7.21349065658829E-03
6.98095478797196E-03
6.74850389922186E-03
6.59384849657313E-03
6.43403786213764E-03
5.62070171650835E-03
5.4758285263215E-03
5.32627797816404E-03
5.10840242299483E-03
0.003179605599923
2.57200278726882E-03
2.78913233461199E-03
2.5503881912778E-03
2.47493036268159E-03
2.6352000242008E-03
3.21971218449099E-03
3.0829000767622E-03
2.98413451686675E-03
2.38618012226807E-03
2.09278591755593E-03
1.68887412227469E-03
1.84875013931135E-03
1.7425842322262E-03
2.37443921620194E-03
1.84404873636251E-03
1.73273911218696E-03
1.88225545757369E-03
1.68747404643303E-03
1.3882801181484E-03
1.25786545107723E-03
1.11857869886794E-03
1.03370928369284E-03
9.14988887771631E-04
8.20080770971253E-04
7.34447005698708E-04
6.42888950519752E-04
5.39087700089178E-04
4.45774459787674E-04
3.62871788050495E-04
2.90198097364916E-04
2.27458670327526E-04
1.74238988696027E-04
1.30001525929755E-04
9.4087335334086E-05
6.57238698437558E-05
1.76161676070576E-05
1.15178180296441E-05
8.27794074247966E-06
4.44621095518609E-06
1.74737984205228E-06
8.04130413767753E-07
3.22433563695891E-07
1.14220529021146E-07
2.86944736967974E-08
5.36702527985707E-09
7.31264351264455E-10
4.34159900658751E-11
9.75801076741915E-13
3.57327936126884E-15
6.3900846021122E-19
2.62307285165587E-26
3.65387183479646E-45
5.39848856842767E-201
0
0
0
0
0
0
0
0
0
0
0
0
0
0
0
0
0
0
0
0
0
0
0
0
0
0
0
0
0
0
0
0
0
0
0
0
0
0
0
0
0
0
0
0
0
0
0
0
0
0
0
0
0
0
0
0
0
0
0
0
0
0
0
0
0
0
0
0
0
0
0
0
0
0
0
0
0
0
0
0
0
0
0
0
0
0
0
0
0
0
0
0
0
0
0
0
0
0
0
0
0
0
0
0
0
0
0
0
0
0
0
0
0
0
0
0
0
0
0
0
0
0
0
0
""
