0
0
0
0
0
0
0
0
0
0
0
0
0
0
0
0
0
0
0
0
0
0
0
0
0
0
0
0
0
0
0
0
0
0
0
0
0
0
0
0
0
0
0
0
0
0
0
0
0
0
0
0
0
0
0
0
0
0
0
0
0
0
0
0
0
0
0
0
0
0
0
0
0
0
0
0
0
0
0
0
0
0
0
0
0
0
0
0
0
0
0
0
0
0
0
0
0
0
0
0
0
0
0
0
0
0
0
0
0
0
0
0
0
0
0
0
0
0
0
0
0
0
0
0
0
0
0
0
0
0
0
0
0
0
0
0
0
0
0
0
0
0
0
0
0
0
0
0
0
0
0
0
0
0
0
0
0
0
0
0
0
0
0
0
0
0
0
0
0
0
0
0
0
0
0
0
0
0
0
0
0
0
0
0
0
0
0
0
0
0
0
0
0
0
0
0
0
0
0
0
0
0
0
0
0
0
0
0
0
0
0
0
0
0
0
0
0
0
0
0
0
0
0
0
0
0
0
0
0
0
0
0
0
0
0
0
0
0
0
0
0
0
0
0
0
0
0
0
0
0
0
0
0
0
0
0
0
0
0
0
0
0
0
0
0
0
0
0
0
0
0
0
0
0
0
0
0
0
0
0
0
0
0
0
0
0
0
0
0
0
0
0
0
0
0
0
0
0
0
0
0
0
0
0
0
0
0
0
0
0
0
0
0
0
0
0
0
0
0
0
0
0
0
0
0
0
0
0
0
0
0
0
0
0
0
0
0
0
0
0
0
0
0
0
0
0
0
0
0
0
0
0
0
0
0
0
0
0
0
0
0
0
0
0
0
0
0
0
0
0
0
0
0
0
0
0
0
0
0
0
0
0
0
0
0
0
0
0
0
0
0
0
0
0
0
0
0
0
0
0
0
0
8.48454695063891E-106
8.13824894055447E-29
1.25598054007203E-17
3.87265529039114E-13
1.01961099418193E-10
3.32944378780195E-09
3.48110885829186E-08
2.05473878407499E-07
7.39481503086455E-07
2.16988006027368E-06
5.3947854794033E-06
7.67584784188573E-06
1.36744517270778E-05
2.34580736494414E-05
3.57897840723247E-05
6.39833443324513E-05
8.58668656966998E-05
1.2320890301379E-04
1.58240027644006E-04
2.22078200749495E-04
3.02748608459693E-04
5.06367769345944E-04
6.66338128485926E-04
8.01717898267236E-04
9.28896308787666E-04
1.08927856066939E-03
2.25001562553459E-03
2.47911416865548E-03
2.29964835384456E-03
2.6449786640234E-03
2.86634882875976E-03
3.25373097938666E-03
3.92399999364844E-03
5.72352237065488E-03
6.35790148439006E-03
7.02985057409913E-03
7.01110060941515E-03
8.88179808304662E-03
9.80541926757552E-03
0.010784346649224
1.23117929395843E-02
1.31745223852299E-02
1.40601191053737E-02
1.49678211341506E-02
1.58968842160542E-02
1.68465827096904E-02
1.78162102082589E-02
1.74887243300099E-02
1.88218986384611E-02
1.95876240697199E-02
2.03489317020766E-02
1.99577463671631E-02
0.020893406025821
2.36000297368837E-02
2.43775350423123E-02
2.56928714587296E-02
2.67591821551093E-02
0.027838122454812
2.95447549156101E-02
0.030990565326752
3.14776072605203E-02
2.50617845886896E-02
2.98529953802637E-02
3.12444032764167E-02
3.19093670870509E-02
3.29503104781198E-02
0.014166392796387
1.50240704253256E-02
1.41901907481851E-02
1.54966774525515E-02
1.73128515005063E-02
1.54611625535028E-02
1.54084911298891E-02
1.58266953532853E-02
4.01101863233288E-02
4.21954541387416E-02
4.32705661691555E-02
4.43507600841084E-02
4.71186406786236E-02
4.70999743363945E-02
4.82077241725464E-02
4.93198291157076E-02
4.92059569982679E-02
5.09276402751223E-02
0.05203802333946
5.31520145358679E-02
5.22594726192864E-02
5.19710327335419E-02
5.16301138468072E-02
5.33711993429726E-02
5.51427758461909E-02
5.91634437019854E-02
3.46635260177146E-02
3.37742586949785E-02
3.67383518347453E-02
3.66051512594395E-02
3.80646677947667E-02
3.46093750186412E-02
3.60426545324861E-02
3.75051914072791E-02
3.63971867650713E-02
3.78755534025779E-02
3.75929736919317E-02
0.038191873637996
3.87913731738051E-02
3.75156383191715E-02
3.14222573475287E-02
3.28609630325271E-02
3.62902543591806E-02
3.28397783360229E-02
0.031293853274707
3.17384080616321E-02
3.21831199967715E-02
0.033680471369937
3.20060188951187E-02
3.13554337673765E-02
3.17717450820875E-02
3.21880574843581E-02
3.26043434434676E-02
3.41592164895303E-02
3.11307471770165E-02
2.91834266619588E-02
3.07236529211119E-02
3.34884324824387E-02
2.90482962480258E-02
3.06167203844459E-02
3.46915530756231E-02
3.50921350468499E-02
3.67600379917923E-02
3.58924774541838E-02
3.24037450295424E-02
2.75186851524307E-02
2.64932956358159E-02
2.14224428249923E-02
1.89437715646987E-02
2.05100349210185E-02
2.07229400805576E-02
2.23313101048813E-02
2.39677493590292E-02
2.56321953237893E-02
2.87627189247015E-02
3.19493293280465E-02
3.07929110228336E-02
3.10883133676891E-02
3.43721648906108E-02
3.46947343452249E-02
3.65392690204432E-02
3.84112461623253E-02
3.72097687086587E-02
3.59798316416442E-02
3.15649939666921E-02
3.02505466695542E-02
2.89078731561919E-02
3.40163437976891E-02
3.92071754674844E-02
3.78904681258315E-02
3.65455947457566E-02
3.34977400002479E-02
3.37716388085786E-02
3.74494494033079E-02
3.43176753285709E-02
0.031130813380936
0.026145971945018
2.63491314416156E-02
2.83219366585863E-02
3.03212194880529E-02
3.05498261728256E-02
2.89674067587503E-02
2.91814983763219E-02
2.93950449868855E-02
3.14585416784451E-02
3.16842534203926E-02
3.19093628586205E-02
3.21338624041759E-02
2.85509510678126E-02
2.68314132776594E-02
2.50851264669308E-02
3.30256124915515E-02
3.52026543512234E-02
3.74050052569105E-02
3.76509144031027E-02
3.98906073277105E-02
0.038140485156813
4.04043487229734E-02
4.26930085320507E-02
4.29605918286662E-02
4.32273077666461E-02
4.34931481383451E-02
0.039590666256354
3.77332883304806E-02
3.58500329946452E-02
3.60623366725202E-02
0.046942693098693
4.72155126428452E-02
0.120876908299944
0.141103824885931
0.163732115329836
0.160258086199756
8.16771986323991E-02
8.21259894297033E-02
8.70364693893828E-02
8.52621401770211E-02
8.57177231167018E-02
0.079368487700295
7.75052017648108E-02
0.080199359200454
8.29154613746447E-02
8.56533505819423E-02
8.84128679022174E-02
8.65172453559038E-02
8.45965306814061E-02
0.11571120701174
8.06803794003551E-02
8.10696241218044E-02
8.38529305532796E-02
0.098692901779667
9.67375277428239E-02
9.96168986728187E-02
9.51939467826623E-02
0.142216453533415
0.150248631933496
0.15092154314412
0.144135888271525
0.144769486481649
0.150413741542447
7.30136313951213E-02
7.33257040009306E-02
6.85578272025113E-02
6.37457462528695E-02
6.40106367655476E-02
6.17031689607465E-02
6.19547828904134E-02
5.96131696836309E-02
5.98517056896277E-02
6.00889355320214E-02
5.77020334675643E-02
5.52934132563401E-02
0.113655969588598
0.111436359742142
0.12517383832633
0.128315583233999
0.131474393851853
0.129264078745496
0.12973407879202
0.13562628269376
0.117054532735204
0.125663325030228
0.145292310545587
0.16230056349461
0.168377638461618
0.166179633484078
0.277897098719515
0.278822021437303
0.279740801342571
0.280653416011034
0.281559843210915
0.282460060902183
0.283354047235804
0.201811664192646
0.199586267569257
0.197338897690776
0.263917868765536
0.287729757103536
0.288585907068899
0.289435678023088
0.290279049620668
0.291116001701387
0.239396141717484
0.248854982454735
0.164409359523346
0.185471507403746
0.185978379281341
0.168721025175359
0.142460767186134
0.122007044449153
0.125309711814947
0.122642539516487
0.119957281766443
0.120260646594755
0.120561345430555
0.129923824068034
0.142356792480751
0.148773035430669
0.121737340962525
0.10982214498951
0.116193704767756
0.122591006449308
0.119798376360279
0.120067862738392
0.114163674727433
0.108229723251076
0.105365396323685
0.105591007929491
0.102702090490215
9.97978282685264E-02
9.68784239423522E-02
0.115864366370453
0.109821555267504
0.106895265154282
0.100804102829608
9.78424498736324E-02
9.80287514457074E-02
9.50447178055315E-02
9.52207901811008E-02
9.85745716502353E-02
0.108308794704992
0.1021187164519
9.59038822189018E-02
9.60693363798193E-02
9.94404105683755E-02
0.102820091231445
0.102989731346337
0.103157082238327
0.100093323229436
0.100250998047059
0.100406444296324
0.100559658455231
0.139695399785499
0.133394659477818
0.263918573902923
0.244718045800378
0.238526624763844
0.235583718824477
0.278496671431663
0.265744306867141
0.25952159227235
0.243408195237801
0.263475462761605
0.280288638991681
0.274025345793383
0.271045552399113
0.274670525392454
0.284923136067409
0.238806887821817
0.245708947531068
9.30704934975725E-02
9.64953914582835E-02
8.99325285529311E-02
8.66883528579252E-02
8.34356574340351E-02
8.01746629725991E-02
0.093624197124841
9.37092053497588E-02
0.261278075249051
0.221271995889248
0.278499737497886
0.27872698351702
0.282308850496052
0.282526282684976
0.235614526385791
0.181891473893202
0.182019125120598
0.188888755311071
0.270018193755934
0.266811937125197
0.280492694349629
0.26713207374967
0.263899900401979
0.26404327668947
0.287889312375509
8.13268952554434E-02
7.79753549305394E-02
8.14024707169061E-02
8.14375433256373E-02
8.48654216671496E-02
8.48981816691826E-02
7.81347292898489E-02
8.15597152336288E-02
6.79881043222964E-02
7.48090939885053E-02
7.48296095070149E-02
7.14462580885078E-02
6.80596796480916E-02
7.14774798821796E-02
8.17036645882769E-02
8.85267106714949E-02
0.105565908728384
9.87668824872607E-02
9.53702820172934E-02
0.091970982454088
0.299772713816835
0.303188092503333
0.303190220358182
0.306592185282199
0.306580700091597
0.296343650172906
0.292913396689459
0.292882877838549
0.289440661195366
0.285992944508027
0.289348147605355
0.285888799760392
0.285827189761824
0.28235732760945
0.248273783317748
0.255003773302619
0.254926070673953
0.214067866838877
0.213993073547567
0.210518068436506
0.200252753554705
0.200169343294087
0.305209039359256
0.305068224963232
0.287980591206634
0.291221079225579
0.196301056420384
0.260462899372354
0.256932737347169
0.222992720477339
0.199218580680958
0.199090753435663
0.286635124967092
0.286438213581709
0.286234931959703
0.286025284630748
0.289171738341447
0.288946757706509
0.265215264375388
0.264996794991029
0.261420882514286
0.264542181281419
0.264306047106975
0.267406617764112
0.267155595438229
0.266898631907287
0.279967519564302
0.279685249571378
0.226178329395937
0.275779413302594
0.232334289296974
0.218816743786215
0.221882252830206
0.129007007174063
0.135463794367802
0.207902804741412
0.30982594325657
0.309440812264927
0.315624306932514
0.279098329108238
0.278731430607363
0.288182746331343
0.294330758048773
0.293922617708305
0.104358379516406
0.104208619184123
0.094301241201866
0.103902151449147
0.106987496319062
0.106823520522655
0.100193099096924
0.103261525857268
0.283512959868588
0.279833939590085
0.269736974152397
0.269283459583212
0.268823960004323
0.265163741994794
0.267887047795595
0.296060691141794
0.254215545642014
0.253749579102896
0.253277974378243
0.18644054741212
0.179776499227752
0.182576343737417
0.188501543556207
0.188126820227142
0.181489654404011
0.124909897755723
0.12465174259802
0.12439081937313
0.133436669154934
0.136246762143536
0.142130227081137
0.138734513076854
0.227633056236647
0.245534984853523
0.241912546086312
0.241353926625819
0.243837926229335
0.258465241042848
0.291215381248251
0.14222915746869
0.13282473199097
0.159597235530212
0.159197505544521
0.137821421566134
0.227121652406861
0.229514015825157
0.199183909426859
0.231271636271447
0.230652404730073
0.227078987554507
0.226457624690823
0.22876412211566
0.231049222008714
0.230396335913341
0.171576744446723
0.173981231513048
0.124322883480945
0.126839177791301
0.132209686029576
0.137542805947709
0.137124640211816
0.139551434568486
0.139118384497487
0.155663765487565
0.157992094884782
0.154674426638222
0.128946058388329
0.131319234656586
0.116962263026376
0.116572846255724
0.105116018477353
0.107515869920718
0.109894507357381
0.125940997178573
0.128228814767368
0.130494604332151
0.138156083326536
0.143056993442805
0.142536878633124
0.158090653052677
0.184200425148211
0.16223448198427
0.15632248969775
0.129331961578265
0.110429092943861
0.112618847793921
0.11217687819544
0.116929318082434
0.142342050396004
0.198474340861598
0.207933823902559
0.209634948307641
0.208764427859523
0.210424605503139
0.209534304974285
0.208639457061384
0.210242977673957
0.211820217665641
0.210889980325629
0.217365365626544
0.140163569644909
0.144426450857625
8.77229685627772E-02
0.111574832224635
9.89854127192435E-02
7.92978454243573E-02
7.89228032004421E-02
7.14055175489029E-02
7.10615035863045E-02
7.30731693920775E-02
7.27145582742688E-02
7.00203840454729E-02
6.50256600166861E-02
6.70082071150346E-02
6.66669869589049E-02
6.40373073568532E-02
0.06598031796055
6.56348883530978E-02
6.52880749631029E-02
6.49398876090314E-02
6.68175891636096E-02
6.86697362593334E-02
7.26992061761508E-02
7.44876664064322E-02
0.100214475109738
9.96494360453088E-02
9.69283666448636E-02
7.92388578958348E-02
7.23919025866374E-02
7.40849419248211E-02
7.78557029755689E-02
7.52997840069924E-02
8.10837471519003E-02
8.05910776734285E-02
7.80430091934032E-02
7.75597997069273E-02
7.70750262264668E-02
0.118914040094159
0.11214861747364
0.10147855571819
7.11668796610654E-02
7.26643293116381E-02
7.41343933568361E-02
7.36391008572357E-02
0.057743975256279
5.92623842625553E-02
6.07533896002116E-02
6.41022549727481E-02
6.55249455084297E-02
8.92265495137853E-02
9.41254129488405E-02
0.102607198693287
9.27645183332186E-02
9.56925044106667E-02
9.67729870584396E-02
9.24889056660941E-02
9.00221794175696E-02
9.63389212311606E-02
9.73314282439708E-02
9.82950563188195E-02
0.09751888367693
0.110318684474815
0.116163842370785
0.11855781457771
0.127519263564989
0.14124058187144
0.14005469399479
0.138866495315802
0.136075148683121
0.134896338181856
0.136861629014638
0.143446763978746
9.27157000744002E-02
0.102596824509019
0.101659582761577
0.082681291848137
7.89309666675245E-02
7.96613258000177E-02
7.74401804676768E-02
0.122998517387633
0.121798886443301
0.119178881723995
0.117990301122675
0.116800272399807
0.110103668764429
0.108967712391926
0.106482659343461
0.105358558665312
0.102913960741023
0.108327767549357
0.109725275822944
0.108511494617464
0.107296796348207
0.107329261501224
0.106098617831535
6.46274909154678E-02
0.060253038500226
5.83456785213188E-02
5.41139194091403E-02
5.34541106980575E-02
5.27941081075619E-02
0.060067380031792
5.81876443721509E-02
5.41272633256718E-02
5.56043987969858E-02
5.37963511938266E-02
5.30786542508097E-02
5.13138538024475E-02
5.78409048213124E-02
5.29635340499263E-02
0.049205366947311
4.85031086405937E-02
4.87767596381585E-02
4.90222088787911E-02
5.01864564678688E-02
0.061552909183282
5.96919483675691E-02
6.05726222378843E-02
7.02953889716552E-02
5.60369363490804E-02
8.61356536941359E-02
0.084715460803081
8.32972713643019E-02
8.18812256474248E-02
8.04674673197732E-02
7.90561435716401E-02
0.041929598833371
3.88831175596891E-02
3.74191536681652E-02
5.21411709642421E-02
5.54719232335185E-02
5.58119578884502E-02
6.71804660825304E-02
6.04061982122211E-02
5.98409951180758E-02
6.31586286992638E-02
5.99140114931413E-02
5.80033200147736E-02
5.42942267886844E-02
5.36807582888088E-02
5.18789847352815E-02
0.042137151314855
0.04114313157187
0.039068225213249
4.97543274758369E-02
4.69607465565791E-02
4.57611039009182E-02
4.35882307895548E-02
4.29042002108183E-02
4.63745953218214E-02
4.50856226009423E-02
4.38047221348587E-02
4.25322106463846E-02
2.35229966947173E-02
2.04069736831306E-02
2.01595345773668E-02
1.98923636646382E-02
2.03321017881127E-02
1.93008256847857E-02
1.69442087616696E-02
1.63478792697116E-02
1.67028757227685E-02
2.06353905464098E-02
2.45197032645164E-02
2.32791866916301E-02
2.31494116672823E-02
2.16743106507647E-02
0.01358622411508
5.9042212564584E-03
5.18587598086828E-03
4.72868172760191E-03
4.50068160010813E-03
4.27653803714343E-03
4.7939162382922E-03
5.58601230087142E-03
5.27805783720941E-03
6.0651865313063E-03
5.12067177449489E-03
4.80579913708325E-03
4.37022499480018E-03
4.4398163816569E-03
2.90402871632058E-03
3.42009148133263E-03
3.16273016106443E-03
3.09067907310861E-03
2.83646302258496E-03
2.51799262746708E-03
2.29036688716715E-03
2.37764509527476E-03
1.86561653147675E-03
1.66901834931314E-03
0.001570519873362
1.50103428283045E-03
1.85252382871598E-03
1.11010193136183E-03
9.28141968999655E-04
7.88101300951208E-04
6.78665189910322E-04
5.75748565745961E-04
4.56245207126618E-04
3.54641900392863E-04
2.84601317251799E-04
2.51162663519394E-04
1.81696153898397E-04
1.272811510388E-04
9.07761676912054E-05
7.04961999448181E-05
4.51339715569888E-05
2.90574759615427E-05
1.57057927499462E-05
7.3594560711633E-06
1.9297779501742E-06
6.23468349687302E-07
1.45666855297983E-07
2.09135224017293E-08
1.12523175920687E-09
1.87905139835567E-11
1.84891398697344E-14
1.88980630591256E-20
8.92235063050915E-39
0
0
0
0
0
0
0
0
0
0
0
0
0
0
0
0
0
0
0
0
0
0
0
0
0
0
0
0
0
0
0
0
0
0
0
0
0
0
0
0
0
0
0
0
0
0
0
0
0
0
0
0
0
0
0
0
0
0
0
0
0
0
0
0
0
0
0
0
0
0
0
0
0
0
0
0
0
0
0
0
0
0
0
0
0
0
0
0
0
0
0
0
0
0
0
0
0
0
0
0
0
0
0
0
0
0
0
0
0
0
0
0
0
0
0
0
0
0
0
0
0
0
0
0
0
0
0
0
0
0
0
0
0
0
0
0
0
0
0
0
0
0
0
0
0
0
0
0
0
0
0
0
0
0
0
0
0
0
0
0
0
0
0
0
0
0
0
0
0
0
0
0
0
0
0
0
0
0
0
0
0
0
0
0
0
0
0
0
0
0
0
0
0
0
0
0
0
0
0
0
0
0
0
0
0
0
0
0
0
0
0
0
0
0
0
0
0
0
0
0
0
0
0
0
0
0
0
0
0
0
0
0
0
0
0
0
0
0
0
0
0
0
0
0
0
0
0
0
0
0
0
0
0
0
0
0
0
0
0
0
0
0
0
0
0
0
0
0
0
0
0
0
0
0
""
