0
0
0
0
0
0
0
0
0
0
0
0
0
0
0
0
0
0
0
0
0
0
0
0
0
0
0
0
0
0
0
0
0
0
0
0
0
0
0
0
0
0
0
0
0
0
0
0
0
0
0
0
0
0
0
0
0
0
0
0
0
0
0
0
0
0
0
0
0
0
0
0
0
0
0
0
0
0
0
0
0
0
0
0
0
0
0
0
0
0
0
0
0
0
0
0
0
0
0
0
0
0
0
0
0
0
0
0
0
0
0
0
0
0
0
0
0
0
0
0
0
0
0
0
0
0
0
0
0
0
0
0
0
0
0
0
0
0
0
0
0
0
0
0
0
0
0
0
0
0
0
0
0
0
0
0
0
0
0
0
0
0
0
0
0
0
0
0
0
0
0
0
0
0
0
0
0
0
0
0
0
0
0
0
0
0
0
0
0
0
0
0
0
0
0
0
0
0
0
0
0
0
0
0
0
0
0
0
0
0
0
0
0
0
0
0
0
0
0
0
0
0
0
0
0
0
0
0
0
0
0
0
0
0
0
0
0
0
0
0
0
0
0
0
0
0
0
0
0
0
0
0
0
0
0
0
0
0
0
0
0
0
0
0
0
0
0
0
0
0
0
0
0
0
0
0
0
0
0
0
0
0
0
0
0
0
0
0
0
0
0
0
0
0
0
0
0
0
0
0
0
0
0
0
0
0
0
0
0
0
0
0
0
0
0
0
0
0
0
0
0
0
0
0
0
0
0
0
0
0
0
0
0
0
0
0
0
0
0
0
0
0
0
0
0
0
0
0
0
0
0
0
0
0
0
0
0
0
0
0
0
0
0
0
0
0
0
0
0
0
0
0
0
0
0
0
0
0
0
0
0
0
0
0
0
0
0
0
0
0
0
0
0
0
0
0
0
0
0
0
0
0
0
0
0
0
0
0
0
0
0
0
0
0
0
0
0
0
0
0
0
0
0
0
0
0
0
0
0
0
0
0
0
0
0
0
0
0
0
0
0
0
0
0
0
0
0
0
0
0
0
0
0
0
0
0
0
0
0
0
0
0
0
0
0
0
0
1.18809939192641E-66
8.74557213151279E-24
4.28463844942536E-15
2.35260949115E-11
2.85093670388283E-09
6.08435728809076E-08
5.09150081558342E-07
5.09150081558342E-07
8.04731959056897E-06
2.07848383165532E-05
4.49231370416959E-05
8.51077707651667E-05
1.45864435084548E-04
2.31237495744225E-04
3.44575169609115E-04
4.88441820184165E-04
6.64622279734408E-04
8.74183716927113E-04
1.09521628759129E-03
1.21338276102351E-03
8.35477942317019E-04
9.21523726958274E-04
1.11409158280725E-03
0.001130451821742
1.33620473614026E-03
1.30172614070872E-03
1.51387208210686E-03
1.74473660562182E-03
1.88951999289149E-03
2.08917240074197E-03
2.35981873701826E-03
2.78849155912552E-03
2.95698110886504E-03
3.36568854591255E-03
3.00935989345766E-03
3.23241419166886E-03
3.56163363246573E-03
3.47426526699389E-03
4.38867371883207E-03
4.65554395871299E-03
4.79636579445643E-03
4.24190096867766E-03
4.46769943998993E-03
4.99872202173414E-03
5.08482098720874E-03
5.1579754273387E-03
1.32185292946841E-02
1.65183919555248E-02
0.017213555178074
0.018503064508317
1.92286582804736E-02
1.95328299246623E-02
0.014086211488017
0.021423342686489
2.19240776741744E-02
1.36415286143785E-02
1.10648124882576E-02
2.48988525054388E-02
2.43212434769392E-02
2.58669984121667E-02
2.66117930448723E-02
2.73572383150063E-02
2.69072782314454E-02
1.96421334442098E-02
1.88909109323804E-02
1.67850140507737E-02
1.62056478392674E-02
0.016594509012725
1.62899765667144E-02
1.70170396262996E-02
1.73971928649786E-02
1.74066247678638E-02
2.49649762189916E-02
2.58721183740008E-02
3.03406332396138E-02
0.031522735833365
0.032781213598379
3.17384608579839E-02
3.40354860576894E-02
3.46608957604088E-02
3.52850806014256E-02
3.63568384265179E-02
3.69861897761642E-02
3.76141503952598E-02
3.82406747468644E-02
4.60630748252259E-02
4.77771085990699E-02
0.042587205755174
4.27430047938531E-02
4.39027856437382E-02
4.45579347779004E-02
4.57369882297139E-02
4.69293507140734E-02
4.75940824359332E-02
0.048805237355367
4.94735468938301E-02
5.01398229566906E-02
5.08040367133212E-02
5.14661603802679E-02
5.27118544339583E-02
5.21909521959066E-02
5.28392811305293E-02
5.34854428189402E-02
5.47445211429778E-02
5.60159721861735E-02
5.66700311002469E-02
4.01252483672749E-02
3.92915966599172E-02
3.97301711312378E-02
4.28010519312978E-02
5.99053181819697E-02
5.65088871832777E-02
5.71038823783333E-02
6.04440565243295E-02
5.96748084524487E-02
6.23796074279398E-02
6.30002634185672E-02
7.00517653335958E-02
7.07297068447458E-02
7.06762631562775E-02
0.069135351883946
6.97776223095675E-02
7.49119102109597E-02
7.48335281371602E-02
4.88089818705265E-02
7.69357305604667E-02
7.76044967107183E-02
7.82703180709403E-02
7.89331803380591E-02
7.95930694476745E-02
8.02499715638925E-02
8.09038730697279E-02
8.15547605580384E-02
8.22026208229629E-02
8.28474408518339E-02
8.34892078175381E-02
8.41279090712988E-02
8.47635321358566E-02
8.53960646990265E-02
8.60254946076096E-02
8.66518098616403E-02
8.72749986089494E-02
8.61371481572267E-02
8.40863523890101E-02
6.59530101559143E-02
6.64048297216187E-02
4.96890018022136E-02
5.00213054634915E-02
6.31686794927503E-02
6.54240696972525E-02
6.58461923110697E-02
7.65325818762647E-02
7.79539896863283E-02
8.03294737714156E-02
8.08237697061136E-02
7.94019775361637E-02
4.71575946109283E-02
5.13101720306699E-02
5.06375959737408E-02
5.09314103496341E-02
4.92533592587155E-02
4.85418884274649E-02
5.18024468142416E-02
5.10875893467791E-02
5.43888163947816E-02
5.46830677643479E-02
6.41380725543519E-02
6.65239856863592E-02
8.23034545234399E-02
8.06602911605185E-02
8.21114300112374E-02
8.14811221957215E-02
8.18875163927463E-02
0.10550156484083
0.106015676875375
0.10652632285256
0.107033494214095
0.107537182469151
0.108037379193764
0.108534076030288
0.109027264686873
0.109516936936984
8.80024676951688E-02
8.83885597084807E-02
9.43200578607099E-02
0.095838657659511
8.95298149444091E-02
9.10283454055226E-02
7.10926686558354E-02
7.36493929283316E-02
7.96350963310511E-02
0.10850756848894
0.107788822652599
0.108208868194475
0.109781103786045
0.11019873753426
0.11643465335876
0.116866996203531
0.117295692460639
0.117720735028826
0.118142116867878
0.118559830998579
0.118973870502672
0.11938422852283
0.119790898262641
0.120193872986598
0.1205931460201
0.120988710749464
0.121380560621941
0.121768689145742
0.122153089890068
0.122533756485154
0.12291068262231
0.123283862053972
0.123653288593763
0.124018956116549
0.124380858558508
0.124738989917201
0.125093344251647
0.1254439156824
0.125790698391633
0.126133686623225
0.126472874682844
0.126808256938045
0.127139827818359
0.127467581815392
0.127791513482923
0.128111617437002
0.128427888356055
0.104279659994598
0.101948638991069
0.102189383993836
0.117985629069899
0.123453987272665
0.128942282712048
0.130534025943446
0.130819448525243
0.131100993002144
0.131378654682182
0.131652428936954
0.131922311201728
0.132188296975558
0.132450381821386
0.132708561366163
0.132962831300948
0.133213187381021
0.133459625425996
0.133702141319918
0.133940731011382
0.134175390513631
0.134406115904664
0.134632903327341
0.134855748989485
0.135074649163988
0.135289600188908
0.135500598467572
0.135707640468674
0.135910722726372
0.136109841840388
0.1363049944761
0.136496177364635
0.136683387302967
0.136866621153999
0.137045875846663
0.137221148375998
0.137392435803245
0.137559735255924
0.137723043927923
0.137882359079578
0.138037678037753
0.138188998195914
0.138336317014214
0.13847963201956
0.138618940805688
0.138754241033237
0.138885530429817
0.139012806790072
0.139136067975754
0.139255311915778
0.139370536606292
0.139481740110732
0.139588920559879
0.139692076151921
0.139791205152501
0.139886305894775
0.139977376779457
0.140064416274871
0.113519412562767
0.113583380200703
0.113644079020305
0.113701508000327
0.113755666174458
0.112401533463063
0.112448559520644
0.113898507023022
0.123786203211048
0.118198748873191
8.44532452673778E-02
0.090108145151546
8.73136698073755E-02
5.35264112097774E-02
0.054945309050479
5.35449610002912E-02
5.49611904440894E-02
5.21479551137534E-02
5.07422381446969E-02
6.20210166538248E-02
6.20219611779579E-02
5.92019825939523E-02
6.34280185234887E-02
7.46988123397877E-02
7.46913687417606E-02
8.03181407941797E-02
7.55057019833148E-02
6.33873124420817E-02
0.064782012705976
7.03980923741531E-02
7.46016668201668E-02
7.03577472895277E-02
6.89278508778325E-02
5.90598242813704E-02
6.32538597959702E-02
9.27336928696894E-02
0.109545553539286
0.110897356186366
0.110841538559206
0.119196394943038
0.121932522819706
0.120459824140443
0.107786731273778
0.107716794833416
0.110439697026608
9.22008119923031E-02
9.35288432537551E-02
0.13948835192438
0.139377392243883
0.139262411262081
0.139143410911458
0.139020393191791
0.138893360170087
0.134599444561113
0.133082166551427
0.132948663331238
0.138345118752741
0.138198042574719
0.138046964905014
0.137891888279433
0.137732815300466
0.137569748637215
0.137402691025315
0.137231645266851
0.137056614230281
0.13687760085035
0.136694608128007
0.136507639130317
0.136316696990375
0.136121784907214
0.135922906145718
0.135720064036526
0.135513261975938
0.135302503425826
0.135087791913527
0.134869131031758
9.29061018625678E-02
0.111568579961251
0.11137727593247
0.10984315571631
0.109647707439278
9.07626181025006E-02
9.45920489687905E-02
9.70740270860438E-02
9.55613422783666E-02
0.119219529447339
0.115017737171075
0.120064077017048
0.121135387985726
0.12088373260919
0.120628500545165
0.119061329786839
0.11096872273559
0.092486287844644
9.61773908945992E-02
9.20675837132674E-02
9.31478400536471E-02
8.90565701912987E-02
8.75562131964279E-02
8.34905092272156E-02
7.94411573060904E-02
7.66866162799988E-02
7.64923964088303E-02
7.12094907468671E-02
7.10239405383135E-02
9.23401191311479E-02
9.33542237106306E-02
9.93911626870017E-02
9.91173859336598E-02
0.105096350991326
5.48946544865119E-02
6.09573111485461E-02
5.95396808655002E-02
5.81275143028316E-02
0.061653181751718
0.067613376267526
4.04437150277541E-02
3.90964070965543E-02
3.28838663559793E-02
3.27791326190577E-02
6.17164109120644E-02
6.27209599609179E-02
8.77592730565408E-02
0.086267110860926
8.47803799259076E-02
9.40090924326761E-02
8.77529256427779E-02
9.33523590333347E-02
0.093019642868991
9.26840343930274E-02
9.11766082887926E-02
9.08395531342813E-02
9.04996588880217E-02
8.90010730894193E-02
8.63570920134121E-02
8.71690751229771E-02
8.45419682127137E-02
8.07923564616603E-02
8.27342609914229E-02
8.23977052310085E-02
6.29490137590374E-02
6.26868282914635E-02
3.90141540533604E-02
3.77378584436213E-02
3.97853430766473E-02
3.30097323813016E-02
3.50548824026594E-02
3.38076850922881E-02
3.47405033466293E-02
3.35009524508558E-02
3.33459571629561E-02
4.49669333033896E-02
4.68851532402693E-02
4.77210288893424E-02
4.53791163397791E-02
3.78055686863758E-02
3.65731307145755E-02
4.05484596236108E-02
4.65492274759667E-02
4.63102305234424E-02
4.29983842042318E-02
4.27724565908542E-02
4.15321241739519E-02
4.43313899084222E-02
4.10840814725386E-02
3.98614507304934E-02
3.66665628457304E-02
0.039416264518723
3.33129160317983E-02
3.60433053121019E-02
3.48646293715605E-02
3.85098946776244E-02
7.08179856422862E-02
6.18292573796073E-02
5.86151771485505E-02
5.54340473315825E-02
6.53577099703636E-02
4.36052147825964E-02
3.77949110244553E-02
3.66340555877741E-02
3.45740533441782E-02
3.52483390157754E-02
0.036806998283049
3.03153493624101E-02
0.025679280969721
2.46211098807325E-02
2.53206758568368E-02
2.51400061927992E-02
2.49584296347991E-02
2.56302927076718E-02
2.71366285439977E-02
2.52499584395503E-02
2.50584039370423E-02
2.48659294925959E-02
2.54949568609233E-02
2.36622947971852E-02
2.42830246912189E-02
2.56927028674532E-02
3.18531903420721E-02
0.03158930696983
3.44566573961857E-02
3.49402241725713E-02
3.54091230957729E-02
0.071726545256586
0.072605183877962
6.59586955332801E-02
6.53600995810645E-02
6.40230803308487E-02
6.34263062545848E-02
6.21049129724536E-02
6.36558335820632E-02
7.08289975961308E-02
7.01317996931219E-02
0.069431832586621
6.87291144719702E-02
6.80236639850148E-02
6.73155002250706E-02
6.66046427793077E-02
6.58911117486465E-02
6.51749277752624E-02
6.44561120718099E-02
6.37346864524776E-02
6.30106733659996E-02
6.22840959307536E-02
6.15549779720886E-02
6.08233440620336E-02
6.00892195615501E-02
5.93526306655056E-02
5.86136044505547E-02
5.78721689261312E-02
5.71283530887692E-02
5.63821869799885E-02
5.56337017479937E-02
5.48829297134633E-02
5.41299044397161E-02
4.10984888218325E-02
3.73582369176361E-02
1.97059127242061E-02
1.99274361185652E-02
1.91262554000608E-02
1.48699472580572E-02
1.51276137824705E-02
1.48890171422323E-02
0.014649837375403
1.39452486916023E-02
1.41697925410409E-02
1.48276041054038E-02
0.014570687164267
0.013879507632668
1.32034549390137E-02
1.25425955766626E-02
1.27174767069757E-02
1.16690968582413E-02
1.85420504853315E-02
1.66250559554727E-02
1.62856489164697E-02
1.29791579492476E-02
1.08876414677929E-02
1.10050606531032E-02
1.11064290694816E-02
1.15309097153744E-02
0.011592303651984
1.13144511730495E-02
1.10365452225428E-02
0.011066026938107
1.01438580265981E-02
7.87091475186501E-03
7.08961836118783E-03
6.89152279806444E-03
6.15815545143098E-03
5.71651939672401E-03
6.04682110911068E-03
5.61373804378345E-03
5.19680534367273E-03
4.96058691896034E-03
4.19082629656787E-03
4.25568759349252E-03
3.89555586889694E-03
3.74885201086845E-03
3.41323962305793E-03
3.27568678341018E-03
3.13896390585115E-03
0.003336838727139
2.86834933256176E-03
3.03849255007197E-03
2.74670268054004E-03
2.47094737004518E-03
2.47125046192351E-03
2.33591984858021E-03
2.20237190509301E-03
2.2887322435584E-03
2.14557949038898E-03
2.00493217763211E-03
2.22261004582154E-03
2.72167509943962E-03
2.43825955249282E-03
2.38264179644432E-03
2.24466796917703E-03
2.04313680873426E-03
1.84859143927409E-03
1.79577454100911E-03
1.52476454735928E-03
1.31178529157296E-03
1.15015955788318E-03
9.12502034664337E-04
8.07046989616471E-04
6.62281121731079E-04
5.69224544276756E-04
4.52021617112971E-04
3.62691005824958E-04
2.84151375369555E-04
2.09674111298708E-04
4.18477664901708E-04
3.34785130221295E-04
2.34909246153627E-04
1.50301447159853E-04
8.81614513082548E-05
4.68552265095076E-05
2.18774425937983E-05
8.57695975039252E-06
2.63462199347482E-06
5.67288357078967E-07
7.07158534717394E-08
3.56496056049989E-09
3.29428683617246E-11
8.12547391336887E-15
5.65282602005281E-23
5.80713017775741E-60
0
0
0
0
0
0
0
0
0
0
0
0
0
0
0
0
0
0
0
0
0
0
0
0
0
0
0
0
0
0
0
0
0
0
0
0
0
0
0
0
0
0
0
0
0
0
0
0
0
0
0
0
0
0
0
0
0
0
0
0
0
0
0
0
0
0
0
0
0
0
0
0
0
0
0
0
0
0
0
0
0
0
0
0
0
0
0
0
0
0
0
0
0
0
0
0
0
0
0
0
0
0
0
0
0
0
0
0
0
0
0
0
0
0
0
0
0
0
0
0
0
0
0
0
0
0
0
0
0
0
0
0
0
0
0
0
0
0
0
0
0
0
0
0
0
0
0
0
0
0
0
0
0
0
0
0
0
0
0
0
0
0
0
0
0
0
0
0
0
0
0
0
0
0
0
0
0
0
0
0
0
0
0
0
0
0
0
0
0
0
0
0
0
0
0
0
0
0
0
0
0
0
0
0
0
0
0
0
0
0
0
0
0
0
0
0
0
0
0
0
0
0
0
0
0
0
0
0
0
0
0
0
0
0
0
0
0
0
0
0
0
0
0
0
0
0
0
0
0
0
0
0
0
0
0
0
0
0
0
0
0
0
0
0
0
0
0
0
0
0
0
0
0
0
0
0
0
0
0
0
0
0
0
0
0
0
0
0
0
0
0
0
0
0
0
0
0
0
0
0
0
0
0
0
0
0
0
0
0
0
0
0
0
0
0
0
0
0
0
0
0
0
0
0
0
0
0
0
0
0
0
0
0
0
0
0
0
0
0
0
0
0
0
0
0
0
0
0
0
0
0
0
0
0
0
0
0
0
""
