0
0
0
0
0
0
0
0
0
0
0
0
0
0
0
0
0
0
0
0
0
0
0
0
0
0
0
0
0
0
0
0
0
0
0
0
0
0
0
0
0
0
0
0
0
0
0
0
0
0
0
0
0
0
0
0
0
0
0
0
0
0
0
0
0
0
0
0
0
0
0
0
0
0
0
0
0
0
0
0
0
0
0
0
0
0
0
0
0
0
0
0
0
0
0
0
0
0
0
0
0
0
0
0
0
0
0
0
0
0
0
0
0
0
0
0
0
0
0
0
0
0
0
0
0
0
0
0
0
0
0
0
0
0
0
0
0
0
0
0
0
0
0
0
0
0
0
0
0
0
0
0
0
0
0
0
0
0
0
0
0
0
0
0
0
0
0
0
0
0
0
0
0
0
0
0
0
0
0
0
0
0
0
0
0
0
0
0
0
0
0
0
0
0
0
0
0
0
0
0
0
0
0
0
0
0
0
0
0
0
0
0
0
0
0
0
0
0
0
0
0
0
0
0
0
0
0
0
0
0
0
0
0
0
0
0
0
0
0
0
0
0
0
0
0
0
0
0
0
0
0
0
0
0
0
0
0
0
0
0
0
0
0
0
0
0
0
0
0
0
0
0
0
0
0
0
0
0
0
0
0
0
0
0
0
0
0
0
0
0
0
0
0
0
0
0
0
0
0
0
0
0
0
0
0
0
0
0
0
0
0
0
0
0
0
0
0
0
0
0
0
0
0
0
0
0
0
0
0
0
0
0
0
0
0
0
0
0
0
0
0
0
0
0
0
0
0
0
0
0
0
0
0
0
0
0
0
0
0
0
0
0
0
0
0
0
0
0
0
0
0
0
0
0
0
0
0
0
0
0
0
0
0
0
0
0
0
0
0
0
0
0
0
0
0
0
0
0
0
0
0
0
0
0
0
0
0
0
0
0
0
0
0
0
0
0
0
0
0
0
0
0
0
0
0
0
0
0
0
0
0
0
0
0
0
0
0
0
0
0
0
0
0
0
0
0
0
0
0
0
0
0
0
0
0
0
0
0
0
0
0
0
0
0
0
0
0
0
0
0
0
0
0
0
0
0
0
0
0
0
0
0
0
0
0
0
0
0
0
0
0
0
0
0
0
0
0
0
0
0
0
0
0
0
0
0
0
0
0
0
0
0
6.48205048379618E-34
3.7446625934487E-18
5.97128216507742E-13
2.8693814660093E-10
9.86102902941178E-09
1.18006966229548E-07
6.5974954911524E-07
2.2300493627255E-06
6.09883970326367E-06
1.36543354609258E-05
2.64299738568818E-05
4.23415156938234E-05
7.31986870086502E-05
1.09353268900956E-04
1.4304695425293E-04
1.94205922060637E-04
2.54509963447151E-04
3.50849855117656E-04
5.02517919750288E-04
6.51483075327303E-04
8.74831465030547E-04
1.02803284141483E-03
1.32416823504574E-03
1.51688667062068E-03
1.89149256704348E-03
1.73813977686047E-03
1.93611662775688E-03
2.02186854748618E-03
2.35151973797751E-03
2.42498718114153E-03
2.94346695062737E-03
3.34856371135177E-03
3.4227419915397E-03
4.6329897468962E-03
5.15236357952677E-03
5.26276206033295E-03
5.34939105235759E-03
5.65747113742498E-03
5.70787283434805E-03
6.00559584754274E-03
6.30434418053852E-03
6.6038266378037E-03
6.5899695609181E-03
7.20395514844903E-03
1.67137636795607E-02
0.017381921564199
1.98909996248835E-02
1.68056215171692E-02
1.89844105478908E-02
1.79974727611398E-02
2.28158142340855E-02
2.17974140782888E-02
2.29157522038454E-02
2.86843925836148E-02
0.029982555390334
3.03249028671691E-02
2.86277778075392E-02
2.78263063228264E-02
2.85276399898099E-02
0.02976613679733
3.10261596748454E-02
3.11737855531872E-02
3.12915702868915E-02
3.25638193036065E-02
3.32520443320696E-02
5.86161387686274E-02
5.97888751525654E-02
5.77454019322187E-02
6.53788259817583E-02
6.65874013399577E-02
6.57536144766804E-02
6.62191413319001E-02
0.065950858098813
6.34871240642247E-02
0.065248495861438
6.62885227479504E-02
4.26363369232075E-02
4.25254769548329E-02
4.23869558065398E-02
3.51842009683045E-02
3.64771342486077E-02
0.036984097984288
4.40064402502859E-02
5.28497371853264E-02
0.053538013750665
7.11645650181145E-02
6.77641881855703E-02
0.069461092131173
8.25944875930077E-02
8.26749616145027E-02
8.45251610152553E-02
8.54781738354659E-02
8.45842138985492E-02
9.29358155161552E-02
9.39236108812286E-02
9.49027751156004E-02
9.58733346573184E-02
9.68353162148174E-02
9.68108592268114E-02
6.71388841287612E-02
6.87723432161269E-02
0.072430561671217
0.073092599486614
7.57971496000515E-02
0.075431829271531
5.73240818299654E-02
6.20158429078741E-02
3.60363564832888E-02
0.035263366477579
3.33931477772645E-02
3.36575509644585E-02
3.17310610954927E-02
3.19736534681332E-02
3.33247037693252E-02
3.58088260973035E-02
3.83230008305812E-02
6.58408748410627E-02
6.74456900500411E-02
5.98533876750418E-02
5.44648178772413E-02
0.1154879735701
0.117418472796406
0.118174474554178
0.118922544847459
0.119662704098983
9.87238773171965E-02
9.81066890531414E-02
7.91933440576005E-02
0.075977667744719
7.51797684511719E-02
5.94905385551716E-02
0.061065732029088
6.13977360578452E-02
6.92842241694235E-02
6.33167015201105E-02
0.064916766517185
6.65259170495925E-02
7.45726031364683E-02
0.074938775934494
7.78970807411304E-02
0.082180043550506
4.98001161488293E-02
4.87118884931966E-02
4.89313801565448E-02
4.78197405074953E-02
4.53596321844149E-02
5.09128548777428E-02
6.05448752389294E-02
5.94438263196327E-02
0.107161543090723
8.57983967963295E-02
0.109376673520039
7.82303711142529E-02
8.67914532887653E-02
8.71130556523759E-02
0.138777714918746
0.139273291512861
0.139761430764347
0.140242141896489
0.140715433890485
0.141181315490294
0.141639795207417
0.142090881325613
0.142534581905529
0.142970904789274
0.143399857604896
0.143821447770799
0.144235682500072
0.144642568804741
0.145042113499942
0.14543432320801
0.145819204362488
0.146196763212059
0.146567005824387
0.146929938089883
0.147285565725386
0.147633894277764
0.147974929127427
0.148308675491768
0.142689732891373
0.144485693153825
0.141802921797776
0.14059662242818
0.140876156547928
0.144152033229711
0.142919166592282
0.149209667448622
0.149475343330665
0.151246310180656
0.151500184125963
0.151746820619169
0.136787600730933
0.13547437121388
0.137199004661496
0.138921562522009
0.137584399614776
0.140828846843146
0.14254193288556
0.118164002753143
0.118303863177338
0.11843817266715
0.118566932942353
7.24472317558643E-02
7.25190542784564E-02
5.55989304076621E-02
5.71945584409501E-02
5.10546646056334E-02
5.10955917605769E-02
4.49360667347978E-02
4.18666291481703E-02
3.87910083581636E-02
3.72622289991258E-02
3.72833646697029E-02
3.88570575963886E-02
4.19855187408063E-02
4.04477908410063E-02
3.89069365839442E-02
4.04767693327302E-02
3.42594634970562E-02
3.27101466217437E-02
3.11586378301681E-02
3.58378163932074E-02
3.58415474108437E-02
2.80515338625688E-02
2.80518683415777E-02
3.11676779004175E-02
3.11651768416921E-02
0.031161239395708
3.42714520669586E-02
3.73788661638665E-02
3.73689698131175E-02
0.031131124539695
3.26760043119308E-02
3.73289360935027E-02
4.04214879930388E-02
4.04014267941046E-02
4.03794969282833E-02
4.34599826008426E-02
8.68646802316517E-02
8.99055603024171E-02
8.98399591077492E-02
0.095961233148885
9.58821872274839E-02
8.18924196685066E-02
0.109604199317448
0.107956117025446
0.120172053551594
0.12158356176603
9.99261539273875E-02
5.06730306814787E-02
5.67467232260998E-02
5.82073335394542E-02
6.73101659147925E-02
6.87468998107069E-02
7.01761771233451E-02
0.076167850968438
6.99693446411865E-02
6.83422248548897E-02
8.03632206659598E-02
8.47720103978488E-02
8.16054602200434E-02
7.99540046658532E-02
0.072280682950941
9.46925591973495E-02
0.085510994579465
8.98354018218354E-02
8.96548729125871E-02
8.64876510919019E-02
8.33286832332818E-02
8.90871145529952E-02
0.134815178296567
0.147811285054001
0.147466731546704
0.147114881761128
0.146755730236978
0.146389271345816
0.146015499287508
0.145634408086579
0.145245991588496
0.144850243455865
0.144447157164541
0.144036725999667
0.14361894305162
0.143193801211884
0.142761293168838
0.142321411403467
0.141874148184992
0.14141949556642
0.140957445380024
0.14048798923274
0.140011118501495
0.13952682432846
0.139035097616236
0.13853592902297
0.138029308957408
0.137515227573886
0.136993674767261
0.136464640167792
7.20418999620605E-02
5.27997922753355E-02
0.063371292783372
6.31085294405297E-02
6.41792919165423E-02
6.65663497818812E-02
6.36244697945888E-02
7.38985424847728E-02
7.48779356494744E-02
7.06105698637843E-02
0.118434875570312
4.40396854024451E-02
4.38263790892258E-02
4.10451474416412E-02
4.33919505143242E-02
4.57102778323221E-02
4.16839171384084E-02
0.04020770788957
0.039992172092586
3.85312130235091E-02
3.95536522661406E-02
4.05597401865666E-02
0.041549237077436
4.00920793887949E-02
4.10620783034025E-02
8.40298382337404E-02
7.63561937633174E-02
8.65506825490755E-02
8.60017993686485E-02
8.42766104443253E-02
6.04671855559674E-02
6.00637786255681E-02
5.73617391866501E-02
5.69658311617023E-02
5.76972158949864E-02
5.50386894761814E-02
5.24086752141706E-02
5.09144848755343E-02
4.83345990712512E-02
4.90549011560529E-02
4.86730025211088E-02
4.61412985878886E-02
0.042576087703259
4.11710610707632E-02
3.97803500066277E-02
4.56698519464262E-02
0.045274572731116
4.58955087266257E-02
4.54836963597478E-02
4.30650647935463E-02
3.47267516260733E-02
3.34147866785588E-02
3.30921212278635E-02
3.27665531631681E-02
3.14840123311283E-02
2.92737308566121E-02
0.028034419277705
2.86613894161413E-02
2.74366367605715E-02
2.53249141014011E-02
2.41455783173979E-02
2.47523555737339E-02
2.00941120778073E-02
2.07171239615273E-02
2.04643641901272E-02
0.020209485015283
2.07838354028483E-02
1.96933510452863E-02
2.02417589304987E-02
1.91686914497756E-02
1.89031571109062E-02
1.86354836158287E-02
1.91309059571151E-02
0.019601524527142
1.78196196920043E-02
1.75433852928963E-02
1.79843897398769E-02
1.98152614719146E-02
0.019485523402857
1.84692628644207E-02
1.88186293460692E-02
1.91415470706434E-02
1.55502138773048E-02
1.46213567937485E-02
1.37150369523189E-02
1.40535787720934E-02
1.37667703010459E-02
1.52360515548199E-02
1.49075309309951E-02
1.45769081011195E-02
1.47920761049487E-02
1.44444954267011E-02
1.40948667058664E-02
1.06891915531123E-02
1.04142088462262E-02
1.25515378229995E-02
1.22075786681178E-02
1.14057581264788E-02
1.10719806350882E-02
1.07368226990226E-02
9.98437789065297E-03
1.00628143221569E-02
9.33524955328543E-03
9.38475289564983E-03
8.32101421791171E-03
8.0075702337031E-03
7.35930810645668E-03
7.05910119949085E-03
6.45177671483385E-03
6.16564546919402E-03
6.16008471494302E-03
5.59534795593629E-03
5.8176169745864E-03
5.50857314372137E-03
5.42763943368291E-03
4.68387386165071E-03
4.39511757701238E-03
5.04352711345222E-03
4.52359544626399E-03
4.03412202913808E-03
3.72415274407518E-03
3.69408047307003E-03
3.62360370285586E-03
3.5154763944713E-03
3.2705940637451E-03
3.01624082238222E-03
2.83599866828596E-03
2.27616520109102E-03
1.97598474697188E-03
1.64084656049905E-03
1.2520678702939E-03
1.04019795535895E-03
8.47527074916249E-04
6.74989693406155E-04
5.41992771121746E-04
4.06918247281291E-04
3.14169878759456E-04
2.2340732447147E-04
1.45134758762512E-04
1.80608051768737E-04
1.00596200542011E-04
4.72572700515603E-05
1.57577203225502E-05
4.89505149327373E-06
1.71097278781508E-06
2.94057718575299E-07
1.62152382938157E-08
1.72120578253715E-10
4.90501908291841E-14
2.8268164639253E-22
7.2469506623993E-63
0
0
0
0
0
0
0
0
0
0
0
0
0
0
0
0
0
0
0
0
0
0
0
0
0
0
0
0
0
0
0
0
0
0
0
0
0
0
0
0
0
0
0
0
0
0
0
0
0
0
0
0
0
0
0
0
0
0
0
0
0
0
0
0
0
0
0
0
0
0
0
0
0
0
0
0
0
0
0
0
0
0
0
0
0
0
0
0
0
0
0
0
0
0
0
0
0
0
0
0
0
0
0
0
0
0
0
0
0
0
0
0
0
0
0
0
0
0
0
0
0
0
0
0
0
0
0
0
0
0
0
0
0
0
0
0
0
0
0
0
0
0
0
0
0
0
0
0
0
0
0
0
0
0
0
0
0
0
0
0
0
0
0
0
0
0
0
0
0
0
0
0
0
0
0
0
0
0
0
0
0
0
0
0
0
0
0
0
0
0
0
0
0
0
0
0
0
0
0
0
0
0
0
0
0
0
0
0
0
0
0
0
0
0
0
0
0
0
0
0
0
0
0
0
0
0
0
0
0
0
0
0
0
0
0
0
0
0
0
0
0
0
0
0
0
0
0
0
0
0
0
0
0
0
0
0
0
0
0
0
0
0
0
0
0
0
0
0
0
0
0
0
0
0
0
0
0
0
0
0
0
0
0
0
0
0
0
0
0
0
0
0
0
0
0
0
0
0
0
0
0
0
0
0
0
0
0
0
0
0
0
0
0
0
0
0
0
0
0
0
0
0
0
0
0
0
0
0
0
0
0
0
0
0
0
0
0
0
0
0
0
0
0
0
0
0
0
0
0
0
0
0
0
0
0
0
0
0
0
0
0
0
0
0
0
0
0
0
0
0
0
0
0
0
0
0
0
0
0
0
0
0
0
0
0
0
0
0
0
0
0
0
0
0
0
0
0
0
0
0
0
0
0
0
0
0
0
0
0
0
0
0
0
0
0
0
0
0
0
0
0
0
0
0
0
0
0
0
0
0
0
0
0
0
0
0
0
0
0
0
0
0
0
0
0
0
0
0
0
0
0
0
0
0
0
0
0
0
0
0
0
0
0
0
0
0
0
0
0
0
0
0
0
0
0
0
0
0
0
""
