0
0
0
0
0
0
0
0
0
0
0
0
0
0
0
0
0
0
0
0
0
0
0
0
0
0
0
0
0
0
0
0
0
0
0
0
0
0
0
0
0
0
0
0
0
0
0
0
0
0
0
0
0
0
0
0
0
0
0
0
0
0
0
0
0
0
0
0
0
0
0
0
0
0
0
0
0
0
0
0
0
0
0
0
0
0
0
0
0
0
0
0
0
0
0
0
0
0
0
0
0
0
0
0
0
0
0
0
0
0
0
0
0
0
0
0
0
0
0
0
0
0
0
0
0
0
0
0
0
0
0
0
0
0
0
0
0
0
0
0
0
0
0
0
0
0
0
0
0
0
0
0
0
0
0
0
0
0
0
0
0
0
0
0
0
0
0
0
0
0
0
0
0
0
0
0
0
0
0
0
0
0
0
0
0
0
0
0
0
0
0
0
0
0
0
0
0
0
0
0
0
0
0
0
0
0
0
0
0
0
0
0
0
0
0
0
0
0
0
0
0
0
0
0
0
0
0
0
0
0
0
0
0
0
0
0
0
0
0
0
0
0
0
0
0
0
0
0
0
0
0
0
0
0
0
0
0
0
0
0
0
0
0
0
0
0
0
0
0
0
0
0
0
0
0
0
0
0
0
0
0
0
0
0
0
0
0
0
0
0
0
0
0
0
0
0
0
0
0
0
0
0
0
0
0
0
0
0
0
0
0
0
0
0
0
0
0
0
0
0
0
0
0
0
0
0
0
0
0
0
0
0
0
0
0
0
0
0
0
0
0
0
0
0
0
4.93185416401748E-45
5.37955655224015E-23
4.5203377953104E-16
1.19292879514164E-12
1.34243175329951E-10
2.97154198283992E-09
3.05440296153663E-08
1.64783883485661E-07
5.6827983989577E-07
1.70158966456222E-06
4.0589999508708E-06
8.1189190726592E-06
1.45873774582279E-05
2.66748382998131E-05
3.58770557763643E-05
5.05166877604986E-05
6.79060024190544E-05
8.77907542229539E-05
1.09792321670318E-04
1.39499715271348E-04
1.73234184228538E-04
2.20088171626052E-04
2.74376988282526E-04
3.23480201264254E-04
3.76366276366817E-04
4.50125926366857E-04
4.92587079644898E-04
5.77664107275888E-04
6.45993997744085E-04
6.89451764208931E-04
7.90526468418525E-04
7.66294822118695E-04
8.35042488376174E-04
1.06281641105984E-03
1.23195894178577E-03
1.41521221944061E-03
1.46605534113272E-03
1.66797611608614E-03
1.7732183697013E-03
1.64441880007956E-03
5.15159791915867E-03
5.43008920828388E-03
5.98478676861489E-03
6.27852335051941E-03
6.64820325362532E-03
6.86687629919907E-03
7.16090479213333E-03
7.54016792421964E-03
7.83643069022636E-03
8.22419342526094E-03
8.52179078701467E-03
8.42177485895607E-03
8.70336953005289E-03
8.66637090169537E-03
8.93495190393089E-03
9.20182613577929E-03
9.46689652718168E-03
9.6114172181272E-03
9.86944507789186E-03
9.25042343466708E-03
9.35428671769897E-03
0.01194374533401
1.34332284535411E-02
1.37387458302866E-02
1.40415079279628E-02
1.46571952490595E-02
1.54352115112892E-02
1.62292415822468E-02
1.70389733879546E-02
1.78640976555441E-02
1.87043082052557E-02
1.95593022009976E-02
2.04287803636823E-02
2.13124471511615E-02
2.22100109082234E-02
2.31211839897823E-02
2.40456828600981E-02
2.49832281705867E-02
2.59335448185399E-02
2.68963619888473E-02
2.78714131806112E-02
2.88584362203613E-02
2.98571732634078E-02
3.08673707847248E-02
3.18887795606129E-02
3.29211546422707E-02
3.39642553222921E-02
3.50178450950023E-02
3.60816916114554E-02
3.71555666298342E-02
3.82392459619152E-02
3.93325094161949E-02
4.04351407382137E-02
4.15469275485531E-02
4.26676612789392E-02
4.37971371068306E-02
4.49351538888381E-02
4.60815140932766E-02
4.01506201723053E-02
3.72668390653205E-02
3.61851748481897E-02
4.00897832632602E-02
4.05068017120788E-02
3.71869843065871E-02
3.85698877878803E-02
3.94264369862404E-02
4.08551883613478E-02
5.68037332891317E-02
5.80052774340335E-02
5.86087134340977E-02
5.91933338612597E-02
6.10168903893728E-02
6.22294444570972E-02
0.047095013617544
5.13365840794734E-02
5.16323969343984E-02
3.66807845984067E-02
3.73574415186696E-02
3.94720485563758E-02
5.18681694440397E-02
3.49420571964062E-02
3.55509687120263E-02
3.46231353438066E-02
3.99046958770859E-02
3.89808904151669E-02
3.15374225568201E-02
0.032872570676238
3.75756484332812E-02
3.81713004480487E-02
3.53224533058701E-02
4.46163130635649E-02
4.26321242393425E-02
4.41755047531908E-02
4.20874037506857E-02
0.046418806348846
4.52082030161966E-02
4.49003610277959E-02
4.45667737353908E-02
4.61720849243826E-02
0.046809719159009
4.34103053391149E-02
4.50188357668963E-02
4.56187881132096E-02
4.62196629662327E-02
4.46931731413794E-02
4.74240173541191E-02
4.69358846073237E-02
4.31052628333876E-02
4.47604217457527E-02
0.043045393487024
4.35689455437912E-02
4.29326818588748E-02
4.34434515353877E-02
4.15787445182229E-02
3.72555615150776E-02
3.76845630245385E-02
3.81138678121679E-02
3.73001143096863E-02
4.02304927079336E-02
0.044487663419584
4.49734594661104E-02
4.41606214147864E-02
3.93819845704591E-02
4.24521052097025E-02
4.55779345185733E-02
4.74050393011873E-02
4.65233628784772E-02
4.28494495043761E-02
4.32805666574049E-02
4.23016358668488E-02
4.27188383323921E-02
4.88874740654883E-02
4.93602031775225E-02
4.98328483418524E-02
5.03053873500725E-02
4.92843335652316E-02
5.72794779127871E-02
5.62858677065496E-02
0.05679940239069
5.57637122871096E-02
5.62628925289661E-02
5.67618021963624E-02
0.058850986772551
5.77587231063694E-02
0.121368107311116
0.122404799273866
0.123440705433652
0.12447578259764
0.123836521460057
0.118107060518229
9.86584748624037E-02
9.94560421578898E-02
0.108895289072611
0.109759831949476
0.101843795870084
0.104407579787102
0.110564380967903
0.104223471218936
0.128552548381708
0.133168393380914
0.135999550829015
0.148113629321975
0.151064178416935
0.154040258512423
0.160825908523402
0.158163030930154
0.16503974223395
0.16426532874201
0.163462129464729
0.144995574064373
0.106531122163488
0.105267221389559
0.105974850038203
9.86297748120723E-02
0.103333892408851
9.58532867997472E-02
9.03180404382397E-02
8.88340273757047E-02
9.14806559284456E-02
8.78756299725107E-02
8.63222379046483E-02
9.10970470637204E-02
0.134292255034681
0.16085110197378
0.120831779219393
0.115047610015363
0.107000260140342
0.101044400036345
0.101638152283548
0.106675264297166
0.140820488749722
0.125891258354534
9.04335172762036E-02
8.86698030735915E-02
9.14519229836204E-02
9.42580848261577E-02
8.78416783633342E-02
8.83208917744713E-02
0.102819636927163
0.105720774279317
0.125178338386935
0.128213509878739
0.150365666497415
0.117558454383733
0.127810053534135
0.126039221582133
0.136422383182415
0.112624490279355
0.115646523060788
0.118691094505789
0.131697504414157
0.127344260383141
0.112904725908054
0.121008053105919
0.1215824413282
0.114520177306008
0.12528205677133
0.151548503753253
0.162566372342532
0.155530562208294
0.187480127500168
0.261556214706613
0.262719017074352
0.263877440487446
0.265031452576652
0.266181021190326
0.267326114393085
0.268466700464499
0.269602747897806
0.270734225398671
0.271861101883966
0.272983346480578
0.274100928524257
0.275213817558478
0.27632198333334
0.277425395804491
0.278524025132072
0.279617841679699
0.280706816013455
0.281790918900921
0.28287012131022
0.275426062576818
0.253662201511945
0.254609454121862
0.264166364296224
0.25360862911254
0.240069884732342
0.240936490077885
0.241798841158549
0.245580492636743
0.246444553898136
0.247304241411623
0.242250972452552
0.204544261801056
0.205239545543751
0.208915673299998
0.20661909831889
0.222325312247624
0.223055139358943
0.223780959304822
0.221468932453298
0.264786267369162
0.152658236783932
0.266459598821162
0.27036133443972
0.265031887934023
0.250386269375652
0.24494382670839
0.245679309286043
0.246410321490496
0.247136844868095
0.247858861107695
0.223404063226117
0.306089393227483
0.30063012875556
0.301476479444405
0.302317302615559
0.315916896312488
0.297582655574166
0.2919724442774
0.299190694187185
0.299986455013411
0.30401084170976
0.304803956314182
0.302340467251533
0.30637327336962
0.307149437084077
0.321022887019974
0.318536317979192
0.319319583412983
0.207897999816295
0.224938608890599
0.225475194052675
0.18944753317378
0.19655308938256
0.190329473659319
0.150604046106315
0.147590833723072
0.141197911613802
0.158357575761716
0.17221181228543
0.162433492632313
0.162782238222118
0.16312793401424
0.156659297836387
0.163810142874343
0.143628309546889
0.171333388928982
0.168243926029117
0.189220167787907
0.203380029470446
0.196866982941261
0.166100604037696
0.152547409627837
0.159780013589602
0.302751736483378
0.303305125569453
0.22352389034877
0.181937069264121
0.192772397575076
0.252795550236269
0.320054236811936
0.288889541537801
0.292902033227107
0.29338593448631
0.293864277023314
0.216320000232541
0.223767074270312
0.234789703768721
0.235152302707776
0.239078777441572
0.264453687456044
0.26484519360955
0.347668535682289
0.351757884824771
0.269583927915847
0.280758674809693
0.288353560523751
0.285134716260289
0.285514861664342
0.278651857707907
0.300752945202678
0.297507033867949
0.316042332122527
0.363713712834145
0.364153438723123
0.364586215785818
0.365012033892315
0.365430883080566
0.36584275355637
0.366247635693344
0.366645520032896
0.36703639728421
0.367420258324218
0.367797094197581
0.368166896116673
0.368529655461559
0.368885363779979
0.369234012787332
0.362184082479329
0.347715494534525
0.34802327219487
0.314974177499119
0.31524042644168
0.319212407895244
0.319469561604912
0.319720592498325
0.319965494747909
0.282971208871317
0.283176787152956
0.283376934737891
0.28357164698547
0.224021778459752
0.317569783435697
0.340200060208621
0.329184904915272
0.37429411138394
0.374507282303583
0.374713263410848
0.374912049939606
0.375103637291206
0.375288021034477
0.375465196905726
0.375635160808732
0.375797908814748
0.349636696561121
0.206855958241992
0.206933551371482
0.191952101269245
0.188251642303321
0.177012652129469
0.192134750496316
0.162041072886011
0.169621812070965
0.169662496479987
0.158386591311026
0.158418474249295
0.150902201390866
0.177338947788384
0.184911820461621
0.207579876989868
0.20382710243219
0.241593585953226
0.20008300314959
0.151013185283257
0.218975268522194
0.173671578446346
0.173669776723056
0.177439953585159
0.339762041739952
0.320864531415925
0.320836520206234
0.32080233977148
0.316988320418982
0.290530488685642
0.27916525396235
0.226308666131912
0.230033821645471
0.222442325833185
0.229927244450579
0.233635642112273
0.244872035968704
0.244798772685537
0.105418192655579
0.112909907468986
0.112869581541252
0.112827086707737
0.124060666345081
0.127767006873485
0.127711478685364
0.127653497195721
0.120087589406897
0.12002840445167
0.127464846605088
0.146131928511122
0.149796281326057
0.1422252465514
0.149622416568355
0.201867086987258
0.205475964223196
0.201609117151008
0.186550304324536
0.197607236851799
0.197467360939394
0.193600609446841
0.252980851155382
0.275091544336157
0.29716229688271
0.285788035618824
0.285551884206246
0.281604933919921
0.255446221402427
0.23302687727645
0.251293229385444
0.269520910378803
0.287708865254015
0.221100752342322
0.335005523476691
0.239048926980334
0.238803622711462
0.238553752540162
0.230967035456139
0.223391701738084
0.25606732894901
0.259432613924653
0.167890177937599
0.167694048552665
0.112876875452367
0.112740390385569
0.112601754629357
0.119716517976238
0.108694881381999
0.119409942161101
0.119253239523333
0.111876431026942
0.100912868158375
0.100774135648139
0.100633485370064
0.100490920634788
0.10751404800007
0.107357208504407
0.110771606373844
0.114173239981461
0.117561909855816
0.170735177067378
0.170467972590229
0.159560188593043
0.155763546764508
0.148441110273449
0.17995231316684
0.193741596671219
0.200446516807858
0.217655345574543
0.241808307463407
0.258874207832823
0.317777995267485
0.317204678823659
0.316625373979228
0.30909415842265
0.308515912715357
0.339071027230296
0.338421514919608
0.224028223787561
0.244227964291803
0.250609598660731
0.246680739052385
0.211988550743749
0.146722654715721
0.146418238217833
0.142713143315748
0.139019723451502
0.135338176684988
0.135044820970551
0.12464276806592
0.117644219257806
0.127442140659317
0.167307752644548
0.257065048202365
0.333079692972272
0.332302467144737
0.331519053433556
0.330729470976808
0.329933739085838
0.329131877245472
0.328323905114246
0.327509842524646
0.326689709483348
0.325863526171467
0.325031312944818
0.324193090334176
0.323348879045555
0.322498699960487
0.32164257413631
0.320780522806467
0.319912567380814
0.280754081912421
0.257708814920022
0.253818794624332
0.253105711287639
0.201910393951804
0.210769986951006
0.25721218828122
0.256462383430439
0.25570790178066
0.25494876235006
0.288282970004185
0.287411494965913
0.28345378365159
0.267223696049551
0.272517863783413
0.271664029884467
0.26776253353628
0.266908612450922
0.266049883651373
0.207930221267953
0.201242183023643
0.188602721957209
0.28046965230601
0.279527052493643
0.213380012598099
0.239231692209942
0.238406611308264
0.13198738497009
0.134447072873783
0.136883746106967
0.139297262337535
0.138795899178278
0.178627282847987
0.264089541854149
0.263114607426925
0.2450392967098
0.246957945011428
0.214916632947063
0.211279089564891
0.252558867566747
0.251578445425809
0.256162415542496
0.255151327928233
0.273472264743462
0.275126070844307
0.274012809959523
0.272894858463814
0.271772246830072
0.270645005739008
0.269513166080282
0.268376758953666
0.267235815670231
0.266090367753572
0.264940446941054
0.263786085185098
0.262627314654485
0.261464167735712
0.234267009330925
0.2306211390851
0.229574428271087
0.223388570298004
0.24280473944985
0.231499653386292
0.225350106873123
0.224284807565511
0.223215881620237
0.219647367064042
0.221067273362888
0.224931196119967
0.223823734243879
0.220265331450857
0.211857617933687
0.210788752328299
0.204895517525067
0.203844809880119
0.205176718043883
0.154267135299673
0.153456476083932
0.166733639974973
0.233581771232965
0.232323900173716
0.231062537841796
0.229797722882921
0.228529494212372
0.227257891017639
0.225982952761128
0.224704719182935
0.223423230303694
0.22213852642748
0.220850648144801
0.219559636335646
0.218265532172621
0.216968377124154
0.215668212957779
0.214365081743504
0.213059025857258
0.211750087984425
0.210438311123464
0.209123738589612
0.170401259495328
0.177578287979061
0.176440769044355
0.169185846546297
0.188334745955294
0.187097456545091
0.185857857698361
0.127047564517799
0.147880567035756
0.146875511242157
0.147813649027359
0.148723207113264
0.147686153314021
0.184737685635301
0.179645133371267
0.185869532314937
0.178936183212403
0.185034755682168
0.183675747021159
0.182314882118559
0.180952211982821
0.179587788048538
0.178221662182966
0.17685388669271
0.175484514330574
0.17411359830259
0.172741192275221
0.171367350382751
0.169992127234853
0.151754020131927
0.150513982231717
0.140979915103128
0.143096322284744
0.141894597299711
0.1406919647611
0.139488475273638
0.136694706582434
0.140230374616423
0.134311615337257
0.13311908036742
0.10891561449895
0.139853151677751
0.131044406494863
0.129835941706866
0.130105570112053
0.127417930278618
0.126208495666348
0.12499885076093
0.125211915701531
0.122579160512281
0.119974183255573
0.120159326472182
0.112113325760466
0.109619837567648
0.108493775841431
0.107367962537294
0.106242455929555
0.105117314944262
0.106560317670518
0.104138348746403
0.103000792262685
9.31681567688187E-02
9.70424336139032E-02
9.95920699296409E-02
3.60209845957374E-02
3.67930375430208E-02
3.75378023299418E-02
3.59368348228911E-02
3.55093296517852E-02
3.62139421679984E-02
3.91273372921413E-02
0.039750400652778
3.70752382228657E-02
8.61388772538266E-02
7.86651107417233E-02
0.079751914960628
0.066285611381652
6.64351410768542E-02
6.35334519267114E-02
5.17336988869966E-02
0.077523810966079
7.83897091063675E-02
7.72950754442446E-02
7.62026198402842E-02
0.076039739085864
7.49384592486906E-02
7.11381895425549E-02
7.09691398081766E-02
6.90284020227479E-02
0.061954091427418
6.26931047625968E-02
6.17137987841022E-02
6.07372056681365E-02
5.97634119165086E-02
4.13136524234381E-02
5.62617488909234E-02
5.14810907464977E-02
5.43872512077925E-02
4.97425717268666E-02
4.59597371367743E-02
3.58329687168679E-02
3.09692672025897E-02
4.42293637124243E-02
4.40941295195864E-02
5.45882709652411E-02
5.35544803917173E-02
5.25251867526409E-02
5.15005102159481E-02
5.29430399842947E-02
5.36881640511762E-02
5.20009343172872E-02
5.03437717330262E-02
4.92830987602191E-02
4.26846730410874E-02
4.17561534790433E-02
4.29541376737511E-02
4.14703185455431E-02
0.041535657548161
3.95808042678744E-02
3.86450977623488E-02
3.77156204365446E-02
3.58727091338771E-02
3.67728545374958E-02
3.58402281277247E-02
3.49146182219167E-02
3.39961899939817E-02
3.34885886102847E-02
3.29664703897964E-02
3.16672255999705E-02
3.07684079308033E-02
2.84378512197046E-02
2.75980459926537E-02
2.43946553700503E-02
2.20022665289247E-02
1.20869207628823E-02
1.23148616654542E-02
1.10178055716951E-02
1.06486118323282E-02
1.00058202999856E-02
9.65514635220597E-03
9.30888417478847E-03
8.71804289123519E-03
8.1505375512234E-03
8.0670495207869E-03
7.96989765649994E-03
8.49685127453672E-03
7.94023293850211E-03
4.28806992262264E-03
4.47297357144401E-03
4.44959002106253E-03
4.92258778536115E-03
4.5264626342714E-03
4.15075363488749E-03
3.9410344298149E-03
3.78477650956541E-03
3.70297163200662E-03
4.29087240936375E-03
4.19216959776588E-03
4.09261369431163E-03
4.36649308454543E-03
3.89101557750144E-03
3.7890170086239E-03
3.68625314555823E-03
3.02294881549938E-03
3.1524396138069E-03
2.95197969960707E-03
2.9618135105007E-03
2.9645180038997E-03
2.86460409231974E-03
2.76425840317055E-03
2.75232663237522E-03
2.4771044586211E-03
2.70739953662879E-03
0.002281212117946
2.10785673520269E-03
2.01319986930712E-03
1.91867848333296E-03
1.88955813951954E-03
1.54507606381235E-03
1.52012632763776E-03
1.54426132690733E-03
1.50410730132423E-03
1.16670952178415E-03
1.04419465881074E-03
9.2912642948726E-04
8.99754017653796E-04
8.65619247904088E-04
8.93273151066611E-04
8.44992945286408E-04
7.38683987497841E-04
7.39031827275114E-04
6.60448559621984E-04
5.65789463438789E-04
4.96746719190558E-04
3.86937961758051E-04
3.32239070777998E-04
2.92318414027722E-04
2.43938886483347E-04
1.92653396545236E-04
1.54875974484351E-04
1.4505051803011E-04
1.10895536069353E-04
8.21227308700507E-05
5.85524865772378E-05
4.11736860559594E-05
2.57058196913624E-05
1.49719485821259E-05
8.82174863649636E-06
4.36776046589146E-06
1.8746846190788E-06
6.85299547806599E-07
1.63866763003322E-07
3.04787047393414E-08
3.40729276331067E-09
1.58343076805491E-10
1.16788272764688E-12
3.28369534714491E-16
1.07700687083228E-23
6.0872178373564E-49
0
0
0
0
0
0
0
0
0
0
0
0
0
0
0
0
0
0
0
0
0
0
0
0
0
0
0
0
0
0
0
0
0
0
0
0
0
0
0
0
0
0
0
0
0
0
0
0
0
0
0
0
0
0
0
0
0
0
0
0
0
0
0
0
0
0
0
0
0
0
0
0
0
0
0
0
0
0
0
0
0
0
0
0
0
0
0
0
0
0
0
0
0
0
0
0
0
0
0
0
0
0
0
0
0
0
0
0
0
0
0
0
0
0
0
0
0
0
0
0
0
0
0
0
0
0
0
0
0
0
0
0
0
0
0
0
0
0
0
0
0
0
0
0
0
0
0
0
0
0
0
0
0
0
0
0
0
0
0
0
0
0
0
0
0
0
0
0
0
0
0
0
0
0
0
0
0
0
0
0
0
0
0
0
0
0
0
0
0
0
0
0
0
0
0
0
0
0
0
0
0
0
""
