0
0
0
0
0
0
0
0
0
0
0
0
0
0
0
0
0
0
0
0
0
0
0
0
0
0
0
0
0
0
0
0
0
0
0
0
0
0
0
0
0
0
0
0
0
0
0
0
0
0
0
0
0
0
0
0
0
0
0
0
0
0
0
0
0
0
0
0
0
0
0
0
0
0
0
0
0
0
0
0
0
0
0
0
0
0
0
0
0
0
0
0
0
0
0
0
0
0
0
0
0
0
0
0
0
0
0
0
0
0
0
0
0
0
0
0
0
0
0
0
0
0
0
0
0
0
0
0
0
0
0
0
0
0
0
0
0
0
0
0
0
0
0
0
0
0
0
0
0
0
0
0
0
0
0
0
0
0
0
0
0
0
0
0
0
0
0
0
0
0
0
0
0
0
0
0
0
0
0
0
0
0
0
0
0
0
0
0
0
0
0
0
0
0
0
0
0
0
0
0
0
0
0
0
0
0
0
0
0
0
0
0
0
0
0
0
0
0
0
0
0
0
0
0
0
0
0
0
0
0
0
0
0
0
0
0
0
0
0
0
0
0
0
0
0
0
0
0
0
0
0
0
0
0
0
0
0
0
0
0
0
0
0
0
0
0
0
0
0
0
0
0
0
0
0
0
2.41368454580482E-67
1.40706820684939E-30
1.83696433654382E-20
9.95125462191464E-16
5.21715175240647E-13
3.2263287642218E-11
5.88717772851414E-10
5.08133631497712E-09
2.52317964349091E-08
1.0058174378646E-07
2.43033783050995E-07
5.93747520874129E-07
1.26096880402009E-06
2.40014944103344E-06
4.78481137094857E-06
6.31885547760992E-06
9.69163927468335E-06
1.30754991985985E-05
7.34097975528039E-05
1.05779571093563E-04
1.6115413649938E-04
2.06917795085431E-04
4.00859793326628E-04
3.7450749813048E-04
4.60294857222775E-04
6.51423494197394E-04
8.78219983429645E-04
9.5770797050321E-04
1.01630649311704E-03
1.15947189267794E-03
1.37547044314199E-03
1.61556723971772E-03
1.80047615254317E-03
2.12658984788541E-03
2.26782583902813E-03
2.45634715185821E-03
2.70527825943021E-03
3.15485014777944E-03
3.40725216168091E-03
3.6655853872897E-03
3.92934479281889E-03
4.19804395726357E-03
4.47121621904388E-03
4.74841541932221E-03
5.0292163096827E-03
5.31321468445049E-03
5.60002728943612E-03
5.88929155132546E-03
6.1806651652583E-03
5.37327522500734E-03
4.94098262799175E-03
5.3688767872781E-03
5.37359206084571E-03
5.66731926883801E-03
5.64907331480313E-03
5.69565457701168E-03
5.9013820629813E-03
6.1069961254892E-03
6.0379240184645E-03
6.5174060393414E-03
8.37812515496934E-03
8.33129023610692E-03
8.16264751189426E-03
8.50094742862858E-03
8.95337140646867E-03
8.74383690635157E-03
8.96999671051603E-03
9.43080416102697E-03
9.78115261437166E-03
1.01359377306277E-02
1.03686111911708E-02
1.05998793815349E-02
1.08296983275164E-02
1.09231743638891E-02
1.14224538019046E-02
1.16504498595023E-02
1.17337473820488E-02
1.19558019905718E-02
1.18792437416778E-02
0.011941521299762
1.33811319770245E-02
1.23582250116417E-02
1.25641359210805E-02
1.27684066262807E-02
1.28068396417669E-02
1.33387344618856E-02
1.35405711504303E-02
1.37407279492888E-02
1.39392040469644E-02
9.18839998422113E-03
8.24039256930789E-03
7.0807227962902E-03
7.17421096103012E-03
7.45321713290943E-03
6.60400900491789E-03
6.87675026859109E-03
9.28008621191021E-03
8.80330228331539E-03
8.70770479402484E-03
8.60668964666032E-03
9.91704328339123E-03
1.00254836867459E-02
1.01329509592326E-02
1.10753256442122E-02
0.012245094907185
1.89798569786131E-02
1.89527398424833E-02
1.87022612068165E-02
1.86613512748328E-02
1.75066901088825E-02
1.76678291671226E-02
1.69248509948804E-02
1.70750743666707E-02
1.74535908446392E-02
1.66765974328523E-02
1.75085008439259E-02
1.98872020404988E-02
2.06174357328455E-02
1.97734170313765E-02
2.15549513182968E-02
2.28533850081784E-02
2.36133894668745E-02
2.67884988456719E-02
2.76391519790719E-02
2.84974111396025E-02
2.96930764745107E-02
3.09157237037993E-02
3.18158520479423E-02
2.91273001800445E-02
2.92020783094115E-02
3.00021642655221E-02
3.04182856305325E-02
3.28210458111489E-02
3.36699280100477E-02
4.21033442222417E-02
4.31529118244564E-02
4.42094690268524E-02
4.52728956316214E-02
4.63430728217225E-02
4.74198831424137E-02
4.85032104827026E-02
4.95929400567434E-02
5.06889583852139E-02
5.17911532766974E-02
5.28994138090965E-02
5.40136303110987E-02
5.51336943437175E-02
5.62594986819263E-02
5.73909372964011E-02
5.85279053353902E-02
5.96702991067222E-02
0.060818016059967
6.19709547687584E-02
6.31290149132917E-02
6.42920972630034E-02
6.54601036594393E-02
6.66329369993228E-02
6.78105012178246E-02
6.89927012720414E-02
7.01794431246896E-02
7.13706337280139E-02
0.072566181007919
7.37659938483227E-02
0.074969982075736
7.61780564440691E-02
7.73901286196676E-02
7.86061111665754E-02
7.98259175320302E-02
8.10494620321867E-02
8.22766598380701E-02
8.35074269617582E-02
8.47416802427927E-02
8.59793373348171E-02
8.72203166924393E-02
8.84645375583215E-02
8.97119199504892E-02
9.09623846498656E-02
9.22158531880205E-02
9.34722478351404E-02
0.09473149158821
0.095993508159408
9.72582219647132E-02
9.85255581127169E-02
9.97954423936416E-02
0.101067801268561
0.102342561858822
0.103619651935661
0.100703039913614
0.102995118777851
0.107464186333737
0.108749884714462
0.110037560836356
0.11132714616265
0.112618572739076
0.113911773184954
0.115206680684466
0.116503228978083
0.11780135235417
9.88538180818214E-02
9.99337132838604E-02
0.10101475484319
0.102096889971122
0.103180066300849
0.10049564518675
0.100272258777064
0.096176498522693
9.71585699314039E-02
9.68327997661677E-02
9.64814690077391E-02
9.21001535589756E-02
8.35706296156589E-02
0.083023989657205
8.38256595309174E-02
7.76909945561706E-02
7.70270919760284E-02
0.074923489610189
6.99138428544362E-02
0.070558977608816
7.84700046761162E-02
8.35802322638058E-02
8.28516344663371E-02
8.06040996900925E-02
7.98097554072708E-02
0.112407533270894
6.58844629106697E-02
7.10871205442495E-02
7.48102230351102E-02
0.124165774905373
0.115696877583739
0.110265863217565
0.112785394364321
0.154316101504218
0.155565898187785
0.160116607885735
0.159727895203417
0.150927476438423
0.155489691396175
0.151587638499757
0.154471601574579
0.15565163063712
0.155088348523207
0.175566010338699
0.166262054067052
0.167491145718356
0.177693710345443
0.178986117540174
0.180277424882742
0.17973357071285
0.184703593697811
0.186004336230254
0.187303785111493
0.18860189536164
0.189898622272224
0.191193921403508
0.192487748581864
0.193780059897193
0.195070811700409
0.19635996060097
0.197647463464461
0.198933277410223
0.200217359809041
0.201499668280871
0.202780160692618
0.204058795155962
0.205335530025225
0.206610323895287
0.207883135599544
0.209153924207907
0.128357815905154
0.137598025231852
0.206565133293741
0.207789556132699
0.215476104571067
0.216733908075549
0.217989408436611
0.219242566549178
0.220493343528489
0.221741700708482
0.2096083436618
0.224231002090309
0.225471870039458
0.22671016568092
0.227945851419085
0.206261000881246
0.205064227026712
0.203840451227624
0.16533184302358
0.107678561945737
0.103533354661259
0.108798951580672
0.111734480817155
0.100356260286414
0.105666458168132
8.20609025736456E-02
0.130980836834416
0.134065544059682
0.127374441607065
0.137840088084863
0.131085957796064
0.129229234813758
0.129844140750283
0.127948543097318
0.113424931084725
0.098758902703802
0.12465459013752
0.117558920463075
0.11552632482908
0.214043701048874
0.220183380085624
0.223764272478127
0.227365083526842
0.244109863862073
0.221444686725574
0.225047574420897
0.231328970817862
0.232311876391124
0.233291501138453
0.21272594982872
0.216313379983419
0.217204985975187
0.220819645499071
0.270986300881622
0.272078009552526
0.270406524030628
0.271479368020058
0.266986040683642
0.273613140798259
0.277476808265586
0.278544415661436
0.282432227531357
0.283502271376362
0.284568098647734
0.285629681008789
0.28668699029061
0.287739998491624
0.288788677777181
0.289833000479156
0.290872939095548
0.291908466290103
0.292939554891937
0.293966177895173
0.289088542289417
0.293045860706218
0.28216803643617
0.250343082830688
0.2481960414438
0.249025436776617
0.301025268156113
0.302015213847631
0.28785043534488
0.285742117452043
0.262262798034571
0.263097848548706
0.260859830328015
0.261676986860164
0.265578137835346
0.269494177305379
0.273424937667066
0.274253730821256
0.275078169933378
0.282168648498454
0.264135997848008
0.277525154557823
0.316286329253085
0.317198099665971
0.318104782081136
0.319006353683834
0.319902791817649
0.314378192504654
0.315246574286823
0.312884248776989
0.320202394448155
0.321064126557666
0.318668921548146
0.303209994050763
0.304004747594721
0.308071904670593
0.285864565957169
0.28659407817622
0.32364657525945
0.324457734086026
0.328582583479041
0.256193186513945
0.243476735068406
0.244065009576092
0.31167645273814
0.315774931117281
0.336720031335354
0.33750371197987
0.338281800514593
0.339054277892209
0.339821125221333
0.340582323766458
0.341337854947899
0.342087700341755
0.342831841679858
0.343570260849738
0.34430293989458
0.345029861013192
0.345751006559971
0.346466359044872
0.34717590113338
0.347879615646485
0.34857748556066
0.349269494007837
0.349955624275389
0.350635859806115
0.351310184198222
0.351978581205318
0.352641034736392
0.353297528855814
0.353948047783321
0.354592575894017
0.355231097718363
0.355863597942182
0.356490061406651
0.353539368377224
0.357724818199047
0.358333081986134
0.358935249932197
0.359531307655244
0.360121240928665
0.360705035681242
0.361282677997158
0.361854154116012
0.362419450432826
0.362978553498062
0.363531450017634
0.364078126852924
0.364618571020799
0.365152769693625
0.365680710199286
0.366202380021205
0.245700903754901
0.253386532244459
0.23902426765892
0.246711492081797
0.239665557094905
0.21413601929564
0.262471004345497
0.188775757101025
0.189012752109866
0.192957205082926
0.293503532568071
0.312453927167945
0.372408043645639
0.372840696804388
0.373266910209559
0.373686673836144
0.374099977815069
0.374506812433217
0.374907168133455
0.375301035514658
0.375688405331741
0.376069268495678
0.376443616073534
0.37681143928849
0.377172729519869
0.377527478303161
0.377875677330052
0.37821731844845
0.378552393662507
0.378880895132651
0.379202815175608
0.379518146264426
0.379826881028504
0.380129012253618
0.380424532881941
0.38071343601207
0.380995714899052
0.381271362954407
0.381540373746149
0.381802740998814
0.382058458593478
0.382307520567787
0.382549921115969
0.252638532028652
0.302581625240219
0.29509256584141
0.287589598810373
0.280073121465648
0.299414020673657
0.299566605179703
0.307398935327512
0.319077631612002
0.380760319065242
0.377079665991665
0.384937236990298
0.38509258195902
0.385241200673958
0.385383089680521
0.385518245680997
0.385646665534568
0.385768346257321
0.385883285022263
0.347392331243399
0.343622704278314
0.289640717740744
0.285843921398089
0.285904003525415
0.208672846898905
0.177789483442506
0.204876692523174
0.220369955513086
0.216530358952639
0.166281856048083
0.239776234878996
0.25526356032016
0.193391656301164
0.177926569168491
0.150853443214548
0.150853460785739
0.150850839616886
0.212730945827829
0.193381642773886
0.232041760899427
0.239755541536801
0.336395888568891
0.340220876784052
0.258995577159036
0.177789877080317
0.115929643109825
0.119770917144854
0.115883008540684
0.119718540172158
0.115828269500953
0.123517719855098
0.127341974182869
0.131161773239511
0.127263949012147
0.123366400069601
0.131030877528547
0.130982665746501
0.103975543467787
0.103933624506248
0.111585437856389
0.111536515717749
0.130707309371318
0.126802876167838
0.119059316181416
0.13051470463239
0.130445946543227
0.118871244043753
0.122636804821564
0.118735493521275
0.111008737219181
0.1032893381845
0.107047021926027
0.106977309403015
0.229083714180782
0.175510199321138
0.175386495037742
0.167639748983985
0.152286895554927
0.152171369573463
0.129245217072922
0.129142522373892
0.129037582439307
0.125138329141256
0.113665567698662
0.128709316009332
0.302577459259866
0.302304216278191
0.362430872260453
0.324372647416166
0.331598338567483
0.331274730653236
0.330945381197702
0.33436723312632
0.25896130362977
0.356166833424527
0.355786577540665
0.329212785870618
0.328849154132123
0.321014386930112
0.320647917216695
0.316551770720436
0.316178623124971
0.319515313403022
0.319126743533484
0.285376926521281
0.292422271452011
0.292050191263733
0.369206433466017
0.368722726428038
0.368232676721028
0.367736295925848
0.367233595779017
0.366724588172698
0.366209285154667
0.365687698928299
0.365159841852545
0.364625726441912
0.364085365366443
0.3635387714517
0.362985957678747
0.362426937184131
0.361861723259867
0.361290329353424
0.360712769067709
0.360129056161054
0.359539204547205
0.358943228295311
0.358341141629912
0.357732958930933
0.357118694733673
0.356498363728802
0.355871980762352
0.35523956083572
0.354601119105655
0.35395667088427
0.314442546158739
0.310331838953637
0.330868196160254
0.35131912476531
0.350644879206615
0.349964722291914
0.349278670420931
0.299784596527964
0.340931169222344
0.34371345828475
0.343011088340187
0.3457605715916
0.345039503081173
0.344312658764961
0.343580056286496
0.342841713444899
0.342097648194909
0.341347878646926
0.340592423067042
0.339831299877086
0.339064527654665
0.338292125133212
0.337514111202037
0.336730504906375
0.335941325447445
0.335146592182509
0.334346324624931
0.333540542444245
0.332729265466224
0.33191251367295
0.331090307202892
0.330262666350985
0.329429611568714
0.322019340194915
0.288417661666016
0.287670390044102
0.309741484267413
0.312176501254709
0.275670942063363
0.307275969440691
0.316121322175259
0.244485877263892
0.256644727218147
0.278325785235768
0.261595027367744
0.26403696281909
0.263284472784205
0.262527759458157
0.252305389789857
0.286158533480503
0.279044456911041
0.278215132915275
0.277381383965187
0.279650458529624
0.27879845658012
0.256324329980554
0.224743675917469
0.14424617391987
0.134613877189187
0.125037578964681
0.136797301061067
0.178777993156024
0.166115601351864
0.156540011080001
0.147021522520435
0.206340852511441
0.134118395786252
0.130694276571216
0.121367971077221
0.120950775133328
0.12347152440652
0.125969900366285
0.12844578003791
0.116354703639412
0.101446407668688
9.81928889495605E-02
0.103591437519861
0.100345364832613
9.42624507641717E-02
7.96830340758969E-02
7.37142883444559E-02
7.34360914965994E-02
7.31568056518804E-02
7.00734983315735E-02
6.14265357825933E-02
5.84062410361426E-02
5.81772062755185E-02
9.65788706691804E-02
9.06975073929113E-02
8.75962394630121E-02
8.72421154667363E-02
8.41715252106853E-02
8.92341757668361E-02
9.15580130638178E-02
9.92214647993068E-02
8.01120498161451E-02
8.24322362608997E-02
8.47286312506459E-02
0.081728336957888
7.87496828798228E-02
7.31792440850712E-02
7.02557088628188E-02
0.145070594363936
0.154739631799954
0.156611779470646
0.161014374715304
0.206074263089449
0.15194612923308
0.161325465830192
0.145519203618393
0.137343798374245
0.136693441041212
0.113779992064895
0.096001959325213
9.55370313484543E-02
9.50708749275596E-02
9.46035035488327E-02
0.094134930773766
9.12634992076651E-02
0.10992140616186
9.98546131927744E-02
0.111171750793402
0.122366034560887
0.133437049431798
0.232878044608981
0.231653207246946
0.230425611194283
0.229195293213245
0.227962290271703
0.226726639544473
0.225488378414673
0.224247544475111
0.223004175529705
0.221758309594927
0.220509984901289
0.219259239894853
0.218006113238781
0.216750643814911
0.213337942018117
0.175670923301273
0.195932925383665
0.194769633917453
0.199917554978907
0.200804001118597
0.197505069453081
0.206627288079067
0.205352520337173
0.204075811046266
0.202797201608277
0.201516733665666
0.200234449103509
0.198950390051624
0.197664598886754
0.196377118234781
0.195087990972997
0.193797260232426
0.192504969400181
0.19121116212189
0.189915882304158
0.188619174117087
0.187321081996854
0.186021650648332
0.184720925047778
0.18341895044557
0.182115772369008
0.180811436625162
0.179505989303799
0.147905565727693
0.150358153861121
0.149245926614255
0.144647433363977
0.143559881246241
0.140755115319021
0.149899786250867
0.143673817356357
0.167714691108321
0.166400727352586
0.16508617856232
0.16213338352594
0.154332748880476
0.154693940114621
0.145439050703913
0.145825898366171
0.13989857333061
0.138726236018763
0.137553740465523
0.153237228494792
0.151919619902621
0.150601991976533
0.14928439827103
0.147966892714821
0.14664952961584
0.145332363666017
0.144015449946509
0.142698843932859
0.141382601500278
0.14006677892906
0.138751432910092
0.137436620550483
0.136122399379306
0.13480882735347
0.133495962863687
0.132183864740588
0.130872592260937
0.129562205154002
0.128252763608023
0.126944328276838
0.125636960286625
0.124330721242796
0.123025673237016
0.12172187885437
0.120419401180679
0.119118303809954
0.117818650852007
0.116520506940207
0.115223937239401
0.113929007453984
0.112635783836131
0.111344333194199
0.110054722901286
0.108767020903964
0.107481295731184
0.106197616503354
0.096522768706266
9.53457413469979E-02
9.31471948326249E-02
7.37918767520699E-02
7.28630310754077E-02
6.89797175321643E-02
6.12833023200759E-02
5.95264069733807E-02
0.035056863910992
6.17027397755471E-02
0.07563070458298
8.82496867915634E-02
0.087036696730254
8.84811293695894E-02
8.72368658752955E-02
8.59958428190099E-02
8.47581409476623E-02
0.083523841796064
8.22930276998198E-02
8.10657818084578E-02
0.079842188098792
7.86223313885051E-02
7.74062973499663E-02
7.61941725242727E-02
7.49860443355227E-02
7.37820011053193E-02
7.25821320675031E-02
7.13865273831128E-02
7.01952781555764E-02
6.90084764461278E-02
6.78262152894521E-02
6.66485887095496E-02
6.54756917358232E-02
5.85199345816408E-02
5.80929141016073E-02
6.19863441706767E-02
6.08333365988697E-02
5.96855494393374E-02
5.85430841035939E-02
4.93691970892059E-02
4.89588412621295E-02
4.68763526002157E-02
4.70048027735731E-02
4.86810767392959E-02
4.71433446814844E-02
0.038534733627135
3.86938465342546E-02
2.18329566693878E-02
0.019922392615538
0.019470095508853
1.85677126242448E-02
1.76894346704613E-02
1.68351055086602E-02
0.016425737529821
1.60191422826683E-02
1.56153677353432E-02
1.59946912574872E-02
1.55762946702271E-02
1.59005801446203E-02
2.73394520167699E-02
2.58820197880003E-02
2.82087476347268E-02
2.73944140500211E-02
2.65869442615631E-02
2.64078118578822E-02
2.55952928057229E-02
2.50818039829371E-02
2.34279889819438E-02
2.26565641826489E-02
2.21564703986655E-02
9.93162085240849E-03
9.57997760303641E-03
1.96477200315584E-02
1.85316386549008E-02
1.40104082323969E-02
1.38893468609416E-02
1.37671799779765E-02
8.27580654059833E-03
7.97871452757994E-03
8.1241952694882E-03
0.008047349813902
8.18520321089457E-03
8.31811953983749E-03
8.02373344231486E-03
7.94189444086418E-03
7.23883975222324E-03
5.32040721748774E-03
7.08463849676567E-03
7.00649056368142E-03
6.9276382717275E-03
6.65241791623971E-03
7.73463249055951E-03
7.64207188244409E-03
7.92612250746748E-03
7.45447740872848E-03
6.6234927980672E-03
6.35561697715373E-03
7.16685236889992E-03
6.71583953003217E-03
6.44809913843493E-03
6.35631429518559E-03
5.58658973483839E-03
5.50334132470084E-03
5.09095233851363E-03
4.84979087213079E-03
4.61315376573922E-03
4.38110613851997E-03
4.15371340293392E-03
3.93104119056578E-03
3.86168148077202E-03
1.42921626114701E-02
1.43130674301104E-02
1.40403319336178E-02
1.37656634084214E-02
0.013489096357557
1.32106695735871E-02
1.29304264414554E-02
1.26484152602056E-02
1.23646895845239E-02
1.20793085870658E-02
1.17923374425292E-02
1.15038477344163E-02
1.12139178853985E-02
1.09226336121468E-02
8.29146895622427E-03
7.95901570777371E-03
7.6316396265761E-03
7.79675961240631E-03
7.74856477163037E-03
7.32186458218199E-03
7.26084226945466E-03
6.50309025737848E-03
7.10234689753171E-03
6.84595320213929E-03
5.36375316088916E-03
6.33393656789069E-03
5.86665446447765E-03
5.62109371242011E-03
5.24696979662471E-03
5.19502903545591E-03
4.95025346703121E-03
4.76328468126082E-03
4.46629406034117E-03
4.22770186653179E-03
4.0868338034892E-03
3.17716651493915E-03
2.94115754683531E-03
2.75302431655073E-03
2.53165383939402E-03
2.45567143184638E-03
2.27388266465824E-03
2.03849249409201E-03
2.1384613304016E-03
1.97765750134251E-03
1.92976120455278E-03
1.64272950822278E-03
1.45617585358545E-03
1.28153913048822E-03
1.0906197385968E-03
9.80903726548595E-04
1.07817553224648E-03
9.2638312078246E-04
7.86626292396097E-04
6.59177461173378E-04
5.44210961419431E-04
4.41784923917824E-04
3.5182297450777E-04
2.71355813051301E-04
1.97800336090191E-04
1.13657846494647E-04
8.32071117558593E-05
4.87182377827763E-05
3.17860972137646E-05
1.92717867913451E-05
1.08867820146515E-05
5.54519295698656E-06
2.18658075200206E-06
1.54760857773088E-06
5.28941146727822E-07
1.47953099529144E-07
2.78876084344253E-08
3.25673616797203E-09
1.98576321352958E-10
3.2792378892566E-12
6.14772382193375E-15
1.24253520244604E-19
1.26694525901103E-29
1.74762475142551E-65
0
0
0
0
0
0
0
0
0
0
0
0
0
0
0
0
0
0
0
0
0
0
0
0
0
0
0
0
0
0
0
0
0
0
0
0
0
0
0
0
0
0
0
0
0
0
0
0
0
0
0
0
0
0
0
0
0
0
0
0
0
0
0
0
0
0
0
0
0
0
0
0
0
0
0
0
0
0
0
0
0
0
0
0
0
0
0
0
0
0
0
0
0
0
0
0
0
0
0
0
0
0
0
0
0
0
0
0
0
0
0
0
0
0
0
0
0
0
0
0
0
0
0
0
0
0
0
0
0
0
0
0
0
0
0
0
0
0
0
0
0
0
""
