0
0
0
0
0
0
0
0
0
0
0
0
0
0
0
0
0
0
0
0
0
0
0
0
0
0
0
0
0
0
0
0
0
0
0
0
0
0
0
0
0
0
0
0
0
0
0
0
0
0
0
0
0
0
0
0
0
0
0
0
0
0
0
0
0
0
0
0
0
0
0
0
0
0
0
0
0
0
0
0
0
0
0
0
0
0
0
0
0
0
0
0
0
0
0
0
0
0
0
0
0
0
0
0
0
0
0
0
0
0
0
0
0
0
0
0
0
0
0
0
0
0
0
0
0
0
0
0
0
0
0
0
0
0
0
0
0
0
0
0
0
0
0
0
0
0
0
0
0
0
0
0
0
0
0
0
0
0
0
0
0
0
0
0
0
0
0
0
0
0
0
0
0
0
0
0
0
0
0
0
0
0
0
0
0
0
0
0
0
0
0
0
0
0
0
0
0
0
0
0
0
0
0
0
0
0
0
0
0
0
0
0
0
0
0
0
0
0
0
0
0
0
0
0
0
0
0
0
0
0
0
0
0
0
0
0
0
0
0
0
0
0
0
0
0
0
0
0
0
0
0
0
0
0
0
0
0
0
0
0
0
0
0
0
0
0
0
0
0
0
0
0
0
0
0
0
0
0
0
0
0
0
0
0
0
0
0
0
0
0
0
0
0
0
0
0
0
0
0
0
0
0
0
0
0
0
0
0
0
0
0
0
0
0
0
0
0
0
0
0
0
0
0
0
0
0
0
0
0
0
0
0
0
0
0
0
0
0
0
0
0
0
0
0
0
0
0
0
0
0
0
0
0
0
0
0
0
0
0
0
0
0
0
0
0
0
0
0
0
0
0
0
0
0
0
0
0
0
0
0
0
0
0
0
0
0
0
0
0
0
0
0
0
0
0
0
0
0
0
0
0
0
0
0
0
0
0
0
0
0
0
0
0
0
0
0
0
0
0
0
0
0
0
0
0
0
0
0
0
0
0
0
0
0
0
0
0
0
0
0
0
0
0
0
0
0
0
0
0
0
0
0
0
0
0
0
0
0
0
0
0
0
0
2.98778377749272E-32
1.7820390142603E-17
1.92538249096151E-12
7.3765905434828E-10
2.48825356388449E-08
2.83601579870974E-07
1.60757490529916E-06
5.03558101705634E-06
1.42045330484698E-05
3.16252128011354E-05
6.74182940913378E-05
1.20113532827621E-04
1.96530684720987E-04
3.148125723552E-04
4.76313889243157E-04
7.61158542969383E-04
1.13686639886718E-03
1.45512175576955E-03
1.71948186192457E-03
2.10045709040467E-03
2.63224706622134E-03
3.10694690209807E-03
3.61679568095549E-03
4.33843081162914E-03
4.88550546560821E-03
5.5064993534899E-03
5.70560968221861E-03
6.47129307785077E-03
6.97336113204831E-03
6.00631215821334E-03
6.54144766679462E-03
7.69635603465904E-03
8.30243258522596E-03
9.03647538252108E-03
9.67084292328177E-03
1.05815692600363E-02
1.09639758941167E-02
1.16207881605612E-02
1.22832523482364E-02
0.012446002568722
1.32681883915726E-02
1.28114948066193E-02
1.30298333994344E-02
0.011181809132832
2.10036923751211E-02
2.12186433700851E-02
2.13813473348341E-02
2.22076115594263E-02
2.27862283026365E-02
2.36032583325487E-02
1.69875042725119E-02
1.75545906765506E-02
1.69881560102967E-02
1.19704832920044E-02
1.26322919040842E-02
1.26915858435916E-02
1.30505741171044E-02
1.30813645940059E-02
1.34292469940658E-02
1.51534262837611E-02
1.55331919909236E-02
1.01254378836763E-02
1.07352707063034E-02
1.13610821488677E-02
1.51001998092817E-02
0.01582505312529
1.57570510226887E-02
1.52582679162609E-02
0.015145256296693
1.50140928583809E-02
1.53020888844833E-02
1.38069773471946E-02
1.45128014907181E-02
1.47717798041374E-02
1.22112943812723E-02
0.012896977275329
1.31117334719368E-02
1.33252202228171E-02
1.35374305255693E-02
0.012729961310697
1.24071092403173E-02
1.31169859906242E-02
1.27763511880201E-02
1.34992084075974E-02
1.20458897147289E-02
1.22114122171457E-02
1.23758692835874E-02
1.13993269306866E-02
2.54031644993536E-02
2.51409985126322E-02
2.60460435127777E-02
2.69634639621565E-02
2.78931140043206E-02
2.45402963175169E-02
2.66855504163885E-02
2.76158268484702E-02
2.66541296044203E-02
2.69456604474918E-02
2.72351561156776E-02
2.22802148845681E-02
2.18491815149072E-02
2.34095422001045E-02
2.49951076607548E-02
2.52412011980464E-02
3.78838707651911E-02
3.05955134962021E-02
3.01799574414078E-02
3.18743280099912E-02
2.35860707684621E-02
2.30749628952086E-02
0.024004463494277
0.024211296943749
2.29367665985574E-02
2.23820443637145E-02
2.25657922975179E-02
2.27481166606972E-02
2.06361174613998E-02
2.00273687951764E-02
2.09579109700108E-02
2.34632171694821E-02
2.36384526131074E-02
0.032543443777607
3.03806060282917E-02
3.05972118003637E-02
3.08120357565731E-02
4.57211706979494E-02
4.93205479917588E-02
4.38586698125512E-02
4.49813708065552E-02
4.52740328863782E-02
4.89393055095619E-02
5.26446798448125E-02
6.23703164904003E-02
6.44716239194352E-02
6.39958699489471E-02
6.52462610869392E-02
6.73784636036821E-02
6.77672072420817E-02
6.90374917262161E-02
6.94240845709383E-02
6.71221948288068E-02
6.20880479930038E-02
6.51344371198956E-02
6.54780361252155E-02
6.30758976935942E-02
6.43176677706206E-02
7.20297508874965E-02
7.23876688815138E-02
6.80790652397033E-02
6.55960949013797E-02
8.00307702366269E-02
8.13511990141867E-02
7.60243361921135E-02
7.63694867681297E-02
0.076710987840535
2.02253208885787E-02
1.93457624212575E-02
1.84569834153556E-02
1.85346276376943E-02
0.018611407391489
1.77037797647499E-02
1.77748816840079E-02
1.88365638464814E-02
1.99051470044006E-02
2.09804952904539E-02
2.10596332170978E-02
1.91246929177018E-02
1.81843298071087E-02
1.82497134874193E-02
1.93317415189958E-02
2.04200376841674E-02
2.15144663531003E-02
2.36428415696247E-02
2.57838900882963E-02
2.58679079907347E-02
2.28366994424827E-02
2.49912488087826E-02
2.50686492530051E-02
2.40972577306134E-02
2.73218779500223E-02
2.42404099179769E-02
2.32534518707169E-02
2.43794048588047E-02
0.024447343791397
2.34484072164168E-02
2.45801053540093E-02
2.46449282653593E-02
2.47087127695758E-02
2.26174190739374E-02
2.37534641107595E-02
2.27291555128824E-02
2.06137352425696E-02
0.020662139062998
1.74397352121324E-02
1.96639340296253E-02
1.97073538616884E-02
1.75555214748753E-02
1.53935891411498E-02
0.014323646513389
0.013248608848642
1.76997985245733E-02
1.55173056553444E-02
1.77676070655686E-02
1.78004289228094E-02
1.89470622696069E-02
1.45144251658276E-02
1.45393340944204E-02
1.34433754749852E-02
1.34652860145502E-02
1.34866554023366E-02
1.23818600043536E-02
1.12731422769508E-02
1.12895972302265E-02
1.13056012267016E-02
1.13211542648037E-02
1.02026307079635E-02
7.9456352190446E-03
7.95557532132867E-03
6.82731406576682E-03
6.83529298448968E-03
6.84300131418161E-03
9.13391873531776E-03
1.02864092892933E-02
1.02967541018942E-02
1.14518811214263E-02
9.16997867161483E-03
0.010325353084749
1.03340742407802E-02
1.03423894675949E-02
1.15003319546132E-02
0.011508669010523
1.15165550140753E-02
9.21919196710171E-03
9.22477907097195E-03
0.010383755982829
1.03892295417646E-02
1.15492190296818E-02
1.15543985922327E-02
1.04032143562768E-02
1.04070639924532E-02
1.04105076378074E-02
1.04135452889561E-02
1.15735299365329E-02
1.27336031740313E-02
1.27358271930592E-02
1.62114336172733E-02
1.50549295568243E-02
1.50557985866774E-02
1.62142412512164E-02
1.38976405680285E-02
1.38968187208182E-02
1.50534101593306E-02
1.50513469188852E-02
1.50486972283337E-02
1.50454610903793E-02
1.61986876243226E-02
1.61939394463887E-02
1.61885597220944E-02
1.15589631833733E-02
1.15542183257833E-02
1.03941201384993E-02
1.03890378053048E-02
1.03835494982986E-02
0.01268380082741
1.26761005346291E-02
1.26679040706321E-02
1.15083740384199E-02
0.012650022656557
1.26403377207138E-02
1.14819605836771E-02
0.012619479427936
1.26083060858007E-02
1.25966366230321E-02
1.37285138694034E-02
1.25718093647634E-02
1.14169559849865E-02
0.011404543372641
1.13916797731959E-02
1.13783651922289E-02
1.13645996349347E-02
1.36204597272773E-02
1.24692871708488E-02
0.013584716580002
1.35660332754178E-02
1.12890073507261E-02
1.12725360151784E-02
0.010130052351203
1.01144164280606E-02
1.00983746431029E-02
8.96171288374788E-03
1.00650734782288E-02
1.00478140908321E-02
1.00301488265026E-02
8.8996246030391E-03
8.88320056744786E-03
8.86641573041071E-03
8.84927008194894E-03
8.83176361062024E-03
7.71215926550662E-03
6.5967511093331E-03
5.48567445081739E-03
5.47383075742808E-03
5.46176149841882E-03
5.44946666002221E-03
6.52433547260219E-03
6.50904022011002E-03
6.49347421312141E-03
6.47763742842241E-03
6.46152984093658E-03
8.59353523152831E-03
9.64275322126814E-03
8.54877597518853E-03
8.52585452260592E-03
9.5653932653994E-03
9.53879369755016E-03
1.05686528597489E-02
1.05381942551741E-02
1.15580121516972E-02
1.25711056038649E-02
1.25329282282232E-02
1.35353923186866E-02
1.34928578283119E-02
1.24151402884743E-02
1.13435593057589E-02
1.13060755488407E-02
1.22924660348368E-02
1.32713621420381E-02
1.22079667332165E-02
1.01374180661324E-02
1.01010773334068E-02
1.00642832650635E-02
1.00270357065829E-02
1.09882679461674E-02
9.95117946629898E-03
9.91257044006838E-03
9.87350723447278E-03
8.85059069263715E-03
9.7940175132171E-03
9.75359059172446E-03
9.71270867882399E-03
0.010638508705992
0.011555494770871
9.58733071225771E-03
9.54462651046696E-03
8.55131950003107E-03
8.51206432115284E-03
8.47239807248695E-03
7.49539599554452E-03
8.39183132070457E-03
8.35093027262973E-03
8.30961706454726E-03
8.26789140088881E-03
8.22575297659372E-03
7.27395686842255E-03
7.23576584675028E-03
7.19720706145562E-03
7.1582802064977E-03
7.11898496687071E-03
7.96423614583781E-03
7.91919903181881E-03
7.87374636053184E-03
7.82787773645766E-03
8.64621417073333E-03
9.45375566148901E-03
1.02503627146017E-02
1.01869805826388E-02
9.27945425148587E-03
9.22033141419384E-03
9.16069644997132E-03
9.92787139004666E-03
1.06835037519463E-02
1.06112061414251E-02
8.9170234501033E-03
8.85481884185641E-03
7.99281674660356E-03
7.93532866802585E-03
7.87737047175737E-03
7.81894154581132E-03
6.98403714306206E-03
7.70066901691758E-03
7.64082415196578E-03
7.58050603484233E-03
6.76774261807693E-03
6.71260271231733E-03
6.65703512676204E-03
5.13414165636728E-03
5.81743516452118E-03
6.48776040113983E-03
5.71597885290285E-03
5.66467680269884E-03
5.61299147129565E-03
7.64626823538175E-03
7.57414480727532E-03
5.45563077807368E-03
5.40240736139644E-03
4.6801984620914E-03
5.29480298063437E-03
5.8954738010427E-03
5.18565237418737E-03
5.13049626530423E-03
5.07495249239116E-03
5.01902075303476E-03
4.96270078422607E-03
4.9059923671165E-03
4.84889533218543E-03
4.79140956485378E-03
0.004733535011581
4.67527168648606E-03
4.61661967853668E-03
3.9878817644354E-03
4.49815039169021E-03
4.43833373862045E-03
5.47266209192093E-03
5.39692348873206E-03
4.78863204574317E-03
4.71959958270192E-03
4.65013491257736E-03
4.58023939368027E-03
4.00881297705974E-03
3.94592207746755E-03
3.88265304191838E-03
3.34163196030221E-03
3.28561552516332E-03
2.76794950906274E-03
2.71938108900988E-03
3.11562896753895E-03
3.49523516259726E-03
3.85806893823132E-03
3.78360197573991E-03
3.7087443923615E-03
3.63350251969805E-03
3.55788335348457E-03
3.09501743363683E-03
3.02715093757176E-03
2.95897181720265E-03
2.89048922774423E-03
3.17442738272451E-03
3.09673672466696E-03
3.01874203992019E-03
2.94045827595989E-03
2.86190181191533E-03
2.78309058603681E-03
2.70404423447915E-03
2.33314154877907E-03
1.9797043064175E-03
1.91778185111978E-03
1.59064570914211E-03
1.28117328129296E-03
1.48412203586321E-03
1.43081239047008E-03
1.60708988839798E-03
1.54493589026312E-03
1.48285608607418E-03
1.42089077363114E-03
1.35908387471178E-03
1.48283798864457E-03
1.58932411102122E-03
1.67873398161179E-03
1.75129955076852E-03
0.001656689088894
1.70497130709183E-03
1.73730515577964E-03
1.62882285355545E-03
1.52177719382723E-03
0.001525304071015
1.41373363820332E-03
1.4906940897918E-03
1.36848399814418E-03
1.17128302204012E-03
1.06281598109766E-03
1.02173092144075E-03
9.139092950951E-04
7.09257703680617E-04
6.23114564538116E-04
6.18956475093416E-04
5.3145347969407E-04
4.50011523809275E-04
3.75001925141169E-04
3.06763383968441E-04
2.45584083273032E-04
1.91679994952526E-04
1.72388766704947E-04
1.32556199295553E-04
9.26790606511127E-05
6.44675664246974E-05
3.99268804443368E-05
2.37790007265619E-05
1.09950822185569E-05
5.0628483656516E-06
1.81107370462568E-06
5.07480355661471E-07
8.78060523944546E-08
7.23100047498632E-09
1.85043317442457E-10
5.19809007685929E-13
2.85662624017098E-18
8.13799117291531E-34
0
0
0
0
0
0
0
0
0
0
0
0
0
0
0
0
0
0
0
0
0
0
0
0
0
0
0
0
0
0
0
0
0
0
0
0
0
0
0
0
0
0
0
0
0
0
0
0
0
0
0
0
0
0
0
0
0
0
0
0
0
0
0
0
0
0
0
0
0
0
0
0
0
0
0
0
0
0
0
0
0
0
0
0
0
0
0
0
0
0
0
0
0
0
0
0
0
0
0
0
0
0
0
0
0
0
0
0
0
0
0
0
0
0
0
0
0
0
0
0
0
0
0
0
0
0
0
0
0
0
0
0
0
0
0
0
0
0
0
0
0
0
0
0
0
0
0
0
0
0
0
0
0
0
0
0
0
0
0
0
0
0
0
0
0
0
0
0
0
0
0
0
0
0
0
0
0
0
0
0
0
0
0
0
0
0
0
0
0
0
0
0
0
0
0
0
0
0
0
0
0
0
0
0
0
0
0
0
0
0
0
0
0
0
0
0
0
0
0
0
0
0
0
0
0
0
0
0
0
0
0
0
0
0
0
0
0
0
0
0
0
0
0
0
0
0
0
0
0
0
0
0
0
0
0
0
0
0
0
0
0
0
0
0
0
0
0
0
0
0
0
0
0
0
0
0
0
0
0
0
0
0
0
0
0
0
0
0
0
0
0
0
0
0
0
0
0
0
0
0
0
0
0
0
0
0
0
0
0
0
0
0
0
0
0
0
0
0
0
0
0
0
0
0
0
0
0
0
0
0
0
0
0
0
0
0
0
0
0
0
0
0
0
0
0
0
0
0
0
0
0
0
0
0
0
0
0
0
0
0
0
0
0
0
0
0
0
0
0
0
0
0
0
0
0
0
0
0
0
0
0
0
0
0
0
0
0
0
0
0
0
0
0
0
0
0
0
0
0
0
0
0
0
0
0
0
0
0
0
0
0
0
0
0
0
0
0
0
0
0
0
0
0
0
0
0
0
0
0
0
0
0
0
0
0
0
0
0
0
0
0
0
0
0
0
0
0
0
0
0
0
0
0
0
0
0
0
0
0
0
0
0
0
0
0
0
0
0
0
0
0
0
0
0
0
0
0
0
0
0
""
