0
0
0
0
0
0
0
0
0
0
0
0
0
0
0
0
0
0
0
0
0
0
0
0
0
0
0
0
0
0
0
0
0
0
0
0
0
0
0
0
0
0
0
0
0
0
0
0
0
0
0
0
0
0
0
0
0
0
0
0
0
0
0
0
0
0
0
0
0
0
0
0
0
0
0
0
0
0
0
0
0
0
0
0
0
0
0
0
0
0
0
0
0
0
0
0
0
0
0
0
0
0
0
0
0
0
0
0
0
0
0
0
0
0
0
0
0
0
0
0
0
0
0
0
0
0
0
0
0
0
0
0
0
0
0
0
0
0
0
0
0
0
0
0
0
0
0
0
0
0
0
0
0
0
0
0
0
0
0
0
0
0
0
0
0
0
0
0
0
0
0
0
0
0
0
0
0
0
0
0
0
0
0
0
0
0
0
0
0
0
0
0
0
0
0
0
0
0
0
0
0
0
0
0
0
0
0
0
0
0
0
0
0
0
0
0
0
0
0
0
0
0
0
0
0
0
0
0
0
0
0
0
0
0
0
0
0
0
0
0
0
0
0
0
0
0
0
0
0
0
0
0
0
0
0
0
0
0
0
0
0
0
0
0
0
0
0
0
0
0
0
0
0
0
0
0
0
0
0
0
0
0
0
0
0
0
0
0
0
0
0
0
0
0
0
0
0
0
0
0
0
0
0
0
0
0
0
0
0
0
0
0
0
0
0
0
0
0
0
0
0
0
0
0
0
0
0
0
0
0
0
0
0
0
0
0
0
0
0
0
0
0
0
0
0
0
0
0
0
0
0
0
0
0
0
0
0
0
0
0
0
0
0
0
0
0
0
0
0
0
0
0
0
0
0
0
0
0
0
0
0
0
0
0
0
0
0
0
0
0
0
0
0
0
0
0
0
0
0
0
0
0
0
0
0
0
0
0
0
0
0
0
0
0
0
0
0
0
0
0
0
0
0
0
0
0
0
0
0
0
0
0
0
0
0
0
0
0
0
0
0
0
0
0
0
0
0
0
0
0
0
0
0
0
0
0
0
0
0
0
0
1.83095268370928E-53
2.52793540230345E-21
6.83637980963306E-14
1.3898579659568E-10
1.03761742218739E-08
1.66961835177368E-07
1.16295305214918E-06
4.87923112505973E-06
1.47142751600361E-05
3.53592006849826E-05
7.21980198487836E-05
1.30640391305157E-04
2.15590836867404E-04
3.31121976827519E-04
3.21823907011798E-04
4.52439010567786E-04
7.80913358931726E-04
1.00930585433933E-03
1.27052622869291E-03
1.52842666926228E-03
7.72651141976677E-04
8.41326577529905E-04
9.25464768990266E-04
1.07020888228883E-03
1.18455187834714E-03
1.25224125919233E-03
1.50657346682713E-03
1.67870368401403E-03
1.79566662743241E-03
1.97465713280347E-03
2.23374097259522E-03
2.34913078889049E-03
2.36837499656835E-03
2.27003040654877E-03
2.33665342069788E-03
2.28340386649784E-03
2.66785830150154E-03
2.96075639052584E-03
3.27093651459204E-03
3.59848325148202E-03
3.94346298871462E-03
3.84457661678261E-03
4.03957516893429E-03
4.40563893425669E-03
4.96639027614613E-03
1.09355196897988E-02
1.93372658742055E-02
2.01440915852167E-02
2.09548124559487E-02
2.17690152255721E-02
2.25863149517699E-02
2.34063529343415E-02
2.42287947873699E-02
1.95415963481965E-02
2.01861375596546E-02
2.08318716805205E-02
2.14786007999106E-02
0.019856792272903
0.020438488912462
2.10206120867356E-02
2.22202551576823E-02
2.44041631312208E-02
2.89481701516029E-02
2.70201842273257E-02
2.66683739419343E-02
1.99624291393105E-02
2.18702489641858E-02
0.018708474503712
1.87564684016096E-02
2.03211100674441E-02
2.07598456949328E-02
2.15979738433404E-02
2.04109037512151E-02
2.99852003585517E-02
0.024207374156005
2.46756572949608E-02
2.29375565314877E-02
2.33631755245351E-02
3.52244619505796E-02
3.63177631690455E-02
3.97947184168102E-02
3.08392238893865E-02
2.89076684619387E-02
2.83882206588253E-02
4.45366073555315E-02
4.01026523817857E-02
4.07280732670669E-02
4.18820105610841E-02
4.14358483539811E-02
4.20483139058995E-02
4.15510463702229E-02
4.21442549711476E-02
3.81772698522608E-02
4.73692200120552E-02
4.80120932280314E-02
4.86530143375579E-02
0.049893080594573
5.11466824707555E-02
5.11804594041682E-02
4.12071052777455E-02
0.039818705086086
4.09414634958331E-02
0.058261691520654
5.89471189461002E-02
5.96301950495347E-02
4.75785990160525E-02
0.045403082408773
4.52210891161852E-02
0.046407625286939
2.87043899217046E-02
2.54712840906537E-02
2.50227856109155E-02
2.60031627970374E-02
2.26193214319822E-02
2.28461603923801E-02
3.49803171022198E-02
3.45700494852492E-02
3.64202400220783E-02
3.44681308734015E-02
0.038656652466544
3.90139302043929E-02
3.46453790371319E-02
3.65461731072529E-02
3.68708214683038E-02
0.038002675081044
3.58848933215321E-02
3.37238967226685E-02
0.031519949163238
3.09460771487123E-02
6.15578548589109E-02
6.46080319161169E-02
0.07712302745332
7.77337822391517E-02
0.078341764583177
7.71925864062991E-02
8.83881862417849E-02
8.90544071903942E-02
8.97174991109434E-02
9.03774502110205E-02
9.10342488248256E-02
0.091687883408617
9.23383425364276E-02
9.29856148960338E-02
9.36296892851616E-02
9.42705546079199E-02
9.49081998714437E-02
9.55426141827395E-02
9.61737867457178E-02
9.68017068584046E-02
9.64521002712173E-02
9.80477473800189E-02
9.86658468327739E-02
9.92806519184089E-02
9.98921523692597E-02
0.100500337998263
0.101105198697162
0.101706724434833
0.102304905255701
0.102899731278277
0.103491192693773
9.05489733953883E-02
9.10576650570839E-02
9.15634042783385E-02
0.094182646739691
9.15020153703938E-02
9.41325123189534E-02
9.46320358503055E-02
9.51285316552901E-02
0.078236174974136
7.64530516163631E-02
7.46452783641393E-02
7.50195136315065E-02
6.98478947183672E-02
6.79619539519915E-02
6.49326823823426E-02
9.89905396164005E-02
9.60687656768276E-02
0.096518668846457
9.92471070227824E-02
0.100847425286938
0.101303843396601
0.101757125287678
0.102207263602086
0.10498730219253
0.112470633079854
0.117657663940907
0.118154813309218
8.66132951276159E-02
8.69709330609403E-02
8.73259217059561E-02
9.96889751981142E-02
0.100086548388935
0.100481089843598
5.59052925872682E-02
5.49005703234604E-02
5.75588387233863E-02
4.42534600642093E-02
5.05871328437504E-02
4.82962449485631E-02
4.10144112124049E-02
0.048645460785672
4.00557077400048E-02
4.14521234278585E-02
4.41165092282094E-02
4.30025545282825E-02
4.44168498160392E-02
4.58383367333556E-02
4.47119324787514E-02
4.61391387886977E-02
4.62875018582339E-02
3.22461826694277E-02
3.62289977300461E-02
3.50433076171163E-02
3.38486137396396E-02
3.52566308416557E-02
3.66714422708507E-02
3.80929316984372E-02
0.039520982557952
7.66263782839062E-02
7.68432958104055E-02
7.70579819577601E-02
0.110576654398176
0.110877476203785
0.112514548729834
0.111469490332747
0.111760672900349
0.1282484350381
0.129927747508604
0.135680560420111
0.136015817367204
0.136347168957556
0.136674609714729
0.136998134224521
0.137317737135137
0.137633413157347
0.137945157064652
0.113367430228625
0.112231030633967
0.120805367955538
0.121062857020883
0.121316903234503
0.122964829993276
0.124614987083777
0.124864281792709
0.123704306831423
0.123943798141123
0.12135751450144
0.121584704066248
0.133139477951273
0.13479922734799
0.140724640652764
0.132426673644002
0.124095436349772
0.125733147891945
0.124509791107267
7.16734022314808E-02
7.17874396993098E-02
7.04614724764501E-02
0.106574010264149
0.10961852690878
0.117001934670112
0.11138413173804
0.111541084425402
0.124750166804365
0.129276113466987
0.127992240351082
0.131069999766743
0.135609692021414
0.13431663721508
0.125707700734818
0.081952119718827
7.61853661843332E-02
0.108538381277454
0.127744339443291
0.127879189812169
5.59126250160296E-02
9.27897444828456E-02
0.10172534586696
9.88696694657684E-02
0.147701206443351
0.147831642025654
0.147957975400331
0.148080204444892
0.142270394021225
0.140896724326917
0.13061157595405
0.132189953174276
0.105527097816375
0.108570912627564
0.116080163664313
0.145931847908361
0.148995254787783
0.149076338917994
0.149153299912243
0.149226136475299
0.149294847381213
0.149359431473361
0.149419887664486
0.149476214936731
0.149528412341679
0.149576479000379
0.149620414103385
0.149660216910775
0.149695886752183
0.149727423026816
0.149754825203481
0.149778092820599
0.149797225486223
0.149812222878048
0.149823084743428
0.149829810899378
0.149832401232585
0.149830855699411
0.149825174325893
0.149815357207744
0.149801404510346
0.14978331646875
0.149761093387664
0.149734735641444
0.14970424367408
0.14966961799918
0.149630859199957
0.149587967929204
0.149540944909272
0.14948979093205
0.14943450685893
0.149375093620785
0.149311552217933
0.149243883720103
0.149172089266399
0.14909617006526
0.149016127394422
0.148931962600867
0.148843677100784
0.148751272379517
0.148654749991513
0.148554111560274
0.148449358778292
0.148340493407002
0.148227517276712
0.148110432286547
0.14058977838416
0.146385304230095
0.144779853295289
0.143173012790963
0.144514176801212
0.141428881241097
0.142760684328372
0.133793736403209
0.138059789050704
0.137911218246046
0.137758809000218
0.137602563869223
0.146215410077431
0.146041038823678
0.145862595404821
0.145680082810582
0.145493504098076
0.145302862391708
0.145108160883065
0.144909402830811
0.144706591560572
0.144499730464828
0.144288823002796
0.144073872700312
0.143854883149713
0.143631858009719
0.143404801005303
0.128856344334816
0.128644745970276
0.125575539800913
0.136758077908665
0.136520806092562
0.13627968647135
0.136034723062783
0.135785919947205
0.14118050132023
0.140913345029746
0.140642202185335
0.14036707729674
0.140087974938185
0.139804899748228
0.139517856429612
0.139226849749107
0.138931884537364
0.138632965688755
0.138330098161222
0.138023286976114
0.137712537218033
0.137397854034676
0.137079242636668
0.136756708297406
0.136430256352898
0.13065589651353
0.130334996452058
0.125947527740792
0.133734527610412
8.75806253880022E-02
9.40727071476039E-02
0.103207613040132
0.102932266252008
0.102653942034898
0.103702159842421
0.132582311293394
0.1308871939912
0.126559123019153
0.126193647690337
0.119271136268505
0.120224519214012
9.38063882010546E-02
9.74179982155346E-02
9.84130640510808E-02
7.61614982828216E-02
7.20607469800066E-02
6.92651199846995E-02
7.03195889709319E-02
0.101948067488678
9.01789504420554E-02
9.24080506274582E-02
8.83094693071416E-02
5.53179683257293E-02
0.108998114854529
0.10861427518959
0.10573921581703
0.106597383238669
5.43391668017252E-02
5.90601921725295E-02
5.88395208145198E-02
6.96077831834601E-02
6.93415391531163E-02
7.75558772867217E-02
3.98331882557703E-02
0.051698276174696
5.26886010327544E-02
5.24750392162416E-02
5.58230533028692E-02
5.67743192103318E-02
5.18247815018859E-02
9.14813248420141E-02
8.40818204850916E-02
8.25540229720555E-02
8.10338583009836E-02
8.06739243033066E-02
6.88384235176103E-02
7.08098223191064E-02
0.0784423234073
7.80777241138295E-02
7.77106877176088E-02
0.103121626906148
9.92792775021696E-02
9.99065422523108E-02
9.94151620945857E-02
0.109911825021518
0.109358879524105
0.108802463724153
0.108242586683615
0.107679257526782
0.107112485440891
0.106542279676786
0.10596864954964
0.105391604439719
0.10481115379322
0.104227307123158
0.103640074010331
0.103049464104351
0.102455487124745
0.101858152862143
0.101257471179542
0.100653452013664
0.100046105376406
9.94354413563844E-02
0.098821470120589
9.82042019161472E-02
9.75836470722042E-02
9.69598160019276E-02
9.63327192046441E-02
9.57023672681151E-02
9.50687708709605E-02
9.44319407852377E-02
9.37918878791877E-02
9.31486231201556E-02
9.25021575776973E-02
9.18525024268841E-02
9.11996689518155E-02
9.05436685493537E-02
8.98845127330938E-02
8.92222131375827E-02
8.85567815228023E-02
8.78882297789341E-02
8.72165699314206E-02
8.65418141463438E-02
8.58639747361384E-02
0.085183064165662
0.084499095058643
8.38120802045321E-02
7.39786089835433E-02
7.33617791041532E-02
7.27422736094567E-02
0.071309766287708
7.14952841244225E-02
5.57387385897957E-02
7.49728676042819E-02
7.35154354995063E-02
0.072844444964269
7.21707219548783E-02
5.24798443930214E-02
5.27346757227135E-02
5.22269273345029E-02
5.61500897977167E-02
2.48712278773622E-02
2.46217230124844E-02
2.50880702753158E-02
2.48292775546605E-02
2.45695194792413E-02
2.43088025086733E-02
2.54212551669933E-02
2.65027492384748E-02
2.95692135590679E-02
0.029901189585927
4.20408179154897E-02
3.76581529158198E-02
3.59320225055391E-02
3.80389375072573E-02
3.88303417454946E-02
0.039589384515363
3.90942362224886E-02
4.04067634069573E-02
5.06005123303467E-02
5.05241481703853E-02
5.33283670121232E-02
5.26054760852471E-02
3.89103337328479E-02
5.11533038676923E-02
5.04240841738755E-02
5.02329579622983E-02
4.52343588744659E-02
4.50792257627594E-02
5.16164084960801E-02
5.08130474581523E-02
5.00076655309668E-02
4.87083059918749E-02
4.64553856526882E-02
4.47250772806005E-02
4.67668908150798E-02
4.59521471090774E-02
4.51356975323751E-02
4.43176044088104E-02
4.34979334011205E-02
0.0426767537456
3.59945591141185E-02
3.52859417621305E-02
3.53803245867354E-02
3.07152090616436E-02
0.030069727512471
0.029046240059293
2.87764983751973E-02
2.66864071283014E-02
2.21960354367729E-02
1.72001695839712E-02
1.44344349805181E-02
1.34218763922791E-02
1.30806310749465E-02
9.63222510190803E-03
9.07187957948179E-03
8.82236140840529E-03
8.28724392427858E-03
7.21403750300079E-03
5.92171229859156E-03
5.73950614580815E-03
4.79976444830083E-03
4.88738052578907E-03
4.95891977759511E-03
4.33071328319647E-03
4.1752886595211E-03
3.80883295422852E-03
3.86622350306471E-03
4.10354582304665E-03
3.93478425506077E-03
3.76700801654319E-03
3.60032274848018E-03
3.27127807315306E-03
2.95919364753328E-03
2.81199195440936E-03
2.80656485558835E-03
2.52206465658341E-03
2.37962329789825E-03
2.1212247926405E-03
1.87946295877236E-03
1.75755135448715E-03
2.79392566380685E-03
3.57753143016486E-03
2.8112951844878E-03
2.58724180359118E-03
2.43887476693147E-03
0.002157625470045
1.8956019157222E-03
1.70433208862291E-03
0.001797417862025
1.5905334047109E-03
1.4299775057987E-03
1.55023055500976E-03
7.17273744703935E-04
6.28584121455823E-04
5.41474364251465E-04
4.57379386062962E-04
3.53343018210762E-04
2.56344527058278E-04
2.01017485381345E-04
1.72797961521696E-04
1.31593049349466E-04
8.21950158870235E-05
5.08033496752549E-05
3.38868069783134E-05
1.84552096282846E-05
8.60358371779028E-06
2.97883414639636E-06
7.99162707514171E-07
1.33445410501492E-07
1.37523723348543E-08
2.90710322248185E-10
4.0267413291986E-13
5.54755923217667E-19
1.57203874479988E-38
0
0
0
0
0
0
0
0
0
0
0
0
0
0
0
0
0
0
0
0
0
0
0
0
0
0
0
0
0
0
0
0
0
0
0
0
0
0
0
0
0
0
0
0
0
0
0
0
0
0
0
0
0
0
0
0
0
0
0
0
0
0
0
0
0
0
0
0
0
0
0
0
0
0
0
0
0
0
0
0
0
0
0
0
0
0
0
0
0
0
0
0
0
0
0
0
0
0
0
0
0
0
0
0
0
0
0
0
0
0
0
0
0
0
0
0
0
0
0
0
0
0
0
0
0
0
0
0
0
0
0
0
0
0
0
0
0
0
0
0
0
0
0
0
0
0
0
0
0
0
0
0
0
0
0
0
0
0
0
0
0
0
0
0
0
0
0
0
0
0
0
0
0
0
0
0
0
0
0
0
0
0
0
0
0
0
0
0
0
0
0
0
0
0
0
0
0
0
0
0
0
0
0
0
0
0
0
0
0
0
0
0
0
0
0
0
0
0
0
0
0
0
0
0
0
0
0
0
0
0
0
0
0
0
0
0
0
0
0
0
0
0
0
0
0
0
0
0
0
0
0
0
0
0
0
0
0
0
0
0
0
0
0
0
0
0
0
0
0
0
0
0
0
0
0
0
0
0
0
0
0
0
0
0
0
0
0
0
0
0
0
0
0
0
0
0
0
0
0
0
0
0
0
0
0
0
0
0
0
0
0
0
0
0
0
0
0
0
0
0
0
0
0
0
0
0
0
0
0
0
0
0
0
0
0
0
0
0
0
0
0
0
0
0
0
0
0
0
0
0
0
0
0
0
0
0
""
