0
0
0
0
0
0
0
0
0
0
0
0
0
0
0
0
0
0
0
0
0
0
0
0
0
0
0
0
0
0
0
0
0
0
0
0
0
0
0
0
0
0
0
0
0
0
0
0
0
0
0
0
0
0
0
0
0
0
0
0
0
0
0
0
0
0
0
0
0
0
0
0
0
0
0
0
0
0
0
0
0
0
0
0
0
0
0
0
0
0
0
0
0
0
0
0
0
0
0
0
0
0
0
0
0
0
0
0
0
0
0
0
0
0
0
0
0
0
0
0
0
0
0
0
0
0
0
0
0
0
0
0
0
0
0
0
0
0
0
0
0
0
0
0
0
0
0
0
0
0
0
0
0
0
0
0
0
0
0
0
0
0
0
0
0
0
0
0
0
0
0
0
0
0
0
0
0
0
0
0
0
0
0
0
0
0
0
0
0
0
0
0
0
0
0
0
0
0
0
0
0
0
0
0
0
0
0
0
0
0
0
0
0
0
0
0
0
0
0
0
0
0
0
0
0
0
0
0
0
0
0
0
0
0
0
0
0
0
0
0
0
0
0
0
0
0
0
0
0
0
0
0
0
0
0
0
0
0
0
0
0
0
0
0
0
0
0
0
0
0
0
0
0
0
0
0
0
0
0
0
0
0
0
0
0
0
0
0
0
0
0
0
0
0
0
0
0
0
0
0
0
0
0
0
0
0
0
0
0
0
0
0
0
0
0
0
0
0
0
0
0
0
0
0
0
0
0
0
0
0
0
0
0
0
0
0
0
0
0
0
0
0
0
0
0
0
0
0
0
0
0
0
0
0
0
0
0
0
0
0
0
0
0
0
0
0
0
0
0
0
0
0
0
0
0
0
0
0
0
0
0
0
0
0
0
0
0
0
0
0
0
0
0
0
0
0
0
0
0
0
0
0
0
0
0
0
0
0
0
0
0
0
0
0
0
0
0
0
0
0
0
0
0
0
0
0
0
0
0
0
0
0
0
0
0
0
0
0
0
0
0
0
0
0
0
0
0
0
0
0
0
0
0
0
0
0
0
0
0
0
0
2.47178612300752E-53
3.79190310345517E-21
1.02545697144496E-13
2.0847869489352E-10
1.55642613328108E-08
2.50442752766053E-07
1.65720809931259E-06
6.95290435321011E-06
2.20714127400542E-05
5.30388010274739E-05
1.08297029773175E-04
1.95960586957735E-04
3.23386255301107E-04
4.96682965241278E-04
7.20501284354771E-04
9.48125867733964E-04
1.26454720054285E-03
1.5827750897594E-03
1.99241613135933E-03
2.42593302737559E-03
3.02621697274198E-03
3.63300113024277E-03
3.76156648041205E-03
4.34988126349652E-03
4.61975232555385E-03
5.50091696002343E-03
6.02629386730854E-03
6.7148147360561E-03
7.33746535692207E-03
8.06885759438658E-03
8.8232768417511E-03
9.5990344304663E-03
1.02629583184629E-02
5.67507601637192E-03
6.24800805969216E-03
6.85021159949352E-03
8.69953793967893E-03
9.99255281802472E-03
1.05978343072782E-02
0.010587844951476
0.011611307688993
1.13030552533409E-02
1.13916019763947E-02
1.14377164639356E-02
1.25046612310108E-02
9.45273735897862E-03
9.57194660773174E-03
9.66916396090401E-03
1.00583099788554E-02
1.14287329934254E-02
1.32129942467854E-02
1.40438117606049E-02
2.72573941357911E-02
2.81849947329758E-02
2.71736467149197E-02
3.04465816869146E-02
3.09787511537172E-02
2.21261399612347E-02
2.10224457385323E-02
2.29725260662182E-02
2.17573331752306E-02
2.28194772136091E-02
1.65882772778848E-02
0.016512334805588
1.69241603862275E-02
1.83864478914702E-02
1.88227552560615E-02
2.09094715041487E-02
2.08196799257866E-02
2.12796529951537E-02
2.35017121074711E-02
2.03980864075992E-02
1.83698133760936E-02
1.87407502240948E-02
1.97481210220041E-02
0.020779500879967
2.11731291059887E-02
2.22399459320094E-02
2.26442969682297E-02
2.09525556744493E-02
1.98973592084051E-02
4.69816301439873E-02
5.07109099289942E-02
4.93058569337492E-02
4.25122161120982E-02
4.31874717957692E-02
3.36789836631515E-02
0.039761402431409
2.66373310847021E-02
2.45736899450062E-02
2.74236906043471E-02
2.61294380821115E-02
2.56414499007722E-02
2.51287935429805E-02
2.45915599460649E-02
2.58098307766313E-02
2.43454188443399E-02
2.83133420820254E-02
2.86733899071545E-02
4.77627811173868E-02
0.046455155933767
4.70187119834958E-02
5.24355223685886E-02
5.30524070514902E-02
0.056648685297058
5.12642651370143E-02
8.13189535679516E-02
8.01646579786919E-02
8.00012047856934E-02
8.08623667306556E-02
8.17203697908473E-02
0.083647597613632
8.45102790903716E-02
8.42752137223852E-02
8.40149124106881E-02
8.26130893265191E-02
8.34190324535362E-02
8.99124675545058E-02
8.96171402708439E-02
8.92968671977166E-02
0.107678447364125
0.108660506980096
0.109638519321759
0.110612464404911
0.121285133237374
0.122334863596132
0.123380109960982
0.12442085196015
0.125457069521807
0.126488742860776
0.12751585246602
0.128538379088867
0.12955630373192
0.130569607638628
0.131578272283464
0.132582279362677
0.133581610785591
0.134576248666415
8.54066904494144E-02
8.60273651394602E-02
4.53855022872654E-02
4.70925546935781E-02
5.30018004907393E-02
5.33689228925421E-02
5.37342161265143E-02
5.40976739267229E-02
5.44592900841615E-02
5.48190584450592E-02
5.66289985121667E-02
5.69944228875375E-02
5.58872160066108E-02
5.62395326946811E-02
6.85036498237022E-02
6.59288205637114E-02
6.93452332188012E-02
6.97625871010421E-02
7.01776398600346E-02
6.13829431534208E-02
6.01963427977923E-02
5.89899798354508E-02
5.77640002694718E-02
0.102047383253628
0.11050755688765
0.10952701053436
0.108525646136979
0.121944390958644
0.122591500987896
0.145935815607547
0.145062907764544
0.144168611619428
0.149839419069191
0.150590641333833
0.151337105223129
0.145394016241556
0.115871252182284
7.42429047123004E-02
7.45945709961249E-02
7.15373663214917E-02
7.01574377230013E-02
7.73545591689581E-02
7.77046526053477E-02
0.114476765948638
0.116725340818292
0.127734551000911
0.131801523140453
0.135894601851748
0.150647386969253
0.149496920357255
0.178707396700562
0.179436825423197
0.180160798550809
0.180879304317352
0.181592331042648
0.182299867132396
0.183001901078201
0.183698421457616
0.184389416934205
0.185074876257623
0.185754788263704
0.186429141874568
0.187097926098738
0.187761130031273
0.188418742853902
0.189070753835183
0.189717152330658
0.190357927783025
0.190993069722315
0.191622567766078
0.192246411619574
0.189007299254455
0.193477096016566
0.194083916410961
0.194685042317313
0.195280463882536
0.195870171342532
0.196454155022415
0.195062081283377
0.195628863661863
0.198171667975619
0.198732661578635
0.199287884373517
0.175856847958545
0.178339073171148
0.176808576575454
0.20145088614352
0.201977119699425
0.184272751396849
0.154289200166467
0.156711047285229
0.187701827966741
0.188159093161428
0.190661080552047
0.195222341269943
0.173020348790273
0.169289098183537
0.171741720545492
0.172124939798339
0.172503250789246
0.166628093731777
0.169070541701578
0.16942533037922
0.171871296467874
0.172220712486569
0.172565243376441
0.166579094994587
0.16478891343763
0.16510266507754
0.165411748555245
0.172089857139146
0.172401117081903
0.18123627962856
0.183688611828777
0.184003578035869
0.207888329753159
0.208231892024222
0.199968792225832
0.202440579952054
0.198442514321431
0.166341867371746
0.144956078346479
0.136502257115131
0.13669870713305
0.128199817813611
0.128376625141702
0.104582923254191
0.102539238008537
0.109224999805619
0.111549907953099
0.11825703928719
0.116206537307186
0.105367011067063
0.109882739688942
9.68045022204316E-02
0.149769225554203
0.152132139604132
0.156702488531767
0.154649574138076
0.152588018800441
0.141664004010653
0.146224194378918
0.155223224126937
0.155355874170347
0.168811433067176
0.164500143087042
0.173525439434203
0.173654027120725
0.155954439138191
0.135996189439413
0.136085458978385
0.133938650381899
0.134019043997474
0.131860800487188
0.122987979607345
0.111864974934182
0.114157994403603
0.109731712825191
0.10753879066082
0.109823617433397
0.105380731530396
0.123360940181885
0.143593419840364
0.139146985116148
0.114490065936743
0.16391699599364
0.222345223194821
0.217893270671065
0.217927125053972
0.217954963082455
0.217976784287561
0.224734627115142
0.224744716349067
0.224748601848878
0.224746283549117
0.22473776148884
0.224723035811615
0.193243811818346
0.193220478244688
0.193191810470087
0.199895872081328
0.199855165304896
0.224504426998771
0.224446288799936
0.224381951893806
0.224311417363909
0.224234686398074
0.224151760288395
0.224062640431177
0.223967328326899
0.223865825580154
0.223758133899598
0.22364425509789
0.223524191091633
0.2233979439013
0.223265515651176
0.223126908569275
0.22298212498727
0.180493245545733
0.180365970915625
0.180233699489508
0.171202782454603
0.157737610385172
0.166487895454926
0.166346936625108
0.172849416689273
0.166051174628695
0.108385632600909
0.108281487200215
9.49284962802058E-02
9.48318241539228E-02
9.47325148273448E-02
9.46305699667018E-02
0.120905337686362
6.36777822160768E-02
0.061410472232521
5.91466207235894E-02
5.90743511389524E-02
0.056815232296127
5.89248691597209E-02
5.88476592686418E-02
5.87688051576415E-02
5.65146671040162E-02
5.42649718352145E-02
5.20199029673381E-02
4.97796439359646E-02
4.97054860816075E-02
4.74721114394053E-02
4.30895574029156E-02
5.16257283619091E-02
3.86569033004447E-02
4.50256610895967E-02
4.28098431139475E-02
4.06000543791349E-02
3.83964767135331E-02
3.61992917189524E-02
3.61342233135516E-02
3.60681349859762E-02
3.60010278366586E-02
3.38192028071392E-02
3.37541285244805E-02
3.36880985512175E-02
3.36211139851643E-02
3.35531759395748E-02
3.34842855431068E-02
3.34144439397857E-02
3.33436522889674E-02
3.32719117653013E-02
3.52741750311115E-02
3.31255888742673E-02
2.68539447575165E-02
2.88535493472819E-02
2.87866409537002E-02
2.46162074935332E-02
2.45574461435217E-02
2.65394789793109E-02
2.64742961543243E-02
2.43769408530566E-02
2.43153686564385E-02
2.42530962612929E-02
2.21742809705066E-02
2.21159170800284E-02
2.20569141968589E-02
2.19972732931923E-02
1.79484507419575E-02
1.98873466940092E-02
1.78482537260728E-02
1.77973766745684E-02
1.57742059612921E-02
1.37620541848275E-02
1.37212766494253E-02
1.36800982793205E-02
1.36385197501749E-02
1.35965417438993E-02
1.35541649486377E-02
1.35113900587512E-02
9.62015555343048E-03
0.011506841831607
0.013380683857889
1.33363236569237E-02
1.51903644867055E-02
1.51387661669386E-02
1.50867186342898E-02
1.69135005808752E-02
1.87265991706189E-02
0.016793875453293
1.67333101595585E-02
1.48197727641069E-02
1.47650480431324E-02
1.10324101527225E-02
1.09907026079147E-02
1.09486640768078E-02
1.09062952434452E-02
9.05299733085689E-03
1.08205694319131E-02
8.98101153967404E-03
8.94460895731392E-03
1.06895208452303E-02
1.06451848519372E-02
1.06005234890221E-02
1.05555374817709E-02
1.05102275606365E-02
8.72049538437206E-03
6.94575928294145E-03
6.91490779742628E-03
8.60480293970129E-03
8.56570431279513E-03
8.52633950079348E-03
6.78936731424604E-03
6.75745110587903E-03
6.7253234938792E-03
8.36623125018283E-03
8.32554518769256E-03
6.62767747297238E-03
6.59470950129109E-03
6.56153277144632E-03
6.52814782344916E-03
6.49455520101691E-03
8.07594431450867E-03
8.03343640806679E-03
1.27850735612143E-02
1.43057676892014E-02
1.26469925327663E-02
1.10051711482881E-02
1.09438672479316E-02
1.24368088812398E-02
1.23659356925222E-02
1.38314907618406E-02
1.37508506363893E-02
0.012150896541545
1.20784142416397E-02
1.20055326451688E-02
1.04407213424204E-02
8.89393231085301E-03
8.83837817245325E-03
8.78252823649838E-03
8.72638344017348E-03
7.22495394034831E-03
7.17767754510863E-03
7.13015781532204E-03
5.66591644711426E-03
5.62751327275126E-03
5.58891738720933E-03
5.55012945466184E-03
4.13336260920979E-03
4.1039851028317E-03
4.07446508472092E-03
4.04480307298922E-03
4.01499959119122E-03
2.65670344568407E-03
3.95497034005203E-03
3.92474564691393E-03
5.19250884878063E-03
5.15183848416831E-03
5.11098384993972E-03
6.33743212939822E-03
6.2859060153399E-03
6.23415244243343E-03
7.41860687570089E-03
8.58195362808197E-03
7.29304427942468E-03
7.22986019235734E-03
7.16640924725945E-03
7.10269272040566E-03
7.0387119095272E-03
6.97446813487682E-03
6.90996274036069E-03
7.98606327719891E-03
7.91020135840702E-03
1.00723359859398E-02
1.32987054784066E-02
1.42643806943695E-02
1.41212823159837E-02
1.39776391533902E-02
1.38334546375966E-02
1.36887322812916E-02
1.35434756834037E-02
1.44282799596448E-02
1.42707111284095E-02
1.61286619413098E-02
1.89374200710871E-02
1.87213017279915E-02
1.85044372086356E-02
1.92492977708245E-02
1.99704421913101E-02
2.34860937976782E-02
2.41247811890493E-02
2.93206771668664E-02
4.97545967324475E-02
4.01827597917459E-02
0.037893111127789
3.73878225248038E-02
4.03118050435861E-02
3.21433191706135E-02
3.50288928659197E-02
3.37074040944929E-02
4.21308679683792E-02
2.23510949732655E-02
2.20154358376267E-02
2.16788915683537E-02
2.05792842205517E-02
2.02531045400416E-02
2.14021344509753E-02
1.81466350205813E-02
1.99835451679279E-02
2.03435975045597E-02
1.99891839924487E-02
2.03110638895688E-02
1.99429219839647E-02
1.82691320284706E-02
0.017924236573152
1.82065502495832E-02
1.72326692326684E-02
1.68860640073055E-02
1.59482816281611E-02
0.01561312774686
1.35800602874617E-02
1.16212781899835E-02
1.13597543856959E-02
1.05695406841776E-02
1.18681170129401E-02
1.10775896362116E-02
1.03119294233364E-02
1.00497531429467E-02
1.02536589794505E-02
9.97906753742997E-03
9.26347947882555E-03
9.00166150395777E-03
8.32388942653938E-03
8.47881533661974E-03
7.43526932525146E-03
7.57857544468553E-03
8.06417786755198E-03
8.14679677747768E-03
7.52176517607808E-03
6.5925610413491E-03
6.66545766989991E-03
6.71501976848081E-03
5.86220831863807E-03
5.3400643461539E-03
4.84329602126981E-03
5.14331821211454E-03
4.66157125424311E-03
5.13965212466307E-03
4.43998729643584E-03
3.9993549192134E-03
3.58398661725012E-03
3.19370495244239E-03
3.00506845624071E-03
2.98502940510905E-03
2.94648315311081E-03
2.60124113526844E-03
2.41483371536128E-03
2.23249911709325E-03
2.05457437344006E-03
1.9859408816442E-03
1.8085978204789E-03
1.37861957507069E-03
1.16204460587925E-03
9.67840387244229E-04
8.56441064075098E-04
8.57986503479222E-04
7.44110666404686E-04
6.37576661959053E-04
5.72460539182982E-04
4.76124009945254E-04
3.6590350885037E-04
2.74145445163522E-04
2.2786180182958E-04
1.83069495615154E-04
1.33525697539492E-04
9.32117432892054E-05
6.16462619152676E-05
3.13785395053045E-05
1.77905736636145E-05
1.03005821181123E-05
4.76937793051418E-06
3.07812861794291E-06
9.12087872706391E-07
1.56653307980012E-07
1.22372804674551E-08
2.75409778971965E-10
4.53008399534843E-13
6.52654027314902E-19
1.89569378049397E-38
0
0
0
0
0
0
0
0
0
0
0
0
0
0
0
0
0
0
0
0
0
0
0
0
0
0
0
0
0
0
0
0
0
0
0
0
0
0
0
0
0
0
0
0
0
0
0
0
0
0
0
0
0
0
0
0
0
0
0
0
0
0
0
0
0
0
0
0
0
0
0
0
0
0
0
0
0
0
0
0
0
0
0
0
0
0
0
0
0
0
0
0
0
0
0
0
0
0
0
0
0
0
0
0
0
0
0
0
0
0
0
0
0
0
0
0
0
0
0
0
0
0
0
0
0
0
0
0
0
0
0
0
0
0
0
0
0
0
0
0
0
0
0
0
0
0
0
0
0
0
0
0
0
0
0
0
0
0
0
0
0
0
0
0
0
0
0
0
0
0
0
0
0
0
0
0
0
0
0
0
0
0
0
0
0
0
0
0
0
0
0
0
0
0
0
0
0
0
0
0
0
0
0
0
0
0
0
0
0
0
0
0
0
0
0
0
0
0
0
0
0
0
0
0
0
0
0
0
0
0
0
0
0
0
0
0
0
0
0
0
0
0
0
0
0
0
0
0
0
0
0
0
0
0
0
0
0
0
0
0
0
0
0
0
0
0
0
0
0
0
0
0
0
0
0
0
0
0
0
0
0
0
0
0
0
0
0
0
0
0
0
0
0
0
0
0
0
0
0
0
0
0
0
0
0
0
0
0
0
0
0
0
0
0
0
0
0
0
0
0
0
0
0
0
0
0
0
0
0
0
0
0
0
0
0
0
0
0
0
0
0
0
0
0
0
0
0
0
0
0
0
0
0
0
0
0
""
