0
0
0
0
0
0
0
0
0
0
0
0
0
0
0
0
0
0
0
0
0
0
0
0
0
0
0
0
0
0
0
0
0
0
0
0
0
0
0
0
0
0
0
0
0
0
0
0
0
0
0
0
0
0
0
0
0
0
0
0
0
0
0
0
0
0
0
0
0
0
0
0
0
0
0
0
0
0
0
0
0
0
0
0
0
0
0
0
0
0
0
0
0
0
0
0
0
0
0
0
0
0
0
0
0
0
0
0
0
0
0
0
0
0
0
0
0
0
0
0
0
0
0
0
0
0
0
0
0
0
0
0
0
0
0
0
0
0
0
0
0
0
0
0
0
0
0
0
0
0
0
0
0
0
0
0
0
0
0
0
0
0
0
0
0
0
0
0
0
0
0
0
0
0
0
0
0
0
0
0
0
0
0
0
0
0
0
0
0
0
0
0
0
0
0
0
0
0
0
0
0
0
0
0
0
0
0
0
0
0
0
0
0
0
0
0
0
0
0
0
0
0
0
0
0
0
0
0
0
0
0
0
0
0
0
0
0
0
0
0
0
0
0
0
0
0
0
0
0
0
0
0
0
0
0
0
0
0
0
0
0
0
0
0
0
0
0
0
0
0
0
0
0
0
0
0
0
0
0
0
0
0
0
0
0
0
0
0
0
0
0
0
0
0
0
0
0
0
0
0
0
0
0
0
0
0
0
0
0
0
0
0
0
0
0
0
0
0
0
0
0
0
0
0
0
0
0
0
0
0
0
0
0
0
0
0
0
0
0
0
0
0
0
0
0
0
0
0
0
0
0
0
0
0
0
0
0
0
0
0
0
0
0
0
0
0
0
0
0
0
0
0
0
0
0
0
0
0
0
0
0
0
0
0
0
0
0
0
0
0
0
0
0
0
0
0
0
0
0
0
0
0
3.90031824411461E-70
1.05554923281542E-25
8.28105596441706E-17
6.33818685200043E-13
7.59799241441972E-11
1.66366479933107E-09
1.40892175601157E-08
6.29896427183814E-08
1.93786267592355E-07
4.98915786479514E-07
1.15527251369187E-06
2.32970487421551E-06
4.22710320939258E-06
6.64633458600921E-06
9.81791527381668E-06
1.39413295830628E-05
2.19514124882747E-05
3.12990702650983E-05
4.31939439910219E-05
5.52093754760426E-05
6.90476807502001E-05
8.47449260251526E-05
1.07436712190822E-04
1.33958417966219E-04
1.50273450722013E-04
1.66315915338675E-04
1.91350988554669E-04
2.07282270868184E-04
2.3446234590056E-04
2.078570641493E-04
2.31877251432882E-04
2.57128510490966E-04
2.64670782304286E-04
3.94165846920353E-04
4.30559889553298E-04
4.92981665289128E-04
5.34145880457389E-04
5.76666393020997E-04
7.13571260796656E-04
9.98387073427958E-04
1.21023975520892E-03
1.32894362660054E-03
1.37363560387903E-03
0.001458155280289
1.54446506733675E-03
1.68051399005468E-03
1.77284722092101E-03
1.76015111864972E-03
1.79418700081812E-03
1.88295629977407E-03
2.34301944305965E-03
2.45156387900611E-03
2.56158632936342E-03
2.60268833014533E-03
2.56590997151001E-03
2.44208526738998E-03
2.45991110346399E-03
2.4726260894933E-03
2.99322247884613E-03
3.01410388565779E-03
3.12147719905312E-03
3.51476562119071E-03
3.63360711410194E-03
3.65194556735062E-03
3.97877814152554E-03
4.10361682566807E-03
4.22931270952131E-03
3.32418773585201E-03
3.18539098278886E-03
3.51908385581713E-03
3.61737855842296E-03
3.8443526989646E-03
4.21026137476083E-03
4.3204225207167E-03
4.29263196012168E-03
4.54228404272412E-03
4.36307044502789E-03
4.46817838522765E-03
4.87860976775367E-03
5.30355502086478E-03
3.98824431516695E-03
5.21870639684891E-03
5.49947556904473E-03
5.44729100255829E-03
5.21445806025217E-03
5.67720162430373E-03
5.61159537256677E-03
5.72367762515451E-03
5.64776287078101E-03
5.75672282445423E-03
5.86590971820086E-03
5.37777980287706E-03
5.47642261692434E-03
5.36874614550827E-03
5.46405462109806E-03
5.5595076933827E-03
5.22008836280658E-03
1.06168787481319E-02
1.05689249080281E-02
0.010970910913053
9.29017367247991E-03
9.43806031881881E-03
9.34642105671952E-03
9.7341988237421E-03
9.88242590809648E-03
1.00307421583412E-02
9.92465746739471E-03
1.85896720230278E-02
0.019380803610443
1.96556364714316E-02
1.96611990099641E-02
2.02054662332369E-02
2.13107120666217E-02
2.24382560624944E-02
2.27354970042115E-02
1.52591657027107E-02
1.63308983867341E-02
1.38808237152442E-02
1.40553041983745E-02
1.36242005639336E-02
1.44040625018657E-02
1.48884967539913E-02
1.28691866700539E-02
1.27034385405689E-02
1.25301889173872E-02
1.36493781822352E-02
1.38045878502514E-02
1.36272972872545E-02
1.41146177257462E-02
1.18911849177076E-02
9.27261970340329E-03
9.02482880208952E-03
9.12036533392649E-03
9.21579431793958E-03
1.00273505256322E-02
1.12152175616955E-02
1.13285813420844E-02
1.18108858434052E-02
9.69116904635816E-03
8.65672183744461E-03
8.3603484822932E-03
9.20752805134177E-03
8.90726842851613E-03
8.99052291933903E-03
7.4956165012074E-03
7.56416377439523E-03
8.43602353724745E-03
8.51152168842239E-03
8.17798377624894E-03
7.01217973335445E-03
7.90507030534152E-03
7.97286669899668E-03
7.61734291083899E-03
8.10805351604966E-03
8.17543881663345E-03
8.24268201340985E-03
7.87242374431124E-03
8.37673217442019E-03
9.77672386668451E-03
8.51018443722675E-03
7.67387190389634E-03
9.55281121968291E-03
9.16757899643069E-03
9.23707281805265E-03
1.11676734189355E-02
1.07818729761455E-02
1.03889632872551E-02
1.04646336038332E-02
9.10281735986543E-03
7.23775425480965E-03
7.28893425874899E-03
7.33997309690652E-03
7.39086911304192E-03
7.44162066707086E-03
7.99170787708864E-03
9.05122068899404E-03
9.11159087027821E-03
8.15269334364618E-03
7.18027818411427E-03
7.22680597862803E-03
7.2731886268099E-03
7.31942470934491E-03
7.89162087836941E-03
6.35267276954941E-03
5.85925965592321E-03
5.89511642003634E-03
5.39168418029602E-03
5.42406103095989E-03
4.91069371067845E-03
5.48847917899485E-03
4.96846673683081E-03
4.9971993028278E-03
5.02582813115522E-03
5.05435240090998E-03
5.64752366458004E-03
5.11108401566217E-03
3.99722536356315E-03
4.01907933535136E-03
4.6181129953001E-03
3.48217145401043E-03
2.91723729254164E-03
2.93260343806589E-03
2.94790755846795E-03
2.37051938726093E-03
2.38266243889722E-03
2.3947548713598E-03
2.40679635698752E-03
3.02348321344112E-03
3.03840648779285E-03
3.05326486948612E-03
3.68166955428998E-03
4.31589952024819E-03
4.95591473320522E-03
4.97926653539726E-03
5.0025113864923E-03
5.02564867670238E-03
5.04867780106084E-03
5.07159815937962E-03
4.45760801168185E-03
3.83783265059363E-03
3.21231294189657E-03
3.87163507009543E-03
3.88841083738233E-03
3.90510240287701E-03
3.92170934070421E-03
3.93823122834764E-03
3.95466764662535E-03
3.97101817966585E-03
3.9872824148849E-03
4.00345994296294E-03
3.34962529818598E-03
3.36296104717531E-03
4.05146823967012E-03
4.0672949105288E-03
4.08303287587412E-03
4.09868174553614E-03
4.7999479878804E-03
4.12971065273261E-03
4.14508992547623E-03
4.1603785729207E-03
4.17557622034256E-03
4.19068249605806E-03
4.20569703140776E-03
4.22061946074154E-03
3.52954118450337E-03
4.25018655372058E-03
4.26483050098342E-03
4.27938090943845E-03
3.57819785689357E-03
3.5901664246664E-03
3.6020561737095E-03
3.61386681896861E-03
3.62559807780008E-03
2.90979973596919E-03
2.91905705408217E-03
2.92825019620571E-03
2.20303420789991E-03
2.20983231036365E-03
2.95544239136786E-03
2.96437666370359E-03
2.97324568655491E-03
3.72756156356707E-03
4.48618072409243E-03
4.49918876524765E-03
4.51209769450428E-03
3.77075600782617E-03
3.02507800680105E-03
3.79185566665289E-03
3.80228023711236E-03
3.81262097699636E-03
3.82287764570117E-03
3.06644000391785E-03
3.84313781852442E-03
4.6237690233433E-03
5.40828242660311E-03
4.64746999118224E-03
4.65916677032808E-03
4.67076071906638E-03
3.90187630861764E-03
4.69363905978073E-03
5.48907674664156E-03
5.50212006056965E-03
4.72717875353413E-03
5.52784190634016E-03
5.54051984936391E-03
4.75977893008964E-03
4.77043570877259E-03
3.9841559222747E-03
4.79143288354693E-03
5.60206826836161E-03
4.81200662531438E-03
5.62582314307314E-03
7.24823259531991E-03
7.26310383122308E-03
8.08646061638318E-03
8.10262714767103E-03
8.11861459627679E-03
8.94786486104542E-03
9.78006096575954E-03
9.79859862634316E-03
9.81691968506447E-03
9.83502372931129E-03
9.85291035168149E-03
9.87057914997856E-03
9.88802972720734E-03
1.15561386401648E-02
0.011575987099205
1.15955796138778E-02
1.16149157452487E-02
1.08029954132555E-02
9.98812897077588E-03
1.00040413207443E-02
1.00197324604662E-02
1.17077357128547E-02
1.25630621411615E-02
1.25818439255779E-02
1.26003474841595E-02
1.43010487254139E-02
1.43213873859781E-02
1.34977970302094E-02
1.26715713141999E-02
1.26886776905118E-02
1.35525370291423E-02
1.18739117127137E-02
1.44367532824816E-02
1.44548659358557E-02
0.013621326046213
1.27854104585621E-02
1.45072843357563E-02
1.45241159926255E-02
1.96726122576163E-02
1.54130986023142E-02
1.54298989279516E-02
1.54463580247317E-02
1.46034491108733E-02
1.46183482473511E-02
1.37721638625989E-02
1.29239791405874E-02
1.20738509286287E-02
1.20850543191834E-02
0.012959989774308
1.12418977340938E-02
1.03860514379755E-02
0.010394736827337
1.04031923468964E-02
1.12790359615364E-02
1.21559818773227E-02
1.39029038030537E-02
1.30433901046792E-02
1.30525194581461E-02
1.39321175202348E-02
0.012198584590965
1.22062966013024E-02
1.22137386919347E-02
1.22209106995416E-02
1.31012276429623E-02
1.31083326880796E-02
1.22408046804341E-02
1.39964512479647E-02
1.13775203223481E-02
1.13826724206608E-02
1.13875728209993E-02
1.13922214159869E-02
0.01227328103484
1.31547262939249E-02
1.31592177439311E-02
1.31634182175586E-02
1.31673276228306E-02
0.015805135048984
1.40525577518039E-02
1.40557958447903E-02
1.31800529442319E-02
1.23036721280444E-02
1.49426229088814E-02
1.49447421148163E-02
1.49465308697716E-02
0.015827282613114
1.58284766937362E-02
1.75881342041491E-02
1.67092490237869E-02
2.02271697383235E-02
2.02269065645939E-02
2.02261961449426E-02
2.19837374944701E-02
0.01846487419289
2.28589531297901E-02
0.02285612800364
0.023731751243366
2.46065741089366E-02
2.37232598792865E-02
2.45966801708464E-02
2.45909173334762E-02
2.54626325605351E-02
2.54555377153785E-02
2.28153406905102E-02
2.28079706623458E-02
2.28000963044707E-02
1.75320906071788E-02
1.57727321310764E-02
1.83939396030782E-02
0.018385951654102
2.01278006855716E-02
2.18675669855166E-02
2.27308704472942E-02
2.35927750735763E-02
2.44532231484657E-02
2.35664910079732E-02
0.02355256714059
2.44099047667654E-02
2.70080694515022E-02
2.43783264155748E-02
2.61018518924872E-02
3.65168875917041E-02
0.033015101203789
6.59807670972167E-02
6.67973710274207E-02
6.84779487766195E-02
6.92881170185311E-02
6.74991949512638E-02
6.74409831211892E-02
6.73812798842706E-02
6.81831645879591E-02
6.81196788983752E-02
6.89161385084407E-02
6.97094096480553E-02
6.87799382316227E-02
6.87095557651907E-02
0.070353595151502
6.51360222453594E-02
7.87626924644634E-02
7.86747740732342E-02
7.43141855968851E-02
7.33745640097428E-02
8.52180299994714E-02
8.51149149441334E-02
8.33097192420405E-02
8.15069186641076E-02
8.05545710889679E-02
8.21431455934004E-02
8.11883063157438E-02
7.68556691978899E-02
8.43405385697413E-02
8.42224326898163E-02
8.41024643248547E-02
8.39806361440725E-02
0.083856950859632
8.37314112266625E-02
8.36040200432805E-02
7.34578065325392E-02
6.33412077689417E-02
6.32401820210051E-02
3.90457187186816E-02
2.65406053812023E-02
2.64963048003353E-02
2.23183842555222E-02
2.64059471166656E-02
2.63598920391408E-02
2.71355433707893E-02
2.70868481603085E-02
0.027037554128187
2.53520464809964E-02
2.44883400432951E-02
2.36271702278618E-02
2.27685921438662E-02
0.03084004108742
3.56390370185637E-02
3.47594067996404E-02
3.63024277235152E-02
3.30076693611556E-02
3.37424558542306E-02
3.36714316293052E-02
3.19996794333938E-02
3.03340906396539E-02
2.94712941786216E-02
2.94061121913772E-02
3.01332611775108E-02
3.24385362065312E-02
3.23641531007548E-02
3.07139793674475E-02
2.98561776625497E-02
2.97852546297217E-02
2.97136739629869E-02
2.57412481866017E-02
2.64560677586541E-02
2.48378969924051E-02
2.40011855390324E-02
2.23956042844274E-02
2.07974412504061E-02
1.99750718181412E-02
1.76237830396676E-02
1.52842795842349E-02
1.44810336998103E-02
1.44416824851787E-02
1.51600135546874E-02
1.51179218943412E-02
1.43217221863704E-02
1.80392879735743E-02
2.32339601568164E-02
2.39139732103073E-02
2.38439769987017E-02
2.22876147685359E-02
2.29617107858581E-02
0.02363084481594
2.13501248812943E-02
4.03668269472776E-02
3.87778353228178E-02
3.57384510246585E-02
3.41708321629355E-02
3.55105862535196E-02
0.018781276232426
1.87197880248183E-02
0.017940277633423
1.78803652488027E-02
1.63944556262968E-02
1.70489901396372E-02
1.34506924268068E-02
1.19930282704113E-02
1.19509636406953E-02
1.12081291270692E-02
1.11680470304752E-02
1.18232029953152E-02
1.24730442210329E-02
1.31175262332279E-02
1.30687745749991E-02
1.23344880115563E-02
1.22877622919178E-02
1.15607256438266E-02
1.08386731421039E-02
1.14712036472845E-02
1.14260670611886E-02
1.20501334377843E-02
1.26685834366566E-02
1.26173059460184E-02
0.011904398631706
1.18553013761105E-02
1.11500607577937E-02
1.04500762728075E-02
1.04057511128685E-02
9.06605041941993E-03
9.67164891512969E-03
8.34553472152372E-03
8.94793126064887E-03
8.90817032912773E-03
7.60132899721125E-03
7.56691954180553E-03
7.53234709603514E-03
7.49761256144521E-03
8.70650298788667E-03
9.28457608493401E-03
8.62451980633157E-03
8.58325045483067E-03
8.54179738588975E-03
8.50016170273679E-03
7.85417705192771E-03
7.81517931173607E-03
7.17786011463245E-03
7.1415558896505E-03
7.1050999818155E-03
6.47945226822605E-03
6.44575900397467E-03
5.82902677138227E-03
5.79814957641944E-03
4.03700512757291E-03
4.01522061525086E-03
0.004563830599516
3.97139921866454E-03
3.38516877065082E-03
3.92724543930046E-03
3.90504546799105E-03
4.43744489813397E-03
4.96337468447627E-03
5.48280121774517E-03
5.99569126592518E-03
5.96017764683179E-03
7.00173088993838E-03
6.95947193065937E-03
6.91707068286924E-03
6.34571853090476E-03
6.83184638067309E-03
8.35572416501395E-03
7.78392486338616E-03
7.21858811834645E-03
7.17203480356244E-03
7.12533802957084E-03
7.07849924450081E-03
7.53377133222508E-03
8.48105896653699E-03
8.91918708359435E-03
9.84250490979523E-03
9.77460971796696E-03
9.2211982614486E-03
9.15633885400853E-03
9.0913031322299E-03
8.5510357009694E-03
8.4890949561335E-03
1.21723237013868E-02
1.25470993825654E-02
1.24534737628023E-02
1.51061977555112E-02
0.014082645982256
1.71298639431929E-02
1.65495325223791E-02
1.55321367329377E-02
1.49687732237956E-02
1.61591169983028E-02
1.47288010538719E-02
1.50380854094131E-02
1.40616854208114E-02
1.39443629355508E-02
1.38268032189664E-02
1.41244353240828E-02
1.52383828224028E-02
1.51058058980686E-02
1.57823339295663E-02
1.56420787064666E-02
1.55015759144624E-02
1.45730963266234E-02
1.28783350694697E-02
0.0154652713795
1.72352358192714E-02
0.020106774300488
1.61566273456497E-02
1.74883549261512E-02
1.98960124958976E-02
1.89691702887927E-02
1.55287622101759E-02
1.57287525746736E-02
1.52136081326462E-02
1.89072225221305E-02
2.14804304291324E-02
2.09095454268362E-02
1.69548282589292E-02
1.67705067518367E-02
1.92397791178016E-02
3.28027338766875E-02
3.24331355453912E-02
3.20632575862938E-02
3.16931199492936E-02
3.13227429259424E-02
3.09521471600599E-02
3.05813536587719E-02
3.02103838039889E-02
2.98392593643471E-02
2.94680025076321E-02
2.90966358137068E-02
2.87251822879675E-02
2.83536653753515E-02
2.79821089749233E-02
2.76105374550652E-02
2.72389756692994E-02
2.68674489727743E-02
2.64959832394445E-02
2.61246048799751E-02
2.57533408604096E-02
0.025382218721634
1.77579992857704E-02
1.13346360935662E-02
9.70799522160398E-03
9.55988842931218E-03
1.03530869386777E-02
1.01904375803673E-02
1.00279433588426E-02
9.86561877191942E-03
1.91864237265309E-02
1.88662233593121E-02
1.74805607951911E-02
1.31989570617611E-02
1.27622391637096E-02
1.27375850152845E-02
1.74707819128771E-02
0.017149980302684
6.50242803701994E-03
6.37898709725105E-03
6.07182601715513E-03
6.4937056253942E-03
6.54070015640628E-03
6.40766389974026E-03
5.76621215911628E-03
8.30096453286459E-03
7.31047803656978E-03
6.1971911442375E-03
6.3698275122738E-03
6.52884309448628E-03
6.52602102068601E-03
6.2271543879296E-03
7.06654159437723E-03
8.68512719101736E-03
5.9137404642503E-03
5.63143497297972E-03
5.73934947476436E-03
6.20682023548621E-03
5.91676324546732E-03
5.63440666511279E-03
5.24569338994989E-03
5.42484499909049E-03
7.41110094954963E-03
8.01771087511313E-03
7.76688286216397E-03
6.63922717859572E-03
6.51555675596154E-03
5.65735288474811E-03
6.95947022843496E-03
6.20282872481413E-03
6.05881343446145E-03
5.83212826891036E-03
5.83517883319427E-03
5.82273007816107E-03
5.86501531448133E-03
5.5523153494455E-03
5.31256512012468E-03
4.52564840172398E-03
2.15890179703766E-03
2.05654320400272E-03
1.79722992843834E-03
1.55566554192647E-03
1.47414835893442E-03
1.52907392149716E-03
1.52796268989301E-03
1.63864913269718E-03
1.4642822405127E-03
1.44243792903475E-03
1.31505282582351E-03
1.2253041840799E-03
1.13810007408196E-03
1.1062085570562E-03
1.70046280728029E-03
1.51755241935517E-03
1.12280042957922E-03
1.04090251762867E-03
9.2610755464299E-04
1.19837059031976E-03
1.07302968159292E-03
9.54381751314098E-04
8.42594988959058E-04
7.28485565310445E-04
6.40211404671015E-04
5.56832268810755E-04
4.72807900446285E-04
3.96301159064781E-04
3.27330074682881E-04
2.59216965004581E-04
2.06517052176895E-04
1.54705825050305E-04
1.11160031037711E-04
7.60526258061955E-05
5.55962154115051E-05
3.21991291988885E-05
2.196475130756E-05
2.0813492330475E-05
1.14810637057249E-05
5.9739453483543E-06
2.70195665787014E-06
1.02224365263978E-06
2.92030321582221E-07
5.95060255144244E-08
6.36272354930237E-09
2.30169407961832E-10
1.12791301761638E-12
5.65023563695633E-17
8.71769386424256E-28
5.27833258086252E-106
0
0
0
0
0
0
0
0
0
0
0
0
0
0
0
0
0
0
0
0
0
0
0
0
0
0
0
0
0
0
0
0
0
0
0
0
0
0
0
0
0
0
0
0
0
0
0
0
0
0
0
0
0
0
0
0
0
0
0
0
0
0
0
0
0
0
0
0
0
0
0
0
0
0
0
0
0
0
0
0
0
0
0
0
0
0
0
0
0
0
0
0
0
0
0
0
0
0
0
0
0
0
0
0
0
0
0
0
0
0
0
0
0
0
0
0
0
0
0
0
0
0
0
0
0
0
0
0
0
0
0
0
0
0
0
0
0
0
0
0
0
0
0
0
0
0
0
0
0
0
0
0
0
0
0
0
0
0
0
0
0
0
0
0
0
0
0
0
0
0
0
0
0
0
0
0
0
0
0
0
0
0
0
0
0
0
0
0
0
0
0
0
0
0
0
0
0
0
0
0
0
0
0
0
0
0
0
0
0
0
0
0
0
0
0
0
0
0
0
0
0
0
0
0
0
0
0
0
0
0
0
0
0
0
0
0
0
0
0
0
0
0
0
0
0
0
0
0
0
0
0
0
0
0
0
0
0
0
0
0
0
0
0
0
0
0
0
0
0
0
0
0
0
0
0
0
0
""
