0
0
0
0
0
0
0
0
0
0
0
0
0
0
0
0
0
0
0
0
0
0
0
0
0
0
0
0
0
0
0
0
0
0
0
0
0
0
0
0
0
0
0
0
0
0
0
0
0
0
0
0
0
0
0
0
0
0
0
0
0
0
0
0
0
0
0
0
0
0
0
0
0
0
0
0
0
0
0
0
0
0
0
0
0
0
0
0
0
0
0
0
0
0
0
0
0
0
0
0
0
0
0
0
0
0
0
0
0
0
0
0
0
0
0
0
0
0
0
0
0
0
0
0
0
0
0
0
0
0
0
0
0
0
0
0
0
0
0
0
0
0
0
0
0
0
0
0
0
0
0
0
0
0
0
0
0
0
0
0
0
0
0
0
0
0
0
0
0
0
0
0
0
0
0
0
0
0
0
0
0
0
0
0
0
0
0
0
0
0
0
0
0
0
0
0
0
0
0
0
0
0
0
0
0
0
0
0
0
0
0
0
0
0
0
0
0
0
0
0
0
0
0
0
0
0
0
0
0
0
0
0
0
0
0
0
0
0
0
0
0
0
0
0
0
0
0
0
0
0
0
0
0
0
0
0
0
0
0
0
0
0
0
0
0
0
0
0
0
0
0
0
0
0
0
0
0
0
0
0
0
0
0
0
0
0
0
0
0
0
0
0
0
0
0
0
0
0
0
0
0
0
0
0
0
0
0
0
0
0
0
0
0
0
0
0
0
0
0
0
0
0
0
0
0
0
0
0
0
0
0
0
0
0
0
0
0
0
0
0
0
0
0
0
0
0
0
0
0
0
0
0
0
0
0
0
0
0
0
0
0
0
0
0
0
0
0
0
0
0
0
0
0
0
0
0
0
0
0
0
0
0
0
0
0
0
0
0
0
0
0
0
0
0
0
0
0
0
0
0
0
0
0
0
0
0
0
0
0
0
0
0
0
0
0
0
0
0
0
0
0
0
0
0
0
0
0
0
0
0
0
0
0
0
0
0
0
0
0
0
0
0
0
0
0
0
0
0
0
0
0
0
0
0
0
0
0
0
0
0
0
0
0
5.97556755498544E-32
3.5640780285206E-17
3.85076498192302E-12
1.47531810869656E-09
4.97650712776898E-08
5.67203159741949E-07
3.21514981059833E-06
1.00711620341127E-05
2.84090660969396E-05
6.32504256022707E-05
1.34836588182676E-04
2.40227065655243E-04
3.93061369441973E-04
6.296251447104E-04
9.52627778486314E-04
1.52231708593877E-03
2.27373279773437E-03
2.9102435115391E-03
3.43896372384915E-03
4.20091418080934E-03
5.26449413244268E-03
6.21389380419613E-03
7.23359136191099E-03
8.67686162325829E-03
9.77101093121642E-03
1.10129987069798E-02
1.14112193644372E-02
1.29425861557015E-02
1.39467222640966E-02
1.20126243164267E-02
1.30828953335892E-02
1.53927120693181E-02
1.66048651704519E-02
1.80729507650422E-02
1.93416858465635E-02
2.11631385200725E-02
2.19279517882335E-02
2.32415763211224E-02
2.45665046964727E-02
2.48920051374439E-02
2.65363767831452E-02
2.56229896132387E-02
2.60596667988688E-02
0.022363618265664
4.20073847502422E-02
4.24372867401702E-02
4.27626946696682E-02
4.44152231188525E-02
0.045572456605273
4.72065166650975E-02
3.39750085450238E-02
3.51091813531013E-02
3.39763120205933E-02
2.39409665840088E-02
2.52645838081683E-02
2.53831716871831E-02
2.61011482342089E-02
2.61627291880117E-02
2.68584939881315E-02
3.03068525675222E-02
3.10663839818472E-02
2.02508757673527E-02
2.14705414126069E-02
2.27221642977353E-02
3.02003996185634E-02
0.03165010625058
3.15141020453775E-02
3.05165358325218E-02
3.02905125933861E-02
3.00281857167618E-02
3.06041777689667E-02
2.76139546943891E-02
2.90256029814362E-02
2.95435596082749E-02
2.44225887625446E-02
2.57939545506581E-02
2.62234669438736E-02
2.66504404456342E-02
2.70748610511386E-02
0.025459922621394
2.48142184806346E-02
2.62339719812484E-02
2.55527023760402E-02
2.69984168151948E-02
2.40917794294578E-02
2.44228244342914E-02
2.47517385671748E-02
2.27986538613733E-02
5.08063289987071E-02
5.02819970252644E-02
5.20920870255555E-02
5.39269279243129E-02
5.57862280086411E-02
4.90805926350338E-02
0.053371100832777
5.52316536969404E-02
5.33082592088407E-02
5.38913208949837E-02
5.44703122313552E-02
4.45604297691362E-02
4.36983630298145E-02
0.046819084400209
4.99902153215096E-02
5.04824023960928E-02
7.57677415303821E-02
6.11910269924042E-02
6.03599148828157E-02
6.37486560199824E-02
4.71721415369242E-02
4.61499257904171E-02
0.048008926988554
4.84225938874981E-02
4.58735331971148E-02
4.47640887274291E-02
4.51315845950358E-02
4.54962333213944E-02
4.12722349227997E-02
4.00547375903527E-02
4.19158219400215E-02
4.69264343389642E-02
4.72769052262148E-02
0.065086887555214
6.07612120565834E-02
6.11944236007274E-02
6.16240715131462E-02
9.14423413958988E-02
9.86410959835176E-02
8.77173396251024E-02
8.99627416131104E-02
9.05480657727563E-02
9.78786110191238E-02
0.105289359689625
0.124740632980801
0.12894324783887
0.127991739897894
0.130492522173878
0.134756927207364
0.135534414484163
0.138074983452432
0.138848169141877
0.134244389657614
0.124176095986008
0.130268874239791
0.130956072250431
0.126151795387188
0.128635335541241
0.144059501774993
0.144775337763028
0.136158130479407
0.131192189802759
0.160061540473254
0.162702398028373
0.152048672384227
0.152738973536259
0.15342197568107
4.04506417771575E-02
3.86915248425149E-02
3.69139668307111E-02
3.70692552753887E-02
3.72228147829781E-02
3.54075595294998E-02
3.55497633680157E-02
3.76731276929627E-02
3.98102940088012E-02
4.19609905809077E-02
4.21192664341957E-02
3.82493858354037E-02
3.63686596142174E-02
3.64994269748386E-02
3.86634830379916E-02
4.08400753683348E-02
4.30289327062005E-02
4.72856831392494E-02
5.15677801765925E-02
5.17358159814694E-02
4.56733988849655E-02
4.99824976175652E-02
5.01372985060102E-02
4.81945154612269E-02
5.46437559000446E-02
4.84808198359537E-02
4.65069037414339E-02
4.87588097176093E-02
4.88946875827941E-02
4.68968144328336E-02
4.91602107080186E-02
4.92898565307186E-02
4.94174255391516E-02
4.52348381478747E-02
4.75069282215189E-02
4.54583110257649E-02
4.12274704851392E-02
0.041324278125996
3.48794704242647E-02
3.93278680592505E-02
3.94147077233769E-02
3.51110429497506E-02
3.07871782822996E-02
2.86472930267781E-02
2.64972176972839E-02
3.53995970491466E-02
3.10346113106889E-02
3.55352141311372E-02
3.56008578456188E-02
3.78941245392137E-02
2.90288503316551E-02
2.90786681888408E-02
2.68867509499703E-02
2.69305720291004E-02
2.69733108046732E-02
2.47637200087072E-02
2.25462845539015E-02
0.022579194460453
2.26112024534033E-02
2.26423085296075E-02
2.04052614159271E-02
1.58912704380892E-02
1.59111506426573E-02
1.36546281315336E-02
1.36705859689794E-02
1.36860026283632E-02
1.82678374706355E-02
2.05728185785866E-02
2.05935082037883E-02
2.29037622428526E-02
1.83399573432297E-02
2.06507061694979E-02
2.06681484815603E-02
2.06847789351899E-02
2.30006639092264E-02
0.023017338021046
2.30331100281507E-02
1.84383839342034E-02
1.84495581419439E-02
2.07675119656581E-02
2.07784590835291E-02
2.30984380593637E-02
2.31087971844654E-02
2.08064287125536E-02
2.08141279849065E-02
2.08210152756148E-02
2.08270905779122E-02
2.31470598730657E-02
2.54672063480625E-02
2.54716543861183E-02
3.24228672345467E-02
3.01098591136485E-02
3.01115971733549E-02
3.24284825024328E-02
2.77952811360569E-02
2.77936374416365E-02
3.01068203186612E-02
3.01026938377703E-02
3.00973944566674E-02
3.00909221807586E-02
3.23973752486452E-02
3.23878788927774E-02
3.23771194441888E-02
2.31179263667465E-02
2.31084366515666E-02
2.07882402769985E-02
2.07780756106095E-02
2.07670989965971E-02
2.53676016548201E-02
2.53522010692582E-02
2.53358081412643E-02
2.30167480768397E-02
0.025300045313114
2.52806754414276E-02
2.29639211673543E-02
0.025238958855872
2.52166121716013E-02
2.51932732460642E-02
2.74570277388067E-02
2.51436187295269E-02
0.022833911969973
2.28090867452821E-02
2.27833595463919E-02
2.27567303844578E-02
2.27291992698694E-02
2.72409194545546E-02
2.49385743416976E-02
0.027169433160004
2.71320665508356E-02
2.25780147014523E-02
2.25450720303568E-02
2.02601047024061E-02
2.02288328561212E-02
2.01967492862058E-02
1.79234257674958E-02
2.01301469564576E-02
2.00956281816642E-02
2.00602976530051E-02
1.77992492060782E-02
1.77664011348957E-02
1.77328314608214E-02
1.76985401638979E-02
1.76635272212405E-02
1.54243185310132E-02
1.31935022186662E-02
1.09713489016348E-02
1.09476615148562E-02
1.09235229968376E-02
1.08989333200444E-02
1.30486709452044E-02
0.01301808044022
1.29869484262428E-02
1.29552748568448E-02
1.29230596818732E-02
1.71870704630566E-02
1.92855064425363E-02
1.70975519503771E-02
1.70517090452118E-02
1.91307865307988E-02
1.90775873951003E-02
2.11373057194977E-02
2.10763885103482E-02
2.31160243033945E-02
2.51422112077298E-02
2.50658564564463E-02
2.70707846373733E-02
2.69857156566237E-02
2.48302805769486E-02
2.26871186115177E-02
2.26121510976813E-02
2.45849320696735E-02
2.65427242840762E-02
2.44159334664329E-02
2.02748361322649E-02
2.02021546668137E-02
0.020128566530127
2.00540714131657E-02
2.19765358923349E-02
0.019902358932598
1.98251408801368E-02
1.97470144689456E-02
1.77011813852743E-02
1.95880350264342E-02
1.95071811834489E-02
0.019425417357648
2.12770174119841E-02
0.023110989541742
1.91746614245154E-02
1.90892530209339E-02
1.71026390000621E-02
1.70241286423057E-02
1.69447961449739E-02
0.014990791991089
1.67836626414091E-02
1.67018605452595E-02
1.66192341290945E-02
1.65357828017776E-02
1.64515059531874E-02
1.45479137368451E-02
1.44715316935006E-02
1.43944141229112E-02
1.43165604129954E-02
1.42379699337414E-02
1.59284722916756E-02
1.58383980636376E-02
1.57474927210637E-02
1.56557554729153E-02
1.72924283414667E-02
0.018907511322978
2.05007254292035E-02
2.03739611652775E-02
1.85589085029717E-02
1.84406628283877E-02
1.83213928999426E-02
1.98557427800933E-02
2.13670075038927E-02
2.12224122828503E-02
1.78340469002066E-02
1.77096376837128E-02
1.59856334932071E-02
1.58706573360517E-02
1.57547409435147E-02
1.56378830916226E-02
1.39680742861241E-02
1.54013380338352E-02
1.52816483039316E-02
1.51610120696847E-02
1.35354852361539E-02
1.34252054246347E-02
1.33140702535241E-02
1.02682833127346E-02
1.16348703290424E-02
1.29755208022797E-02
1.14319577058057E-02
1.13293536053977E-02
1.12259829425913E-02
1.52925364707635E-02
1.51482896145506E-02
1.09112615561474E-02
1.08048147227929E-02
9.3603969241828E-03
1.05896059612687E-02
1.17909476020854E-02
1.03713047483747E-02
1.02609925306085E-02
1.01499049847823E-02
1.00380415060695E-02
9.92540156845214E-03
9.81198473423299E-03
9.69779066437086E-03
9.58281912970756E-03
0.009467070023162
9.35054337297212E-03
9.23323935707336E-03
7.97576352887081E-03
8.99630078338043E-03
8.8766674772409E-03
1.09453241838419E-02
1.07938469774641E-02
9.57726409148634E-03
9.43919916540383E-03
9.30026982515471E-03
9.16047878736054E-03
8.01762595411947E-03
7.8918441549351E-03
7.76530608383675E-03
6.68326392060441E-03
6.57123105032665E-03
5.53589901812548E-03
5.43876217801975E-03
6.2312579350779E-03
6.99047032519452E-03
7.71613787646265E-03
7.56720395147982E-03
0.007417488784723
7.26700503939611E-03
7.11576670696913E-03
6.19003486727365E-03
6.05430187514353E-03
5.9179436344053E-03
5.78097845548845E-03
6.34885476544902E-03
6.19347344933393E-03
6.03748407984039E-03
5.88091655191978E-03
5.72380362383066E-03
5.56618117207363E-03
5.4080884689583E-03
4.66628309755813E-03
0.003959408612835
3.83556370223956E-03
3.18129141828421E-03
2.56234656258592E-03
2.96824407172642E-03
2.86162478094017E-03
3.21417977679595E-03
3.08987178052623E-03
2.96571217214836E-03
2.84178154726228E-03
2.71816774942356E-03
2.96567597728914E-03
3.17864822204243E-03
3.35746796322357E-03
3.50259910153704E-03
3.31337817778799E-03
3.40994261418365E-03
3.47461031155927E-03
3.25764570711089E-03
3.04355438765446E-03
0.00305060814203
2.82746727640664E-03
2.98138817958361E-03
2.73696799628837E-03
2.34256604408024E-03
2.12563196219532E-03
2.0434618428815E-03
1.8278185901902E-03
1.41851540736123E-03
1.24622912907623E-03
1.23791295018683E-03
1.06290695938814E-03
9.00023047618551E-04
7.50003850282338E-04
6.13526767936881E-04
4.91168166546063E-04
3.83359989905052E-04
3.44777533409895E-04
2.65112398591106E-04
1.85358121302225E-04
1.28935132849395E-04
7.98537608886736E-05
4.75580014531237E-05
2.19901644371139E-05
1.01256967313032E-05
3.62214740925137E-06
1.01496071132294E-06
1.75612104788909E-07
1.44620009499726E-08
3.70086634884914E-10
1.03961801537186E-12
5.71325248034195E-18
1.62759823458306E-33
0
0
0
0
0
0
0
0
0
0
0
0
0
0
0
0
0
0
0
0
0
0
0
0
0
0
0
0
0
0
0
0
0
0
0
0
0
0
0
0
0
0
0
0
0
0
0
0
0
0
0
0
0
0
0
0
0
0
0
0
0
0
0
0
0
0
0
0
0
0
0
0
0
0
0
0
0
0
0
0
0
0
0
0
0
0
0
0
0
0
0
0
0
0
0
0
0
0
0
0
0
0
0
0
0
0
0
0
0
0
0
0
0
0
0
0
0
0
0
0
0
0
0
0
0
0
0
0
0
0
0
0
0
0
0
0
0
0
0
0
0
0
0
0
0
0
0
0
0
0
0
0
0
0
0
0
0
0
0
0
0
0
0
0
0
0
0
0
0
0
0
0
0
0
0
0
0
0
0
0
0
0
0
0
0
0
0
0
0
0
0
0
0
0
0
0
0
0
0
0
0
0
0
0
0
0
0
0
0
0
0
0
0
0
0
0
0
0
0
0
0
0
0
0
0
0
0
0
0
0
0
0
0
0
0
0
0
0
0
0
0
0
0
0
0
0
0
0
0
0
0
0
0
0
0
0
0
0
0
0
0
0
0
0
0
0
0
0
0
0
0
0
0
0
0
0
0
0
0
0
0
0
0
0
0
0
0
0
0
0
0
0
0
0
0
0
0
0
0
0
0
0
0
0
0
0
0
0
0
0
0
0
0
0
0
0
0
0
0
0
0
0
0
0
0
0
0
0
0
0
0
0
0
0
0
0
0
0
0
0
0
0
0
0
0
0
0
0
0
0
0
0
0
0
0
0
0
0
0
0
0
0
0
0
0
0
0
0
0
0
0
0
0
0
0
0
0
0
0
0
0
0
0
0
0
0
0
0
0
0
0
0
0
0
0
0
0
0
0
0
0
0
0
0
0
0
0
0
0
0
0
0
0
0
0
0
0
0
0
0
0
0
0
0
0
0
0
0
0
0
0
0
0
0
0
0
0
0
0
0
0
0
0
0
0
0
0
0
0
0
0
0
0
0
0
0
0
0
0
0
0
0
0
0
0
0
0
0
0
0
0
0
0
0
0
0
0
0
0
0
""
