0
0
0
0
0
0
0
0
0
0
0
0
0
0
0
0
0
0
0
0
0
0
0
0
0
0
0
0
0
0
0
0
0
0
0
0
0
0
0
0
0
0
0
0
0
0
0
0
0
0
0
0
0
0
0
0
0
0
0
0
0
0
0
0
0
0
0
0
0
0
0
0
0
0
0
0
0
0
0
0
0
0
0
0
0
0
0
0
0
0
0
0
0
0
0
0
0
0
0
0
0
0
0
0
0
0
0
0
0
0
0
0
0
0
0
0
0
0
0
0
0
0
0
0
0
0
0
0
0
0
0
0
0
0
0
0
0
0
0
0
0
0
0
0
0
0
0
0
0
0
0
0
0
0
0
0
0
0
0
0
0
0
0
0
0
0
0
0
0
0
0
0
0
0
0
0
0
0
0
0
0
0
0
0
0
0
0
0
0
0
0
0
0
0
0
0
0
0
0
0
0
0
0
0
0
0
0
0
0
0
0
0
0
0
0
0
0
0
0
0
0
0
0
0
0
0
0
0
0
0
0
0
0
0
0
0
0
0
0
0
0
0
0
0
0
0
0
0
0
0
0
0
0
0
0
0
0
0
0
0
0
0
0
0
0
0
0
0
0
0
0
0
0
0
0
0
0
0
0
0
0
0
0
0
0
0
0
0
0
0
0
0
0
0
0
0
0
0
0
0
0
0
0
0
0
0
0
0
0
0
0
0
0
0
0
0
0
0
0
0
0
0
0
0
0
0
0
0
0
0
0
0
0
0
0
0
0
0
0
0
0
0
0
0
0
0
0
0
0
0
0
0
0
0
0
0
0
0
0
0
0
0
0
0
0
0
0
0
0
0
0
0
0
0
0
0
0
0
0
0
0
0
0
0
0
0
0
0
0
0
0
0
0
0
0
0
0
0
0
0
0
0
8.01065362445078E-69
2.24304211973277E-24
1.62436097763565E-15
1.02203262988507E-11
1.30685469528019E-09
2.9613233428093E-08
2.39516698521966E-07
1.14731134951338E-06
3.84591207990982E-06
7.94427444625072E-06
1.38632701643025E-05
2.70245765408999E-05
4.3592001846861E-05
6.60479499484665E-05
9.57246739197126E-05
1.2808596554439E-04
1.79269868654243E-04
2.17446172368051E-04
3.23954579932664E-04
3.892260971061E-04
5.0750045351397E-04
5.97451728477326E-04
6.13924069661838E-04
6.94148165824954E-04
1.13778469832381E-03
1.37210630154407E-03
1.57864565557602E-03
1.70189653975983E-03
1.92505926107828E-03
2.12014205432287E-03
2.78252701719459E-03
2.3141565944187E-03
2.26860670546531E-03
2.61394193220866E-03
2.78730875868714E-03
2.8839427419414E-03
3.04463151860712E-03
3.02749856336024E-03
3.35068244200169E-03
4.09338700105463E-03
5.65965061994761E-03
6.15111050026534E-03
5.8177507928994E-03
0.011322146882244
0.011174659016613
1.18116126158129E-02
1.24605833241876E-02
1.48812776394931E-02
1.54748628820563E-02
1.48282808607208E-02
1.55379184118692E-02
1.58706503746185E-02
0.0165829009743
1.87815617337514E-02
1.97941626373629E-02
1.23630566661618E-02
1.26169634016379E-02
1.31049182743145E-02
7.69685780274719E-03
7.18065925700828E-03
7.43646038597949E-03
7.69448690044452E-03
8.54388699802347E-03
1.33904670802856E-02
1.19363344245766E-02
1.26348202263991E-02
1.20201519112711E-02
1.20358521470504E-02
1.23876315997345E-02
0.012377467354943
1.27231935503152E-02
1.26863639065832E-02
1.30254961281663E-02
1.33663071734673E-02
1.32933118765059E-02
3.78996824814793E-02
3.83950199162454E-02
3.93199697900033E-02
4.02485305839677E-02
4.07125841307561E-02
4.16372706503429E-02
4.30543277740035E-02
4.54956615257337E-02
0.044429467239616
4.48443393181686E-02
4.09822992254426E-02
4.01862636358007E-02
4.09889171865904E-02
4.00991163825452E-02
0.040872732053625
4.16479589992261E-02
4.24247073338079E-02
4.01604325241118E-02
6.19470709097108E-02
6.30467840895931E-02
6.41481656928773E-02
6.52511045350823E-02
6.63554921758243E-02
6.74612228172007E-02
6.85681932065815E-02
6.96763025435994E-02
7.07854523911411E-02
7.18955465901501E-02
7.30064911780657E-02
7.41181943107236E-02
7.52305661875591E-02
7.63435189799593E-02
7.74569667626158E-02
0.078570825447742
7.96850127220201E-02
8.07994479861538E-02
8.19140522969066E-02
8.30287483115131E-02
8.41434602343539E-02
8.52581137657931E-02
6.90981088424634E-02
6.82398254017102E-02
6.99947919258059E-02
7.08746190428671E-02
7.26624030076458E-02
7.35526595839951E-02
7.25814216757078E-02
7.06235853844423E-02
6.66930523379868E-02
4.91568949835959E-02
4.77728236378233E-02
4.04277215614505E-02
4.08818918617634E-02
4.13356661968283E-02
4.17890212822296E-02
3.50298966573013E-02
3.43637712079562E-02
3.78845944640024E-02
3.93443526650497E-02
0.087023077776022
3.36456526850866E-02
7.34530596696442E-02
7.19725856082504E-02
8.94569450433061E-02
8.80727352157408E-02
0.100324181787518
0.100131867558342
9.99163154155288E-02
0.099677536714411
0.107700173938401
0.119434164858872
0.120514621960678
0.121593166977463
0.122669756643734
0.123744348235667
0.124816899558024
0.125887368931527
0.12695571518065
0.128021897621837
0.129085876052107
0.127544658523289
0.129894991781136
0.123005698771749
0.11598749678203
0.118246773233045
0.117816503936291
0.118727796587488
0.130638000699137
0.133013848579958
0.131220162672493
0.135007800744778
0.136000973942248
0.142699549143181
0.14372869515577
0.144755085096193
0.14577868517498
0.14679946193813
0.147817382260838
0.148832413341417
0.149844522695412
0.150853678149901
0.15185984783797
0.152863000193366
0.153863103945306
0.151762925551189
0.149619880322946
0.152139470744241
8.52295054863896E-02
8.41729141965297E-02
8.62909149326872E-02
8.68189872768988E-02
8.24927679585292E-02
9.27514436294141E-02
6.38390182388198E-02
6.75082939016367E-02
6.79023787366878E-02
6.99607902395891E-02
0.070361593836173
6.90761494791031E-02
7.11587981737085E-02
6.47403975317208E-02
0.073663153128521
6.88985028917375E-02
6.40763178097889E-02
5.74558289911721E-02
5.95116407678496E-02
5.45464239480255E-02
5.12935915173423E-02
5.15587966729251E-02
5.18229080460144E-02
5.56780507591153E-02
5.41529180322193E-02
5.44226978419402E-02
5.10452289949198E-02
4.39670141206002E-02
3.86575303200448E-02
4.25424381281607E-02
4.64617006237989E-02
3.73444990154794E-02
0.033766951858823
3.01538920602143E-02
3.02920668063651E-02
3.04295889562777E-02
0.030566454937247
0.030702661204749
0.030838204242207
0.027101445490668
2.91630812803675E-02
2.92882680215776E-02
3.92170934070421E-02
4.13514278976502E-02
4.35013441128788E-02
4.76522181559902E-02
4.38601065637339E-02
4.40380593725923E-02
4.42150539360549E-02
4.43910858227141E-02
5.26690871157115E-02
5.49084812921389E-02
5.51209438243007E-02
5.53322035647379E-02
5.55422552883303E-02
0.053686238485524
5.18136240684529E-02
5.20047321615088E-02
5.42824908644532E-02
5.65742136967839E-02
5.67769099240048E-02
5.69783627200108E-02
6.77671907424647E-02
8.50037310744117E-02
8.52966100196685E-02
9.62860704623652E-02
9.87582608502625E-02
0.112013192449592
0.110222918915511
0.106247684477677
0.110943301180682
0.100388090890937
9.63288827847116E-02
9.66322564747884E-02
8.37152999001967E-02
0.103862118587092
0.101962762502191
0.155629774844439
0.167245069868714
0.223653693814024
0.168231777153466
0.170969173079411
0.171459712391163
0.180996288375656
0.179235871902962
0.227511339999174
0.228136814226742
0.228757258619782
0.22937265874207
0.229983000293839
0.230588269111465
0.231188451167165
0.231783532568705
0.102244339806009
9.78425021768897E-02
9.80859751003939E-02
9.59861571919939E-02
0.143155991323312
4.94016907197741E-02
5.18771319996567E-02
5.43625556656425E-02
5.44887273624959E-02
5.46136956580156E-02
6.66369050212549E-02
6.67860999228162E-02
5.97623388341205E-02
6.46843439278836E-02
6.00221600181601E-02
5.53380761911154E-02
5.06324082876583E-02
5.07376281672394E-02
5.32627614289692E-02
5.09447018832141E-02
5.34773391746288E-02
5.35828563354268E-02
4.63662088254172E-02
4.40102743459179E-02
4.40936938185442E-02
4.66303685040562E-02
0.041798850849573
3.69484138188056E-02
4.19499613874089E-02
4.20241263406312E-02
4.70499930349569E-02
4.46502359540764E-02
4.72105741422167E-02
4.72892998199411E-02
4.98599788304101E-02
4.99406448538794E-02
5.00202066037216E-02
5.51085285325643E-02
5.51936112177435E-02
5.77900858493428E-02
6.03928508427739E-02
5.79615984271338E-02
5.80454330619741E-02
0.060655287752378
6.07400866359425E-02
6.08235423081593E-02
6.59811239906612E-02
6.35275173241047E-02
5.85214220126602E-02
6.11438962552162E-02
6.12206086695065E-02
0.045971975405969
4.34703955591112E-02
3.84016350064138E-02
4.10092686850603E-02
4.10558864506774E-02
3.85327465057855E-02
0.038574747319879
4.11902880659511E-02
0.04381034733262
4.90144617705301E-02
5.16456144847458E-02
5.16959165623496E-02
5.17450754084087E-02
6.21517079272291E-02
5.70239550069552E-02
5.96685341271135E-02
5.97197957683591E-02
5.71710525503533E-02
5.72175579079301E-02
5.72627979585692E-02
8.07504510422153E-02
8.34174228183223E-02
0.06260827250246
5.74310856158427E-02
5.74699847709686E-02
6.01215954840418E-02
0.057543969691854
6.01962835531066E-02
5.76128647264105E-02
6.02656471576268E-02
6.02983303651659E-02
6.03296802107107E-02
6.03596960068479E-02
8.66441932240358E-02
8.40566578756493E-02
8.93486482878408E-02
9.20140960522016E-02
9.20496077613002E-02
8.68211935399043E-02
8.42189935611593E-02
7.37151420183283E-02
6.32031725895869E-02
6.58547293707669E-02
6.58713644615808E-02
6.85220047433525E-02
6.32642541323133E-02
7.38220327682663E-02
7.38341367262377E-02
7.64819155287657E-02
8.70415621239641E-02
8.96879348076461E-02
0.089694701264505
0.094975924702405
9.23405867104012E-02
8.70647740910448E-02
8.70636412997738E-02
7.91459849149926E-02
7.91414549800923E-02
7.64973359419728E-02
7.64895739342975E-02
7.91173661664462E-02
8.43795599764124E-02
7.90925596358677E-02
8.96212039884156E-02
0.086966833461207
8.95811988576633E-02
0.089558224868089
8.95332705851244E-02
0.086873797244635
8.15823565999293E-02
8.41849709703533E-02
8.67838485055352E-02
0.10515154754051
0.107735931960887
0.110315709924612
0.110265342886175
0.110212537607004
9.44205387810682E-02
9.69925197469247E-02
0.112659492362574
0.117832455039866
0.10206112427589
0.109844571450444
0.120229470461526
0.12015032304819
0.117458333516193
0.117375710116192
0.122503401835112
0.10938916650328
0.189982133181885
0.189831275722528
0.140308436962525
0.14278675855075
0.12191254641138
0.121804621329258
0.121694002619016
0.124167515966659
0.121464694121127
0.121346009387355
0.116066145765863
0.113370767012565
0.102956480709515
0.105417509686568
9.75972493581394E-02
9.49228252405326E-02
8.96895343410682E-02
8.95852235002674E-02
0.125270504099223
9.95844504846361E-02
9.94616035848851E-02
0.104430739538388
9.92093138674658E-02
0.101620386301114
0.12685672861835
0.11655035548691
0.111329510912059
0.113700284131252
0.113538326838554
0.113373858794498
0.14591109449576
0.148204597871193
0.14296287427401
0.137733387248511
0.13751709581415
0.144786732521775
0.142059955338182
0.114456360706435
0.114265314451446
0.106632280331939
0.106448974314058
0.113677034418795
0.118409643799808
0.118197155608619
0.110608175978947
0.112857497237984
0.112646364199157
0.10265598099002
0.104898156662812
0.102259083605656
9.96273080291668E-02
0.155204793151883
0.154890358286998
0.11351417999812
0.10845789381717
0.105824499406388
0.112798870002713
0.117345034842872
9.55825757144484E-02
9.53711746747368E-02
9.75366085482585E-02
0.121051122917056
0.104196785592674
0.103955007089822
0.110782132905777
0.117573373538375
0.11259918554395
0.109985333160935
0.107380510314537
0.111770536465823
0.116134768737254
0.178392572058715
0.166379530003249
0.163641934510156
0.163211555976052
0.142143800133385
9.37456392145615E-02
9.34908918777358E-02
9.55080853945305E-02
9.29752196501982E-02
9.27143067854508E-02
9.01964398678716E-02
8.76894625273392E-02
0.087435464550186
0.087179540901503
8.24641746435829E-02
7.99956375765379E-02
8.19694929552918E-02
0.103805779595258
0.105687692371054
0.138283224075709
0.137848311095111
0.137410367633932
0.136969404120718
0.127857149736131
0.127438556938186
0.137781332224688
8.36801093643967E-02
0.087674697479761
9.37694457680046E-02
0.112561057676962
0.154498423012946
0.153956531606604
0.168121936906038
0.169614714275341
0.169002254580093
0.157991893466416
0.15948150315135
0.158888785622357
0.160348344150233
0.20479603819863
0.204012805479292
0.203225121414448
0.202433005540314
0.201636477550388
0.200835557296405
0.200030264789315
0.199220620200291
0.198406643861767
0.197588356268509
0.196765778078712
0.19593893011514
0.195107833366284
0.19427250898757
0.193432978302594
0.192589262804394
0.191741384156762
0.190889364195594
0.190033224930281
0.189172988545138
0.188308677400878
0.18744031403613
0.186567921169
0.18569152169868
0.184811138707105
0.183926795460657
0.183038515411923
0.182146322201503
0.163125215693883
0.162315262628365
0.159707387550572
0.167826563406787
0.16519357457721
0.176712334587983
0.175793427381127
0.174870803141468
0.173944487292583
0.17301450546741
0.172080883510751
0.17114364748185
0.170202823657052
0.138791919596684
0.136331520250002
0.135560864103118
0.13977951429122
0.140628949393494
0.139811431052502
0.138991024800993
0.138167754540191
0.126031156018891
0.12366446276787
0.124507272291646
0.118982222454464
0.104054275644098
0.108102181384868
0.12921315273221
8.50762171090831E-02
8.60644176427493E-02
0.137417233427438
0.138030735267766
0.140128146779386
9.12961053456629E-02
9.06784020165426E-02
0.121062810390481
0.121693890988689
0.120846229847405
0.121441967958429
0.120579388911681
0.119714499813572
0.118847329385869
0.117977906644211
0.118500383057562
0.117616141093133
0.118103000633997
0.121292467008463
0.120359833495592
5.36741595320404E-02
5.59156922385758E-02
5.28309643192785E-02
4.97875496704465E-02
4.28868030686271E-02
4.25362987294827E-02
4.21850562624343E-02
4.18330888066523E-02
4.02234275460839E-02
4.23733059722483E-02
4.32440593608727E-02
5.02165979854711E-02
3.88488219804708E-02
0.037300341530805
3.33880096619191E-02
3.19032649312565E-02
0.037464247474821
3.82765466642626E-02
0.037917518802397
3.64198176008839E-02
3.49434033289632E-02
3.68371731423185E-02
3.86866909642453E-02
3.72087571049396E-02
3.79190705132203E-02
3.53896932930156E-02
0.039272337272645
3.99152475467199E-02
0.039496275305179
4.21618702868992E-02
6.20546714276807E-02
6.54049763321632E-02
6.26951422976638E-02
0.06298124904324
6.42176083798746E-02
6.44471477484505E-02
6.37031710980802E-02
6.38983955689226E-02
4.54996563252881E-02
4.49545898783947E-02
4.16903296495046E-02
6.44528002269897E-02
5.39264445889667E-02
4.97552472414387E-02
4.91200617124244E-02
5.01859877143721E-02
4.61704798086235E-02
5.96387609029407E-02
2.45150781023694E-02
2.49867275446801E-02
0.0238463849155
2.42958825383768E-02
0.029358808580867
2.51283965344177E-02
2.47611539336798E-02
1.77411695377558E-02
1.67462917572669E-02
1.64908075405635E-02
1.62355226992901E-02
1.59804589328487E-02
1.50419150382639E-02
1.27804606818047E-02
1.32320163631248E-02
1.17100696712972E-02
1.08720561043262E-02
0.010684870002378
1.17330263279266E-02
1.15244816804955E-02
1.07207070829018E-02
1.05238515493742E-02
1.03273857058552E-02
9.56848064587657E-03
9.38373111742157E-03
8.11713203174275E-03
7.42457855592064E-03
7.27356442673219E-03
7.12296796126129E-03
6.97281020760626E-03
6.8231128341318E-03
7.15060516642788E-03
6.9912740988371E-03
7.28801089617073E-03
7.11929565893019E-03
7.38569473917232E-03
7.63186492192741E-03
1.15801695880231E-02
1.08866585819153E-02
1.13938335499822E-02
1.10960756512111E-02
1.11722764238752E-02
1.12297751393563E-02
1.02123620805169E-02
7.18431920797485E-03
6.97480071311635E-03
6.76665738871923E-03
6.87232360723983E-03
6.65732816756912E-03
6.15104870958133E-03
5.94898660326923E-03
5.4748576304014E-03
5.81424095033807E-03
5.3531261597711E-03
5.15817900501448E-03
5.20162791551465E-03
5.45627111675308E-03
5.24045707034496E-03
4.8176911511811E-03
4.41509413329401E-03
4.03242894660066E-03
3.66944465004647E-03
3.67596792468574E-03
3.16818817913932E-03
2.22010755865913E-03
1.95712761726234E-03
1.71191422327868E-03
1.61901944629111E-03
1.65529291405077E-03
1.55871502866317E-03
1.4642822405127E-03
1.16098662580846E-03
1.18354754324116E-03
1.10277376567191E-03
1.10964757222991E-03
9.48178763191032E-04
9.47400706913306E-04
8.70360946394874E-04
7.96167577337992E-04
9.47964792840392E-04
8.58754277941682E-04
8.64647134787672E-04
7.3346332665845E-04
6.88604554745615E-04
7.039401173582E-04
6.16410862954992E-04
5.34860160864392E-04
4.3850541168847E-04
3.90066517868185E-04
3.41809749693374E-04
2.82322189413985E-04
2.19337431926953E-04
1.74745197995835E-04
1.29952893042256E-04
1.03331859837872E-04
1.00251188562712E-04
2.06033033583813E-04
1.41446174695117E-04
9.5951282027762E-05
6.09883728753452E-05
2.89826852083543E-05
1.61733642357885E-05
9.19324277494841E-06
3.47316518125806E-06
1.04497596999903E-06
2.00832836111182E-07
1.9717450998937E-08
6.98096226345778E-10
3.56965878102767E-12
1.86271504515044E-16
2.87396501018986E-27
1.74010964204259E-105
0
0
0
0
0
0
0
0
0
0
0
0
0
0
0
0
0
0
0
0
0
0
0
0
0
0
0
0
0
0
0
0
0
0
0
0
0
0
0
0
0
0
0
0
0
0
0
0
0
0
0
0
0
0
0
0
0
0
0
0
0
0
0
0
0
0
0
0
0
0
0
0
0
0
0
0
0
0
0
0
0
0
0
0
0
0
0
0
0
0
0
0
0
0
0
0
0
0
0
0
0
0
0
0
0
0
0
0
0
0
0
0
0
0
0
0
0
0
0
0
0
0
0
0
0
0
0
0
0
0
0
0
0
0
0
0
0
0
0
0
0
0
0
0
0
0
0
0
0
0
0
0
0
0
0
0
0
0
0
0
0
0
0
0
0
0
0
0
0
0
0
0
0
0
0
0
0
0
0
0
0
0
0
0
0
0
0
0
0
0
0
0
0
0
0
0
0
0
0
0
0
0
0
0
0
0
0
0
0
0
0
0
0
0
0
0
0
0
0
0
0
0
0
0
0
0
0
0
0
0
0
0
0
0
0
0
0
0
0
0
0
0
0
0
0
0
0
0
0
0
0
0
0
0
0
0
0
0
0
0
0
0
0
0
0
0
0
0
0
0
0
0
0
0
0
0
0
""
