0
0
0
0
0
0
0
0
0
0
0
0
0
0
0
0
0
0
0
0
0
0
0
0
0
0
0
0
0
0
0
0
0
0
0
0
0
0
0
0
0
0
0
0
0
0
0
0
0
0
0
0
0
0
0
0
0
0
0
0
0
0
0
0
0
0
0
0
0
0
0
0
0
0
0
0
0
0
0
0
0
0
0
0
0
0
0
0
0
0
0
0
0
0
0
0
0
0
0
0
0
0
0
0
0
0
0
0
0
0
0
0
0
0
0
0
0
0
0
0
0
0
0
0
0
0
0
0
0
0
0
0
0
0
0
0
0
0
0
0
0
0
0
0
0
0
0
0
0
0
0
0
0
0
0
0
0
0
0
0
0
0
0
0
0
0
0
0
0
0
0
0
0
0
0
0
0
0
0
0
0
0
0
0
0
0
0
0
0
0
0
0
0
0
0
0
0
0
0
0
0
0
0
0
0
0
0
0
0
0
0
0
0
0
0
0
0
0
0
0
0
0
0
0
0
0
0
0
0
0
0
0
0
0
0
0
0
0
0
0
0
0
0
0
0
0
0
0
0
0
0
0
0
0
0
0
0
0
0
0
0
0
0
0
0
0
0
0
0
0
0
0
0
0
0
0
0
0
0
0
0
0
0
0
0
0
0
0
0
0
0
0
0
0
0
0
0
0
0
0
0
0
0
0
0
0
0
0
0
0
0
0
0
0
0
0
0
0
0
0
0
0
0
0
0
0
0
0
0
0
0
0
0
0
0
0
0
0
0
0
0
0
0
0
0
0
0
0
0
0
0
0
0
0
0
0
0
0
0
0
0
0
0
0
0
0
0
0
0
0
0
0
0
0
0
0
0
0
0
0
0
0
0
0
0
0
0
0
0
0
0
0
0
0
0
0
0
0
0
0
0
0
0
0
0
0
0
0
0
0
0
0
0
0
0
0
0
0
0
0
0
0
0
0
0
0
0
0
0
0
0
0
0
0
0
0
0
0
0
0
0
0
0
0
0
0
0
0
0
0
0
0
0
0
0
0
0
0
0
0
0
0
0
0
0
0
0
0
0
0
0
0
0
0
0
0
0
0
0
0
0
0
0
0
0
0
0
0
0
0
0
0
0
0
0
0
0
0
0
0
0
0
0
0
0
0
0
0
0
0
0
0
3.08669070656961E-33
1.92033979151215E-17
3.31737898059857E-12
1.29805352033754E-09
3.74213409321267E-08
4.21453450819813E-07
2.38766503489325E-06
8.69147443934039E-06
2.37698367922071E-05
5.25166748497145E-05
1.03009128878103E-04
1.78775288485032E-04
2.85287190392688E-04
5.55178134420236E-04
7.94705301405166E-04
1.07892178922576E-03
1.41394424137306E-03
1.79923002624439E-03
2.23341297666795E-03
2.55164204503194E-03
3.07811071029267E-03
3.61715259016329E-03
4.41389411681915E-03
4.55066001186203E-03
5.15861609193676E-03
5.85817480349271E-03
6.52543011577319E-03
7.21529560083303E-03
7.9254924502205E-03
7.89309553077441E-03
7.64268611741845E-03
7.81331532648747E-03
9.96798544904543E-03
1.08103094094245E-02
8.10638536512213E-03
7.60176742048093E-03
7.75274065559071E-03
9.18314155639997E-03
1.03779506079055E-02
1.18292039421296E-02
1.08893217663847E-02
9.20533410118092E-03
9.62344761276928E-03
1.13516869005864E-02
0.012506897991508
1.84461208436398E-02
1.84175922452625E-02
1.90972971786014E-02
2.10937894976564E-02
2.15424295171219E-02
2.25341375151462E-02
2.32505750168414E-02
2.39641853112109E-02
2.80675239259027E-02
2.88720903758772E-02
2.99988286427909E-02
2.77907082810029E-02
2.81698409687872E-02
2.88798330761038E-02
2.99465376264047E-02
3.06568006310972E-02
3.24963097887769E-02
3.32231486996626E-02
2.56563424816293E-02
2.53924702172168E-02
2.75598687543722E-02
0.023495979007324
1.19768241044602E-02
1.17681886767165E-02
1.24296482501254E-02
1.22017016554665E-02
1.24160889997313E-02
1.26288877210493E-02
1.33156514891258E-02
1.35330213638538E-02
1.37487306440194E-02
1.39627770040913E-02
1.51876703410118E-02
1.43858759100984E-02
1.40736803873218E-02
1.21590447495359E-02
1.23280326614293E-02
0.014125524030956
0.014863988583373
1.44998787241384E-02
1.58143477818032E-02
2.05865888158695E-02
0.019680642770499
2.57741663410804E-02
2.66693424562912E-02
2.33792998552834E-02
3.69799191770455E-02
0.038001603345725
4.46091914477545E-02
4.00740739759909E-02
4.17572210508642E-02
4.34625783779844E-02
4.38986766840506E-02
4.04193486334162E-02
0.03159476900177
2.32563479474825E-02
2.48141739058799E-02
2.30106331717118E-02
2.11685733117261E-02
0.02066625459494
1.87606085988978E-02
2.10223196297878E-02
2.40242376555259E-02
2.35089109850527E-02
2.29802307284401E-02
0.02316218560995
2.33423897713969E-02
2.27858220117731E-02
2.22164691795501E-02
2.23805163108147E-02
2.25429416650478E-02
2.19469582803542E-02
2.43871421649866E-02
2.37878848452089E-02
2.31765182456346E-02
2.25532069598174E-02
3.13115927457082E-02
4.72697898216713E-02
4.83618349046335E-02
5.82358493281716E-02
6.10001193179426E-02
6.13671470620473E-02
0.08122394262318
7.84285602526131E-02
5.50496665161587E-02
6.52743409147022E-02
6.64661028888032E-02
6.51567811226112E-02
6.88643197805179E-02
6.92262603286542E-02
0.07212974057465
7.24961916566072E-02
7.28582904206874E-02
7.32160454532412E-02
0.073569465144401
0.068700777148042
8.73686248225076E-02
8.77691684562101E-02
8.81646489307113E-02
8.85550750138802E-02
8.89404552635587E-02
8.93207980311278E-02
8.96961114650806E-02
8.28610912334274E-02
8.41014641977828E-02
0.084436517482102
0.085678394257364
7.59429333623742E-02
7.62295304017727E-02
7.65119959698116E-02
8.97429223141224E-02
5.10668735547159E-02
4.65871435881157E-02
4.58124330195197E-02
0.064729099589623
7.62379103647585E-02
0.077429754713388
7.76763484580015E-02
7.79189047750228E-02
7.81574279514697E-02
0.078391922157343
9.58809651805325E-02
9.61571216667145E-02
9.64283792031607E-02
9.66947423332947E-02
9.69562154720064E-02
9.72128029083254E-02
9.74645088080394E-02
0.097711337216258
9.79532920599221E-02
9.81903771502575E-02
9.84225961851758E-02
0.098649952751618
9.88724503278454E-02
9.90900922856754E-02
9.93028818926631E-02
9.95108223142285E-02
9.97139166157307E-02
9.99121677644878E-02
8.30876302643476E-02
8.22412046355586E-02
8.33966491463678E-02
8.35451413902035E-02
8.57062424357052E-02
8.78701067930586E-02
8.90248014299125E-02
8.81520093599344E-02
0.087271879583473
8.74008474139899E-02
9.26143750146727E-02
9.27420767773674E-02
9.59268956757661E-02
9.60497612275461E-02
8.69605215066421E-02
8.60391732198824E-02
8.71622915732272E-02
8.72570502173158E-02
8.73477262304746E-02
8.33197644901414E-02
3.19179044932875E-02
3.29770427046919E-02
2.99108136073408E-02
2.89025569554779E-02
2.89243647948124E-02
2.99785739579491E-02
3.10328066865309E-02
0.035192105165841
3.41764176138943E-02
3.31580224822516E-02
0.034210422677694
2.80023167360813E-02
2.69754760315346E-02
2.69845128884868E-02
2.80304701339551E-02
2.90756858859944E-02
2.80427740471513E-02
2.80469867425101E-02
2.90887921015543E-02
2.80515338625688E-02
3.01297845150279E-02
3.22066004970981E-02
3.22040160697485E-02
0.032199947375565
7.68511349380283E-02
7.57960341656183E-02
0.078890047383248
0.080940923803207
8.19493441473819E-02
6.94732977295744E-02
6.94420434752205E-02
6.62997773031459E-02
6.72991615471388E-02
5.69118819772939E-02
6.10120968293744E-02
6.30372319361775E-02
6.19585924881029E-02
5.26239020493885E-02
5.25805542860395E-02
5.04745731290166E-02
4.52824861029832E-02
4.42106003056586E-02
0.048274243734401
4.82230160591005E-02
6.96920868416652E-02
6.65403433191134E-02
4.90782471144647E-02
6.84191464411129E-02
7.13895699096284E-02
7.12930812851775E-02
7.01761771233451E-02
7.00744228909629E-02
6.99693446411865E-02
7.08734183680338E-02
7.17709266324924E-02
7.36709137981305E-02
0.075560611314855
8.24682815421379E-02
8.43274634427645E-02
8.61752390579054E-02
8.70111874668241E-02
8.68408884277742E-02
8.66663771488342E-02
7.85347636351753E-02
7.73766344309045E-02
7.62189757842292E-02
6.91359888700345E-02
6.79931911248402E-02
7.07840311424179E-02
0.073557440880564
7.23994935835757E-02
5.56279231114102E-02
2.04421699002511E-02
2.23306092399421E-02
3.38907313706492E-02
0.032832721849996
3.27413556239626E-02
3.74495487599134E-02
0.036383465573077
3.62757629736772E-02
3.52144523149801E-02
3.70035669649015E-02
3.78331061826645E-02
9.42796637109467E-02
9.39716302533494E-02
9.17854862987236E-02
9.33407456676634E-02
0.09301788288564
9.26900650774906E-02
9.23572860153132E-02
9.20195393049386E-02
9.16768183825905E-02
9.13291165115075E-02
0.090976426778528
9.06187420906421E-02
9.02560551715137E-02
8.98883585579745E-02
0.089515644596496
8.91379054396421E-02
8.87551330425083E-02
8.83673191591512E-02
8.79744553390152E-02
8.75765329233619E-02
8.71735430417091E-02
0.086765476608287
8.63523243185198E-02
8.59340766455409E-02
8.55107238367526E-02
8.50822559104395E-02
8.46486626524484E-02
8.42099336129463E-02
8.37660581032709E-02
8.33170251928876E-02
8.28628237064711E-02
8.24034422211263E-02
8.19388690637709E-02
8.14690923086981E-02
8.09940997753432E-02
8.05138790262794E-02
8.00284173654671E-02
7.95377018367889E-02
0.0790417192229
7.85404560444279E-02
7.80338985595605E-02
7.75220327640608E-02
0.077004844391754
7.64823189155334E-02
7.59544415489363E-02
7.54211972483482E-02
6.21525336941913E-02
6.69046917627709E-02
6.56723065785877E-02
0.065178474505172
6.61332741511232E-02
0.068502744288968
6.79600521837119E-02
6.81217403252143E-02
0.067562766885355
6.69984842216888E-02
0.066428875558438
6.17380537242491E-02
4.48756085327007E-02
6.53617562503042E-02
6.47645160461083E-02
6.41618077662687E-02
6.35536138788275E-02
6.29399168451521E-02
6.10357362843328E-02
6.16959433559484E-02
6.16951747085589E-02
6.04297482208308E-02
5.97882746960366E-02
6.09703039123811E-02
6.02974145271455E-02
5.96187118948097E-02
5.89341799374617E-02
5.70789270615975E-02
4.77644802446324E-02
0.029559637163517
4.65940904519025E-02
4.93269693560933E-02
4.92333776132159E-02
4.85802214331969E-02
4.73892649730562E-02
4.67328050797404E-02
4.65887090395717E-02
4.64243317892659E-02
4.17160650193022E-02
3.91041654352317E-02
3.80106681346087E-02
4.79583726396716E-02
4.71791939807489E-02
4.63941033401357E-02
4.56031181837547E-02
4.48062603477837E-02
4.40035564842378E-02
4.31950385480689E-02
4.23807443297058E-02
3.49110031513572E-02
3.66615098402436E-02
0.035115240188175
0.028128095178129
0.027521595564914
2.80325155790759E-02
2.73927335276828E-02
2.67490656050021E-02
2.50575408104292E-02
2.34144195925318E-02
2.41345157388734E-02
2.44594070396913E-02
1.97199347715749E-02
2.00741343026027E-02
2.65727535242116E-02
1.77515468623841E-02
1.83046927995305E-02
1.74422114917386E-02
1.63366867182495E-02
1.47653445558224E-02
1.44713290746291E-02
1.48546230422318E-02
1.47186162129134E-02
1.98938306531106E-02
1.90481026818904E-02
1.82033342423823E-02
1.73602387421121E-02
1.52761880701753E-02
1.46705123706961E-02
1.32525093022862E-02
1.23629564878333E-02
1.34838792986914E-02
1.25194258254292E-02
1.17059641645558E-02
1.09030249217645E-02
1.03273523945935E-02
9.93107398420048E-03
9.12118635325933E-03
8.33012345484107E-03
7.56016428918559E-03
6.81373763280229E-03
6.09341580279237E-03
3.13310329067782E-03
3.36682769328047E-03
4.11663488952476E-03
3.52870228064313E-03
1.55017926798293E-03
1.28786413520631E-03
1.1703945320272E-03
8.35701525169525E-04
6.85278216360828E-04
5.42557663041721E-04
2.97279025062711E-04
2.2340732447147E-04
2.38867623796634E-04
1.42297252908702E-04
7.80746631072322E-05
3.78058160412482E-05
1.54604048447663E-05
5.75888410973381E-06
1.33075661274506E-06
1.88196939888191E-07
1.03777525080421E-08
7.80279954750176E-11
2.22360865092301E-14
1.33802645959131E-22
3.43022331353567E-63
0
0
0
0
0
0
0
0
0
0
0
0
0
0
0
0
0
0
0
0
0
0
0
0
0
0
0
0
0
0
0
0
0
0
0
0
0
0
0
0
0
0
0
0
0
0
0
0
0
0
0
0
0
0
0
0
0
0
0
0
0
0
0
0
0
0
0
0
0
0
0
0
0
0
0
0
0
0
0
0
0
0
0
0
0
0
0
0
0
0
0
0
0
0
0
0
0
0
0
0
0
0
0
0
0
0
0
0
0
0
0
0
0
0
0
0
0
0
0
0
0
0
0
0
0
0
0
0
0
0
0
0
0
0
0
0
0
0
0
0
0
0
0
0
0
0
0
0
0
0
0
0
0
0
0
0
0
0
0
0
0
0
0
0
0
0
0
0
0
0
0
0
0
0
0
0
0
0
0
0
0
0
0
0
0
0
0
0
0
0
0
0
0
0
0
0
0
0
0
0
0
0
0
0
0
0
0
0
0
0
0
0
0
0
0
0
0
0
0
0
0
0
0
0
0
0
0
0
0
0
0
0
0
0
0
0
0
0
0
0
0
0
0
0
0
0
0
0
0
0
0
0
0
0
0
0
0
0
0
0
0
0
0
0
0
0
0
0
0
0
0
0
0
0
0
0
0
0
0
0
0
0
0
0
0
0
0
0
0
0
0
0
0
0
0
0
0
0
0
0
0
0
0
0
0
0
0
0
0
0
0
0
0
0
0
0
0
0
0
0
0
0
0
0
0
0
0
0
0
0
0
0
0
0
0
0
0
0
0
0
0
0
0
0
0
0
0
0
0
0
0
0
0
0
0
0
0
0
0
0
0
0
0
0
0
0
0
0
0
0
0
0
0
0
0
0
0
0
0
0
0
0
0
0
0
0
0
0
0
0
0
0
0
0
0
0
0
0
0
0
0
0
0
0
0
0
0
0
0
0
0
0
0
0
0
0
0
0
0
0
0
0
0
0
0
0
0
0
0
0
0
0
0
0
0
0
0
0
0
0
0
0
0
0
0
0
0
0
0
0
0
0
0
0
0
0
0
0
0
0
0
0
0
0
0
0
0
0
0
0
0
0
0
0
0
0
0
0
0
""
