0
0
0
0
0
0
0
0
0
0
0
0
0
0
0
0
0
0
0
0
0
0
0
0
0
0
0
0
0
0
0
0
0
0
0
0
0
0
0
0
0
0
0
0
0
0
0
0
0
0
0
0
0
0
0
0
0
0
0
0
0
0
0
0
0
0
0
0
0
0
0
0
0
0
0
0
0
0
0
0
0
0
0
0
0
0
0
0
0
0
0
0
0
0
0
0
0
0
0
0
0
0
0
0
0
0
0
0
0
0
0
0
0
0
0
0
0
0
0
0
0
0
0
0
0
0
0
0
0
0
0
0
0
0
0
0
0
0
0
0
0
0
0
0
0
0
0
0
0
0
0
0
0
0
0
0
0
0
0
0
0
0
0
0
0
0
0
0
0
0
0
0
0
0
0
0
0
0
0
0
0
0
0
0
0
0
0
0
0
0
0
0
0
0
0
0
0
0
0
0
0
0
0
0
0
0
0
0
0
0
0
0
0
0
0
0
0
0
0
0
0
0
0
0
0
0
0
0
0
0
0
0
0
0
0
0
0
0
0
0
0
0
0
0
0
0
0
0
0
0
0
0
0
0
0
0
0
0
0
0
0
0
0
0
0
0
0
0
0
0
0
0
0
0
0
0
0
0
0
0
0
0
0
0
0
0
0
0
0
0
0
0
0
0
0
0
0
0
0
0
0
0
0
0
0
0
0
0
0
0
0
0
0
0
0
0
0
0
0
0
0
0
0
0
0
0
0
0
0
0
0
0
0
0
0
0
0
0
0
0
0
0
0
0
0
0
0
0
0
0
0
0
0
0
0
0
0
0
0
0
0
0
0
0
0
0
0
0
0
0
0
0
0
0
0
0
0
0
0
0
0
0
0
0
0
0
0
0
0
0
0
0
0
0
0
0
0
0
0
0
0
0
0
0
0
0
0
0
0
0
0
0
0
0
0
0
0
0
0
0
0
0
0
0
0
0
0
0
0
0
0
0
0
0
0
0
0
0
0
0
0
0
0
0
0
0
0
0
0
0
0
0
0
0
0
0
0
0
0
0
0
0
0
4.21804768587208E-32
2.16989456442284E-17
2.8479616012139E-12
1.1532416201783E-09
4.24917147063352E-08
5.09193745677431E-07
2.88632767087804E-06
8.36266133189713E-06
2.35496205803578E-05
5.50617544305482E-05
1.06100921848663E-04
2.03418079788714E-04
1.49737664549323E-04
2.32585407934066E-04
3.22015023713684E-04
4.40188073042535E-04
5.26103067560878E-04
7.43040896563175E-04
8.98380972803289E-04
1.09742982813278E-03
2.7171582619059E-03
4.15929988506676E-03
4.25848523725405E-03
5.56839830977143E-03
7.63360229001283E-03
8.60390523982796E-03
9.42387217175433E-03
1.03469576134867E-02
1.14002701653149E-02
0.012613255532248
1.38772139788429E-02
1.50382746203535E-02
1.63863801024197E-02
1.76035234724437E-02
1.88393043960034E-02
2.00915872026005E-02
2.13583945989287E-02
2.26378990140803E-02
2.39284136653955E-02
2.52283835852472E-02
2.65363767831452E-02
2.78510756665638E-02
2.91712688047039E-02
3.04958430895419E-02
0.031823776325941
0.033154130265758
3.44860440884421E-02
3.58187283216553E-02
3.71514591890812E-02
0.038483573368286
3.98144631386997E-02
4.11435718981656E-02
3.86480549234249E-02
0.039415005961478
0.045115328228872
4.64326311350911E-02
4.77460028674552E-02
0.049055117227522
5.03596762277466E-02
4.64934670069943E-02
4.76586572448792E-02
4.93615096829222E-02
5.55272622739832E-02
5.68054107443383E-02
5.80776915741604E-02
5.93439492198375E-02
6.06040423949567E-02
6.18578429037604E-02
6.18431298781632E-02
6.30591900051998E-02
0.06426877331483
6.48037162586068E-02
6.59878942781089E-02
3.87759219858608E-02
0.033815892132754
5.30209065763527E-02
5.39037931624068E-02
6.21843610398132E-02
0.06317467578599
6.87417910777639E-02
7.05654338043047E-02
7.16187435088081E-02
6.86728876356082E-02
7.04658678876585E-02
7.14540276260054E-02
4.82905846768945E-02
4.72533190827882E-02
4.78771731088838E-02
4.84969504078568E-02
0.048235636681213
4.70604649833143E-02
4.49391066035941E-02
4.36587871371974E-02
4.41725333715304E-02
4.18901082117726E-02
4.04822916301438E-02
5.04524596083671E-02
4.81172507990926E-02
5.44703122313552E-02
5.70111380869831E-02
0.05760238763021
7.12318926946037E-02
4.96524435963642E-02
4.91180131421443E-02
5.16598237707151E-02
5.63235589361902E-02
5.89561959320525E-02
6.48111336203154E-02
6.53977416761904E-02
8.86943886284579E-02
9.16534060690577E-02
9.24431337852236E-02
9.21170142425934E-02
9.28854841094153E-02
9.81611964942029E-02
0.113740583303486
0.114645097007777
0.115542512279864
0.116432838722282
0.117316085847411
0.118192263065537
0.119061379674172
0.11992344484852
0.120778467633015
0.121626456933841
0.122467421512364
0.123301369979397
0.124128310790239
0.124948252240431
0.125761202462162
0.126567169421281
0.127366160914869
0.128158184569316
0.12894324783887
0.129721358004623
0.130492522173878
0.1312567472799
0.132014040081977
0.1327644071658
0.133507854944112
0.134244389657614
0.134974017376095
0.135696743999783
0.136412575260866
0.137121516725205
0.137823573794187
0.138518751706724
0.139207055541373
0.139888490218568
0.140563060502957
0.141230771005812
0.139053793663784
0.142545630360213
0.143192787690243
0.135203116068943
0.135798583109029
0.136387625069865
0.141341636154433
0.144862747589348
0.129300303982976
0.129827718274833
0.128867892209057
0.129377451682411
0.135852628305034
0.116891330903957
0.117332242209545
0.119277690039351
0.121228865380725
0.124706375497365
0.132778540433103
0.133240745889192
0.135233788505202
0.132605502716591
0.140780039882098
0.1443429265883
0.147919530479718
0.156195305054891
0.156679057831282
0.157156028677914
0.157626218942436
0.158089629899849
0.158546262754888
0.158996118644378
0.159439198639546
0.159875503748296
0.160305034917452
0.160727793034952
0.153086589985415
9.69317960311601E-02
9.39341535289124E-02
0.105528222024097
0.104153609646667
0.106029397823279
0.122623138210306
0.122899587685158
0.164227948847404
0.164583013826956
0.164931312226605
0.165272844385258
0.165607610608024
0.165935611167875
0.166256846307262
0.166571316239705
0.166879021151338
0.167179961202413
0.16747413652878
0.167761547243312
0.168042193437315
0.168316075181878
0.168583192529207
0.168843545513913
0.157260334763463
0.164263639699795
0.164496497848509
0.169817313972056
0.170043845132726
0.17026361183667
0.170476614028472
0.17068285164417
0.170882324612242
0.17107503285454
0.169548366524336
0.171440154821555
0.171612568364903
0.171778216821395
0.171937100092778
0.172089218079149
0.17223457067967
0.172373157793249
0.162154680560046
0.158819632345218
0.162383425698462
0.14347367498802
0.143560624292001
0.152295087748159
0.154106904869508
0.157646839755157
0.157717540783976
0.16124982252229
0.173451066540887
0.173508460630123
0.173559088149269
0.173602949047993
0.173640043282245
0.173670370814443
0.173693931613643
0.173710725655665
0.173720752923201
0.17372401340589
0.165034481745338
0.165024722309717
0.165008534438816
0.163249224274062
0.163220485322696
0.137145164554611
7.81008153315553E-02
8.15480522121716E-02
6.07070989578541E-02
6.76199346227336E-02
7.27915754524349E-02
8.14206077515775E-02
8.83068213450904E-02
9.17213539016372E-02
0.162583265151347
0.16421312056224
0.160652056168471
0.163994330047483
0.163875293505398
0.165473511980253
0.172229408755157
0.172083810380945
0.171931446624554
0.171772317586801
0.171606423367542
0.171433764064956
0.171254339774798
0.171068150589616
0.170875196597939
0.170675477883433
0.17046899452402
0.170255746590966
0.170035734147938
0.13414907622752
0.135660332754178
0.135468088208714
0.135270432182141
0.143509074975376
0.143287566064192
0.144743369884475
0.144507620250435
0.144266053187946
0.150717211362482
0.167169147108376
0.166867961306983
0.166560010639647
0.166245294945201
0.165923814036543
0.165595567699129
0.165260555689428
0.123689083299996
0.123427675143391
0.101813252088162
9.33961216229618E-02
6.86632799162799E-02
7.01366063304735E-02
5.53268418709351E-02
0.055194530811532
6.31569649271185E-02
5.00768562672585E-02
4.83386356773468E-02
4.82137661063407E-02
4.80868648604355E-02
4.79579316896583E-02
4.46385019051972E-02
5.88225611348926E-02
6.02413213005685E-02
0.116973956232432
0.11820694246054
0.113139950434784
0.144128674624566
0.145245171419753
0.140118138986316
0.107080584988091
0.146950654642785
0.144923332035139
0.144436475909332
0.12403619232751
0.125131659015469
0.123169629503509
0.14697067520107
0.149454606486193
0.11130009634307
0.110881612911326
0.111950768995864
7.43442783005128E-02
7.25702781733749E-02
8.11304146825072E-02
9.69607733808493E-02
9.65605468580722E-02
0.101983441127652
8.99437554233872E-02
9.53328318596856E-02
9.49145740513513E-02
0.100218578359903
0.101190614083701
0.100726094466975
0.105904975906087
0.094160912194028
9.51074216346519E-02
0.119696667241026
0.12187438361336
0.121262407213036
0.123386294648906
0.136386691282923
0.135670609626568
0.134947632402293
0.134217753871832
0.133480968128826
0.132737269097297
0.131986650530314
0.131229106008864
0.130464628940961
0.129693212561
0.128914849929396
0.128129533932522
0.127337257282985
0.126538012520262
0.125731792011734
0.124918587954154
0.124098392375583
0.123271197137842
0.122436993939521
0.12159577431959
0.115917628475211
0.109101948591139
0.109507535618757
0.109889318081015
0.100864345940966
0.100104532383889
9.93386303182367E-02
0.100858878805948
0.100062679659919
9.92602250651283E-02
9.84515064473208E-02
7.54463981033031E-02
0.078112298057588
7.63538365343404E-02
0.077853124813678
7.39504764094306E-02
0.104088436249591
0.105243590086793
0.104267294118842
0.103283792826482
0.102293077088881
0.101295138026183
0.100289967044816
9.92775558868945E-02
9.62927387503642E-02
8.07017150732909E-02
8.17672842282861E-02
8.08820553474841E-02
7.99906432514915E-02
0.079093043748603
7.91091269197535E-02
7.72792693567053E-02
7.72614792332672E-02
7.36656386177293E-02
6.66226215324264E-02
6.83836789883246E-02
6.15273186512891E-02
8.34969166457496E-02
5.57565675914194E-02
5.17166567686528E-02
4.04769261654905E-02
0.032722318979245
4.87691956879198E-02
4.72763716112031E-02
4.50390207045226E-02
5.18640178907104E-02
5.17902272667616E-02
0.057511798183416
5.58529913364798E-02
6.05492003922955E-02
5.88189270675832E-02
5.71070028692074E-02
5.60813214157011E-02
4.91517444740239E-02
4.88688732175968E-02
4.98174260139089E-02
5.06861733622739E-02
5.02634515224897E-02
4.86244058309557E-02
2.66945253651176E-02
2.44064044341724E-02
2.88499752177258E-02
2.65563697799001E-02
2.59244902922502E-02
2.21932798601132E-02
2.06280706061213E-02
2.00931315523926E-02
2.33721981306419E-02
2.18008762572884E-02
4.01099894781074E-02
3.93717636356467E-02
3.77557892723909E-02
3.69857928430243E-02
3.38012213192698E-02
3.30542706573584E-02
3.30217152979564E-02
3.21932787855769E-02
2.82388651818502E-02
2.51603844985708E-02
2.57381449225732E-02
0.024662604142312
2.35898129682116E-02
2.78032122870857E-02
2.64887351836869E-02
2.51810097241768E-02
2.38813575104798E-02
2.25912148485545E-02
2.13121413386478E-02
2.00458287205343E-02
1.87941098487167E-02
1.75589676210834E-02
1.63425436180179E-02
0.015147146123607
1.39752570917982E-02
1.28295374826017E-02
1.17128302204012E-02
1.06281598109766E-02
9.00400374519661E-03
8.13950465944074E-03
5.69939226171925E-03
5.00717060789557E-03
5.33849959768071E-03
4.63361002608268E-03
3.92353797321212E-03
2.70704514711282E-03
2.27196631251626E-03
1.84188062454774E-03
1.43759996214395E-03
1.10238079761322E-03
8.05278910720485E-04
5.6302529345551E-04
3.77595746201799E-04
2.31005522570806E-04
1.10248094277696E-04
5.3601025815465E-05
2.42293457499041E-05
6.85620759608295E-06
1.59164293366552E-06
2.69404933482986E-07
4.28695028159904E-08
1.09704252483742E-09
2.48908544064993E-12
7.08663048042415E-18
1.91824077647289E-33
0
0
0
0
0
0
0
0
0
0
0
0
0
0
0
0
0
0
0
0
0
0
0
0
0
0
0
0
0
0
0
0
0
0
0
0
0
0
0
0
0
0
0
0
0
0
0
0
0
0
0
0
0
0
0
0
0
0
0
0
0
0
0
0
0
0
0
0
0
0
0
0
0
0
0
0
0
0
0
0
0
0
0
0
0
0
0
0
0
0
0
0
0
0
0
0
0
0
0
0
0
0
0
0
0
0
0
0
0
0
0
0
0
0
0
0
0
0
0
0
0
0
0
0
0
0
0
0
0
0
0
0
0
0
0
0
0
0
0
0
0
0
0
0
0
0
0
0
0
0
0
0
0
0
0
0
0
0
0
0
0
0
0
0
0
0
0
0
0
0
0
0
0
0
0
0
0
0
0
0
0
0
0
0
0
0
0
0
0
0
0
0
0
0
0
0
0
0
0
0
0
0
0
0
0
0
0
0
0
0
0
0
0
0
0
0
0
0
0
0
0
0
0
0
0
0
0
0
0
0
0
0
0
0
0
0
0
0
0
0
0
0
0
0
0
0
0
0
0
0
0
0
0
0
0
0
0
0
0
0
0
0
0
0
0
0
0
0
0
0
0
0
0
0
0
0
0
0
0
0
0
0
0
0
0
0
0
0
0
0
0
0
0
0
0
0
0
0
0
0
0
0
0
0
0
0
0
0
0
0
0
0
0
0
0
0
0
0
0
0
0
0
0
0
0
0
0
0
0
0
0
0
0
0
0
0
0
0
0
0
0
0
0
0
0
0
0
0
0
0
0
0
0
0
0
0
0
0
0
0
0
0
0
0
0
0
0
0
0
0
0
0
0
0
0
0
0
0
0
0
0
0
0
0
0
0
0
0
0
0
0
0
0
0
0
0
0
0
0
0
0
0
0
0
0
0
0
0
0
0
0
0
0
0
0
0
0
0
0
0
0
0
0
0
0
0
0
0
0
0
0
0
0
0
0
0
0
0
0
0
0
0
0
0
0
0
0
0
0
0
0
0
0
0
0
0
0
0
0
0
0
0
0
0
0
0
0
0
0
0
0
0
0
0
0
0
0
0
0
0
""
