0
0
0
0
0
0
0
0
0
0
0
0
0
0
0
0
0
0
0
0
0
0
0
0
0
0
0
0
0
0
0
0
0
0
0
0
0
0
0
0
0
0
0
0
0
0
0
0
0
0
0
0
0
0
0
0
0
0
0
0
0
0
0
0
0
0
0
0
0
0
0
0
0
0
0
0
0
0
0
0
0
0
0
0
0
0
0
0
0
0
0
0
0
0
0
0
0
0
0
0
0
0
0
0
0
0
0
0
0
0
0
0
0
0
0
0
0
0
0
0
0
0
0
0
0
0
0
0
0
0
0
0
0
0
0
0
0
0
0
0
0
0
0
0
0
0
0
0
0
0
0
0
0
0
0
0
0
0
0
0
0
0
0
0
0
0
0
0
0
0
0
0
0
0
0
0
0
0
0
0
0
0
0
0
0
0
0
0
0
0
0
0
0
0
0
0
0
0
0
0
0
0
0
0
0
0
0
0
0
0
0
0
0
0
0
0
0
0
0
0
0
0
0
0
0
0
0
0
0
0
0
0
0
0
0
0
0
0
0
0
0
0
0
0
0
0
0
0
0
0
0
0
0
0
0
0
0
0
0
0
0
0
0
0
0
0
0
0
0
0
0
0
0
0
0
0
0
0
0
0
0
0
0
0
0
0
0
0
0
0
0
0
0
0
0
0
0
0
0
0
0
0
0
0
0
0
0
0
1.9305301202507E-44
2.43103019116138E-23
1.84935416535181E-16
4.33189960732885E-13
5.63192277269311E-11
1.30475691581077E-09
1.22733531386902E-08
6.58007037073731E-08
2.26461971366933E-07
6.42797557256157E-07
1.50859834678059E-06
3.07032131416566E-06
5.60036079943211E-06
8.70362322878007E-06
1.35985108922432E-05
2.00916919349456E-05
3.05315776278304E-05
4.14624246559642E-05
5.84133745630237E-05
8.46950045750796E-05
1.05838154450477E-04
1.06732231249091E-04
1.37585716091092E-04
1.62999698453864E-04
1.77803785654661E-04
2.34658033024472E-04
2.84860326150813E-04
3.03412094274044E-04
3.19171995557943E-04
3.55391848004607E-04
5.76377468689163E-04
5.75772287316971E-04
7.54892958284402E-04
6.83744331938486E-04
7.02647377360134E-04
7.56764279436695E-04
8.54510260797334E-04
8.67592838440907E-04
9.2407972335006E-04
1.03278272006667E-03
1.09335730167648E-03
1.21206352686378E-03
1.39801258388479E-03
1.46881224028214E-03
1.60676048009927E-03
1.68097445418203E-03
1.75524026072722E-03
1.90571740221405E-03
1.98297534248474E-03
2.06008857565229E-03
2.13700180647915E-03
2.30221119385204E-03
2.38163233765309E-03
2.83927150329482E-03
2.93005479501706E-03
3.12102444839232E-03
3.31744952920304E-03
3.41259702564081E-03
3.5071134649503E-03
3.71350091122346E-03
3.92502721347475E-03
3.90494084131145E-03
4.6055396591248E-03
4.34147205163377E-03
4.69389470045074E-03
4.66768430159708E-03
4.89988625257124E-03
5.00151650091247E-03
5.1022244667723E-03
6.32676089376157E-03
6.59024363537166E-03
9.7761238734308E-03
1.02487779675388E-02
1.05789800644762E-02
8.91449054748678E-03
9.21830859565122E-03
9.52569326413483E-03
9.99782821444102E-03
9.49598218098339E-03
6.64669111435261E-03
6.74343059309411E-03
7.52309520483551E-03
7.28063495962088E-03
7.55479816812243E-03
7.65456786855667E-03
9.01546600779935E-03
8.94649463419102E-03
9.42864044799071E-03
1.14398258354934E-02
1.73064513511959E-02
1.63356615275501E-02
1.43345466709596E-02
1.53865842598292E-02
1.59983350889494E-02
1.73729554440673E-02
1.82893725918815E-02
1.78781632172743E-02
0.019080351380564
2.06191894642817E-02
2.07229345192367E-02
1.89316673688288E-02
2.21129550827343E-02
2.51330230263348E-02
2.62580381826159E-02
2.74110072229634E-02
2.82301410768163E-02
0.029056311503399
2.98893789869627E-02
2.87593852765255E-02
3.40045546596744E-02
2.66080828941469E-02
2.13384003498523E-02
2.14553658154933E-02
2.20029341058983E-02
1.61101847641642E-02
1.79214686250561E-02
1.78716557879819E-02
1.53291853170877E-02
1.31568440497276E-02
1.39763902600162E-02
1.48210509538824E-02
1.56909870250467E-02
2.93025591904554E-02
2.88023378955146E-02
2.99877181168227E-02
2.94341305112732E-02
5.76708055835298E-02
3.98352769657078E-02
3.68761731358822E-02
2.54897874675522E-02
2.53314190139135E-02
0.027797921571021
2.69695438396497E-02
6.86672319398183E-02
6.99155256121302E-02
7.11686233146369E-02
7.24264093704179E-02
7.36887696936609E-02
7.49555917569412E-02
7.62267645591699E-02
7.75021785942111E-02
7.87817258201519E-02
8.00652996292289E-02
8.13527948183942E-02
8.26441075605177E-02
8.39391353762164E-02
8.52377771063017E-02
8.65399328848313E-02
0.087845504112764
8.91543934321989E-02
9.04665047011948E-02
0.091781742969158
9.31000144527864E-02
9.44212265125612E-02
8.61707588668011E-02
8.25112912764874E-02
8.36413569668919E-02
8.57709531758139E-02
8.48973134393302E-02
8.80684733714708E-02
8.81828208906715E-02
9.87808651204875E-02
9.89796330452297E-02
0.10454220732365
0.109123220808114
0.110472880410506
0.109587883183575
0.106386955797048
0.111096552461711
0.114730150341525
0.117247073552452
0.118606551212463
0.119967399007617
8.00774983730188E-02
7.97503914791507E-02
5.08635452740657E-02
5.26776700230189E-02
5.32516437897513E-02
0.056389154722946
5.69912549914061E-02
5.49758110662045E-02
5.55511856557971E-02
0.056126838778357
5.40026117266782E-02
5.45513032424639E-02
6.06101984808271E-02
5.98229085704717E-02
6.32231864550426E-02
0.059585050279673
5.87294545878382E-02
8.67696729899831E-02
8.61339546227765E-02
8.69444097597689E-02
7.28811392507301E-02
6.45475281391957E-02
6.51380689880128E-02
6.41999449526661E-02
6.78611396396002E-02
6.53529978906212E-02
7.84872465545699E-02
8.23400015450249E-02
8.62473473967754E-02
0.130481195798581
0.131590865667342
0.104849371342176
9.74654585406032E-02
0.146575838835231
0.149458029933672
0.150673787980947
0.141649012260783
0.144501442111941
0.145646369921891
0.148537870751064
0.142650052658279
0.140201856138924
0.141274885227422
0.14955431311778
0.150679449955988
0.155461326587251
0.158453612756325
0.159615640952989
0.162645818090629
0.165701570744336
0.140336267099211
0.141331314238183
0.113475388458878
0.112329916727078
0.109206454380086
9.22839767777194E-02
9.68653105731307E-02
9.55285158800723E-02
0.10017457179791
0.100839234300741
9.74427223269075E-02
9.39921255511199E-02
0.100770231123128
9.93475694651586E-02
8.95657210105574E-02
9.64198196776802E-02
0.103351705286374
0.103994151975611
0.106770804075248
0.156838850224716
0.162113487635902
0.152216607793944
0.155312953379497
0.176037040628539
0.177071394062788
0.158066890518338
0.156741761701605
0.162144964741242
0.135889797496107
0.138934655610362
0.142003252832216
9.90334199088094E-02
0.09726360608054
0.179291938034521
0.182605967956617
0.183589071101497
0.184569684609044
0.180790143715208
0.181740675916663
0.158650710469517
9.90658068549382E-02
0.106860422229364
0.095199724721563
0.103040981273429
0.103557717564616
0.116462614074302
0.124508019578872
0.125117844270696
0.128240371511978
0.128858673193232
0.129475088464915
0.124988046771767
0.12557661333052
0.13131284010616
0.103467870245329
0.11173950958877
0.114859831062264
0.125868902506876
0.134336407407223
0.14287242145635
0.170078951084503
0.146802753002145
0.152803167158668
0.153462944206121
0.156824213646565
0.184644289310414
0.17996922036525
0.153339925749091
0.164974599395064
0.146327548970437
0.144153054968844
0.20875554766537
0.204005533666308
0.207624832573823
0.253515680104492
0.257338516152219
0.258340387802572
0.262187978531324
0.263192441170626
0.264192654383667
0.265188591643597
0.257500436595762
0.249743563498727
0.256491768241455
0.260353109049783
0.261295508297042
0.262233620483087
0.263167421084192
0.264096885737101
0.270977540580988
0.271918951231178
0.257863774812507
0.264762241357737
0.259621755375674
0.257465262162595
0.258323326871766
0.246980501832803
0.256967334181685
0.276216885503973
0.277106982145994
0.244015560738059
0.198309795129062
0.195824422523065
0.193316320753598
0.259593565773833
0.260388294759879
0.261178596259641
0.315619819664397
0.316561249561614
0.317497273538301
0.318427868070433
0.319353009804751
0.320272675558471
0.321186842318995
0.322095487243643
0.322998587659381
0.323896121062564
0.318292303816313
0.319160909708892
0.326555096695953
0.327430140391615
0.3282995070888
0.329163175295179
0.287118377606997
0.314329664549663
0.295230601139923
0.299304395310805
0.303389721605047
0.304144143732287
0.311594198088489
0.335864851475474
0.336676293730132
0.337481831767453
0.338281445930616
0.339075116728692
0.329666940091405
0.323612323539753
0.324349262683118
0.301127184379991
0.301799211696695
0.32308858461266
0.344462795629351
0.345208237696257
0.345947568423328
0.346680769971642
0.298770729213523
0.299390694899372
0.300005344316144
0.349551933358328
0.350254227187229
0.350950288257559
0.348123698882054
0.352323645532728
0.35300090885272
0.353671873644312
0.354336523874827
0.35499484367538
0.355646817340818
0.356292429329672
0.356931664264103
0.350413216791259
0.351027123430687
0.337282298090992
0.33785905972778
0.342030073526711
0.238017328015369
0.252858545719049
0.249651783097557
0.279044423212535
0.275857207142658
0.301736646698156
0.305843747046951
0.295370312738322
0.303118606297768
0.303568337581459
0.289361380973162
0.289778999117437
0.293864691429203
0.294276984589638
0.239430715473032
0.247134190516443
0.225304952177259
0.229301466376811
0.244413227427056
0.211355065482095
0.219047488448873
0.319686740588733
0.342409156115585
0.324190023203782
0.328304938150171
0.317482312842568
0.321585502142465
0.31446060619806
0.314808728542602
0.311399329299674
0.3117319908123
0.315818729144197
0.316143914379461
0.316463346063835
0.362030876299198
0.377482046636659
0.3778417215967
0.378194512662484
0.378540411634443
0.378879410476088
0.379211501314016
0.379536676437922
0.379854928300602
0.380166249517967
0.380470632869046
0.380768071296003
0.381058557904138
0.381342085961901
0.381618648900903
0.381888240315921
0.38215085396491
0.382406483769013
0.38265512381257
0.382896768343128
0.363974841182877
0.318188010397365
0.349057503140322
0.349251886619153
0.349439880235566
0.345779485364294
0.37670411762948
0.380731675194041
0.303957163115543
0.304092576168548
0.304222421289176
0.308199185296969
0.304465395875644
0.173494093520063
0.165841781915772
0.173613433408385
0.165949740329298
0.162138713692506
0.162184012351364
0.162226338974819
0.169992630329413
0.162302072281321
0.162335477218817
0.162365906629813
0.173992885514028
0.177886201482361
0.174042144680118
0.185666121158729
0.185683884167656
0.216647950100189
0.185709197154034
0.185716746548351
0.1934592614084
0.216675235314652
0.185718964484234
0.181843875039213
0.189572239134888
0.232113171894344
0.228224602296821
0.224332598051829
0.228172017096072
0.348009330263563
0.347953271868318
0.336294474061036
0.351686710935178
0.351610686861297
0.382431798138407
0.366887189382883
0.370648569612825
0.38598040368297
0.385861475043409
0.385735476836954
0.38560241196924
0.38546228350926
0.385315094689347
0.38516084890518
0.384999549715767
0.384831200843442
0.384655806173858
0.384473369755975
0.384283895802057
0.384087388687659
0.383883852951621
0.383673293296062
0.383455714586362
0.383231121851165
0.382999520282359
0.382760915235073
0.382515312227666
0.382262716941718
0.38200313522202
0.381736573076562
0.198360779071795
0.221085868766645
0.224728089301886
0.251196426431594
0.243391537705898
0.254593948741795
0.258179493051827
0.242786275451753
0.261526882022417
0.246147503311496
0.257274982838429
0.377995763758684
0.377639077044807
0.377275511147886
0.376905074522816
0.376527775787552
0.376143623723103
0.375752627273523
0.375354795545909
0.374950137810391
0.374538663500133
0.374120382211323
0.373695303703173
0.373263437897913
0.372824794880792
0.372379384900075
0.371927218367039
0.371468305855976
0.263411887253978
0.285308320229254
0.284939424494948
0.284565368181611
0.284186160059077
0.269058857904647
0.268689605958691
0.275666604952249
0.238573627303645
0.208911039068746
0.256184754781178
0.255807468702986
0.2517766303792
0.163953680673997
0.152788771884992
0.217930507907984
0.221213873881795
0.202757715348542
0.206045018558053
0.353673305743109
0.353087416035576
0.359688962940025
0.359078186448543
0.35846096668391
0.357837318298929
0.35720725610984
0.356570795096359
0.355927950401722
0.355278737332727
0.354623171359782
0.353961268116957
0.310897878193787
0.296199551068299
0.351937693565876
0.351250600859268
0.350557251509924
0.349857662135055
0.349151849515955
0.348439830598073
0.34772162249109
0.346997242468995
0.346266707970171
0.345530036597477
0.344787246118345
0.344038354464866
0.343283379733891
0.342522340187134
0.341755254251275
0.340982140518068
0.340203017744463
0.339417904852712
0.338626820930505
0.337829785231087
0.337026817173397
0.3362179363422
0.335403162488234
0.334582515528355
0.333756015545686
0.332923682789783
0.332085537676788
0.331241600789608
0.330391892878082
0.329536434859166
0.328675247817116
0.327808353003685
0.32693577183832
0.322796950649283
0.308914955120819
0.201056158705812
0.210202861652835
0.203167649272241
0.270128957386842
0.278983178725364
0.268592553337507
0.267817429325503
0.263858696055165
0.26308375064155
0.268624895596699
0.264671241300331
0.251307971570017
0.25054381845836
0.312219261038545
0.311253452666951
0.310282372438365
0.309306045005889
0.308324495195891
0.307337748008375
0.306345828617372
0.305348762371323
0.304346574793494
0.303339291582383
0.302326938612154
0.301309541933071
0.300287127771955
0.299259722532641
0.298227352796456
0.297190045322711
0.296147827049197
0.295100725092705
0.294048766749549
0.292991979496116
0.291930390989418
0.290864029067663
0.289792921750844
0.288717097241339
0.287636583924531
0.286551410369436
0.285461605329359
0.278679853787703
0.277602852398251
0.273699750862331
0.275435518835595
0.27714468593314
0.276038876005864
0.277705742762424
0.276579943303492
0.275449779547843
0.274315282131199
0.273176481881899
0.272033409821764
0.270886097167001
0.269734575329118
0.268578875915868
0.267419030732208
0.266255071781295
0.26508703126549
0.263914941587402
0.262738835350941
0.261558745362414
0.260374704631633
0.25918674637306
0.257994904006969
0.25679921116065
0.255599701669626
0.254396409578912
0.2531893691443
0.251978614833667
0.250764181328331
0.249546103524419
0.248324416534286
0.247099155687954
0.245870356534592
0.244638054844032
0.240968263742231
0.239741457162842
0.236102085678366
0.234881054998988
0.238425275921887
0.23480099550415
0.235916923706007
0.234657916439582
0.233395738762246
0.232130428741957
0.230862024686529
0.229590565145629
0.228316088912827
0.227038635027687
0.216727913066797
0.199782707014372
0.198638033414372
0.195271852587963
0.156631740133924
0.12281561531655
0.1177288644037
0.114859785350627
0.122786049453545
0.122042183770173
0.204289474068242
0.211491487484502
0.210178992775822
0.208864094094645
0.207546834457851
0.206227257169304
0.204905405822942
0.203581324305947
0.202255056801989
0.200926647794545
0.199596142070293
0.198263584722586
0.196929021155008
0.195592497085013
0.194254058547648
0.192913751899358
0.191571623821894
0.190227721326292
0.188882091756962
0.187534782795865
0.186185842466785
0.18483531913971
0.183483261535304
0.182129718729492
0.180774740158151
0.179418375621905
0.178060675291043
0.17670168971054
0.175341469805207
0.168760664878406
0.16916518199718
0.159266144853489
0.166491493443874
0.102799435672484
0.101965849637716
0.104447529467139
0.105229769906279
7.01125937679266E-02
7.11404622942129E-02
9.29812770107737E-02
0.158941632736991
0.157570183740621
0.156198256437242
0.154825908156199
0.153453196707607
0.152080180389998
0.15070691799816
0.149333468831157
0.14795989270054
0.146586249938759
0.145212601407768
0.107879256380881
0.106849149889952
0.115695635117572
0.115966924266349
0.120361403302024
0.115058215710334
0.11390578745693
0.118123007921618
0.126216830004844
0.12623000190377
0.130120050913455
0.128751285816562
0.127383358655617
0.12601633873461
0.124650296043935
0.123285301272981
0.121921425823017
0.120558741820392
0.119197322130043
0.117837240369354
7.68758568087168E-02
8.40386139364287E-02
0.086461985523467
8.65570799242837E-02
8.99582205998195E-02
8.88643445562043E-02
0.087771987711712
8.66812150097058E-02
8.55920921169125E-02
8.45046854376438E-02
0.084448927092914
8.33517751757299E-02
8.22565669616366E-02
0.081163372812553
7.81192818677399E-02
7.99465234193909E-02
0.077896590835015
7.77489071178022E-02
7.66536725556894E-02
7.64712946129309E-02
7.62652085454953E-02
7.60355881564329E-02
8.01379345855773E-02
7.89385757186723E-02
7.85874364424555E-02
7.15571689081069E-02
7.37217646843887E-02
7.01427984576728E-02
6.90245966174409E-02
0.067909858011347
7.14054800167142E-02
6.26708582715736E-02
4.15734666383277E-02
3.57572706624976E-02
3.80085447893832E-02
3.80479073916134E-02
0.039448955394109
4.00982701692593E-02
0.039366354243719
0.03077898737767
3.27710751157322E-02
3.15160831102357E-02
3.27607844861029E-02
2.48456068532776E-02
2.73198671902103E-02
2.61849848569592E-02
2.50767847478949E-02
2.56692247065532E-02
0.02676326164076
0.025651943066367
3.86803501815201E-02
3.83299729451148E-02
3.44650546335127E-02
1.75676625840543E-02
1.62030076473228E-02
1.58168111754728E-02
1.45253123714608E-02
1.46093529394468E-02
1.51051908179863E-02
1.51389099282927E-02
1.88395066877403E-02
1.79399790559136E-02
1.62902079761362E-02
1.58400435932515E-02
1.50270474028195E-02
1.28150006331076E-02
1.20932827842301E-02
1.17307946289544E-02
1.16965327910045E-02
1.03863751269718E-02
1.00541871150709E-02
1.00200288159445E-02
8.83015784027632E-03
6.87713909514146E-03
6.90128559267042E-03
6.14139285379886E-03
6.1614898413742E-03
6.16566272989309E-03
5.92637191490726E-03
5.47128294534354E-03
5.24712296471325E-03
4.82497081763216E-03
5.19264576044321E-03
5.14434304697784E-03
4.5324731798768E-03
4.29631731621074E-03
4.41758725750838E-03
4.70797751675352E-03
4.47229060396437E-03
4.24070581506025E-03
4.01329296194784E-03
3.95491076391382E-03
4.86990964300813E-03
5.59466385310253E-03
5.34954292647593E-03
5.10860184042516E-03
7.91686133909283E-03
8.23147116752258E-03
8.23499274258866E-03
6.49882533292069E-03
6.37910363760388E-03
6.11917151145148E-03
3.95447266567678E-03
3.74150452869374E-03
3.79506743017691E-03
3.7142933488323E-03
4.63497272430211E-03
3.91795581992309E-03
3.58737816068393E-03
2.9174872985242E-03
2.73113651188569E-03
2.55009088449019E-03
1.94271700460183E-03
1.78438479569051E-03
1.63167562357548E-03
1.58364034522875E-03
1.43937557481229E-03
1.30093014592273E-03
1.25824437161941E-03
1.21538224495114E-03
1.17236841796833E-03
1.12923000373065E-03
9.30854365472206E-04
9.68222617875925E-04
9.27994972606187E-04
1.09265074903848E-03
9.78015262665022E-04
9.31778318135551E-04
8.85702773512066E-04
8.39846600521248E-04
7.94272453153149E-04
7.49047899338566E-04
7.51195346271979E-04
6.59943686846639E-04
6.16225548495934E-04
6.11392331953203E-04
5.30902698337621E-04
4.56860159765994E-04
3.89182791439479E-04
3.55078310402214E-04
3.22014063831526E-04
2.67778859989075E-04
2.19512462488293E-04
1.94710363409497E-04
1.71149242647122E-04
1.7599561102584E-04
1.86338608224545E-04
1.48358344086905E-04
1.15891627403285E-04
9.53966309832071E-05
7.70424149492213E-05
6.52116521241851E-05
4.68673505400777E-05
3.50217658311256E-05
2.52569211782453E-05
1.6210981870537E-05
1.06452726124311E-05
6.06029650733525E-06
3.45745494913432E-06
1.78765761564332E-06
6.10689526913402E-07
2.09186894968162E-07
6.42518312216503E-08
1.25554775295566E-08
1.75615117207643E-09
1.01719553185999E-10
2.02410015802535E-12
4.71681531731642E-15
5.39465089140471E-20
5.05682846888773E-32
1.07498789207128E-102
0
0
0
0
0
0
0
0
0
0
0
0
0
0
0
0
0
0
0
0
0
0
0
0
0
0
0
0
0
0
0
0
0
0
0
0
0
0
0
0
0
0
0
0
0
0
0
0
0
0
0
0
0
0
0
0
0
0
0
0
0
0
0
0
0
0
0
0
0
0
0
0
0
0
0
0
0
0
0
0
0
0
0
0
0
0
0
0
0
0
0
0
0
0
0
0
0
0
0
0
0
0
0
0
0
0
0
0
0
0
0
0
0
0
0
0
0
0
0
0
0
0
0
0
0
0
0
0
0
0
0
0
0
0
0
0
0
0
0
0
0
0
0
0
0
0
0
0
0
0
0
0
0
0
0
0
0
0
0
0
0
0
0
0
0
0
0
0
0
0
0
0
0
0
0
0
0
0
0
0
0
""
