0
0
0
0
0
0
0
0
0
0
0
0
0
0
0
0
0
0
0
0
0
0
0
0
0
0
0
0
0
0
0
0
0
0
0
0
0
0
0
0
0
0
0
0
0
0
0
0
0
0
0
0
0
0
0
0
0
0
0
0
0
0
0
0
0
0
0
0
0
0
0
0
0
0
0
0
0
0
0
0
0
0
0
0
0
0
0
0
0
0
0
0
0
0
0
0
0
0
0
0
0
0
0
0
0
0
0
0
0
0
0
0
0
0
0
0
0
0
0
0
0
0
0
0
0
0
0
0
0
0
0
0
0
0
0
0
0
0
0
0
0
0
0
0
0
0
0
0
0
0
0
0
0
0
0
0
0
0
0
0
0
0
0
0
0
0
0
0
0
0
0
0
0
0
0
0
0
0
0
0
0
0
0
0
0
0
0
0
0
0
0
0
0
0
0
0
0
0
0
0
0
0
0
0
0
0
0
0
0
0
0
0
0
0
0
0
0
0
0
0
0
0
0
0
0
0
0
0
0
0
0
0
0
0
0
0
0
0
0
0
0
0
0
0
0
0
0
0
0
0
0
0
0
0
0
0
0
0
0
0
0
0
0
0
0
0
0
0
0
0
0
0
0
0
0
0
0
0
0
0
0
0
0
0
0
0
0
0
0
0
0
0
0
0
0
0
0
0
0
0
0
0
0
0
0
0
0
0
0
0
0
0
0
0
0
0
0
0
0
0
0
0
0
0
0
0
0
0
0
0
0
0
0
0
0
0
0
0
0
0
0
0
0
0
0
0
0
0
0
0
0
0
0
0
0
0
0
0
0
0
0
0
0
0
0
0
0
0
0
0
0
0
0
0
0
0
0
0
0
0
0
0
0
0
0
0
0
0
0
0
0
0
0
0
0
0
0
0
0
0
0
0
0
0
0
0
0
0
0
0
0
0
0
0
0
0
0
0
0
0
0
0
0
0
0
0
0
0
0
0
0
0
0
0
0
0
0
0
0
0
0
0
0
0
0
0
0
0
0
0
0
0
0
0
0
0
0
0
0
0
0
0
0
0
0
0
0
0
0
0
0
0
0
0
0
0
0
0
0
0
0
0
0
0
0
0
0
0
0
0
0
0
0
0
0
0
0
0
0
0
0
0
0
0
0
0
0
0
0
0
0
4.48571816935713E-115
6.86831603097052E-28
1.97411273937072E-16
5.67548666243726E-12
1.42478341352642E-09
4.4558160464474E-08
4.68011518512676E-07
2.39808593220275E-06
8.78629603199704E-06
2.43772052085504E-05
5.5534678312586E-05
1.12305487006541E-04
1.9840444917935E-04
3.22011671643352E-04
4.8874564040696E-04
7.02891055859482E-04
9.67364998193127E-04
1.28380308838459E-03
1.65271330047278E-03
2.07365872139979E-03
2.64210604044668E-03
2.98866007072818E-03
3.21998222404021E-03
2.41861396891509E-03
3.22510719570717E-03
3.61014881860623E-03
3.76041922041158E-03
4.12393390554884E-03
4.58518009626937E-03
5.17265394885955E-03
5.19243551724688E-03
5.40136404198126E-03
5.57646001944958E-03
5.56068928847012E-03
6.31359280162687E-03
7.29852824512244E-03
1.06421455470285E-02
1.17277539119952E-02
8.36497744043268E-03
8.84801907756005E-03
9.09504097332311E-03
1.33498547165647E-02
1.34885222943187E-02
1.49645108266822E-02
1.50691509280447E-02
1.66365242134367E-02
1.67047093846368E-02
1.83615568984957E-02
1.97535841416841E-02
2.93203900689275E-02
3.11026780829888E-02
3.67184744639811E-02
3.75487776997152E-02
3.71390015642403E-02
2.49714659111648E-02
2.48615526817874E-02
3.17555816544995E-02
3.30977752849254E-02
3.39944455140457E-02
3.67979983474645E-02
4.90047582949928E-02
5.02129260723461E-02
5.14138780181477E-02
5.26074027265452E-02
5.37933091441232E-02
5.49714249138984E-02
5.61415948511697E-02
5.73036795408088E-02
5.84575540463614E-02
5.96031067220451E-02
5.95254333570402E-02
6.18688599812087E-02
0.062988894315099
6.41002725414039E-02
6.52029347083594E-02
6.62968287697989E-02
6.73819099201444E-02
6.84581399821261E-02
6.95254868430033E-02
7.05839239354123E-02
7.16334297592704E-02
7.26739874414676E-02
7.37055843303338E-02
7.47282116221217E-02
7.57418640169666E-02
6.52345584916929E-02
6.53034803899076E-02
6.92814891099638E-02
6.93448500573584E-02
7.09944614856504E-02
7.18391303614094E-02
7.92828372619272E-02
8.01871467081787E-02
0.081927516318411
8.36778314466126E-02
8.45748335672981E-02
0.083719007850514
8.36996634686086E-02
8.45440125076092E-02
8.98736854804986E-02
9.07448940476024E-02
0.091607344386158
9.15364476328146E-02
9.33060575925938E-02
9.41423648526508E-02
9.49700025444481E-02
9.57889933786898E-02
9.65993601777802E-02
0.097401125830405
9.81943132500611E-02
9.89789453372328E-02
9.97550449449393E-02
0.100522634847393
0.101281737711536
0.102032376071231
0.102774572303903
0.103508348609453
0.104233726991255
0.104950729239088
0.105659376913849
0.106359691333908
0.10705169356298
0.107735404399396
0.108410844366657
0.109078033705183
0.109736992365143
0.110387740000307
0.111030295962803
0.111664679298743
0.112290908744614
0.112909002724397
0.113518979347338
0.114120856406321
0.114714651376788
0.115300381416172
0.115878063363781
0.116447713741098
0.117009348752471
0.117562984286145
0.118108635915599
0.118646318901176
0.119176048191968
0.11969783842792
0.120211703942153
0.120717658763458
0.121215716618959
0.121705890936922
0.12218819484968
0.122662641196678
0.123129242527609
0.123588011105624
0.124038958910622
0.124482097642582
0.124917438724954
0.125344993308069
0.125764772272586
0.126176786232951
0.126581045540859
0.126977560288729
0.127366340313157
0.127747395198374
0.128120734279669
0.128486366646799
0.128844301147369
0.129194546390177
0.12953711074852
0.129872002363468
0.130199229147078
0.130518798785579
0.130830718742489
0.131134996261692
0.131431638370453
0.131720651882375
0.132002043400298
0.132275819319136
0.132541985828651
0.132800548916158
0.13305151436917
0.133294887777975
0.133530674538133
0.133758879852923
0.1339795087357
0.134192566012196
0.134398056322736
0.134595984124394
0.134786353693064
0.134969169125466
0.135144434341072
0.135312153083963
0.135472328924605
0.135624965261553
0.134412364669852
0.13454855584705
0.136037668690809
0.136160177615739
0.13627516150544
0.136382622758546
0.121469481614311
0.122917487526066
0.110694512730223
0.116226691167477
0.114918016196838
0.116339099597623
0.116385727597243
0.112316820795708
0.112349488809235
0.113746439779562
0.112396357149958
0.112410558438127
0.113789563497891
0.113791478372108
0.113787163568748
9.32145794212348E-02
9.59420374864484E-02
8.08490787314306E-02
0.120557459553631
0.119150312094698
0.119106603298434
0.135477928188388
0.13678113169126
0.136708359123174
0.13662807290378
0.136540271373946
0.13644495271603
0.13634211495299
0.136231755947404
0.136113873400431
0.135988464850677
0.135855527672998
0.120786402578727
0.120654679935047
0.134057400480974
0.135248434375197
0.135077808855757
0.134899635441883
0.134713910322142
0.134520629509002
0.13431978883695
0.134111383960535
0.133895410352339
0.133671863300867
0.133440737908375
0.133202029088618
0.132955731564525
0.132701839865811
0.132440348326512
0.132171251082449
0.131894542068634
0.131610215016595
0.13131826345165
0.131018680690103
0.130711459836387
0.130396593780139
0.130074075193224
0.129743896526692
0.129406050007691
0.129060527636315
0.128707321182417
0.128346422182364
0.127977821935753
0.127601511502092
0.127217481697434
0.126825723090995
0.126426226001729
0.126018980494896
0.125603976378603
0.125181203200344
0.124750650243527
0.124312306524013
0.123866160786661
0.123412201501894
0.122950416862295
0.122480794779237
0.122003322879567
0.121517988502344
0.121024778695657
0.120523680213523
0.120014679512883
0.119497762750724
0.11897291578132
0.118440124153638
0.117899373108898
0.117350647578342
0.1167939321812
0.116229211222913
0.115656468693603
0.115075688266852
0.114486853298797
0.113889946827592
0.113284951573256
0.112671849937959
0.112050624006787
0.11142125554902
0.110783726019989
0.110138016563547
0.109484108015224
0.108821980906124
0.108151615467623
9.45762326405195E-02
7.36824014539777E-02
0.080629074209339
8.22021446193851E-02
8.16468909655313E-02
7.06895868149539E-02
6.60650647781832E-02
0.102489646328005
9.56395484539708E-02
9.49308856754827E-02
7.61732299685289E-02
7.55873721907271E-02
0.076968594071695
7.63540123841803E-02
7.67036833597385E-02
7.60676729627289E-02
6.58774099697626E-02
6.81495753195998E-02
6.94276976664219E-02
7.43852479235415E-02
7.55492289167713E-02
7.57591871552216E-02
7.59446581224361E-02
7.78960755164939E-02
0.088652343060112
8.77601589041686E-02
8.68591465107205E-02
8.59492865735825E-02
8.50305605889358E-02
8.41029509669579E-02
8.31664411532093E-02
8.22210157605874E-02
8.12666607127327E-02
8.03033633998462E-02
7.93311128479586E-02
7.83498999027853E-02
0.077359717429394
7.63605605290239E-02
7.53524267745093E-02
7.43353164658863E-02
7.33092329079031E-02
7.22741827113024E-02
7.12301761199103E-02
6.87736828184307E-02
6.84242015040115E-02
6.80445825844148E-02
6.69649386002038E-02
6.58764574871348E-02
6.47791799066496E-02
5.60323749729975E-02
5.63025896211185E-02
5.71346259765909E-02
5.54789180895201E-02
4.79218559940479E-02
4.69913514810609E-02
4.66227095361513E-02
4.56672332236395E-02
4.47051695871206E-02
4.37366377983744E-02
4.27617703920677E-02
4.22902353613373E-02
3.73112496113037E-02
4.22275782385826E-02
4.16413128638288E-02
4.05638487710289E-02
3.72375912801858E-02
3.70836751519406E-02
3.60276705430023E-02
0.03496720114037
3.35037769918732E-02
3.51520807045703E-02
3.43785898257563E-02
0.033576840044245
3.48375662097453E-02
3.35690171552092E-02
3.22992173269019E-02
3.10289693927054E-02
2.97591488451447E-02
2.84907099533814E-02
2.72246921042082E-02
2.12890257537782E-02
2.47045434033981E-02
0.023452979292978
2.22089849000921E-02
2.09741330438019E-02
1.89601217033678E-02
1.77972551852135E-02
1.66484763179856E-02
1.13136339504105E-02
9.90107150270719E-03
9.98099889627327E-03
9.30574557207244E-03
7.46222504541106E-03
5.61898887132544E-03
4.98012007034206E-03
4.72388453002904E-03
3.89663789405689E-03
0.003300360941609
2.46848770643834E-03
2.02792423860023E-03
1.68336286147926E-03
1.4480815060212E-03
1.10427443532782E-03
9.88874945333944E-04
6.66501778399189E-04
5.12014415577918E-04
3.58984958263171E-04
2.56716502509447E-04
1.75068113138361E-04
1.160154591872E-04
6.9351964805189E-05
3.7763049826228E-05
1.66022333657405E-05
6.5855909577271E-06
2.15767305944859E-06
5.12751744641464E-07
7.50992939985278E-08
5.21352597095019E-09
9.12755890249725E-11
9.47851365720008E-14
7.34463222617494E-20
2.62245160412224E-39
0
0
0
0
0
0
0
0
0
0
0
0
0
0
0
0
0
0
0
0
0
0
0
0
0
0
0
0
0
0
0
0
0
0
0
0
0
0
0
0
0
0
0
0
0
0
0
0
0
0
0
0
0
0
0
0
0
0
0
0
0
0
0
0
0
0
0
0
0
0
0
0
0
0
0
0
0
0
0
0
0
0
0
0
0
0
0
0
0
0
0
0
0
0
0
0
0
0
0
0
0
0
0
0
0
0
0
0
0
0
0
0
0
0
0
0
0
0
0
0
0
0
0
0
0
0
0
0
0
0
0
0
0
0
0
0
0
0
0
0
0
0
0
0
0
0
0
0
0
0
0
0
0
0
0
0
0
0
0
0
0
0
0
0
0
0
0
0
0
0
0
0
0
0
0
0
0
0
0
0
0
0
0
0
0
0
0
0
0
0
0
0
0
0
0
0
0
0
0
0
0
0
0
0
0
0
0
0
0
0
0
0
0
0
0
0
0
0
0
0
0
0
0
0
0
0
0
0
0
0
0
0
0
0
0
0
0
0
0
0
0
0
0
0
0
0
0
0
0
0
0
0
0
0
0
0
0
0
0
0
0
0
0
0
0
0
0
0
0
0
0
0
0
0
0
0
0
0
0
0
0
0
0
0
0
0
0
0
0
0
0
0
0
0
0
0
0
0
0
0
0
0
0
0
0
0
0
0
0
0
0
0
0
0
0
0
0
0
0
0
0
0
0
0
0
0
0
0
0
0
0
0
0
0
0
0
0
0
0
0
0
0
0
0
0
0
0
0
0
0
0
0
0
0
0
0
0
0
0
0
0
0
0
0
0
0
0
0
0
0
0
0
0
0
0
0
0
0
0
0
0
0
0
0
0
0
0
0
0
0
0
0
0
0
0
0
0
0
0
0
0
0
0
0
0
0
0
0
0
0
0
0
0
0
0
0
0
0
0
0
0
0
0
0
0
0
0
0
0
0
0
0
0
0
0
0
0
0
0
0
0
0
0
0
0
0
0
0
0
0
0
0
0
0
0
0
0
0
0
0
0
0
0
0
0
0
0
0
0
0
0
0
0
0
0
0
0
0
0
0
0
0
0
0
0
0
0
0
0
0
0
0
0
0
0
0
0
0
0
0
0
0
0
0
0
0
0
0
0
""
