0
0
0
0
0
0
0
0
0
0
0
0
0
0
0
0
0
0
0
0
0
0
0
0
0
0
0
0
0
0
0
0
0
0
0
0
0
0
0
0
0
0
0
0
0
0
0
0
0
0
0
0
0
0
0
0
0
0
0
0
0
0
0
0
0
0
0
0
0
0
0
0
0
0
0
0
0
0
0
0
0
0
0
0
0
0
0
0
0
0
0
0
0
0
0
0
0
0
0
0
0
0
0
0
0
0
0
0
0
0
0
0
0
0
0
0
0
0
0
0
0
0
0
0
0
0
0
0
0
0
0
0
0
0
0
0
0
0
0
0
0
0
0
0
0
0
0
0
0
0
0
0
0
0
0
0
0
0
0
0
0
0
0
0
0
0
0
0
0
0
0
0
0
0
0
0
0
0
0
0
0
0
0
0
0
0
0
0
0
0
0
0
0
0
0
0
0
0
0
0
0
0
0
0
0
0
0
0
0
0
0
0
0
0
0
0
0
0
0
0
0
0
0
0
0
0
0
0
0
0
0
0
0
0
0
0
0
0
0
0
0
0
0
0
0
0
0
0
0
0
0
0
0
0
0
0
0
0
0
0
0
0
0
0
0
0
0
0
0
0
0
0
0
0
0
0
1.20684227290241E-67
7.03534103424695E-31
9.18482168271909E-21
4.97562731095732E-16
2.60857587620323E-13
1.6131643821109E-11
2.94358886425707E-10
2.54066815748856E-09
1.26158982174546E-08
5.02908718932299E-08
1.21516891525498E-07
2.96873760437064E-07
6.30484402010044E-07
1.20007472051672E-06
2.39240568547429E-06
3.15942773880496E-06
4.84581963734167E-06
6.53774959929925E-06
3.67048987764019E-05
5.28897855467813E-05
8.05770682496898E-05
1.03458897542715E-04
2.00429896663314E-04
1.8725374906524E-04
2.30147428611387E-04
3.25711747098697E-04
4.39109991714823E-04
4.78853985251605E-04
5.08153246558519E-04
5.7973594633897E-04
6.87735221570995E-04
8.07783619858862E-04
9.00238076271587E-04
1.0632949239427E-03
1.13391291951407E-03
1.22817357592911E-03
1.35263912971511E-03
1.57742507388972E-03
1.70362608084046E-03
1.83279269364485E-03
1.96467239640945E-03
2.09902197863179E-03
2.23560810952194E-03
2.37420770966111E-03
2.51460815484135E-03
2.65660734222525E-03
2.80001364471806E-03
2.94464577566273E-03
3.09033258262915E-03
2.68663761250367E-03
2.47049131399588E-03
2.68443839363905E-03
2.68679603042286E-03
0.002833659634419
2.82453665740157E-03
2.84782728850584E-03
2.95069103149065E-03
3.0534980627446E-03
3.01896200923225E-03
3.2587030196707E-03
4.18906257748467E-03
4.16564511805346E-03
4.08132375594713E-03
4.25047371431429E-03
4.47668570323434E-03
4.37191845317578E-03
4.48499835525801E-03
4.71540208051348E-03
4.89057630718583E-03
5.06796886531386E-03
5.18430559558541E-03
5.29993969076744E-03
5.41484916375819E-03
5.46158718194457E-03
5.7112269009523E-03
5.82522492975114E-03
5.86687369102441E-03
5.9779009952859E-03
5.93962187083888E-03
5.97076064988099E-03
6.69056598851226E-03
6.17911250582084E-03
6.28206796054026E-03
6.38420331314035E-03
6.40341982088345E-03
6.66936723094281E-03
6.77028557521513E-03
6.87036397464442E-03
6.96960202348219E-03
4.59419999211057E-03
4.12019628465394E-03
3.5403613981451E-03
3.58710548051506E-03
3.72660856645471E-03
3.30200450245895E-03
3.43837513429554E-03
4.6400431059551E-03
4.40165114165769E-03
4.35385239701242E-03
4.30334482333016E-03
4.95852164169562E-03
5.01274184337295E-03
5.06647547961632E-03
5.53766282210612E-03
6.12254745359252E-03
9.48992848930657E-03
9.47636992124167E-03
9.35113060340827E-03
9.3306756374164E-03
8.75334505444127E-03
8.83391458356132E-03
8.46242549744018E-03
8.53753718333533E-03
8.7267954223196E-03
8.33829871642616E-03
8.75425042196296E-03
9.94360102024939E-03
1.03087178664227E-02
9.88670851568823E-03
1.07774756591484E-02
1.14266925040892E-02
1.18066947334372E-02
0.013394249422836
0.013819575989536
1.42487055698012E-02
1.48465382372553E-02
1.54578618518996E-02
1.59079260239711E-02
1.45636500900223E-02
1.46010391547057E-02
0.015001082132761
1.52091428152663E-02
1.64105229055744E-02
1.68349640050238E-02
2.10516721111209E-02
2.15764559122282E-02
2.21047345134262E-02
2.26364478158107E-02
2.31715364108612E-02
2.37099415712069E-02
2.42516052413513E-02
2.47964700283717E-02
2.53444791926069E-02
2.58955766383487E-02
2.64497069045482E-02
2.70068151555493E-02
2.75668471718588E-02
2.81297493409631E-02
2.86954686482006E-02
2.92639526676951E-02
2.98351495533611E-02
3.04090080299835E-02
3.09854773843792E-02
3.15645074566458E-02
3.21460486315017E-02
3.27300518297197E-02
3.33164684996614E-02
3.39052506089123E-02
3.44963506360207E-02
3.50897215623448E-02
3.56853168640069E-02
3.62830905039595E-02
3.68829969241614E-02
0.037484991037868
3.80890282220346E-02
3.86950643098338E-02
3.93030555832877E-02
3.99129587660151E-02
4.05247310160933E-02
4.11383299190351E-02
4.17537134808791E-02
4.23708401213964E-02
4.29896686674086E-02
4.36101583462196E-02
4.42322687791607E-02
4.48559599752446E-02
4.54811923249328E-02
4.61079265940103E-02
4.67361239175702E-02
0.047365745794105
0.047996754079704
4.86291109823566E-02
4.92627790563584E-02
4.98977211968208E-02
5.05339006342806E-02
5.11712809294112E-02
5.18098259678304E-02
0.050351519956807
5.14975593889253E-02
5.37320931668685E-02
5.43749423572312E-02
5.50187804181779E-02
5.56635730813251E-02
5.63092863695379E-02
5.69558865924771E-02
5.76033403422331E-02
5.82516144890417E-02
5.89006761770852E-02
4.94269090409107E-02
4.99668566419302E-02
5.05073774215952E-02
5.10484449855611E-02
5.15900331504245E-02
5.02478225933752E-02
5.01361293885321E-02
4.80882492613465E-02
4.85792849657019E-02
4.84163998830839E-02
4.82407345038695E-02
4.60500767794878E-02
4.17853148078294E-02
4.15119948286025E-02
4.19128297654587E-02
3.88454972780853E-02
3.85135459880142E-02
3.74617448050945E-02
3.49569214272181E-02
0.035279488804408
3.92350023380581E-02
4.17901161319029E-02
4.14258172331686E-02
4.03020498450463E-02
3.99048777036354E-02
5.62037666354472E-02
3.29422314553349E-02
3.55435602721248E-02
3.74051115175551E-02
6.20828874526863E-02
5.78484387918694E-02
5.51329316087825E-02
5.63926971821604E-02
0.077158050752109
7.77829490938926E-02
8.00583039428675E-02
7.98639476017085E-02
7.54637382192116E-02
7.77448456980877E-02
7.57938192498785E-02
7.72358007872896E-02
0.07782581531856
7.75441742616035E-02
8.77830051693497E-02
8.31310270335261E-02
8.37455728591779E-02
8.88468551727215E-02
8.94930587700872E-02
9.01387124413711E-02
0.089866785356425
9.23517968489057E-02
9.30021681151269E-02
9.36518925557463E-02
0.09430094768082
9.49493111361118E-02
0.095596960701754
9.62438742909318E-02
9.68900299485964E-02
9.75354058502045E-02
9.81799803004851E-02
9.88237317322305E-02
9.94666387051114E-02
0.10010867990452
0.100749834140435
0.101390080346309
0.102029397577981
0.102667765012612
0.103305161947644
0.103941567799772
0.104576962103953
6.41789079525771E-02
6.87990126159262E-02
0.10328256664687
0.103894778066349
0.107738052285534
0.108366954037775
0.108994704218306
0.109621283274589
0.110246671764245
0.110870850354241
0.1048041718309
0.112115501045155
0.112735935019729
0.11335508284046
0.113972925709542
0.103130500440623
0.102532113513356
0.101920225613812
8.26659215117902E-02
5.38392809728683E-02
5.17666773306295E-02
5.43994757903359E-02
5.58672404085774E-02
5.01781301432071E-02
5.28332290840662E-02
4.10304512868228E-02
6.54904184172079E-02
0.067032772029841
6.36872208035324E-02
6.89200440424317E-02
6.55429788980318E-02
0.064614617406879
6.49220703751414E-02
6.39742715486591E-02
5.67124655423623E-02
0.049379451351901
6.23272950687598E-02
5.87794602315376E-02
5.77631624145401E-02
0.107021850524437
0.110091690042812
0.111882136239063
0.113682541763421
0.122054931931036
0.110722343362787
0.112523787210448
0.115664485408931
0.116155938195562
0.116645750569226
0.10636297491436
0.10815668999171
0.108602492987594
0.110409822749536
0.135493150440811
0.136039004776263
0.135203262015314
0.135739684010029
0.133493020341821
0.13680657039913
0.138738404132793
0.139272207830718
0.141216113765679
0.141751135688181
0.142284049323867
0.142814840504394
0.143343495145305
0.143869999245812
0.144394338888591
0.144916500239578
0.145436469547774
0.145954233145052
0.146469777445969
0.146983088947587
0.144544271144708
0.146522930353109
0.141084018218085
0.125171541415344
0.1240980207219
0.124512718388309
0.150512634078057
0.151007606923815
0.14392521767244
0.142871058726022
0.131131399017286
0.131548924274353
0.130429915164008
0.130838493430082
0.132789068917673
0.13474708865269
0.136712468833533
0.137126865410628
0.137539084966689
0.141084324249227
0.132067998924004
0.138762577278912
0.158143164626542
0.158599049832986
0.159052391040568
0.159503176841917
0.159951395908825
0.157189096252327
0.157623287143411
0.156442124388494
0.160101197224078
0.160532063278833
0.159334460774073
0.151604997025382
0.15200237379736
0.154035952335297
0.142932282978584
0.14329703908811
0.161823287629725
0.162228867043013
0.16429129173952
0.128096593256972
0.121738367534203
0.122032504788046
0.15583822636907
0.157887465558641
0.168360015667677
0.168751855989935
0.169140900257296
0.169527138946104
0.169910562610667
0.170291161883229
0.170668927473949
0.171043850170877
0.171415920839929
0.171785130424869
0.17215146994729
0.172514930506596
0.172875503279986
0.173233179522436
0.17358795056669
0.173939807823243
0.17428874278033
0.174634747003918
0.174977812137694
0.175317929903057
0.175655092099111
0.175989290602659
0.176320517368196
0.176648764427907
0.176974023891661
0.177296287947008
0.177615548859182
0.177931798971091
0.178245030703325
0.176769684188612
0.178862409099524
0.179166540993067
0.179467624966099
0.179765653827622
0.180060620464333
0.180352517840621
0.180641338998579
0.180927077058006
0.181209725216413
0.181489276749031
0.181765725008817
0.182039063426462
0.1823092855104
0.182576384846812
0.182840355099643
0.183101190010603
0.122850451877451
0.12669326612223
0.11951213382946
0.123355746040898
0.119832778547453
0.10706800964782
0.131235502172748
9.43878785505124E-02
9.45063760549331E-02
9.64786025414632E-02
0.146751766284035
0.156226963583973
0.186204021822819
0.186420348402194
0.186633455104779
0.186843336918072
0.187049988907534
0.187253406216608
0.187453584066727
0.187650517757329
0.18784420266587
0.188034634247839
0.188221808036767
0.188405719644245
0.188586364759934
0.18876373915158
0.188937838665026
0.189108659224225
0.189276196831254
0.189440447566326
0.189601407587804
0.189759073132213
0.189913440514252
0.190064506126809
0.19021226644097
0.190356718006035
0.190497857449526
0.190635681477203
0.190770186873074
0.190901370499407
0.191029229296739
0.191153760283893
0.191274960557985
0.126319266014326
0.151290812620109
0.147546282920705
0.143794799405187
0.140036560732824
0.149707010336829
0.149783302589852
0.153699467663756
0.159538815806001
0.190380159532621
0.188539832995833
0.192468618495149
0.19254629097951
0.192620600336979
0.192691544840261
0.192759122840499
0.192823332767284
0.19288417312866
0.192941642511132
0.1736961656217
0.171811352139157
0.144820358870372
0.142921960699045
0.142952001762707
0.104336423449452
8.88947417212529E-02
0.102438346261587
0.110184977756543
0.108265179476319
8.31409280240415E-02
0.119888117439498
0.12763178016008
9.66958281505821E-02
8.89632845842456E-02
7.54267216072741E-02
7.54267303928696E-02
7.54254198084431E-02
0.106365472913915
9.66908213869432E-02
0.116020880449714
0.119877770768401
0.168197944284445
0.170110438392026
0.129497788579518
8.88949385401587E-02
5.79648215549125E-02
5.98854585724269E-02
0.057941504270342
0.059859270086079
5.79141347504767E-02
6.17588599275492E-02
6.36709870914345E-02
6.55808866197556E-02
6.36319745060737E-02
6.16832000348006E-02
6.55154387642734E-02
6.54913328732503E-02
5.19877717338934E-02
5.19668122531241E-02
5.57927189281945E-02
5.57682578588745E-02
6.53536546856588E-02
6.34014380839188E-02
5.95296580907078E-02
6.52573523161948E-02
6.52229732716135E-02
5.94356220218763E-02
0.061318402410782
5.93677467606375E-02
5.55043686095903E-02
5.16446690922501E-02
5.35235109630136E-02
5.34886547015075E-02
0.114541857090391
8.77550996605691E-02
8.76932475188711E-02
8.38198744919927E-02
7.61434477774634E-02
7.60856847867313E-02
6.46226085364609E-02
0.064571261186946
6.45187912196533E-02
0.062569164570628
5.68327838493312E-02
0.064354658004666
0.151288729629933
0.151152108139096
0.181215436130226
0.162186323708083
0.165799169283741
0.165637365326618
0.165472690598851
0.16718361656316
0.129480651814885
0.178083416712263
0.177893288770332
0.164606392935309
0.164424577066062
0.160507193465056
0.160323958608348
0.158275885360218
0.158089311562486
0.159757656701511
0.159563371766742
0.14268846326064
0.146211135726005
0.146025095631867
0.184603216733008
0.184361363214019
0.184116338360514
0.183868147962924
0.183616797889509
0.183362294086349
0.183104642577333
0.182843849464149
0.182579920926273
0.182312863220956
0.182042682683221
0.18176938572585
0.181492978839373
0.181213468592065
0.180930861629934
0.180645164676712
0.180356384533854
0.180064528080527
0.179769602273602
0.179471614147655
0.179170570814956
0.178866479465467
0.178559347366837
0.178249181864401
0.177935990381176
0.17761978041786
0.177300559552828
0.176978335442135
0.157221273079369
0.155165919476818
0.165434098080127
0.175659562382655
0.175322439603307
0.174982361145957
0.174639335210465
0.149892298263982
0.170465584611172
0.171856729142375
0.171505544170093
0.1728802857958
0.172519751540586
0.17215632938248
0.171790028143248
0.171420856722449
0.171048824097455
0.170673939323463
0.170296211533521
0.169915649938543
0.169532263827332
0.169146062566606
0.168757055601018
0.168365252453187
0.167970662723723
0.167573296091254
0.167173162312465
0.166770271222123
0.166364632733112
0.165956256836475
0.165545153601446
0.165131333175493
0.164714805784357
0.161009670097458
0.144208830833008
0.143835195022051
0.154870742133706
0.156088250627355
0.137835471031682
0.153637984720346
0.158060661087629
0.122242938631946
0.128322363609074
0.139162892617884
0.130797513683872
0.132018481409545
0.131642236392102
0.131263879729079
0.126152694894928
0.143079266740252
0.13952222845552
0.139107566457637
0.138690691982594
0.139825229264812
0.13939922829006
0.128162164990277
0.112371837958734
7.21230869599348E-02
6.73069385945934E-02
6.25187894823407E-02
6.83986505305335E-02
8.93889965780121E-02
0.083057800675932
7.82700055400007E-02
7.35107612602174E-02
0.103170426255721
6.70591978931258E-02
6.53471382856082E-02
6.06839855386105E-02
6.04753875666641E-02
6.17357622032601E-02
6.29849501831423E-02
0.064222890018955
5.81773518197061E-02
5.07232038343442E-02
4.90964444747803E-02
5.17957187599307E-02
5.01726824163063E-02
4.71312253820858E-02
3.98415170379484E-02
3.68571441722279E-02
3.67180457482997E-02
3.65784028259402E-02
3.50367491657868E-02
3.07132678912966E-02
2.92031205180713E-02
2.90886031377593E-02
4.82894353345902E-02
4.53487536964557E-02
4.37981197315061E-02
4.36210577333682E-02
4.20857626053426E-02
4.46170878834181E-02
4.57790065319089E-02
4.96107323996534E-02
4.00560249080726E-02
4.12161181304498E-02
4.23643156253229E-02
0.040864168478944
3.93748414399114E-02
3.65896220425356E-02
3.51278544314094E-02
7.25352971819678E-02
7.73698158999769E-02
0.078305889735323
8.05071873576519E-02
0.103037131544725
7.59730646165399E-02
8.06627329150961E-02
7.27596018091964E-02
6.86718991871226E-02
6.83467205206062E-02
5.68899960324473E-02
4.80009796626065E-02
4.77685156742272E-02
4.75354374637798E-02
4.73017517744164E-02
0.047067465386883
4.56317496038325E-02
5.49607030809298E-02
4.99273065963872E-02
5.55858753967008E-02
6.11830172804435E-02
6.67185247158992E-02
0.11643902230449
0.115826603623473
0.115212805597141
0.114597646606623
0.113981145135852
0.113363319772237
0.112744189207336
0.112123772237556
0.111502087764852
0.110879154797463
0.110254992450644
0.109629619947427
0.109003056619391
0.108375321907455
0.106668971009059
8.78354616506363E-02
9.79664626918326E-02
9.73848169587267E-02
9.99587774894535E-02
0.100402000559298
9.87525347265404E-02
0.103313644039533
0.102676260168586
0.102037905523133
0.101398600804139
0.100758366832833
0.100117224551754
9.94751950258122E-02
9.88322994433771E-02
9.81885591173903E-02
9.75439954864986E-02
9.68986301162129E-02
9.62524847000906E-02
0.095605581060945
9.49579411520788E-02
9.43095870585435E-02
0.093660540998427
0.093010825324166
9.23604625238888E-02
9.17094752227851E-02
9.10578861845038E-02
0.090405718312581
8.97529946518996E-02
7.39527828638463E-02
7.51790769305605E-02
7.46229633071276E-02
7.23237166819886E-02
7.17799406231203E-02
7.03775576595105E-02
7.49498931254337E-02
7.18369086781786E-02
8.38573455541606E-02
8.32003636762928E-02
0.08254308928116
8.10666917629702E-02
7.71663744402378E-02
7.73469700573106E-02
7.27195253519567E-02
7.29129491830854E-02
6.99492866653049E-02
6.93631180093814E-02
6.87768702327615E-02
7.66186142473962E-02
7.59598099513103E-02
7.53009959882666E-02
7.46421991355148E-02
7.39834463574103E-02
7.33247648079201E-02
7.26661818330087E-02
7.20077249732547E-02
7.13494219664294E-02
0.070691300750139
7.00333894645298E-02
6.93757164550458E-02
6.87183102752413E-02
6.80611996896532E-02
6.74044136767348E-02
6.67479814318437E-02
6.60919323702938E-02
6.54362961304686E-02
6.47811025770009E-02
6.41263818040115E-02
6.34721641384189E-02
6.28184801433125E-02
6.21653606213982E-02
6.15128366185081E-02
6.08609394271849E-02
6.02097005903397E-02
5.95591519049771E-02
5.89093254260033E-02
5.82602534701034E-02
5.76119686197003E-02
5.69645037269918E-02
5.63178919180654E-02
5.56721665970996E-02
0.055027361450643
5.43835104519821E-02
5.37406478655922E-02
5.30988082516769E-02
0.048261384353133
4.76728706734989E-02
4.65735974163124E-02
3.68959383760349E-02
3.64315155377038E-02
3.44898587660821E-02
0.030641651160038
2.97632034866904E-02
0.017528431955496
3.08513698877736E-02
0.03781535229149
4.41248433957817E-02
0.043518348365127
4.42405646847947E-02
4.36184329376477E-02
0.042997921409505
4.23790704738312E-02
0.041761920898032
4.11465138499099E-02
4.05328909042289E-02
0.039921094049396
3.93111656942525E-02
3.87031486749832E-02
3.80970862621363E-02
3.74930221677613E-02
3.68910005526596E-02
3.62910660337515E-02
3.56932636915564E-02
3.50976390777882E-02
3.45042382230639E-02
0.033913107644726
3.33242943547748E-02
3.27378458679116E-02
2.92599672908204E-02
2.90464570508036E-02
3.09931720853384E-02
3.04166682994349E-02
2.98427747196687E-02
0.029271542051797
0.024684598544603
2.44794206310647E-02
2.34381763001079E-02
2.35024013867866E-02
2.43405383696479E-02
2.35716723407422E-02
1.92673668135675E-02
1.93469232671273E-02
1.09164783346939E-02
9.96119630776899E-03
9.73504775442652E-03
9.28385631212239E-03
8.84471733523064E-03
8.41755275433008E-03
8.2128687649105E-03
8.00957114133417E-03
7.80768386767159E-03
7.99734562874358E-03
7.78814733511353E-03
7.95029007231014E-03
0.013669726008385
1.29410098940002E-02
1.41043738173634E-02
1.36972070250106E-02
1.32934721307815E-02
1.32039059289411E-02
1.27976464028614E-02
1.25409019914685E-02
1.17139944909719E-02
1.13282820913245E-02
1.10782351993327E-02
4.96581042620425E-03
4.7899888015182E-03
9.82386001577921E-03
9.26581932745038E-03
7.00520411619846E-03
6.94467343047078E-03
6.88358998898823E-03
4.13790327029916E-03
3.98935726378997E-03
4.0620976347441E-03
0.004023674906951
4.09260160544729E-03
4.15905976991874E-03
4.01186672115743E-03
3.97094722043209E-03
3.61941987611162E-03
2.66020360874387E-03
3.54231924838283E-03
3.50324528184071E-03
3.46381913586375E-03
3.32620895811985E-03
3.86731624527975E-03
3.82103594122205E-03
3.96306125373374E-03
3.72723870436424E-03
3.3117463990336E-03
3.17780848857686E-03
3.58342618444996E-03
3.35791976501609E-03
3.22404956921746E-03
3.17815714759279E-03
2.7932948674192E-03
2.75167066235042E-03
2.54547616925681E-03
2.4248954360654E-03
2.30657688286961E-03
2.19055306925998E-03
2.07685670146696E-03
1.96552059528289E-03
1.93084074038601E-03
7.14608130573503E-03
7.15653371505519E-03
7.02016596680892E-03
6.8828317042107E-03
6.74454817877848E-03
6.60533478679355E-03
6.46521322072769E-03
6.32420763010279E-03
6.18234479226193E-03
6.03965429353288E-03
5.8961687212646E-03
5.75192386720816E-03
5.60695894269924E-03
5.46131680607338E-03
4.14573447811214E-03
3.97950785388686E-03
3.81581981328805E-03
3.89837980620315E-03
3.87428238581519E-03
0.003660932291091
3.63042113472733E-03
3.25154512868924E-03
3.55117344876585E-03
3.42297660106964E-03
2.68187658044458E-03
3.16696828394535E-03
2.93332723223882E-03
2.81054685621005E-03
2.62348489831235E-03
2.59751451772795E-03
2.47512673351561E-03
2.38164234063041E-03
2.23314703017059E-03
2.1138509332659E-03
2.0434169017446E-03
1.58858325746958E-03
1.47057877341765E-03
1.37651215827537E-03
1.26582691969701E-03
1.22783571592319E-03
1.13694133232912E-03
1.01924624704601E-03
1.0692306652008E-03
9.88828750671257E-04
9.64880602276388E-04
8.21364754111392E-04
7.28087926792723E-04
6.40769565244111E-04
5.45309869298401E-04
4.90451863274297E-04
5.39087766123238E-04
4.6319156039123E-04
3.93313146198049E-04
3.29588730586689E-04
2.72105480709716E-04
2.20892461958912E-04
1.75911487253885E-04
1.35677906525651E-04
9.89001680450954E-05
5.68289232473236E-05
4.16035558779296E-05
2.43591188913882E-05
1.58930486068823E-05
9.63589339567257E-06
5.44339100732577E-06
2.77259647849328E-06
1.09329037600103E-06
7.73804288865442E-07
2.64470573363911E-07
7.39765497645718E-08
1.39438042172126E-08
1.62836808398601E-09
9.92881606764789E-11
1.6396189446283E-12
3.07386191096688E-15
6.21267601223021E-20
6.33472629505515E-30
8.73812375712754E-66
0
0
0
0
0
0
0
0
0
0
0
0
0
0
0
0
0
0
0
0
0
0
0
0
0
0
0
0
0
0
0
0
0
0
0
0
0
0
0
0
0
0
0
0
0
0
0
0
0
0
0
0
0
0
0
0
0
0
0
0
0
0
0
0
0
0
0
0
0
0
0
0
0
0
0
0
0
0
0
0
0
0
0
0
0
0
0
0
0
0
0
0
0
0
0
0
0
0
0
0
0
0
0
0
0
0
0
0
0
0
0
0
0
0
0
0
0
0
0
0
0
0
0
0
0
0
0
0
0
0
0
0
0
0
0
0
0
0
0
0
0
0
""
