0
0
0
0
0
0
0
0
0
0
0
0
0
0
0
0
0
0
0
0
0
0
0
0
0
0
0
0
0
0
0
0
0
0
0
0
0
0
0
0
0
0
0
0
0
0
0
0
0
0
0
0
0
0
0
0
0
0
0
0
0
0
0
0
0
0
0
0
0
0
0
0
0
0
0
0
0
0
0
0
0
0
0
0
0
0
0
0
0
0
0
0
0
0
0
0
0
0
0
0
0
0
0
0
0
0
0
0
0
0
0
0
0
0
0
0
0
0
0
0
0
0
0
0
0
0
0
0
0
0
0
0
0
0
0
0
0
0
0
0
0
0
0
0
0
0
0
0
0
0
0
0
0
0
0
0
0
0
0
0
0
0
0
0
0
0
0
0
0
0
0
0
0
0
0
0
0
0
0
0
0
0
0
0
0
0
0
0
0
0
0
0
0
0
0
0
0
0
0
0
0
0
0
0
0
0
0
0
0
0
0
0
0
0
0
0
0
0
0
0
0
0
0
0
0
0
0
0
0
0
0
0
0
0
0
0
0
0
0
0
0
0
0
0
0
0
0
0
0
0
0
0
0
0
0
0
0
0
0
0
0
0
0
0
0
0
0
0
0
0
0
0
0
0
0
0
0
0
0
0
0
0
0
0
0
0
0
0
0
0
0
0
0
0
0
0
0
0
0
0
0
0
0
0
0
0
0
0
0
0
0
0
0
0
0
0
0
0
0
0
0
0
0
0
0
0
0
0
0
0
0
0
0
0
0
0
0
0
0
0
0
0
0
0
0
0
0
0
0
0
0
0
0
0
0
0
0
0
0
0
0
0
0
0
0
0
0
0
0
0
0
0
0
0
0
0
0
0
0
0
0
0
0
0
0
0
0
0
0
0
0
0
0
0
0
0
0
0
0
0
0
0
0
0
0
0
0
0
0
0
0
0
0
0
0
0
0
0
0
0
0
0
0
0
0
0
0
0
0
0
0
0
0
0
0
0
0
0
0
0
0
0
0
0
0
0
0
0
0
0
0
0
0
0
0
0
0
0
0
0
0
5.12666751438598E-54
6.82542558621931E-22
1.84582254860093E-14
3.61363071148768E-11
2.49028181324973E-09
4.34100771461158E-08
3.02367793558788E-07
1.17101547001433E-06
3.53142603840867E-06
8.83980017124564E-06
1.87714851606838E-05
3.52729056523923E-05
6.68331594288954E-05
1.02647812816531E-04
1.5851028255805E-04
2.12912475561311E-04
2.66220463272179E-04
7.91387544879701E-04
1.03952145983965E-03
1.27961302542888E-03
1.05166405435714E-03
1.24924249390804E-03
1.34341660014716E-03
2.14041776457765E-03
2.56652906975214E-03
3.80144667969099E-03
4.67037774716412E-03
5.59567894671342E-03
6.19195388769795E-03
6.8091625269085E-03
7.44580324198405E-03
8.1004509961741E-03
7.8945833218945E-03
8.41802942428501E-03
9.24502005580466E-03
1.00034836056096E-02
1.06714332060062E-02
1.17196607124981E-02
1.04669968466945E-02
1.10722561584062E-02
1.02237929337046E-02
9.9958992036348E-03
1.06644784459865E-02
1.10140973356417E-02
1.63181394787658E-02
0.017051996804432
4.83431646855138E-03
5.03602289630417E-03
8.59147310693898E-03
8.92529624248456E-03
8.58279968167258E-03
0.012405367055201
1.21143973936849E-02
1.15245311797056E-02
1.13870519567282E-02
0.013620839175725
1.56959005845501E-02
1.61691022793638E-02
1.57668343038992E-02
1.62159007526246E-02
0.017899649988133
1.99670425619079E-02
1.85398393105771E-02
1.76798736302255E-02
1.67532092712151E-02
1.47091583131761E-02
1.46996755333052E-02
1.50401461696508E-02
0.015755433457352
1.64869383566056E-02
1.80179792823945E-02
2.19979363219207E-02
2.16355579762881E-02
2.37382836171868E-02
0.024207374156005
2.20782196849649E-02
2.11731291059887E-02
2.11167163394837E-02
2.10431850613852E-02
2.14181680227704E-02
7.10619971728754E-03
7.22794309907497E-03
8.81928868330333E-03
8.96470126068166E-03
8.60366278459131E-03
9.25445824195054E-03
6.78801221117782E-03
6.89197642144422E-03
8.07191851051579E-03
8.19122998166874E-03
8.31020927404458E-03
8.42885099422952E-03
0.009116959964719
8.66510122171742E-03
7.61167331663912E-03
8.3066122039733E-03
7.81457888830662E-03
7.91555800142645E-03
8.01621653318298E-03
7.49220095959008E-03
7.58451525449258E-03
7.67652440546871E-03
7.7682255360872E-03
6.54967988290002E-03
6.62557722772608E-03
6.03109001611933E-03
5.42126357119677E-03
6.85168016911897E-03
6.92651123685657E-03
6.30096364134978E-03
5.6602853534786E-03
5.71949385392355E-03
5.77848062156387E-03
5.83724424051153E-03
6.63275624294906E-03
6.69835859404209E-03
7.51522814896723E-03
7.58755000459964E-03
7.65958463853366E-03
7.7313304933088E-03
7.80278604087859E-03
7.87394978116635E-03
7.15033821663644E-03
6.41231677709631E-03
6.46854043932663E-03
6.52452605846039E-03
6.58027253125239E-03
0.006635778771208
6.69104370782969E-03
7.58932457164655E-03
8.50105683106802E-03
8.56922527259111E-03
8.6370869154613E-03
8.70464050924189E-03
9.64907330078739E-03
9.72270048659633E-03
9.79598479094337E-03
8.97174991109434E-03
8.13397051899185E-03
9.10342488248256E-03
1.00856671749479E-02
8.31045082827849E-03
8.36870534064305E-03
8.42667203566455E-03
8.48434991471279E-03
7.59265598971549E-03
7.64340913461916E-03
7.69390293965743E-03
6.77611948008832E-03
6.81984547372243E-03
7.84381979040152E-03
7.89326774662191E-03
7.94245215347271E-03
8.99029371323337E-03
8.04002703986101E-03
0.008088415895773
8.13653795478662E-03
8.1843924204561E-03
8.2319785022622E-03
7.24438348856413E-03
7.28554958353699E-03
7.3264787976964E-03
7.36717045917667E-03
7.40762390087457E-03
7.44783846038089E-03
6.41812583992864E-03
6.45218426252083E-03
6.48603624922432E-03
6.51968124784467E-03
6.55311870997398E-03
6.58634809095347E-03
7.72259699147861E-03
6.65218044936831E-03
6.68478235593359E-03
5.59764503296057E-03
5.62446247820457E-03
5.6511038633428E-03
6.81308250680873E-03
5.70385672544726E-03
5.72996734584875E-03
6.90708023158646E-03
6.93798581506896E-03
6.9686770637786E-03
6.99915347950199E-03
8.20098366207265E-03
9.41261311527256E-03
7.08928879855307E-03
5.93241747449424E-03
7.14829586802249E-03
7.1774730169279E-03
8.40750393237108E-03
8.44103420147641E-03
9.68492432227454E-03
8.50732713284516E-03
8.54008871698273E-03
7.34793685830464E-03
6.14631389780685E-03
6.16916254192078E-03
7.43019153054817E-03
6.21430472915226E-03
6.23659753662462E-03
5.0069634675006E-03
3.76837485707804E-03
2.52094338446911E-03
2.52956203107544E-03
3.8071585556605E-03
3.8198613944463E-03
3.83245135532155E-03
3.84492823239147E-03
3.85729182151949E-03
5.15938922710844E-03
5.1755711042923E-03
5.19160112846168E-03
5.20747903686763E-03
5.22320456913419E-03
5.23877746726439E-03
6.56774684455814E-03
6.58683042632534E-03
6.60572226585398E-03
6.62442205262117E-03
6.64292947911725E-03
5.32899539268317E-03
5.34349282909806E-03
6.69729456725205E-03
6.71502953811732E-03
6.73257065664751E-03
8.09990116030107E-03
9.47389825583571E-03
8.14083362520668E-03
8.16094904203221E-03
9.54430182702894E-03
9.56722268003102E-03
9.58986939571648E-03
9.61224159945958E-03
8.25800478944082E-03
8.27670942387914E-03
9.67770745854117E-03
9.69897795602186E-03
9.71997213435367E-03
8.34916255316435E-03
8.36668298168989E-03
8.38396568135973E-03
8.40101036519847E-03
7.01484729172523E-03
7.02865379723996E-03
7.04226125801837E-03
7.05566944775813E-03
7.06887814338653E-03
7.08188712506772E-03
7.09469617621001E-03
8.52876610016752E-03
9.96759909148405E-03
9.98469028101615E-03
1.00015004004956E-02
1.28803232179931E-02
1.29012124016666E-02
1.14859903518896E-02
1.29419031079194E-02
1.29617039510451E-02
1.00964432679139E-02
1.01112783048245E-02
1.01258301580037E-02
8.69151307210924E-03
7.25291667467241E-03
7.2627030037633E-03
8.72674366030103E-03
8.73799998444956E-03
1.02071811198914E-02
0.01021974413593
8.77030470242915E-03
8.78058425558861E-03
8.79061917511536E-03
8.80040929276651E-03
8.80995444436489E-03
8.81925446980478E-03
8.8283092130573E-03
8.83711852217577E-03
8.8456822493009E-03
1.03296669591101E-02
1.03390844510346E-02
1.18265313620524E-02
1.18366380320265E-02
1.18464163555913E-02
1.18558661684354E-02
1.18649873117404E-02
1.18737796321863E-02
1.18822429819574E-02
1.33766743710898E-02
1.18981822057604E-02
1.19056578117244E-02
1.19128039108866E-02
1.19196203830227E-02
1.34168705026194E-02
1.19322639929794E-02
1.19380909180239E-02
0.011943587790497
1.19487545178689E-02
1.19535910131589E-02
1.04633350455712E-02
1.04669888639175E-02
8.97458874002277E-03
8.97722484620312E-03
8.97961301464652E-03
1.04787120726528E-02
8.98364538160895E-03
7.48774126017405E-03
5.99112371282398E-03
7.48986127431115E-03
7.49061114390242E-03
5.99292338973712E-03
5.99319243597512E-03
7.49162006162927E-03
8.98985134196469E-03
8.9895104595536E-03
8.98892143246461E-03
8.98808427062075E-03
7.48916582343751E-03
7.48805466938322E-03
8.98408413848665E-03
8.98225462044478E-03
1.19735694399344E-02
1.19704687359966E-02
1.19670374343363E-02
1.19632755927418E-02
0.011959183274564
1.34491056173037E-02
1.49375093620785E-02
1.49311552217933E-02
1.34319495348092E-02
1.49172089266399E-02
0.014909617006526
1.63917740133864E-02
1.63825158860953E-02
1.93496780231019E-02
2.08251781331323E-02
2.08116649988119E-02
2.07975756184383E-02
2.07829102289609E-02
2.07676690769803E-02
2.22341275915068E-02
2.07354605201165E-02
2.21983860606568E-02
2.21795915500144E-02
2.36375270686186E-02
2.21401566171593E-02
2.06448824001732E-02
2.06250451809933E-02
2.20763944837688E-02
2.49944342731269E-02
2.49682597219358E-02
2.49413905338594E-02
2.49138271596139E-02
2.78132841863324E-02
3.36295443178091E-02
2.77477973764987E-02
2.91725190809642E-02
3.05928173902222E-02
3.34635059425576E-02
3.48726869740099E-02
3.48259586119357E-02
3.18800686227784E-02
2.74942523965087E-02
2.74549487883174E-02
2.45290999104753E-02
2.30518196320499E-02
2.30167813039541E-02
2.44174158616522E-02
2.43788161709015E-02
2.43395317076874E-02
2.42995631277188E-02
0.017123937245579
1.56701964270345E-02
1.42209173013085E-02
1.13566405392792E-02
1.13362269218986E-02
9.90105666281701E-03
1.27062451188207E-02
1.26822010526772E-02
1.12513761748268E-02
9.82569541077178E-03
9.80615824567292E-03
9.78634298237598E-03
1.11614285143689E-02
9.74587948243749E-03
9.72523191761548E-03
8.31797794132532E-03
9.68310687128552E-03
9.66163008832796E-03
9.63987760526233E-03
9.6178497824273E-03
9.59554698456673E-03
1.23081037467666E-02
1.50073281988188E-02
1.36099892201594E-02
1.22189059173804E-02
1.35427449183648E-02
1.21576843282192E-02
1.21265481306465E-02
1.20950623475491E-02
1.20632274981973E-02
1.60413921431701E-02
1.73311850188788E-02
1.72836933070702E-02
1.59098773552073E-02
1.71872072917738E-02
1.97748629717426E-02
2.36613089419382E-02
1.96600774068965E-02
2.09086120372195E-02
2.21487305474712E-02
2.20814129288545E-02
2.07185398002275E-02
2.19448384882706E-02
2.31623829578593E-02
2.82191229567294E-02
2.68492976070831E-02
0.029310069402995
2.92128994389757E-02
2.53172741445091E-02
2.64928407921425E-02
2.64017576100072E-02
3.13212973719912E-02
3.12109986176982E-02
0.03109976935795
0.027269098037799
2.96395455282137E-02
2.82996754160037E-02
3.06455837575624E-02
2.93085402877727E-02
2.91964375381542E-02
2.90834539825207E-02
7.00098460252933E-02
5.89119891293047E-02
5.86759420592037E-02
6.08233409097346E-02
6.05739514563049E-02
5.79571175272137E-02
6.12474690476833E-02
6.21603873926506E-02
5.95579561769399E-02
7.67403593824741E-02
7.06152193765714E-02
0.104876101594299
0.100963021159162
0.100504263936796
0.100042383475977
8.59986526471165E-02
8.78468643764274E-02
8.85500926694095E-02
6.80453475014871E-02
5.66137072763094E-02
5.63352585202652E-02
5.60550307609743E-02
5.57730285572937E-02
5.65772811365594E-02
5.52037192086438E-02
5.70700064891946E-02
3.21337456322672E-02
0.030897261106268
2.96712218738991E-02
2.95096492431214E-02
2.93471230621015E-02
2.81413729232526E-02
2.79828199827895E-02
2.67928606671314E-02
2.45893169099389E-02
2.24087936296714E-02
2.22766436594992E-02
2.21437594430062E-02
2.40110652903375E-02
2.48588603390961E-02
2.47053675301472E-02
2.74971765365212E-02
2.73234211802172E-02
2.61791503205205E-02
0.024083179801161
2.20115444716665E-02
2.28165050090305E-02
0.022663665788457
1.87583775758376E-02
1.86297246240311E-02
1.85004315155395E-02
1.92890255096457E-02
2.00639271693994E-02
0.023541353822832
2.33699733106044E-02
2.49822196785232E-02
2.47958988263846E-02
2.46087043381015E-02
2.44206395807978E-02
2.68279623853666E-02
2.57591924208415E-02
2.55549192496986E-02
2.61947194681793E-02
2.51436240613596E-02
2.57678300953915E-02
4.03901929899271E-02
4.00491169310492E-02
3.88962361569316E-02
4.09692077566916E-02
3.58320462362973E-02
3.55134636020283E-02
3.59756386486946E-02
3.87470451937601E-02
3.53175873396213E-02
0.034986562928681
3.99276830471973E-02
1.71602761241938E-02
1.92092412465873E-02
1.75561608546086E-02
0.021725049716898
2.22208622438511E-02
2.12822379039947E-02
0.021059588125064
2.08361164360057E-02
2.12988894642376E-02
0.018348057165098
1.68006895221977E-02
1.59473011124944E-02
1.44515311584496E-02
1.42841269680696E-02
1.47577949576321E-02
1.52155750029029E-02
1.50311000305141E-02
1.48460191932611E-02
1.52711860244096E-02
1.56802365459834E-02
1.30966031913838E-02
1.29247820900986E-02
1.27524355898556E-02
1.20077717151108E-02
1.29701112442826E-02
1.22323117944481E-02
1.37021967863792E-02
1.29633439902705E-02
1.17077164145676E-02
1.41527801813314E-02
1.44525943789024E-02
1.47357837628642E-02
1.55023763145997E-02
1.42680896339835E-02
1.45173080164651E-02
1.14191686673874E-02
1.07563848874683E-02
1.10285153061786E-02
1.03812104324463E-02
1.01930490140264E-02
9.13456601423531E-03
0.008962118286576
9.20791047105358E-03
8.20603296793734E-03
8.84508114668386E-03
8.66326409430974E-03
9.25222384999109E-03
9.05337352497444E-03
8.8543071923684E-03
8.65505096053019E-03
8.45563254734204E-03
8.6000847919856E-03
1.00705360329196E-02
9.82088516508227E-03
1.02092730341046E-02
9.63222510190803E-03
9.37427556546452E-03
9.70459754924582E-03
9.43031205176528E-03
9.43374135007796E-03
9.69007467042256E-03
1.01745790766599E-02
9.34690971511215E-03
8.55291592013088E-03
8.50100533302019E-03
8.20556201026699E-03
8.3505773190422E-03
8.25247140082847E-03
7.5289615585997E-03
6.44842915050188E-03
1.01180166558705E-02
9.86597337666073E-03
8.91508490099853E-03
8.3417590865403E-03
8.09884577219635E-03
7.54797840394092E-03
7.01641213897089E-03
6.63701225416688E-03
6.38740990488478E-03
1.02525864977624E-02
9.72898472776283E-03
9.30468364140256E-03
8.67080378422815E-03
7.87056914636269E-03
5.53990521649066E-03
2.58724180359118E-03
2.29951049453539E-03
1.96724675209985E-03
1.8956019157222E-03
1.75597851555087E-03
1.56697967458589E-03
1.3866188656454E-03
1.2154808799289E-03
9.92147555206248E-04
8.50102215945404E-04
6.5103355436496E-04
5.41474364251465E-04
3.81149488385802E-04
3.16790292188959E-04
2.2786180182958E-04
1.57942309942485E-04
1.30907546607345E-04
9.50394245301702E-05
5.56025107471041E-05
2.98843233383852E-05
1.69434034891567E-05
9.44220027493631E-06
4.11475743024753E-06
1.32392628728727E-06
3.47462046745292E-07
5.80197436963007E-08
4.66182113045908E-09
1.02003621841468E-10
1.70362133158402E-13
3.04571879413621E-19
8.93904384297971E-39
0
0
0
0
0
0
0
0
0
0
0
0
0
0
0
0
0
0
0
0
0
0
0
0
0
0
0
0
0
0
0
0
0
0
0
0
0
0
0
0
0
0
0
0
0
0
0
0
0
0
0
0
0
0
0
0
0
0
0
0
0
0
0
0
0
0
0
0
0
0
0
0
0
0
0
0
0
0
0
0
0
0
0
0
0
0
0
0
0
0
0
0
0
0
0
0
0
0
0
0
0
0
0
0
0
0
0
0
0
0
0
0
0
0
0
0
0
0
0
0
0
0
0
0
0
0
0
0
0
0
0
0
0
0
0
0
0
0
0
0
0
0
0
0
0
0
0
0
0
0
0
0
0
0
0
0
0
0
0
0
0
0
0
0
0
0
0
0
0
0
0
0
0
0
0
0
0
0
0
0
0
0
0
0
0
0
0
0
0
0
0
0
0
0
0
0
0
0
0
0
0
0
0
0
0
0
0
0
0
0
0
0
0
0
0
0
0
0
0
0
0
0
0
0
0
0
0
0
0
0
0
0
0
0
0
0
0
0
0
0
0
0
0
0
0
0
0
0
0
0
0
0
0
0
0
0
0
0
0
0
0
0
0
0
0
0
0
0
0
0
0
0
0
0
0
0
0
0
0
0
0
0
0
0
0
0
0
0
0
0
0
0
0
0
0
0
0
0
0
0
0
0
0
0
0
0
0
0
0
0
0
0
0
0
0
0
0
0
0
0
0
0
0
0
0
0
0
0
0
0
0
0
0
0
0
0
0
0
0
0
0
0
0
0
0
0
0
0
0
0
0
0
0
0
0
0
""
