0
0
0
0
0
0
0
0
0
0
0
0
0
0
0
0
0
0
0
0
0
0
0
0
0
0
0
0
0
0
0
0
0
0
0
0
0
0
0
0
0
0
0
0
0
0
0
0
0
0
0
0
0
0
0
0
0
0
0
0
0
0
0
0
0
0
0
0
0
0
0
0
0
0
0
0
0
0
0
0
0
0
0
0
0
0
0
0
0
0
0
0
0
0
0
0
0
0
0
0
0
0
0
0
0
0
0
0
0
0
0
0
0
0
0
0
0
0
0
0
0
0
0
0
0
0
0
0
0
0
0
0
0
0
0
0
0
0
0
0
0
0
0
0
0
0
0
0
0
0
0
0
0
0
0
0
0
0
0
0
0
0
0
0
0
0
0
0
0
0
0
0
0
0
0
0
0
0
0
0
0
0
0
0
0
0
0
0
0
0
0
0
0
0
0
0
0
0
0
0
0
0
0
0
0
0
0
0
0
0
0
0
0
0
0
0
0
0
0
0
0
0
0
0
0
0
0
0
0
0
0
0
0
0
0
0
0
0
0
0
0
0
0
0
0
0
0
0
0
0
0
0
0
0
0
0
0
0
0
0
0
0
0
0
0
0
0
0
0
0
0
0
0
0
0
0
0
0
0
0
0
0
0
0
0
0
0
0
0
0
0
0
0
0
0
0
0
0
0
0
0
0
0
0
0
0
0
0
0
0
0
0
0
0
0
0
0
0
0
0
0
0
0
0
0
0
0
0
0
0
0
0
0
0
0
0
0
0
0
0
0
0
0
0
0
0
0
0
0
0
0
0
0
0
0
0
0
0
0
0
0
0
0
0
0
0
0
0
0
0
0
0
0
0
0
0
0
0
0
0
0
0
0
0
0
0
0
0
0
0
0
0
0
0
0
0
0
0
0
0
0
0
0
0
0
0
0
0
0
0
0
0
0
0
0
0
0
0
0
0
0
0
0
0
0
0
0
0
0
0
0
0
0
0
0
0
0
0
0
0
0
0
0
0
0
0
0
0
0
0
0
0
0
0
0
0
0
0
0
0
0
0
0
0
0
0
0
0
0
0
0
0
0
0
0
0
0
0
0
0
0
0
0
0
0
0
0
0
0
0
0
0
0
0
0
0
0
0
0
0
0
0
0
0
0
0
0
0
0
0
0
0
2.06808277340164E-33
1.15220387490729E-17
2.05677496797111E-12
8.744781610695E-10
2.88245463936652E-08
2.97827105246001E-07
1.66508219538608E-06
5.71807528903973E-06
1.50125285003413E-05
3.50111165664763E-05
6.91245470103062E-05
1.2702454708147E-04
1.91442719868777E-04
2.86000857125576E-04
4.45034968786893E-04
6.25774637750941E-04
8.05948217582644E-04
1.0255611149593E-03
1.27304539670073E-03
1.49298204762507E-03
1.65245943394659E-03
2.58911974874846E-03
3.22214270527798E-03
3.79221667655169E-03
4.18421083012648E-03
3.86253283746772E-03
6.09518197627166E-03
5.78809427319573E-03
6.27071930127337E-03
6.46663248304409E-03
6.91972932252751E-03
6.13903347081158E-03
6.00481051147315E-03
6.56340214143629E-03
6.8698181060357E-03
4.8241985553052E-03
5.11680883268987E-03
4.91954011949998E-03
5.36194114741787E-03
5.27764483571938E-03
5.73122198230775E-03
5.8033628029184E-03
6.27616148658866E-03
6.76735180611879E-03
7.73153694020496E-03
7.80412804923223E-03
0.007367036898105
6.11113509715245E-03
7.38282632417975E-03
8.45335841811113E-03
7.32359469242251E-03
7.26580469276293E-03
7.4888079097534E-03
7.71085822140183E-03
7.29734152357335E-03
7.49970716069773E-03
7.70103964413334E-03
7.55776221113802E-03
7.74824789846688E-03
8.6592397955869E-03
8.86461704995582E-03
8.69087354816127E-03
1.19757861591807E-02
1.26308147601868E-02
1.33008177328279E-02
0.01357426371484
1.30067026647686E-02
1.32600552585095E-02
0.01351162403623
1.46492282947907E-02
1.49131909122368E-02
1.47153647404222E-02
1.35643608855715E-02
1.37912104708803E-02
1.30496991722876E-02
1.37487306440194E-02
1.24667651822244E-02
1.31626476288769E-02
1.33583133450913E-02
1.45949278090745E-02
1.42736612277161E-02
1.39360369216158E-02
0.014668813416762
1.04598438179292E-02
1.05960652214858E-02
9.60156829609481E-03
9.72144471860502E-03
9.26147895082306E-03
8.78664761627742E-03
1.00750849279322E-02
1.13899153141124E-02
1.21245636646051E-02
0.011645652638206
1.11522978619386E-02
1.12708333057474E-02
0.011388333013872
1.08656445944961E-02
1.03291003962472E-02
9.12694969141656E-03
9.87336531305311E-03
1.06314733474206E-02
1.00598002321135E-02
1.08285332572761E-02
1.09257152576651E-02
0.01033312729747
1.11173976882357E-02
1.05111598148939E-02
9.18573792711284E-03
8.54869490365552E-03
8.61758652316503E-03
0.011581092804975
1.09417452053423E-02
1.02903712311233E-02
9.62713664447172E-03
9.69822373468637E-03
9.01717666601911E-03
9.08149997807762E-03
7.62098192655832E-03
7.67351124038998E-03
6.95295547369037E-03
7.77696791717842E-03
8.61068800506975E-03
8.66612813397307E-03
8.72098662214703E-03
7.17976224593897E-03
8.02633148920297E-03
9.68954953611273E-03
8.12239426231801E-03
9.80357003157664E-03
9.85964176408812E-03
9.91508975919527E-03
9.13908914721044E-03
1.00241201727094E-02
1.09175141115455E-02
1.01306722432177E-02
1.10316073820053E-02
9.3818600967374E-03
7.71440722101396E-03
6.89092192501094E-03
6.92418495476715E-03
6.95704072385236E-03
7.86317623402568E-03
9.65460853018311E-03
9.69811138237824E-03
9.74105825152682E-03
9.78345007899146E-03
8.93207980311278E-03
8.96961114650806E-03
9.0066403514595E-03
9.04316819330998E-03
1.27108735994562E-02
1.18491396313376E-02
0.010979701209018
1.19395650026873E-02
1.19838065976813E-02
1.20274019596247E-02
1.20703519311147E-02
1.21126573329101E-02
1.21543189643624E-02
1.31334404964453E-02
1.31769227790941E-02
1.32197142193589E-02
1.23145430482198E-02
1.23529970984792E-02
1.23908117484037E-02
1.33839867097903E-02
1.24645254734692E-02
1.25004258166729E-02
1.25356892964109E-02
1.35372639266613E-02
0.014543432320801
1.36097924071656E-02
1.46196763212059E-02
1.66109273267639E-02
1.56725267295875E-02
1.66923641155438E-02
1.67318413514799E-02
1.77569914952912E-02
1.58195920524553E-02
1.48635138428513E-02
1.39024034649728E-02
0.013931515123992
1.39599483262023E-02
1.39877034870283E-02
1.50158367947616E-02
1.50441227991876E-02
0.014066904675291
0.01207881562268
1.31080135489902E-02
0.012120014730077
1.21397456495335E-02
1.21588978427496E-02
1.21774715697869E-02
1.32117560044403E-02
1.32306250020961E-02
1.42680118119027E-02
0.011225487791845
1.22616716460697E-02
1.22767795068201E-02
1.22913104599832E-02
1.23052646926909E-02
1.12920888516526E-02
0.011303823394532
1.02863906777952E-02
1.02960982236411E-02
1.13358584297379E-02
1.03140736577037E-02
8.25787341585082E-03
9.2971172554754E-03
8.26995143667562E-03
9.30984200595927E-03
1.24207429997086E-02
1.13921392046314E-02
1.24342584308443E-02
1.24401537009796E-02
1.14083512628479E-02
1.03751830890518E-02
9.34079292293773E-03
9.34349004465171E-03
7.26892147149861E-03
7.27034882703923E-03
6.2326637205578E-03
8.31108345758695E-03
8.31156558890926E-03
8.31166469380079E-03
9.35030337012526E-03
0.010388392280564
8.30966383885548E-03
8.30823080411117E-03
8.30641470308145E-03
8.3042155140261E-03
8.30163321058534E-03
8.29866776176019E-03
8.29531913188949E-03
8.29158728062335E-03
8.28747216289324E-03
7.24760201276879E-03
7.24333043347377E-03
8.27282668872873E-03
9.30057520369832E-03
9.29378887321543E-03
8.25472973323742E-03
8.24793008408463E-03
8.24074663330884E-03
8.23317929145149E-03
8.22522796384347E-03
9.24400411935338E-03
8.20817294622987E-03
9.22395267022039E-03
1.02369758952482E-02
1.02246348155135E-02
1.12329941918245E-02
1.73374669780526E-02
0.016295561436612
1.72897827695198E-02
1.92958555786709E-02
2.12950179342742E-02
2.02495481051525E-02
1.81954461885192E-02
0.018165430799539
1.81345467155652E-02
1.81027935092498E-02
1.80701707377352E-02
1.60326026154243E-02
0.016002057465163
1.59707381016596E-02
1.49424788187645E-02
1.39175530492716E-02
1.19040976047545E-02
1.18782819403994E-02
1.18518838062916E-02
0.01182490280432
1.08142269800916E-02
1.17691905408902E-02
8.80534381421867E-03
9.75928475638776E-03
8.76092995725048E-03
9.70896053910526E-03
9.68306610589976E-03
9.65668289705766E-03
1.05927915253997E-02
1.24831829199711E-02
1.14895154441296E-02
1.43193801211884E-02
1.42761293168838E-02
1.51809505497032E-02
1.51332424730658E-02
1.50847461937515E-02
1.50354608405359E-02
1.59219721130439E-02
1.58679267635028E-02
0.013952682432846
1.39035097616236E-02
1.29300200421438E-02
1.38029308957408E-02
1.46682909412145E-02
1.36993674767261E-02
1.45562282845645E-02
1.26866238926899E-02
1.17332871722968E-02
1.16854866125367E-02
1.16370337975445E-02
1.06965486527571E-02
1.15381672955261E-02
1.41387710654642E-02
1.40759128542424E-02
1.48880105969715E-02
1.65629731779247E-02
1.90884048538231E-02
1.89975113500743E-02
0.018905496862019
1.71021447673505E-02
1.78672737411923E-02
1.86227057835386E-02
1.76840860587187E-02
0.014240229877556
1.58302347866486E-02
1.40866800301001E-02
1.31845507553802E-02
1.63877738127542E-02
2.11819640002615E-02
5.26461648539731E-02
3.94518007228769E-02
5.12181871138989E-02
5.64717683041201E-02
0.060071706609404
4.94804873079896E-02
3.19938984094198E-02
3.10088131056243E-02
5.54434879620629E-02
5.81265623758054E-02
5.77253755771916E-02
5.65658979362612E-02
5.16689737939662E-02
0.049063440626032
0.051652375960687
5.56580231729559E-02
5.45054457289477E-02
0.041822728092212
0.036483817488098
3.61896745477701E-02
4.01153928381795E-02
4.11761517612463E-02
3.11385354180178E-02
1.57775026184192E-02
1.56384696401836E-02
1.54981483892474E-02
1.53565347325824E-02
1.38907006504293E-02
1.44142217044763E-02
1.29773024422994E-02
1.41345915605823E-02
1.46289350225445E-02
1.38499371794724E-02
1.30827289962623E-02
1.35602272506475E-02
1.34134668607238E-02
1.26624570507006E-02
1.37123037358062E-02
1.35548613856162E-02
1.33960747185382E-02
1.26604646431556E-02
1.19375457775742E-02
1.17888662589151E-02
1.16389478255951E-02
1.20348256387861E-02
1.18751652392259E-02
1.17142003304184E-02
1.15519293455538E-02
1.19060034212239E-02
1.22437798125536E-02
1.10572702460801E-02
1.03947781536692E-02
9.25900890458416E-03
0.010071258254331
9.90763073595727E-03
9.27882066802715E-03
9.57665481858849E-03
9.40931467303457E-03
1.01208179913747E-02
1.03668092515365E-02
9.74757119583234E-03
1.08057866897058E-02
9.77640262406497E-03
1.03749573283244E-02
1.01573677032133E-02
1.07028427196888E-02
1.23343068547934E-02
0.012783275646252
1.24828972823343E-02
3.13219260130365E-02
3.05405472946067E-02
0.029424272613147
1.28733721261533E-02
0.013459638018694
0.013991063301814
1.32863767621058E-02
1.57473399585665E-02
1.55312544965713E-02
1.39537691933909E-02
1.91891240817534E-02
1.70176852507784E-02
1.51948955283605E-02
1.36941056170575E-02
1.31575508569983E-02
1.47599388716627E-02
1.49517365137419E-02
1.40929039295863E-02
1.26935078974583E-02
1.19012162872296E-02
1.19724871071198E-02
0.012294496581639
9.04606572280484E-03
9.22581215173624E-03
8.52386439178159E-03
8.21908122192214E-03
6.84338798280963E-03
6.34701865917724E-03
5.56140143115227E-03
4.65180504016226E-03
4.24836296196894E-03
2.87286242989053E-03
2.11225866616871E-03
1.76709058280979E-03
1.51253262308585E-03
1.32776303396976E-03
1.15265776906693E-03
1.02332366138651E-03
8.34711913529268E-04
6.68698685587894E-04
5.24659617805297E-04
4.33921945761099E-04
3.11490098345831E-04
2.43215504122151E-04
1.75664878446148E-04
1.16357981495558E-04
7.86146609963606E-05
6.02026839229123E-05
3.60344598956456E-05
1.79335281221306E-05
6.73915082976992E-06
2.49551644755132E-06
6.1419535972849E-07
8.62569307820876E-08
4.86457148814472E-09
7.34381133882518E-11
1.83120712428954E-14
1.07419025629162E-22
2.85046726054373E-63
0
0
0
0
0
0
0
0
0
0
0
0
0
0
0
0
0
0
0
0
0
0
0
0
0
0
0
0
0
0
0
0
0
0
0
0
0
0
0
0
0
0
0
0
0
0
0
0
0
0
0
0
0
0
0
0
0
0
0
0
0
0
0
0
0
0
0
0
0
0
0
0
0
0
0
0
0
0
0
0
0
0
0
0
0
0
0
0
0
0
0
0
0
0
0
0
0
0
0
0
0
0
0
0
0
0
0
0
0
0
0
0
0
0
0
0
0
0
0
0
0
0
0
0
0
0
0
0
0
0
0
0
0
0
0
0
0
0
0
0
0
0
0
0
0
0
0
0
0
0
0
0
0
0
0
0
0
0
0
0
0
0
0
0
0
0
0
0
0
0
0
0
0
0
0
0
0
0
0
0
0
0
0
0
0
0
0
0
0
0
0
0
0
0
0
0
0
0
0
0
0
0
0
0
0
0
0
0
0
0
0
0
0
0
0
0
0
0
0
0
0
0
0
0
0
0
0
0
0
0
0
0
0
0
0
0
0
0
0
0
0
0
0
0
0
0
0
0
0
0
0
0
0
0
0
0
0
0
0
0
0
0
0
0
0
0
0
0
0
0
0
0
0
0
0
0
0
0
0
0
0
0
0
0
0
0
0
0
0
0
0
0
0
0
0
0
0
0
0
0
0
0
0
0
0
0
0
0
0
0
0
0
0
0
0
0
0
0
0
0
0
0
0
0
0
0
0
0
0
0
0
0
0
0
0
0
0
0
0
0
0
0
0
0
0
0
0
0
0
0
0
0
0
0
0
0
0
0
0
0
0
0
0
0
0
0
0
0
0
0
0
0
0
0
0
0
0
0
0
0
0
0
0
0
0
0
0
0
0
0
0
0
0
0
0
0
0
0
0
0
0
0
0
0
0
0
0
0
0
0
0
0
0
0
0
0
0
0
0
0
0
0
0
0
0
0
0
0
0
0
0
0
0
0
0
0
0
0
0
0
0
0
0
0
0
0
0
0
0
0
0
0
0
0
0
0
0
0
0
0
0
0
0
0
0
0
0
0
0
0
0
0
0
0
0
0
0
0
0
""
