0
0
0
0
0
0
0
0
0
0
0
0
0
0
0
0
0
0
0
0
0
0
0
0
0
0
0
0
0
0
0
0
0
0
0
0
0
0
0
0
0
0
0
0
0
0
0
0
0
0
0
0
0
0
0
0
0
0
0
0
0
0
0
0
0
0
0
0
0
0
0
0
0
0
0
0
0
0
0
0
0
0
0
0
0
0
0
0
0
0
0
0
0
0
0
0
0
0
0
0
0
0
0
0
0
0
0
0
0
0
0
0
0
0
0
0
0
0
0
0
0
0
0
0
0
0
0
0
0
0
0
0
0
0
0
0
0
0
0
0
0
0
0
0
0
0
0
0
0
0
0
0
0
0
0
0
0
0
0
0
0
0
0
0
0
0
0
0
0
0
0
0
0
0
0
0
0
0
0
0
0
0
0
0
0
0
0
0
0
0
0
0
0
0
0
0
0
0
0
0
0
0
0
0
0
0
0
0
0
0
0
0
0
0
0
0
0
0
0
0
0
0
0
0
0
0
0
0
0
0
0
0
0
0
0
0
0
0
0
0
0
0
0
0
0
0
0
0
0
0
0
0
0
0
0
0
0
0
0
0
0
0
0
0
0
0
0
0
0
0
0
0
0
0
0
0
0
0
0
0
0
0
0
0
0
0
0
0
0
0
0
0
0
0
4.52930121016387E-79
4.24863979726906E-32
5.81743543873903E-21
5.70929110226763E-16
3.78852355847061E-13
2.41118949602392E-11
4.63553144747672E-10
4.22226065630832E-09
2.1722488846775E-08
1.1862375821613E-07
3.61542123540997E-07
8.75211048998714E-07
1.75795295395475E-06
3.57947941582009E-06
5.55351055996419E-06
8.9540643404577E-06
1.1395651998725E-05
1.45927756599278E-05
1.89909774768597E-05
2.68162173725642E-05
4.70825768567933E-05
5.50336039687057E-05
7.00523638802104E-05
9.21577557262189E-05
1.03623003123725E-04
1.2317071861443E-04
1.471427526966E-04
1.64557872616288E-04
1.99374372721026E-04
2.22742910835529E-04
2.4668823568438E-04
2.66027488313328E-04
4.68590905875577E-04
5.17517049432803E-04
3.85615802736136E-04
4.80332533165646E-04
5.22146172530118E-04
5.73774977762861E-04
6.37153999431611E-04
7.04247314136579E-04
6.88928664356411E-04
6.88807808486904E-04
3.78395594516656E-04
4.52965906309217E-04
5.06372593895623E-04
5.48600404152077E-04
5.46991845542397E-04
6.06362694099118E-04
6.68962622589379E-04
6.99794291860319E-04
7.12472353702305E-04
7.80818058530068E-04
8.12687710678024E-04
8.6519261734557E-04
8.55131232962658E-04
8.64102794381418E-04
8.25621365905638E-04
9.24695910965996E-04
9.30419611640184E-04
1.01029020337636E-03
1.76986120592505E-03
1.76845257187657E-03
2.25984131954092E-03
2.23727994659394E-03
2.29711075250659E-03
2.35663774693259E-03
0.00241584371178
2.50603845420562E-03
2.53323130290389E-03
2.62418817240927E-03
2.78329983834977E-03
2.84359903600307E-03
1.81904959258638E-03
2.78445245584443E-03
2.80351552281523E-03
2.8578698762552E-03
2.98744337569464E-03
3.04235856317201E-03
3.09684165659748E-03
2.95146578814914E-03
3.00168182415565E-03
2.96901239464225E-03
3.22658461911492E-03
2.21340552442092E-03
2.29074777975408E-03
2.32522592461285E-03
2.40392252005567E-03
2.39328654351296E-03
2.33528970944276E-03
2.41373752849691E-03
3.85731863388601E-03
3.90790178494987E-03
3.90976103815973E-03
3.95882997073704E-03
4.70009976222506E-03
4.75660777324852E-03
5.06589396558557E-03
4.76559163243912E-03
5.18215346247657E-03
5.23948185278198E-03
5.29628112551345E-03
4.9243508633776E-03
4.97564377971391E-03
5.02646127072784E-03
5.07680730679046E-03
4.66989905446713E-03
4.85110146026829E-03
5.21642585402657E-03
5.34571379794116E-03
5.60294279879048E-03
5.79940525194615E-03
5.92821327813483E-03
6.19856339827615E-03
6.40119042680377E-03
6.60580432644945E-03
6.89158540354868E-03
7.10249777014431E-03
7.3153202079355E-03
7.44346826448323E-03
8.28081162208018E-03
8.42267928188309E-03
9.12587895638098E-03
9.37327717657068E-03
7.93616015989674E-03
8.14333721412433E-03
8.3520416424375E-03
6.63574094930004E-03
5.26435483301684E-03
5.84158266631604E-03
6.09605796075984E-03
4.47333101302483E-03
4.45611858143739E-03
4.68041622562943E-03
4.53306813208934E-03
4.63264072556746E-03
4.60131915686801E-03
4.29643684625002E-03
4.6605955203051E-03
4.75673709243476E-03
1.05632367967605E-02
1.09202465520511E-02
9.94777698382702E-03
1.51359153216932E-02
1.54257622363283E-02
1.57169419396408E-02
1.60094276122489E-02
1.63031927484594E-02
1.65982111510651E-02
1.68944569262038E-02
1.71919044782835E-02
1.74905285049725E-02
1.77903039922598E-02
1.61011735265286E-02
0.016553889634524
1.70136269035413E-02
1.72903913796711E-02
1.71819817054312E-02
1.74544770083923E-02
1.77278481027258E-02
1.82043451295001E-02
1.86878586111924E-02
2.08460827257595E-02
2.11569510811001E-02
2.14686915163625E-02
2.17812823485521E-02
2.20947021213551E-02
2.24089296012747E-02
2.27239437738412E-02
2.30397238398886E-02
2.33562492119012E-02
2.36734995104287E-02
2.39914545605683E-02
2.43100943885126E-02
2.09349893354401E-02
2.27039080157133E-02
2.29956324296727E-02
2.43115534101181E-02
2.48763645768717E-02
2.46611064759389E-02
2.65581098584251E-02
0.026612716576538
2.66613581085903E-02
2.58781045021257E-02
2.61835183641863E-02
2.81801747425768E-02
0.013397812798679
1.38394651637238E-02
1.37046645067774E-02
1.38583693284075E-02
1.40122494368511E-02
1.53719391909218E-02
1.43205038605688E-02
1.47828383189423E-02
1.46293651549316E-02
1.85586434480149E-02
1.90707724695907E-02
1.83050777712512E-02
1.94663785341614E-02
1.96643898646169E-02
1.98625275301775E-02
2.34042459340851E-02
2.43109736827461E-02
2.48900871755051E-02
2.71972729053089E-02
2.32878465410386E-02
3.50891514889355E-02
3.54204276841038E-02
3.57517938377153E-02
3.21140795091041E-02
1.78432215940399E-02
1.72707549577773E-02
2.07636065166219E-02
1.87047343726478E-02
1.84931257889264E-02
1.75134271702965E-02
1.61297804298303E-02
1.70437403030982E-02
1.95336285300834E-02
1.81233912156038E-02
1.86731086973212E-02
0.018428184018969
2.06001324932992E-02
1.99544888012261E-02
1.92955427255609E-02
2.06925513993037E-02
2.08578517079316E-02
2.10230676630207E-02
2.11881929333333E-02
2.43426722033545E-02
2.36699609421573E-02
0.024284917407267
2.70911009411588E-02
2.59744437040474E-02
3.59262394614448E-02
3.61924326461213E-02
3.37577771560392E-02
3.40038239398324E-02
3.42496431806775E-02
3.35753533614791E-02
0.034277356284295
3.45191724053565E-02
3.61699482997402E-02
2.79070153001212E-02
2.80991749133467E-02
2.87706181752046E-02
2.94483264412109E-02
1.99261857697942E-02
1.95698174082298E-02
1.82218359312387E-02
1.78457138013673E-02
1.64650855511416E-02
1.75757780198261E-02
3.48714590328687E-02
2.13610745579903E-02
2.14958363362234E-02
2.21453955932487E-02
1.96918898105273E-02
0.020856032114991
2.09835449956255E-02
2.26941525470399E-02
2.86711808784297E-02
3.04447793910155E-02
2.95506373827086E-02
2.97244107273652E-02
2.98978560441875E-02
3.33514370792531E-02
3.57426026777543E-02
3.53933605710217E-02
3.50374477318935E-02
3.41156049961578E-02
3.43056624754315E-02
4.69362474358898E-02
4.77623378740747E-02
5.71694724507499E-02
5.74783254951321E-02
5.77864757872908E-02
5.80939139953111E-02
0.058400630841405
5.87066171015416E-02
5.90118636050851E-02
5.93163612344399E-02
5.96201009247048E-02
5.99230736633337E-02
6.02252704898044E-02
6.05266824952945E-02
6.08273008223645E-02
6.11271166646478E-02
6.14261212665475E-02
6.17243059229408E-02
4.96173295831106E-02
4.98545446634811E-02
5.00910831351325E-02
5.03269381932154E-02
5.05621030721515E-02
6.34957138067827E-02
6.37879192817333E-02
6.40792369538053E-02
6.43696585598514E-02
6.46591758845771E-02
0.06494778076031
6.52354650667745E-02
0.065522220730872
6.58080397264654E-02
6.60929140741695E-02
6.63768358411457E-02
6.66597971409011E-02
6.69417901330938E-02
6.72228070233405E-02
6.75028400630307E-02
6.77818815491443E-02
6.66987253475918E-02
6.62868504971849E-02
6.10655524990125E-02
5.37326239969261E-02
4.42636475133451E-02
0.045132673411792
0.042521130243971
3.91874605105456E-02
3.44212193164642E-02
3.87838542037516E-02
3.96388929544134E-02
3.83671597268277E-02
6.27578745575485E-02
5.94115183527751E-02
4.52613526502925E-02
4.47054611389227E-02
0.039077981481103
3.92183422201905E-02
3.79003858998767E-02
3.80343699045424E-02
3.66997687642559E-02
4.49294927853115E-02
4.80409269483635E-02
4.59805437910985E-02
7.44140466628397E-02
7.46647495864726E-02
7.49142696487906E-02
7.06528443427655E-02
7.16392485262153E-02
7.26294413045961E-02
7.36233804431708E-02
6.92909503869144E-02
4.81232995065113E-02
6.28343453941538E-02
5.99563206011006E-02
6.01424188400602E-02
6.57415558029719E-02
6.74938140125098E-02
6.45855605453721E-02
6.39989469206128E-02
0.064189431284568
0.060453328686905
4.80317398070389E-02
4.97504764121045E-02
4.83096637272981E-02
6.27434044255637E-02
6.29208038065925E-02
6.38958663350988E-02
5.28605634238003E-02
4.97936700509928E-02
0.045097725253821
4.44122804569544E-02
4.29120920242539E-02
4.54616279193066E-02
4.72093300482301E-02
4.81486967841075E-02
0.040909582588946
4.01942124293085E-02
4.93424848638852E-02
6.76045469462138E-02
6.28142157190494E-02
6.37980519011752E-02
6.31237390965707E-02
5.82813662033659E-02
0.059256058469948
0.051031364519273
4.86360749856285E-02
5.04307281942139E-02
5.72870798605234E-02
3.79974478420641E-02
3.80836848755665E-02
3.64728642504545E-02
3.48538455655744E-02
4.25983504465326E-02
4.09836356888715E-02
3.59381380115525E-02
3.68724824281681E-02
2.74980676804501E-02
0.030139024280495
1.63951121759282E-02
1.55640880043514E-02
1.55956982636283E-02
1.56270415459327E-02
1.39183263034776E-02
1.39457103531986E-02
1.39728550828036E-02
1.39997598358866E-02
1.31497724647297E-02
1.31745438923856E-02
1.31990885315489E-02
1.32234057905944E-02
1.32474950838329E-02
1.41561128869449E-02
1.41813199571297E-02
0.015982067281011
1.77887481235451E-02
2.31651367640138E-02
2.49894614862569E-02
2.41374404560879E-02
2.41774818054175E-02
2.51140335794448E-02
2.51546872045081E-02
2.51949039982221E-02
2.70371603573375E-02
2.70793106368403E-02
2.16967918650543E-02
2.35405706876985E-02
2.44826379030185E-02
2.63350846619854E-02
2.81924086039689E-02
2.82330280126365E-02
3.00972291521017E-02
2.46595246726864E-02
2.46936128451604E-02
0.021063970211432
2.10922722195368E-02
2.11202051846867E-02
2.29867048318339E-02
0.023016262335696
2.30454165782016E-02
2.12282335202997E-02
2.12543115286989E-02
2.03547985453407E-02
2.03790288185597E-02
2.31851150854546E-02
2.41403090524344E-02
2.88153038788169E-02
4.28058565104378E-02
4.47159312055553E-02
4.75618510010555E-02
4.94793327121453E-02
4.67271440811398E-02
4.77103464805761E-02
0.047758165490866
4.21810084144945E-02
4.22217154531684E-02
5.07140135353001E-02
4.70009943945261E-02
4.70437395108949E-02
4.61439412006941E-02
4.99543420024404E-02
4.99970082371207E-02
5.09829193844859E-02
0.053859289304852
6.14675611442048E-02
5.67835825486441E-02
5.58797591589611E-02
5.78169790426047E-02
5.50134248873426E-02
6.07474263779932E-02
7.02876381084317E-02
6.93843495012497E-02
7.32340303588931E-02
7.61356175725355E-02
7.99917111748497E-02
8.00396065019981E-02
7.91326775607242E-02
7.91771983783398E-02
0.079220315457582
8.11719561730537E-02
8.02577842223276E-02
8.12530713433042E-02
8.03350969685853E-02
8.03716156727697E-02
7.94494854025732E-02
7.56522560177789E-02
7.56825746265412E-02
7.57115496597412E-02
7.66979042455043E-02
7.48064097952467E-02
7.77091511873092E-02
7.67736719079518E-02
0.076796201183215
7.68173662517534E-02
7.58767020381502E-02
7.49342117840997E-02
6.72635875183351E-02
9.61104688534197E-02
9.61283904550945E-02
9.61446036999535E-02
9.61591082107913E-02
9.61719036501765E-02
9.61829897204535E-02
9.61923661637424E-02
9.62000327619413E-02
9.62059893367258E-02
8.85134168895861E-02
9.52506441826314E-02
9.52514617566915E-02
9.33263318306696E-02
9.33238148505298E-02
8.08128831885684E-02
8.36938243287077E-02
8.36871033536338E-02
8.46407211965007E-02
9.61714930075236E-02
9.61586389321951E-02
0.096144075796331
9.61278039387271E-02
9.61098237379532E-02
9.60901356123522E-02
9.60687400200382E-02
9.60456374588952E-02
9.60208284665757E-02
9.59943136204984E-02
9.59660935378464E-02
9.59361688755653E-02
9.59045403303611E-02
9.58712086386974E-02
9.58361745767937E-02
9.57994389606221E-02
9.57610026459053E-02
9.57208665281133E-02
0.095679031542461
9.18100787173487E-02
9.55902689071399E-02
9.55433433265966E-02
9.26298813259445E-02
9.16266327461319E-02
8.58531625043062E-02
7.24574159868087E-02
6.19341565396616E-02
5.99925322066811E-02
5.71004868672148E-02
4.47003034738975E-02
7.79368136354053E-02
7.78844836254252E-02
0.0759324631225
7.68272041147973E-02
6.63456800149086E-02
3.31481530532644E-02
7.19239674887155E-02
7.18678164480899E-02
0.083148878215389
7.55281094274183E-02
7.73516198466091E-02
7.63430542425375E-02
7.53347682210154E-02
7.62085047145605E-02
7.42592309773069E-02
7.41903384152535E-02
7.41201371707372E-02
0.075923277724539
7.49122179827076E-02
7.39016979796833E-02
7.28917689408696E-02
7.09489433062551E-02
7.46040930178927E-02
7.45237749187253E-02
7.44421458103628E-02
0.074359207615234
7.33465252588451E-02
7.32620441650833E-02
7.31762762309717E-02
7.03136833478382E-02
7.66971354588732E-02
7.56800542502108E-02
7.65074847272349E-02
7.64106466746751E-02
7.53930425256461E-02
7.52947282533985E-02
7.70291227157702E-02
0.072346801197693
6.95046756895467E-02
6.02759608197488E-02
5.47195863108025E-02
5.46418890866493E-02
5.54726254940158E-02
5.35755749008834E-02
0.0544030828842
2.89715105507571E-02
2.98315245954322E-02
3.06882554344439E-02
3.15416570228069E-02
0.08997689850633
8.98332135225314E-02
8.96879685451413E-02
8.95411670450688E-02
8.93928125327584E-02
8.92429085581916E-02
8.90914587108893E-02
8.89384666199132E-02
8.87839359538697E-02
8.86278704209119E-02
8.84702737687438E-02
8.83111497846243E-02
8.72689972724172E-02
8.62285684640182E-02
8.69464057834937E-02
8.67828630818938E-02
8.57429001040666E-02
0.082958321531488
0.081925552457241
8.17646230000742E-02
8.24704010498155E-02
6.49775761311722E-02
7.17627169976295E-02
7.16156890081883E-02
6.19958491265468E-02
6.27254392189322E-02
6.51652170362444E-02
6.41705195235317E-02
6.31784041904773E-02
7.75231717897822E-02
7.82026934025683E-02
5.34328913684208E-02
5.07743161830072E-02
5.15036257352315E-02
5.22282153876501E-02
8.40445162654122E-02
8.38485556811302E-02
8.36511801428867E-02
8.34523945094454E-02
8.32522036794799E-02
8.30506125915972E-02
8.28476262243633E-02
0.082643249596329
8.24374877660575E-02
8.22303458321524E-02
8.20218289332876E-02
6.70857926435546E-02
0.066912566616645
6.67382259570061E-02
6.57510338513816E-02
0.066386218154144
6.62085598007345E-02
6.11983552922633E-02
5.94255704209024E-02
5.04530278418744E-02
5.03131835398539E-02
5.17652883976339E-02
0.064325586398924
6.33507189320387E-02
6.31689554696834E-02
5.90495227173545E-02
5.88771842309794E-02
5.71384477385499E-02
5.22864680488631E-02
4.97957716578018E-02
4.34397701694554E-02
4.48542335163689E-02
4.62585005313166E-02
2.84377821843771E-02
2.75828404085381E-02
2.52047063855757E-02
2.51247374312914E-02
0.025044365569712
2.42071203613036E-02
2.41284086549392E-02
2.48008533273506E-02
2.62170052787515E-02
2.61296590166746E-02
2.60418988312648E-02
2.44706568927984E-02
0.025865145845129
2.50396960111813E-02
2.49528572120142E-02
2.63283115316901E-02
2.55067743203526E-02
2.39638282505251E-02
2.31544625424903E-02
1.87451178631529E-02
2.01136329625885E-02
2.07556164521478E-02
3.35141384212454E-02
5.39912886761553E-02
5.30809303151857E-02
5.42903114192983E-02
5.54881377586451E-02
6.01727675072653E-02
0.060636791028654
6.10944719338104E-02
3.80339122154673E-02
2.68626393636249E-02
3.01855523825066E-02
2.93808130276626E-02
6.46478819386189E-02
3.86302254556525E-02
3.84711523470691E-02
4.10000415156457E-02
4.14979220308831E-02
4.13230657001005E-02
5.70757159661744E-02
5.41881887496847E-02
5.39545651030664E-02
5.30650430803642E-02
5.41372573040226E-02
5.32490740545625E-02
5.17194071006691E-02
5.53493509384957E-02
5.44588692244209E-02
5.42112231984369E-02
5.45976795202897E-02
5.68733029836477E-02
5.59797300022192E-02
5.63433522903548E-02
0.056077220269756
0.055190212579674
5.18398357547172E-02
5.09751781219746E-02
0.050726981083479
4.43964108479205E-02
0.041756285267854
4.09461431413738E-02
4.07406310984769E-02
0.038150203900008
3.61766159289205E-02
3.83509127832434E-02
0.0375655246395
3.44501712564566E-02
3.54308612068875E-02
3.06212356057027E-02
2.87338708408828E-02
2.68646664067604E-02
0.028993140279599
3.39234246221435E-02
3.42991491171582E-02
3.52274082487901E-02
3.28065215515963E-02
3.15160873598158E-02
2.19911413215649E-02
1.96789318236859E-02
2.01091040227162E-02
1.99924149962933E-02
2.68587911126191E-02
3.20406146101682E-02
0.034504528821416
3.37703621078131E-02
3.19932406205903E-02
0.031277480821558
3.47125652563291E-02
3.70727556392897E-02
0.045029216004175
4.42383560875751E-02
4.39587627550653E-02
4.16705312511482E-02
4.98831333422678E-02
4.95603462907745E-02
4.92371090194461E-02
4.89134324307205E-02
0.048589327494946
0.048264805251061
4.79398768072896E-02
4.76145533418507E-02
4.72888461036835E-02
4.69627664131886E-02
4.66363256629842E-02
4.63095353186801E-02
4.59824069196662E-02
4.51984025591219E-02
0.045327182488835
4.49991099120517E-02
4.46707461923293E-02
4.43421032504187E-02
4.40131930859602E-02
3.23261805560171E-02
3.07817798364323E-02
3.22687353423337E-02
3.37291471767187E-02
3.34683970463597E-02
3.36278420647435E-02
0.031278273504677
3.10303188703086E-02
3.11926775655777E-02
3.09411902425888E-02
3.10934148980563E-02
2.56319407838053E-02
1.35043420326789E-02
1.33916847903335E-02
1.32790013380003E-02
1.31662962320176E-02
0.013053574061859
1.29408394505807E-02
1.50918788885618E-02
0.016455160852123
0.017421251839911
1.76327580093345E-02
1.67455477558627E-02
0.0162323387987
0.016797999645975
1.59340776612959E-02
1.54342269927518E-02
1.80682428645738E-02
1.89285651879619E-02
0.019087409623861
0.019577260160591
1.70458822665718E-02
1.68773690547963E-02
1.44155695300435E-02
1.39460380546183E-02
1.21990875531498E-02
1.01674623416068E-02
1.19487336958898E-02
1.33794614746487E-02
0.01231452316563
0.012183158413092
1.20519229943254E-02
1.22188441327666E-02
1.26741067619764E-02
2.91476484483957E-02
2.88210205688965E-02
0.028494800429888
2.81690053657146E-02
1.58708821344798E-02
1.65112563514516E-02
2.33871378462931E-02
2.25711595922706E-02
2.01757382321095E-02
1.73079405564375E-02
1.42460074237117E-02
1.33016419207259E-02
1.49027616273349E-02
1.52124013632355E-02
1.45248763314986E-02
1.40935082286503E-02
1.29494891448679E-02
1.13580500391744E-02
1.14392354569031E-02
1.17447279538631E-02
1.09022996194113E-02
1.20949938054658E-02
0.011483647009351
1.08852724339981E-02
9.87067211215962E-03
0.010361673267282
4.16708678468166E-03
3.89984321821804E-03
3.8411282030854E-03
3.78259165513374E-03
3.52822535584499E-03
3.08721786336625E-03
2.84849689147903E-03
2.80288173916958E-03
2.94125316046659E-03
0.002892938427165
2.66700017985623E-03
2.44723707229296E-03
2.57725210787108E-03
0.002532641096101
2.48821048185011E-03
2.60689504637821E-03
3.19987447215601E-03
3.14138620989079E-03
2.92900135822816E-03
3.02519918188298E-03
2.96751121206175E-03
5.96570686499299E-03
6.41919113029945E-03
6.15149835884241E-03
6.30106148865265E-03
5.09836234507864E-03
4.07248768001509E-03
6.04369773446872E-03
5.91372605628802E-03
1.04613587162956E-02
1.03494265562699E-02
9.2924817568011E-03
9.19421350190819E-03
8.97971516043627E-03
8.87622182519798E-03
8.66194825036457E-03
6.57157480765005E-03
6.91577375504231E-03
6.73971820836356E-03
6.37189722712388E-03
6.48559187075764E-03
5.48786504575919E-03
5.33731500409094E-03
0.005015082699235
4.78799208106713E-03
5.38258862564183E-03
7.28003846649992E-03
6.98240076112527E-03
5.50199127356386E-03
5.25570104208894E-03
5.0158141027719E-03
5.18642514064295E-03
4.75029718080876E-03
4.33414334320551E-03
4.30117321675859E-03
3.56067239324075E-03
3.25898605414957E-03
3.08918395105084E-03
2.94929556450075E-03
3.24384263549295E-03
3.37089905400195E-03
4.39430328864767E-03
3.82339248556551E-03
4.71396138054119E-03
4.55884486832795E-03
4.50685410370294E-03
4.4543823633946E-03
4.40142662740152E-03
4.88537533480042E-03
4.82477749050395E-03
4.7159906209016E-03
4.65490182302578E-03
0.004454071392108
4.02761477564903E-03
3.97183711097965E-03
3.87106964752717E-03
3.72724691621874E-03
3.67193534597556E-03
3.61614486548184E-03
3.64363771818985E-03
3.6267693198172E-03
3.60806716751944E-03
3.58751650649837E-03
3.40839545010234E-03
3.34837868909646E-03
3.32567801839267E-03
3.30110479798372E-03
3.23826339429885E-03
3.17495200247592E-03
3.1111779557842E-03
3.04694959060177E-03
3.04929376569117E-03
3.01550024357777E-03
2.97980211160023E-03
3.12999893871512E-03
3.05546595613592E-03
2.92089726840048E-03
2.7598860640729E-03
2.51816176931219E-03
2.47795869493571E-03
2.4359298584059E-03
2.41809254219176E-03
2.49784830523184E-03
2.32352767502814E-03
2.24993702633872E-03
2.2449128273014E-03
1.08435995472246E-03
1.08893040851104E-03
1.02865603059668E-03
1.00954335078247E-03
9.31867276793586E-04
8.39129293260978E-04
7.68607970845391E-04
6.51209640959425E-04
8.28394819113193E-04
8.03911558187787E-04
1.00876834847082E-03
9.42546989599965E-04
7.36240800480049E-04
6.45605474093398E-04
7.56056307923966E-04
6.55149912546971E-04
6.12242042917114E-04
5.60787751350688E-04
5.02896537116389E-04
4.00532772856115E-04
3.6839934290535E-04
3.43949866762873E-04
3.07028274962477E-04
3.22415477558673E-04
2.90037153413559E-04
2.54640501380393E-04
2.05952381851456E-04
1.81056216377323E-04
1.30395432421587E-04
1.07161869651418E-04
8.68424366286339E-05
7.11531215207205E-05
5.74071577284421E-05
4.93111569837852E-05
3.8418181883802E-05
2.92672917555857E-05
2.11244160613404E-05
1.52083342205414E-05
1.1534097620172E-05
7.71510170824694E-06
5.05921055887656E-06
2.95209312687852E-06
1.75390491880588E-06
9.26642393932864E-07
4.64298834417169E-07
1.85448841088961E-07
6.32808039546621E-08
1.58486354757384E-08
2.96815277770123E-09
3.95033695272178E-10
1.98362462988495E-11
2.87982676760513E-13
3.98802136785119E-16
2.96928141940461E-21
8.38257015585259E-33
1.36901498578461E-83
0
0
0
0
0
0
0
0
0
0
0
0
0
0
0
0
0
0
0
0
0
0
0
0
0
0
0
0
0
0
0
0
0
0
0
0
0
0
0
0
0
0
0
0
0
0
0
0
0
0
0
0
0
0
0
0
0
0
0
0
0
0
0
0
0
0
0
0
0
0
0
0
0
0
0
0
0
0
0
0
0
0
0
0
0
0
0
0
0
0
0
0
0
0
0
0
0
0
0
0
0
0
0
0
0
0
0
0
0
0
0
0
0
0
0
0
0
0
0
0
0
0
0
0
0
0
0
0
0
0
0
0
0
0
0
0
0
0
0
0
0
0
0
0
0
0
0
0
0
""
