0
0
0
0
0
0
0
0
0
0
0
0
0
0
0
0
0
0
0
0
0
0
0
0
0
0
0
0
0
0
0
0
0
0
0
0
0
0
0
0
0
0
0
0
0
0
0
0
0
0
0
0
0
0
0
0
0
0
0
0
0
0
0
0
0
0
0
0
0
0
0
0
0
0
0
0
0
0
0
0
0
0
0
0
0
0
0
0
0
0
0
0
0
0
0
0
0
0
0
0
0
0
0
0
0
0
0
0
0
0
0
0
0
0
0
0
0
0
0
0
0
0
0
0
0
0
0
0
0
0
0
0
0
0
0
0
0
0
0
0
0
0
0
0
0
0
0
0
0
0
0
0
0
0
0
0
0
0
0
0
0
0
0
0
0
0
0
0
0
0
0
0
0
0
0
0
0
0
0
0
0
0
0
0
0
0
0
0
0
0
0
0
0
0
0
0
0
0
0
0
0
0
0
0
0
0
0
0
0
0
0
0
0
0
0
0
0
0
0
0
0
0
0
0
0
0
0
0
0
0
0
0
0
0
0
0
0
0
0
0
0
0
0
0
0
0
0
0
0
0
0
0
0
0
0
0
0
0
0
0
0
0
0
0
0
0
0
0
0
0
0
0
0
0
0
0
0
0
0
0
0
0
0
0
0
0
0
0
0
0
0
0
0
0
0
0
0
0
0
0
0
0
0
0
0
0
0
0
0
0
0
0
0
0
0
0
0
0
0
0
0
0
0
0
0
0
0
0
0
0
0
0
0
0
0
0
0
0
0
0
0
0
0
0
0
0
0
0
0
0
0
0
0
0
0
0
0
0
0
0
0
0
0
0
0
0
0
0
0
0
0
0
0
0
0
0
0
0
0
4.31438191719536E-33
8.25289324663039E-18
1.08479478612594E-12
4.00191674400023E-10
1.8206195627394E-08
2.05025296086518E-07
1.20727123226311E-06
4.27244565713499E-06
1.27067153736806E-05
2.82585267780044E-05
5.24489198569462E-05
9.54428944338713E-05
1.61161373078574E-04
2.35187300842621E-04
3.25831375769088E-04
2.41524113012329E-04
3.06897901565646E-04
3.95144704315511E-04
4.25409849050046E-04
5.49318893637665E-04
1.27187047168992E-03
1.46613051986667E-03
1.64808021902174E-03
2.18291483779125E-03
2.48191827980267E-03
2.76841483248731E-03
3.06316663463223E-03
3.36497036228814E-03
3.67271016112436E-03
3.98535804659644E-03
4.30197224122824E-03
4.62169408704949E-03
4.94374402015034E-03
5.26741697393096E-03
5.59207748297578E-03
5.91715468589614E-03
6.24213736884008E-03
6.56656914817349E-03
6.89004385820581E-03
7.41956437009511E-03
8.0818142206234E-03
8.76992311196751E-03
6.44865007105384E-03
5.31511926142198E-03
5.60161269898495E-03
9.53307654336014E-03
8.80447479724136E-03
9.11794369333556E-03
9.26991554102263E-03
5.75139535503741E-03
6.09128691636705E-03
7.62489287480765E-03
1.16208404049256E-02
1.22402765547684E-02
1.24756484752597E-02
1.47622965793062E-02
1.56950945041268E-02
1.66603889597715E-02
2.26694806832061E-02
2.34236298590018E-02
2.59904248259743E-02
2.70771740252489E-02
2.81785678384523E-02
2.92941824471649E-02
3.04236049662853E-02
3.06194402497985E-02
3.23950529083936E-02
0.032535120857477
3.40193430385412E-02
3.44509183222551E-02
3.59695772833419E-02
3.28811454154877E-02
3.35243693730817E-02
3.53862257943038E-02
3.64586820530997E-02
3.71031649399982E-02
4.04256351107432E-02
0.041112032294034
4.22556560025467E-02
0.048772006882778
5.00742501524476E-02
5.13847322099713E-02
5.27031969918371E-02
5.40293949304503E-02
5.53630827487237E-02
5.67040232603798E-02
5.80519851759737E-02
5.94067429146223E-02
6.07680764214077E-02
6.21357709904043E-02
6.16043285804453E-02
5.25604222726362E-02
5.43454595610725E-02
5.54861556997603E-02
5.80124986092678E-02
5.98945097210475E-02
6.18088484303463E-02
6.22898661059983E-02
6.42405205640634E-02
6.01338813308848E-02
5.97086502225221E-02
3.23788113848107E-02
3.37703963310204E-02
6.38371739130321E-02
6.99577484070224E-02
0.071170735460586
3.36080477329601E-02
3.24213006650355E-02
2.67236678154817E-02
2.71606834614505E-02
2.66785960923931E-02
2.99063689979464E-02
3.03751087497504E-02
3.18085242328178E-02
3.13148916429659E-02
0.032779163968249
0.032257484234347
3.57981518585643E-02
3.63153250280525E-02
9.78708172039681E-02
9.81809479450186E-02
9.84628314786538E-02
8.88446933374253E-02
8.67125959427906E-02
8.89985359581721E-02
7.19106218001919E-02
6.24414436371393E-02
5.97320428982386E-02
0.060492016094368
6.48554246108621E-02
2.79666394462677E-02
2.58480690256396E-02
0.027407252944133
2.52142266895562E-02
2.67884584136343E-02
0.027102011641346
2.87210835288088E-02
3.03700159252783E-02
3.07134222914653E-02
2.83561973596543E-02
2.59392074528096E-02
2.89830321488649E-02
2.37160736656448E-02
2.25596316309556E-02
2.27981613557153E-02
2.30365876281535E-02
2.03655362344025E-02
1.91043794449681E-02
1.92977911450631E-02
2.09903947969038E-02
2.11984117522582E-02
2.14062777283582E-02
2.16139830911272E-02
2.18215183250666E-02
0.022028874030533
2.06477522838782E-02
2.08399376909275E-02
2.26497716626441E-02
2.44889115902425E-02
2.14153071111432E-02
2.16066738967393E-02
2.34745707487511E-02
2.53716052580302E-02
2.72977139939483E-02
0.02753207644197
2.77661234866013E-02
2.97498361237501E-02
3.17623882590824E-02
3.20245639348062E-02
3.04926575665784E-02
2.89313033530111E-02
2.91632647443015E-02
2.93948472055495E-02
2.96260420294228E-02
2.98568405952564E-02
3.19676865153727E-02
3.22120408245281E-02
3.05467738037219E-02
3.65463845840356E-02
3.87557421178858E-02
3.90410479128718E-02
3.73594965315848E-02
3.76294485757095E-02
0.109707174955969
0.11450300481206
0.119353638221016
0.138518077528716
0.137422813101094
0.113581114934617
0.116429786890374
0.113025389501155
0.105349450701305
0.108164962492788
0.113141226709487
0.111725332822694
0.112442359701772
0.104453117802286
0.105111566613479
9.91577559657299E-02
0.104206066061047
0.104845618412152
0.114460715525712
0.110635123951209
0.109024952319868
0.111955584398863
0.110314717309762
8.32175663035362E-02
8.60225876590287E-02
9.82056637753537E-02
0.10346531939772
0.096952607061398
9.98705107355496E-02
9.56399541545873E-02
0.079334838003974
8.21824322378594E-02
9.23449990581763E-02
9.28373898476873E-02
9.33281118555305E-02
9.87548957872793E-02
0.101749584872796
0.09977907881945
0.097781243340836
9.82761009371542E-02
0.103834245879677
0.111986102296611
0.117653647570974
0.123369126702038
8.26446332428451E-02
5.44960834798996E-02
5.21482042888687E-02
5.50141265167018E-02
5.52716124529862E-02
5.28838717111544E-02
4.78144097859653E-02
5.07009063859464E-02
5.36106246509576E-02
5.92359504212181E-02
6.22035998276377E-02
6.24775296111978E-02
5.72937299619367E-02
5.48015919692905E-02
5.50366849504697E-02
5.80342663316455E-02
5.82789064951892E-02
5.85224332622644E-02
6.43614917060642E-02
7.02453823041972E-02
6.48887714908136E-02
6.79831765396447E-02
7.10989815367866E-02
6.85255526040533E-02
6.87947605493057E-02
6.61850292197492E-02
0.069329181639385
7.53939128437072E-02
7.85905095984195E-02
8.76509048994116E-02
8.50447401409746E-02
0.079471815864429
8.27166642419218E-02
0.083016498652591
8.33147121292526E-02
8.06251794178257E-02
7.49162913801143E-02
0.081192425393061
0.075438578202299
6.96417041517127E-02
6.98785486158852E-02
7.31624550843772E-02
7.64653378633177E-02
8.28557416473778E-02
9.54424388939369E-02
9.26635441345508E-02
0.105356489701841
0.130560971098517
0.196459663442061
0.193945824764119
0.197684400994897
0.204585851117369
0.208364588697874
0.183659388013886
0.177854894100695
0.181565305188033
0.14376009980206
0.14738022736365
0.147802752410747
0.141777884361209
0.13571383394814
0.155533173314207
0.152712516514671
0.156387151287662
0.147008868770449
0.160504231675249
0.154360402669633
0.138300351393718
0.141960252827756
0.132394833653803
0.132730965872044
0.126411215940125
0.136730122681504
0.140409537952686
0.127346372919429
0.124293698853208
0.121222458055443
0.118132846361877
0.111641970410123
0.122071961119322
0.118951608588447
0.119219749931947
0.252626466826692
0.263447416718274
0.264021445437183
0.27146262462254
0.275484183369464
0.279514749991924
0.276638148612471
0.277206764036895
0.277769783682635
0.274848104560576
0.261449047076277
0.261961066947314
0.262467792605815
0.262969212341119
0.29156828146308
0.29211140390053
0.296174503394816
0.275518466571648
0.307859733016925
0.216237409364825
0.145593530380107
0.142287037541198
0.14252872355583
0.153475085253582
0.153728681768546
0.157560072295368
0.139879865980369
0.24787166560936
0.248258539854043
0.259450827953889
0.249017167702119
0.242160240116983
0.264234161401069
0.289990932164969
0.294034344773745
0.294446898123751
0.287573136908266
0.357220948934629
0.357698341805823
0.358168464196935
0.358631305444268
0.355422703472684
0.355866377168696
0.367322488007761
0.3677649507114
0.368199931882466
0.368627421684362
0.369047410454466
0.369459888704094
0.369864847118462
0.370262276556659
0.37065216805161
0.371034512810046
0.371409302212477
0.263961334747349
0.290266221445279
0.301715486302923
0.301994519362034
0.30226739978452
0.29879913227924
0.295318266499527
0.295566371606772
0.292064042076943
0.266065314494472
0.29252421185958
0.292745354364613
0.292960528616772
0.195446486525805
0.127880518056479
0.127966494933463
0.128049862201312
0.12436207040373
0.124437914598438
0.124511220668866
0.128357198699831
0.151091165972744
0.158729319641602
0.173934407870524
0.17023585050276
0.147606335565065
0.143885462720346
0.136370303757515
0.136425281151697
0.132686433622615
0.136526882885534
0.20486025743138
0.246670196766446
0.14425051885749
0.159479417594747
0.16711702454668
0.167156962517257
0.151994080541082
0.155824788194437
0.163455022298196
0.235716373573484
0.231946204259615
0.270001566925839
0.270027450075105
0.277654801915392
0.277670078787598
0.277679687395064
0.266271971597682
0.266270314190467
0.273870741813819
0.304286506066576
0.285249352790639
0.277618302326398
0.273785655610862
0.273750410522964
0.277511099315187
0.205247367880454
0.205208363145748
0.21656323470648
0.216513221272114
0.21645878857884
0.216399937842449
0.21254129019548
0.288358650130044
0.292055449265401
0.303326852266566
0.303213281379975
0.306882191917759
0.124974126522729
0.124919624732831
0.287562291723397
0.272297401556931
0.283501888848731
0.279576802303456
0.283202064964056
0.279269572421869
0.271563967243784
0.297786823438004
0.30136866188304
0.301174900536487
0.274639684946329
0.270692060722724
0.274258064147383
0.367914638937983
0.36763971819679
0.337368951425794
0.329611541669502
0.325601950091702
0.317852427365964
0.373625328509776
0.373299011153917
0.372965087463673
0.372623564948652
0.372274451292085
0.37191775435085
0.371553482155495
0.371181642910257
0.37080224499309
0.325965461321006
0.321918102545457
0.310479779900491
0.343364593428501
0.342976728069679
0.327847178631427
0.305386512309683
0.305021690099633
0.367048991888362
0.366594506276756
0.366132565624241
0.365663180395769
0.36518636123046
0.36470211894165
0.364210464516941
0.363711409118252
0.363204964081879
0.362691140918545
0.362169951313461
0.361641407126392
0.361105520391719
0.360562303318506
0.360011768290569
0.359453927866554
0.358888794780009
0.128993897498208
0.146672047995694
0.142859907802369
0.142622238642265
0.156619846828307
0.195440072016681
0.219932460505821
0.237251542631171
0.194412138199369
0.162306075277339
0.172575467792553
0.182802486980421
0.217548417892082
0.245153124862935
0.248177570548982
0.258160790536822
0.25765241779179
0.243239443526546
0.235813037257039
0.228410051893157
0.234845350393388
0.234354393879229
0.230419611805528
0.212767872485921
0.284217887876383
0.239177044877975
0.242056688081161
0.23811302774896
0.223998176692443
0.284435807550682
0.283777305698611
0.276372310355672
0.275718363170914
0.268350123909019
0.287778934092105
0.287075708532683
0.263057803795696
0.262401250856686
0.271678910130061
0.267681807675302
0.270288705399949
0.269585478848277
0.272155844492746
0.271433139760437
0.270705009669734
0.26346613493578
0.262745011928303
0.262018645626449
0.322576609185816
0.321666978927243
0.32075094050535
0.316630230812525
0.315710730291249
0.305246013807055
0.304342223071377
0.30659314219078
0.3025165311073
0.298453063014361
0.313194624868102
0.312221927847987
0.311243051654212
0.310258020230477
0.309266857712726
0.308269588429763
0.307266236903907
0.306256827851648
0.305241386184328
0.270755743937873
0.269841330009254
0.2235977469819
0.177660681086096
0.174043253064197
0.20333596030164
0.274129193888988
0.276120471634633
0.278085042186381
0.294760796963536
0.293680697150384
0.292594879132977
0.291503370427318
0.290406198756083
0.289303392049659
0.288194978447198
0.287080986297711
0.285961444161184
0.28483638080973
0.283705825228769
0.282569806618243
0.281428354393861
0.280281498188386
0.279129267852943
0.27797169345838
0.276808805296653
0.275640633882253
0.274467209953674
0.265089907540672
0.261220539491568
0.16525859765446
0.194199560491009
0.174539556307273
0.125639513369832
0.119748960830699
0.225160318018703
0.229397438096126
0.209960806529383
0.154120921575911
0.171592032613463
0.137137035531189
0.13905298153101
0.133253720931021
0.122401949304237
0.124335673480732
0.123717074145473
0.105511036476304
0.107476390502329
0.154174707260854
9.15336173900907E-02
9.35191201954591E-02
0.102821585025121
0.109583658652641
0.106577159229561
0.103594765858918
0.105428844563515
0.112000861456521
0.113752407881583
0.120188886142384
8.43626314235054E-02
8.15544460508436E-02
7.18210178369236E-02
7.37102981872459E-02
5.72511701557331E-02
5.46385775029833E-02
4.75257089178197E-02
4.72418523870842E-02
5.14293081967781E-02
5.11166718534959E-02
4.85943433104647E-02
5.26840003937413E-02
5.45365777787309E-02
5.20253640823883E-02
5.16947591011734E-02
4.70830344182893E-02
0.048904735398358
4.85855102437004E-02
4.82655072526687E-02
4.58601831070036E-02
0.047623209689283
4.73009363084404E-02
5.10629646490717E-02
5.07110804623516E-02
6.44587782671264E-02
5.60055964257301E-02
0.05362288712959
0.059155087854769
6.26435385734329E-02
5.83006892863681E-02
5.59431445777531E-02
5.55281563228499E-02
5.32119560381262E-02
5.09237128214125E-02
5.05351937262328E-02
5.01459859601093E-02
5.34417411955165E-02
5.48506243911497E-02
5.44159720415289E-02
5.21812652609486E-02
4.99749437296684E-02
3.54052525354429E-02
3.68693674176631E-02
3.65627765460944E-02
3.45292901496252E-02
3.08128405628725E-02
2.54574763689806E-02
2.69197911952209E-02
2.83524411038514E-02
0.02810230577894
2.62135365999812E-02
2.43539843523199E-02
2.57413791743108E-02
0.023910875991672
2.36889930703373E-02
2.34669039975568E-02
2.16949774313932E-02
1.99525275131271E-02
2.27994995060755E-02
2.25766860754277E-02
2.23537172397628E-02
2.21306035321976E-02
1.89863748714986E-02
1.87927864043039E-02
1.71684004445276E-02
1.84053267177645E-02
1.68105921750873E-02
0.016631589021226
1.50814877898793E-02
1.49173116437447E-02
1.60942947712505E-02
1.45888723125591E-02
1.44246269203834E-02
1.29639785944789E-02
1.28146637609075E-02
0.011398825088687
1.12644716209172E-02
1.11301448741406E-02
9.77409143337822E-03
1.08616037252132E-02
9.53547175954972E-03
9.41623757742017E-03
8.13493091851943E-03
1.03252032654301E-02
0.013588393603205
1.45274735243086E-02
1.43343370245709E-02
1.41413636302309E-02
1.71674670344798E-02
1.79885642446475E-02
1.56502609850865E-02
1.64570796408143E-02
1.52070329728917E-02
1.49858405924036E-02
1.96866033577988E-02
0.014544386574965
1.43241609240869E-02
1.69251528904978E-02
1.75874195363886E-02
2.09540926947416E-02
1.97223207626585E-02
1.76383969045679E-02
1.90828226274359E-02
1.96170234809702E-02
2.17999696330706E-02
3.04895315836802E-02
2.59090756227552E-02
2.54500331869617E-02
2.49922466487622E-02
3.37366788368101E-02
4.28936472135166E-02
4.43004978605243E-02
5.14188317060051E-02
5.18390262000847E-02
0.053598748250231
5.25219061891026E-02
4.27629186907108E-02
2.94431988064703E-02
3.26641085352317E-02
3.38423838154931E-02
3.43285386038614E-02
3.53629014783188E-02
0.033390469969761
2.23193614491967E-02
2.06776071337597E-02
2.07285741002943E-02
1.96913002332613E-02
1.97213232236634E-02
1.92221450545595E-02
1.82332683253341E-02
1.63138844666645E-02
1.58758198795831E-02
1.54407946251038E-02
1.63332194375875E-02
1.24360932408942E-02
1.24896389636877E-02
1.05017354235134E-02
0.01448952321919
2.80764891626972E-02
0.031957365568471
3.26925865171284E-02
3.12584980401111E-02
3.05225593398929E-02
2.68933381873177E-02
2.59290585097309E-02
2.43812457486286E-02
2.48925931088597E-02
2.42045617989232E-02
1.32063348393646E-02
1.67211422467955E-02
1.40782290096772E-02
1.18454419071831E-02
1.24298567133212E-02
1.54633949186635E-02
1.45342976006743E-02
1.28693913461491E-02
1.25909890247596E-02
6.57640775116021E-03
5.57061345907595E-03
5.10899935295895E-03
4.96395444348497E-03
4.67121537146429E-03
4.5147882459795E-03
4.22870795756031E-03
2.37034057915555E-03
2.52382170294248E-03
2.24672676056027E-03
1.9899634732988E-03
1.75292201663324E-03
1.38147116108175E-03
1.05429617928049E-03
9.37007859635832E-04
9.55321383361562E-04
1.02747830976014E-03
9.72211647224609E-04
9.16980754044199E-04
8.61878621076807E-04
7.595377799724E-04
6.63958860573228E-04
6.57354881204133E-04
6.45008086810407E-04
6.2719073087968E-04
6.04227600631276E-04
6.91800877459848E-04
6.48159381368216E-04
5.08596473399717E-04
4.69506620967023E-04
4.1000631327574E-04
3.53549210483166E-04
3.00477667385272E-04
2.51132822486837E-04
2.32693020801788E-04
1.79254024884744E-04
1.3978414624123E-04
1.05543417937522E-04
7.97078120329817E-05
5.73056528658401E-05
3.8774843695253E-05
2.6827085133187E-05
2.62672943042592E-05
1.53888907163421E-05
7.62769824372007E-06
2.46475991083236E-06
5.50807365873532E-07
7.14630227686687E-08
3.64089829711883E-09
3.15286325038323E-11
5.17214985500181E-15
2.18418005055956E-24
2.38049282027616E-80
0
0
0
0
0
0
0
0
0
0
0
0
0
0
0
0
0
0
0
0
0
0
0
0
0
0
0
0
0
0
0
0
0
0
0
0
0
0
0
0
0
0
0
0
0
0
0
0
0
0
0
0
0
0
0
0
0
0
0
0
0
0
0
0
0
0
0
0
0
0
0
0
0
0
0
0
0
0
0
0
0
0
0
0
0
0
0
0
0
0
0
0
0
0
0
0
0
0
0
0
0
0
0
0
0
0
0
0
0
0
0
0
0
0
0
0
0
0
0
0
0
0
0
0
0
0
0
0
0
0
0
0
0
0
0
0
0
0
0
0
0
0
0
0
0
0
0
0
0
0
0
0
0
0
0
0
0
0
0
0
0
0
0
0
0
0
0
0
0
0
0
0
0
0
0
0
0
0
0
0
0
0
0
0
0
0
0
0
0
0
0
0
0
0
0
0
0
0
0
0
0
0
0
0
0
0
0
0
0
0
0
0
0
0
0
0
0
0
0
0
0
0
0
0
0
0
0
0
0
0
0
0
0
0
0
0
0
0
0
""
