0
0
0
0
0
0
0
0
0
0
0
0
0
0
0
0
0
0
0
0
0
0
0
0
0
0
0
0
0
0
0
0
0
0
0
0
0
0
0
0
0
0
0
0
0
0
0
0
0
0
0
0
0
0
0
0
0
0
0
0
0
0
0
0
0
0
0
0
0
0
0
0
0
0
0
0
0
0
0
0
0
0
0
0
0
0
0
0
0
0
0
0
0
0
0
0
0
0
0
0
0
0
0
0
0
0
0
0
0
0
0
0
0
0
0
0
0
0
0
0
0
0
0
0
0
0
0
0
0
0
0
0
0
0
0
0
0
0
0
0
0
0
0
0
0
0
0
0
0
0
0
0
0
0
0
0
0
0
0
0
0
0
0
0
0
0
0
0
0
0
0
0
0
0
0
0
0
0
0
0
0
0
0
0
0
0
0
0
0
0
0
0
0
0
0
0
0
0
0
0
0
0
0
0
0
0
0
0
0
0
0
0
0
0
0
0
0
0
0
0
0
0
0
0
0
0
0
0
0
0
0
0
0
0
0
0
0
0
0
0
0
0
0
0
0
0
0
0
0
0
0
0
0
0
0
0
0
0
0
0
0
0
0
0
0
0
0
0
0
0
0
0
0
0
0
0
0
0
0
0
0
0
0
0
0
0
0
0
0
0
0
0
0
0
0
0
0
0
0
0
0
0
0
0
0
0
0
0
0
0
0
0
0
0
0
0
0
0
0
0
0
0
0
0
0
0
0
0
0
0
0
0
0
0
0
0
0
0
0
0
0
0
0
0
0
0
0
0
0
0
0
0
3.47481468751274E-71
6.27042958573604E-27
2.13216793921885E-17
3.00123366193274E-13
6.32940589004231E-11
1.93904882120896E-09
2.03637895734336E-08
1.19838204322696E-07
4.68312483037284E-07
1.3160857119282E-06
3.17953016870969E-06
6.77512898121465E-06
1.2866617475562E-05
2.13828422887906E-05
3.24028262168718E-05
7.44361735765659E-05
9.80883168176676E-05
1.38156553370036E-04
2.38418591346787E-04
2.95820739415523E-04
3.62616680140748E-04
4.35657568915076E-04
5.20417754213893E-04
6.19477177918139E-04
6.77983226694421E-04
8.4453260155929E-04
1.07781406730572E-03
1.21296402384261E-03
1.35381841683564E-03
1.49984378804114E-03
1.65052340314373E-03
1.80536134789043E-03
1.96388532763458E-03
2.12564842946069E-03
2.29023006584593E-03
2.45723628216357E-03
2.62629957798917E-03
2.79707836426942E-03
2.96925615475232E-03
3.14254057027352E-03
3.3166622180947E-03
3.49137349502878E-03
3.66644735212257E-03
3.84167604979723E-03
2.65113415064371E-03
2.59895083653987E-03
2.75088098601879E-03
2.81516712491467E-03
3.86553770240264E-03
4.05604068674762E-03
4.19869127148321E-03
4.34055197898572E-03
4.53554740935752E-03
3.95344358784823E-03
4.8754481521177E-03
5.01684854428733E-03
5.15715259922365E-03
5.29632137858782E-03
5.37038778226513E-03
5.50557945227446E-03
5.50528663996305E-03
5.56616012331547E-03
5.76325165556839E-03
5.94470870715577E-03
6.27038331942193E-03
6.76397964408021E-03
5.07967018907084E-03
5.15499377021509E-03
5.40420749882873E-03
5.5603431767089E-03
6.01795495159175E-03
7.24352653814496E-03
7.88937307401607E-03
8.45224056912502E-03
1.00031160155652E-02
1.05270878208087E-02
1.09360977356759E-02
1.13505422099542E-02
1.10696872238603E-02
1.23404349223616E-02
1.27755855246866E-02
1.30602793105281E-02
1.41429883222718E-02
1.41107202831565E-02
9.08188484982429E-03
0.010605482531037
1.11149566587967E-02
1.38911456929741E-02
1.43022899542956E-02
1.47170638717713E-02
1.53399144617889E-02
1.61878573299708E-02
1.66302517554451E-02
0.017076078458812
1.45664460189543E-02
0.01727727201794
1.77151572169052E-02
1.84013861492176E-02
1.85998303026424E-02
1.93038582085462E-02
1.55440230984622E-02
1.45566640518718E-02
1.98513621521018E-02
2.05782365486341E-02
1.87270092929775E-02
1.85443681045359E-02
2.22469488155113E-02
1.78028206338432E-02
2.13034785706421E-02
2.20563631857691E-02
9.45566334649603E-03
1.03070483675126E-02
1.01682269461816E-02
1.07081132650694E-02
1.16137238602196E-02
0.012187783728225
1.27757665423229E-02
1.30061172102271E-02
0.013237275910392
1.19298796836038E-02
0.01174450561763
1.19445991819176E-02
1.17404627268176E-02
1.31697151083502E-02
0.014639899700685
1.48760739630342E-02
1.55446741095869E-02
1.62274493047786E-02
1.55882903677861E-02
1.62790549232262E-02
1.60659758395819E-02
1.58397466282777E-02
1.84367227399576E-02
0.018704871108212
1.99465478031225E-02
2.12163382266419E-02
2.15136614712731E-02
2.23187420976697E-02
3.29076481395288E-02
3.23101098668974E-02
0.034853943748407
3.31736752534168E-02
2.54757857198429E-02
2.58042095841079E-02
2.50209918794125E-02
2.58992169824876E-02
2.67918108782365E-02
4.67416832256735E-02
4.67267106439618E-02
4.72893034729183E-02
0.047254215135345
4.78106773454252E-02
5.02042830065234E-02
5.20212781306612E-02
0.053866854291006
5.57410018039717E-02
4.80364235139204E-02
4.33861109694766E-02
4.32052389886194E-02
4.23486770663236E-02
4.34702616110303E-02
4.25785493191656E-02
3.96098188500438E-02
2.27702196782609E-02
2.37009194352912E-02
2.39416161584725E-02
2.20485717643537E-02
2.29863271994293E-02
2.39382085706639E-02
2.34392484289753E-02
2.36656367495018E-02
2.31453387519223E-02
2.48719095800722E-02
2.58659086210433E-02
2.53382867971371E-02
3.25453158389865E-02
3.36236995080897E-02
3.39270276097212E-02
3.50262258334647E-02
3.69424172620591E-02
3.88865595918793E-02
3.84070923379491E-02
0.023077664012134
1.99494405177676E-02
2.01178821677271E-02
1.94409156409956E-02
1.96020428983972E-02
1.97630122887719E-02
0.021656323164461
2.18309255697673E-02
2.11251219585686E-02
1.95180002149457E-02
3.39773955892317E-02
3.33404642515237E-02
3.45053861550927E-02
3.56838405954279E-02
3.87195793694425E-02
4.55116724772882E-02
5.14643084662419E-02
5.37287506914143E-02
5.12726907703777E-02
5.26002556118477E-02
4.23821834463928E-02
4.36537574840567E-02
4.59154379032189E-02
5.01714198783948E-02
5.05191015251191E-02
0.052860919095135
5.42251116411982E-02
0.100083959709633
9.87185159210326E-02
0.100398179001033
0.101058827246434
0.101718154852759
0.102376139529083
0.101981404469529
0.102629951044919
0.100082965993487
6.53535382742929E-02
6.36026926951589E-02
0.071586171947332
7.42050645369042E-02
0.109784746696467
0.110442831000001
0.111099326715729
0.111754212895366
0.112407468742682
9.72308033061554E-02
9.66526559547424E-02
7.09014941158288E-02
8.74028713653153E-02
0.115648575560006
0.061634559129493
6.08051052191738E-02
8.34763875863002E-02
8.03828327686964E-02
5.70460268213609E-02
5.97399403604031E-02
6.00560018126687E-02
9.65937911718887E-02
9.58827486498287E-02
9.63776076955948E-02
6.00845016617114E-02
7.02490401337815E-02
6.68868017813212E-02
6.97104614232581E-02
5.62947611621154E-02
5.90855504231083E-02
9.85345549309215E-02
0.097741257283431
9.82096156449315E-02
0.098676353051919
9.91414561572911E-02
0.099604911704901
0.100066706528882
0.109665630057808
0.110165740134502
0.108029138960418
0.108513707900721
0.111654889338578
0.11214749912811
0.116660992214231
0.109086727332258
0.113613816961782
0.112740389426913
0.115945701475825
0.116432377489356
0.12929649135938
0.12983022990447
0.130361712705961
0.129498468704791
5.73205531449175E-02
6.45675981027923E-02
6.62323999149644E-02
6.36629312819106E-02
7.10119356593252E-02
7.55631903122424E-02
7.01276845878071E-02
6.60839938458279E-02
0.063448633779915
7.52645202494455E-02
0.1089561801129
0.107897742924342
0.106826747076739
0.113086542703575
0.113490790836263
6.95191046966716E-02
7.12476864334968E-02
7.44748490012734E-02
7.02480936789058E-02
7.19883168289818E-02
9.02907465923191E-02
0.089084553570051
8.78666478094204E-02
8.81570533203574E-02
9.14957120383885E-02
7.95537648142951E-02
8.44142059496375E-02
0.081604066308678
8.18620418480019E-02
0.110007826703128
0.155421678934053
0.115365929244258
9.69526644575818E-02
9.72456047211554E-02
0.110122141759527
0.105715307407058
0.10444356412931
0.104747731665316
0.114599958537813
0.129293485641193
0.128058885905416
0.128418126663624
0.130384670395358
0.101689439015779
7.93074234411647E-02
0.071407137040364
4.55624363281081E-02
0.042420037673958
4.25313069193678E-02
4.42818501080773E-02
4.43957458375252E-02
4.94542342291677E-02
0.143778913884119
0.144137853806031
0.146154941857071
0.166491510911407
0.166894733239339
0.167294818352099
0.167691756504889
0.16808553804091
0.168476153391247
0.16886359307476
0.169247847697973
0.169628907954973
0.170006764627308
0.170381408583889
0.170752830780895
0.171121022261682
0.171485974156693
0.171847677683372
0.17220612414608
0.117341687356492
9.85605305727501E-02
0.173261835496091
0.173607168482118
0.13915936178161
0.137687463558478
0.136206204713944
0.136465232817784
0.138474504235172
0.142243775357229
0.142504651757159
0.146287818559454
0.146549561333176
0.153883616024245
0.148836513397032
0.150867814903549
0.149346436476484
0.156720790835053
0.155196544637468
0.157237031806918
0.161069974053437
7.34930756083743E-02
7.54037494467863E-02
8.09147833983527E-02
7.20340305471761E-02
0.073945988741801
7.40556778876638E-02
7.77816996426687E-02
7.97052391745952E-02
8.16324256257616E-02
9.26461031791536E-02
0.120060053250878
0.120222842303475
8.93754954499518E-02
8.94929197845755E-02
0.098752359905431
0.100709043087569
0.106335133970262
0.122986537086561
0.169081297590911
0.182162478077525
0.184217442522824
0.182584544031835
0.182790301006774
0.181144124796487
0.179490405894841
0.179681634730829
0.179869397422828
0.180053689608405
0.185808770110939
0.184131677287362
0.186170825504612
0.186346462808827
0.186518501059924
0.186686936270614
0.175640658666273
0.173922073303258
0.175940349958299
0.164845621545179
0.164977941137776
0.166983287283214
0.172743598083939
0.17287191742196
0.172996892465547
0.173118520327964
0.171353789524516
0.158277660452747
0.152723116779975
0.15281839024162
0.151022918570297
0.151111169465194
0.151196494098531
0.15127889050356
0.147574397861918
0.153327827240072
0.15150849170013
0.149684417421822
0.14785571289678
0.166882842015269
0.163156538302718
0.163219864323149
0.119612112623158
7.78699766608246E-02
7.97955340286029E-02
8.74222078622531E-02
8.36455420541916E-02
0.083668220058033
8.17872467978347E-02
0.110343297931244
0.142715656633291
0.142743246702409
0.142768068622258
0.140886253531417
0.150425907438443
0.150443302505287
0.148553250929007
0.148564663774554
0.146668410624805
0.140959416998583
0.148581612942986
0.14858149911038
0.148578503449249
0.177144284880038
0.179038506364036
0.177119962382086
0.179006977686894
0.182794218390077
0.182769254858241
0.188451395101145
0.182708694764725
0.16745034129523
0.171219339443503
0.148355417518056
0.148317864218967
0.14827743515045
0.146333693662037
0.146288107932019
0.146239686250425
0.146188429730985
0.146134339552797
0.149871635582667
0.149810329841653
0.149746120871909
0.149679010151413
0.157184138426485
0.15521467539042
0.157027892550735
0.156945206057078
0.156859479709588
0.1454378926778
0.14724042654489
0.143378195248034
0.14328858364609
0.143196198253723
0.150632674950071
0.129831775177982
0.129740355883477
0.148435763527364
0.144570277371294
0.150088168620831
0.149970549015164
0.146103778745904
0.153469778131937
0.151470305629703
0.149471099540826
0.149339008855898
0.14920403286095
0.149066174683199
0.148925437517849
0.146922051820242
0.146777397603309
0.148485985068136
0.150187937330144
0.105577311971637
0.118416594628212
0.120136208062435
0.125541857130197
0.10880323447483
0.106836343007534
9.93521007578131E-02
0.106584632628723
9.72784817095924E-02
0.108157896328958
0.161118410618603
0.170056279328868
0.17348881747058
0.175084693532315
0.174851005094442
0.174613955703756
0.181639115531534
0.181385204526971
0.181127810129599
0.18086693837664
0.180602595390678
0.180334787379692
0.180063520637083
0.179788801541703
0.174125317461148
0.17922903223547
0.178943995209851
0.178655532201995
0.178363650018488
0.178068355551565
0.177769655779152
0.177467557764909
0.177162068658262
0.176853195694459
0.176540946194602
0.176225327565704
0.174147283827723
0.082524486099967
8.06188328416698E-02
9.62111221001745E-02
9.95202687678896E-02
0.106299386724231
0.107831827117695
0.154486206336337
0.152446284183301
0.150410411315168
0.172533364683047
0.172177925594046
0.171819221509211
0.171457261044201
0.171092052901517
0.162187425577056
0.170351928827839
0.169977030736806
0.169598920648199
0.169217607700004
0.16883310111758
0.168445410213753
0.16805454438892
0.167660513131152
0.167263326016303
0.16686299270812
0.166459522958357
0.166052926606894
0.16564321358186
0.165230393899755
0.164814477665581
0.164395475072976
0.16397339640435
0.163548252031026
0.163120052413386
0.162688808101018
0.162254529732874
0.161817228037427
0.161376913832832
0.159324262046826
0.160487291618252
0.160038005694532
0.159585751434553
0.103434851069879
0.114244115812809
0.110747904248093
0.105690676111614
0.106950639831529
0.105063053929337
9.38026897640104E-02
9.04000926252196E-02
8.70149153587845E-02
8.20983115664888E-02
0.057134783037101
0.047718722636255
4.75668896315736E-02
4.74141879356552E-02
4.57360852665927E-02
4.25475301312316E-02
4.99800007366242E-02
5.13232989265288E-02
5.26555652768373E-02
0.049478662131352
4.48270485126835E-02
4.46726853587068E-02
4.60014336878654E-02
5.76700096419291E-02
5.74662109217394E-02
5.57931400348718E-02
5.70555239100577E-02
5.68486463509009E-02
5.80930803162738E-02
0.04919699764929
4.90140012943689E-02
4.73939536210383E-02
0.123044248908777
0.121149515712846
0.126362607377858
0.101829290242046
0.10847466852066
0.116465883736638
0.114604865911414
0.114145047261202
0.115069617705581
0.111838721961168
0.112753690298104
0.11365532076764
9.40893486979805E-02
8.01139031766049E-02
8.65336589476581E-02
0.092894070305797
9.51733901859692E-02
0.133462681287506
0.13287606216779
0.132287187381204
0.131696073348893
0.131102736604481
0.130507193794827
0.129909461680799
0.129309557138075
7.07891234368754E-02
9.73585071246304E-02
9.94476439584248E-02
9.64353027562808E-02
0.099759656959138
9.80190655022437E-02
9.50386379351128E-02
9.70586580569147E-02
9.78142444975784E-02
9.73239114058518E-02
9.68320149274091E-02
9.14606672824768E-02
8.61379098310246E-02
3.98285314445239E-02
3.48180189716989E-02
0.034634660319153
3.20748457100917E-02
3.42663241756295E-02
3.64317962727766E-02
3.50646896991688E-02
3.25474477039177E-02
3.12113790237436E-02
3.21867742220359E-02
2.97195858851975E-02
0.029551008135768
3.05120675025011E-02
0.030336098770651
0.031276710073362
3.10933061277698E-02
3.31172699720276E-02
3.40171342107022E-02
3.38126040485732E-02
0.032523479108146
3.34021139427861E-02
2.99836350110414E-02
0.0276688326393
2.85528524923913E-02
2.83722988113509E-02
2.81913634729241E-02
2.59352338230458E-02
2.57670111827686E-02
2.66223901797007E-02
2.64467447881661E-02
2.32395197577141E-02
2.20799160727132E-02
2.09336119732525E-02
0.020790682270224
0.023597142198971
2.34332211248803E-02
2.32690223324087E-02
2.31045516860584E-02
2.29398150982402E-02
2.27748185299781E-02
2.26095679916333E-02
2.33792391079639E-02
2.22783292972936E-02
2.21123534154772E-02
1.82884567612631E-02
1.90572547024737E-02
2.07125296117556E-02
2.05526262001645E-02
2.48256853738747E-02
2.46305518811101E-02
2.79259378039418E-02
2.77024276267967E-02
3.09135155698416E-02
3.40683817650999E-02
3.46328427243535E-02
4.10468522455324E-02
4.07029267977238E-02
4.20060027037107E-02
3.02148128995736E-02
3.15736446047802E-02
3.04965051490492E-02
3.26152458767138E-02
3.94221757021022E-02
0.039069452690169
3.79422058840381E-02
3.37598300120713E-02
3.34489657054971E-02
2.78660230986035E-02
2.83504763879665E-02
2.88207004598183E-02
4.83065579298711E-02
4.85643588704735E-02
0.057421084458434
5.33013766216664E-02
0.054177655848834
6.19908674236979E-02
6.06713725201951E-02
6.48250285134229E-02
6.14514700563222E-02
6.08074972640239E-02
6.54527825943776E-02
6.54066140657535E-02
6.46995401108757E-02
6.39927381808235E-02
6.32862469647777E-02
6.25801056179423E-02
6.18743537716099E-02
6.11690315435074E-02
6.04641795484243E-02
5.97598389091361E-02
5.90560512676312E-02
4.08470011576533E-02
4.03552129480699E-02
0.041002870163334
3.37483694080426E-02
2.22187613288612E-02
2.13904621006861E-02
0.023283912687712
2.40528761435226E-02
2.42668357427881E-02
2.55084916841023E-02
2.51680418483877E-02
2.48281299046437E-02
2.44887801410018E-02
2.36571597013755E-02
2.42978225129055E-02
2.44324889260392E-02
2.45540827580951E-02
1.39600034994922E-02
1.42131157176705E-02
1.30980503891121E-02
1.20107320090881E-02
1.18271669146345E-02
9.05648863530118E-03
8.91443582636888E-03
8.77276163802755E-03
9.04250153125234E-03
8.49059998398446E-03
8.74776410611436E-03
8.60106496854227E-03
8.07052051188459E-03
7.55370602750657E-03
7.05056875782158E-03
6.92555645890536E-03
6.80099690201141E-03
6.32548741714976E-03
5.51855952454411E-03
5.41487900498669E-03
5.31162571835633E-03
5.5343623980549E-03
5.74475520875673E-03
5.31733477145647E-03
5.51601925577566E-03
5.40246997126813E-03
4.70176541001255E-03
3.45138842848664E-03
3.37684997411886E-03
3.3027190982531E-03
3.7671741327043E-03
3.6816764549439E-03
6.16575785769075E-03
6.02097273958448E-03
5.14247374015402E-03
4.30065109690172E-03
3.96118581166724E-03
4.0884897112602E-03
3.98354849775345E-03
3.66387017617056E-03
3.77603928685443E-03
3.87759398639212E-03
3.9686937062764E-03
3.85666930222471E-03
3.74562772385376E-03
3.63559247324399E-03
3.3502581313219E-03
3.07677351775814E-03
2.9805899091491E-03
2.72510071396913E-03
2.48109272668471E-03
2.54820488664352E-03
2.75081453192976E-03
2.93423723785468E-03
2.82940156282424E-03
2.5960920668249E-03
2.99857466031335E-03
3.00357241960214E-03
2.88532381946628E-03
2.87955968042018E-03
3.0787115113362E-03
3.55757604568915E-03
3.40205518483015E-03
4.2703510741947E-03
4.07298222133066E-03
3.37325405813901E-03
3.12780681715643E-03
0.002589142753222
2.52652093121056E-03
2.38545443476245E-03
2.46937369912092E-03
2.47945008761049E-03
2.94371947011889E-03
3.31788279283336E-03
3.17122150575871E-03
3.32983550284547E-03
2.76786719229207E-03
5.72262597435072E-03
5.55493968914535E-03
5.38608015228103E-03
5.21611495059017E-03
5.04512006210166E-03
4.87318058699281E-03
4.70039153205663E-03
4.52685865063171E-03
4.35269933944205E-03
4.17804359309201E-03
4.00303501599972E-03
3.82783189026687E-03
3.6160822133243E-03
3.47755528069086E-03
3.30288206337912E-03
3.12881727177223E-03
2.95561018579057E-03
2.78353197129076E-03
2.61287687242304E-03
2.44396332435434E-03
2.27713493665498E-03
0.002112761283971
1.09269351741338E-03
1.07579342538942E-03
9.83077260560407E-04
1.23514942438077E-03
0.00111427161811
9.97720250404024E-04
8.64591078112599E-04
7.60600038493421E-04
3.3516202524868E-04
2.60222698402022E-04
3.70165471721528E-04
3.29446582481031E-04
2.33753424862547E-04
1.25471073734089E-04
9.86805342589917E-05
7.74928231559168E-05
5.88697302065909E-05
3.87987600048448E-05
2.99436203129172E-05
1.83095210421112E-05
1.0949051362017E-05
5.83639925416085E-06
2.84325237681472E-06
1.18992873600065E-06
4.05409304395335E-07
1.00871776729558E-07
1.73348537474297E-08
1.58735542642673E-09
4.86418742274007E-11
2.06903923590941E-13
7.38883048365151E-18
3.36644459058403E-28
1.17262017532238E-82
0
0
0
0
0
0
0
0
0
0
0
0
0
0
0
0
0
0
0
0
0
0
0
0
0
0
0
0
0
0
0
0
0
0
0
0
0
0
0
0
0
0
0
0
0
0
0
0
0
0
0
0
0
0
0
0
0
0
0
0
0
0
0
0
0
0
0
0
0
0
0
0
0
0
0
0
0
0
0
0
0
0
0
0
0
0
0
0
0
0
0
0
0
0
0
0
0
0
0
0
0
0
0
0
0
0
0
0
0
0
0
0
0
0
0
0
0
0
0
0
0
0
0
0
0
0
0
0
0
0
0
0
0
0
0
0
0
0
0
0
0
0
0
0
0
0
0
0
0
0
0
0
0
0
0
0
0
0
0
0
0
0
0
0
0
0
0
0
0
0
0
0
0
0
0
0
0
0
0
0
0
0
0
0
0
0
0
0
0
0
0
0
0
0
0
0
0
0
0
0
0
0
0
0
""
