0
0
0
0
0
0
0
0
0
0
0
0
0
0
0
0
0
0
0
0
0
0
0
0
0
0
0
0
0
0
0
0
0
0
0
0
0
0
0
0
0
0
0
0
0
0
0
0
0
0
0
0
0
0
0
0
0
0
0
0
0
0
0
0
0
0
0
0
0
0
0
0
0
0
0
0
0
0
0
0
0
0
0
0
0
0
0
0
0
0
0
0
0
0
0
0
0
0
0
0
0
0
0
0
0
0
0
0
0
0
0
0
0
0
0
0
0
0
0
0
0
0
0
0
0
0
0
0
0
0
0
0
0
0
0
0
0
0
0
0
0
0
0
0
0
0
0
0
0
0
0
0
0
0
0
0
0
0
0
0
0
0
0
0
0
0
0
0
0
0
0
0
0
0
0
0
0
0
0
0
0
0
0
0
0
0
0
0
0
0
0
0
0
0
0
0
0
0
0
0
0
0
0
0
0
0
0
0
0
0
0
0
0
0
0
0
0
0
0
0
0
0
0
0
0
0
0
0
0
0
0
0
0
0
0
0
0
0
0
0
0
0
0
0
0
0
0
0
0
0
0
0
0
0
0
0
0
0
0
0
0
0
0
0
0
0
0
0
0
0
0
0
0
0
0
0
0
0
0
0
0
0
0
0
0
0
0
0
0
0
0
0
0
0
0
0
0
0
0
0
0
0
0
0
0
3.45342452306104E-63
3.87276616583589E-28
1.04700561509391E-18
2.4499420837999E-14
8.41390201081551E-12
3.59949111014688E-10
5.29511152963795E-09
5.07504189363289E-08
2.2738580704234E-07
9.0701170419755E-07
1.73165853992004E-06
3.81645792428884E-06
7.58955893790551E-06
1.36548769540159E-05
2.03578241776818E-05
3.17061365770155E-05
4.68329838935218E-05
7.18726773355111E-05
9.79058778829439E-05
1.46260580238376E-04
1.92354954625487E-04
2.41579709820515E-04
2.90618194462743E-04
3.51528020514254E-04
7.49778492263695E-04
1.01830105121443E-03
4.5161164329301E-04
4.88157119902471E-04
5.3790617363023E-04
5.86996713881297E-04
6.12976834110147E-04
6.80987298355475E-04
7.51690971643323E-04
8.24885414458482E-04
9.64683994381779E-04
1.08273709335734E-03
1.24628140573142E-03
1.34201057875465E-03
1.65769236792313E-03
2.37811513629542E-03
3.72600571905461E-03
3.85215884603689E-03
3.12997376203182E-03
3.24745571425369E-03
2.98664034966137E-03
3.40180536043552E-03
3.98075864397164E-03
4.16796008347248E-03
4.43082998731054E-03
5.17063466587825E-03
7.58795322586013E-03
7.29623718909153E-03
4.1401211848062E-03
4.65791947065671E-03
0.004350222799727
4.30322888705299E-03
4.34393526625819E-03
4.79465813593063E-03
5.80116573687426E-03
5.7518376591165E-03
5.91657270648021E-03
3.85874925614011E-03
4.08223981189083E-03
3.8186279222964E-03
3.78833855408374E-03
3.88062984795835E-03
3.70747965640868E-03
3.79244084493452E-03
3.59987592862595E-03
3.67761826696459E-03
3.46593986941082E-03
3.24188283727832E-03
3.3061376782234E-03
3.36987006248462E-03
3.27702607254112E-03
3.17795282948685E-03
3.07271993055052E-03
2.30330971039021E-03
2.17486900589758E-03
2.21063081645563E-03
2.24607261052276E-03
2.28119429924396E-03
2.31599608858328E-03
2.16967242036909E-03
2.20120811555025E-03
2.04641296649421E-03
1.88616722754421E-03
2.10288820192584E-03
2.32442946894992E-03
2.35451106553625E-03
2.18561414039325E-03
2.01151423871754E-03
2.23945813513277E-03
2.05999400613289E-03
1.87549642416736E-03
1.89679102318815E-03
2.13097788241723E-03
2.15418375096706E-03
2.17716516516157E-03
1.97993172939112E-03
2.00021646677556E-03
2.26830347732502E-03
2.3580501728888E-03
2.44887000452602E-03
2.28667009924755E-03
2.3702900744819E-03
2.45482677184229E-03
2.82251582377372E-03
3.2102726825298E-03
2.7137787313637E-03
2.49051100634393E-03
2.24833004887679E-03
1.98694622991124E-03
1.70607666601578E-03
1.75680638474887E-03
1.80796971606693E-03
1.48764704163689E-03
1.52925271248838E-03
1.57118666736382E-03
1.21008215305977E-03
1.65601536853411E-03
1.6988982869088E-03
2.17760728898646E-03
2.23196535584056E-03
2.28669000933366E-03
2.34177429414827E-03
2.39721134804284E-03
2.94359328045508E-03
3.01094012478135E-03
3.07868624041922E-03
3.14682382179938E-03
3.21534516624815E-03
2.73686889354392E-03
3.35350883773906E-03
3.42313625836466E-03
3.49311762582692E-03
4.7512609682522E-03
4.84548458429993E-03
6.17518955296993E-03
6.2940661102767E-03
7.05482137900187E-03
7.84008226476629E-03
7.3192225624386E-03
8.12972808087053E-03
8.27543417836126E-03
8.42171185091173E-03
9.2825940813086E-03
1.08949140159478E-02
1.18184639089189E-02
0.012016381705811
1.22149788559181E-02
1.24142393990423E-02
1.18257633403632E-02
1.20137697754239E-02
1.22023542984265E-02
1.32176028083531E-02
0.013419947376926
1.27714344455493E-02
0.014690482201433
1.49072481196936E-02
1.51245748411248E-02
1.53424472497573E-02
1.55608503958622E-02
0.015779769492943
1.69403187333045E-02
0.01812722627406
1.93405611906726E-02
2.05803893780584E-02
0.0198607032652
1.91154650553015E-02
1.83445842475902E-02
1.75479737115348E-02
1.77708964956307E-02
1.69357136224072E-02
1.71462195042284E-02
1.41026071991292E-02
1.31761560001942E-02
1.33347498219367E-02
1.46180274386094E-02
1.25148732985692E-02
1.26608321104019E-02
1.28069686182389E-02
0.014130845388941
1.30997432671831E-02
1.20421507863538E-02
0.012175577336116
1.10782172358866E-02
7.46568163468579E-03
0.008803611561773
1.01683833663239E-02
1.02755758840212E-02
1.03828426309789E-02
9.1789060782823E-03
9.27288068898427E-03
1.07050361548182E-02
9.46097945767024E-03
9.55509473361873E-03
9.64924807881226E-03
1.11353544521695E-02
9.83765162283915E-03
9.93189323487039E-03
1.00261557414318E-02
1.01204349368945E-02
1.02147266497816E-02
1.03090267422564E-02
8.91714095110237E-03
8.99797343984436E-03
9.07880263968591E-03
7.63302092919607E-03
9.24043745707481E-03
7.76769690281248E-03
7.83501519793142E-03
7.90231665727222E-03
7.96959852625564E-03
8.03685807107561E-03
1.13457296097758E-02
1.14398190972037E-02
1.31815611649422E-02
1.32889904699368E-02
1.33963626685983E-02
1.35036735769271E-02
1.36109190411379E-02
1.37180949372647E-02
1.55533468171213E-02
1.56737493857121E-02
1.22842688646236E-02
1.23777687108907E-02
1.24711900225258E-02
1.25645293407574E-02
1.26577832306865E-02
1.27509482809963E-02
1.28440211036685E-02
1.47851409528059E-02
1.30298766288575E-02
1.49973173364107E-02
1.88790330823827E-02
1.90112640260122E-02
1.91433348530374E-02
0.019275240945774
1.94069777168774E-02
1.95385406090092E-02
1.77029325850609E-02
1.78210140075816E-02
1.99321408814999E-02
1.60503706185918E-02
1.81742304944315E-02
1.82916134933886E-02
1.84088120223607E-02
1.85258221857525E-02
1.86426401125534E-02
2.08436243956631E-02
1.88756838938249E-02
2.11021134745094E-02
0.019107912880771
2.13596804481879E-02
2.36369185145819E-02
2.59395504862958E-02
2.39186522856552E-02
2.40591070609347E-02
2.41992811590224E-02
2.87644738268024E-02
3.78308258620177E-02
4.02841232782211E-02
4.05115900465563E-02
4.07385618080281E-02
5.68958771506723E-02
5.26329346004973E-02
5.06200898142581E-02
5.08949944974809E-02
4.88433767379268E-02
4.91045419442277E-02
4.93650733826821E-02
5.19880566935796E-02
5.22596418873147E-02
0.052530538622309
4.56006380762989E-02
0.0458333843155
4.36410143842799E-02
4.14236529015063E-02
4.16302294028822E-02
4.18362370337831E-02
3.95686303761032E-02
0.039761432133118
3.99536815866368E-02
4.01453731712746E-02
0.040336501354622
3.79941193472375E-02
4.07170455515403E-02
3.83497974970015E-02
3.59583617491506E-02
3.87032811583034E-02
3.88791874877218E-02
3.90545301730229E-02
3.39987303662566E-02
3.15228038871324E-02
3.43001767825415E-02
0.037100154937794
3.72611090827369E-02
4.00944748658424E-02
3.75813528610656E-02
3.77406336154043E-02
3.78993477382185E-02
2.99023142443117E-02
3.00261174896463E-02
3.01494652784944E-02
0.030272354236715
3.03947810106248E-02
3.05167422669177E-02
3.06382346925865E-02
2.79629590862242E-02
2.80725453646006E-02
2.81816965078783E-02
2.82904095773673E-02
3.12385498177494E-02
3.13571608138438E-02
3.71980585959619E-02
3.73370698696079E-02
3.74754928976501E-02
3.76133239999812E-02
3.77505595196007E-02
4.08015955012042E-02
4.09480930899691E-02
4.10939376156195E-02
4.41847770414247E-02
4.43396272972928E-02
4.44937655802402E-02
4.76236670455165E-02
5.07732087948157E-02
4.79486595956743E-02
6.01374915623233E-02
6.93889101959469E-02
6.65916822315601E-02
6.68102785522575E-02
6.70277843668047E-02
6.41876397850808E-02
5.82604790487493E-02
5.84454706128403E-02
5.24579747350861E-02
5.26217695915758E-02
5.89946604442071E-02
6.22902945362772E-02
5.93559194866301E-02
6.26684998783894E-02
5.97132414437066E-02
5.35861604646599E-02
5.37437910246794E-02
5.70711438713991E-02
5.72361434761756E-02
5.74001851424139E-02
5.75632647314814E-02
5.45184126827779E-02
5.78865212733364E-02
0.054821873981919
5.49722205583349E-02
5.51216393864694E-02
5.52701267268445E-02
5.86775423308946E-02
4.90273165824687E-02
0.039324679657215
3.61412683199216E-02
3.29402718793081E-02
3.63267129501479E-02
3.31077342507196E-02
2.98715571567461E-02
3.32729368855059E-02
3.66901542511188E-02
3.67794497797671E-02
3.35164681429167E-02
3.02368480352332E-02
2.69407603906392E-02
2.36283769424272E-02
2.70664936201303E-02
2.71286616259249E-02
2.71903618563979E-02
2.38451437007041E-02
2.04842647210561E-02
2.05294806401032E-02
2.40033981295931E-02
2.74917939579851E-02
0.030994488299138
3.45113006202382E-02
3.45836815362728E-02
0.034655461321885
0.045144629705079
4.17566526581236E-02
0.041840611863766
4.19238414659184E-02
0.042006339451366
4.20881038262931E-02
4.56832270009669E-02
0.042249423866283
3.88015610039358E-02
3.88738038545297E-02
3.89453653570454E-02
3.90162437904069E-02
3.90864374512882E-02
3.55963133219171E-02
5.34883141786783E-02
4.64370554014017E-02
4.65167547289778E-02
6.81013127352551E-02
6.10348311585737E-02
6.11358328731849E-02
5.76336529229732E-02
5.41187636869839E-02
6.14323583585951E-02
5.79096775903321E-02
5.79996412094687E-02
5.44580427515198E-02
5.09044275689693E-02
4.36975261984403E-02
4.37619117847214E-02
4.38255217171045E-02
4.38883544854876E-02
4.76129426490171E-02
5.13469630175432E-02
6.24355812435902E-02
6.61978265899724E-02
6.62862140497508E-02
6.63734227813084E-02
6.64594507223913E-02
6.65442958397324E-02
6.29264030107711E-02
5.92981596578292E-02
5.19491111622378E-02
4.82963060817698E-02
4.46338066234187E-02
3.72380094637611E-02
3.35524639447526E-02
2.98578847546656E-02
2.98908238612929E-02
2.99232289404004E-02
2.99550992300605E-02
2.62381297335816E-02
3.00172324577814E-02
0.030047493936443
3.00772177068603E-02
3.01064030715675E-02
3.39019305142426E-02
2.63927613761556E-02
3.01907219502002E-02
3.39949653472397E-02
3.40247590884628E-02
3.02701713067156E-02
3.02955693857257E-02
3.03204239436107E-02
3.03447343989991E-02
2.65724376604961E-02
2.65927556486593E-02
2.28107966475357E-02
2.28273930148847E-02
2.28435792704134E-02
2.28593550361771E-02
2.28747199439145E-02
2.67046192408903E-02
2.29042157606883E-02
0.019098621651356
1.91100533069553E-02
1.91211411675117E-02
1.91318849745725E-02
2.29707413733105E-02
1.91523394347667E-02
1.91620496113676E-02
2.30056977376904E-02
2.30165216721765E-02
2.30269310851003E-02
2.30369257341559E-02
2.30465053867311E-02
0.023055669819908
2.30644188204637E-02
0.026918210882349
2.69274480058469E-02
2.30881712396091E-02
0.023095256571368
2.31019255498337E-02
0.023108178019964
2.31140138364151E-02
2.31194328635418E-02
2.31244349753984E-02
1.92741833797822E-02
1.92776566650134E-02
1.92807822544871E-02
1.92835600755819E-02
2.31431880765123E-02
2.31456865950826E-02
0.027005728853094
2.31494310080216E-02
1.92922306795071E-02
2.31515049815883E-02
1.92932629061033E-02
1.92932569359001E-02
1.92929029075195E-02
1.92922008291848E-02
1.92911507172042E-02
1.92897525959706E-02
1.92880064979615E-02
1.92859124637389E-02
1.92834705419493E-02
1.92806807893234E-02
0.019277543270676
1.92740580589058E-02
1.92702252349954E-02
1.92660448880107E-02
1.92615171151009E-02
1.92566420214981E-02
2.31017036646205E-02
0.023095020400266
2.69359075861276E-02
2.30804049932234E-02
1.92270609919822E-02
1.92201046367022E-02
1.53702415389196E-02
0.015364122418166
1.91971581118393E-02
1.91888173770868E-02
2.30161572150849E-02
1.91710992204899E-02
1.91617222111204E-02
1.91520002028157E-02
1.91419334220055E-02
2.29578265238347E-02
2.67690730845536E-02
3.05754669279601E-02
2.67375127389302E-02
2.29037237048343E-02
3.43337511817562E-02
0.038123666084146
0.038098034403348
3.80717179799612E-02
3.80447174283081E-02
4.18187367167352E-02
4.17875331260053E-02
4.17555791279586E-02
0.041722875469353
4.16894229146935E-02
3.78683838602098E-02
3.40529516705122E-02
3.02433307531756E-02
3.39939324381929E-02
3.39635083912105E-02
3.01622005946449E-02
0.030134075554311
2.63422344279935E-02
2.25571551962838E-02
2.25348485249326E-02
0.018760115492096
2.24890259261335E-02
2.24655110745594E-02
1.87013288235283E-02
1.86810641910555E-02
2.23925589694347E-02
2.23674409901828E-02
2.60655776297254E-02
2.60353422554502E-02
0.026004642411237
2.96839757949077E-02
0.029647831106406
3.33125528784792E-02
0.029573957683766
2.58442018567618E-02
2.21234835258488E-02
1.84120003818446E-02
2.20649245049249E-02
2.20350563633945E-02
2.20047967406957E-02
2.56365040791573E-02
2.19431059283945E-02
1.82597301677064E-02
1.45865719452288E-02
1.45651012223759E-02
1.45433724756361E-02
0.014521386221481
0.014499142982824
0.014476643289021
1.44538876758702E-02
1.44308766856131E-02
1.44076108669345E-02
0.017980113468704
1.43603169712727E-02
1.43362900238818E-02
0.014312010507255
1.42874790023039E-02
1.78283701204843E-02
2.84753247666267E-02
0.024871662310843
2.48269786505504E-02
2.47818592629503E-02
1.76687894516892E-02
2.11631294180671E-02
2.81644544411496E-02
0.028110910051844
3.50710925171474E-02
0.031502641084393
0.038427581801304
4.18377436635716E-02
3.47947995536389E-02
3.47242064703057E-02
3.81183097315813E-02
3.45812084101632E-02
3.45088069030735E-02
3.44358060847728E-02
3.09259869575523E-02
2.05728081792948E-02
2.39492579180296E-02
2.38964918147893E-02
2.38433125209557E-02
2.03911897166262E-02
1.69540854078744E-02
1.69152203915206E-02
1.68760640007561E-02
1.68366171963496E-02
0.016796880947215
1.67568562304163E-02
1.67165440311736E-02
2.00111344114425E-02
0.019962073400462
1.65938925134467E-02
1.65524403999587E-02
1.98128470232166E-02
1.97624278870791E-02
1.97116723225253E-02
1.96605815903938E-02
2.28773497882813E-02
2.28169663354103E-02
2.60070815265202E-02
2.59371900642644E-02
3.23335753937226E-02
3.54696293034455E-02
3.21561162617237E-02
2.88599163898447E-02
2.55811938502714E-02
0.028697286750572
2.54357772904393E-02
2.53624295599134E-02
2.52886579954484E-02
2.52144644635829E-02
2.82823321997573E-02
2.81979214095281E-02
3.12367136621154E-02
3.11418855767339E-02
3.10465419492384E-02
3.09506852134985E-02
3.39397496022905E-02
0.033833186460915
3.37260670437841E-02
3.05621764569368E-02
3.35101704078936E-02
3.34013987487568E-02
3.32920819331854E-02
3.01656570799691E-02
3.00652946897694E-02
2.99644444637067E-02
3.28494199254551E-02
2.97612910066954E-02
3.55907916843556E-02
3.25118396759378E-02
2.94529681481155E-02
2.64143219049791E-02
2.63205502665346E-02
2.03982791341445E-02
2.03246946390825E-02
2.31437572066412E-02
2.30589255331473E-02
2.58454458845244E-02
2.57491933849888E-02
2.56525362905481E-02
2.27159797170349E-02
1.98006811760714E-02
0.022542367398414
2.24550345026973E-02
2.51632727772866E-02
2.22793269957531E-02
2.49648267725182E-02
2.48650271788377E-02
2.75164964448795E-02
2.74047648500013E-02
3.00218778654205E-02
3.26160644241482E-02
2.97737883005346E-02
3.77351787484399E-02
3.48918873023948E-02
3.20708712323292E-02
2.12889123363613E-02
2.11969277370787E-02
1.84665508860542E-02
1.57590153398032E-02
1.83042150684229E-02
2.08258796376548E-02
2.07323531824235E-02
0.030957789311639
3.59527023932267E-02
3.57874673302647E-02
0.03307731177649
3.54554662545244E-02
3.27680876027618E-02
3.26127801757531E-02
3.49537086111881E-02
3.72701503712111E-02
3.70893810540209E-02
3.44475594227912E-02
3.18294692168647E-02
3.65440201263612E-02
3.39371509869377E-02
3.61779552326914E-02
0.031194966080818
2.86479582702436E-02
3.32502140356681E-02
0.03544004159579
3.76046828715155E-02
3.97440514424908E-02
3.72071665904915E-02
3.70076904673074E-02
2.76058078087685E-02
0.029743457665305
2.95802510980353E-02
2.71538557818623E-02
2.70025298755788E-02
2.46133012818358E-02
2.66988932375287E-02
2.65465919453771E-02
2.19949791768276E-02
2.40542932942639E-02
0.023913828968895
2.59342784348284E-02
2.79288177498907E-02
3.41684326513272E-02
3.60852134558788E-02
3.37562997364612E-02
3.14528221960799E-02
3.12587740982747E-02
3.31353525781421E-02
3.08696853995821E-02
2.86296804112597E-02
3.04793160468229E-02
3.02836672836451E-02
3.00877178294299E-02
2.98914742614664E-02
2.96949431992909E-02
0.029498131305125
2.93010452843236E-02
2.91036918858328E-02
3.08331497628352E-02
2.87082101723426E-02
2.85100955774565E-02
3.20866398522427E-02
3.37357842628764E-02
3.16362521326594E-02
3.14106821822309E-02
2.93504679895678E-02
3.64221534370459E-02
3.43481607750531E-02
2.69171328674187E-02
2.67171138929185E-02
2.82847141031238E-02
2.63165570171182E-02
2.61160339944693E-02
1.72769052809516E-02
1.54287218212892E-02
1.53081461767576E-02
0.016874991585267
1.67408502353808E-02
1.49459692062317E-02
2.14140465038949E-02
2.28731839622633E-02
0.024305359499382
2.24967430486596E-02
2.23084140526287E-02
2.21200228105835E-02
2.19315769791627E-02
2.17430842731982E-02
2.30941633570069E-02
0.024418273591883
2.11774029467046E-02
2.24880011614254E-02
2.22859198106942E-02
0.022083839192809
2.18817680359791E-02
2.16797151384069E-02
0.020045843411385
2.12756996701523E-02
2.38835890628258E-02
2.50462375369547E-02
2.34260425120986E-02
2.59264917825018E-02
2.83732545035071E-02
2.80910406408091E-02
2.78089678623923E-02
2.75270495523782E-02
2.33531136094475E-02
2.18277817981899E-02
2.16000033077871E-02
2.13723941577792E-02
2.36326086883514E-02
2.83004572372758E-02
3.16445945937807E-02
3.12976971539471E-02
2.97607181329059E-02
3.17820757426162E-02
2.79315326280342E-02
2.87632316174143E-02
0.11372608487771
0.112400933540036
0.111077545520122
0.109755994591331
0.108436355249284
0.107118702724517
0.105803112995412
0.104489662801408
0.103178429656497
0.101869491863012
0.10056292852571
9.92588195661614E-02
9.79572457374405E-02
9.66582886391352E-02
9.53620307326714E-02
0.094068555356963
9.27779467443939E-02
7.77667465315599E-02
7.75768773212445E-02
7.55855509229112E-02
7.62519301879368E-02
7.34152802058512E-02
6.80794646949964E-02
6.70649813353391E-02
6.60533578297867E-02
7.56144272685424E-02
7.36448373477956E-02
4.57013864776093E-02
3.95485646204425E-02
4.12025223648685E-02
3.67793407861303E-02
3.54350593771808E-02
3.41175594276157E-02
3.42540077660895E-02
3.71736893130648E-02
3.92845239604899E-02
3.85925142171142E-02
3.85682525868605E-02
3.85227472281791E-02
5.12749515177182E-02
6.03837994416301E-02
5.80085372123718E-02
5.68963762184727E-02
5.63829339917718E-02
5.64331625578734E-02
5.47318678549596E-02
0.053059504370103
0.028442898901789
2.46329097160572E-02
2.20113594269398E-02
1.89708597680563E-02
1.85531757204029E-02
1.81379555085037E-02
3.64086173786075E-02
3.65021078808602E-02
1.87354145191965E-02
2.72071523562627E-02
2.74144385225954E-02
3.60702192477213E-02
3.30909943322627E-02
3.26427564280416E-02
3.21797258466176E-02
2.86466237043697E-02
2.78667305645294E-02
3.21504922260899E-02
2.31667767104426E-02
1.97703920126076E-02
1.95180412118651E-02
1.86092810832003E-02
0.012128091815493
1.11442903110744E-02
1.02029312822335E-02
9.58542546428317E-03
9.26277744006441E-03
8.4174441290719E-03
7.86648394761691E-03
7.09263671135868E-03
6.59386972607327E-03
6.11615858993436E-03
5.99857155321543E-03
5.7177823164886E-03
5.22331312617428E-03
4.73746105407999E-03
5.96449779597076E-03
4.84549666563056E-03
4.79105903873901E-03
4.73609170459366E-03
4.27358261295488E-03
4.42348388835883E-03
4.36936300675885E-03
0.004314720391697
4.25955273354191E-03
4.01277253799197E-03
4.14763018166467E-03
3.90492124035373E-03
4.03357373351742E-03
3.97573981479137E-03
3.56124228537972E-03
3.15691577753737E-03
3.62631563518975E-03
3.39909120648382E-03
3.17685334709088E-03
2.79525001615915E-03
2.90926099694861E-03
2.54080502902046E-03
2.65116192734923E-03
2.44923083201301E-03
2.70322527073109E-03
2.65063854627787E-03
2.59762945548603E-03
2.68554843806744E-03
3.04378338547222E-03
3.24817393872014E-03
3.04302676246193E-03
2.97273000515966E-03
2.77578521551411E-03
2.70764945734448E-03
2.63909052079207E-03
2.80377512137564E-03
2.27343661299948E-03
2.21006610000105E-03
2.14639069390129E-03
1.87419205125123E-03
1.81640563793668E-03
1.75841957642395E-03
1.79472262919967E-03
1.82441096631678E-03
1.84750266975629E-03
1.7792988071802E-03
1.54810933440585E-03
1.48639998781209E-03
1.42476483605194E-03
1.65026090959462E-03
1.64455820056716E-03
1.56742408578364E-03
1.49069566741765E-03
1.35552971258911E-03
1.33883375601047E-03
1.26390558867431E-03
1.1402194449749E-03
1.07009376398059E-03
9.57466452356877E-04
8.92463328485087E-04
8.28688224916645E-04
8.01107911969283E-04
7.0537207606718E-04
6.46120628872371E-04
6.15433203918881E-04
5.81664326981272E-04
6.10693926570352E-04
1.24727702977382E-03
1.26128556717387E-03
1.22999702912727E-03
1.08382090985287E-03
8.76323316531294E-04
6.58335943662426E-04
5.3618677570038E-04
4.43030987033862E-04
2.01634981228972E-04
1.69102799879657E-04
1.31458294328809E-04
9.94769248302459E-05
7.66813038067336E-05
5.54954778735305E-05
3.84015773128859E-05
2.9757829758129E-05
1.47760451177123E-05
9.33006812795327E-06
8.20250599608329E-06
3.65254809210346E-06
1.37308596985493E-06
4.11067273844129E-07
8.86925178168114E-08
9.65844442419108E-09
6.46311905240422E-10
1.8950964926417E-11
5.0985087473906E-14
1.37345810274776E-18
2.380224011445E-28
8.18413579436593E-66
0
0
0
0
0
0
0
0
0
0
0
0
0
0
0
0
0
0
0
0
0
0
0
0
0
0
0
0
0
0
0
0
0
0
0
0
0
0
0
0
0
0
0
0
0
0
0
0
0
0
0
0
0
0
0
0
0
0
0
0
0
0
0
0
0
0
0
0
0
0
0
0
0
0
0
0
0
0
0
0
0
0
0
0
0
0
0
0
0
0
0
0
0
0
0
0
0
0
0
0
0
0
0
0
0
0
0
0
0
0
0
0
0
0
0
0
0
0
0
0
0
0
0
0
0
0
0
0
0
0
0
0
0
0
0
0
0
0
0
0
0
0
0
0
0
0
0
0
0
0
0
0
0
0
0
""
