0
0
0
0
0
0
0
0
0
0
0
0
0
0
0
0
0
0
0
0
0
0
0
0
0
0
0
0
0
0
0
0
0
0
0
0
0
0
0
0
0
0
0
0
0
0
0
0
0
0
0
0
0
0
0
0
0
0
0
0
0
0
0
0
0
0
0
0
0
0
0
0
0
0
0
0
0
0
0
0
0
0
0
0
0
0
0
0
0
0
0
0
0
0
0
0
0
0
0
0
0
0
0
0
0
0
0
0
0
0
0
0
0
0
0
0
0
0
0
0
0
0
0
0
0
0
0
0
0
0
0
0
0
0
0
0
0
0
0
0
0
0
0
0
0
0
0
0
0
0
0
0
0
0
0
0
0
0
0
0
0
0
0
0
0
0
0
0
0
0
0
0
0
0
0
0
0
0
0
0
0
0
0
0
0
0
0
0
0
0
0
0
0
0
0
0
0
0
0
0
0
0
0
0
0
0
0
0
0
0
0
0
0
0
0
0
0
0
0
0
0
0
0
0
0
0
0
0
0
0
0
0
0
0
0
0
0
0
0
0
0
0
0
0
0
0
0
0
0
0
0
0
0
0
0
0
0
0
0
0
0
0
0
0
0
0
0
0
0
0
0
0
0
0
0
0
0
0
0
0
0
0
0
0
0
0
0
0
0
0
0
0
0
0
0
0
0
0
0
0
0
0
0
0
0
0
0
0
0
0
0
0
0
0
0
0
0
0
0
0
0
0
0
0
0
0
0
0
0
0
0
0
0
0
0
0
0
0
0
0
0
0
0
0
0
0
0
0
0
0
0
0
0
0
0
0
0
0
0
0
0
0
0
0
0
0
0
0
0
0
0
0
0
0
0
0
0
0
0
0
0
0
0
0
0
0
0
0
0
0
0
0
0
0
0
0
0
0
0
0
0
0
0
0
0
0
0
0
0
0
0
0
0
0
0
0
0
0
0
0
0
0
0
0
0
0
0
0
0
0
0
0
0
0
0
0
0
0
0
0
0
0
0
0
0
0
0
0
0
0
0
0
0
0
0
0
0
0
0
0
0
0
0
0
0
0
0
0
0
0
0
0
0
0
0
0
0
0
0
0
0
0
0
0
0
0
0
0
0
0
0
0
0
0
0
0
0
0
0
0
0
0
0
0
0
0
2.15467153720009E-49
1.71666620398615E-20
1.34388228650633E-13
1.66195522779924E-10
1.02773139730658E-08
1.45000705120412E-07
8.64870513304006E-07
3.32653047177902E-06
9.3769945364584E-06
1.96998261850569E-05
4.16579816436596E-05
6.97674140094324E-05
1.0694909375653E-04
1.46288098780103E-04
1.88033504862569E-04
2.67257162416758E-04
3.49082340442445E-04
4.42644055319384E-04
5.21421728972609E-04
6.31476446693049E-04
8.26209032081707E-04
1.01155507736199E-03
1.11795458167548E-03
1.27658423342592E-03
1.4427143086357E-03
1.61562299282388E-03
1.87619682586765E-03
2.33889654425109E-03
2.16834598697811E-03
2.79133339941963E-03
3.02450676756639E-03
3.26154103097347E-03
3.6366014094389E-03
4.17727269224221E-03
5.06523059940342E-03
5.54259102494173E-03
7.24947244541036E-03
7.2898550007681E-03
7.67701771681874E-03
6.85552739579153E-03
7.82031905206814E-03
8.62279244914232E-03
9.23348549256704E-03
5.77374203878276E-03
6.00713267620507E-03
5.20010399441931E-03
4.85444518826154E-03
5.58702218405273E-03
4.6236818173008E-03
5.07576858730235E-03
5.23823097918107E-03
5.39999723379498E-03
5.23390202522251E-03
5.38471572366411E-03
5.53475655322498E-03
6.3944926296239E-03
6.92597358019719E-03
7.10118843216371E-03
7.27536109989832E-03
7.84049365271119E-03
8.02157074221008E-03
9.02163666356273E-03
9.21825213864847E-03
8.98567015365617E-03
9.17083841005194E-03
9.35473502526864E-03
9.99151084807972E-03
1.11070627598743E-02
9.89871514166741E-03
1.10372097157831E-02
1.02548880605341E-02
9.9343045767157E-03
1.11108863061098E-02
1.12926690910822E-02
1.14730833656148E-02
1.27114143161245E-02
1.23675282543314E-02
0.012551857657276
1.43958186662946E-02
1.46009738918466E-02
1.42351209934737E-02
1.44293063075225E-02
1.46219581609309E-02
1.42205578462887E-02
1.38024654916041E-02
1.45831291603699E-02
1.66075112789141E-02
1.61848776700694E-02
1.63757738206699E-02
1.72022322349233E-02
1.73972419597762E-02
1.69391412042964E-02
1.77824524970859E-02
1.79726658143665E-02
1.81612928738037E-02
1.83483399658526E-02
1.71609383075186E-02
1.66379727591798E-02
0.016800057015952
1.62540607557459E-02
1.71200843215948E-02
1.65581199854639E-02
1.59817406659835E-02
1.61240323089049E-02
1.70044033385989E-02
1.64048928408337E-02
1.80474230643884E-02
1.97136975045548E-02
2.06389802211177E-02
2.08045471729855E-02
2.09686228854643E-02
2.11312126577642E-02
1.89265081746874E-02
1.90684045465168E-02
1.60074947640881E-02
1.61235667190264E-02
1.62385565640344E-02
1.63524678058317E-02
1.72885690748646E-02
1.57482147475409E-02
1.50189875332027E-02
1.59575246983912E-02
0.016905962794258
1.61627985333492E-02
1.88319180278778E-02
1.80865920564325E-02
1.99291272778248E-02
2.09195744167207E-02
1.92887605762125E-02
1.94000985304921E-02
2.03971248210453E-02
1.87275592001533E-02
1.88305707260695E-02
1.89324989428798E-02
1.90333463606445E-02
2.00442161632198E-02
2.01476089423237E-02
2.11703259191866E-02
2.22011155809273E-02
2.13806413136582E-02
2.14840449313878E-02
1.97092142358129E-02
1.98014985387755E-02
1.89454495432728E-02
1.90313205997549E-02
1.91161850146193E-02
1.72800400942806E-02
1.54263207351205E-02
1.64600424250318E-02
0.015556488641112
1.56203740191733E-02
1.37230292521797E-02
1.37775345671943E-02
1.38313442336197E-02
1.19009650677155E-02
1.19458976319266E-02
1.29894227814342E-02
1.30368140469791E-02
0.012077135745465
1.21196978001027E-02
1.11481966587134E-02
1.11861294351017E-02
1.12235219371413E-02
1.12603747717832E-02
1.23236602132298E-02
1.23626877612661E-02
1.24011284568951E-02
1.24389828898741E-02
1.35159392690057E-02
1.25129352421582E-02
1.25490342574373E-02
1.46819740699367E-02
1.36711039690731E-02
0.012653828903038
1.37448941827044E-02
1.37808430854347E-02
1.48789435211739E-02
1.70472011357533E-02
1.49529808499503E-02
1.49889835684457E-02
1.50243096132273E-02
1.61345993933521E-02
1.61710001416551E-02
1.72871224344093E-02
1.84071820861939E-02
1.73609199741576E-02
1.73966627857348E-02
1.74316355267593E-02
1.74658386059824E-02
1.74992724185713E-02
1.86276834305859E-02
1.97593129783512E-02
1.97943322626004E-02
1.87269051014458E-02
1.98617798273965E-02
0.019894208841563
1.88187876362137E-02
1.66303992250022E-02
1.66552674509647E-02
1.55674563861319E-02
1.44758031517452E-02
1.33804515133745E-02
1.45145533779354E-02
1.45329960581138E-02
1.34315237199151E-02
1.34474007405105E-02
0.010097028376009
1.12311959589904E-02
1.23672934280177E-02
1.23797462028925E-02
0.011265158179631
0.011275524476772
1.24139550901335E-02
1.12948259961537E-02
0.011303761397289
1.01809980034113E-02
1.13202018929313E-02
1.13277071372487E-02
0.014735156545994
0.014743674345764
1.36168363883668E-02
1.36235555458946E-02
1.13580859018833E-02
1.02264592889482E-02
9.09352233610277E-03
9.09647765533444E-03
1.02364335205592E-02
1.02389011284216E-02
1.02409402074222E-02
1.25186731698933E-02
1.47965030002144E-02
1.59358677808172E-02
0.015936373498262
1.70745136022439E-02
1.70736271831232E-02
1.70720266259177E-02
1.59317311222434E-02
1.47911252972282E-02
1.36503519641673E-02
1.25095539387983E-02
0.012505761445511
1.25014451206857E-02
1.24966049263623E-02
1.24912408198579E-02
1.36203848222463E-02
1.24789406757111E-02
1.24720045287013E-02
1.24645442506729E-02
1.47213888245664E-02
1.35796920311531E-02
1.35698377476224E-02
1.24294604126286E-02
1.46774471680185E-02
1.46649120367217E-02
0.014651756795788
1.91419755756509E-02
1.57484766791138E-02
1.68560413330947E-02
1.90830651617069E-02
1.90618050098309E-02
2.01597171352064E-02
2.01354866122952E-02
2.01103958510353E-02
2.12002470812078E-02
2.11719455328429E-02
2.33682862019455E-02
2.44461864742295E-02
2.44102581604031E-02
2.43732764222742E-02
2.54413881860784E-02
2.65048921236878E-02
2.86661897660399E-02
2.53154803348638E-02
2.63700570769467E-02
0.030709943589659
3.17482430128229E-02
3.27810677397418E-02
3.48988623625653E-02
3.15644279120642E-02
3.15003664416727E-02
3.57707583487634E-02
3.46130255055407E-02
3.45377127441616E-02
3.44608567729748E-02
3.43824566442268E-02
3.43025113791042E-02
3.74292405888632E-02
3.62716051998073E-02
3.51175630730576E-02
3.50287350679041E-02
3.49383080847834E-02
3.48462809046486E-02
3.58057629452641E-02
3.46574208859565E-02
0.033513294948124
4.80381407920908E-02
0.047898680199791
4.67187825063053E-02
3.82974380689217E-02
3.92117360334814E-02
3.29171458623845E-02
3.28123167182479E-02
3.47500402304319E-02
0.035654012918118
3.55342075505593E-02
3.64244730958013E-02
3.52894347811647E-02
3.21503664383528E-02
2.80302124614185E-02
2.59326521575212E-02
2.78233461080468E-02
2.47480663105871E-02
2.66248293364009E-02
2.75026437240303E-02
0.029349601119796
2.72818840193086E-02
2.61990744288656E-02
2.41567306764893E-02
5.58048352440047E-02
5.46051633415562E-02
5.81798548578917E-02
5.88690382446569E-02
5.86013302435627E-02
7.99692246720727E-02
0.058056521557845
5.59155571612384E-02
6.02813666005461E-02
6.73669162679278E-02
6.79477129214173E-02
6.12071220608797E-02
6.45258476232496E-02
5.78585014088566E-02
8.27275047231261E-02
7.51240062112903E-02
8.89403161821241E-02
8.84421147574769E-02
8.79387237598228E-02
8.74301301881511E-02
8.69163207296933E-02
8.63972817553341E-02
8.58729993151627E-02
8.53434591341882E-02
8.48086466082458E-02
8.42685468001203E-02
8.37231444359187E-02
8.31724239017248E-02
0.082616369240573
8.20549641497803E-02
8.14881919786819E-02
0.080916035726816
8.03384780426117E-02
0.079755501222636
7.91670872114612E-02
7.85732176022232E-02
0.07797387363794
7.73690362136761E-02
7.67586858796365E-02
7.61428028452889E-02
7.55213669846179E-02
7.48943578426257E-02
7.42617546432028E-02
7.36235362985078E-02
7.29796814200012E-02
4.62913077320309E-02
6.16404785713942E-02
6.17822491387367E-02
5.55744926493548E-02
5.50433220216931E-02
5.51975623797009E-02
0.05396728695842
5.47748515388964E-02
5.35421486867525E-02
5.29809881925749E-02
5.30703076668967E-02
5.18445215516107E-02
3.78110189696385E-02
3.99176429472839E-02
3.94570415551405E-02
3.83737284278977E-02
3.73014834802779E-02
3.68444823186252E-02
3.51908701223275E-02
3.65082090754879E-02
3.48700607331063E-02
0.024657577291275
2.54535731662435E-02
2.67732625398969E-02
2.63930837564428E-02
2.65518089488002E-02
2.66914704620376E-02
2.62861544508627E-02
2.58777310201774E-02
2.69941698075099E-02
2.60536165897198E-02
2.51264773592362E-02
2.42129413875194E-02
2.37889793150473E-02
1.30826763880546E-02
1.69695167081921E-02
1.70989080966075E-02
1.85323230994064E-02
2.07580575045994E-02
2.16042604088895E-02
2.07353289823662E-02
1.98813116449121E-02
2.10260066458527E-02
2.09323216169586E-02
2.23313504265677E-02
2.32661430147934E-02
2.30435858586624E-02
0.013679461179371
1.19491272692757E-02
1.09560831703038E-02
1.12893942251108E-02
1.15832474195712E-02
1.09268985720559E-02
1.14640367754519E-02
1.16578604375282E-02
1.12624433715238E-02
1.16609105806313E-02
1.25108445671349E-02
1.20347262668079E-02
1.06144227964622E-02
1.04023309817969E-02
1.47150690805009E-02
1.40532080469805E-02
1.41801185683926E-02
1.34820682385863E-02
1.11881325599878E-02
8.9025426680906E-03
8.0790322082984E-03
0.008041812625497
8.9291116705349E-03
9.50556691436244E-03
9.68221726475602E-03
8.84642337765293E-03
6.80402009328012E-03
5.85180964084117E-03
6.69888624787589E-03
6.05398517324831E-03
5.63829950831214E-03
5.01339933742777E-03
2.34361922577758E-03
1.80382030961543E-03
1.51059331573786E-03
1.2806197472226E-03
1.1254201634584E-03
1.25061493115761E-03
8.48697133925895E-04
6.7491593768689E-04
9.94545498632838E-04
6.56218201980661E-04
4.52876721254131E-04
2.94326800442436E-04
1.79410519052207E-04
6.84030820565622E-05
3.10422764843025E-05
1.26422040156535E-05
3.98978374787157E-06
8.46805324356806E-07
9.86299522707498E-08
4.15411252080781E-09
3.02184249187051E-11
1.20822381784435E-15
1.3770809830235E-27
5.62859372031966E-208
0
0
0
0
0
0
0
0
0
0
0
0
0
0
0
0
0
0
0
0
0
0
0
0
0
0
0
0
0
0
0
0
0
0
0
0
0
0
0
0
0
0
0
0
0
0
0
0
0
0
0
0
0
0
0
0
0
0
0
0
0
0
0
0
0
0
0
0
0
0
0
0
0
0
0
0
0
0
0
0
0
0
0
0
0
0
0
0
0
0
0
0
0
0
0
0
0
0
0
0
0
0
0
0
0
0
0
0
0
0
0
0
0
0
0
0
0
0
0
0
0
0
0
0
0
0
0
0
0
0
0
0
0
0
0
0
0
0
0
0
0
0
0
0
0
0
0
0
0
0
0
0
0
0
0
0
0
0
0
0
0
0
0
0
0
0
0
0
0
0
0
0
0
0
0
0
0
0
0
0
0
0
0
0
0
0
0
0
0
0
0
0
0
0
0
0
0
0
0
0
0
0
0
0
0
0
0
0
0
0
0
0
0
0
0
0
0
0
0
0
0
0
0
0
0
0
0
0
0
0
0
0
0
0
0
0
0
0
0
0
0
0
0
0
0
0
0
0
0
0
0
0
0
0
0
0
0
0
0
0
0
0
0
0
0
0
0
0
0
0
0
0
0
0
0
0
0
0
0
0
0
0
0
0
0
0
0
0
0
0
0
0
0
0
0
0
0
0
0
0
0
0
0
0
0
0
0
0
0
0
0
0
0
0
0
0
0
0
0
0
0
0
0
0
0
0
0
0
0
0
0
0
0
0
0
0
0
0
0
0
0
0
0
0
0
0
0
0
0
0
0
0
0
0
0
0
0
0
0
0
0
0
0
0
0
0
0
0
0
0
0
0
0
0
0
0
0
0
0
0
0
0
0
0
0
0
0
0
0
0
0
0
0
0
0
0
0
0
0
0
0
0
0
0
0
0
0
0
0
0
0
0
0
0
0
0
0
0
0
0
0
0
0
0
0
0
0
0
0
0
0
0
0
0
0
0
0
0
0
0
0
0
0
0
0
0
0
0
0
0
0
0
0
0
0
0
0
0
0
0
0
0
0
0
0
0
0
0
""
