0
0
0
0
0
0
0
0
0
0
0
0
0
0
0
0
0
0
0
0
0
0
0
0
0
0
0
0
0
0
0
0
0
0
0
0
0
0
0
0
0
0
0
0
0
0
0
0
0
0
0
0
0
0
0
0
0
0
0
0
0
0
0
0
0
0
0
0
0
0
0
0
0
0
0
0
0
0
0
0
0
0
0
0
0
0
0
0
0
0
0
0
0
0
0
0
0
0
0
0
0
0
0
0
0
0
0
0
0
0
0
0
0
0
0
0
0
0
0
0
0
0
0
0
0
0
0
0
0
0
0
0
0
0
0
0
0
0
0
0
0
0
0
0
0
0
0
0
0
0
0
0
0
0
0
0
0
0
0
0
0
0
0
0
0
0
0
0
0
0
0
0
0
0
0
0
0
0
0
0
0
0
0
0
0
0
0
0
0
0
0
0
0
0
0
0
0
0
0
0
0
0
0
0
0
0
0
0
0
0
0
0
0
0
0
0
0
0
0
0
0
0
0
0
0
0
0
0
0
0
0
0
0
0
0
0
0
0
0
0
0
0
0
0
0
0
0
0
0
0
0
0
0
0
0
0
0
0
0
0
0
0
0
0
0
0
0
0
0
0
0
0
0
0
0
0
0
0
0
0
0
0
0
0
0
0
0
0
0
0
0
0
0
0
0
0
0
0
0
0
0
0
0
0
0
0
0
0
0
0
0
0
0
0
0
0
0
0
0
0
0
0
0
0
0
0
0
0
0
0
0
0
0
0
0
0
0
0
0
0
0
0
0
0
0
0
0
0
0
0
0
0
0
0
0
0
0
0
0
0
0
0
0
0
0
0
0
0
0
0
0
0
0
0
0
0
0
0
0
0
0
0
0
0
0
0
0
0
0
0
0
0
0
1.3620129322686E-28
3.4760463851776E-16
6.58968211603068E-12
9.45269296111773E-10
1.88936363620011E-08
1.51685792584451E-07
6.86598241396077E-07
2.00697872693817E-06
4.60657883000892E-06
9.69179522808168E-06
1.59233682447068E-05
2.47948362433488E-05
3.58728793844649E-05
5.38432291854308E-05
7.37355728566805E-05
1.01751888773716E-04
1.24621295866927E-04
1.62634640714261E-04
2.15980395607556E-04
2.59089208826762E-04
2.81469172201587E-04
3.27865091799585E-04
3.93793197683149E-04
5.42000634374246E-04
5.69502519364105E-04
6.37470815862966E-04
7.34576863085992E-04
8.3986054586941E-04
8.89874761388015E-04
1.00602602623382E-03
1.16817390144111E-03
1.30410808901423E-03
1.36079517910558E-03
1.27191800773009E-03
1.25958393428775E-03
1.39667725956089E-03
1.48483972271053E-03
1.51380861594728E-03
1.47302018807934E-03
1.5543882239272E-03
1.28092700265062E-03
1.3460963899312E-03
1.49038032958404E-03
1.72481389805323E-03
1.63133302110496E-03
2.15078036389747E-03
2.2416153590252E-03
2.33309104108911E-03
2.42516500790263E-03
2.72761384107533E-03
4.02521563352922E-03
4.16957556527728E-03
4.43124449457616E-03
4.70143834563783E-03
4.7311523474883E-03
4.49657094146281E-03
5.0333636553433E-03
5.1852297806404E-03
5.47801408287886E-03
5.77925824296968E-03
6.98002631094667E-03
7.32241363734615E-03
7.51669990916919E-03
7.87201318312936E-03
1.36714120410911E-02
1.11397874861731E-02
1.10629905858499E-02
1.11471500292546E-02
1.06803597320642E-02
1.11066677162266E-02
1.34333839768497E-02
1.37240808061402E-02
1.50019131462495E-02
1.51119117545896E-02
1.58305949517987E-02
1.67754488352865E-02
1.73173657363899E-02
1.67780167092921E-02
1.70938280084826E-02
1.85400851250502E-02
1.95668688461593E-02
2.34296991108699E-02
2.38393864735319E-02
2.42488752973318E-02
2.46581341993405E-02
2.50671328471381E-02
2.54758419038632E-02
2.58842329766374E-02
2.62922785681361E-02
2.66999520310889E-02
2.52097215987272E-02
2.55880943800004E-02
2.01027492333726E-02
1.95452291645153E-02
2.03996199513873E-02
2.59317366093816E-02
2.65870513604427E-02
2.54532451613536E-02
2.57960043795926E-02
0.026445762361138
2.64799758233478E-02
2.68211550737234E-02
2.74813256435197E-02
2.75018211032175E-02
2.78412771636337E-02
3.08323760840262E-02
3.01959117775597E-02
3.02138878212897E-02
3.05666963275554E-02
2.29285578691469E-02
2.42432069784835E-02
2.48703821380922E-02
2.40679599992894E-02
0.023967702517947
2.12896076294366E-02
1.96613420772862E-02
1.87433210521337E-02
1.96952688469391E-02
1.95143763225631E-02
1.89387580628285E-02
1.99086837928259E-02
0.018134025578151
1.31359778430656E-02
1.72813639684307E-02
1.62285830326431E-02
1.67906063604071E-02
0.016119842351424
1.66848550995435E-02
1.68361250799966E-02
1.78363258289084E-02
1.79942765694307E-02
1.77195936373612E-02
3.61817315584675E-02
3.56118804437086E-02
3.59129868394449E-02
4.47076458750197E-02
4.50771492236828E-02
0.045445520427737
4.58127491997919E-02
4.61788253694339E-02
4.65437388800469E-02
4.69074797857721E-02
4.72700382485989E-02
4.76314045355818E-02
4.79915690161756E-02
4.83505221596855E-02
4.87082545328256E-02
4.90647567973798E-02
4.94200197079625E-02
4.97740341098728E-02
3.85976290215199E-02
3.83634937196362E-02
3.86296569860349E-02
3.94066184804471E-02
4.01895500532014E-02
0.039940978078327
4.02066478797898E-02
0.040471302273579
4.07349347751153E-02
4.95165080902672E-02
4.07232758680521E-02
5.17647421387477E-02
5.26308371221914E-02
5.35023310770991E-02
5.38298904427955E-02
0.025420207103523
2.72404661107121E-02
2.74021996379346E-02
2.30631221004846E-02
4.18682846536538E-02
4.21093936166616E-02
4.40663134684998E-02
4.37394692582983E-02
4.34050819818797E-02
4.36451245305727E-02
4.27138301578048E-02
4.41219191803494E-02
4.19928652015322E-02
4.34051093666281E-02
4.60242386893571E-02
4.98688297515636E-02
4.95219430666797E-02
5.58447266814482E-02
5.67369281742503E-02
5.70207049765158E-02
5.91515444415543E-02
5.82031656291958E-02
5.72412839081135E-02
5.75163411696195E-02
5.77899661311072E-02
5.80621527813796E-02
5.89669483623354E-02
5.92391676246791E-02
5.69503487474826E-02
5.59224629579442E-02
5.55273060033775E-02
5.64220883781109E-02
5.79725597945109E-02
4.64487865988508E-02
5.25618597793034E-02
5.41054016703201E-02
6.62604374845733E-02
6.65370397310985E-02
6.68119979737088E-02
4.36054491161615E-02
4.17613145629617E-02
4.19287090638535E-02
0.042095069866157
4.22603934345222E-02
3.83190624291426E-02
4.05272093061729E-02
3.51654096017722E-02
0.035297960100702
3.89031376147133E-02
4.53221499048359E-02
0.046187571333842
4.63545956929185E-02
4.22913484731109E-02
3.18308391396252E-02
2.98128946791368E-02
2.99162761998261E-02
3.00189255989758E-02
3.44238179819446E-02
0.060444038961537
6.06449194631027E-02
0.060844318793992
6.03155395624266E-02
6.12386574025888E-02
6.14335884971554E-02
6.16270220546356E-02
6.03470742117867E-02
0.058318346017358
5.47937383919443E-02
5.64442059800246E-02
5.73572888592419E-02
5.67791958458061E-02
5.69446230706131E-02
0.047340079451222
0.068574876088301
5.74325931597691E-02
0.070474993968249
7.06689218563059E-02
7.16230848192062E-02
7.18156318711067E-02
7.66025956926865E-02
7.68037288898975E-02
7.70030038539969E-02
7.72004165145231E-02
7.73959628416824E-02
7.75896388463288E-02
7.77814405799431E-02
7.79713641346158E-02
7.11250591351572E-02
6.97275495378173E-02
4.39767032626268E-02
4.88015638922071E-02
0.031557070115086
3.24192124896949E-02
0.024566855281706
2.54152584225004E-02
2.62665260061952E-02
2.79182641872597E-02
2.87767750936949E-02
2.88369294211346E-02
3.13044231971106E-02
3.13680873546881E-02
2.82073059500524E-02
2.74555701867399E-02
2.67000072617232E-02
2.67513203824037E-02
2.76141733110163E-02
2.76657179069767E-02
0.032607763768362
3.26668425574282E-02
3.02707532020376E-02
3.11435181766918E-02
4.51541444007621E-02
4.35862970869261E-02
3.78930428198723E-02
3.87806834985566E-02
3.88436346539077E-02
3.55945370916238E-02
3.48213499502565E-02
3.40447506006391E-02
3.40964174063785E-02
0.034980129802981
3.66995479772505E-02
3.50818070224992E-02
3.17855431003811E-02
3.18296449312961E-02
3.18729871528423E-02
3.10756855043957E-02
3.11164053796549E-02
3.11563831431631E-02
3.11956179943361E-02
3.12341091476546E-02
0.034652597003768
3.38474132908127E-02
8.47165210577149E-02
0.084812490809485
8.49064405630666E-02
8.49983684399677E-02
8.50882726024902E-02
0.085176151253742
8.52620026376466E-02
8.53458250389549E-02
8.54276167832555E-02
8.55073762369853E-02
8.55851018074402E-02
8.56607919427852E-02
8.57344451320649E-02
8.58060599052133E-02
8.41581221364026E-02
8.33648734715384E-02
6.36464081341627E-02
6.45540801501425E-02
6.20161264369255E-02
0.06033500524533
6.21001243953491E-02
5.95507482200438E-02
5.95874628623407E-02
5.96227624072459E-02
7.26254822710096E-02
7.26650076403703E-02
6.75097501150555E-02
6.66773085415626E-02
6.84414897513281E-02
6.93389045932624E-02
6.67670135341678E-02
7.02635518639594E-02
7.02900064674512E-02
0.070314793105245
7.20746498339191E-02
7.20966287039886E-02
7.21168970087773E-02
7.30045562042726E-02
4.60731556402316E-02
4.78217940557961E-02
8.00076969319427E-02
8.00206768088485E-02
8.09016689388821E-02
8.52610032700316E-02
5.91660805315321E-02
5.91700615191912E-02
5.83024531621881E-02
6.17844224111437E-02
6.26543824716519E-02
5.48210716299394E-02
5.74286515341362E-02
5.30740130995997E-02
5.30687711830628E-02
8.52475820659554E-02
8.26258779250268E-02
0.083481431913075
8.25958297032572E-02
8.17086256629427E-02
8.08198820174432E-02
6.16848470875076E-02
6.25355801594271E-02
3.38628489469985E-02
3.38514551577862E-02
3.21039115424283E-02
3.38262580534222E-02
3.72803993672986E-02
3.72642960957158E-02
4.41770401476694E-02
4.76190466834484E-02
5.71140683063881E-02
8.64907949731205E-02
8.64430693157662E-02
8.63932911099157E-02
8.63414613476565E-02
8.62875810620685E-02
8.62316513272163E-02
8.61736732581417E-02
8.61136480108552E-02
8.60515767823279E-02
8.59874608104828E-02
8.59213013741859E-02
8.58530997932379E-02
8.57828574283639E-02
8.57105756812048E-02
8.56362559943074E-02
8.55598998511147E-02
0.085481508775956
8.54010843340365E-02
8.53186281314276E-02
8.52341418150559E-02
8.51476270726929E-02
8.50590856329447E-02
8.49685192652406E-02
8.48759297798227E-02
0.063585989270801
6.43603635646166E-02
3.97554394258833E-02
4.05529815809679E-02
3.62845617744306E-02
4.29817870933387E-02
7.07039060379309E-02
7.14532204951984E-02
6.46429653038205E-02
8.21624070463572E-02
0.082049988656294
8.19356120150934E-02
7.51401545654928E-02
0.078366258775174
8.15807557139168E-02
8.14585693966003E-02
8.29943231546041E-02
8.28656735620192E-02
8.27350429860436E-02
0.082602434050869
0.082467849421275
8.23312918026209E-02
8.21927639408365E-02
8.20522686224134E-02
8.19098086743979E-02
8.17653869643825E-02
8.16190064004993E-02
8.14706699314129E-02
8.13203805463143E-02
8.11681412749151E-02
8.10139551874423E-02
8.08578253946336E-02
8.06997550477334E-02
8.05397473384894E-02
8.03778054991498E-02
8.02139328024614E-02
8.00481325616683E-02
7.98804081305113E-02
7.97107629032285E-02
7.95392003145562E-02
7.93657238397313E-02
7.91903369944944E-02
7.90130433350937E-02
7.88338464582901E-02
7.86527500013641E-02
0.078469757642122
7.82848730989059E-02
7.73171191292962E-02
0.077909442536654
7.77189041570726E-02
0.077526488872452
0.059545794465068
5.93947533513772E-02
5.84728959625611E-02
5.83209846647362E-02
5.74022981530592E-02
5.49596193046577E-02
0.059379343170517
5.61808570475821E-02
5.52689942249943E-02
5.51149919934465E-02
0.064746988161519
6.90667688859372E-02
6.73705183143873E-02
6.79204614643611E-02
7.29294383258754E-02
7.41959094007293E-02
7.39722198873552E-02
7.37467302854544E-02
7.35194452517395E-02
7.32903694841941E-02
7.30595077221349E-02
7.28268647462763E-02
7.25924453787989E-02
7.23562544834219E-02
7.21182969654782E-02
7.18785777719952E-02
7.16371018917772E-02
7.13938743554949E-02
7.11489002357764E-02
7.09021846473048E-02
7.06537327469192E-02
7.04035497337217E-02
7.01516408491883E-02
6.98980113772855E-02
6.96426666445929E-02
6.93856120204303E-02
6.91268529169914E-02
6.88663947894837E-02
6.86042431362741E-02
6.83404034990409E-02
6.80748814629338E-02
6.78076826567395E-02
0.067538812753055
6.72682774684692E-02
0.066996082563751
6.67222338440469E-02
6.64467371590862E-02
6.61695984033947E-02
6.19373741055278E-02
6.16737933742624E-02
6.14086859738717E-02
5.91907153515005E-02
6.02263192245138E-02
5.93148087256572E-02
5.77657384094414E-02
5.68657455499224E-02
5.66061818303185E-02
5.63452113699942E-02
3.59182232867412E-02
5.20559894916476E-02
6.24201311883909E-02
6.21206480485016E-02
6.18196168081037E-02
6.15170441162107E-02
6.12129366719952E-02
6.09073012252344E-02
6.06001445767713E-02
6.02914735789965E-02
5.99812951363488E-02
0.059669616205836
5.93564437975774E-02
5.60896957265992E-02
0.052265825702965
5.37353936869018E-02
5.34418445621599E-02
5.31469544362997E-02
5.45741234351094E-02
5.36956386475638E-02
4.43025636631313E-02
4.29186207071872E-02
2.86335215191477E-02
2.84656692011483E-02
2.82971003416583E-02
2.75762930381676E-02
3.01505997548585E-02
2.72422884893771E-02
2.97816794674597E-02
4.78918556237698E-02
4.81250537131615E-02
4.78189267085961E-02
4.96232190971039E-02
4.93009730616362E-02
4.89774821032588E-02
4.91703366521904E-02
4.93550269738826E-02
5.10634249341096E-02
5.07140732932582E-02
4.98598058627604E-02
5.00115346892047E-02
4.96583654867986E-02
4.93039416657459E-02
4.89482723208902E-02
4.85913666363669E-02
0.048233233887688
4.78738834439182E-02
4.75133247699458E-02
4.71515674288551E-02
4.67886210844027E-02
4.64244955036047E-02
0.046059200559439
4.56927462336693E-02
4.53251426197965E-02
4.49563999261432E-02
4.45865284790798E-02
0.044215538726397
4.38434412408343E-02
0.043470246723771
4.30959660090894E-02
4.27206100672175E-02
4.23441900093623E-02
4.19667170919427E-02
4.15882027212326E-02
4.12086584582259E-02
4.08280960237351E-02
4.04465273037358E-02
4.00639643549707E-02
3.96804194108276E-02
3.92959048875063E-02
3.89104333904894E-02
3.85240177213362E-02
3.81366708848156E-02
0.037748406096399
3.73592367901315E-02
3.69691766269062E-02
3.65782395031617E-02
3.61864395600298E-02
3.57937911929586E-02
3.54003090618388E-02
3.50060081016645E-02
3.46109035337594E-02
3.42150108776019E-02
3.38183459632873E-02
3.34209249446649E-02
3.30227643131905E-02
3.26238809125416E-02
3.22242919540404E-02
3.18240150329368E-02
3.14230681456043E-02
3.10214697077103E-02
3.06192385734201E-02
3.02163940557043E-02
2.98129559478196E-02
2.94089445460422E-02
0.027844205446786
2.71693214215003E-02
0.026783997520853
2.66760872828767E-02
2.65596057595326E-02
2.53556007128855E-02
2.47069703975906E-02
2.40661298179824E-02
2.36906211644707E-02
2.30613810853919E-02
2.26893667529959E-02
2.30528260190044E-02
2.24268993110214E-02
2.22830649253222E-02
1.81706014668098E-02
1.60200196989899E-02
8.76553112853796E-03
8.1642769854156E-03
7.79596451209565E-03
6.37358682646098E-03
6.45889661357807E-03
6.33177509689993E-03
6.20468844595816E-03
6.86186345412701E-03
7.10241930714417E-03
8.07814495918329E-03
7.53471025774486E-03
5.7499699686978E-03
5.44371814524776E-03
6.00340119734148E-03
5.69340130808068E-03
5.55512875208037E-03
5.41708043208194E-03
5.4345530702991E-03
0.005292980835489
5.15171665870163E-03
4.58129278961223E-03
8.76641001253474E-03
5.00035402998199E-03
4.72148517587454E-03
4.70541422062855E-03
4.5587233364604E-03
4.53186604488115E-03
4.72841629387241E-03
4.5679239083792E-03
4.1931871975322E-03
4.04208351841467E-03
3.89184584657494E-03
3.64657388934095E-03
3.59422115836882E-03
3.27020283784652E-03
8.46374209499254E-03
8.09222428549792E-03
7.72405054612007E-03
7.35945329137747E-03
6.99868051445919E-03
6.64199695087034E-03
6.28968531533702E-03
5.94204761020554E-03
5.5994065009408E-03
5.26210675073214E-03
2.56386868470781E-03
2.30251489049323E-03
1.97159036499831E-03
1.66911085808264E-03
1.50450716662365E-03
1.41663596125933E-03
1.2339409819158E-03
1.06621561203411E-03
9.89227569204972E-04
7.28780385161189E-04
7.10278859574339E-04
6.45465421983621E-04
5.64812375177176E-04
4.75293830590988E-04
4.2951846988101E-04
4.01089668361041E-04
3.56785389902619E-04
3.03275898778619E-04
2.20095111876492E-04
1.66239680609699E-04
1.45795524844005E-04
9.40715175277088E-05
6.30497848134613E-05
4.45927842465617E-05
3.0702162046377E-05
1.6265951000488E-05
7.66687549241942E-06
3.10801592252018E-06
1.009645844133E-06
1.84874056266742E-07
1.71076503921922E-08
4.93331508203602E-10
1.11624410132828E-12
2.30185506539513E-18
1.06807215726255E-39
0
0
0
0
0
0
0
0
0
0
0
0
0
0
0
0
0
0
0
0
0
0
0
0
0
0
0
0
0
0
0
0
0
0
0
0
0
0
0
0
0
0
0
0
0
0
0
0
0
0
0
0
0
0
0
0
0
0
0
0
0
0
0
0
0
0
0
0
0
0
0
0
0
0
0
0
0
0
0
0
0
0
0
0
0
0
0
0
0
0
0
0
0
0
0
0
0
0
0
0
0
0
0
0
0
0
0
0
0
0
0
0
0
0
0
0
0
0
0
0
0
0
0
0
0
0
0
0
0
0
0
0
0
0
0
0
0
0
0
0
0
0
0
0
0
0
0
0
0
0
0
0
0
0
0
0
0
0
0
0
0
0
0
0
0
0
0
0
0
0
0
0
0
0
0
0
0
0
0
0
0
0
0
0
0
0
0
0
0
0
0
0
0
0
0
0
0
0
0
0
0
0
0
0
0
0
0
0
0
0
0
0
0
0
0
0
0
0
0
0
0
0
0
0
0
0
0
0
0
0
0
0
0
0
0
0
0
0
0
0
0
0
0
0
0
0
0
0
0
0
0
0
0
0
0
0
0
0
0
0
0
0
0
0
0
0
0
0
0
0
0
0
0
0
0
0
0
0
0
0
0
0
0
0
0
0
0
0
0
0
0
0
0
0
0
0
0
0
0
0
0
0
0
0
0
0
0
0
0
0
0
0
0
0
0
0
0
0
0
0
0
0
0
0
0
0
0
0
0
0
0
0
0
0
0
0
0
0
0
0
0
0
0
0
0
0
0
0
0
0
0
0
0
0
0
""
