0
0
0
0
0
0
0
0
0
0
0
0
0
0
0
0
0
0
0
0
0
0
0
0
0
0
0
0
0
0
0
0
0
0
0
0
0
0
0
0
0
0
0
0
0
0
0
0
0
0
0
0
0
0
0
0
0
0
0
0
0
0
0
0
0
0
0
0
0
0
0
0
0
0
0
0
0
0
0
0
0
0
0
0
0
0
0
0
0
0
0
0
0
0
0
0
0
0
0
0
0
0
0
0
0
0
0
0
0
0
0
0
0
0
0
0
0
0
0
0
0
0
0
0
0
0
0
0
0
0
0
0
0
0
0
0
0
0
0
0
0
0
0
0
0
0
0
0
0
0
0
0
0
0
0
0
0
0
0
0
0
0
0
0
0
0
0
0
0
0
0
0
0
0
0
0
0
0
0
0
0
0
0
0
0
0
0
0
0
0
0
0
0
0
0
0
0
0
0
0
0
0
0
0
0
0
0
0
0
0
0
0
0
0
0
0
0
0
0
0
0
0
0
0
0
0
0
0
0
0
0
0
0
0
0
0
0
0
0
0
0
0
0
0
0
0
0
0
0
0
0
0
0
0
0
0
0
0
0
0
0
0
0
0
0
0
0
0
0
0
0
0
0
0
0
0
0
0
0
0
0
0
0
0
0
0
0
0
0
0
0
0
0
0
0
0
0
0
0
0
0
0
0
0
0
0
0
0
0
0
0
0
0
0
0
0
0
1.46520809388648E-55
1.71473116298434E-25
2.30745153216864E-17
1.32617419658165E-13
1.97451746463323E-11
6.16988759944919E-10
7.12406623488499E-09
3.89909285882973E-08
1.34296221777363E-07
3.80576306934322E-07
8.88324358330754E-07
2.07076909152737E-06
3.74624558519273E-06
6.21703080376039E-06
8.9899486272912E-06
1.41155623614891E-05
2.10802165432167E-05
2.48631047869258E-05
3.24630620235405E-05
4.12561548344652E-05
5.1233114743445E-05
5.79130010280355E-05
7.46208670231167E-05
9.42240574005451E-05
1.02275437691006E-04
1.17557587480337E-04
1.33723600785669E-04
1.61471498627688E-04
1.68440092655682E-04
2.00204643877399E-04
2.20601883529447E-04
2.0938377735613E-04
2.28041867612818E-04
2.47110010743523E-04
2.87041464127125E-04
3.3032373388349E-04
3.53414289883222E-04
3.76768886798236E-04
4.00343602847263E-04
4.24097694531194E-04
4.18127237559055E-04
4.40529732019942E-04
4.96073686966787E-04
4.85516905586945E-04
5.44338163194213E-04
4.92676988648941E-04
5.53074678630372E-04
5.75528175652309E-04
5.12501392936302E-04
4.87322962113414E-04
4.13001430427508E-04
3.79747262766703E-04
3.43275355663637E-04
3.54207612572301E-04
3.65070948031598E-04
4.29555644013165E-04
5.52249463927163E-04
5.67439963866802E-04
4.66009541902636E-04
4.77969394054507E-04
4.89829016673842E-04
5.64284526997095E-04
5.77394142214288E-04
6.55983046272292E-04
6.70283197497335E-04
5.47558557786009E-04
5.58781616652905E-04
4.98658228577783E-04
5.80898632304221E-04
6.6576588395214E-04
6.77896654758489E-04
6.89903309790772E-04
7.01786027818921E-04
7.135451169751E-04
8.05756669378512E-04
8.18549127907255E-04
9.14326577023667E-04
9.28100815407474E-04
9.41727719953663E-04
1.12888258228619E-03
1.23269210312133E-03
1.16023260262041E-03
1.1756538644477E-03
1.19090798988482E-03
1.12454949802358E-03
1.17773030943471E-03
1.33433513793488E-03
1.50082950303118E-03
1.78921237579974E-03
2.09719681787498E-03
2.54638399033201E-03
2.5212184332822E-03
2.48754434324722E-03
2.58100982634149E-03
2.39389742657825E-03
2.47939714489999E-03
2.56580508692999E-03
3.27736241917257E-03
3.06377523444472E-03
3.16327239188927E-03
3.09193071340628E-03
3.3650528143544E-03
3.46729805904308E-03
3.57042184077258E-03
3.86779571994619E-03
3.77923241726867E-03
4.90722147579286E-03
5.67190756172412E-03
6.04002949963478E-03
6.19922088791353E-03
6.58665409246133E-03
6.52092721660215E-03
8.11555079882935E-03
8.06956973798873E-03
8.5138952257883E-03
8.45858218600986E-03
8.39256313999973E-03
9.38870406175045E-03
1.86498962167362E-02
1.76595505435536E-02
0.01890169974462
2.13524741965011E-02
2.09048267232017E-02
0.015240544659986
1.43064825018958E-02
0.017765355364941
1.64982052748896E-02
1.68186283278899E-02
1.17630188598883E-02
1.09574803759105E-02
1.11610054648389E-02
1.17204815801396E-02
1.08472413687256E-02
0.010672192227385
1.04849153445841E-02
0.010666264763755
1.12356540187233E-02
3.19104074166243E-02
3.24401250065883E-02
3.29714518856189E-02
2.68862018208436E-02
2.77352835907181E-02
2.90256311098024E-02
1.82062099904017E-02
1.71651508921653E-02
1.74251866524368E-02
1.90463043739965E-02
1.93276824868053E-02
2.00765969662691E-02
0.021786842727595
2.25774216867086E-02
2.33821491362155E-02
2.22254481705492E-02
1.50204731291023E-02
1.37019173576706E-02
1.49143041005331E-02
0.015112067533332
1.53101517893459E-02
1.55085443121372E-02
2.00402624023938E-02
1.91971435693955E-02
5.22038663403349E-02
0.052850531077146
5.40671261949595E-02
5.64503257352056E-02
5.65439729882894E-02
5.42651625282948E-02
5.43048725509907E-02
5.43313372209566E-02
5.43445028465097E-02
5.55794157531233E-02
5.68286962888155E-02
6.06180800546987E-02
0.060647068581495
5.80811751787025E-02
5.87075905137301E-02
5.66972502671859E-02
5.66301799936189E-02
5.72226283880415E-02
0.058495475789226
5.90953081180994E-02
5.96953037419884E-02
5.88932145237032E-02
5.73552242359001E-02
4.79096622061982E-02
3.97127809743251E-02
3.86386854213933E-02
3.90086878426887E-02
4.08646579378697E-02
3.22488774896633E-02
0.033305932501513
3.36129561823734E-02
3.46908160535253E-02
3.42267777663765E-02
3.45335492297111E-02
3.48402103736432E-02
3.83419071979569E-02
3.78704103138396E-02
0.023568697504139
2.78687913945669E-02
2.72785593679865E-02
0.025840715055218
2.60559768575681E-02
2.88134537280176E-02
2.90492122410253E-02
4.56498185783264E-02
4.94897062235522E-02
4.81336741763315E-02
6.61551616714298E-02
6.66730144532098E-02
6.53986240004825E-02
6.49989121845157E-02
5.63980886363956E-02
8.15705533013742E-02
8.12584832373934E-02
8.18622368436233E-02
7.77797423895599E-02
7.92917598902662E-02
4.56376810820054E-02
5.36262487905684E-02
5.69013091562773E-02
0.040791951109006
0.070418536816275
6.69680074127939E-02
4.46220859483435E-02
5.29136001457273E-02
5.22666101517657E-02
5.56530475526477E-02
5.09304502795287E-02
4.92159903318533E-02
0.044377967029019
6.75185303017665E-02
6.48170031426105E-02
6.94394096307952E-02
6.98792554645361E-02
0.073514553299984
7.29005684136745E-02
7.22724312791852E-02
8.35685280913929E-02
8.51685616445306E-02
6.81063814654665E-02
0.068513813712305
7.00319901816357E-02
9.28074424816633E-02
9.44740022933126E-02
9.50211633213581E-02
9.55670704861235E-02
9.72558938480174E-02
9.66550556318603E-02
9.83542084247424E-02
9.77378236385084E-02
0.106466977267197
7.88169193300145E-02
7.92449713975808E-02
7.01588529637725E-02
0.102812031711068
0.10215533718174
9.78600834562491E-02
9.10840199835727E-02
9.15555430259793E-02
8.83447138691426E-02
8.63283007400788E-02
4.21428287618396E-02
4.48455710283614E-02
4.38167550361331E-02
5.03234290102274E-02
4.67770814081598E-02
4.57339055071433E-02
4.59542883944857E-02
5.90000834146873E-02
3.73721139446378E-02
8.15696950281689E-02
8.06496481217549E-02
7.18753502637328E-02
6.95798954790499E-02
6.98970151498566E-02
8.08112477201778E-02
7.98430133219643E-02
7.75250300375938E-02
8.05523441459171E-02
7.55114408100105E-02
7.71937797093669E-02
6.39253420745943E-02
6.55645871087758E-02
9.05336776458919E-02
9.22920962812579E-02
9.68270448728033E-02
0.108339722699797
0.105995355942396
0.116229725673784
0.119511518462275
0.121402308898393
0.12046783613742
0.122365911094973
0.121416288024934
0.123321503577474
0.125235755762652
0.124268984562192
0.124739651794931
0.122296433728299
0.122752108313554
0.123205741427027
0.125129432124668
0.127061760335101
0.129002640127232
0.105654442517285
0.106029093174877
0.127382626840717
0.127826866891148
0.128268946957083
0.124166190121666
0.12458846687271
0.125008627033458
0.139193000516078
0.139654542150391
0.141653410161647
0.142115190200301
0.142574535780311
0.122820471529936
0.123210698588561
0.123598805253021
0.125554209301497
0.125942904422249
0.126329422632667
0.126713754181947
0.127095889389589
0.127475818645257
0.12785353240864
0.13303760950466
0.133424860983352
0.130585452469349
0.130958819728613
0.129708539815239
0.131698673735383
0.133695575931907
0.134064222034028
0.140988098428836
0.15123278424111
0.14669369652206
0.130557287624446
0.102732440191892
0.101339087565247
0.106597684137794
0.106870504187248
0.10714143057182
0.107410456651822
0.107677575841993
9.61365398726832E-02
9.63710288525401E-02
9.49089986565099E-02
0.127414281914836
0.141339068224531
0.151911714194521
0.148842693255233
0.14404045557841
0.140930810348678
0.141248176018718
6.90551269546313E-02
0.159177171976764
0.173396407418701
0.173771034958718
0.174142538788535
0.174510909968356
0.174876139642181
0.175238219037762
0.175597139466547
0.175952892323633
0.176305469087724
0.17665486132108
0.177001060669483
0.17734405886219
0.156361785986468
0.15843817301208
0.160518388545049
0.159028651046879
0.155739351502034
0.1560209028534
5.74895157191072E-02
5.57912697266059E-02
6.85085535327717E-02
7.04325247374787E-02
6.87433226756081E-02
7.06709056049049E-02
7.62334098616306E-02
7.45402463766215E-02
7.10188143577301E-02
8.93712209610152E-02
8.40317147248068E-02
7.86735304674287E-02
7.51293898773071E-02
7.52431101357758E-02
0.156224722935808
0.156454774428407
0.156681962769087
0.160598195155813
0.160824851756637
0.175857624816473
0.177952352733228
0.142925382561584
0.144974170363002
0.145164124094337
8.75835437985905E-02
8.20972494070353E-02
8.21998859071175E-02
4.11505059681411E-02
0.037454829606496
4.12493615886769E-02
3.75433198991479E-02
3.75865294025939E-02
4.89177612687888E-02
4.89721337181357E-02
5.65680049683931E-02
5.66286597556919E-02
5.66882710877413E-02
6.24215213368161E-02
6.43782722509308E-02
6.44422747031796E-02
6.26078799761815E-02
6.45667120645932E-02
6.27263457309883E-02
9.13219526464207E-02
8.94996502018346E-02
8.95782355550499E-02
9.72853931166081E-02
9.92762319005966E-02
9.55362301181531E-02
9.94372902263724E-02
0.101428813976399
9.95909951529573E-02
0.111164903193479
0.115081537457445
0.101727113507803
0.111400475778501
0.113396859420959
0.113470446113814
0.113541932016718
0.173305396494869
0.171481270277056
0.171579583343322
0.171674717909828
0.17948652220034
0.164131602715724
0.16421334234648
0.193284751029048
0.193373751749821
0.193459167578724
0.193540996548628
0.19361923677532
0.185946130999205
0.193764943876812
0.193832407397792
0.193896275467925
0.193956546617622
0.194013219460225
0.194066292692014
0.194115765092204
0.194161635522951
0.194203902929353
0.194242566339452
0.194277624864236
0.194309077697639
0.194336924116545
0.194361163480788
0.194381795233154
0.194398818899379
0.194412234088157
0.194422040491131
0.194428237882903
0.194430826121027
0.194429805146015
0.108878097989546
0.124426838869378
0.16135622270103
0.151623912046045
0.151609041322965
0.124382651482286
0.114649751538225
0.11074628376845
0.135980763118825
0.134012583080099
0.194180432377959
0.194136126400627
0.194088217985583
0.194036708234654
0.1338473028495
7.36906980279183E-02
6.20353866332584E-02
6.20142978596873E-02
6.00548069815442E-02
5.80956281484301E-02
5.80726237631667E-02
0.168340773299954
0.170201929230868
0.166258501499962
0.115939686568662
0.146785032985585
0.146710409257147
0.185220716026977
0.127269717092375
0.131052313935056
0.123271364838098
0.123197092297889
0.130815572033657
0.130731811418806
0.117196815734802
0.119037293638361
0.101686748307468
8.43587331849166E-02
0.088128387507467
8.42331446088134E-02
8.79938317986901E-02
8.21899314841631E-02
0.139418523729289
0.131669700495148
0.146810895498243
0.146683326098781
0.152262906475629
0.157829418201407
0.157683157186201
0.155635985984972
0.15548573998415
0.155332625595396
0.15706904449932
0.119099046025888
0.109532369060616
0.128280802753905
0.177137445521287
0.188236471830226
0.188025386725613
0.187810840580314
0.187592838391214
0.187371385238026
0.187146486283291
0.186918146772383
0.186686372033509
0.186451167477713
0.186212538598881
0.18597049097374
0.18572503026187
0.185476162205706
0.174110459072708
0.116529983290057
9.97429532249118E-02
9.77567691721254E-02
0.110508551127752
8.64385138783699E-02
8.26376309726422E-02
8.98480022025327E-02
0.106188724483529
0.102368784166895
0.118635045203266
0.116624752672064
0.120076158042749
0.116248096824346
0.121496740411377
0.141207987625104
0.140969437111699
0.153357785217537
0.154893325056869
0.156419767449455
0.152552804113772
0.154070443258603
0.152002284318319
0.151722884213467
0.160349011207472
0.16004735662761
0.157967883166187
0.155892350231062
0.155588917176855
0.155282671214357
0.156734683523188
0.156419290029902
0.156101074095408
0.161031056042801
0.162443001233389
0.162101683705539
0.160018121816141
0.156203522011444
0.159328431836749
0.160707327280596
0.160351508581735
0.158272462262644
0.151048929978887
0.150704105368531
0.150356585381322
0.148301760507014
0.147952885181376
0.145904802845968
0.143862230810678
0.143513664175531
0.156636665748826
0.156249714393181
0.157535901806523
0.157139189481857
0.116721046930468
0.123074137523524
0.132708407138794
0.13070683031655
0.127061502107464
0.126722966568872
0.126382198376146
0.12603920594958
0.142017893590594
0.141625359342719
0.133113654725853
0.140832848344618
0.145275404789126
0.151297300022407
0.146045192835028
0.144018965942597
0.143595123594025
0.159076426867208
0.158599953778528
0.158120730035545
0.157638767700777
0.157154078924545
0.156666675945155
0.140558913980176
0.135444885790924
0.135013825780508
0.134580447771441
9.09717356894568E-02
6.76218207640723E-02
7.50581529523601E-02
0.123663703250735
0.121727978489168
0.12131689656374
0.122415052610204
0.118982459358897
0.121572231354765
0.121147737043616
0.12072120158923
0.120292636068666
0.119862051633481
0.137122712770699
0.135154668295597
0.134658807012328
0.132702435632927
0.129301882402881
0.140394664565352
0.136978721348921
0.1307097690789
0.133067864835063
0.133976313132261
0.130612330882791
0.128682678726034
0.126762159828289
0.126253675384685
0.124345997651876
0.119664775019916
0.12194452715203
6.34796949347842E-02
6.18404104484743E-02
6.15801305406984E-02
6.26815104765104E-02
4.47748640577103E-02
4.72837783578214E-02
4.70783177788398E-02
5.08897260627464E-02
5.19983423738576E-02
5.04395848316875E-02
5.02133321947536E-02
5.13017288866678E-02
6.41622691176913E-02
6.77777880185333E-02
6.61665801836195E-02
9.16843595893242E-02
9.12530638954466E-02
9.72161855246734E-02
9.29324256089742E-02
9.12178343910787E-02
7.18634814647378E-02
7.02571800820137E-02
6.86621952890658E-02
6.58363964533693E-02
6.79783779404105E-02
4.18107104372152E-02
0.041597815122034
4.13843175704189E-02
4.23811130089699E-02
0.030114368332294
2.99560842151364E-02
2.97973759357039E-02
9.01002746299265E-02
8.72569694006032E-02
0.098511012336353
9.33068686208299E-02
0.092792444988358
0.080742161949244
8.48778325376773E-02
0.114052060241622
0.113402825230217
0.112752088758277
0.112099871050619
0.11144619246522
0.110791073494503
0.110134534766669
0.109476597047044
0.108817281239473
7.13833615359053E-02
6.66466517997416E-02
7.37135807403743E-02
7.75016618986635E-02
8.01805870201314E-02
7.65285535358106E-02
0.076040646959317
5.79575914070215E-02
7.50622095584816E-02
7.45717112859873E-02
9.43763768847337E-02
0.09374939887848
7.40966013080673E-02
7.35961149124307E-02
7.30948538424918E-02
9.80984261736785E-02
0.097419022817558
9.67386431245179E-02
9.60573109426796E-02
9.53750502945091E-02
9.46918853790868E-02
9.40078405744364E-02
9.33229404399074E-02
9.26372097186142E-02
9.19506733399354E-02
9.12633564220711E-02
9.05752842746638E-02
8.98864824014806E-02
0.08919697650316
8.85067924800266E-02
8.78159564349718E-02
8.71244946764051E-02
8.64324337212762E-02
8.57398002981698E-02
8.50466213504778E-02
8.43529240396444E-02
8.36587357484928E-02
8.29640840846332E-02
8.22689968839512E-02
8.15735022141818E-02
8.08776283785728E-02
8.01814039196353E-02
7.94848576229862E-02
0.078788018521285
7.80909158982672E-02
7.73935792928764E-02
4.75515438721679E-02
0.047878943863144
5.12043161249607E-02
0.049983670309148
5.24721515480982E-02
5.05123700851273E-02
6.67075517449135E-02
0.066783388747358
6.54230644009183E-02
6.68933323444013E-02
6.55331816102271E-02
6.48773047358554E-02
0.064221592666449
6.35660769931309E-02
6.22415258987805E-02
6.02688767149382E-02
6.16010289620109E-02
0.061594989402755
6.15753930482182E-02
6.28111990905348E-02
6.21232233669289E-02
6.08151700215425E-02
5.52261494398784E-02
5.39954499285028E-02
5.09798578406156E-02
5.21700975133783E-02
5.15616450185353E-02
5.03748029270473E-02
4.97745467557198E-02
0.050305442670544
0.034617484403487
1.98529964127962E-02
1.96058485368166E-02
1.82835435924163E-02
1.80507930609254E-02
1.72943270896163E-02
1.70691256457008E-02
1.37816979025364E-02
1.41016968670354E-02
1.49052901274827E-02
4.16556633483668E-02
4.10807855028818E-02
4.05070612227503E-02
3.99345304050717E-02
3.89001365925089E-02
0.015973675243318
1.52898021639994E-02
0.037657157773909
3.66548437671725E-02
0.036526708078033
3.63867951168443E-02
3.58187061448423E-02
3.03332991878599E-02
3.02506050412488E-02
3.05530596329108E-02
2.77087968339798E-02
2.37929491634014E-02
0.030936226084554
0.030776958942884
0.030242285087664
3.32889854345254E-02
1.40620372872087E-02
1.38072018391394E-02
1.38921956022288E-02
1.42980821546784E-02
1.63109590323763E-02
9.5985483514236E-03
9.09763314340407E-03
9.53248371710715E-03
9.94343622687148E-03
9.74036244662873E-03
9.53828435355767E-03
9.33722533926784E-03
9.13720916725944E-03
8.93825998103711E-03
8.47554163623174E-03
8.80255991055402E-03
7.58914695136893E-03
7.65947035274975E-03
7.7191675260373E-03
8.0037788510323E-03
9.18497334651917E-03
9.40304560803134E-03
9.38170651078476E-03
1.10508706629202E-02
0.010551669527696
1.02671325150548E-02
1.09636899464067E-02
1.10367018572674E-02
0.01072075575761
1.41756881281369E-02
1.34044951533382E-02
1.28270815354979E-02
1.24274591841869E-02
1.25065535752421E-02
1.19459526707751E-02
1.15477094488004E-02
1.12965914831062E-02
1.09016953844305E-02
1.06442088013859E-02
8.20258255449211E-03
7.40013094110008E-03
7.11385577940423E-03
6.14804992561592E-03
5.5693151075736E-03
5.02146840116845E-03
4.70418393025865E-03
4.59018239169965E-03
4.32935184814502E-03
4.09257089239796E-03
4.30873759559454E-03
4.16287409378095E-03
7.16394411565734E-03
6.80548697420542E-03
6.70807819259553E-03
6.60961448486849E-03
6.18046391427535E-03
7.13968969259878E-03
7.02643814184076E-03
6.59780297221681E-03
6.48739908046166E-03
6.37583955082277E-03
6.33768315403433E-03
4.75834513796759E-03
5.10034549683601E-03
2.18403150419413E-03
2.20978193676873E-03
2.23228789831456E-03
1.98662781634269E-03
1.94349964790844E-03
2.91329123900128E-03
3.34089341009366E-03
3.20074794982346E-03
3.71081930793907E-03
3.44399760615361E-03
2.17955438473975E-03
1.95697558376154E-03
1.53188651890928E-03
1.48701076223345E-03
1.44184171910836E-03
1.25194289135172E-03
1.11782049416634E-03
9.89825895267299E-04
9.98228251034387E-04
9.6149793767849E-04
9.24651910719373E-04
8.49121190665753E-04
8.87713290391845E-04
6.01436331235873E-04
6.4162356316623E-04
6.43258892111444E-04
4.88965553299138E-04
4.34458905073383E-04
3.28511066536463E-04
2.83786361779637E-04
2.42350676700483E-04
2.26876798759995E-04
2.53915776544462E-04
2.35850947989443E-04
2.18099666088272E-04
2.00706641872294E-04
1.99029198388601E-04
1.67187469534211E-04
1.38566624776495E-04
1.3570201779713E-04
1.10787226088788E-04
8.89091796602003E-05
8.54847343072372E-05
8.0610631233841E-05
7.45434765870428E-05
6.75539511149732E-05
5.59280932448324E-05
4.2198291247156E-05
3.09727973101325E-05
2.00121083578E-05
1.50632548049062E-05
9.85218717420626E-06
6.10211754646796E-06
4.0405700885554E-06
2.5131854315581E-06
1.44586491555669E-06
8.47633571014717E-07
3.88586340068157E-07
1.33587687480783E-07
4.09490310120899E-08
7.89865532826248E-09
1.06684097199297E-09
5.69594615619404E-11
9.3801516837431E-13
1.35458053498725E-15
3.5388507845857E-21
2.81053834108959E-36
9.06352495891421E-226
0
0
0
0
0
0
0
0
0
0
0
0
0
0
0
0
0
0
0
0
0
0
0
0
0
0
0
0
0
0
0
0
0
0
0
0
0
0
0
0
0
0
0
0
0
0
0
0
0
0
0
0
0
0
0
0
0
0
0
0
0
0
0
0
0
0
0
0
0
0
0
0
0
0
0
0
0
0
0
0
0
0
0
0
0
0
0
0
0
0
0
0
0
0
0
0
0
0
0
0
0
0
0
0
0
0
0
0
0
0
0
0
0
0
0
0
0
0
0
0
0
0
0
0
0
0
0
0
0
0
0
0
0
0
0
0
0
0
0
0
0
0
0
0
0
0
0
0
0
0
0
0
0
0
0
0
0
0
0
0
0
0
0
0
0
0
0
0
0
0
0
0
0
0
0
0
0
0
0
0
0
0
0
0
0
""
