0
0
0
0
0
0
0
0
0
0
0
0
0
0
0
0
0
0
0
0
0
0
0
0
0
0
0
0
0
0
0
0
0
0
0
0
0
0
0
0
0
0
0
0
0
0
0
0
0
0
0
0
0
0
0
0
0
0
0
0
0
0
0
0
0
0
0
0
0
0
0
0
0
0
0
0
0
0
0
0
0
0
0
0
0
0
0
0
0
0
0
0
0
0
0
0
0
0
0
0
0
0
0
0
0
0
0
0
0
0
0
0
0
0
0
0
0
0
0
0
0
0
0
0
0
0
0
0
0
0
0
0
0
0
0
0
0
0
0
0
0
0
0
0
0
0
0
0
0
0
0
0
0
0
0
0
0
0
0
0
0
0
0
0
0
0
0
0
0
0
0
0
0
0
0
0
0
0
0
0
0
0
0
0
0
0
0
0
0
0
0
0
0
0
0
0
0
0
0
0
0
0
0
0
0
0
0
0
0
0
0
0
0
0
0
0
0
0
0
0
0
0
0
0
0
0
0
0
0
0
0
0
0
0
0
0
0
0
0
0
0
0
0
0
0
0
0
0
0
0
0
0
0
0
0
0
0
0
0
0
0
0
0
0
0
0
0
0
0
0
0
0
0
0
0
0
0
0
0
0
0
0
0
0
0
0
0
0
0
0
0
0
0
0
0
0
0
0
0
0
0
0
0
0
0
0
0
0
0
0
0
0
0
0
0
0
0
0
0
0
0
0
0
0
0
0
0
0
0
0
0
0
0
0
0
0
0
0
0
0
0
0
0
0
0
0
0
0
0
0
0
0
0
0
0
0
0
0
0
0
0
0
0
0
0
0
0
0
0
0
0
0
0
0
0
0
0
0
0
1.22567668102141E-33
2.34457194506545E-18
2.89278609633584E-13
1.00047918600006E-10
3.13385334569897E-09
3.46965885684876E-08
2.04045842072638E-07
7.52191136819541E-07
2.4126674760153E-06
5.47508956323836E-06
1.00863307417204E-05
1.78236730569278E-05
2.89728311152493E-05
4.27613274259311E-05
5.99230116356943E-05
8.55397900251999E-05
1.14270495263804E-04
1.60527536128176E-04
2.27898133419668E-04
2.80762990081473E-04
3.68553375319237E-04
5.64544510523374E-04
6.7862126665601E-04
7.93787213742271E-04
8.93490580728961E-04
5.12156744010153E-04
5.82001660580123E-04
6.39344368834747E-04
6.97814930613628E-04
7.77144819086305E-04
7.95864864627225E-04
8.55013406104155E-04
8.89873923627061E-04
9.48135055307573E-04
1.03453433435052E-03
1.95266104634573E-03
1.96627327118463E-03
1.67447513278424E-03
1.75696118384248E-03
1.89198891437425E-03
2.10127169736208E-03
2.32402962467139E-03
3.36657466944723E-03
3.52637720228958E-03
3.34998406507924E-03
3.58961524163561E-03
3.3331226018128E-03
5.36349629019738E-03
5.70456340986008E-03
6.58383415642441E-03
2.96549494612607E-03
3.13467818186537E-03
3.21807888136401E-03
3.48377101943409E-03
4.05953640861623E-03
8.31678680524291E-03
8.61050323490292E-03
9.24309250507873E-03
9.54504449819206E-03
9.84290829181458E-03
1.02662178062599E-02
1.08308696100995E-02
1.11305342961886E-02
1.15712020666301E-02
1.23215600113456E-02
3.63013982342973E-03
3.59945032315485E-03
3.2196213348545E-03
2.80571901348794E-03
2.90112996397938E-03
3.37214787031331E-03
4.83546256110114E-03
4.98874544242287E-03
4.52614515973654E-03
4.6633197974895E-03
5.01983996247035E-03
4.94091095797972E-03
5.54319536548773E-03
5.6973918205681E-03
4.38948061945002E-03
4.00594001219581E-03
4.36770223784756E-03
5.00680371422453E-03
4.86264554374053E-03
5.25949286112875E-03
5.95392244233988E-03
7.54675807287658E-03
8.01991029347401E-03
9.11521146321115E-03
6.21357709904043E-03
5.71586553839183E-03
5.19115281705049E-03
4.97062130131761E-03
5.07495326522198E-03
5.17968737582748E-03
6.34177161752267E-03
5.39030654915811E-03
5.49616465641162E-03
5.22887958079586E-03
5.32831859893916E-03
5.04034060319992E-03
5.13322619515291E-03
5.22637086075316E-03
5.31976449275268E-03
4.99698202907303E-03
5.50725929159296E-03
5.60134128882669E-03
4.81938253128907E-03
4.89933909950498E-03
4.52678057690842E-03
6.89963692044649E-03
7.00930523389368E-03
7.11916611322276E-03
6.74726271605226E-03
6.85013254689878E-03
7.44980999278387E-03
6.04827829394007E-03
6.64822820230479E-03
6.22548429052328E-03
6.31424627122375E-03
7.47028951755576E-03
7.57406395989645E-03
7.67793646125898E-03
8.33774960988371E-03
8.44922809729482E-03
7.41934986827377E-03
7.51609969706306E-03
6.44169090079043E-03
6.52364879449067E-03
6.60564509925447E-03
6.68767465019445E-03
5.53887193406563E-03
5.60602901129993E-03
5.04284533791124E-03
4.46474306893905E-03
3.87171594876371E-03
3.9165113902921E-03
3.9613064250363E-03
4.00609855975635E-03
4.05088533709347E-03
4.09566433465414E-03
4.14043316412355E-03
4.1851894704079E-03
3.52494244233682E-03
2.84977016946441E-03
2.15968009013939E-03
2.90936231920036E-03
2.2043514744194E-03
1.48444547269716E-03
1.49931391406456E-03
1.51417226801844E-03
1.52901983773987E-03
1.54385593508052E-03
1.5586798803619E-03
1.57349100218093E-03
1.5882886372214E-03
1.60307213007135E-03
1.61784083304601E-03
1.63259410601617E-03
1.64733131624179E-03
1.66205183821071E-03
1.67675505348222E-03
1.69144035053535E-03
1.70610712462177E-03
1.72075477762312E-03
1.73538271791258E-03
1.74999036022059E-03
1.76457712550458E-03
1.77914244082257E-03
2.69052860881574E-03
2.71230968934479E-03
2.73405606977826E-03
2.75576692552026E-03
1.85162762683893E-03
1.86605253720352E-03
1.8804521479631E-03
1.89482593085459E-03
1.90917336273262E-03
1.92349392547556E-03
1.93778710589429E-03
1.95205239564359E-03
2.94943393670407E-03
2.9707459401876E-03
3.9893518165807E-03
4.01764929165121E-03
4.04588604139037E-03
4.07406110378578E-03
6.15326028810871E-03
6.19533354188817E-03
5.19775834332028E-03
5.23265692134978E-03
5.26747253506526E-03
6.36264485251697E-03
6.40422037978226E-03
5.3714102318603E-03
5.40588267796979E-03
6.52831986264289E-03
6.56947291334244E-03
6.61051706438199E-03
5.54287585431102E-03
6.6922735156693E-03
5.61081938851528E-03
5.64464918118413E-03
6.81405951999172E-03
5.71201961218687E-03
5.74555819321678E-03
5.77899765996779E-03
4.64986960319074E-03
4.67646017977875E-03
5.87871132941593E-03
4.72939546640966E-03
4.75573860645474E-03
5.97749713466171E-03
6.01021500030106E-03
7.25139107981112E-03
7.2903946624876E-03
7.32926761955426E-03
6.14000735891648E-03
6.17218098670496E-03
6.20424298004855E-03
6.23619242621562E-03
5.01442273542749E-03
6.29975006007399E-03
7.59762774729346E-03
8.90798540995772E-03
6.39421997668334E-03
6.42547534906451E-03
6.45661197209728E-03
6.48762898570233E-03
3.91111532166515E-03
3.9295804654787E-03
5.26396309076059E-03
3.96629037833658E-03
3.98453414883044E-03
4.00270313573261E-03
4.02079684882182E-03
4.03881480144669E-03
4.05675651049811E-03
2.71641433092164E-03
2.72827285533032E-03
2.74007959846453E-03
2.75183424752348E-03
4.14530473797468E-03
4.16277903537066E-03
4.18017380444745E-03
4.19748858952593E-03
8.42944587650367E-03
8.4637528031496E-03
9.91421324536486E-03
1.13758370458859E-02
1.14209254340089E-02
1.14657934248843E-02
1.00716348812662E-02
1.01105056557436E-02
1.01491805751144E-02
8.73227884426884E-03
8.76509048994116E-03
8.79773173872151E-03
8.83020176271433E-03
8.86249974020591E-03
8.89462485563475E-03
1.04143390161566E-02
1.04514121467552E-02
0.010488280793216
7.51781716602416E-03
7.5438578202299E-03
7.56975045127312E-03
7.59549441477013E-03
6.09687125703144E-03
6.11722702906542E-03
6.13746234425021E-03
6.15757670283464E-03
6.17756960897006E-03
6.19744057069651E-03
6.21718909992939E-03
6.23681471244638E-03
6.25631692787479E-03
7.84461908709908E-03
6.2949492651498E-03
4.7355588340426E-03
6.33308234530642E-03
6.35196050359625E-03
7.9633905784225E-03
7.98667221122553E-03
9.61175395849894E-03
9.63930993983133E-03
9.6666739337188E-03
9.69384528201003E-03
9.72082333213795E-03
9.74760743710668E-03
9.77419695547885E-03
9.80059125136327E-03
9.82678969440301E-03
9.85279165976379E-03
9.87859652812272E-03
9.90420368565737E-03
8.27467710336269E-03
6.63654829360221E-03
6.65322189158555E-03
5.00232156151843E-03
5.01462635545309E-03
5.02683050997746E-03
5.03893373729223E-03
6.73458100308019E-03
6.75044836353581E-03
5.07463501864197E-03
5.08633171330506E-03
5.09792608236202E-03
3.40627856948421E-03
3.41387117333368E-03
3.42139502231524E-03
3.42884994074264E-03
3.4362357547157E-03
3.44355229211829E-03
3.45079938261635E-03
3.45797685765589E-03
3.46508455046119E-03
3.47212229603294E-03
3.47908993114654E-03
3.48598729435036E-03
3.49281422596418E-03
3.49957056807754E-03
3.50625616454826E-03
3.51287086100096E-03
5.27912175723849E-03
5.28883041776457E-03
5.29843204945477E-03
5.3079264313263E-03
5.31731334503668E-03
5.32659257488195E-03
5.33576390779493E-03
5.34482713334363E-03
5.35378204372962E-03
3.57508562252433E-03
1.79045536699281E-03
1.79333161513293E-03
1.7961714899229E-03
1.79897492647857E-03
3.6034837215818E-03
3.60894445945099E-03
3.61433194204452E-03
3.61964604658998E-03
3.62488665206211E-03
5.44508045877305E-03
5.45272033562501E-03
7.28033257995611E-03
7.29022344764549E-03
7.29996615930252E-03
7.30956049381501E-03
7.31900623355649E-03
7.32830316438523E-03
7.33745107564321E-03
5.50983732011642E-03
0.003677649507114
3.68199931882466E-03
3.68627421684362E-03
3.69047410454466E-03
3.69459888704094E-03
3.69864847118462E-03
3.70262276556659E-03
3.7065216805161E-03
3.71034512810046E-03
3.71409302212477E-03
3.71776527813167E-03
3.72136181340101E-03
3.72488254694967E-03
3.72832739953128E-03
3.73169629363605E-03
3.7349891534905E-03
3.73820590505731E-03
3.74134647603509E-03
3.74441079585825E-03
3.74739879569678E-03
3.75031040845615E-03
5.62971835316564E-03
5.6338563195533E-03
5.63787941901359E-03
5.64178756131527E-03
5.64558065882926E-03
5.64925862652849E-03
5.65282138198775E-03
5.65626884538354E-03
3.77306729299595E-03
3.77521172646562E-03
3.77727914931859E-03
3.77926951527623E-03
0.003781182779794
3.78301890006134E-03
3.78477783500166E-03
3.78645954527226E-03
3.78806399326429E-03
3.78959114310269E-03
5.68656144096921E-03
5.68862012023057E-03
5.69056270642723E-03
5.69238915614876E-03
5.69409942858513E-03
5.69569348552668E-03
5.6971712913641E-03
5.69853281308832E-03
5.69977802029059E-03
5.70090688516234E-03
5.70191938249522E-03
5.70281548968106E-03
7.60479358228246E-03
7.60567794157293E-03
9.50800880546145E-03
1.14104713115915E-02
1.14110991282575E-02
1.14114940025369E-02
1.14116559256149E-02
9.50965407823096E-03
9.50940075742426E-03
1.14107439774966E-02
1.14099741116255E-02
1.14089713284821E-02
9.50644637537714E-03
9.50522258760292E-03
9.50380477106806E-03
9.50219295742843E-03
7.6003097461388E-03
7.59870998970105E-03
7.59695513235488E-03
9.49380651661581E-03
9.49122534396707E-03
1.32838306372175E-02
1.32796746770415E-02
1.51717116501507E-02
1.70621354399943E-02
1.89508300862485E-02
1.89433451801086E-02
0.018935473715565
2.08199374554718E-02
2.64860005534708E-02
2.64733584847017E-02
2.83501888848731E-02
2.83354867199449E-02
2.64321927299785E-02
2.83043485562705E-02
2.82879132545608E-02
3.01556276899244E-02
0.030136866188304
3.19998331820018E-02
3.38596871851639E-02
3.57163135675817E-02
3.38126380455678E-02
3.19109635813557E-02
3.00114055670849E-02
2.99883512378484E-02
2.99646856063184E-02
0.028069133628595
2.43063620926914E-02
2.24175197105866E-02
2.79974258365437E-02
2.98372069970939E-02
3.16730030206354E-02
2.79205838469063E-02
2.60342428045595E-02
2.78665111616621E-02
0.025982715003718
2.59561571495163E-02
2.40769943021198E-02
2.40513524890284E-02
2.21771271357494E-02
2.39986006159705E-02
2.39714917468055E-02
2.39438950685874E-02
2.20761334199771E-02
2.38872407909351E-02
2.38581844727435E-02
2.19956703766053E-02
2.19679539374544E-02
2.19397908237461E-02
0.018259318061523
1.82351059470825E-02
2.00315755484317E-02
2.00041275015039E-02
1.99762730245034E-02
1.81345570459272E-02
1.62976478091057E-02
1.62738633206877E-02
1.62497484176274E-02
1.62253036493328E-02
1.62005295730756E-02
1.79726963933277E-02
1.61499957651004E-02
0.016124237187276
1.60981516092835E-02
1.42859907802369E-02
1.96105578133114E-02
1.95774808535384E-02
1.77672792742437E-02
1.77364887504694E-02
1.77053390023262E-02
1.76738307453972E-02
1.76419647040586E-02
0.017609741611485
0.021092594651587
2.28074954241698E-02
2.45153124862935E-02
2.62159405509488E-02
2.26762856552614E-02
2.43725260073315E-02
2.43239443526546E-02
2.60087908739381E-02
2.42253085341227E-02
2.24484526111326E-02
2.06783288716967E-02
2.06345921019876E-02
2.23063092122336E-02
2.22580273638131E-02
2.22092970243834E-02
2.38647438953257E-02
0.020409688092768
2.03634706084039E-02
1.86237731134375E-02
1.85806569207424E-02
2.35927582010939E-02
2.35369334414195E-02
2.51578241164705E-02
0.025097000066172
2.33666274387067E-02
2.49738421325028E-02
2.32507437467949E-02
2.48486808045788E-02
0.024785352562528
2.30734260707274E-02
2.13695806404122E-02
1.96739164693551E-02
1.79865333576193E-02
1.79382837732957E-02
1.78896758289727E-02
1.78407106864897E-02
1.94087885649222E-02
1.93545965511489E-02
0.022516688524907
2.24525658353745E-02
2.39871386979186E-02
2.39174795675189E-02
2.54371678172546E-02
2.69469676677782E-02
3.00271634104372E-02
2.67853178584589E-02
2.35620839221864E-02
2.19236237407672E-02
2.18555349493591E-02
2.33432288740659E-02
2.48206416184382E-02
2.31950143284544E-02
0.024661567074381
2.61176301368321E-02
2.29692620888736E-02
2.44193108947462E-02
2.58586946457519E-02
2.72873255065538E-02
2.71943205788797E-02
0.027100781860591
2.25055930686462E-02
0.025416995037705
2.83068189341889E-02
2.82058546293443E-02
2.95835151262108E-02
2.94760796963536E-02
2.93680697150384E-02
3.07224623089626E-02
3.06078538948683E-02
3.04926508693887E-02
3.32698900857107E-02
3.17014476291918E-02
3.15789084927482E-02
3.28855660785362E-02
3.56045476012163E-02
3.54632281535961E-02
3.81469238934628E-02
3.79928278431713E-02
3.08309648007224E-02
3.07042194638237E-02
3.47464616822975E-02
3.46011006620816E-02
3.30768760658703E-02
3.56807372939776E-02
3.00617420922412E-02
2.85709965068902E-02
0.028446152055276
2.29263370024108E-02
2.14817915455106E-02
2.00488585164626E-02
1.99581601384498E-02
2.38405042608038E-02
2.37307694582199E-02
2.09960806529383E-02
0.026122190097612
3.11985513842661E-02
3.36373860736879E-02
3.47632453827525E-02
3.58760017891211E-02
0.035700568547069
3.67932094994004E-02
3.78725737180018E-02
3.89385967948264E-02
3.87414895996768E-02
4.10303656420015E-02
4.20559863684201E-02
4.06069864006599E-02
4.28423270938005E-02
4.62686558755596E-02
5.20774755326265E-02
5.30019732301441E-02
5.63085874373319E-02
4.28939469407951E-02
4.14722320401606E-02
4.12412844606221E-02
4.10096124975374E-02
4.31073500554459E-02
4.17025264859556E-02
4.14620427303258E-02
4.12208425121278E-02
4.09789331272374E-02
4.07363219295598E-02
4.27426283502191E-02
4.24850806842949E-02
4.22268158789748E-02
4.30722588433664E-02
3.18299169045521E-02
3.27219466672385E-02
9.42959723993288E-02
8.50809576873479E-02
8.45354481601103E-02
8.39885673145714E-02
8.34403328098333E-02
0.083940012613337
8.02553204372563E-02
0.079717111871191
9.66584350650738E-02
9.70196328332363E-02
8.82372800044918E-02
8.56093148860273E-02
8.40083946385951E-02
8.14273471227108E-02
8.08452867348509E-02
8.12408390874208E-02
8.06492868461425E-02
8.19856429156727E-02
8.13774704731422E-02
8.26685745592318E-02
8.20437595456091E-02
4.39843352802397E-02
4.64314684815827E-02
4.51490572169019E-02
4.02237912201764E-02
0.038998113296429
3.86861104520826E-02
3.39115689594179E-02
0.036290383848829
0.037747209499036
0.037433318844811
3.62557546571064E-02
7.36084524557509E-02
6.87351861962476E-02
6.72994779880523E-02
6.75455214532931E-02
6.69496108262982E-02
6.63530145187023E-02
6.57557577512639E-02
8.04418099197214E-02
0.07970291997224
7.89633102344575E-02
7.82230133251895E-02
7.74820622549759E-02
7.67404904351041E-02
7.59983316869183E-02
6.77300582262833E-02
6.78062756272805E-02
6.71294973809994E-02
7.22942735491677E-02
0.068665950323418
7.15350018521983E-02
7.07897181452481E-02
7.00441340628639E-02
6.92982875884417E-02
6.85522172267239E-02
6.78059620170215E-02
0.067059561546877
6.63130559661779E-02
0.065566486001743
6.35234951129467E-02
6.27918524284468E-02
4.68618364757132E-02
2.94127870101728E-02
2.96803863310416E-02
2.93222743001346E-02
2.89642766005685E-02
2.74144813087054E-02
0.027071683035083
2.32426597671984E-02
2.23712737417652E-02
1.92502242712071E-02
1.89974653779421E-02
1.87449022629004E-02
1.84925524395327E-02
1.82404337241348E-02
1.85176396636078E-02
1.82586378159343E-02
2.05713495510178E-02
1.92622417656628E-02
1.84825367306311E-02
0.017225777938074
1.98773283191189E-02
2.00538252937216E-02
1.92758685697336E-02
1.71245927064836E-02
1.59433313981729E-02
1.56882096975692E-02
1.54335972914969E-02
1.51795179990968E-02
1.49259961268252E-02
1.46730564837975E-02
1.44207243976866E-02
1.41690257311942E-02
1.31226733620271E-02
0.012886627178268
1.30346259142221E-02
1.31691022146761E-02
1.25518077271485E-02
1.26736557021843E-02
1.24271638150888E-02
1.28776213328477E-02
1.22778482000499E-02
1.16929855794912E-02
1.07958395623724E-02
0.010567799820222
1.06540837937664E-02
1.01146586957806E-02
8.09151135520855E-03
8.49406692213218E-03
8.29822412854748E-03
8.10338657944637E-03
7.09135429746911E-03
6.65246629502069E-03
6.48727737620506E-03
7.08184291483773E-03
6.65267898356784E-03
6.71748183921481E-03
6.3036343639521E-03
6.35797425739567E-03
6.18013708449256E-03
5.78921581903697E-03
5.82849818305426E-03
3.0293467567827E-03
2.74126114957648E-03
2.65588410998487E-03
2.57128228711836E-03
2.66515650954851E-03
9.10274942926312E-03
8.95770763235986E-03
8.48420788052285E-03
7.40830243135169E-03
7.73063889590662E-03
7.72528751654267E-03
8.11402923941175E-03
8.84824434237431E-03
8.99394772365516E-03
7.88866280714671E-03
7.78082948805166E-03
7.43571785529037E-03
9.63814340820808E-03
9.28580124487526E-03
8.83570152123672E-03
8.4852317340771E-03
7.96091464614131E-03
7.53671232698511E-03
6.57977189396228E-03
6.20494305435621E-03
3.77818890339023E-03
3.74082454666873E-03
3.80583716180428E-03
4.57137111694285E-03
4.20636950490413E-03
2.88167127984905E-03
2.75881299707333E-03
2.25375687852845E-03
2.11058094054157E-03
1.89773312270488E-03
1.53937005511601E-03
1.49667016726645E-03
1.35989776291783E-03
1.37253409019945E-03
1.56426128631069E-03
1.4702635300722E-03
1.47160444869652E-03
5.75431012496797E-04
5.34100840978358E-04
4.93241478149134E-04
5.05236977653076E-04
4.61121063639658E-04
4.03550511851578E-04
3.50006065938837E-04
3.23652301254365E-04
2.85786638849492E-04
2.49569060254798E-04
2.22889719652431E-04
1.69835203304719E-04
1.31025820427915E-04
1.11871644616244E-04
8.96270124423719E-05
6.70963901957904E-05
4.64391038925096E-05
3.21896933210118E-05
2.33467474638608E-05
1.52329743088494E-05
9.64098371973909E-06
4.83871210867933E-06
2.45330141854729E-06
2.0431334581393E-06
7.1043079782815E-07
3.24004332866783E-07
4.15482690515516E-08
2.09247028570048E-09
1.81199037378346E-11
2.97249991666771E-15
1.82015004213297E-24
2.24574794365676E-80
0
0
0
0
0
0
0
0
0
0
0
0
0
0
0
0
0
0
0
0
0
0
0
0
0
0
0
0
0
0
0
0
0
0
0
0
0
0
0
0
0
0
0
0
0
0
0
0
0
0
0
0
0
0
0
0
0
0
0
0
0
0
0
0
0
0
0
0
0
0
0
0
0
0
0
0
0
0
0
0
0
0
0
0
0
0
0
0
0
0
0
0
0
0
0
0
0
0
0
0
0
0
0
0
0
0
0
0
0
0
0
0
0
0
0
0
0
0
0
0
0
0
0
0
0
0
0
0
0
0
0
0
0
0
0
0
0
0
0
0
0
0
0
0
0
0
0
0
0
0
0
0
0
0
0
0
0
0
0
0
0
0
0
0
0
0
0
0
0
0
0
0
0
0
0
0
0
0
0
0
0
0
0
0
0
0
0
0
0
0
0
0
0
0
0
0
0
0
0
0
0
0
0
0
0
0
0
0
0
0
0
0
0
0
0
0
0
0
0
0
0
0
0
0
0
0
0
0
0
0
0
0
0
0
0
0
0
0
0
""
