0
0
0
0
0
0
0
0
0
0
0
0
0
0
0
0
0
0
0
0
0
0
0
0
0
0
0
0
0
0
0
0
0
0
0
0
0
0
0
0
0
0
0
0
0
0
0
0
0
0
0
0
0
0
0
0
0
0
0
0
0
0
0
0
0
0
0
0
0
0
0
0
0
0
0
0
0
0
0
0
0
0
0
0
0
0
0
0
0
0
0
0
0
0
0
0
0
0
0
0
0
0
0
0
0
0
0
0
0
0
0
0
0
0
0
0
0
0
0
0
0
0
0
0
0
0
0
0
0
0
0
0
0
0
0
0
0
0
0
0
0
0
0
0
0
0
0
0
0
0
0
0
0
0
0
0
0
0
0
0
0
0
0
0
0
0
0
0
0
0
0
0
0
0
0
0
0
0
0
0
0
0
0
0
0
0
0
0
0
0
0
0
0
0
0
0
0
0
0
0
0
0
0
0
0
0
0
0
0
0
0
0
0
0
0
0
0
0
0
0
0
0
0
0
0
0
0
0
0
0
0
0
0
0
0
0
0
0
0
0
0
0
0
0
0
0
0
0
0
0
0
0
0
0
0
0
0
0
0
0
0
0
0
0
0
0
0
0
0
0
0
0
0
0
0
0
0
0
0
0
0
0
0
0
0
0
0
0
0
0
0
0
0
0
0
0
0
0
0
0
0
0
0
0
0
0
0
0
0
0
0
0
0
0
0
0
0
0
0
0
0
0
0
0
0
0
0
0
0
0
0
0
0
0
0
0
0
0
0
0
0
0
0
0
0
0
0
0
0
0
0
0
0
0
0
0
0
0
0
0
0
0
0
0
0
0
0
0
0
0
0
0
0
0
0
0
0
0
0
0
0
0
0
0
0
0
0
0
0
0
0
0
0
0
0
0
0
0
0
0
0
0
0
0
0
0
0
0
0
0
0
0
0
0
0
0
0
0
0
0
0
0
0
0
0
0
0
0
0
0
0
0
0
0
0
0
0
0
0
0
0
0
0
0
0
0
0
0
0
0
0
0
0
0
0
0
0
0
0
5.49971865779305E-34
4.49833441584014E-18
6.82267940903271E-13
2.45934206879087E-10
8.67397230544475E-09
8.6356014022785E-08
4.69865065553399E-07
1.67470990043008E-06
4.5042219314996E-06
9.94940824331616E-06
1.7582533921747E-05
3.02383775999292E-05
5.1878939740728E-05
7.10843943713887E-05
9.18406195081843E-05
1.24110066097183E-04
1.76732236814397E-04
2.05448326271225E-04
2.54279778156842E-04
2.80249336357554E-04
4.67299145329522E-04
5.8725274954933E-04
7.70298939435647E-04
8.29349517310238E-04
9.39033304590903E-04
7.90194735288345E-04
8.79449415495915E-04
9.71731970298702E-04
1.06675197088891E-03
1.0672167829514E-03
1.15860286291267E-03
1.25179652454088E-03
1.22417805002917E-03
1.57397903739156E-03
1.68030439257153E-03
1.78781666989014E-03
1.58029732768459E-03
1.67148228554463E-03
1.76329053514474E-03
1.85561989453923E-03
1.94837685486576E-03
2.24562349837532E-03
2.34832280161814E-03
2.22839449377762E-03
2.55428525643951E-03
2.65741134965034E-03
2.76055258210442E-03
2.86365458085779E-03
3.50606193997547E-03
4.18574602895745E-03
4.61418379263416E-03
4.7632628284611E-03
4.91198336771879E-03
5.37656916954776E-03
4.88266218493332E-03
5.02084126163554E-03
5.15853722380419E-03
5.64876947387848E-03
6.88099912446414E-03
6.68214325835715E-03
7.60527336943597E-03
7.78514053695868E-03
8.36239103258984E-03
8.14237665974525E-03
8.31970588680153E-03
8.92096033425936E-03
8.67170191933233E-03
8.84633995829272E-03
7.66704647725105E-03
8.27355174327606E-03
8.89643852404235E-03
8.10522324877474E-03
8.24965942775205E-03
8.39327426406397E-03
8.5360628864573E-03
8.16754924530626E-03
8.30037194721661E-03
7.37835589416354E-03
7.49319476819749E-03
8.15072175029347E-03
8.27227612283004E-03
8.39308486208333E-03
7.9456039042904E-03
8.05696452933056E-03
8.16762735316018E-03
8.2775921851914E-03
8.38685901750252E-03
9.70906057887298E-03
8.60329945618726E-03
8.71047380262364E-03
8.18716934280574E-03
7.64805729201696E-03
7.7381316662372E-03
7.82761092386295E-03
7.25678785562603E-03
7.33772164952289E-03
8.09248603743128E-03
8.86122587166556E-03
7.57726698011646E-03
6.9600299853632E-03
7.73425928787176E-03
7.81194683359929E-03
7.88909657683875E-03
8.68986489171844E-03
7.31071502670171E-03
7.37938971955115E-03
8.19233695137096E-03
9.01834067958216E-03
7.58250516774638E-03
7.64924373641694E-03
7.71550048560617E-03
8.55940391718091E-03
9.41588641138081E-03
1.02848050559017E-02
1.11660172661667E-02
1.20593807787985E-02
1.05338623363327E-02
1.06156426402924E-02
9.87397411200225E-03
9.94832427313093E-03
1.00221061492827E-02
1.00953206437683E-02
9.3206379216532E-03
1.10933885943651E-02
1.03115685970191E-02
1.03825222315348E-02
9.58183666358805E-03
9.64584579309818E-03
9.70934014162207E-03
9.77232039905797E-03
9.83478723770034E-03
9.89674131228667E-03
9.05289387279265E-03
9.10828518266216E-03
1.00795332374681E-02
1.01394424551863E-02
9.27167447511181E-03
1.02577321915415E-02
0.010316113797122
0.011317077008911
1.13796579025388E-02
1.14416855359819E-02
1.15031604230898E-02
9.63673588405452E-03
8.7183404473066E-03
8.76320512040029E-03
1.07649136846081E-02
1.18022604847604E-02
1.18604287610192E-02
1.19180474321061E-02
1.19751168851604E-02
1.20316374928265E-02
0.011080308812431
0.01214303359194
1.11814172790525E-02
1.12312185630128E-02
0.012306019916952
1.33891923802156E-02
1.34462710153857E-02
1.45414314470364E-02
1.46016262302803E-02
1.36139567479068E-02
1.26172333702595E-02
0.012667192041977
1.05971712773901E-02
1.06378950371727E-02
9.61034832665362E-03
9.64618266571616E-03
0.007530140084471
7.55737616054136E-03
7.58429483609247E-03
7.61089619619301E-03
7.63718032103137E-03
7.66314728606668E-03
8.78719675677422E-03
8.81614858949489E-03
8.84473818184309E-03
8.87296560011137E-03
1.00134347692621E-02
7.81229238722408E-03
7.83604097987977E-03
8.98225470115472E-03
7.88258807742525E-03
7.90538665758693E-03
7.92786863673659E-03
1.02214723429504E-02
9.11072332296394E-03
1.02772481782782E-02
1.03045256898628E-02
0.010331396296789
1.03578600195206E-02
8.07637979199756E-03
6.93971125260839E-03
5.79711668975983E-03
6.97309758152328E-03
6.98938391826415E-03
5.83783253377661E-03
5.85095245781912E-03
7.03661564441298E-03
8.22711997780898E-03
8.24453861532306E-03
8.26164082598502E-03
8.27842660340796E-03
8.29489593994107E-03
7.12375613721567E-03
5.94777518136068E-03
7.15063303752228E-03
8.35760868445863E-03
8.37249566317343E-03
8.38706613300665E-03
8.40132007964751E-03
7.21307784696304E-03
7.22475286531506E-03
7.23615653809951E-03
7.24728885111946E-03
7.25814978983114E-03
7.26873933939524E-03
6.06588123727233E-03
6.0742535087863E-03
6.08239958451081E-03
6.0903194514981E-03
6.09801309674986E-03
4.8843844058023E-03
6.1127216700135E-03
7.34368388650914E-03
7.35183024075544E-03
7.35970505146769E-03
7.36730830353386E-03
7.37463998205194E-03
6.15141672696947E-03
4.92565904005666E-03
4.93000362075997E-03
6.16770889315597E-03
4.93814951243301E-03
3.70646310437049E-03
3.70917823974612E-03
3.71175753438768E-03
3.71420098246349E-03
3.71650857838522E-03
3.71868031681835E-03
3.72071619269197E-03
3.72261620120805E-03
3.72438033785008E-03
3.72600859839114E-03
3.72750097890135E-03
3.72885747575474E-03
4.97343744751414E-03
4.97488374072555E-03
4.97614884373568E-03
4.97723275340715E-03
6.22266933380267E-03
7.46828547358034E-03
8.7139452708622E-03
7.46963461714967E-03
8.71488506503613E-03
8.71487930516424E-03
9.9594930747506E-03
9.95876168180018E-03
0.011202376371784
9.95621169018346E-03
9.95439309790437E-03
8.70818559951623E-03
8.70596015020954E-03
8.70341761826439E-03
8.70055800995844E-03
8.69738133231815E-03
8.69388759310675E-03
8.6900768008108E-03
9.92679881671487E-03
1.11619338357067E-02
1.11558114010449E-02
0.011149281379243
8.66626738875569E-03
7.42333242398446E-03
8.65452462570585E-03
0.008648177795555
9.87601602098797E-03
1.11015428256213E-02
1.10921601626729E-02
1.10823700548522E-02
1.23024139142113E-02
1.22906306529104E-02
1.47340736945738E-02
1.47188474596336E-02
1.47030781084922E-02
1.22389713928231E-02
1.22249251490887E-02
1.22104263849256E-02
1.34150226388423E-02
1.33980785388589E-02
1.33806367520973E-02
0.013362697307151
1.21311456659087E-02
0.012113932324025
1.08866399784059E-02
1.20781486469817E-02
1.32655361978327E-02
1.32446113920412E-02
1.32231891203081E-02
1.44013848086183E-02
1.55750072391107E-02
0.015547926441087
1.67141238296257E-02
1.66836938868975E-02
1.42736836971619E-02
0.014246515828068
1.54037059121344E-02
1.53730986521525E-02
1.53419037167878E-02
1.64878227447947E-02
1.76281740854557E-02
1.87628221387539E-02
1.87215353449722E-02
0.017512054982287
1.86367920480958E-02
1.85933355429789E-02
2.08678002660096E-02
2.42868317786933E-02
2.53806114406224E-02
2.53168807742773E-02
0.026399980795126
2.74761116777009E-02
2.85451377365437E-02
2.61907398137208E-02
2.72545178190301E-02
2.71784827070762E-02
2.59721387788907E-02
2.58971913659711E-02
2.91891866566701E-02
2.79827992446999E-02
2.78979417489944E-02
2.66994748713964E-02
2.99428194290557E-02
2.98475074912439E-02
2.75471974148689E-02
2.85549490827756E-02
2.84596353333349E-02
2.83631438157594E-02
2.82654742661775E-02
3.57499488969837E-02
3.77819614439454E-02
3.76457234028758E-02
4.28661690192566E-02
4.27068393525188E-02
0.051054833175107
4.66210066209489E-02
4.64397512149437E-02
2.20769643746632E-02
2.19885475819149E-02
2.18991759478795E-02
2.70014321737787E-02
2.58542458332516E-02
2.67742153821454E-02
2.66588307394537E-02
2.65422611313651E-02
2.64245059239582E-02
2.63055644558712E-02
2.61854360376409E-02
2.50616537990743E-02
2.49438610080751E-02
0.022838930780582
2.27284567393729E-02
2.36002740112329E-02
2.44612473623184E-02
2.43377292137855E-02
2.51815859505518E-02
0.025050738989215
2.49186964914036E-02
2.38321705912357E-02
2.37029045014464E-02
2.35724857467148E-02
1.96903671044279E-02
2.05112034831176E-02
2.22473301469538E-02
2.11961204717141E-02
2.19869394802061E-02
2.18550745647658E-02
2.17220949018904E-02
1.97889992441414E-02
2.05589199469055E-02
2.04282684919088E-02
2.11790018863997E-02
1.92870589880776E-02
2.00298670872641E-02
1.98949127929574E-02
0.018899797387679
1.96217644155668E-02
2.11777904213419E-02
2.27085093897651E-02
2.00388714985187E-02
2.07200692592837E-02
1.97425248430499E-02
1.79599243245026E-02
1.70114212055935E-02
1.76820063603267E-02
1.83388147499318E-02
1.81907971504564E-02
1.88261000397104E-02
1.86693484882653E-02
1.85114446659474E-02
0.018352386496361
1.81921718835708E-02
1.72795154353748E-02
1.48902207214355E-02
1.40161164920871E-02
1.46164221499114E-02
0.014478064886463
1.43387332640609E-02
1.49083467876921E-02
0.014759996867598
1.94808244576268E-02
1.85916978233224E-02
1.90783577740821E-02
1.34821841536184E-02
1.33359836595482E-02
1.25293556276075E-02
1.30406179050804E-02
1.22468773090123E-02
1.27412897866331E-02
1.13311230116023E-02
1.05722909962873E-02
1.16706046818999E-02
1.21307087722934E-02
1.13767953066815E-02
1.30013865419098E-02
1.39947761619765E-02
1.38050249997812E-02
1.41813308595119E-02
1.11849456045446E-02
1.04726395880304E-02
1.08617225604095E-02
1.12335525681291E-02
1.10612565226085E-02
1.29618133743011E-02
1.07135559382781E-02
0.010538158476324
9.37490341938589E-03
9.6993255496432E-03
9.52936564847284E-03
9.35844628649412E-03
9.64590373677698E-03
9.46444830055504E-03
8.84001182634838E-03
8.23207344203616E-03
8.06527047108631E-03
7.89761528386013E-03
7.72912235681778E-03
7.55980782465003E-03
7.77862067062752E-03
7.59872392674314E-03
8.53072931270365E-03
8.32203380706752E-03
9.1706282034102E-03
9.61994846213771E-03
9.36288226935659E-03
9.43009189093763E-03
9.16204231797119E-03
9.19985151343472E-03
8.32624292019689E-03
7.77728577624623E-03
6.41033529179227E-03
6.19521231818944E-03
4.93984519313092E-03
4.76175591439657E-03
4.82484434725828E-03
4.63734534023225E-03
4.67248574867806E-03
4.26288690005047E-03
3.87236861986769E-03
4.08450149414287E-03
0.003889741257781
3.51989125203604E-03
3.33631635216763E-03
3.31169559451373E-03
3.27046878863195E-03
3.2131384124364E-03
3.14028194922956E-03
2.93045689483365E-03
2.83723117823216E-03
2.7305911318771E-03
2.51475233607612E-03
2.30371995084841E-03
2.01735400464198E-03
2.26339312126576E-03
2.03311736958005E-03
1.86992145807035E-03
1.80569894811792E-03
1.66801078852982E-03
1.47947352411852E-03
1.32706160834126E-03
1.22490146226189E-03
1.10144270538181E-03
7.78048514879536E-04
6.27526550003569E-04
5.5835990080137E-04
4.2086202514562E-04
2.57179792822222E-04
1.72893440558377E-04
1.21255117484399E-04
7.0265560049682E-05
3.8029602024282E-05
1.77833311842985E-05
6.67971988520021E-06
1.85094762350854E-06
3.83151520681676E-07
3.51698153917564E-08
7.60806629024955E-10
1.79895356531214E-12
7.3441584534815E-18
9.90865974330237E-35
0
0
0
0
0
0
0
0
0
0
0
0
0
0
0
0
0
0
0
0
0
0
0
0
0
0
0
0
0
0
0
0
0
0
0
0
0
0
0
0
0
0
0
0
0
0
0
0
0
0
0
0
0
0
0
0
0
0
0
0
0
0
0
0
0
0
0
0
0
0
0
0
0
0
0
0
0
0
0
0
0
0
0
0
0
0
0
0
0
0
0
0
0
0
0
0
0
0
0
0
0
0
0
0
0
0
0
0
0
0
0
0
0
0
0
0
0
0
0
0
0
0
0
0
0
0
0
0
0
0
0
0
0
0
0
0
0
0
0
0
0
0
0
0
0
0
0
0
0
0
0
0
0
0
0
0
0
0
0
0
0
0
0
0
0
0
0
0
0
0
0
0
0
0
0
0
0
0
0
0
0
0
0
0
0
0
0
0
0
0
0
0
0
0
0
0
0
0
0
0
0
0
0
0
0
0
0
0
0
0
0
0
0
0
0
0
0
0
0
0
0
0
0
0
0
0
0
0
0
0
0
0
0
0
0
0
0
0
0
0
0
0
0
0
0
0
0
0
0
0
0
0
0
0
0
0
0
0
0
0
0
0
0
0
0
0
0
0
0
0
0
0
0
0
0
0
0
0
0
0
0
0
0
0
0
0
0
0
0
0
0
0
0
0
0
0
0
0
0
0
0
0
0
0
0
0
0
0
0
0
0
0
0
0
0
0
0
0
0
0
0
0
0
0
0
0
0
0
0
0
0
0
0
0
0
0
0
0
0
0
0
0
0
0
0
0
0
0
0
0
0
0
0
0
0
0
0
0
0
0
0
0
0
0
0
0
0
0
0
0
0
0
0
0
0
0
0
0
0
0
0
0
0
0
0
0
0
0
0
0
0
0
0
0
0
0
0
0
0
0
0
0
0
0
0
0
0
0
0
0
0
0
0
0
0
0
0
0
0
0
0
0
0
0
0
0
0
0
0
0
0
0
0
0
0
0
0
0
0
0
0
0
0
0
0
0
0
0
0
0
0
0
0
0
0
0
0
0
0
0
0
0
0
0
0
0
0
0
0
0
0
""
