0
0
0
0
0
0
0
0
0
0
0
0
0
0
0
0
0
0
0
0
0
0
0
0
0
0
0
0
0
0
0
0
0
0
0
0
0
0
0
0
0
0
0
0
0
0
0
0
0
0
0
0
0
0
0
0
0
0
0
0
0
0
0
0
0
0
0
0
0
0
0
0
0
0
0
0
0
0
0
0
0
0
0
0
0
0
0
0
0
0
0
0
0
0
0
0
0
0
0
0
0
0
0
0
0
0
0
0
0
0
0
0
0
0
0
0
0
0
0
0
0
0
0
0
0
0
0
0
0
0
0
0
0
0
0
0
0
0
0
0
0
0
0
0
0
0
0
0
0
0
0
0
0
0
0
0
0
0
0
0
0
0
0
0
0
0
0
0
0
0
0
0
0
0
0
0
0
0
0
0
0
0
0
0
0
0
0
0
0
0
0
0
0
0
0
0
0
0
0
0
0
0
0
0
0
0
0
0
0
0
0
0
0
0
0
0
0
0
0
0
0
0
0
0
0
0
0
0
0
0
0
0
0
0
0
0
0
0
0
0
0
0
0
0
0
0
0
0
0
0
0
0
0
0
0
0
0
0
0
0
0
0
0
0
0
0
0
0
0
0
0
0
0
0
0
0
0
0
0
0
0
0
0
0
0
0
0
0
0
0
0
0
0
0
0
0
0
0
0
0
0
0
0
0
0
0
0
0
0
0
0
0
0
0
0
0
0
0
0
0
0
0
0
0
0
0
0
0
0
0
0
0
0
0
0
0
0
0
0
0
0
0
0
0
0
0
0
0
0
0
0
0
0
0
0
0
0
0
0
0
0
0
0
0
0
0
0
0
0
0
0
0
0
0
0
0
0
0
0
0
0
0
0
0
0
0
0
0
0
0
0
0
0
0
0
0
0
0
0
0
0
0
0
0
0
0
0
0
0
0
0
0
0
0
0
0
0
0
0
0
0
0
0
0
0
0
0
0
0
0
0
0
0
0
0
0
0
0
0
0
0
0
0
0
0
0
0
0
0
0
0
0
0
0
0
0
0
0
0
0
0
7.42577968056516E-47
1.45949654939937E-18
4.15740590051728E-12
3.66664737943877E-09
1.87329730913097E-07
2.05383354370761E-06
1.07943600701478E-05
3.6625385374824E-05
9.57732119204659E-05
1.88740813967451E-04
3.71081308925895E-04
6.17413628464801E-04
9.48987906118979E-04
1.67222617002709E-03
2.30045472503172E-03
3.0415640505058E-03
3.89271019332448E-03
4.8493091467205E-03
5.90561110244174E-03
7.05516020982533E-03
7.87659056877714E-03
8.16567412451473E-03
8.90590233848297E-03
9.95949639648195E-03
1.11709601697139E-02
1.24256235146117E-02
1.28616343008941E-02
1.41067756012496E-02
1.64062983284274E-02
2.02393296767111E-02
2.23241882428845E-02
2.37311097642827E-02
2.53995909520681E-02
2.64979678087295E-02
2.84773110733369E-02
3.05076108512602E-02
3.15360191155882E-02
2.99136430475946E-02
3.10638372664487E-02
3.29965313009496E-02
2.68687980123524E-02
2.31741637701602E-02
2.46373953591355E-02
2.80764151043312E-02
0.028185113163322
2.97845335667413E-02
2.92549324712882E-02
2.91701810495957E-02
3.48089919536207E-02
3.53590749952345E-02
4.63821670057038E-02
0.04271333210109
4.33324558720935E-02
4.93147550196462E-02
5.13919174687101E-02
0.052789479068092
5.34505599927645E-02
5.25676878067437E-02
5.46466706007237E-02
3.46856650666613E-02
3.71165914230593E-02
3.96184882231858E-02
3.96594082371205E-02
4.05223210379891E-02
4.22622435704334E-02
4.13390556118073E-02
4.12565014067641E-02
4.39389152521166E-02
4.66897713696389E-02
5.04793236383167E-02
5.14062184494512E-02
5.33353097696003E-02
5.42715834442455E-02
8.02014520733879E-02
0.078372044742604
6.78198123595163E-02
6.78185029703004E-02
7.11108495651165E-02
7.22102623463265E-02
7.21590416717032E-02
7.20685313117352E-02
7.07596428952204E-02
7.29667761965621E-02
6.30730578158397E-02
6.39406354008503E-02
0.06854260434012
6.94511449876399E-02
7.03551394351136E-02
6.21858219267859E-02
6.03432098842777E-02
5.71038810312765E-02
5.51082210269667E-02
6.80063050017591E-02
7.29315360237093E-02
7.23800921352831E-02
7.03850271459726E-02
7.11696926140627E-02
6.90722319351022E-02
6.83630763483214E-02
5.58592412628371E-02
5.64430862016429E-02
6.45269447242318E-02
6.51805540109339E-02
6.73615836278564E-02
6.95691637571034E-02
7.18030514096385E-02
7.09113866052562E-02
0.074758178721325
0.133240632412577
0.1360746640251
0.140565499858793
0.138511557647336
0.118096444204427
0.105690807084885
0.1065866844565
0.109183428418956
0.108363068245202
0.109243579468096
0.108371052977973
0.170888212492171
0.170444824369728
0.171755380747351
0.180268906041934
0.181617847506219
0.182958681245153
0.184291408909886
0.185616031897042
0.186932551350618
0.18824096816427
0.189541282983971
0.190833496210971
0.192117608005056
0.193393618288042
0.188821680945083
0.190043692855501
0.191257844724773
0.186511636552791
0.181683436596388
0.160703611895153
0.173804962172333
0.152482471018533
0.15133963275691
0.164566366911443
0.165515826513465
0.166458790516056
0.148563290316032
0.151492700414376
0.162901860256305
0.159530291207603
0.160383837978627
0.161231280714503
0.172877457703384
0.134670483297199
0.135355883614241
0.140424493500995
0.145531611696559
0.201640939028002
0.204843785957216
0.203586070044256
0.204547475599955
0.187435375028941
0.186030015929022
0.186876196589889
0.1900048705225
0.183949646305473
0.189374388921206
0.180915915834313
0.17703011941732
6.08184274255358E-02
6.34206938931683E-02
6.36815662578349E-02
7.57809934612683E-02
9.74837763864166E-02
9.07085680197008E-02
9.58559790540907E-02
8.90090023750342E-02
8.69333482098401E-02
7.75647667421233E-02
8.27185948684274E-02
6.83708992720912E-02
6.61676268027374E-02
6.64039303184215E-02
6.66379902890586E-02
6.93464644542802E-02
6.95845347235367E-02
7.23138542122609E-02
0.072555594655669
0.072794916158549
6.79951398433732E-02
7.07398709694865E-02
0.068429496875136
6.86432877230463E-02
6.63046393858265E-02
6.65061563613951E-02
0.056443109462184
5.91831113802069E-02
0.059355585726253
6.21142194004886E-02
6.22901567188098E-02
6.24640738070862E-02
6.26359691559938E-02
6.01889312092312E-02
7.08453997052691E-02
6.57703226669591E-02
6.85785784428505E-02
6.87538230207522E-02
6.62758343429705E-02
6.90977109492213E-02
6.39381702891769E-02
5.87508195553979E-02
6.69202078849473E-02
6.70759980441976E-02
0.067229663957584
6.73812041671524E-02
6.75306172268901E-02
6.76779017031295E-02
7.05359784219409E-02
7.06847224039116E-02
7.62798058261071E-02
6.27860675094204E-02
0.060176464538707
5.20727905529887E-02
4.94274060301515E-02
4.95211542091225E-02
5.23696587940033E-02
5.52266948470097E-02
5.25594324069853E-02
4.98807234432134E-02
0.052742686177985
5.00512412601161E-02
5.01341803759674E-02
5.30053258086911E-02
5.30896044542549E-02
5.59707870320871E-02
5.88588603762785E-02
6.17535651460535E-02
6.18435704554785E-02
8.16372122156932E-02
7.89318568786732E-02
7.62163332804258E-02
7.63174724215334E-02
7.35860458058499E-02
9.35155832987674E-02
9.64679308883981E-02
9.37428388023912E-02
9.95401931245002E-02
0.111042061571801
0.099763038917721
0.091309633963721
9.42609649552171E-02
8.57781886928808E-02
8.87240542761045E-02
8.88079561350897E-02
8.60217738467101E-02
8.89676839054672E-02
0.086171136836634
8.33671774384346E-02
7.76790633720646E-02
7.48588743412727E-02
7.49134259900779E-02
6.05492316431164E-02
6.63600793682884E-02
4.04188103930858E-02
4.04433099540885E-02
4.04665901998885E-02
3.75966043804415E-02
4.34030268452526E-02
4.63189857374915E-02
4.63400149100614E-02
4.34621711727114E-02
4.34792705065387E-02
4.34950617882046E-02
4.35095448407697E-02
4.35227195018474E-02
4.64368913318752E-02
4.93511621493213E-02
4.93616439620005E-02
4.93706423603911E-02
4.93781572433584E-02
4.35742839938955E-02
4.35782965956489E-02
4.35810000336787E-02
5.22988731330874E-02
5.22989751739745E-02
5.81083401799198E-02
4.93892179960592E-02
4.06698872710771E-02
4.06650790480748E-02
4.06590490288791E-02
4.06517972812863E-02
3.77402293234605E-02
3.77312268734468E-02
3.77210902265451E-02
3.77098194965456E-02
3.76974148099023E-02
4.05826360215339E-02
3.76692041356794E-02
3.76533984641093E-02
3.47413472010988E-02
3.18309431307207E-02
3.18146926911275E-02
3.17974837969172E-02
3.17793166399518E-02
3.75347716812109E-02
3.75110371497916E-02
3.46026192741477E-02
3.45786213681071E-02
2.59151844761369E-02
2.58956200136654E-02
3.16253334893321E-02
2.87268258049161E-02
2.58322313550481E-02
2.58095374878425E-02
0.025786061872055
2.57618047650687E-02
2.28771257176468E-02
2.57109471474102E-02
2.85381635463621E-02
3.13585150446448E-02
0.028476451592932
2.27554366520901E-02
2.27290191710508E-02
2.27019091161344E-02
1.98398434316431E-02
1.98149109008401E-02
0.022616426458427
2.54098677280806E-02
2.53754782603444E-02
2.53403117277141E-02
2.53043685025681E-02
0.025267648964392
2.52301534996964E-02
2.51918825019332E-02
2.51528363714089E-02
2.51130155151965E-02
2.50724203470444E-02
2.22498233664742E-02
2.49889087627312E-02
2.49459932065939E-02
2.49023050583664E-02
2.48578447637289E-02
0.019298698824566
1.92629185375186E-02
1.92265387601093E-02
1.91895598573825E-02
1.91519821987636E-02
1.91138061579668E-02
1.90750321129008E-02
1.90356604455721E-02
2.17093617622701E-02
1.89551257920475E-02
2.16159583879481E-02
2.15682346646809E-02
2.15198301936467E-02
2.14707454370637E-02
2.14209808609882E-02
2.13705369351829E-02
2.13194141329827E-02
0.018609161314762
1.59113503573258E-02
1.58714829390224E-02
1.31925898401005E-02
1.31585211095203E-02
1.31240298981369E-02
1.57069398178795E-02
1.30537812702497E-02
1.04144195808142E-02
1.03854771562568E-02
1.55342969909476E-02
1.80715191059102E-02
1.54449456991946E-02
1.28329282592441E-02
1.27946487804538E-02
1.02047599718588E-02
1.01734657051066E-02
1.01418364796315E-02
1.01098725511595E-02
1.00775741755169E-02
1.00449416085263E-02
1.00119751059013E-02
9.97867492313918E-03
9.94504131541096E-03
9.91107453744987E-03
9.87677484343747E-03
1.23026781086095E-02
0.01225897215066
9.77188079618009E-03
9.73625196463601E-03
9.7002914755337E-03
1.44959993658444E-02
1.44410647750036E-02
1.43856338088812E-02
1.43297068330642E-02
1.66521649121545E-02
1.65857606843583E-02
1.65187790381113E-02
1.41010460449318E-02
1.40426444018155E-02
1.39837488779439E-02
1.62450864512338E-02
1.84859700690402E-02
1.61047861572823E-02
1.37432347501269E-02
1.36818748641452E-02
1.13500192341091E-02
1.12980664278036E-02
1.12457042238375E-02
1.34315194478359E-02
1.33677031460035E-02
1.33033964515552E-02
1.10321663718108E-02
1.09777608370865E-02
1.09229473282395E-02
8.69418084938705E-03
8.64967779798602E-03
8.60484887089099E-03
8.55969422498748E-03
8.51421401135372E-03
1.05855104688361E-02
1.05278468187752E-02
1.04697767296362E-02
1.04113003588204E-02
1.24229014263115E-02
0.010293129359172
1.02334350018182E-02
1.42426688673603E-02
1.61805266913672E-02
1.60830686964627E-02
1.59849620125059E-02
1.78719826185511E-02
1.97335038637467E-02
0.021569282718881
2.14308198299787E-02
2.32270534594883E-02
2.30740585150871E-02
2.10100837705575E-02
2.27651520854742E-02
2.26092405978814E-02
2.43233866188307E-02
2.60102509973964E-02
0.025824951159576
2.56385166896923E-02
2.54509473968284E-02
4.33067023790828E-02
4.47721489290486E-02
5.15401011387336E-02
5.29056791296264E-02
5.77407350227232E-02
6.42258822057795E-02
0.053377934020696
3.07407917612956E-02
3.38738678606611E-02
3.52691574034017E-02
3.49690446333914E-02
0.0346672220239
3.43636886075606E-02
3.56802740080063E-02
3.37514852584262E-02
2.86652684326159E-02
2.83992222638344E-02
2.96945774975465E-02
2.94106442491262E-02
3.37238648163924E-02
3.18737022426335E-02
0.031554721389797
3.12340180354252E-02
2.64956493427268E-02
0.026217804606494
3.02615601957473E-02
3.42102332840009E-02
3.38338506084276E-02
0.036243448438239
3.85876782558272E-02
0.043590446929224
4.30780493303293E-02
4.52231977343837E-02
4.07314102691723E-02
4.02273434917586E-02
3.71580878826054E-02
0.037946635508523
3.37062509911399E-02
0.03202650970646
3.03778845179343E-02
2.87606242539532E-02
2.95380195384892E-02
2.79503944761634E-02
2.75423137567276E-02
2.48712378929358E-02
0.025606892189259
2.63062454603738E-02
2.69690572822656E-02
2.65337394554428E-02
2.60963927673316E-02
2.46307445527694E-02
2.31983956919887E-02
2.27904879492112E-02
2.14076756610311E-02
2.29243830366828E-02
2.34302701095941E-02
2.29790356539693E-02
2.43279533465971E-02
2.38365010192462E-02
2.42075859374418E-02
2.53861880576414E-02
2.64890732982133E-02
2.50879866122187E-02
2.37218075085471E-02
2.62512775228171E-02
2.71224111790215E-02
2.57124298281295E-02
2.43378956954538E-02
2.36960227043683E-02
2.30522719912593E-02
2.43838233314927E-02
2.43195547753631E-02
2.35945864814188E-02
2.40716970233809E-02
2.27229616289197E-02
2.19748831731058E-02
0.020137399426419
3.46521968101835E-02
3.33830476696654E-02
4.76842225973286E-02
4.43984643595392E-02
4.25742036547063E-02
4.24686852103607E-02
4.09845896595604E-02
3.90770960253549E-02
3.71766846174765E-02
3.52850159771888E-02
0.03340392327438
3.15354294344929E-02
2.96817656291133E-02
2.78453911017841E-02
2.60290142366348E-02
2.42356146862708E-02
1.57279263734123E-02
1.45118119991753E-02
0.014651272763601
1.33688626345744E-02
9.44365693784678E-03
8.78198840428296E-03
7.83855319754675E-03
9.50323004934638E-03
8.60907924651816E-03
7.69649583522791E-03
4.18236740247959E-03
5.26333621608498E-03
4.28367843620772E-03
3.44956912513334E-03
2.83139389429381E-03
2.12744342169737E-03
1.48529955705082E-03
1.03517165508295E-03
6.79500688505098E-04
4.08263648608879E-04
2.19190861871559E-04
1.01503011346311E-04
3.99552220877295E-05
1.24666004767946E-05
2.511356599245E-06
2.61029441971198E-07
7.83091598567351E-09
1.83691215030195E-11
3.81533331129571E-17
1.23615880655495E-38
0
0
0
0
0
0
0
0
0
0
0
0
0
0
0
0
0
0
0
0
0
0
0
0
0
0
0
0
0
0
0
0
0
0
0
0
0
0
0
0
0
0
0
0
0
0
0
0
0
0
0
0
0
0
0
0
0
0
0
0
0
0
0
0
0
0
0
0
0
0
0
0
0
0
0
0
0
0
0
0
0
0
0
0
0
0
0
0
0
0
0
0
0
0
0
0
0
0
0
0
0
0
0
0
0
0
0
0
0
0
0
0
0
0
0
0
0
0
0
0
0
0
0
0
0
0
0
0
0
0
0
0
0
0
0
0
0
0
0
0
0
0
0
0
0
0
0
0
0
0
0
0
0
0
0
0
0
0
0
0
0
0
0
0
0
0
0
0
0
0
0
0
0
0
0
0
0
0
0
0
0
0
0
0
0
0
0
0
0
0
0
0
0
0
0
0
0
0
0
0
0
0
0
0
0
0
0
0
0
0
0
0
0
0
0
0
0
0
0
0
0
0
0
0
0
0
0
0
0
0
0
0
0
0
0
0
0
0
0
0
0
0
0
0
0
0
0
0
0
0
0
0
0
0
0
0
0
0
0
0
0
0
0
0
0
0
0
0
0
0
0
0
0
0
0
0
0
0
0
0
0
0
0
0
0
0
0
0
0
0
0
0
0
0
0
0
0
0
0
0
0
0
0
0
0
0
0
0
0
0
0
0
0
0
0
0
0
0
0
0
0
0
0
0
0
0
0
0
0
0
0
0
0
0
0
0
0
0
0
0
0
0
0
0
0
0
0
0
0
0
0
0
0
0
0
0
0
0
0
0
0
0
0
0
0
0
0
0
0
0
0
0
0
0
0
0
0
0
0
0
0
0
0
0
0
0
0
0
0
0
0
0
0
0
0
0
0
0
0
0
0
0
0
0
0
0
0
0
0
0
0
0
0
""
