0
0
0
0
0
0
0
0
0
0
0
0
0
0
0
0
0
0
0
0
0
0
0
0
0
0
0
0
0
0
0
0
0
0
0
0
0
0
0
0
0
0
0
0
0
0
0
0
0
0
0
0
0
0
0
0
0
0
0
0
0
0
0
0
0
0
0
0
0
0
0
0
0
0
0
0
0
0
0
0
0
0
0
0
0
0
0
0
0
0
0
0
0
0
0
0
0
0
0
0
0
0
0
0
0
0
0
0
0
0
0
0
0
0
0
0
0
0
0
0
0
0
0
0
0
0
0
0
0
0
0
0
0
0
0
0
0
0
0
0
0
0
0
0
0
0
0
0
0
0
0
0
0
0
0
0
0
0
0
0
0
0
0
0
0
0
0
0
0
0
0
0
0
0
0
0
0
0
0
0
0
0
0
0
0
0
0
0
0
0
0
0
0
0
0
0
0
0
0
0
0
0
0
0
0
0
0
0
0
0
0
0
0
0
0
0
0
0
0
0
0
0
0
0
0
0
0
0
0
0
0
0
0
0
0
0
0
0
0
0
0
0
0
0
0
0
0
0
0
0
0
0
0
0
0
0
0
0
0
0
0
0
0
0
0
0
0
0
0
0
0
0
0
0
0
0
0
0
0
0
0
0
0
0
0
0
0
0
0
0
0
0
0
0
0
0
0
0
0
0
0
0
0
0
0
0
0
0
0
0
0
0
0
0
0
0
0
0
0
0
0
0
0
0
0
0
0
0
0
0
0
0
0
0
0
0
0
0
0
0
0
0
0
0
0
0
0
0
0
0
0
0
0
0
0
0
0
0
0
0
0
0
0
0
0
0
0
0
0
0
0
0
0
0
0
0
0
0
0
0
0
0
0
0
0
0
0
0
0
0
0
0
0
0
0
0
0
0
0
0
0
0
0
0
0
0
0
0
0
0
0
0
0
0
0
0
0
0
0
0
0
0
0
0
0
0
0
0
0
0
0
0
0
0
0
0
0
0
0
0
0
0
0
0
0
0
0
0
0
0
0
0
0
0
0
0
0
0
0
0
0
3.23380728024612E-47
7.2323266510415E-19
1.89310447255698E-12
1.41543373103335E-09
5.35227802608849E-08
5.8680958391646E-07
3.31633953962372E-06
1.1389601549488E-05
3.20205618167823E-05
7.16969975136097E-05
1.32367418122956E-04
1.80706427843356E-04
2.69072790454467E-04
3.63709191980892E-04
5.34855723569874E-04
6.84351911363805E-04
8.17469140598141E-04
1.05472473941171E-03
1.15159416497614E-03
1.37575624091594E-03
1.92769190235862E-03
2.16150197413625E-03
2.55632381937937E-03
2.89447864022757E-03
3.35128805091416E-03
3.61119683393402E-03
3.98710663327718E-03
4.23203268037487E-03
4.15284426438318E-03
4.33699921643809E-03
4.86091195611196E-03
5.22342361659484E-03
0.013666084262254
1.52363314900194E-02
1.59598117004416E-02
1.96475645971431E-02
2.07612125844289E-02
2.18812759329627E-02
2.30066544754636E-02
2.41363515997687E-02
2.52694647973314E-02
2.70736624814852E-02
2.96346029083941E-02
3.08598528086399E-02
3.24632106970405E-02
2.93926318092842E-02
2.76296584451055E-02
2.98713873248264E-02
2.87174183617371E-02
0.039104739719306
2.92207652135934E-02
2.72536559301731E-02
0.030529684818975
3.29327987288733E-02
3.48978899027389E-02
0.038522052292932
5.49149588966759E-02
5.63225226500826E-02
5.77253562683701E-02
5.91232927272636E-02
5.99110198513512E-02
6.06658100917532E-02
6.20205639452841E-02
3.16850063435341E-02
4.75450240167375E-02
1.81981712204152E-02
0.017190208919485
2.03334341858199E-02
2.07245413732581E-02
2.11139478679498E-02
0.021501639447607
1.88686237392454E-02
1.99678467389205E-02
1.95295743685198E-02
1.98577816070787E-02
1.85697105270104E-02
1.72280874481005E-02
1.83332659035066E-02
1.86167082611623E-02
1.88987966283032E-02
1.91795284942521E-02
2.03433973323759E-02
1.88397823786205E-02
2.09232739869853E-02
2.48999589782157E-02
2.52361406888624E-02
2.46235877683451E-02
2.59034831556555E-02
2.62346436253628E-02
2.65641304381875E-02
2.68919439740314E-02
0.028226161989422
2.75425535257124E-02
2.78653510279267E-02
2.92304218238644E-02
3.06174868084981E-02
3.09588162871173E-02
3.12983550955932E-02
3.27270046348347E-02
2.97670956729593E-02
3.00782235679808E-02
0.073155547797821
0.064801597301568
6.42996934629538E-02
0.114789120199221
0.117070192515715
0.118185644342094
0.119294966044668
0.120398161818594
0.121495235736696
0.12258619173732
0.123671033613693
0.104789802603928
0.104432583191017
0.105317795355828
0.10747743734991
0.129003652672859
0.130051880319162
0.127161195228186
0.132130061205287
0.13316001903885
0.134183891208868
0.13520167953145
0.136213385629665
0.137219010933865
0.138218556682414
0.139212023922782
0.140199413512963
0.141180726123202
0.142155962237978
0.143125122158229
0.144088206003792
0.145045213716031
7.59179954315283E-02
0.111675159719212
0.112388630405279
0.114585606499188
0.115299103993861
0.105461745306194
0.060629637967093
6.09929884074133E-02
5.67523622838412E-02
5.24555294530224E-02
5.74133023218581E-02
6.08614952824329E-02
5.96345601972806E-02
6.15439095433403E-02
6.66416701048519E-02
6.70027223071934E-02
0.131514747142474
9.35141428144116E-02
7.94155821324921E-02
8.47120782030771E-02
0.135901673467524
0.138230360790042
0.137262770122891
0.141259449044342
0.138603539954747
0.139266295167637
0.139923959957112
0.125333292941039
0.125910559561716
0.141866380947812
0.118466892163125
0.158656569938471
0.161083702771392
0.163520154696399
0.16421872919633
0.166665882848824
0.167360164440305
0.171586442416944
0.175835586390599
0.176540741382718
0.177239767775336
9.52568791850026E-02
0.099233009404599
0.1086666852623
0.119982998554222
0.125902567189445
0.122701346015092
0.137849222505703
0.14387518235658
0.151786533436189
0.157887039605727
0.158429074593766
0.160835986092787
0.167002963560893
0.161905934214704
0.162432834070281
0.162954345626139
0.161569645399627
0.162074429346081
6.50295501668683E-02
7.48194259065695E-02
7.31194827123747E-02
7.14057104695975E-02
7.16138045175444E-02
7.37606355380803E-02
7.20229937061238E-02
8.00320945653293E-02
7.82949614449922E-02
0.078507301577258
8.26529663228139E-02
7.30050581603246E-02
7.31944442995808E-02
7.13982008292427E-02
0.182921302786599
0.183374694442164
0.159845425722942
0.160229507878358
0.178676955052809
0.179092914778008
0.179503202766749
0.179907815126297
0.17828082947899
0.196942693956107
0.197365093469085
0.197781290572483
0.196148072124275
0.18631083076165
0.182580863998122
0.18499544012246
0.187412247864325
0.18983109113497
0.192251773730617
0.163609083484266
0.163902440532309
0.155877260760042
0.149900265979536
0.135555445079481
0.135780071851578
0.140185137994038
0.134121105989697
0.121736461794789
0.117717720752557
0.145261227104921
0.113848391065767
0.173127191422936
0.177596677977015
0.194775073938866
0.197153470422295
0.199531393435093
0.201908645758702
0.200029091989178
0.200268791986927
0.19836938486954
0.196459032011649
0.211640161132594
0.190466189596199
0.145676036748972
0.152256284929863
0.150258479015983
0.171886366713077
0.174194092039588
0.174347961201843
0.170187995252352
0.168171720005118
7.12058080910592E-02
7.55786712099387E-02
8.21166400275854E-02
8.64989023473092E-02
8.87205408945595E-02
0.108264670695765
0.11699671808147
0.123567623646088
0.136649196690451
0.138889685904808
0.138956957212474
0.141192232929093
0.149944490545854
0.145655556196905
0.150057963169306
0.160985315910848
0.187147693857944
0.18502198890044
0.180712343752662
0.185106164857502
0.213455424322867
0.213487915140402
0.213513991570088
0.202639079169767
0.202651650156606
0.217911971387864
0.217912396558227
0.217906275674699
0.217893608806143
0.217874396095056
0.217848637757544
0.217816334083281
0.217777485435462
0.217732092250733
0.217680155039116
0.217621674383914
0.217556650941609
0.217485085441744
0.217406978686789
0.217322331551997
0.217231144985246
0.21279075160673
0.21702915770946
0.216918359257687
0.216801025888072
0.216677158908762
0.216546759699294
0.216409829710336
0.216266370463423
0.216116383550669
0.21380027192813
0.209322928443795
0.211314728315083
0.211142169666133
0.208810536786639
0.212928684274701
0.210586171955116
0.210388072248061
0.214473053602938
0.214257892895085
0.214036226597716
0.213808057122578
0.21357338694699
0.213332218613345
0.213084554728601
0.210702093984122
0.208318356032252
0.20168748595498
0.178104358360113
0.190574007960604
0.188201463764221
0.181605567381951
0.124413145137626
0.174767905337045
0.174508561706234
0.17844250105536
0.17816592429748
0.177883859899309
0.177596310791565
0.106381967970955
0.106202862241608
0.112256969429673
0.10375960440986
9.94313790549158E-02
0.109589039753786
0.111449742967072
8.65194244204919E-02
0.15008977174167
0.205199809272467
0.20479078026393
0.204375344066794
0.203953504773986
0.203525266521282
0.203090633486224
0.202649609887014
0.202202199981384
0.110961624435991
0.112721413544584
0.112460149520188
0.10618485539669
0.163892996147304
0.143556387285307
0.113368371295946
0.109116445205779
0.108838866180829
0.108557799153543
9.84302242360265E-02
0.100131741338982
9.98614267174098E-02
0.101540590912939
9.73638483399074E-02
0.095147569069554
9.68117094959477E-02
0.094600292407567
9.62469619443311E-02
9.40406685363357E-02
0.116716942178135
9.72837658050823E-02
9.50797169965449E-02
0.100466858477147
7.18027160005577E-02
0.069686782409151
7.88443039589728E-02
7.67110634716325E-02
9.32347623319777E-02
9.29163237885925E-02
7.77796018920701E-02
8.11976755168225E-02
0.086425753662153
8.24502442177695E-02
7.48474369781393E-02
6.91145767631776E-02
6.88559969877611E-02
7.04001907781425E-02
7.37263732705161E-02
4.29891204991926E-02
4.28198526312545E-02
5.15343278406847E-02
0.049556337114334
4.93536611572614E-02
4.56385943059003E-02
4.54471838533177E-02
4.69947143767833E-02
0.043326492349313
4.31378200641491E-02
4.46655129379125E-02
4.61763276664901E-02
4.25625721279091E-02
4.06730391400929E-02
5.06056690072688E-02
0.052047137860364
4.84579239042626E-02
4.82248121368876E-02
4.63350987616054E-02
4.44599313902004E-02
0.04423793667937
3.74936549129816E-02
3.56799209166923E-02
3.71084107557174E-02
3.20988533437031E-02
3.35247176697053E-02
3.33443579768337E-02
3.15835404563256E-02
3.14093301889087E-02
3.27955961302842E-02
3.26101162440676E-02
0.038599235096895
3.83753812568182E-02
0.038150005894715
3.94400338102074E-02
4.37258430185079E-02
3.89633449054831E-02
8.78705812078764E-02
0.148001278978101
0.147063291265098
0.146119226113491
0.143717393280584
0.142770737062102
0.140385559739635
0.115248582432713
0.114459280526774
0.127697779748861
0.110079097971124
0.103760964480439
9.47709456208267E-02
9.68044963486509E-02
0.100146749251629
0.104766828493974
0.103968824710894
0.1203604200199
0.12204291720712
0.119772591140508
0.129140162953297
0.128086632338732
0.127027004477479
0.12596127644072
0.124889445119255
0.123811507228214
0.122727459312716
0.121637297754567
0.108486916902084
0.119438618469233
0.118330092765977
0.117215437490315
0.116094648351814
0.114967720964974
0.113834650866548
0.112695433534989
0.111550064412233
0.110398538928029
0.109240852527058
0.108077000699097
0.106906979012503
0.105730783151336
0.104548408956459
0.103359852470966
0.102165109990369
0.100964178117959
9.97570538258465E-02
9.85437345221911E-02
9.73242181252224E-02
9.60985031446691E-02
4.83819602733668E-02
5.05593764867098E-02
4.61920813073942E-02
5.46801921322818E-02
4.85335534285461E-02
4.69654510661978E-02
4.45459411963854E-02
8.26269412701827E-02
8.13967785586988E-02
4.59254044698667E-02
4.68579997262909E-02
3.07447253017828E-02
3.02484629792048E-02
2.89669959717381E-02
2.61701660873175E-02
2.64764298658566E-02
2.52677149002124E-02
2.55432493682757E-02
3.86848963744023E-02
3.79570375775425E-02
3.65366666898111E-02
3.71677065017456E-02
3.50926265005569E-02
3.43661264647611E-02
2.28475692518773E-02
2.17293179399406E-02
2.00299247952391E-02
0.020163536382265
1.96884581421128E-02
1.86466576855773E-02
1.81823610927487E-02
1.71796910791438E-02
1.82947234114608E-02
1.72892039934445E-02
0.016310800742012
1.58397100181641E-02
1.44361614656049E-02
0.012637640937275
1.13614808144599E-02
1.05648476793778E-02
1.02047632228475E-02
9.84437409380214E-03
9.10446754627238E-03
8.39339632452979E-03
8.06182642317948E-03
7.05835481643815E-03
6.43464927429708E-03
6.14768844893406E-03
4.68925152304259E-03
4.74002728872826E-03
3.96956429743374E-03
3.75794136836775E-03
3.31122009062175E-03
3.1165853910569E-03
3.34144693221409E-03
3.12348170839617E-03
3.27180798264656E-03
3.03324294344379E-03
2.64322289984979E-03
2.5687296403716E-03
2.21367530637433E-03
2.00677709929244E-03
1.91220715254548E-03
1.70678174462712E-03
1.42548450740196E-03
1.39408385526004E-03
1.2052205016703E-03
1.08164674202058E-03
9.07471761393962E-04
7.47153215617625E-04
6.0166903345349E-04
4.95493931501417E-04
3.58557880061354E-04
2.6211168653838E-04
2.1007895353154E-04
1.43894263448138E-04
9.11302787073391E-05
5.21246561767733E-05
1.92727236733502E-05
6.91532689979934E-06
2.33748758939898E-06
4.70879362358437E-07
4.83387855502219E-08
1.46829674731378E-09
3.27199976772535E-12
6.79606246074548E-18
2.56177647411059E-39
0
0
0
0
0
0
0
0
0
0
0
0
0
0
0
0
0
0
0
0
0
0
0
0
0
0
0
0
0
0
0
0
0
0
0
0
0
0
0
0
0
0
0
0
0
0
0
0
0
0
0
0
0
0
0
0
0
0
0
0
0
0
0
0
0
0
0
0
0
0
0
0
0
0
0
0
0
0
0
0
0
0
0
0
0
0
0
0
0
0
0
0
0
0
0
0
0
0
0
0
0
0
0
0
0
0
0
0
0
0
0
0
0
0
0
0
0
0
0
0
0
0
0
0
0
0
0
0
0
0
0
0
0
0
0
0
0
0
0
0
0
0
0
0
0
0
0
0
0
0
0
0
0
0
0
0
0
0
0
0
0
0
0
0
0
0
0
0
0
0
0
0
0
0
0
0
0
0
0
0
0
0
0
0
0
0
0
0
0
0
0
0
0
0
0
0
0
0
0
0
0
0
0
0
0
0
0
0
0
0
0
0
0
0
0
0
0
0
0
0
0
0
0
0
0
0
0
0
0
0
0
0
0
0
0
0
0
0
0
0
0
0
0
0
0
0
0
0
0
0
0
0
0
0
0
0
0
0
0
0
0
0
0
0
0
0
0
0
0
0
0
0
0
0
0
0
0
0
0
0
0
0
0
0
0
0
0
0
0
0
0
0
0
0
0
0
0
0
0
0
0
0
0
0
0
0
0
0
0
0
0
0
0
0
0
0
0
0
0
0
0
0
0
0
0
0
0
0
0
0
0
0
0
0
0
0
0
0
0
0
0
0
0
0
0
0
0
0
0
0
0
0
0
0
0
0
0
0
0
0
0
0
0
0
0
0
0
0
0
0
0
0
0
0
0
0
0
0
0
0
0
0
0
0
0
0
0
0
0
0
0
0
0
0
0
0
0
0
0
0
0
0
0
0
0
0
0
0
0
0
0
0
0
""
