0
0
0
0
0
0
0
0
0
0
0
0
0
0
0
0
0
0
0
0
0
0
0
0
0
0
0
0
0
0
0
0
0
0
0
0
0
0
0
0
0
0
0
0
0
0
0
0
0
0
0
0
0
0
0
0
0
0
0
0
0
0
0
0
0
0
0
0
0
0
0
0
0
0
0
0
0
0
0
0
0
0
0
0
0
0
0
0
0
0
0
0
0
0
0
0
0
0
0
0
0
0
0
0
0
0
0
0
0
0
0
0
0
0
0
0
0
0
0
0
0
0
0
0
0
0
0
0
0
0
0
0
0
0
0
0
0
0
0
0
0
0
0
0
0
0
0
0
0
0
0
0
0
0
0
0
0
0
0
0
0
0
0
0
0
0
0
0
0
0
0
0
0
0
0
0
0
0
0
0
0
0
0
0
0
0
0
0
0
0
0
0
0
0
0
0
0
0
0
0
0
0
0
0
0
0
0
0
0
0
0
0
0
0
0
0
0
0
0
0
0
0
0
0
0
0
0
0
0
0
0
0
0
0
0
0
0
0
0
0
0
0
0
0
0
0
0
0
0
0
0
0
0
0
0
0
0
0
0
0
0
0
0
0
0
0
0
0
0
0
0
0
0
0
0
0
0
0
0
0
0
0
0
0
0
0
0
0
0
0
0
0
0
0
0
0
0
0
0
0
0
0
0
0
0
0
0
0
0
0
0
0
0
0
0
0
0
0
0
0
0
0
0
0
0
0
0
0
0
0
0
0
0
0
0
0
0
0
0
0
0
0
0
0
0
0
0
0
0
0
0
0
0
0
0
0
0
0
0
0
0
0
0
0
0
0
0
0
0
0
0
0
0
0
0
0
0
0
0
0
0
0
0
0
0
0
0
0
0
0
0
0
0
0
0
0
0
0
0
0
0
0
0
0
0
0
0
0
0
0
0
0
0
0
0
0
0
0
0
0
0
0
0
0
0
0
0
0
0
0
0
0
0
0
0
0
0
0
0
0
0
0
0
0
0
0
0
0
0
0
0
0
0
0
0
0
0
0
0
0
0
0
0
0
0
0
0
0
0
0
0
0
0
0
0
0
0
0
0
0
0
0
0
0
0
0
0
0
0
0
0
0
0
0
0
0
0
0
0
0
0
0
0
0
0
0
2.40328748380009E-49
2.14583275498269E-20
1.73584795340401E-13
2.28518843822395E-10
1.42301270396296E-08
1.87963877007942E-07
1.23077726893262E-06
5.11773918735234E-06
1.55081063487581E-05
5.41745220089065E-05
8.97248835401899E-05
1.59069703941506E-04
2.6291652215147E-04
3.92318083092094E-04
4.32477061183908E-04
5.2178779328986E-04
6.48295775107399E-04
9.90679552381478E-04
1.22534106308563E-03
1.19980524871679E-03
1.46464328414484E-03
1.89116818811154E-03
2.54080586744426E-03
2.90132780324074E-03
3.41005200222984E-03
3.59843302947137E-03
3.83396742677302E-03
4.31796285092508E-03
4.53381433640878E-03
4.83115396053397E-03
5.58370480166103E-03
5.14319931807355E-03
5.25286870252286E-03
5.47366766569669E-03
5.83268978113122E-03
1.38564775623543E-02
7.93989839259229E-03
6.9253622507297E-03
7.10124138805733E-03
7.25879371319103E-03
7.60895907768792E-03
8.18059796457092E-03
7.61762553136781E-03
7.93889530332629E-03
6.25742987104694E-03
6.24012479330317E-03
7.55135918174017E-03
7.82183105767382E-03
7.8024630666951E-03
8.36008943790975E-03
8.62767455394529E-03
8.57646619485085E-03
8.50509079098658E-03
8.41361831822516E-03
7.26436797610779E-03
7.46024140122788E-03
8.0195483560178E-03
2.57885264115419E-02
2.68039619469938E-02
2.82257771497603E-02
2.76744190606248E-02
3.89570674108391E-02
3.98060887805275E-02
4.10773492738568E-02
4.14871261407112E-02
4.23190394000248E-02
0.042236841312337
4.35026624761743E-02
4.47799018313525E-02
3.93500520301831E-02
2.53930561498939E-02
2.58291918994608E-02
2.67671351919918E-02
0.025151853884683
3.07687235714215E-02
2.96599667376238E-02
3.22631171852123E-02
4.20214365047935E-02
3.04526933325463E-02
3.20098273782791E-02
3.64419097432928E-02
3.75161963995586E-02
3.74322128919831E-02
3.73289643465078E-02
3.66065389125152E-02
3.70654532826069E-02
3.93659526611296E-02
4.10846894701762E-02
3.96797596423925E-02
3.88643024566786E-02
0.039304879983198
3.45297878395274E-02
3.09546395319643E-02
3.19514058922072E-02
3.29593833635696E-02
2.99009984628709E-02
3.15761264858343E-02
3.11961989234621E-02
3.08001045292454E-02
3.25081215114919E-02
3.56668423366558E-02
3.67158312721155E-02
3.85014661498694E-02
2.56518695823487E-02
2.58762659500419E-02
4.32492629440162E-02
7.36936441795859E-02
7.27890369398947E-02
7.33830407861963E-02
7.39717232817264E-02
7.14486409430635E-02
7.27852880434101E-02
7.64946372060284E-02
5.24381125029212E-02
7.28341011766008E-02
7.09436935637161E-02
7.14496488817513E-02
0.072768481735951
7.57403978517876E-02
7.95699271454699E-02
8.01012668437477E-02
8.14673629338919E-02
8.11486214124383E-02
8.50673607018377E-02
8.55996273994444E-02
8.61266288401547E-02
8.66483794688037E-02
0.087164893403003
8.76761844373294E-02
8.81822660476915E-02
8.86831513958492E-02
8.91788533340632E-02
8.96693844098548E-02
9.01547568708563E-02
9.06349826697359E-02
6.01326484896594E-02
7.96746353628254E-02
8.00790589117059E-02
8.14040904634001E-02
8.18041928522576E-02
6.91225793444651E-02
6.94515168309596E-02
6.97767091366375E-02
7.76763431274185E-02
7.80284144589949E-02
7.83763585599392E-02
7.87201826517228E-02
7.90598937674927E-02
7.93954987560358E-02
8.26438459059075E-02
0.082983236976858
8.23381755130782E-02
8.36493170151085E-02
8.49639717208068E-02
8.52902496519608E-02
8.66077578314678E-02
8.69292139988285E-02
0.098277521277227
0.100642797878875
0.100997481667523
0.10134724235194
0.101692085773652
0.102032017610376
0.102367043379848
0.102697168443582
0.10302239801055
0.103342737140792
0.103658190748951
0.103968763607736
0.104274460351318
0.104575285478645
0.104871243356691
7.04587666098381E-02
0.069596058966709
7.18963695710689E-02
7.20844099853506E-02
7.12063725656182E-02
7.88433052528589E-02
6.94245539461976E-02
0.065309142691085
7.29752181213899E-02
4.62525182609427E-02
4.42007337205239E-02
7.99529412591429E-02
9.42014612646396E-02
0.108505749838485
0.108729142410842
0.108947722042246
0.10916149128739
0.10937045261607
0.109574608415211
0.10977396099084
0.106669457192902
0.10795509999657
0.108136356838047
0.108312914804065
0.102949838245169
0.105325861758347
0.111035116339765
0.111196117043799
0.111352331936501
0.111503762611454
0.109417402387513
0.109556431822704
0.111929364332626
0.112061672837587
0.112189204177877
0.112311959589904
0.111305640852159
0.105790558461081
0.105892486888532
0.111627692320043
0.109468513067541
0.103912399164614
0.101733852575601
0.100678758033734
0.099617776657795
0.103082134948963
7.14088355690479E-02
0.077120758116304
0.100991536547054
0.104447259185192
0.104494390297327
0.10794595916112
0.110258958325246
4.54823882766722E-02
6.59681271324929E-02
0.068259340856144
8.87548151309925E-02
8.76307121892533E-02
8.99172105397645E-02
9.10621016046697E-02
5.91922444221159E-02
4.89469389930992E-02
4.78061561127449E-02
3.64203234686245E-02
3.75533662167166E-02
3.86844815465967E-02
3.86759972318073E-02
3.75286618163948E-02
5.45705953985935E-02
5.22787705046855E-02
4.99864197054493E-02
4.99649632794317E-02
4.99414110149032E-02
4.99157627028442E-02
4.87541995212868E-02
5.21244577755412E-02
4.07669228987992E-02
5.65820501298045E-02
9.49888642333568E-02
9.49158795146186E-02
9.37098549958107E-02
8.00929811236338E-02
5.18446778927883E-02
4.95439367840377E-02
4.83703212287068E-02
4.71969157326652E-02
4.82689295266704E-02
4.14874579625731E-02
4.03194342704129E-02
3.91523350794629E-02
0.035751814846285
3.57056792946657E-02
3.56580135289985E-02
3.56088170696313E-02
2.44461864742295E-02
2.55198153495123E-02
2.54811526232866E-02
2.43352408736402E-02
2.54005216185342E-02
2.09483694444138E-02
0.019812115044676
0.01977754280771
1.97421065933522E-02
0.019705806007959
2.73175564497848E-02
2.83553256695843E-02
2.82991422659886E-02
2.82417078442583E-02
2.70990593551238E-02
2.81230832232519E-02
3.12998021743965E-02
3.12301514505084E-02
3.11591013338306E-02
3.10866509373132E-02
0.028873985597123
2.66702979410348E-02
2.76683830272575E-02
2.22910132250299E-02
0.021174732172596
2.11189581240295E-02
2.21153241720749E-02
2.41551721326364E-02
2.72295521453507E-02
2.40190703960454E-02
2.29080644433783E-02
2.28402936697493E-02
2.27714496626021E-02
0.022701531387805
2.26305377803894E-02
2.35838526412407E-02
2.45294401626578E-02
2.34297799176204E-02
2.53815768218281E-02
2.63065639025231E-02
2.62150086945795E-02
2.51174737799631E-02
2.50269754119808E-02
2.39378327607888E-02
2.38485823783259E-02
2.37581436581636E-02
2.26804101754527E-02
2.45559318964556E-02
2.34796808958368E-02
2.33844720165502E-02
2.42584022489496E-02
2.31904614494297E-02
2.40538082948296E-02
2.49076183663239E-02
2.47979709230358E-02
2.56365166549312E-02
2.64651168841896E-02
2.63428034213887E-02
0.024346283233935
2.32981488171827E-02
2.13303297201932E-02
2.30708617355917E-02
2.57099454297255E-02
2.46655566513993E-02
2.63556279024541E-02
2.53130943663747E-02
2.42787242122218E-02
2.50413354037634E-02
2.31244822073523E-02
0.022994949836944
2.19846809399557E-02
1.92346286413932E-02
1.65141009386417E-02
1.81434291686202E-02
1.97507898424874E-02
2.04824301922052E-02
1.95059887198965E-02
1.93817657640277E-02
2.09307861089797E-02
2.16248302144485E-02
0.021480256002549
3.52836345844055E-02
0.031780394871686
2.91297728616538E-02
2.97252368757663E-02
2.87119804401489E-02
2.53334679076676E-02
0.023571965280667
2.96300719824172E-02
2.86265433990602E-02
7.67586858796365E-02
6.62442384754013E-02
6.57035892766176E-02
0.052426050489838
0.051983228250242
5.74263583128361E-02
5.91135419502009E-02
5.85874363483516E-02
5.73399800664132E-02
7.10140794698123E-02
7.03474590498162E-02
6.96750911667001E-02
6.89969529746262E-02
6.83130214663545E-02
6.76232735048104E-02
6.69276858584406E-02
6.62262352407186E-02
6.55188983541934E-02
6.48056519395133E-02
6.40864728298958E-02
6.33613380115618E-02
5.76198067154432E-02
5.87984548491981E-02
5.38119761682698E-02
4.59046009215658E-02
4.53306123609642E-02
5.29957873676437E-02
4.47499112741531E-02
4.24339702221942E-02
4.24226219437392E-02
3.45821307807001E-02
3.40910665187386E-02
2.76355562528329E-02
2.77591292805191E-02
2.52347082728282E-02
2.07021848161419E-02
1.83356625107615E-02
1.80371191774983E-02
1.87216890127642E-02
1.79175766267644E-02
1.71280651068341E-02
1.68205839274988E-02
2.47663216822263E-02
2.42984483478107E-02
2.38272725563797E-02
2.55151123494034E-02
2.62640028500225E-02
1.36853171283617E-02
1.29837137272895E-02
1.26949474088167E-02
2.24828639589555E-02
1.93033707077111E-02
1.84651928688837E-02
1.69226333649552E-02
0.027358922358742
2.69708872649366E-02
2.62281991046667E-02
3.19328579510276E-02
3.09930133658797E-02
3.00489710731537E-02
2.93949660909023E-02
2.84338059451907E-02
2.74693740768874E-02
2.65020695014349E-02
2.09365153980625E-02
2.18589926070593E-02
0.021464721655068
1.37943954323828E-02
1.57970594540672E-02
1.54998618165227E-02
1.18167654736605E-02
1.06733040222141E-02
1.13657219657019E-02
1.07502402029773E-02
9.18791898198642E-03
0.013403021042495
1.28355980263939E-02
1.17191920862003E-02
1.08924944228505E-02
0.01119800427551
1.03091213534547E-02
9.43840264651802E-03
8.58831570240498E-03
7.76151945288244E-03
6.96086359050881E-03
6.18938189805898E-03
5.45027726925018E-03
4.74689555161954E-03
4.08268463712934E-03
3.46113445195297E-03
2.8856927268164E-03
2.35965081350492E-03
1.88599363094643E-03
1.46720856018889E-03
1.10505055403649E-03
8.00266099976415E-04
5.52288684456258E-04
2.58433288193358E-04
1.55633221346493E-04
8.25554438613682E-05
2.25762010794927E-05
8.3528847960568E-06
2.44986721360535E-06
4.90255714101309E-07
5.88319013544823E-08
2.5067920384185E-09
1.37356476903205E-11
5.87331022563228E-16
5.57389921699987E-28
2.53683097253844E-208
0
0
0
0
0
0
0
0
0
0
0
0
0
0
0
0
0
0
0
0
0
0
0
0
0
0
0
0
0
0
0
0
0
0
0
0
0
0
0
0
0
0
0
0
0
0
0
0
0
0
0
0
0
0
0
0
0
0
0
0
0
0
0
0
0
0
0
0
0
0
0
0
0
0
0
0
0
0
0
0
0
0
0
0
0
0
0
0
0
0
0
0
0
0
0
0
0
0
0
0
0
0
0
0
0
0
0
0
0
0
0
0
0
0
0
0
0
0
0
0
0
0
0
0
0
0
0
0
0
0
0
0
0
0
0
0
0
0
0
0
0
0
0
0
0
0
0
0
0
0
0
0
0
0
0
0
0
0
0
0
0
0
0
0
0
0
0
0
0
0
0
0
0
0
0
0
0
0
0
0
0
0
0
0
0
0
0
0
0
0
0
0
0
0
0
0
0
0
0
0
0
0
0
0
0
0
0
0
0
0
0
0
0
0
0
0
0
0
0
0
0
0
0
0
0
0
0
0
0
0
0
0
0
0
0
0
0
0
0
0
0
0
0
0
0
0
0
0
0
0
0
0
0
0
0
0
0
0
0
0
0
0
0
0
0
0
0
0
0
0
0
0
0
0
0
0
0
0
0
0
0
0
0
0
0
0
0
0
0
0
0
0
0
0
0
0
0
0
0
0
0
0
0
0
0
0
0
0
0
0
0
0
0
0
0
0
0
0
0
0
0
0
0
0
0
0
0
0
0
0
0
0
0
0
0
0
0
0
0
0
0
0
0
0
0
0
0
0
0
0
0
0
0
0
0
0
0
0
0
0
0
0
0
0
0
0
0
0
0
0
0
0
0
0
0
0
0
0
0
0
0
0
0
0
0
0
0
0
0
0
0
0
0
0
0
0
0
0
0
0
0
0
0
0
0
0
0
0
0
0
0
0
0
0
0
0
0
0
0
0
0
0
0
0
0
0
0
0
0
0
0
0
0
0
0
0
0
0
0
0
0
0
0
0
0
0
0
0
0
0
0
0
0
0
0
0
0
0
0
0
0
0
0
0
0
0
0
0
""
