0
0
0
0
0
0
0
0
0
0
0
0
0
0
0
0
0
0
0
0
0
0
0
0
0
0
0
0
0
0
0
0
0
0
0
0
0
0
0
0
0
0
0
0
0
0
0
0
0
0
0
0
0
0
0
0
0
0
0
0
0
0
0
0
0
0
0
0
0
0
0
0
0
0
0
0
0
0
0
0
0
0
0
0
0
0
0
0
0
0
0
0
0
0
0
0
0
0
0
0
0
0
0
0
0
0
0
0
0
0
0
0
0
0
0
0
0
0
0
0
0
0
0
0
0
0
0
0
0
0
0
0
0
0
0
0
0
0
0
0
0
0
0
0
0
0
0
0
0
0
0
0
0
0
0
0
0
0
0
0
0
0
0
0
0
0
0
0
0
0
0
0
0
0
0
0
0
0
0
0
0
0
0
0
0
0
0
0
0
0
0
0
0
0
0
0
0
0
0
0
0
0
0
0
0
0
0
0
0
0
0
0
0
0
0
0
0
0
0
0
0
0
0
0
0
0
0
0
0
0
0
0
0
0
0
0
0
0
0
0
0
0
0
0
0
0
0
0
0
0
0
0
0
0
0
0
0
0
0
0
0
0
0
0
0
0
0
0
0
0
0
0
0
0
0
0
0
0
0
0
0
0
0
0
0
0
0
0
0
0
0
0
0
0
0
0
0
0
0
0
0
0
0
0
0
0
0
0
0
0
0
0
0
0
0
0
0
1.65359199167188E-54
1.48610034125309E-24
1.77673767976985E-16
1.02115413136787E-12
1.54012362241392E-10
2.51937076977509E-09
2.39165080742567E-08
1.42038382714511E-07
5.57845844305969E-07
1.5515803282707E-06
4.16829121985969E-06
7.59282000226703E-06
1.14884864612577E-05
1.74076862505291E-05
2.63277066942099E-05
3.85825371214036E-05
6.98282172994054E-05
9.41246109790764E-05
1.29852248094162E-04
1.17874728098472E-04
1.46380327838414E-04
1.9155838801581E-04
2.34522724929795E-04
2.70108964548229E-04
2.70299371040516E-04
3.10687909769463E-04
3.15205630423363E-04
3.55237296980914E-04
3.60943055690746E-04
4.00409287754799E-04
3.23549429176523E-04
3.70448221476229E-04
4.03458688853447E-04
4.56203096757274E-04
4.92071081360785E-04
5.50539556472484E-04
5.41901911154274E-04
5.77712293090629E-04
6.13860191032471E-04
6.50283131614497E-04
7.16789550101237E-04
7.23727416889905E-04
8.26789478277979E-04
9.71033811173889E-04
1.08867632638843E-03
1.0990486669861E-03
1.14565469144863E-03
1.27438381751583E-03
1.32396193175211E-03
1.63917723619966E-03
1.69789476953531E-03
1.70886268245016E-03
1.76541611484156E-03
1.82163915037183E-03
2.86841459167684E-03
3.27536178560038E-03
2.76124731963582E-03
2.72371182656065E-03
2.73780605867799E-03
2.80807019007023E-03
2.87774547295882E-03
3.82459512742476E-03
4.23422370957145E-03
3.34551353598869E-03
3.61952926648561E-03
3.62757544533231E-03
3.56223280616227E-03
3.41937071024766E-03
3.77584110997743E-03
3.77267334239546E-03
3.76609252643605E-03
3.90945208881437E-03
2.10535808345676E-03
2.06135256015029E-03
2.25611867425983E-03
2.53750229651249E-03
2.32737674151479E-03
3.12179365182514E-03
3.1676296034805E-03
3.12613638171561E-03
3.52197743748952E-03
3.56994646960126E-03
3.07478703009398E-03
3.8475488903971E-03
3.93592324308254E-03
4.31834446792727E-03
4.00300541380463E-03
4.07368007965606E-03
4.24937939252438E-03
4.42741550440274E-03
3.88020417574402E-03
4.03394949325153E-03
4.18954836757426E-03
4.61864916292687E-03
4.64697735747543E-03
4.81294739892351E-03
4.07510219688881E-03
4.05768680468985E-03
4.1925345313454E-03
4.32868853626953E-03
3.77902642749657E-03
4.25059302865819E-03
4.01476617362882E-03
3.94625571874864E-03
4.0611855059435E-03
4.17704635592853E-03
4.49828635281012E-03
4.62155430955299E-03
7.11860619599814E-03
6.19922088791353E-03
1.52174422136175E-02
0.016768098556977
1.71858722798739E-02
1.73618015574909E-02
2.50408683111421E-02
2.56320672303329E-02
2.62267598124992E-02
2.68248687478584E-02
2.74263179657886E-02
2.80310326088153E-02
0.028638939007
2.92499646527412E-02
2.98640381760024E-02
0.030481089319972
2.27037657095303E-02
2.37928866494745E-02
2.68500203493301E-02
2.77012701871128E-02
3.09199352888491E-02
3.11603348189954E-02
3.13903278698594E-02
0.031254617547039
3.32648735307585E-02
3.42246164533381E-02
3.33270523452852E-02
2.59037858548336E-02
2.59582351467055E-02
2.75768952983173E-02
2.80346759316195E-02
2.97150121932121E-02
3.10225405625119E-02
3.52994518427321E-02
3.54283438546118E-02
1.86396911806494E-02
1.76052829663234E-02
1.83187859679464E-02
1.81393374990443E-02
1.93276824868053E-02
2.05434945701358E-02
2.22604697434123E-02
2.11363096641528E-02
0.020946508601193
2.02498527776114E-02
1.90259326301962E-02
1.92841799848698E-02
1.74857358420043E-02
1.77175964183893E-02
1.68939605951403E-02
1.44389895319899E-02
1.46239752666117E-02
1.42607352229795E-02
1.55500878460572E-02
1.57427113846818E-02
1.59355740364091E-02
0.016128664495773
1.63219715842485E-02
0.014745968078341
1.61124347129313E-02
1.81104457403189E-02
1.70971469629469E-02
1.91440209816314E-02
1.81102438722599E-02
1.83117116831902E-02
1.72365352810565E-02
1.93603917262342E-02
2.02215033991737E-02
2.04373809102647E-02
1.86546475273098E-02
1.68301848200122E-02
1.70044987759378E-02
1.71788686389824E-02
1.80474174103686E-02
2.31366199914548E-02
2.33669432072186E-02
0.020737017969847
2.09394663319169E-02
0.024787081213724
2.50244412575739E-02
2.45187947627218E-02
2.54991124336872E-02
2.42224963647367E-02
3.05572328930667E-02
3.08362809364669E-02
3.11152525148878E-02
2.43304551391146E-02
1.58364592607469E-02
1.51770049325246E-02
1.53093148077224E-02
0.014628846726707
1.47540660324178E-02
1.48792142007199E-02
1.58378576144885E-02
1.84913384150484E-02
2.03389085138948E-02
1.96509376924583E-02
1.89489812966638E-02
1.73648092012464E-02
1.83783119582357E-02
1.49951699788574E-02
1.60015234687703E-02
1.88133027946593E-02
1.98607787230465E-02
2.00122250000113E-02
1.92469844868411E-02
1.84678370994076E-02
0.019535306519501
2.06163172598833E-02
2.07668894950697E-02
2.09172704959192E-02
2.20250664675549E-02
1.73597214375083E-02
1.94247386233362E-02
1.95607046711875E-02
1.96964727684688E-02
1.88404362893006E-02
1.99673962814065E-02
2.01025423660637E-02
1.92255982454601E-02
1.52791350838586E-02
1.53799969787042E-02
1.65127319177745E-02
1.66199459204348E-02
1.67269685529317E-02
1.78859085412654E-02
1.79992021651078E-02
1.81122812478221E-02
1.82251421034186E-02
0.018337781070838
1.84501945136841E-02
1.52866649105568E-02
1.53788603309118E-02
1.32607381378655E-02
1.11161889177199E-02
1.22997815337144E-02
0.01237159553841
1.35744519030512E-02
1.25147354208019E-02
1.02976828780254E-02
1.15065542418881E-02
1.04139750096786E-02
9.30836415604842E-03
9.35973426524811E-03
8.23460351209107E-03
8.27932536989651E-03
9.51306480864712E-03
1.19548874082638E-02
1.20182749625576E-02
1.08733426062499E-02
1.09300823980287E-02
1.09866651631175E-02
9.81607931879363E-03
9.86609151315186E-03
9.91595970866815E-03
1.12113927570903E-02
1.25190728674666E-02
1.38389429778125E-02
1.39066998781015E-02
1.39742489049604E-02
1.53180961314952E-02
1.28261050901494E-02
1.15982422586807E-02
1.03580565115135E-02
1.04064062092587E-02
1.04545964019975E-02
9.18979751610093E-03
7.91286963960641E-03
7.9486473167388E-03
7.98430133219643E-03
8.01983069354419E-03
9.39777348369032E-03
9.43893010125132E-03
1.08342146960515E-02
1.08809092892927E-02
0.010927431184796
1.23455014971671E-02
1.23974457691242E-02
1.10659479854632E-02
1.11117664307485E-02
1.11574058886732E-02
9.80250698453599E-03
8.43610718557233E-03
7.05827377316238E-03
7.08634330220119E-03
8.53715658802134E-03
8.57056150764238E-03
8.60382583098653E-03
8.63694867328635E-03
8.66992915550175E-03
1.01532274716804E-02
1.01913694773583E-02
1.75360154733649E-02
1.90675552208494E-02
1.91374425602434E-02
2.06844726126908E-02
1.92762565707357E-02
0.019345179615841
1.79204101140637E-02
1.94820488109332E-02
2.25576823925556E-02
2.41447429566275E-02
2.57417711227844E-02
0.025829316302879
2.59164226776681E-02
2.44734945962334E-02
0.026089310072051
2.61750866603043E-02
2.47156852522262E-02
0.024795571440054
2.17656531825204E-02
2.02751782487506E-02
0.01877450206375
1.88331313952245E-02
1.88914356633374E-02
1.73702956119917E-02
1.74231412000177E-02
1.74756847910685E-02
1.59344773306572E-02
0.01598169155108
1.60286276511639E-02
0.014467756010243
1.45094947188166E-02
1.45509799698459E-02
1.62135674769049E-02
1.78850050751755E-02
1.79347723811095E-02
2.12540839810045E-02
2.13121544136612E-02
1.97260153357969E-02
1.64824378114674E-02
0.014873615045823
1.65697484180471E-02
1.49516686571675E-02
1.49902993318773E-02
1.16889613954802E-02
1.00445091161081E-02
1.00697303111084E-02
1.00947727351868E-02
1.18062417387506E-02
1.18350386310137E-02
1.18636248320637E-02
1.35908567375825E-02
1.36230427204367E-02
1.19481123523781E-02
1.19758488826049E-02
1.02886039698864E-02
8.59334209443158E-03
8.61269365967795E-03
8.63189086932891E-03
6.92074660768538E-03
6.93585629674804E-03
6.95084139834872E-03
6.96570155154142E-03
6.98043639873423E-03
6.99504558568725E-03
7.0095287615105E-03
7.02388557866189E-03
0.005278586769709
5.28916407263171E-03
5.29964583963241E-03
5.3100318200845E-03
5.3203217658657E-03
5.33051543135687E-03
5.3406125734409E-03
7.13415060200219E-03
7.14735510323052E-03
7.1604299541165E-03
8.96671855479313E-03
8.98273683111049E-03
8.99859189138805E-03
9.01428335957522E-03
9.02981086377932E-03
7.23613922901138E-03
7.24829801075947E-03
7.26032474872672E-03
5.45416436902109E-03
5.46298571982539E-03
5.47170740577644E-03
5.48032922118305E-03
5.48885096284386E-03
7.32969657339582E-03
7.34079123275862E-03
9.18968958445929E-03
7.36257762016031E-03
9.2165860452404E-03
9.22978133079386E-03
9.24280757222054E-03
9.25566446402488E-03
9.26835170485565E-03
9.28086899750544E-03
9.2932160489104E-03
9.3053925701498E-03
9.3173982764458E-03
1.30609260420284E-02
1.68136130264559E-02
1.87047754400641E-02
0.018727414803248
0.018749709813035
0.018771659949574
0.018793264701297
1.88145235649188E-02
1.88354360454368E-02
2.07416018217441E-02
2.45390858941331E-02
2.26753084350965E-02
2.26987350315695E-02
0.024615221743003
2.46396932688628E-02
2.46637102936473E-02
2.65862932030678E-02
2.66111769767829E-02
2.85381102020065E-02
2.66594702728869E-02
2.66828786759723E-02
2.67057941888728E-02
0.032455691198272
3.43930428425351E-02
4.01573672068042E-02
4.01887753491393E-02
4.21346517954819E-02
4.21659977630439E-02
4.41145893586874E-02
4.79844875036809E-02
4.99381443145005E-02
5.18934780400998E-02
0.05577360910679
5.19598671940913E-02
5.00660034318509E-02
4.43153844536212E-02
4.62686516880867E-02
4.62943059532121E-02
4.63191025033135E-02
4.63430407667927E-02
5.21618852159407E-02
4.25226452263905E-02
4.25422253849605E-02
4.44956085431064E-02
4.45144292061844E-02
4.45324244583236E-02
4.06757161560761E-02
3.68153393365943E-02
3.48898333316025E-02
3.68402923389058E-02
3.87913093235243E-02
3.68625116974428E-02
3.68725956114826E-02
3.29996800656746E-02
3.10658616836721E-02
2.91305854394029E-02
2.91363849509178E-02
2.91416437296354E-02
2.72032708776695E-02
2.91505386174818E-02
3.10977861569261E-02
3.11010872373046E-02
3.11038110239007E-02
3.11059574541051E-02
2.91633060736697E-02
2.52756709247774E-02
2.52760073957335E-02
2.72201727204421E-02
2.72195244973866E-02
3.11067097173445E-02
3.11048140146564E-02
3.11023409325221E-02
3.30429961857744E-02
3.30391417999821E-02
3.49778902997974E-02
3.10866761455297E-02
3.10813172843029E-02
3.30175929327781E-02
3.30106735042531E-02
3.10617802241003E-02
3.29949970575491E-02
3.49266074822377E-02
3.29768717165434E-02
3.29668912230161E-02
3.10176933166292E-02
3.10071489298436E-02
2.90587775717149E-02
2.71112931359341E-02
2.51648036307056E-02
2.32194170068902E-02
2.12752411538585E-02
2.12656222848789E-02
1.93232810947771E-02
1.93138201296823E-02
1.73736010962411E-02
1.73644421275291E-02
2.12116195153959E-02
1.92723991080964E-02
1.92611507559528E-02
2.11745002386997E-02
2.11613425348563E-02
2.11477930236304E-02
1.92125927434101E-02
1.91995634900583E-02
2.11047968185311E-02
2.10896832962292E-02
2.10741796213508E-02
2.29726758024036E-02
2.10420032562085E-02
2.10253313099022E-02
0.021008270698934
2.28990783469823E-02
2.47862550841189E-02
2.28597391322775E-02
0.020936149640399
0.020917151809825
1.89979707453255E-02
1.89799982908503E-02
2.27540107293878E-02
2.27316037456677E-02
2.08163793914761E-02
1.89046104802997E-02
2.07733803390823E-02
2.07513063278376E-02
1.88444090980092E-02
2.07060119013248E-02
2.25630464070736E-02
2.25373008696377E-02
2.81389257586821E-02
2.81057077857038E-02
2.80719729424936E-02
2.99069034835813E-02
2.98698195253615E-02
0.027967675121657
2.79318807898321E-02
0.027895573646061
2.41442539340432E-02
2.41119010867418E-02
2.59313449682757E-02
2.58955518422349E-02
2.58592841694216E-02
2.95114774859246E-02
3.31525653383256E-02
3.12649943815381E-02
2.93822687902728E-02
3.48390212622066E-02
3.47859614687424E-02
3.47322660566251E-02
4.01533999149516E-02
4.19120204915229E-02
4.54833931980112E-02
4.72257893348906E-02
3.44542995196442E-02
3.43968174984227E-02
3.43387090400291E-02
3.24757662813608E-02
3.06184479763577E-02
3.59585672297599E-02
3.41000385666079E-02
3.22473020773821E-02
3.04004568636637E-02
3.03445768426935E-02
2.67248352012454E-02
0.024896255475406
2.48488804980519E-02
0.024801055718578
2.65208381551457E-02
2.64686371388108E-02
2.64159578971666E-02
2.63628016904329E-02
2.45552251386035E-02
2.80054010509219E-02
2.79471830078949E-02
0.027888461712781
2.43505837546302E-02
2.42983256462246E-02
2.42456309316792E-02
0.02419250088095
1.89663074666569E-02
1.72035285068092E-02
1.88811162473608E-02
1.71254665191513E-02
1.70859756115138E-02
1.70461793686223E-02
0.01700607875648
1.86622422244843E-02
2.03099619968016E-02
1.85723565403628E-02
2.02111826772679E-02
2.18413579259285E-02
2.17868800370723E-02
2.17320155666398E-02
2.16767658585155E-02
2.16211322676462E-02
2.48828263385239E-02
2.64722694311999E-02
2.80525394263233E-02
2.79777978139069E-02
2.95438905294888E-02
0.02946371048172
2.93830124670194E-02
2.76739207911059E-02
2.92200705495776E-02
2.75190623202126E-02
3.06692521221489E-02
2.89718234085459E-02
2.88880601212142E-02
2.72035824558238E-02
3.35055288386057E-02
3.34060496421136E-02
3.33059902934908E-02
0.031624146007109
0.034680528894171
3.45738973633999E-02
2.50666681512248E-02
2.49882513742536E-02
2.80230798188119E-02
2.32782458242255E-02
2.32035254778347E-02
2.46703012039205E-02
2.45897530051172E-02
2.14451865578172E-02
2.29006857871731E-02
0.022823995966719
0.024263379312748
2.56920480786849E-02
2.56038203683703E-02
2.70160514121701E-02
2.84173704176383E-02
2.98077040961061E-02
2.67316969041481E-02
0.028115789889335
2.80143176628309E-02
2.64433046665298E-02
2.63462883284989E-02
0.030623638992214
3.19622630658808E-02
3.18420888704923E-02
3.17213881018553E-02
3.30365350419198E-02
3.29092568946929E-02
3.27814383195959E-02
3.69121804668758E-02
3.11100981535467E-02
3.94371163910232E-02
0.039278921230791
3.91200891489048E-02
3.75691735527642E-02
4.01862646296461E-02
0.040019807676277
3.98527089556834E-02
4.24218677058144E-02
4.22418874950396E-02
4.20612359330006E-02
4.18799179740704E-02
4.16979386041153E-02
3.88368962057802E-02
3.99987249029674E-02
3.98207248671217E-02
4.22849113218978E-02
4.60400131034198E-02
5.10679284814278E-02
0.0508333410139
4.80032052312533E-02
4.77791733071126E-02
4.62691591582546E-02
4.60497720906348E-02
4.83757831937126E-02
5.06765746617104E-02
0.037822884981441
3.26194050380778E-02
3.12100887677572E-02
3.22971001469359E-02
3.08992627001866E-02
0.031972896216694
3.05866287662015E-02
2.92124594614722E-02
3.14831125209491E-02
3.85463914653363E-02
4.19385179011909E-02
3.69487461602729E-02
3.79369577389164E-02
3.06578541137254E-02
3.16642539652563E-02
0.101471219625153
9.16325394260035E-02
9.11232970570039E-02
8.25838370636861E-02
7.29933185546379E-02
0.065773638633526
6.65237323673833E-02
6.61389239198653E-02
6.35243297051752E-02
0.032129411313406
3.19390150823341E-02
3.39377450845837E-02
3.80860484338155E-02
3.78548129357073E-02
3.54732178934109E-02
0.034186008459304
3.29116646418982E-02
0.032705239442422
3.04017541443631E-02
3.02079282441122E-02
3.10487096823329E-02
3.39322317182177E-02
0.030645908747666
2.94291927920137E-02
2.82256254687897E-02
2.80365518462957E-02
0.030830804895748
2.76575122647266E-02
0.02746755932863
2.82515166170918E-02
2.61194336436198E-02
2.78566201733771E-02
2.86125150883527E-02
0.028407565613726
2.53821169550978E-02
0.025197193918775
3.33493954987011E-02
3.58607626025748E-02
3.65053425688284E-02
3.53243608671189E-02
3.59545929605923E-02
3.74627301313272E-02
0.053104075488016
5.53240525540322E-02
2.17811236691013E-02
0.021608108430319
2.14349500745425E-02
0.022962587764629
0.022775289490704
0.022587858652093
2.15706618620046E-02
2.13899391898273E-02
2.12091105756873E-02
2.18369596622147E-02
1.76399088623198E-02
1.82815172532868E-02
1.81212442598955E-02
1.71800014976188E-02
2.08962664090766E-02
1.84070492408392E-02
0.018999580898073
2.10841301691015E-02
1.56665235297329E-02
0.019215154088036
1.75695200296095E-02
1.74019700204122E-02
1.65163219482713E-02
9.95568371318321E-03
9.85796476654336E-03
1.04574225973767E-02
1.24233136728234E-02
1.29809602198142E-02
0.012848462370952
1.40545381061763E-02
1.39082023188319E-02
1.44172620974919E-02
1.42641028090591E-02
8.33833447527955E-03
8.24793523411064E-03
7.53008768083986E-03
8.68788143164894E-03
7.36348659198378E-03
7.28028538361836E-03
7.19715640102808E-03
7.70694622356725E-03
7.03113341161845E-03
7.52726940289213E-03
6.29333349784963E-03
6.78275631512953E-03
7.25850479427953E-03
7.72060971608742E-03
8.16910355700692E-03
1.02172743604679E-02
1.00872078869877E-02
1.04814103573432E-02
0.010344924633758
1.02086651129899E-02
1.05762726502765E-02
1.04337030892379E-02
9.80133255255689E-03
9.66606717714866E-03
9.53107322888242E-03
0.009396360095311
9.2619372839307E-03
9.12781442475317E-03
8.54430120929379E-03
8.41748232593259E-03
7.85460937867982E-03
7.73506759299522E-03
8.03894310720978E-03
8.7464282446708E-03
8.60809841817647E-03
8.06682801099969E-03
8.7294456094031E-03
8.97608911523289E-03
8.44265938056177E-03
8.67723414566757E-03
8.15774815353552E-03
8.01602737263384E-03
8.59070591858719E-03
8.4372223723252E-03
8.97468119544064E-03
8.47085097696877E-03
8.31283846202233E-03
7.50304115489311E-03
0.007998790292853
8.1564986802933E-03
6.76498844439862E-03
6.02632498598271E-03
5.90324996765378E-03
5.78077839609555E-03
5.65892444804112E-03
5.81458765189237E-03
6.50055271348154E-03
6.62151690330604E-03
6.73136934336484E-03
5.81834599604951E-03
5.68283284236272E-03
6.03059962971664E-03
6.59134728908542E-03
6.6591056762264E-03
6.71646114859382E-03
6.32719741425019E-03
6.3755023055309E-03
6.20686442805648E-03
6.2408060385627E-03
5.87340532843217E-03
5.32806296557738E-03
5.73005911182603E-03
5.56261179711702E-03
4.87436187394116E-03
4.89454427012421E-03
4.25149919459025E-03
4.11608092349739E-03
4.28829070232952E-03
4.29337915404117E-03
6.86375178720378E-03
6.2098264848022E-03
7.98315660103945E-03
4.74211803931575E-03
4.56341408034505E-03
4.62400625661275E-03
5.92034437281533E-03
5.89692187860734E-03
5.64915195131451E-03
5.50489608860055E-03
5.35521279031625E-03
5.06626280102077E-03
7.1847355666542E-03
7.09146395941602E-03
6.82002777066241E-03
8.29969135350545E-03
7.92537723578353E-03
7.81193916099732E-03
5.94028643576789E-03
5.43880824456231E-03
4.21890754562655E-03
4.15198617472408E-03
4.16289949437489E-03
6.17847531472539E-03
6.07222814364074E-03
5.14470750151022E-03
3.00141770241033E-03
4.09464356788243E-03
4.01579986255049E-03
2.4169489933408E-03
2.23228789831456E-03
4.37058119595391E-03
4.27569922539857E-03
4.49660169498023E-03
4.39265615030834E-03
2.77800765456376E-03
2.41497764484923E-03
4.07539716728178E-03
3.96790670042365E-03
0.004511915929228
4.3843648644645E-03
4.35847982033942E-03
4.17636911741731E-03
4.09289022172677E-03
4.00552343742937E-03
3.82432732262366E-03
3.51549949277327E-03
3.38614491095468E-03
3.3367873299873E-03
1.89122447011918E-03
1.77542658078369E-03
1.69817317054835E-03
1.65471339974449E-03
1.7367990087009E-03
1.5891380482222E-03
1.59301598526907E-03
1.3687961105686E-03
1.23834048776569E-03
1.16328324816232E-03
1.06632095417197E-03
6.77108737451899E-04
6.28935861305181E-04
7.08823914786885E-04
6.02119925616881E-04
5.66467718490634E-04
8.77734215054608E-04
8.18802782770201E-04
7.46361097884218E-04
6.24437092500443E-04
5.69018749825282E-04
5.28451084808375E-04
3.56030287949464E-04
3.26844474266265E-04
2.99167497794881E-04
3.07604512846578E-04
2.49943725079309E-04
2.09066381843394E-04
1.600968668624E-04
1.2050603843925E-04
8.6480309640255E-05
6.02584107713711E-05
4.09107721466234E-05
2.41894097787467E-05
7.41005769222804E-06
3.86144182351149E-06
1.77022666031049E-06
5.84446132728423E-07
1.84270639554405E-07
3.49797593108767E-08
4.57217559425558E-09
2.75304064216045E-10
4.37740411908011E-12
4.83778762495447E-15
1.36498530262591E-20
1.16436588416569E-35
4.22964498082663E-225
0
0
0
0
0
0
0
0
0
0
0
0
0
0
0
0
0
0
0
0
0
0
0
0
0
0
0
0
0
0
0
0
0
0
0
0
0
0
0
0
0
0
0
0
0
0
0
0
0
0
0
0
0
0
0
0
0
0
0
0
0
0
0
0
0
0
0
0
0
0
0
0
0
0
0
0
0
0
0
0
0
0
0
0
0
0
0
0
0
0
0
0
0
0
0
0
0
0
0
0
0
0
0
0
0
0
0
0
0
0
0
0
0
0
0
0
0
0
0
0
0
0
0
0
0
0
0
0
0
0
0
0
0
0
0
0
0
0
0
0
0
0
0
0
0
0
0
0
0
0
0
0
0
0
0
0
0
0
0
0
0
0
0
0
0
0
0
0
0
0
0
0
0
0
0
0
0
0
0
0
0
0
0
0
0
""
