0
0
0
0
0
0
0
0
0
0
0
0
0
0
0
0
0
0
0
0
0
0
0
0
0
0
0
0
0
0
0
0
0
0
0
0
0
0
0
0
0
0
0
0
0
0
0
0
0
0
0
0
0
0
0
0
0
0
0
0
0
0
0
0
0
0
0
0
0
0
0
0
0
0
0
0
0
0
0
0
0
0
0
0
0
0
0
0
0
0
0
0
0
0
0
0
0
0
0
0
0
0
0
0
0
0
0
0
0
0
0
0
0
0
0
0
0
0
0
0
0
0
0
0
0
0
0
0
0
0
0
0
0
0
0
0
0
0
0
0
0
0
0
0
0
0
0
0
0
0
0
0
0
0
0
0
0
0
0
0
0
0
0
0
0
0
0
0
0
0
0
0
0
0
0
0
0
0
0
0
0
0
0
0
0
0
0
0
0
0
0
0
0
0
0
0
0
0
0
0
0
0
0
0
0
0
0
0
0
0
0
0
0
0
0
0
0
0
0
0
0
0
0
0
0
0
0
0
0
0
0
0
0
0
0
0
0
0
0
0
0
0
0
0
0
0
0
0
0
0
0
0
0
0
0
0
0
0
0
0
0
0
0
0
0
0
0
0
0
0
0
0
0
0
0
0
0
0
0
0
0
0
0
0
0
0
0
0
3.37316632638126E-56
5.56117748268719E-28
1.84546875072681E-19
3.14388687231141E-15
9.16393902237727E-13
3.93387716935132E-11
5.73302383666893E-10
4.72787803521365E-09
2.15019098214061E-08
8.56438865257694E-08
2.20265271612955E-07
5.20627403698592E-07
1.12328334181073E-06
2.03085160386117E-06
3.51606950784203E-06
5.50275328935545E-06
8.16640091378698E-06
1.1181204101638E-05
1.58631284074992E-05
2.32803901740308E-05
3.10054972044986E-05
3.7860226802872E-05
7.69353123820643E-05
8.60388552680951E-05
9.40463003896935E-05
1.18557066352422E-04
1.44010728177922E-04
2.93640610371441E-04
2.48161046096995E-04
2.62675729961359E-04
4.09361593316719E-04
4.6128770516398E-04
5.10191177912994E-04
6.01475626602289E-04
6.5030742131045E-04
7.31674920265779E-04
8.01151204345439E-04
8.92209999854487E-04
9.8876903113654E-04
1.05841498519568E-03
1.15223678539459E-03
1.22548551061163E-03
1.29964113462262E-03
1.23713094004864E-03
1.31970447883473E-03
1.35853570732443E-03
1.5710919464609E-03
1.31060854679711E-03
1.35342800616899E-03
1.50500481782343E-03
1.58796791615041E-03
1.39381167908229E-03
1.05526394844976E-03
1.26679664024749E-03
1.29050573706098E-03
1.3586439402693E-03
1.3806300288233E-03
1.22889927584342E-03
1.19142810499002E-03
1.14920324617749E-03
1.15600438947565E-03
1.2717131089576E-03
1.27819460667448E-03
1.39961933063974E-03
1.34590251649063E-03
1.50208251421661E-03
1.66398541128731E-03
1.86367890990504E-03
2.33333875024554E-03
2.38491907986249E-03
2.60769114315936E-03
2.66211035382713E-03
2.71612165851118E-03
3.64436691947663E-03
3.56576411949271E-03
3.78375037334394E-03
3.85260008626607E-03
3.68562960949658E-03
3.78916469849747E-03
3.81238904274448E-03
3.83373569348071E-03
3.9369863891269E-03
3.9984715854056E-03
4.0594141123159E-03
4.03215868786385E-03
3.46823926723558E-03
3.51746082478755E-03
3.61195624956704E-03
3.70724535133018E-03
3.75635841467269E-03
4.09039491360363E-03
4.47937757462979E-03
4.29108839318388E-03
4.39248990482321E-03
4.44463682304623E-03
4.54681507015283E-03
4.49637253957148E-03
4.59815883567498E-03
4.54391435885388E-03
4.59253602059316E-03
4.64069832126961E-03
4.6884052567286E-03
5.17112396681045E-03
5.22223666982905E-03
5.3838733608133E-03
5.49111079648621E-03
5.59890962152302E-03
5.53604200702265E-03
5.47063757506228E-03
5.6931997146801E-03
5.76010873053836E-03
6.04483160393182E-03
2.40790859092703E-03
2.4965065081347E-03
2.72212284663055E-03
2.88772055572326E-03
3.05905134790993E-03
2.78460969483869E-03
2.87517080162769E-03
2.64583990304598E-03
2.31471206685544E-03
2.38506550774114E-03
2.80686298043423E-03
2.70805790755943E-03
3.06381699716565E-03
3.14942568039664E-03
3.52983079786572E-03
7.55128018091951E-03
7.75015817889992E-03
7.84441732518379E-03
9.13029562515845E-03
9.24621518508063E-03
9.12991027519884E-03
9.34918101791212E-03
1.01679142447893E-02
0.010403731443122
8.38755681822711E-03
8.31960616124973E-03
9.28794436654359E-03
6.81633613337591E-03
6.96181843720664E-03
1.01742736326544E-02
6.54375147249926E-03
7.25757639914691E-03
7.25501429989729E-03
7.54925782529127E-03
8.15787535431468E-03
1.19222953693554E-02
1.21474815730905E-02
1.41645433473554E-02
1.62482751171891E-02
1.68798675248131E-02
1.71810438272336E-02
1.74833764176365E-02
1.77868405234366E-02
0.018091411652686
1.83970655891911E-02
1.87037783877114E-02
1.90115263692395E-02
1.73882575047246E-02
0.018059631711199
1.81460811517586E-02
1.86322131573875E-02
1.89197846499669E-02
0.019625751901945
1.99212434021695E-02
1.97873780183471E-02
2.05146167323884E-02
2.10338675177474E-02
2.15602147342945E-02
1.86771162569961E-02
1.84769077246965E-02
1.94353027786565E-02
0.01970140224583
1.99680735685282E-02
2.04790991126016E-02
2.32203400445234E-02
8.00823330824552E-03
8.11186550668954E-03
8.21568711333463E-03
1.29995188959957E-02
1.47417803215135E-02
1.54574138299994E-02
1.61864020857943E-02
1.52904973113392E-02
2.43162159066969E-02
2.51641180054483E-02
2.54597801191366E-02
2.00323104801194E-02
1.99733880718641E-02
2.16647475522314E-02
2.10208345983266E-02
0.023351088206589
2.33064516048834E-02
2.38674320592826E-02
0.024125973158115
2.50099931871839E-02
2.55915658017328E-02
2.58607252998109E-02
2.64526773283439E-02
2.73773922302656E-02
2.73278485508899E-02
2.79369740589348E-02
2.82170022524886E-02
2.95149276073292E-02
2.94626468503536E-02
2.97497365592705E-02
0.025845732066139
2.71507551366112E-02
2.66961526852414E-02
2.80246966341113E-02
2.97359802078267E-02
3.00101407627427E-02
3.28695782762084E-02
3.65211795190142E-02
3.72249073101189E-02
0.037935316777044
3.82696967918614E-02
3.86040427924677E-02
3.89383411517275E-02
3.88798525574734E-02
3.96067409282437E-02
3.99408155779063E-02
3.82610495960673E-02
3.81721293004025E-02
4.09423799521934E-02
4.12759713642418E-02
4.11933154572164E-02
4.15232549136991E-02
3.93164709358795E-02
4.26086773465999E-02
4.29413756438506E-02
3.50518246953804E-02
3.75012554610528E-02
3.86655486134065E-02
4.42698827219379E-02
4.46013767784844E-02
4.17873120088135E-02
4.52635211025376E-02
4.55941475326354E-02
4.59244610450824E-02
4.62544499127422E-02
4.65841024835796E-02
4.69134071798397E-02
4.72423524972466E-02
4.75709270042161E-02
0.047899119341088
4.82269182193725E-02
4.85543124210141E-02
4.69260391657634E-02
4.23187443522047E-02
4.30945415694909E-02
3.63975229834531E-02
3.91441638809812E-02
3.83872655288718E-02
4.11753885582087E-02
4.04144836135676E-02
5.04512161148725E-02
5.07675066473131E-02
0.033360512019542
2.62237439011611E-02
5.27686311641501E-02
5.30892198148843E-02
5.23410586441932E-02
3.92219452209355E-02
3.35094843495142E-02
3.26194940469216E-02
3.28100916659834E-02
3.46503361400034E-02
0.035402851753112
0.05062579632074
5.09125760984601E-02
5.28866315510496E-02
5.48789121158183E-02
5.63204549393364E-02
5.72018155439733E-02
5.75135899292831E-02
5.78246621447655E-02
5.81350228100306E-02
5.84446625986583E-02
5.87535722378316E-02
5.90617425079768E-02
5.93691642424131E-02
0.059675828327008
5.99817256998421E-02
5.84782419303541E-02
5.33202422030529E-02
6.08947277049307E-02
6.11974686444382E-02
0.061499398334534
6.18005080199265E-02
6.21007889953852E-02
6.24002326054598E-02
6.26988302442067E-02
6.29965733549204E-02
6.32934534298714E-02
6.35894620100509E-02
6.38845906849197E-02
6.41788310921645E-02
6.44721749174582E-02
6.47646138942274E-02
6.50561398034231E-02
6.53467444732992E-02
6.56364197791937E-02
0.065925157643317
6.62129500345434E-02
6.64997889682089E-02
0.066785666505913
6.70705747553248E-02
6.60074157525951E-02
3.31423515040935E-02
3.19221206026792E-02
3.13721649676998E-02
4.24577882616991E-02
3.85051704717645E-02
5.17778542970442E-02
4.78266699014941E-02
6.05431706844259E-02
6.07822391104317E-02
6.73328456022564E-02
7.04110585484479E-02
7.06826684848933E-02
7.09532033797532E-02
7.12226560114289E-02
7.14910192018581E-02
7.17582858163886E-02
7.20244487636537E-02
7.22895009954517E-02
7.25534355066277E-02
4.44179096543251E-02
4.45775333722367E-02
0.042536308718751
3.97428431808511E-02
4.57907820445391E-02
3.92799872802131E-02
3.79282417459482E-02
4.85055006490494E-02
0.052414189795968
4.58291751986884E-02
5.05052598522688E-02
5.06727538106857E-02
5.15982380925816E-02
4.56764019797333E-02
0.051170374753057
5.13346138594494E-02
6.61019472221359E-02
6.86238019331527E-02
6.96121368815362E-02
7.21559036235621E-02
7.23780985934174E-02
7.72829349357118E-02
6.89039662348829E-02
6.83255191049192E-02
6.85289587329994E-02
7.90014716709264E-02
7.92327343143093E-02
7.94627001771435E-02
7.96913634632422E-02
7.99187184170943E-02
7.77404165441022E-02
0.075547311678561
8.05928763392007E-02
8.08149412208232E-02
8.10356696011522E-02
8.12550559677749E-02
8.14730948486487E-02
8.16897808120642E-02
8.19051084666075E-02
8.21190724611258E-02
0.081508350809846
8.17174593839111E-02
8.02701476889216E-02
7.96427387742222E-02
0.054059364487091
5.50267904786772E-02
5.85047378193771E-02
6.19979871959184E-02
6.63461913196858E-02
5.97696194270362E-02
5.73792055377778E-02
5.92048673375282E-02
0.034757401349113
3.99351870041335E-02
4.59871437024083E-02
4.35299420957101E-02
4.27714147762098E-02
5.65827097023016E-02
5.49878204163028E-02
5.51066228427431E-02
6.55790777511939E-02
6.57179227219029E-02
6.49891245092019E-02
0.065992244755097
6.35174106248217E-02
6.53901850057737E-02
4.71755783451475E-02
4.81447745052648E-02
4.73624408103344E-02
4.65758637443935E-02
4.84265336244776E-02
4.23436722804775E-02
3.97719931741925E-02
2.03657889242121E-02
0.019516218457711
2.22179324337325E-02
2.31482789194891E-02
2.58652208867313E-02
0.025910760643736
2.86409405358769E-02
2.77936325425116E-02
3.05351507124297E-02
3.05864334665884E-02
3.24393733654403E-02
3.33951193508612E-02
3.88733852502419E-02
3.98410291556419E-02
3.89970405409609E-02
4.17828181508074E-02
0.04002770394505
3.37108153590851E-02
2.73740946513039E-02
2.65007980805601E-02
2.65395092405242E-02
2.47448086063657E-02
2.56977643315282E-02
0.025733796882839
2.57693798005881E-02
2.58045122433351E-02
2.58391933807384E-02
0.025873422393556
0.026832455561991
3.24256510299627E-02
3.33943568467584E-02
0.034364808732103
3.34771170332013E-02
3.44486615318047E-02
3.44896814952878E-02
0.035463341710548
3.55042254458825E-02
3.55444852941098E-02
0.036520544527866
7.49960622320367E-02
7.41384067992709E-02
6.85801710495103E-02
7.05323558795488E-02
6.96629979372222E-02
6.97328441896767E-02
7.54610395552492E-02
7.55338902992729E-02
7.56054091097986E-02
6.43242551659732E-02
6.62763887331734E-02
0.057806617487151
3.03512528062125E-02
3.32250479250245E-02
3.51529876834056E-02
3.51817321449659E-02
2.95001486209401E-02
0.027618467439431
2.57333585689941E-02
2.38449226290523E-02
0.023862239547565
2.10136381065012E-02
2.29397819791901E-02
2.39116552128527E-02
2.29701895599303E-02
2.29847832965504E-02
2.29989698743415E-02
2.20538844228795E-02
4.02957104231513E-02
3.26387014826972E-02
4.41823064247234E-02
2.40247751614669E-02
2.40370012272604E-02
2.30868489311973E-02
2.21353601861154E-02
0.022145430767014
2.21551084010419E-02
2.21643928633174E-02
2.41013955849226E-02
2.31462066980198E-02
2.21898851083687E-02
2.21975948182314E-02
1.93086177126087E-02
1.83489043588768E-02
1.83542960084589E-02
1.93256438427071E-02
2.02971644484465E-02
2.03020422864846E-02
2.32074964980159E-02
2.22450696763723E-02
2.12818689360818E-02
2.32205094226338E-02
2.32240219139449E-02
2.41949184232922E-02
2.61335347514753E-02
2.90401034955914E-02
0.03001051102467
0.034853088439033
3.48546413754776E-02
3.58237852131324E-02
7.06799965241724E-02
8.90753789128498E-02
8.90730145747127E-02
8.90690670434888E-02
9.00316183282386E-02
9.09924319961152E-02
9.09835465293325E-02
9.09730440514889E-02
8.70902471548619E-02
8.80446192104701E-02
7.25519977461761E-02
7.44728186037343E-02
7.44575962535309E-02
7.05739834048233E-02
5.89586256464014E-02
5.79771376217224E-02
5.60291160846881E-02
6.27728205180247E-02
6.27532753850566E-02
6.56279673396782E-02
6.75347533115398E-02
4.82215041958458E-02
5.10952253782453E-02
3.66196315916594E-02
3.56410296278016E-02
3.46626191491849E-02
3.36844517814894E-02
2.88587462866426E-02
2.88445934108357E-02
0.027868931311468
2.78542614497002E-02
2.87990666065798E-02
2.97422984379315E-02
3.16427783640526E-02
3.16238395820842E-02
2.87312186332774E-02
6.69969608882456E-02
2.19989168065651E-02
2.19841569262901E-02
2.00586593431873E-02
2.00444725511106E-02
2.00299310610917E-02
2.66867136162647E-02
2.66663804691425E-02
2.85488311940703E-02
2.85260357547341E-02
2.94528273501932E-02
2.75296351463135E-02
0.025609163944164
2.55868360174974E-02
2.46172394586008E-02
0.026486782007097
3.21326998503472E-02
3.21023118995422E-02
3.20713578674372E-02
3.48668830504346E-02
3.57733726449737E-02
3.57368838451831E-02
3.56997656969143E-02
4.03543900008958E-02
3.84360378661999E-02
3.93303959343563E-02
4.20927835893651E-02
3.64391016602501E-02
3.63971505581624E-02
3.44902237074301E-02
3.25870922457746E-02
3.25477252529837E-02
3.06501993969111E-02
4.26712811618167E-02
3.98379052216471E-02
3.97867409002467E-02
4.15830137058578E-02
4.61422360870126E-02
5.99044110954642E-02
5.89025157702847E-02
5.33067098601484E-02
5.32320833963062E-02
7.88182990865957E-02
7.87048918382331E-02
8.49869810345094E-02
8.48613761869504E-02
8.47342924004955E-02
8.46057326905651E-02
8.35673592480354E-02
8.43441977461951E-02
7.78727491452386E-02
0.077748435208763
7.67201805339553E-02
7.65946457123969E-02
8.09658869968025E-02
7.81358186287358E-02
7.88998485853667E-02
7.24990495968056E-02
7.68405970246405E-02
7.75974909472063E-02
7.38981901017541E-02
7.37653138967287E-02
7.00826749142886E-02
6.99537823173643E-02
0.070707528418189
7.05745661022693E-02
5.89938261905022E-02
8.78812522285905E-02
8.77105078336533E-02
8.75382577808782E-02
0.087364506224128
8.71892573569417E-02
8.70125154125426E-02
8.16242275840156E-02
8.14552952580631E-02
5.27487581666858E-02
7.24841904500503E-02
7.23295107983241E-02
7.30328085095328E-02
7.45884752245839E-02
7.52799081475424E-02
7.51127234669298E-02
0.078350821510374
7.81733764722816E-02
0.077994607389168
7.10480387501972E-02
5.40056449426761E-02
0.069031878042022
6.88678591508533E-02
6.95405174954692E-02
7.35511989263027E-02
0.060031191335436
5.40611508668074E-02
5.30969299478252E-02
5.62737501129994E-02
5.69565274586746E-02
5.84574875623862E-02
4.51670520225511E-02
5.97928158885759E-02
0.064537199379188
6.35512718357136E-02
7.47573311436453E-02
7.45555121632778E-02
7.43524584630109E-02
7.09243414131709E-02
6.91203193612431E-02
6.89270742898545E-02
6.95319115676209E-02
6.77402399515262E-02
6.75458909367829E-02
0.067350434666434
6.71538760667778E-02
6.69562200987286E-02
6.67574717578604E-02
6.65576360744525E-02
6.16727144819917E-02
6.14849778237668E-02
6.28480484618907E-02
6.18800204595988E-02
6.16868950723907E-02
6.14927753987337E-02
6.12976664029583E-02
6.11015730824494E-02
6.09045004677018E-02
6.07064536223786E-02
6.05074376433695E-02
6.03074576608521E-02
4.95878780416425E-02
4.71748932685958E-02
4.55226114396882E-02
4.68546761559615E-02
4.52111256874188E-02
5.61332439328449E-02
5.74090175491671E-02
0.030070189420181
2.99633743592366E-02
0.027671500351485
2.61204994669808E-02
2.60254884187181E-02
2.52097950976184E-02
1.86580778259251E-02
1.85885923156514E-02
1.92310840429774E-02
2.12870397079344E-02
0.021205883549285
2.46451389907582E-02
2.17440259800535E-02
2.16591715074654E-02
2.08780553603369E-02
1.94089545255888E-02
2.14026582998928E-02
2.06288822479572E-02
0.019860367269444
1.97791871211834E-02
1.83392515282872E-02
2.02923640777861E-02
2.02074841749187E-02
2.88419758898042E-02
2.87194709161514E-02
2.85965491034696E-02
2.84732138451977E-02
2.83494685545836E-02
0.026256108525365
0.027447255544474
5.59516138401243E-02
5.57009120633811E-02
5.35151426888039E-02
5.39135047078172E-02
5.36663527499639E-02
5.40543885368159E-02
5.44357651710541E-02
5.41804582404007E-02
5.39244090018329E-02
5.49157090684488E-02
4.96838259603924E-02
4.88255649304187E-02
4.55125262595656E-02
4.40650764269562E-02
4.20201477425376E-02
4.48404717463777E-02
4.22036339405593E-02
4.19900560588689E-02
4.11791360154816E-02
4.03738122682898E-02
3.66208218116899E-02
0.039955223263846
3.21468297796309E-02
4.88368870853402E-02
4.68413281345816E-02
4.65893672660145E-02
4.63368375384084E-02
4.60837465933112E-02
4.58301021165971E-02
4.55759118387851E-02
4.47616627509765E-02
4.45095555823437E-02
0.044810144180494
4.45538489078961E-02
4.42970471680916E-02
4.83893516052201E-02
4.70250642340196E-02
3.86877186096701E-02
2.08312656522115E-02
2.28301987931535E-02
2.32200779234639E-02
2.04561896485735E-02
1.92881324639073E-02
1.86508342675027E-02
1.80197970500649E-02
1.79066589161315E-02
1.67765822669515E-02
1.66695808736107E-02
1.60605290740762E-02
1.59564654685069E-02
1.53568717420699E-02
1.37794127215448E-02
1.31991234962698E-02
1.26252541518771E-02
1.25401330802947E-02
1.29339416292203E-02
1.33210840965318E-02
1.18116827132451E-02
1.17294475997526E-02
1.02494678909628E-02
1.06395337519205E-02
1.01043487455553E-02
8.66372424702866E-03
0.00860090600241
8.08866048889907E-03
8.0290421478558E-03
7.52663087548937E-03
8.78850868459573E-03
9.15821220111094E-03
8.65565681331384E-03
8.15970295492611E-03
8.52262190553041E-03
8.8788441028629E-03
9.22836618221899E-03
8.32276982571922E-03
8.25608261343429E-03
8.18936472226602E-03
8.52874966339255E-03
8.4586395815595E-03
8.78795809506708E-03
9.11057385628911E-03
9.42648700221249E-03
9.73569822305709E-03
1.08103786725063E-02
0.011482244941053
8.72614713489523E-03
8.64923510669523E-03
8.94503118293781E-03
8.49540966944432E-03
8.4185026916591E-03
8.34160386876821E-03
8.98338747516952E-03
8.54383702761349E-03
9.16894433370565E-03
8.73277829330097E-03
8.64929090332747E-03
8.90846752572998E-03
9.50030120616478E-03
9.74287196762797E-03
9.64619488997404E-03
9.87886642328719E-03
9.12703872338827E-03
8.71122408385646E-03
8.30212461049349E-03
9.47968483518838E-03
9.38007349978663E-03
9.28054535937309E-03
8.26299474265279E-03
8.47630758564325E-03
8.68309190947719E-03
8.58725040153509E-03
7.61308079110596E-03
7.81685861119867E-03
8.01415159939217E-03
7.63911609850131E-03
7.83006092619283E-03
8.01456460349517E-03
7.10029302613381E-03
7.28505633448969E-03
1.83919914335876E-02
2.23796051652901E-02
2.31429993628682E-02
2.25969453622771E-02
2.25649680867176E-02
0.022527034289097
2.22361111417494E-02
2.36526469610788E-02
2.28590932410187E-02
2.06545861490943E-02
1.99072486634944E-02
1.96353316552801E-02
1.93640342181918E-02
1.93180016182224E-02
1.94877217457138E-02
1.46249441508977E-02
1.61341673472503E-02
0.015685783282582
1.54531537849818E-02
1.52211726858947E-02
1.49898562192181E-02
1.35625272152149E-02
1.49219663167847E-02
1.46865476807025E-02
1.44518801514659E-02
1.40309026266964E-02
5.52034302871283E-03
5.42864257022423E-03
5.15935796245491E-03
5.24622315494216E-03
5.15551880838789E-03
4.55864512382433E-03
4.97515799216431E-03
5.86261997073274E-03
5.75549386946423E-03
5.80573230979002E-03
5.69657106898416E-03
5.13482225202912E-03
4.88731200315353E-03
5.37203709572117E-03
5.26487590151648E-03
6.27353535875654E-03
5.73486204930678E-03
5.48135320866913E-03
0.005495859907753
5.50535123194989E-03
5.38466157766408E-03
5.26465764593539E-03
5.26501185203389E-03
5.02675933404665E-03
5.02305182705061E-03
5.34894443056474E-03
5.32776606058144E-03
5.6201901708341E-03
6.51236561815474E-03
1.00718927737661E-02
9.80857945364551E-03
9.54718233593163E-03
5.75839623991705E-03
5.41816497077936E-03
5.17715260219148E-03
4.51636933212339E-03
4.21778219212766E-03
4.09071021132884E-03
4.1979635228824E-03
4.06577726636889E-03
4.29913558012033E-03
7.04640510703865E-03
6.80846018644437E-03
6.57287533801204E-03
6.33969068592533E-03
5.8034995141757E-03
5.52784388484024E-03
4.5899482296416E-03
4.26184194603223E-03
5.08007219860485E-03
5.09054157457922E-03
5.60387394055475E-03
5.55109124964389E-03
5.49780432127504E-03
5.28068804009195E-03
5.28190437179212E-03
5.12147493104109E-03
5.12113222193261E-03
4.96245595621586E-03
4.23712491302013E-03
4.5481459335092E-03
4.4969795927802E-03
3.94585294366467E-03
3.80084771139384E-03
3.70654138916541E-03
3.70934702315882E-03
3.90080511270283E-03
4.36752346470547E-03
4.31043655796698E-03
3.10958929949906E-03
3.33769726019181E-03
3.33547859062561E-03
3.28772477695858E-03
3.23953888793573E-03
3.19092029668628E-03
3.18376030877155E-03
3.17484785789122E-03
3.08303369741989E-03
2.95222432445137E-03
3.09821259342621E-03
3.04427542392191E-03
2.8385032579061E-03
2.78644929654647E-03
2.69752378862664E-03
2.60959457685364E-03
1.22630437681634E-03
1.16692408290399E-03
1.31040195506696E-03
1.15057721371803E-03
1.12497594954716E-03
1.06779688105453E-03
1.13459193934638E-03
9.87323919102275E-04
9.33400169194178E-04
9.94503942412442E-04
1.02327430430124E-03
9.950778530597E-04
9.92881962437282E-04
9.63672064464222E-04
9.58942838749273E-04
8.81128687263045E-04
8.52413817236024E-04
8.01376776322355E-04
7.94815850482623E-04
1.88386707416281E-03
1.83282216535224E-03
1.74196921609429E-03
1.57931041778601E-03
1.51250928082878E-03
1.44591513230096E-03
1.34751083426161E-03
1.26779446481059E-03
1.19001364861394E-03
1.11423028698928E-03
1.06652014443974E-03
1.00570327006746E-03
9.57160833512845E-04
9.18824354799134E-04
8.58403350637457E-04
8.74282462688169E-04
8.10696638026965E-04
7.56621715620688E-04
6.88051247809186E-04
6.29278491209519E-04
5.66249061410543E-04
5.45407024795604E-04
4.99958223112424E-04
4.45914982066497E-04
3.23548440614293E-04
2.83789941936976E-04
2.49503879830458E-04
1.52382089187207E-04
1.24949728872926E-04
1.11943353852693E-04
9.37809839957756E-05
7.59433999392393E-05
7.67923574518008E-05
5.57708444177804E-05
3.75396351363185E-05
2.37089528790359E-05
1.64137164214341E-05
1.36362943091728E-05
8.97263926671518E-06
5.37957394119006E-06
3.06292260473848E-06
1.59858435151595E-06
6.87282750983068E-07
2.39813886764615E-07
6.04570414688936E-08
6.90916308792169E-09
9.84385781275984E-10
6.02588582911162E-11
1.15460215349115E-12
4.60362927701438E-15
3.46403066918904E-19
1.08468091261205E-27
2.75391541504233E-55
0
0
0
0
0
0
0
0
0
0
0
0
0
0
0
0
0
0
0
0
0
0
0
0
0
0
0
0
0
0
0
0
0
0
0
0
0
0
0
0
0
0
0
0
0
0
0
0
0
0
0
0
0
0
0
0
0
0
0
0
0
0
0
0
0
0
0
0
0
0
0
0
0
0
0
0
0
0
0
0
0
0
0
0
0
0
0
0
0
0
0
0
0
0
0
0
0
0
0
0
0
0
0
0
0
0
0
0
0
0
0
0
0
0
0
0
0
0
0
0
0
0
0
0
0
0
0
0
0
0
0
0
0
0
0
0
0
0
0
0
0
0
0
0
0
0
0
0
0
""
