0
0
0
0
0
0
0
0
0
0
0
0
0
0
0
0
0
0
0
0
0
0
0
0
0
0
0
0
0
0
0
0
0
0
0
0
0
0
0
0
0
0
0
0
0
0
0
0
0
0
0
0
0
0
0
0
0
0
0
0
0
0
0
0
0
0
0
0
0
0
0
0
0
0
0
0
0
0
0
0
0
0
0
0
0
0
0
0
0
0
0
0
0
0
0
0
0
0
0
0
0
0
0
0
0
0
0
0
0
0
0
0
0
0
0
0
0
0
0
0
0
0
0
0
0
0
0
0
0
0
0
0
0
0
0
0
0
0
0
0
0
0
0
0
0
0
0
0
0
0
0
0
0
0
0
0
0
0
0
0
0
0
0
0
0
0
0
0
0
0
0
0
0
0
0
0
0
0
0
0
0
0
0
0
0
0
0
0
0
0
0
0
0
0
0
0
0
0
0
0
0
0
0
0
0
0
0
0
0
0
0
0
0
0
0
0
0
0
0
0
0
0
0
0
0
0
0
0
0
0
0
0
0
0
0
0
0
0
0
0
0
0
0
0
0
0
0
0
0
0
0
0
0
0
0
0
0
0
0
0
0
0
0
0
0
0
0
0
0
0
0
0
0
0
0
0
0
0
0
0
0
0
0
0
0
0
0
0
0
0
0
0
0
0
0
0
0
0
0
0
0
0
0
0
0
8.6335613076526E-64
9.68191541458973E-29
2.61751403773477E-19
6.12485520949976E-15
2.10347550270388E-12
8.99872777536719E-11
1.32377788240949E-09
1.26876047340822E-08
5.68464517605851E-08
2.26752926049387E-07
4.32914634980009E-07
9.54114481072211E-07
1.89738973447638E-06
3.41371923850398E-06
5.08945604442045E-06
7.92653414425388E-06
1.17082459733804E-05
1.79681693338778E-05
2.4476469470736E-05
3.65651450595939E-05
4.80887386563718E-05
6.03949274551288E-05
7.26545486156856E-05
8.78820051285636E-05
1.87444623065924E-04
2.54575262803608E-04
1.12902910823252E-04
1.22039279975618E-04
1.34476543407558E-04
1.46749178470324E-04
1.53244208527537E-04
1.70246824588869E-04
1.87922742910831E-04
2.0622135361462E-04
2.41170998595445E-04
2.70684273339335E-04
3.11570351432855E-04
3.35502644688662E-04
4.14423091980783E-04
5.94528784073855E-04
9.31501429763653E-04
9.63039711509223E-04
7.82493440507955E-04
8.11863928563424E-04
7.46660087415342E-04
8.5045134010888E-04
9.95189660992909E-04
1.04199002086812E-03
1.10770749682764E-03
1.29265866646956E-03
1.89698830646503E-03
1.82405929727288E-03
1.03503029620155E-03
1.16447986766418E-03
1.08755569993175E-03
1.07580722176325E-03
1.08598381656455E-03
1.19866453398266E-03
1.45029143421857E-03
1.43795941477913E-03
1.47914317662005E-03
9.64687314035028E-04
1.02055995297271E-03
9.54656980574101E-04
9.47084638520935E-04
9.70157461989586E-04
9.2686991410217E-04
9.48110211233631E-04
8.99968982156488E-04
9.19404566741147E-04
8.66484967352704E-04
8.1047070931958E-04
8.26534419555849E-04
8.42467515621156E-04
8.19256518135281E-04
7.94488207371712E-04
7.6817998263763E-04
5.75827427597553E-04
5.43717251474394E-04
5.52657704113907E-04
5.61518152630689E-04
5.70298574810991E-04
5.7899902214582E-04
5.42418105092272E-04
5.50302028887562E-04
5.11603241623554E-04
4.71541806886052E-04
5.2572205048146E-04
5.8110736723748E-04
5.88627766384061E-04
5.46403535098313E-04
5.02878559679384E-04
5.59864533783191E-04
5.14998501533223E-04
4.68874106041839E-04
4.74197755797036E-04
5.32744470604308E-04
5.38545937741764E-04
5.44291291290391E-04
4.9498293234778E-04
5.00054116693889E-04
5.67075869331254E-04
5.89512543222199E-04
6.12217501131506E-04
5.71667524811888E-04
5.92572518620474E-04
6.13706692960573E-04
7.05628955943429E-04
8.0256817063245E-04
6.78444682840926E-04
6.22627751585981E-04
5.62082512219198E-04
4.96736557477809E-04
4.26519166503944E-04
4.39201596187218E-04
4.51992429016732E-04
3.71911760409222E-04
3.82313178122094E-04
3.92796666840956E-04
3.02520538264943E-04
4.14003842133527E-04
4.24724571727199E-04
5.44401822246615E-04
5.57991338960139E-04
5.71672502333416E-04
5.85443573537066E-04
5.99302837010711E-04
7.35898320113769E-04
7.52735031195337E-04
7.69671560104806E-04
7.86705955449844E-04
8.03836291562038E-04
6.8421722338598E-04
8.38377209434766E-04
8.55784064591165E-04
8.73279406456729E-04
1.18781524206305E-03
1.21137114607498E-03
1.54379738824248E-03
1.57351652756918E-03
1.76370534475047E-03
1.96002056619157E-03
1.82980564060965E-03
2.03243202021763E-03
2.06885854459032E-03
2.10542796272793E-03
2.32064852032715E-03
2.72372850398696E-03
2.95461597722972E-03
3.00409542645275E-03
3.05374471397953E-03
3.10355984976059E-03
2.95644083509079E-03
3.00344244385597E-03
3.05058857460662E-03
3.30440070208827E-03
3.35498684423151E-03
3.19285861138734E-03
3.67262055035825E-03
3.72681202992339E-03
3.7811437102812E-03
3.83561181243932E-03
3.89021259896556E-03
3.94494237323575E-03
4.23507968332613E-03
0.004531806568515
4.83514029766815E-03
5.1450973445146E-03
4.96517581629999E-03
4.77886626382537E-03
4.58614606189754E-03
4.3869934278837E-03
4.44272412390768E-03
4.2339284056018E-03
4.2865548760571E-03
3.5256517997823E-03
3.29403900004856E-03
3.33368745548417E-03
3.65450685965236E-03
3.12871832464229E-03
3.16520802760047E-03
3.20174215455974E-03
3.53271134723526E-03
3.27493581679576E-03
3.01053769658845E-03
3.04389433402899E-03
2.76955430897165E-03
1.86642040867145E-03
2.20090289044325E-03
2.54209584158098E-03
2.56889397100531E-03
2.59571065774473E-03
2.29472651957057E-03
2.31822017224607E-03
2.67625903870454E-03
2.36524486441756E-03
2.38877368340468E-03
2.41231201970306E-03
2.78383861304238E-03
2.45941290570979E-03
2.4829733087176E-03
2.50653893535795E-03
2.53010873422363E-03
2.55368166244541E-03
2.57725668556409E-03
2.22928523777559E-03
2.24949335996109E-03
2.26970065992148E-03
1.90825523229902E-03
2.3101093642687E-03
1.94192422570312E-03
1.95875379948285E-03
1.97557916431806E-03
1.99239963156391E-03
2.0092145177689E-03
2.83643240244396E-03
2.85995477430093E-03
3.29539029123555E-03
3.32224761748419E-03
3.34909066714958E-03
3.37591839423177E-03
3.40272976028447E-03
3.42952373431618E-03
3.88833670428034E-03
3.91843734642803E-03
3.07106721615589E-03
3.09444217772266E-03
3.11779750563144E-03
3.14113233518934E-03
3.16444580767162E-03
3.18773707024908E-03
3.21100527591712E-03
3.69628523820149E-03
3.25746915721437E-03
3.74932933410268E-03
4.71975827059567E-03
4.75281600650304E-03
4.78583371325934E-03
4.81881023644351E-03
4.85174442921934E-03
4.8846351522523E-03
4.42573314626521E-03
4.4552535018954E-03
4.98303522037497E-03
4.01259265464796E-03
4.54355762360788E-03
4.57290337334715E-03
4.60220300559018E-03
4.63145554643813E-03
4.66066002813834E-03
5.21090609891577E-03
4.71892097345624E-03
5.27552836862735E-03
4.77697822019276E-03
5.33992011204697E-03
5.90922962864548E-03
6.48488762157396E-03
5.97966307141381E-03
6.01477676523368E-03
6.04982028975561E-03
7.19111845670061E-03
9.45770646550441E-03
1.00710308195553E-02
1.01278975116391E-02
0.010184640452007
1.42239692876681E-02
1.31582336501243E-02
1.26550224535645E-02
1.27237486243702E-02
1.22108441844817E-02
1.22761354860569E-02
1.23412683456705E-02
1.29970141733949E-02
1.30649104718287E-02
1.31326346555773E-02
1.14001595190747E-02
0.011458346078875
0.01091025359607
1.03559132253766E-02
1.04075573507206E-02
1.04590592584458E-02
9.89215759402581E-03
9.94035803327951E-03
9.98842039665921E-03
1.00363432928187E-02
1.00841253386555E-02
9.49852983680938E-03
1.01792613878851E-02
9.58744937425038E-03
8.98959043728765E-03
9.67582028957584E-03
9.71979687193045E-03
9.76363254325572E-03
8.49968259156415E-03
7.8807009717831E-03
8.57504419563537E-03
9.27503873444851E-03
9.31527727068423E-03
1.00236187164606E-02
9.3953382152664E-03
9.43515840385106E-03
9.47483693455463E-03
7.47557856107792E-03
7.50652937241158E-03
7.53736631962361E-03
7.56808855917876E-03
7.5986952526562E-03
7.62918556672941E-03
7.65955867314664E-03
6.99073977155604E-03
7.01813634115015E-03
7.04542412696957E-03
7.07260239434181E-03
7.80963745443735E-03
7.83929020346096E-03
9.29951464899047E-03
9.33426746740197E-03
9.36887322441254E-03
9.4033309999953E-03
9.43763987990019E-03
1.02003988753011E-02
1.02370232724923E-02
1.02734844039049E-02
1.10461942603562E-02
1.10849068243232E-02
1.11234413950601E-02
1.19059167613791E-02
1.26933021987039E-02
1.19871648989186E-02
1.50343728905808E-02
1.73472275489867E-02
0.01664792055789
1.67025696380644E-02
1.67569460917012E-02
1.60469099462702E-02
1.45651197621873E-02
1.46113676532101E-02
1.31144936837715E-02
0.013155442397894
1.47486651110518E-02
1.55725736340693E-02
1.48389798716575E-02
1.56671249695974E-02
1.49283103609266E-02
0.013396540116165
1.34359477561699E-02
1.42677859678498E-02
1.43090358690439E-02
1.43500462856035E-02
1.43908161828703E-02
1.36296031706945E-02
1.44716303183341E-02
1.37054684954797E-02
1.37430551395837E-02
1.37804098466174E-02
1.38175316817111E-02
1.46693855827236E-02
1.22568291456172E-02
9.83116991430374E-03
9.03531707998041E-03
8.23506796982702E-03
9.08167823753699E-03
8.2769335626799E-03
7.46788928918652E-03
8.31823422137648E-03
9.1725385627797E-03
9.19486244494178E-03
8.37911703572917E-03
7.55921200880831E-03
6.7351900976598E-03
5.90709423560681E-03
6.76662340503257E-03
6.78216540648122E-03
6.79759046409949E-03
5.96128592517604E-03
5.12106618026402E-03
5.1323701600258E-03
6.00084953239827E-03
6.87294848949628E-03
7.74862207478451E-03
8.62782515505955E-03
8.64592038406819E-03
8.66386533047125E-03
1.12861574262698E-02
1.04391631645309E-02
1.04601529659415E-02
1.04809603664796E-02
1.05015848628415E-02
1.05220259565733E-02
1.14208067502417E-02
1.05623559665707E-02
9.70039025098395E-03
9.71845096363243E-03
9.73634133926134E-03
9.75406094760174E-03
9.77160936282205E-03
8.89907833047928E-03
1.33720785446696E-02
1.16092638503504E-02
1.16291886822445E-02
1.70253281838138E-02
1.52587077896434E-02
1.52839582182962E-02
1.44084132307433E-02
0.013529690921746
1.53580895896488E-02
0.014477419397583
1.44999103023672E-02
1.36145106878799E-02
1.27261068922423E-02
1.09243815496101E-02
1.09404779461803E-02
1.09563804292761E-02
1.09720886213719E-02
1.19032356622543E-02
1.28367407543858E-02
1.56088953108975E-02
1.65494566474931E-02
1.65715535124377E-02
1.65933556953271E-02
1.66148626805978E-02
1.66360739599331E-02
1.57316007526928E-02
1.48245399144573E-02
1.29872777905594E-02
1.20740765204424E-02
1.11584516558547E-02
9.30950236594027E-03
8.38811598618814E-03
7.4644711886664E-03
7.47270596532322E-03
7.48080723510009E-03
7.48877480751512E-03
6.5595324333954E-03
7.50430811444536E-03
7.51187348411074E-03
7.51930442671509E-03
7.52660076789188E-03
8.47548262856066E-03
6.59819034403889E-03
7.54768048755004E-03
8.49874133680994E-03
8.50618977211571E-03
7.5675428266789E-03
7.57389234643141E-03
7.58010598590267E-03
7.58618359974977E-03
6.64310941512403E-03
6.64818891216482E-03
5.70269916188391E-03
5.70684825372118E-03
5.71089481760336E-03
5.71483875904428E-03
5.71867998597863E-03
6.67615481022258E-03
5.72605394017209E-03
0.004774655412839
4.77751332673882E-03
4.78028529187793E-03
4.78297124364311E-03
5.74268534332763E-03
4.78808485869168E-03
4.79051240284189E-03
5.7514244344226E-03
5.75413041804412E-03
5.75673277127508E-03
5.75923143353898E-03
5.76162634668278E-03
5.76391745497701E-03
5.76610470511592E-03
6.72955272058726E-03
6.73186200146173E-03
5.77204280990227E-03
5.77381414284199E-03
5.77548138745843E-03
5.77704450499101E-03
5.77850345910377E-03
5.77985821588546E-03
5.78110874384961E-03
4.81854584494555E-03
4.81941416625334E-03
4.82019556362176E-03
4.82089001889546E-03
5.78579701912807E-03
5.78642164877066E-03
6.7514322132735E-03
5.78735775200541E-03
4.82305766987678E-03
5.78787624539707E-03
4.82331572652582E-03
4.82331423397503E-03
4.82322572687987E-03
4.82305020729619E-03
4.82278767930104E-03
4.82243814899264E-03
4.82200162449037E-03
4.82147811593472E-03
4.82086763548732E-03
4.82017019733084E-03
4.81938581766899E-03
4.81851451472646E-03
4.81755630874886E-03
4.81651122200268E-03
4.81537927877522E-03
4.81416050537452E-03
5.77542591615512E-03
5.77375510006651E-03
6.7339768965319E-03
5.77010124830585E-03
4.80676524799555E-03
4.80502615917554E-03
3.84256038472989E-03
3.84103060454151E-03
4.79928952795983E-03
4.79720434427171E-03
5.75403930377124E-03
4.79277480512247E-03
4.7904305527801E-03
4.78800005070392E-03
4.78548335550138E-03
5.73945663095867E-03
6.69226827113839E-03
7.64386673199003E-03
6.68437818473254E-03
5.72593092620859E-03
8.58343779543905E-03
9.53091652103651E-03
0.009524508600837
9.51792949499031E-03
9.51117935707703E-03
1.04546841791838E-02
1.04468832815013E-02
1.04388947819896E-02
1.04307188673382E-02
1.04223557286734E-02
9.46709596505246E-03
8.51323791762806E-03
7.56083268829391E-03
8.49848310954823E-03
8.49087709780263E-03
7.54055014866123E-03
7.53351888857774E-03
6.58555860699838E-03
5.63928879907094E-03
5.63371213123315E-03
0.004690028873024
5.62225648153337E-03
5.61637776863985E-03
4.67533220588207E-03
4.67026604776387E-03
5.59813974235868E-03
5.59186024754569E-03
6.51639440743136E-03
6.50883556386256E-03
6.50116060280925E-03
7.42099394872692E-03
7.41195777660151E-03
8.3281382196198E-03
7.39348942094149E-03
6.46105046419046E-03
5.53087088146221E-03
4.60300009546114E-03
5.51623112623122E-03
5.50876409084863E-03
5.50119918517392E-03
6.40912601978933E-03
5.48577648209863E-03
4.5649325419266E-03
3.64664298630721E-03
3.64127530559397E-03
3.63584311890902E-03
3.63034655537024E-03
0.003624785745706
3.61916082225525E-03
3.61347191896756E-03
3.60771917140328E-03
3.60190271673363E-03
4.49502836717601E-03
3.59007924281818E-03
3.58407250597044E-03
3.57800262681375E-03
3.57186975057597E-03
4.45709253012108E-03
7.11883119165669E-03
6.21791557771074E-03
6.20674466263761E-03
6.19546481573757E-03
4.41719736292229E-03
5.29078235451677E-03
7.04111361028741E-03
0.007027727512961
8.76777312928685E-03
7.87566027109825E-03
0.009606895450326
1.04594359158929E-02
8.69869988840974E-03
8.68105161757642E-03
9.52957743289532E-03
8.64530210254081E-03
8.62720172576837E-03
8.60895152119321E-03
7.73149673938807E-03
5.14320204482371E-03
5.9873144795074E-03
5.97412295369733E-03
5.96082813023893E-03
5.09779742915655E-03
4.23852135196861E-03
4.22880509788015E-03
4.21901600018901E-03
4.20915429908741E-03
4.19922023680376E-03
4.18921405760408E-03
4.17913600779339E-03
5.00278360286062E-03
4.99051835011551E-03
4.14847312836168E-03
4.13811009998969E-03
4.95321175580415E-03
4.94060697176978E-03
4.92791808063134E-03
4.91514539759845E-03
5.71933744707034E-03
5.70424158385256E-03
6.50177038163006E-03
6.48429751606609E-03
8.08339384843064E-03
8.86740732586136E-03
8.03902906543092E-03
7.21497909746116E-03
6.39529846256785E-03
0.007174321687643
6.35894432260982E-03
6.34060738997834E-03
6.32216449886211E-03
6.30361611589572E-03
7.07058304993931E-03
7.04948035238203E-03
7.80917841552884E-03
7.78547139418347E-03
7.7616354873096E-03
7.73767130337463E-03
8.48493740057262E-03
8.45829661522876E-03
8.43151676094603E-03
7.64054411423419E-03
8.37754260197339E-03
8.35034968718919E-03
8.32302048329636E-03
7.54141426999227E-03
7.51632367244236E-03
7.49111111592667E-03
8.21235498136377E-03
7.44032275167384E-03
8.8976979210889E-03
8.12795991898444E-03
7.36324203702887E-03
6.60358047624478E-03
6.58013756663365E-03
5.09956978353612E-03
5.08117365977062E-03
5.7859393016603E-03
5.76473138328682E-03
6.46136147113109E-03
6.4372983462472E-03
6.41313407263702E-03
5.67899492925873E-03
4.95017029401786E-03
5.63559184960349E-03
5.61375862567432E-03
6.29081819432165E-03
5.56983174893828E-03
6.24120669312955E-03
6.21625679470942E-03
6.87912411121988E-03
6.85119121250032E-03
7.50546946635514E-03
8.15401610603705E-03
7.44344707513364E-03
9.43379468710997E-03
8.72297182559869E-03
8.01771780808229E-03
5.32222808409034E-03
5.29923193426967E-03
4.61663772151355E-03
3.9397538349508E-03
4.57605376710572E-03
5.20646990941369E-03
5.18308829560586E-03
7.73944732790976E-03
8.98817559830668E-03
8.94686683256617E-03
8.2693279441225E-03
8.86386656363109E-03
8.19202190069046E-03
8.15319504393827E-03
8.73842715279703E-03
9.31753759280279E-03
9.27234526350523E-03
8.6118898556978E-03
7.95736730421619E-03
9.1360050315903E-03
8.48428774673444E-03
9.04448880817284E-03
7.7987415202045E-03
7.1619895675609E-03
8.31255350891702E-03
8.8600103989475E-03
9.40117071787887E-03
9.93601286062269E-03
9.30179164762286E-03
9.25192261682684E-03
6.90145195219212E-03
7.43586441632626E-03
7.39506277450882E-03
6.78846394546558E-03
6.7506324688947E-03
6.15332532045894E-03
6.67472330938217E-03
6.63664798634426E-03
5.49874479420689E-03
6.01357332356598E-03
5.97845724222375E-03
6.4835696087071E-03
6.98220443747268E-03
8.5421081628318E-03
9.0213033639697E-03
8.43907493411529E-03
7.86320554901997E-03
7.81469352456868E-03
8.28383814453553E-03
7.71742134989554E-03
7.15742010281493E-03
7.61982901170573E-03
7.57091682091127E-03
7.52192945735747E-03
7.4728685653666E-03
7.42373579982273E-03
7.37453282628125E-03
7.3252613210809E-03
7.27592297145819E-03
7.7082874407088E-03
7.17705254308566E-03
7.12752389436413E-03
8.02165996306068E-03
8.4339460657191E-03
7.90906303316486E-03
7.85267054555773E-03
7.33761699739196E-03
9.10553835926147E-03
8.58704019376327E-03
6.72928321685466E-03
6.67927847322963E-03
7.07117852578096E-03
6.57913925427954E-03
6.52900849861733E-03
4.31922632023791E-03
3.85718045532229E-03
3.82703654418939E-03
4.21874789631676E-03
4.18521255884519E-03
3.73649230155791E-03
5.35351162597373E-03
5.71829599056582E-03
6.07633987484549E-03
5.62418576216489E-03
5.57710351315717E-03
5.53000570264587E-03
5.48289424479067E-03
5.43577106829956E-03
5.77354083925173E-03
6.10456839797076E-03
5.29435073667615E-03
5.62200029035636E-03
5.57147995267356E-03
5.52095979820225E-03
5.47044200899476E-03
5.41992878460172E-03
5.01146085284624E-03
5.31892491753808E-03
5.97089726570646E-03
6.26155938423866E-03
5.85651062802464E-03
6.48162294562546E-03
7.09331362587678E-03
7.02276016020229E-03
6.95224196559806E-03
6.88176238809455E-03
5.83827840236186E-03
5.45694544954747E-03
5.40000082694678E-03
5.34309853944479E-03
5.90815217208784E-03
7.07511430931895E-03
7.91114864844517E-03
7.82442428848677E-03
7.44017953322647E-03
7.94551893565405E-03
6.98288315700856E-03
7.19080790435358E-03
2.84315212194275E-02
2.81002333850089E-02
2.77693863800305E-02
2.74389986478329E-02
2.71090888123211E-02
2.67796756811293E-02
0.026450778248853
2.61224157003519E-02
2.57946074141242E-02
2.54673729657529E-02
2.51407321314275E-02
2.48147048915404E-02
2.44893114343601E-02
2.41645721597838E-02
2.38405076831678E-02
2.35171388392408E-02
2.31944866860985E-02
0.01944168663289
1.93942193303111E-02
1.88963877307278E-02
1.90629825469842E-02
1.83538200514628E-02
1.70198661737491E-02
1.67662453338348E-02
1.65133394574467E-02
1.89036068171356E-02
1.84112093369489E-02
1.14253466194023E-02
9.88714115511061E-03
1.03006305912171E-02
9.19483519653257E-03
8.85876484429519E-03
8.52938985690392E-03
8.56350194152238E-03
9.2934223282662E-03
9.82113099012248E-03
9.64812855427855E-03
9.64206314671512E-03
9.63068680704477E-03
1.28187378794295E-02
1.50959498604075E-02
0.014502134303093
1.42240940546182E-02
0.014095733497943
1.41082906394683E-02
1.36829669637399E-02
1.32648760925258E-02
7.11072472544725E-03
6.1582274290143E-03
5.50283985673496E-03
4.74271494201409E-03
4.63829393010073E-03
4.53448887712593E-03
9.10215434465187E-03
9.12552697021505E-03
4.68385362979912E-03
6.80178808906568E-03
6.85360963064884E-03
9.01755481193033E-03
8.27274858306567E-03
8.1606891070104E-03
8.04493146165441E-03
7.16165592609242E-03
6.96668264113235E-03
8.03762305652248E-03
5.79169417761065E-03
4.9425980031519E-03
4.87951030296628E-03
4.65232027080007E-03
3.03202295387325E-03
2.78607257776859E-03
2.55073282055838E-03
2.39635636607079E-03
2.3156943600161E-03
2.10436103226798E-03
1.96662098690423E-03
1.77315917783967E-03
1.64846743151832E-03
1.52903964748359E-03
1.49964288830386E-03
1.42944557912215E-03
1.30582828154357E-03
0.00118436526352
1.49112444899269E-03
1.21137416640764E-03
1.19776475968475E-03
1.18402292614842E-03
1.06839565323872E-03
1.10587097208971E-03
1.09234075168971E-03
1.07868009792425E-03
1.06488818338548E-03
1.00319313449799E-03
1.03690754541617E-03
9.76230310088432E-04
1.00839343337936E-03
9.93934953697842E-04
8.90310571344931E-04
7.89228944384343E-04
9.06578908797439E-04
8.49772801620954E-04
7.94213336772719E-04
6.98812504039788E-04
7.27315249237153E-04
6.35201257255115E-04
6.62790481837307E-04
6.12307708003252E-04
6.75806317682772E-04
6.62659636569468E-04
6.49407363871507E-04
6.7138710951686E-04
7.60945846368054E-04
8.12043484680035E-04
7.60756690615483E-04
7.43182501289915E-04
6.93946303878527E-04
6.76912364336121E-04
6.59772630198017E-04
7.0094378034391E-04
5.68359153249871E-04
5.52516525000264E-04
5.36597673475322E-04
4.68548012812807E-04
4.54101409484171E-04
4.39604894105988E-04
4.48680657299919E-04
4.56102741579195E-04
4.61875667439071E-04
4.44824701795051E-04
3.87027333601462E-04
3.71599996953023E-04
3.56191209012984E-04
4.12565227398655E-04
4.1113955014179E-04
3.91856021445909E-04
3.72673916854412E-04
3.38882428147277E-04
3.34708439002617E-04
3.15976397168577E-04
2.85054861243726E-04
2.67523440995148E-04
2.39366613089219E-04
2.23115832121272E-04
2.07172056229161E-04
2.00276977992321E-04
1.76343019016795E-04
1.61530157218093E-04
1.5385830097972E-04
1.45416081745318E-04
1.52673481642588E-04
3.11819257443454E-04
3.15321391793468E-04
3.07499257281818E-04
2.70955227463217E-04
2.19080829132824E-04
1.64583985915606E-04
1.34046693925095E-04
1.10757746758466E-04
5.04087453072431E-05
4.22756999699142E-05
3.28645735822022E-05
2.48692312075615E-05
1.91703259516834E-05
1.38738694683826E-05
9.60039432822148E-06
7.43945743953224E-06
3.69401127942807E-06
2.33251703198832E-06
2.05062649902082E-06
9.13137023025865E-07
3.43271492463733E-07
1.02766818461032E-07
2.21731294542028E-08
2.41461110604777E-09
1.61577976310105E-10
4.73774123160426E-12
1.27462718684765E-14
3.43364525686939E-19
5.95056002861249E-29
2.04603394859148E-66
0
0
0
0
0
0
0
0
0
0
0
0
0
0
0
0
0
0
0
0
0
0
0
0
0
0
0
0
0
0
0
0
0
0
0
0
0
0
0
0
0
0
0
0
0
0
0
0
0
0
0
0
0
0
0
0
0
0
0
0
0
0
0
0
0
0
0
0
0
0
0
0
0
0
0
0
0
0
0
0
0
0
0
0
0
0
0
0
0
0
0
0
0
0
0
0
0
0
0
0
0
0
0
0
0
0
0
0
0
0
0
0
0
0
0
0
0
0
0
0
0
0
0
0
0
0
0
0
0
0
0
0
0
0
0
0
0
0
0
0
0
0
0
0
0
0
0
0
0
0
0
0
0
0
0
""
