0
0
0
0
0
0
0
0
0
0
0
0
0
0
0
0
0
0
0
0
0
0
0
0
0
0
0
0
0
0
0
0
0
0
0
0
0
0
0
0
0
0
0
0
0
0
0
0
0
0
0
0
0
0
0
0
0
0
0
0
0
0
0
0
0
0
0
0
0
0
0
0
0
0
0
0
0
0
0
0
0
0
0
0
0
0
0
0
0
0
0
0
0
0
0
0
0
0
0
0
0
0
0
0
0
0
0
0
0
0
0
0
0
0
0
0
0
0
0
0
0
0
0
0
0
0
0
0
0
0
0
0
0
0
0
0
0
0
0
0
0
0
0
0
0
0
0
0
0
0
0
0
0
0
0
0
0
0
0
0
0
0
0
0
0
0
0
0
0
0
0
0
0
0
0
0
0
0
0
0
0
0
0
0
0
0
0
0
0
0
0
0
0
0
0
0
0
0
0
0
0
0
0
0
0
0
0
0
0
0
0
0
0
0
0
0
0
0
0
0
0
0
0
0
0
0
0
0
0
0
0
0
0
0
0
0
0
0
0
0
0
0
0
0
0
0
0
0
0
0
0
0
0
0
0
0
0
0
0
0
0
0
0
0
0
0
0
0
0
0
0
0
0
0
0
0
0
0
0
0
0
0
0
0
0
0
0
0
0
0
0
0
0
0
0
0
0
0
0
0
0
0
0
0
0
0
0
0
0
0
0
0
0
0
0
0
0
0
0
0
0
0
0
0
0
0
0
0
0
0
0
0
0
0
0
0
0
0
0
0
0
0
0
0
0
0
0
0
0
0
0
0
0
0
0
0
0
0
0
0
0
0
0
0
0
0
0
0
0
0
0
0
0
0
0
0
0
0
0
1.81400148791169E-33
3.75131511210472E-18
4.94184291457372E-13
1.73996380173923E-10
5.82001335629809E-09
5.36220005149354E-08
2.89064942936237E-07
1.23359346438405E-06
6.75546893284284E-06
1.21864896730144E-05
2.4207193780129E-05
3.33475173323165E-05
4.61754495899285E-05
7.48323229953795E-05
9.92474880216187E-05
1.283096850378E-04
1.63243564662578E-04
2.51081530867148E-04
3.95023431260757E-04
4.2114448512221E-04
6.72067919699785E-04
7.75195447285828E-04
9.01596825700128E-04
1.0253084844171E-03
1.07963445171416E-03
1.19041837796954E-03
1.31716165289186E-03
1.63201062570975E-03
1.52417471686661E-03
1.57421642840559E-03
1.69927903528516E-03
1.82556916438455E-03
2.1505286487654E-03
2.23865221392066E-03
2.37663293026471E-03
2.54437651493534E-03
3.12106868442004E-03
3.28328457408674E-03
3.44502192910291E-03
3.70978218504755E-03
4.0409071103117E-03
4.38496155598376E-03
4.74165446401018E-03
5.11069159752113E-03
5.4917771558676E-03
5.88461515022231E-03
6.28891056945811E-03
6.70437036274673E-03
7.1307042623251E-03
7.56762546715449E-03
8.01485120574612E-03
8.47210319423072E-03
8.93910800378892E-03
9.41559734982186E-03
9.90130831369813E-03
1.03959835065536E-02
1.08993711834214E-02
0.011411225314912
1.19313056227401E-02
1.24593775845754E-02
1.29952124129872E-02
1.05600978698471E-02
1.12714271353809E-02
1.12782602421585E-02
1.11046158126941E-02
1.13639159689974E-02
1.19436306177411E-02
1.13534015492238E-02
8.76787191714981E-03
1.77694210293737E-02
1.59240316098128E-02
1.48932246881915E-02
1.51657861449655E-02
1.62529758008721E-02
1.75934337814376E-02
1.81150746471756E-02
2.20095124491824E-02
2.30966473561989E-02
2.37391325857004E-02
0.024386003441389
2.50371250762238E-02
2.49215951218361E-02
2.50340185711226E-02
2.67445504905729E-02
0.026851095133131
2.49497702345671E-02
2.52526135515485E-02
2.58419331678607E-02
2.76494747717405E-02
3.04465277852981E-02
3.04846162047564E-02
3.11469169023029E-02
3.18119763284327E-02
3.34946915504651E-02
3.41859366804614E-02
3.52320645417926E-02
3.44979619146119E-02
3.55418647781285E-02
0.03249375168066
0.032731099964912
0.030629762127138
3.63274469195437E-02
3.77906816085228E-02
0.020869845317722
2.08207584544709E-02
2.03344958458817E-02
2.06818755279755E-02
2.14681585484695E-02
0.020933539788794
2.35392589999238E-02
2.34587655295181E-02
2.42989248108314E-02
2.42051647849574E-02
2.50612615167655E-02
2.93577109152805E-02
0.026322661974503
2.97373682785387E-02
3.42639453503401E-02
3.52777443129653E-02
0.043147349520029
4.32209607801441E-02
4.38213700536866E-02
4.38739226357656E-02
4.44679979193798E-02
0.045062549852239
0.046228256871552
4.68310827278544E-02
0.02635237186687
0.028466831103232
5.22446476031944E-02
5.28934267788107E-02
4.73881265470059E-02
4.98313689893327E-02
5.04284533791124E-02
5.10256350735892E-02
5.29134512997707E-02
5.48311594640894E-02
5.54582899505083E-02
6.14268445829306E-02
6.14384276125844E-02
6.41654079095816E-02
6.62469306259768E-02
6.69630315265265E-02
6.55639294274648E-02
6.55447138976814E-02
6.55102960675615E-02
6.61879927618081E-02
6.61305442325819E-02
6.75422690077208E-02
6.74691261329052E-02
6.73806659268206E-02
6.88058926982943E-02
6.79296611435427E-02
6.85819147359236E-02
7.08070950981417E-02
6.75022670819094E-02
0.066527493397961
6.71403945714094E-02
0.068568952452679
7.49535748890014E-02
7.56233586385875E-02
7.62923549334411E-02
0.075269095598823
7.08034456718034E-02
7.22717006601712E-02
6.33414692038093E-02
6.38746481480516E-02
7.23476621456877E-02
5.78221293267334E-02
5.20168864371043E-02
5.51502970166773E-02
5.46811213955653E-02
5.60339274855786E-02
6.48069669393625E-02
8.86374955171673E-02
9.12019291762104E-02
9.37938835773024E-02
9.45040814552647E-02
9.61746962737778E-02
9.68893552947145E-02
9.76026197821796E-02
9.83144645568022E-02
9.90248646729199E-02
9.97337954145176E-02
0.10044123229128
0.101147151034759
0.101851527594644
0.06358368964379
6.19533354188817E-02
6.23731001198434E-02
4.91869750606879E-02
0.061102681406757
5.93846852901584E-02
6.72443139877138E-02
7.30511791533001E-02
7.13576513492013E-02
7.28995717995123E-02
7.00743777423194E-02
6.72069234878836E-02
6.65145102517323E-02
4.34997778518505E-02
4.48865551081222E-02
4.28993337769994E-02
4.42913868799462E-02
0.036556925517996
0.048262688823021
4.73877808117359E-02
4.76611634327051E-02
0.040919026573064
4.58539483694443E-02
4.96586523973014E-02
5.11241900193885E-02
5.37974742119554E-02
5.28898920026494E-02
5.31768679186149E-02
5.34628941915757E-02
5.37479625433979E-02
5.52600662302483E-02
5.43151926830036E-02
0.064524126992505
6.48564012326425E-02
6.51874955605573E-02
6.42574506127547E-02
6.07810219783476E-02
6.10833285254244E-02
6.13845117761601E-02
6.03994682812063E-02
5.94008301432949E-02
5.31985576827591E-02
9.38667677199636E-02
0.108718392878244
0.109227234133282
0.125599195313992
0.124848736663354
0.126752265964866
0.130005764778572
0.133280888447741
0.125759451825441
0.126313266387856
0.128228824200525
0.116453382934742
0.119704789767272
0.117450300909283
0.116557812990378
0.139339126814915
0.139916286317531
0.140490764608394
0.14106254671916
0.141631617790927
0.142197963073573
0.142761567925111
0.143322417811054
0.143880498303803
0.144435795082052
0.144988293930206
0.142627221123058
5.84339365996077E-02
5.57189676785695E-02
5.59246111638574E-02
5.16979151512011E-02
5.63326240856868E-02
5.35594577973767E-02
5.22570607337759E-02
0.031464842379648
0.027064141797687
2.56491165887817E-02
2.72511016245832E-02
2.88628787761265E-02
3.04843562851572E-02
3.05861351453271E-02
3.22216773073136E-02
3.23272776898819E-02
3.08878480448503E-02
2.63391224254602E-02
2.64230536746999E-02
3.27432772403435E-02
3.28456638713426E-02
3.13784763483963E-02
0.031474746325749
3.15703922269507E-02
3.48319528991853E-02
3.33477926438803E-02
3.02608841980055E-02
3.67386921716375E-02
3.68450568409126E-02
3.05244814761325E-02
3.06111341234429E-02
3.23128176067001E-02
3.07826072184368E-02
0.02924282231132
2.93225908664365E-02
2.77683418788626E-02
2.78425708008085E-02
3.12005069225853E-02
2.96357895843682E-02
2.97126110569721E-02
2.97888375721057E-02
2.98644673212099E-02
3.16028039850313E-02
3.00139293691106E-02
2.84162160142342E-02
2.34585423798948E-02
2.51946686864611E-02
2.52546787615507E-02
2.53141813632593E-02
2.70647200994238E-02
2.71271024709603E-02
2.71889391059308E-02
2.72502285558737E-02
2.73109693866694E-02
2.90818576896796E-02
2.91452244963124E-02
2.57717681603677E-02
2.41048660448281E-02
2.41555956783145E-02
2.59348264324192E-02
2.94532186789201E-02
0.02951303951628
3.47908993114654E-02
3.66028665906788E-02
3.31817351466597E-02
3.14961351126979E-02
3.50625616454826E-02
3.51287086100096E-02
3.51941450482566E-02
3.34959259791756E-02
3.53228803296985E-02
3.89247938297262E-02
3.54487556335779E-02
3.55106171658797E-02
2.84574075082396E-02
3.56321808889576E-02
3.39072862769542E-02
3.57508562252433E-02
3.40186519728635E-02
3.58666323026587E-02
0.034127258308535
4.13764233090071E-02
4.14400627981907E-02
4.33073335134119E-02
4.69863152465787E-02
4.52455755823748E-02
4.16861964987142E-02
4.35606436701844E-02
4.54393361302084E-02
4.73221617697147E-02
4.55638965477843E-02
4.74497800354664E-02
0.051166923456705
4.94032920765063E-02
0.047633970568504
0.04585906922277
0.056934985641203
6.06812168673809E-02
5.15479904635452E-02
4.60784277105453E-02
4.24404522022636E-02
3.87932883139298E-02
4.06851331830308E-02
3.70262276556659E-02
0.037065216805161
3.52482787169543E-02
2.97127441769982E-02
3.16010048641192E-02
2.79102136005076E-02
2.79366191021225E-02
2.79624554964846E-02
2.79877222022704E-02
2.61449240744335E-02
2.80365442879298E-02
2.61894253322456E-02
2.62108755710077E-02
2.62317915698775E-02
3.00024832676492E-02
2.81485917658282E-02
2.81692815977665E-02
3.75858627934239E-02
3.76119170754351E-02
3.57553441725853E-02
3.57786379680138E-02
3.39169282919265E-02
3.20521901238401E-02
3.58441392834615E-02
3.39769055381906E-02
3.77727914931859E-02
3.77926951527623E-02
0.035921236408043
0.034047170100552
3.40630005150149E-02
3.40781359074504E-02
2.46224159562179E-02
2.46323424301675E-02
2.46417662441999E-02
2.84431006011529E-02
2.65559592966604E-02
2.65644827286942E-02
2.65724640000639E-02
0.030377031922809
3.41830277481846E-02
3.41911968785299E-02
2.84988901014529E-02
3.99063481961364E-02
3.99134356774665E-02
3.61178314346467E-02
3.61227695158417E-02
3.80283897078647E-02
3.61304334607535E-02
3.99366495905701E-02
3.61351472394819E-02
3.61363976747001E-02
3.42349677768448E-02
3.23328238659853E-02
3.23319625752425E-02
3.23304412695737E-02
2.85249352790639E-02
2.85224283212052E-02
2.47167605759806E-02
2.47135787277676E-02
2.28091314505633E-02
1.90043859148569E-02
1.71006969288123E-02
1.89967749742526E-02
1.89923878308872E-02
1.70888517299085E-02
1.70842056191407E-02
1.70792108192797E-02
0.018970963824345
2.08611035189572E-02
2.08537210933264E-02
2.08459130948733E-02
2.27320142161303E-02
2.08290210871215E-02
2.08199374554718E-02
2.64860005534708E-02
2.64733584847017E-02
2.83501888848731E-02
2.64464542719485E-02
2.83202064964056E-02
3.20782616971066E-02
3.20596350218356E-02
3.01556276899244E-02
0.030136866188304
2.82351469252957E-02
2.82164059876366E-02
2.81970896586171E-02
3.19341581541474E-02
3.19109635813557E-02
3.37628312629705E-02
3.37368951425794E-02
3.55830641575031E-02
4.11680626552727E-02
3.92641233805015E-02
3.73625328509776E-02
3.73299011153917E-02
3.72965087463673E-02
3.91254743196085E-02
3.90888173856689E-02
4.09109529785935E-02
4.08708830371044E-02
4.26858889346796E-02
4.26422581742054E-02
4.07456826651257E-02
3.70020807523514E-02
3.69618785595823E-02
3.50748778233415E-02
3.50352571684081E-02
3.49949235617816E-02
3.31142001299656E-02
3.49121211559821E-02
3.11991643105108E-02
2.93275605021405E-02
2.92906052499393E-02
2.92530544316615E-02
2.73889770922845E-02
3.09996801100402E-02
2.73157848387705E-02
2.72783556838689E-02
2.90563971265503E-02
2.72018355688909E-02
2.89735961050769E-02
2.89313125701114E-02
2.88884416313375E-02
2.70421727488879E-02
2.70008826217927E-02
2.15672356719932E-02
1.97388837129005E-02
1.79158190969733E-02
1.60981516092835E-02
1.60717396277665E-02
1.60450018472548E-02
1.60179388801678E-02
1.59905513468194E-02
1.77364887504694E-02
1.77053390023262E-02
1.76738307453972E-02
1.76419647040586E-02
1.93707157726335E-02
1.93348784306214E-02
1.57898045244253E-02
1.57598437411887E-02
0.013981834960506
1.39546373263147E-02
1.21862630036657E-02
1.04245475797091E-02
1.21374357411711E-02
1.21126542670614E-02
1.20876283290714E-02
1.20623585084897E-02
1.37563947346584E-02
1.20110895758181E-02
1.54094035595629E-02
0.015375667170727
1.53416210755665E-02
0.015307266069576
1.35756470722693E-02
1.35445622643182E-02
1.35132050332672E-02
1.34815761149108E-02
1.17684667207098E-02
1.00631296465882E-02
1.00388000264688E-02
1.16833137193534E-02
9.98953685300111E-03
9.96460446291211E-03
9.9394723218315E-03
8.26178418750932E-03
9.88861117316887E-03
9.86288337249792E-03
9.83695823467755E-03
9.81083637688326E-03
9.78451842179763E-03
9.75800499762148E-03
9.73129673808531E-03
9.70439428246109E-03
9.67729827557447E-03
9.65000936781729E-03
1.12262829176872E-02
1.27931406388899E-02
1.59449863783459E-02
1.43084068972057E-02
1.42660417064708E-02
1.58037702160196E-02
1.73316762613557E-02
1.72788615429367E-02
1.56597312434051E-02
1.56110963923994E-02
1.40059373244395E-02
1.39616109103715E-02
1.54633428856363E-02
0.016954827363637
1.84359742142345E-02
1.83754096710989E-02
1.83144831710597E-02
0.019774295905575
2.27394379221282E-02
2.26619338157331E-02
2.25839848838258E-02
0.018004474454917
1.79414082619094E-02
1.78779909058035E-02
1.63297053117256E-02
1.77501090757265E-02
1.76856478178122E-02
2.05576488005269E-02
1.90186671436435E-02
1.89477190777756E-02
1.59723409315846E-02
1.59116865627312E-02
1.58507238145959E-02
1.57894542463741E-02
1.42980722080592E-02
1.42418190404865E-02
1.41852912614385E-02
1.55413393640033E-02
1.54785594916624E-02
1.68168898913031E-02
1.81434024104413E-02
1.66783016075028E-02
1.93766163707657E-02
2.06730475411689E-02
1.92127046967572E-02
1.91301995132444E-02
1.90473310045935E-02
0.018964101370184
1.61832967075841E-02
1.74539556307273E-02
1.73756773809343E-02
1.72970721199898E-02
1.85426144250696E-02
0.018457265134171
1.96838256121297E-02
0.019591642573209
1.68992153331441E-02
1.94061842732815E-02
1.93129141015292E-02
1.79380008945606E-02
1.78502842735345E-02
1.90309704307244E-02
2.14611251068677E-02
2.26095078163508E-02
2.24950584772317E-02
2.11368550276977E-02
0.02102799318421
2.33797800488648E-02
2.32572632794917E-02
2.31343279377798E-02
2.17998734787739E-02
2.40918060137019E-02
2.39611010371625E-02
2.62129675749303E-02
2.72531810549627E-02
2.71014155026945E-02
3.04642835695992E-02
3.02916513903133E-02
3.01184913509679E-02
2.76413618202172E-02
2.86255850778665E-02
2.95958961474493E-02
3.16838059452132E-02
3.03697622488399E-02
2.90687394155702E-02
2.88920319171933E-02
3.31325068025896E-02
2.85371668799432E-02
2.94497520005147E-02
2.70965437929106E-02
2.69243536985278E-02
2.56816551372487E-02
2.87049533859927E-02
2.85175820995633E-02
3.67237555183349E-02
4.06487986630259E-02
4.34820610206496E-02
4.21595301879577E-02
4.18716310122388E-02
4.36115291976224E-02
4.12939048273779E-02
4.10040973831238E-02
4.17066899896811E-02
5.02818246765536E-02
5.08978750909142E-02
5.63573329768225E-02
6.07658294551456E-02
4.97838642894517E-02
5.41621695388071E-02
4.90376493835824E-02
4.77276829636643E-02
5.85036502867942E-02
5.34417411955165E-02
7.22199887816804E-02
7.16476965213464E-02
8.72686677640003E-02
8.83485612363781E-02
8.85131313386073E-02
0.087784208137293
8.70542298716534E-02
0.086323225374063
8.55912237857569E-02
7.63724291069417E-02
7.57119127365588E-02
0.074216684065964
7.35619180684018E-02
0.05570376527496
3.40955780932479E-02
2.97634696702969E-02
3.02871095894512E-02
3.07956909914384E-02
3.12892053300758E-02
0.025569080544142
2.22547422261802E-02
2.27994995060755E-02
2.18241298729135E-02
2.08634694237786E-02
2.06552299633844E-02
2.11771104335946E-02
2.09611848355697E-02
2.07451505371375E-02
2.12369154435744E-02
2.17136815594878E-02
2.14824691524169E-02
2.46787982016206E-02
0.028478504047149
2.68238246187508E-02
2.71883529461329E-02
3.08162484208192E-02
3.30581454159212E-02
3.20366594022688E-02
4.49620322942653E-02
6.25803978939847E-02
0.06183413818967
6.10880714586138E-02
0.055514863484423
5.48289626174109E-02
5.00237621300447E-02
4.64853195343968E-02
4.58897922908004E-02
4.52946453440166E-02
4.46999185363343E-02
4.35543317285039E-02
4.18801922895298E-02
4.23821842413721E-02
4.07388072599371E-02
4.01690031950554E-02
0.024171335722446
2.38243516575303E-02
2.44768729675925E-02
2.90377399527532E-02
3.00583989215944E-02
3.00807379405824E-02
2.86787312866769E-02
2.82324366242028E-02
0.038263995355615
0.04078934521368
3.88044731900493E-02
0.042068949883211
4.26457032195005E-02
4.19230185251358E-02
4.12020697076759E-02
0.040482930660555
3.97656768546277E-02
3.90503853886909E-02
3.83371350418297E-02
3.76260063276461E-02
3.69170815504369E-02
3.62104448633838E-02
3.55061823288251E-02
3.48043819806695E-02
3.41051338890276E-02
3.34085302271178E-02
3.27146653405226E-02
3.20236358188546E-02
3.13355405699011E-02
2.39073750991178E-02
0.025772962094368
2.51893019070127E-02
2.46085267260373E-02
2.40307326149099E-02
2.37287624569159E-02
0.023150582706672
2.12782697939526E-02
0.020992605783269
2.09436190223432E-02
2.03923555833307E-02
2.00782427888845E-02
1.95280637905724E-02
1.89818496166557E-02
1.82253090599312E-02
1.76936551985576E-02
1.69643418379831E-02
1.64475668974589E-02
1.61250106677653E-02
1.56113567432186E-02
1.33257825477426E-02
1.27094992031221E-02
1.22753771258265E-02
1.45672248514638E-02
1.54339633986494E-02
1.48666132613589E-02
1.43060879935975E-02
1.37525919312064E-02
1.32063348393646E-02
1.22875060449937E-02
1.17723121891266E-02
1.16131783403756E-02
1.10980863511797E-02
1.05913663826462E-02
9.08393600042144E-03
8.54758081945726E-03
8.12027553046088E-03
6.40334438928757E-03
6.06213817605324E-03
6.03790832622421E-03
5.76694707404872E-03
5.42685315214233E-03
5.48224287011797E-03
2.89968545661278E-03
2.70896066189206E-03
2.31350322769727E-03
2.19788487446114E-03
2.08041635844874E-03
1.62771330115944E-03
1.45821955891963E-03
1.33544182708862E-03
1.27165352379149E-03
1.33744993670619E-03
1.26923791205664E-03
0.001229561789137
1.26759104235522E-03
1.29281793161521E-03
1.25798444807929E-03
1.10659810095538E-03
1.1298287020696E-03
1.21413286929018E-03
1.30664735599933E-03
9.54043579944119E-04
8.79163615105223E-04
9.20386321542866E-04
7.86012731617745E-04
7.85913256836104E-04
6.86314915700695E-04
5.91810634939213E-04
5.0297348671013E-04
4.25833916390723E-04
3.49039531202681E-04
2.43785473843252E-04
2.32041682760442E-04
1.75202073776286E-04
1.22627403127664E-04
8.48972635049483E-05
5.60850417734909E-05
3.39530296216898E-05
1.86636038477631E-05
1.01477467767183E-05
4.2224758134879E-06
1.34836865710241E-06
2.6892359627943E-07
3.40695806222723E-08
1.79952444570241E-09
1.55831172145378E-11
2.05102494250072E-15
1.43791853328504E-24
1.75168339605227E-80
0
0
0
0
0
0
0
0
0
0
0
0
0
0
0
0
0
0
0
0
0
0
0
0
0
0
0
0
0
0
0
0
0
0
0
0
0
0
0
0
0
0
0
0
0
0
0
0
0
0
0
0
0
0
0
0
0
0
0
0
0
0
0
0
0
0
0
0
0
0
0
0
0
0
0
0
0
0
0
0
0
0
0
0
0
0
0
0
0
0
0
0
0
0
0
0
0
0
0
0
0
0
0
0
0
0
0
0
0
0
0
0
0
0
0
0
0
0
0
0
0
0
0
0
0
0
0
0
0
0
0
0
0
0
0
0
0
0
0
0
0
0
0
0
0
0
0
0
0
0
0
0
0
0
0
0
0
0
0
0
0
0
0
0
0
0
0
0
0
0
0
0
0
0
0
0
0
0
0
0
0
0
0
0
0
0
0
0
0
0
0
0
0
0
0
0
0
0
0
0
0
0
0
0
0
0
0
0
0
0
0
0
0
0
0
0
0
0
0
0
0
0
0
0
0
0
0
0
0
0
0
0
0
0
0
0
0
0
0
""
