0
0
0
0
0
0
0
0
0
0
0
0
0
0
0
0
0
0
0
0
0
0
0
0
0
0
0
0
0
0
0
0
0
0
0
0
0
0
0
0
0
0
0
0
0
0
0
0
0
0
0
0
0
0
0
0
0
0
0
0
0
0
0
0
0
0
0
0
0
0
0
0
0
0
0
0
0
0
0
0
0
0
0
0
0
0
0
0
0
0
0
0
0
0
0
0
0
0
0
0
0
0
0
0
0
0
0
0
0
0
0
0
0
0
0
0
0
0
0
0
0
0
0
0
0
0
0
0
0
0
0
0
0
0
0
0
0
0
0
0
0
0
0
0
0
0
0
0
0
0
0
0
0
0
0
0
0
0
0
0
0
0
0
0
0
0
0
0
0
0
0
0
0
0
0
0
0
0
0
0
0
0
0
0
0
0
0
0
0
0
0
0
0
0
0
0
0
0
0
0
0
0
0
0
0
0
0
0
0
0
0
0
0
0
0
0
0
0
0
0
0
0
0
0
0
0
0
0
0
0
0
0
0
0
0
0
0
0
0
0
0
0
0
0
0
0
0
0
0
0
0
0
0
0
0
0
0
0
0
0
0
0
0
0
0
0
0
0
0
0
0
0
0
0
0
0
0
0
0
0
0
0
0
0
0
0
0
0
0
0
0
0
0
0
0
0
0
0
0
0
0
0
0
0
0
0
0
0
0
0
0
0
0
0
0
0
0
0
0
0
0
0
0
0
0
0
0
0
0
0
0
0
0
0
0
0
0
0
0
0
0
0
0
0
0
0
0
0
0
0
0
0
0
0
0
0
0
0
0
0
0
0
0
0
0
0
0
0
0
0
0
0
0
0
0
0
0
0
0
0
0
0
0
0
0
0
0
0
0
0
0
0
0
0
0
0
0
0
0
0
0
0
0
0
0
0
0
0
0
0
0
0
0
0
0
0
0
0
0
0
0
0
0
0
0
0
0
0
0
0
0
0
0
0
0
0
0
0
0
0
0
0
0
0
0
0
0
0
0
0
0
0
0
0
0
0
0
0
0
0
0
0
0
0
0
0
0
0
0
0
0
0
0
0
0
0
0
0
0
0
0
0
0
0
0
0
0
0
0
0
0
0
0
0
0
0
0
0
0
0
0
0
0
0
0
1.87755096265026E-31
3.01454640736899E-17
2.92035058866943E-12
1.01608074455404E-09
3.53427398551857E-08
3.83062496480171E-07
2.18137409264574E-06
7.91706839706779E-06
2.16575949213711E-05
4.99245332947575E-05
1.02115072459862E-04
1.82273141608719E-04
3.06276316484479E-04
3.71422303397102E-04
5.43258441746044E-04
7.39371826476423E-04
9.71193756653389E-04
1.16771065096405E-03
1.45237129261481E-03
1.76846063494939E-03
2.11445346725462E-03
2.26238023350587E-03
2.36380829131053E-03
2.91228551789264E-03
3.30541635127427E-03
3.58847005753951E-03
4.14430557517796E-03
4.42872005802417E-03
5.04289918845601E-03
5.32090742658086E-03
5.7831573778751E-03
7.37146069456068E-03
8.41756566172347E-03
8.76784233178764E-03
9.36602785398039E-03
9.38405953165312E-03
9.64690413829353E-03
1.02070878794771E-02
1.07706110629141E-02
1.13367885445626E-02
1.26730574529637E-02
1.28770605672301E-02
1.34660566401075E-02
1.53732258014595E-02
1.60179726074309E-02
1.52340957632461E-02
0.015822424969617
1.69224540618264E-02
0.051517519479495
5.49362477998566E-02
5.61880248281404E-02
4.45117753448591E-02
5.01097828150976E-02
0.052844766362765
5.43650119679429E-02
5.52201937785659E-02
0.056707011199678
5.74928645685363E-02
5.89453316096599E-02
5.45684362618837E-02
6.25687117672906E-02
3.81020811590861E-02
3.19433030627965E-02
3.82105746256351E-02
0.014631946941977
1.49328060027958E-02
1.77701050077017E-02
1.72534041162466E-02
1.75804702971932E-02
2.59623817002669E-02
2.82522391812148E-02
2.68930613042687E-02
2.73530087959847E-02
2.97272306551643E-02
3.21602753863454E-02
3.06912273279113E-02
3.01620041535572E-02
3.26603311031838E-02
3.21081006612543E-02
3.25726196304576E-02
0.035164432532822
3.67309783637387E-02
0.038322616615752
3.99389790005071E-02
3.37132695825915E-02
3.52783366379859E-02
3.57157812483108E-02
3.61493882092843E-02
0.037759140406001
4.05862701896627E-02
4.22566101202339E-02
4.15081235340886E-02
0.055539024052302
5.61353495615648E-02
5.04233033631611E-02
4.45757215064529E-02
0.048886277552402
5.19699928966644E-02
6.16592507116851E-02
5.95992952132283E-02
6.14946273354891E-02
5.12670230957689E-02
8.16783946263943E-02
8.51485247954806E-02
8.72740745423591E-02
8.80188991042519E-02
9.15740501098438E-02
8.80661417257318E-02
0.133166335295735
0.121233440455664
0.122177959850957
0.140700412383494
0.141757914375472
0.148754683143717
0.149833533285224
0.150901080757431
0.151957361219371
0.153002409786119
0.154036261019464
0.155058948920311
0.156070506922649
0.157070967888962
0.15806036410694
0.15903872728739
0.160006088563223
0.160962478489436
0.161907927043979
0.162842463629436
0.16376611707544
0.164678915641742
0.150678607189912
0.159813176013488
0.145596636887425
0.14635323272375
0.142028069385168
0.141041291059455
0.153690142537393
0.166445922918902
0.170685919270399
0.17321570136699
0.174010802999761
0.174795346188329
0.175569352263831
0.176332842070861
0.177085835974827
0.177828353869365
0.178560415183778
0.179282038890501
0.179993243512565
0.16985240430319
0.168687554675062
0.100135486834067
0.102331166729459
9.71986070132327E-02
9.01808999725874E-02
0.103421587633282
0.114892121743308
0.126431087388643
0.121248405622082
0.123508245116782
0.129527608409059
0.178883501514229
0.166201614332499
0.174268542508427
0.125379545874884
0.118113424307283
0.129901680435748
8.04502019959555E-02
6.91395066322948E-02
6.93180536429233E-02
0.13512520151229
0.13545822826577
6.59523215594244E-02
6.22185589634998E-02
0.058463551547188
5.07816271373143E-02
0.046977441981884
4.70771248317403E-02
0.043243198755515
4.33301598752261E-02
0.04144151086613
4.15203115114223E-02
3.96162005717213E-02
3.96872472318424E-02
3.97562951448887E-02
4.38056801696642E-02
4.98604998450138E-02
4.99393239429018E-02
5.20162819896926E-02
0.05209307656256
0.046147980248689
4.42021459077515E-02
4.62724004308081E-02
4.63311795632047E-02
0.042353962126647
4.64418811617054E-02
4.44723357831593E-02
4.24961907477876E-02
3.44366829074073E-02
3.24423542607751E-02
3.24721263888672E-02
0.032500312577957
0.054889166218945
5.90003714171415E-02
5.90428404271161E-02
6.11197635929369E-02
6.31963490399086E-02
6.93518192778192E-02
7.34698055141441E-02
7.75883066675873E-02
7.76213933373205E-02
7.76507219434439E-02
7.97204059530983E-02
7.97427938999589E-02
7.97613262112293E-02
7.97760031978754E-02
0.07978682510596
8.38857814561181E-02
0.083889053287928
7.57040509847968E-02
7.56996895015332E-02
7.56916708833625E-02
7.36345897258189E-02
7.77096524989587E-02
7.76901481524011E-02
7.35791560096427E-02
7.35535594876238E-02
7.35244029897003E-02
8.36988646389969E-02
0.081617120044035
7.74942111115762E-02
7.94865137026438E-02
7.94356349821498E-02
7.53100802783393E-02
7.72883891297563E-02
7.92598300134039E-02
0.156356401532591
0.156217815497635
0.186475153890664
0.157942646802793
0.157779055875422
9.49687570062057E-02
0.133208857138916
0.143130381509089
0.185235224746662
5.22816434835626E-02
0.050203476927435
4.21122704888481E-02
5.00613450285184E-02
4.79870828799757E-02
4.79128827750022E-02
4.78362895480361E-02
4.77573017823399E-02
4.96624145917012E-02
4.75921367012373E-02
0.04552654143806
4.74173751193499E-02
6.50737883378366E-02
6.29773383085918E-02
6.08855628530241E-02
7.05585124633321E-02
6.84518287800655E-02
6.83015865981804E-02
7.98303084003557E-02
6.99331254487433E-02
6.78297265751191E-02
6.95986815063568E-02
6.94260102040773E-02
6.92497012779129E-02
6.71511468486035E-02
5.93186340855565E-02
6.48823051937371E-02
9.13440187208861E-02
9.86749971484345E-02
6.24389734024292E-02
6.03674329994677E-02
5.83039477787109E-02
0.050623937781464
5.23333047640333E-02
0.050301815254979
5.01366053141339E-02
4.99686245076769E-02
0.051642234414685
4.96243344525066E-02
4.94480170229792E-02
6.02175595540694E-02
5.81772042829652E-02
0.063391901234851
0.064953107828057
0.064699376805612
5.90717406885319E-02
5.52666860232365E-02
5.50384989466794E-02
5.30390980904939E-02
5.28119875988386E-02
6.48507953993463E-02
6.45629121240985E-02
5.90599546305589E-02
6.39754323583412E-02
6.02338835557138E-02
5.65212235650656E-02
5.28380819264372E-02
5.25771650358789E-02
5.23129367295872E-02
5.20453893800841E-02
5.17745151933591E-02
5.15003062070077E-02
5.12227542884666E-02
5.09418511333569E-02
5.06575882639514E-02
5.03699570277789E-02
5.00789485963836E-02
5.13905073179426E-02
5.10831111720892E-02
7.93315632023672E-02
6.93794272894186E-02
6.73753504637318E-02
6.38296730546633E-02
6.49598408052688E-02
6.91376864176698E-02
5.49364112297872E-02
5.30431198071519E-02
0.057186638555069
5.67793175168394E-02
5.48843357637727E-02
5.15345164751424E-02
7.16064042273256E-02
9.86123316395627E-02
7.77002142015722E-02
3.99697012049119E-02
8.49582227646176E-02
0.07302545202263
8.21624939074062E-02
0.104934496605817
8.75988779725965E-02
9.22508713697929E-02
9.14199230600199E-02
9.05809351833349E-02
8.84142640658747E-02
8.10364887045725E-02
8.15437314923575E-02
7.30472035239896E-02
7.23098900278696E-02
7.15656984576786E-02
6.08757140868657E-02
9.83250398463836E-02
0.092388840883796
9.25617054816313E-02
9.15094885174162E-02
0.089273158514069
8.93766296894612E-02
8.25624341626493E-02
7.81453695196113E-02
7.60415781400884E-02
7.06464611475885E-02
6.10018477631626E-02
6.55543550450897E-02
6.78322767894541E-02
6.79231717047609E-02
3.70778077483366E-02
3.75468958629803E-02
3.69814063149171E-02
4.03476349302675E-02
3.77736315450735E-02
3.81158260296708E-02
3.74844763473328E-02
3.68481511077301E-02
3.34913528810123E-02
3.55606487212316E-02
3.40367816027301E-02
3.25408362124074E-02
7.72631226002179E-02
7.65553047818341E-02
5.56426581407722E-02
5.13199703264589E-02
5.56232354093219E-02
0.047592591015494
5.01988998320484E-02
6.27174948218111E-02
6.12006240299032E-02
6.17324529976144E-02
5.61351918262279E-02
0.054645270133308
4.87185699597261E-02
6.08642000320442E-02
5.90819636218048E-02
5.20836353910074E-02
5.10104737014714E-02
4.98950089535163E-02
4.97858624712815E-02
4.80450007879536E-02
4.58129246442385E-02
0.044552696823109
4.32538063487375E-02
4.01888144759284E-02
3.97172099433919E-02
0.038346474143804
0.037696436499545
3.55071509180282E-02
3.40424791267699E-02
3.22285399259973E-02
3.04262777035503E-02
2.86381866952143E-02
2.68669841253017E-02
2.31063753047578E-02
1.47340107120155E-02
2.16855391403746E-02
0.020014041706172
1.83768706280909E-02
1.67783663951531E-02
1.52231670401569E-02
1.37162024119101E-02
1.22626788069197E-02
1.08680508033383E-02
9.53797639391488E-03
8.27825067630288E-03
7.09471247130419E-03
5.75339269905225E-03
4.48107325350841E-03
3.73272497125542E-03
2.94151914504951E-03
2.28191289607402E-03
1.56419916945051E-03
1.09064182402997E-03
7.81346020811088E-04
5.09379578714459E-04
3.72207174581657E-04
2.05793890544605E-04
1.00804377366755E-04
4.19545633331639E-05
1.39235169836201E-05
3.32903122047488E-06
4.43844733398349E-07
2.83067939451273E-08
4.07782392638801E-10
2.50029421448864E-13
2.49134295195017E-20
8.99438732934875E-48
0
0
0
0
0
0
0
0
0
0
0
0
0
0
0
0
0
0
0
0
0
0
0
0
0
0
0
0
0
0
0
0
0
0
0
0
0
0
0
0
0
0
0
0
0
0
0
0
0
0
0
0
0
0
0
0
0
0
0
0
0
0
0
0
0
0
0
0
0
0
0
0
0
0
0
0
0
0
0
0
0
0
0
0
0
0
0
0
0
0
0
0
0
0
0
0
0
0
0
0
0
0
0
0
0
0
0
0
0
0
0
0
0
0
0
0
0
0
0
0
0
0
0
0
0
0
0
0
0
0
0
0
0
0
0
0
0
0
0
0
0
0
0
0
0
0
0
0
0
0
0
0
0
0
0
0
0
0
0
0
0
0
0
0
0
0
0
0
0
0
0
0
0
0
0
0
0
0
0
0
0
0
0
0
0
0
0
0
0
0
0
0
0
0
0
0
0
0
0
0
0
0
0
0
0
0
0
0
0
0
0
0
0
0
0
0
0
0
0
0
0
0
0
0
0
0
0
0
0
0
0
0
0
0
0
0
0
0
0
0
0
0
0
0
0
0
0
0
0
0
0
0
0
0
0
0
0
0
0
0
0
0
0
0
0
0
0
0
0
0
0
0
0
0
0
0
0
0
0
0
0
0
0
0
0
0
0
0
0
0
0
0
0
0
0
0
0
0
0
0
0
0
0
0
0
0
0
0
0
0
0
0
0
0
0
0
0
0
0
0
0
0
0
0
0
0
0
0
0
0
0
0
0
0
0
0
0
0
0
0
0
0
0
0
0
0
0
0
0
0
0
0
0
0
0
0
0
0
0
0
0
0
0
0
0
0
0
0
0
0
0
0
0
0
0
0
0
0
0
0
0
0
0
0
0
0
0
0
0
0
0
0
0
0
0
0
0
0
0
0
0
0
0
0
0
0
0
0
0
0
0
0
0
0
0
0
0
0
0
0
0
0
0
0
0
0
0
0
0
0
0
0
0
0
0
0
0
0
0
0
0
0
0
0
0
0
0
0
0
0
0
0
0
0
0
0
0
0
0
0
0
0
0
0
0
0
0
0
0
0
0
0
0
0
0
0
0
0
0
0
0
0
0
0
0
0
0
0
0
0
0
0
0
0
0
0
0
""
