0
0
0
0
0
0
0
0
0
0
0
0
0
0
0
0
0
0
0
0
0
0
0
0
0
0
0
0
0
0
0
0
0
0
0
0
0
0
0
0
0
0
0
0
0
0
0
0
0
0
0
0
0
0
0
0
0
0
0
0
0
0
0
0
0
0
0
0
0
0
0
0
0
0
0
0
0
0
0
0
0
0
0
0
0
0
0
0
0
0
0
0
0
0
0
0
0
0
0
0
0
0
0
0
0
0
0
0
0
0
0
0
0
0
0
0
0
0
0
0
0
0
0
0
0
0
0
0
0
0
0
0
0
0
0
0
0
0
0
0
0
0
0
0
0
0
0
0
0
0
0
0
0
0
0
0
0
0
0
0
0
0
0
0
0
0
0
0
0
0
0
0
0
0
0
0
0
0
0
0
0
0
0
0
0
0
0
0
0
0
0
0
0
0
0
0
0
0
0
0
0
0
0
0
0
0
0
0
0
0
0
0
0
0
0
0
0
0
0
0
0
0
0
0
0
0
0
0
0
0
0
0
0
0
0
0
0
0
0
0
0
0
0
0
0
0
0
0
0
0
0
0
0
0
0
0
0
0
0
0
0
0
0
0
0
0
0
0
0
0
0
0
0
0
0
0
0
0
0
0
0
0
0
0
0
0
0
0
0
0
0
0
0
0
0
0
0
0
0
0
0
0
0
0
0
0
0
0
0
0
0
0
0
0
0
0
0
0
0
0
0
0
0
0
0
0
0
0
0
0
0
0
0
0
0
0
0
0
0
0
0
0
0
0
0
0
0
0
0
0
0
0
0
0
0
0
0
0
0
0
0
0
0
0
0
0
0
0
0
0
0
0
0
0
0
0
0
0
0
0
0
0
0
0
0
0
0
0
0
0
0
0
0
0
0
0
0
0
0
0
0
0
0
0
0
0
0
0
0
0
0
0
0
0
0
0
0
0
0
0
0
0
0
0
0
0
0
0
0
0
0
0
0
0
0
0
0
0
0
0
0
0
0
0
0
0
0
0
0
0
0
0
0
0
0
0
0
0
0
0
0
3.6286131074159E-43
2.36159850262764E-19
5.20933542353575E-13
4.57733747829852E-10
2.06123816226641E-08
2.63594457503249E-07
1.58674198463036E-06
5.22080684908245E-06
1.21676623254999E-05
4.30718916933509E-05
8.93130870918246E-05
1.5623132565032E-04
2.64896135030064E-04
3.9764233154936E-04
3.97279000578734E-04
5.90551250041172E-04
7.44208961358929E-04
8.26166986201858E-04
1.04595851138647E-03
1.12895354849237E-03
1.27672539725371E-03
1.5346111460202E-03
1.75041846097038E-03
2.36671435097415E-03
4.48623262750294E-03
5.05539998315556E-03
5.65015093527128E-03
6.2686743548247E-03
6.90923626971358E-03
7.57018807910125E-03
8.24997096148362E-03
4.83144341899833E-03
5.40974049417601E-03
5.40180340576724E-03
6.56635378748292E-03
6.53571606561391E-03
7.33593408526658E-03
6.30907838216815E-03
6.5358857064447E-03
8.25107580926896E-03
9.00789421124484E-03
9.80098000202365E-03
0.010804623471599
0.013320784671984
1.46868047125261E-02
1.53265783446172E-02
1.45178473698332E-02
1.61840394618419E-02
1.86094587324569E-02
1.72170869222609E-02
1.83268301094364E-02
1.77247548924852E-02
1.52317923000289E-02
1.33352081640524E-02
1.40380696865762E-02
1.64615444153172E-02
1.28652555045509E-02
1.38446827937568E-02
1.11439887180218E-02
1.14531071875797E-02
1.20889888727586E-02
1.17360683690806E-02
0.012036525003968
1.44517363051965E-02
1.48033299324359E-02
1.47850310284229E-02
1.62620408347967E-02
1.66297917060556E-02
1.66018328858087E-02
1.65563396657106E-02
1.73179721190088E-02
1.85169317265148E-02
1.80319599226681E-02
1.88258702151344E-02
2.05286164670791E-02
2.09171969666615E-02
2.13050134855861E-02
2.12204706315418E-02
2.20782386115785E-02
2.29519319654898E-02
0.020364588336977
0.020706479571001
2.25876163810685E-02
2.34743985099263E-02
2.22570931142525E-02
2.20656652393504E-02
2.34961202060048E-02
2.55131515738886E-02
2.64527080435802E-02
2.62655667612192E-02
2.60610484003393E-02
3.40607743773115E-02
4.28652888425074E-02
4.22396532530866E-02
4.70833126783302E-02
3.90281775232122E-02
4.45520181747579E-02
4.63890421985848E-02
0.050829704779872
5.14555385707022E-02
5.07608592158367E-02
5.13668369035651E-02
2.96975902159519E-02
2.93587697698685E-02
3.17653983380766E-02
3.84073349925207E-02
3.81267552965809E-02
4.06842900513008E-02
4.32864208854774E-02
3.93710470462597E-02
3.97828068514869E-02
6.10338890854441E-02
6.46620687965016E-02
0.060753990533271
0.056753311478928
5.73070535607532E-02
6.41136458668559E-02
0.066301095147575
6.69223429184923E-02
0.066737063326491
0.067346029340497
6.79525346442827E-02
6.93825504105811E-02
6.66584260417803E-02
6.63953800775569E-02
6.61155440708926E-02
0.064964206291275
5.43008807693136E-02
6.51761036554418E-02
6.48299185781773E-02
6.18180089577066E-02
0.067648959695503
5.11341465286078E-02
4.33935115586817E-02
4.28142445732814E-02
4.22197117739566E-02
0.041610002207895
4.09852054401553E-02
4.40984730852732E-02
0.046305829621575
5.23455057416237E-02
5.17548897435365E-02
4.92190325063197E-02
4.95567975199339E-02
4.98929075823165E-02
4.13637059195008E-02
5.65083927417726E-02
4.68997823792459E-02
5.02163616126007E-02
0.101075377269683
0.101714722755639
0.102350749359115
0.102983446827987
0.103612804980378
0.104238813703186
0.104861462950714
0.105480742743399
0.106096643166626
0.106709154369634
0.107318266564496
0.107923970025187
0.108526255086706
0.109125112144283
0.109720531652638
0.110312504125306
0.110901020134017
0.111486070308127
0.112067645334105
8.56107593258455E-02
8.71796563871451E-02
8.64814846986312E-02
8.80564374381077E-02
8.84907648322179E-02
8.89223742392912E-02
9.28324766622415E-02
0.10027087534554
0.100743779720323
9.53291053267347E-02
9.57687325427103E-02
9.62054578633611E-02
9.66392743227784E-02
9.34749833320042E-02
9.38871103079299E-02
9.42964162861095E-02
9.47028947263359E-02
0.121931460423499
0.122445311592006
0.122955512879881
0.123462056117516
0.123964933189272
0.12446413603357
0.124959656642985
0.111651823487275
0.109567468877041
0.108724679390014
0.106599997127446
0.108274487255361
0.107398209915222
9.75266482227321E-02
9.40169322397454E-02
9.95243074164448E-02
8.43119011468289E-02
7.94007233820948E-02
8.22879851194266E-02
5.63570027747128E-02
5.78626207842844E-02
0.126667506960365
0.12973326269086
0.130156378284945
0.127910941979496
0.124308147121318
0.134084953296903
0.134501394646258
0.134913991595582
0.135322737426548
0.135727625479201
0.136128649152163
0.136525801902845
0.13691907724766
0.137308468762235
0.13769397008162
0.138075574900502
0.138453276973414
0.138827070114946
0.139196948199957
0.139562905163781
0.139924935002438
0.140283031772842
0.140637189593003
0.140987402642237
9.18668823548897E-02
0.090672621729878
9.37294484817121E-02
9.11031634388943E-02
0.104155740749759
0.127274915083186
0.120395490122087
0.120662990440851
0.120927135492867
0.126958774289751
0.124336898160373
0.124597000321876
0.124853649780952
0.125106842287749
8.89157092151783E-02
8.47088919050703E-02
8.34093171654283E-02
5.71780631336846E-02
6.02227096779718E-02
9.27075549979019E-02
0.085504173131903
0.0738415350971
0.13166757094778
0.125965789220325
0.132115989066227
0.136795483535226
0.131060579198226
0.123811205968736
0.122511028216262
0.128684524727356
0.12887835288681
0.118563068803255
0.150297016773262
0.150510094777122
0.150719064380528
0.150923922091711
0.151124664486473
0.151321288208323
0.151513789968591
0.151702166546557
0.151886414789563
0.15206653161313
0.152242514001075
0.152414359005615
0.152582063747481
0.152745625416019
0.151375990856604
0.09183618518052
9.19268549439204E-02
8.74142809041363E-02
0.10745083587131
0.102938694248484
0.115330747052743
0.100038024819761
9.08781793565671E-02
9.86577945498195E-02
0.101818613203052
7.41044528314615E-02
0.131319690963611
0.139139150627454
0.142324166975765
8.04945066132044E-02
6.19559577771888E-02
5.11428980557865E-02
5.42720080538594E-02
5.43000838148034E-02
0.065192033334361
0.049693110397711
4.66075873269876E-02
4.81808476331014E-02
4.66444089214884E-02
4.82162980191527E-02
5.13438204397382E-02
4.82465494683482E-02
4.51461942997838E-02
4.20430064018944E-02
4.36097057955431E-02
4.51758704806663E-02
8.56925197653472E-02
8.57043560075322E-02
0.132466910982167
0.146505156679254
0.148072202705772
0.149635396949126
0.146518491321079
0.148073714031243
0.149624833034106
0.148054779777735
0.14492271300359
8.72538319066202E-02
8.87978813289711E-02
8.72238653486881E-02
8.72053569394885E-02
0.079400168591858
8.24919365219625E-02
9.18037208570626E-02
8.86633271377128E-02
9.17424474579191E-02
9.01537259648251E-02
8.70100293555797E-02
8.69727355224283E-02
9.00378493477638E-02
0.083787857249263
9.61517944982886E-02
8.52501074327309E-02
8.83002204571756E-02
8.51515265674802E-02
8.50987866602664E-02
8.81362482104159E-02
9.42576573135311E-02
8.95591496075989E-02
0.12189678696001
0.121804539857789
0.124790238970624
0.123149533669465
0.123046115956717
0.145990498710493
0.138182950796987
0.133453524493031
0.134859069642631
0.134727010488452
0.134591297803491
0.113061853476635
0.112941592665249
0.112818265462225
0.112691873934606
5.62812101001156E-02
6.07729223933298E-02
5.76646584293432E-02
6.51715598769836E-02
5.90344198066524E-02
4.68641645812658E-02
4.68022568834708E-02
4.67390731727487E-02
0.049685879957257
4.81123942795268E-02
5.85526835020031E-02
9.14480509021117E-02
8.83173895282832E-02
8.81826090225678E-02
5.67072163649634E-02
5.66173009667166E-02
5.65258339965795E-02
0.063858187633733
6.52337648510123E-02
6.51224767621195E-02
6.64868856990932E-02
7.07940376325266E-02
6.18334348332107E-02
6.31899171751154E-02
5.86720313902792E-02
7.90575209558254E-02
7.01383270493272E-02
4.95843003319356E-02
4.94859152637976E-02
4.64810931009691E-02
0.036239000332871
3.47170969674617E-02
3.46437909669351E-02
3.45695235307995E-02
3.30570335585337E-02
3.44181092793873E-02
3.14792178855148E-02
2.99800061931622E-02
0.031335157638052
2.98408237792688E-02
2.97699818123897E-02
2.96983075573511E-02
2.25720397671068E-02
2.39234255990767E-02
2.38633880862266E-02
1.96022076360178E-02
1.81551151602613E-02
1.67147719851668E-02
1.52812966284502E-02
1.66257688492276E-02
1.65805630274714E-02
1.79127960786783E-02
1.92368710082305E-02
1.64421374537149E-02
1.77613172486686E-02
1.63475212135468E-02
2.30909804949734E-02
2.30223153776227E-02
2.43031702801962E-02
2.42290778318912E-02
2.54961982564924E-02
2.40788172569426E-02
2.40026515749911E-02
2.39257972772125E-02
2.51731587014934E-02
2.50905849399421E-02
2.50072882918558E-02
2.88585232823819E-02
2.87604051818647E-02
2.86614547826976E-02
2.72634157908967E-02
2.58736940945987E-02
2.44924041546448E-02
2.44040857100658E-02
2.30353157189874E-02
2.29502983296012E-02
2.15943532732787E-02
2.40437084965197E-02
2.39518455907854E-02
2.88822841165975E-02
3.00202203306745E-02
3.23933121808444E-02
3.35046749870937E-02
3.08973597981875E-02
3.32326317609667E-02
3.06436358438921E-02
0.031736019500821
3.28171607498324E-02
0.032676704285708
3.49452883768934E-02
0.034792326406082
3.22494679523412E-02
2.97269516451461E-02
3.07760819373569E-02
0.029456925120209
2.81477469418753E-02
2.68486566857085E-02
2.78833781445584E-02
2.65936682855976E-02
2.41636512909167E-02
2.17553487376822E-02
2.05083254930745E-02
2.04056880601696E-02
2.03024197179208E-02
2.46870825787307E-02
2.34429963711939E-02
2.10993371497025E-02
1.98830702772509E-02
1.86779682296376E-02
1.74841362781458E-02
1.84752365697155E-02
2.26960528599684E-02
3.00920483849084E-02
3.09903713194895E-02
2.86879578955619E-02
2.74655291930997E-02
2.83549204022272E-02
2.92309989203839E-02
3.00936664778871E-02
3.40371077456559E-02
3.48537046040568E-02
3.46377411724852E-02
4.65691125926217E-02
0.064381044526301
6.29686650988635E-02
6.05741295430673E-02
5.91900969285101E-02
9.01555860089435E-02
8.95500255638803E-02
9.66755186959592E-02
9.60108162053545E-02
9.53428877848658E-02
0.094671744474048
9.39973974069589E-02
9.33198578154269E-02
9.26391370325386E-02
9.19552464963611E-02
9.12681977539114E-02
9.05780024653904E-02
8.98846724086971E-02
8.91882194842419E-02
8.84886557200761E-02
7.11066545546621E-02
7.05349980095158E-02
6.82334231444334E-02
6.85276300889858E-02
6.79556839522108E-02
6.82235756549502E-02
6.76395730332473E-02
5.54637025162298E-02
5.41560687108995E-02
5.44875298641354E-02
5.56082902931524E-02
5.51005189328055E-02
6.32935873717222E-02
6.27001749400754E-02
6.28807396449447E-02
6.07375475865168E-02
5.93833661149884E-02
5.87957803577475E-02
3.65652908012299E-02
3.61933833429473E-02
3.43580518101124E-02
4.55727071169275E-02
4.58049552137228E-02
4.74360618975449E-02
5.11198547922967E-02
5.12461686803916E-02
5.06702084358352E-02
5.00922607992635E-02
5.01814266405498E-02
0.045624352057723
0.03331998688017
2.71075417443923E-02
2.35866297211346E-02
2.32918615199435E-02
1.61594623848766E-02
0.015337519381961
1.51364752636785E-02
1.49348191449581E-02
1.35539535346952E-02
1.39485118512897E-02
1.60454020814463E-02
1.29924445150996E-02
1.33609147955743E-02
1.31639543762284E-02
1.13456533317695E-02
1.11723882556731E-02
1.04749269306956E-02
9.79361082086773E-03
9.12851086960145E-03
8.97850231223748E-03
8.82814069286915E-03
9.15951494012191E-03
7.10532960796323E-03
7.90975230750292E-03
7.76650187717816E-03
7.62296630736485E-03
7.47915690847148E-03
7.76656126166768E-03
7.19076513817358E-03
8.70414029110529E-03
8.93126343272473E-03
1.27180165103725E-02
0.011666948987257
1.17907994322001E-02
1.11536785431212E-02
9.80699876720774E-03
1.06394473869603E-02
1.03820632376595E-02
1.48493456030661E-02
2.00628244685565E-02
2.08202302105995E-02
2.49379365459626E-02
2.42511566588466E-02
2.35647112585095E-02
0.022878763306883
1.94193014769818E-02
1.82827101187295E-02
1.77018569698134E-02
1.73738834596323E-02
9.97481771234493E-03
9.86172636198571E-03
9.50640896712903E-03
8.93439277949057E-03
7.96152150431242E-03
7.84494172139298E-03
7.5204632580147E-03
8.30514050565525E-03
1.02275125959753E-02
8.40856244622837E-03
1.60069211494823E-02
1.52036845690858E-02
1.44081197569753E-02
1.36209864697522E-02
1.28431037439105E-02
1.20753541871873E-02
0.011318688385485
1.05741293568104E-02
9.84277695507733E-03
9.12581208933556E-03
8.42450057565859E-03
7.74019637666354E-03
7.07434390391978E-03
6.42847895717214E-03
5.80422774652085E-03
5.20330328418212E-03
4.62749823583627E-03
4.07867308331771E-03
3.55873816845216E-03
3.06962786555649E-03
2.61326478132338E-03
2.1915115382178E-03
1.80610742612636E-03
1.45858712493173E-03
1.15017900990055E-03
8.81681580138352E-04
4.1812403332345E-04
1.95123330191993E-04
1.2876126128048E-04
8.56899513871295E-05
4.66673432265881E-05
2.52215880655791E-05
1.12841347370342E-05
4.27083156934343E-06
1.25921191429949E-06
2.45741866747531E-07
2.36148807274448E-08
7.47954279063443E-10
2.26186962570321E-12
1.96650061245655E-17
7.39030190439906E-33
0
0
0
0
0
0
0
0
0
0
0
0
0
0
0
0
0
0
0
0
0
0
0
0
0
0
0
0
0
0
0
0
0
0
0
0
0
0
0
0
0
0
0
0
0
0
0
0
0
0
0
0
0
0
0
0
0
0
0
0
0
0
0
0
0
0
0
0
0
0
0
0
0
0
0
0
0
0
0
0
0
0
0
0
0
0
0
0
0
0
0
0
0
0
0
0
0
0
0
0
0
0
0
0
0
0
0
0
0
0
0
0
0
0
0
0
0
0
0
0
0
0
0
0
0
0
0
0
0
0
0
0
0
0
0
0
0
0
0
0
0
0
0
0
0
0
0
0
0
0
0
0
0
0
0
0
0
0
0
0
0
0
0
0
0
0
0
0
0
0
0
0
0
0
0
0
0
0
0
0
0
0
0
0
0
0
0
0
0
0
0
0
0
0
0
0
0
0
0
0
0
0
0
0
0
0
0
0
0
0
0
0
0
0
0
0
0
0
0
0
0
0
0
0
0
0
0
0
0
0
0
0
0
0
0
0
0
0
0
0
0
0
0
0
0
0
0
0
0
0
0
0
0
0
0
0
0
0
0
0
0
0
0
0
0
0
0
0
0
0
0
0
0
0
0
0
0
0
0
0
0
0
0
0
0
0
0
0
0
0
0
0
0
0
0
0
0
0
0
0
0
0
0
0
0
0
0
0
0
0
0
0
0
0
0
0
0
0
0
0
0
0
0
0
0
0
0
0
0
0
0
0
0
0
0
0
0
0
0
0
0
0
0
0
0
0
0
0
0
0
0
""
