0
0
0
0
0
0
0
0
0
0
0
0
0
0
0
0
0
0
0
0
0
0
0
0
0
0
0
0
0
0
0
0
0
0
0
0
0
0
0
0
0
0
0
0
0
0
0
0
0
0
0
0
0
0
0
0
0
0
0
0
0
0
0
0
0
0
0
0
0
0
0
0
0
0
0
0
0
0
0
0
0
0
0
0
0
0
0
0
0
0
0
0
0
0
0
0
0
0
0
0
0
0
0
0
0
0
0
0
0
0
0
0
0
0
0
0
0
0
0
0
0
0
0
0
0
0
0
0
0
0
0
0
0
0
0
0
0
0
0
0
0
0
0
0
0
0
0
0
0
0
0
0
0
0
0
0
0
0
0
0
0
0
0
0
0
0
0
0
0
0
0
0
0
0
0
0
0
0
0
0
0
0
0
0
0
0
0
0
0
0
0
0
0
0
0
0
0
0
0
0
0
0
0
0
0
0
0
0
0
0
0
0
0
0
0
0
0
0
0
0
0
0
0
0
0
0
0
0
0
0
0
0
0
0
0
0
0
0
0
0
0
0
0
0
0
0
0
0
0
0
0
0
0
0
0
0
0
0
0
0
0
0
0
0
0
0
0
0
0
0
0
0
0
0
0
0
0
0
0
0
0
0
0
0
0
0
0
0
0
0
0
0
0
0
0
0
0
0
0
0
0
0
0
0
0
0
0
0
0
0
0
0
0
0
0
0
0
0
0
0
0
0
0
0
0
0
0
0
0
0
0
0
0
0
0
0
0
0
0
0
0
0
0
0
0
0
0
0
0
0
0
0
0
0
0
0
0
0
0
0
0
0
0
0
0
0
0
0
0
0
0
0
0
0
0
0
0
0
0
0
0
0
0
0
0
0
0
0
0
0
0
0
0
0
0
0
0
0
0
0
0
0
0
0
0
0
0
0
0
0
0
0
0
0
0
0
0
0
0
0
0
0
0
0
0
0
0
0
0
0
0
0
0
0
0
0
0
0
0
0
0
0
0
0
0
0
0
0
0
0
0
0
0
0
0
0
0
0
0
0
0
0
0
0
0
0
0
0
0
0
0
0
0
0
0
0
0
0
0
0
0
0
0
0
0
0
0
0
0
0
0
0
0
0
0
0
0
0
0
0
0
0
0
0
0
0
1.30937731876005E-48
1.859721720985E-20
1.56786266759072E-13
1.93894776576578E-10
1.26490018130041E-08
1.82593480522001E-07
1.06445601637416E-06
4.09419134988187E-06
1.15409163525642E-05
2.62664349134092E-05
4.80669018965303E-05
8.37208968113189E-05
1.51511216155085E-04
2.39380525276532E-04
3.38460308752624E-04
4.32702072484275E-04
5.31934994959917E-04
6.74505227153347E-04
7.82132593458914E-04
1.01036231470888E-03
1.20175859211885E-03
1.49534228827424E-03
1.82938022455987E-03
1.9729029062037E-03
1.96733769359414E-03
2.20312226294166E-03
2.61036080120716E-03
2.87864190061672E-03
2.75971307433578E-03
2.57661544561812E-03
2.79185240083052E-03
3.01065325936013E-03
3.23253458616791E-03
3.74514103442405E-03
3.99078774498452E-03
4.56448672642261E-03
4.4877686566826E-03
4.73840575049927E-03
4.99006151593218E-03
5.24246212619352E-03
5.49535933388572E-03
6.63291726857101E-03
6.92511411942528E-03
7.21717754847845E-03
6.50772706588882E-03
7.80015599162896E-03
8.0907419804359E-03
8.93923549448436E-03
9.2473636346016E-03
8.95723868347473E-03
8.62767455394529E-03
8.89411309095644E-03
0.010467804050445
9.42325251641219E-03
1.03776685372968E-02
1.06574877160398E-02
1.09357477582061E-02
1.12124027876269E-02
1.14874122629973E-02
1.25447898443379E-02
1.36366702617571E-02
1.39425293891424E-02
1.50844125905157E-02
1.54040059776963E-02
1.57214372743748E-02
1.60366886147462E-02
1.63497450241305E-02
1.75861827031343E-02
1.88546955079379E-02
1.91951473317967E-02
2.83230241671894E-02
2.88094832724755E-02
3.03024171984813E-02
2.97715821492167E-02
3.02472197820754E-02
3.07192512639675E-02
3.22631171852123E-02
3.05610447307589E-02
2.87916373325893E-02
2.80787959458589E-02
2.50538129485138E-02
2.42412345966379E-02
2.33951330574894E-02
2.25158832566237E-02
2.16038590303368E-02
2.18746937405549E-02
2.09131623512251E-02
1.99198494400854E-02
2.14144734577991E-02
2.16620702217553E-02
2.19076380234218E-02
2.08481737899033E-02
2.37099366627812E-02
2.26322458403134E-02
2.42150571650716E-02
2.58235895815703E-02
2.60846262274283E-02
2.49569591387697E-02
0.025200085523928
2.26143453992987E-02
2.28267790954597E-02
2.01577112866517E-02
2.17932827263412E-02
2.34531379038616E-02
2.36583002971811E-02
0.02386166231394
2.40632307525179E-02
2.42630123132982E-02
2.44610135953988E-02
2.46572410939088E-02
2.32984698727381E-02
2.19138501636074E-02
0.022080926203802
2.22464719709363E-02
2.08097431933145E-02
0.022572993406637
1.94862678768413E-02
2.28934549281644E-02
2.46979558212351E-02
2.81810158640206E-02
2.67004222812493E-02
2.51960916290387E-02
0.025358944191387
2.55202082105513E-02
2.56798882198333E-02
2.58379886520464E-02
2.59945138406411E-02
0.029636063757021
6.13733291061306E-02
5.99639409124302E-02
9.04568144237662E-02
9.63131616007883E-02
9.68429351626432E-02
0.099170232557942
8.88222830163411E-02
9.29322749385645E-02
9.89064438986798E-02
9.57266911128438E-02
9.80549271490956E-02
0.100396054864134
0.102749780106637
0.108869945302585
0.113151420221574
0.109883607350982
0.114187923598529
0.110873873084792
0.111360258385364
9.25579244107232E-02
9.29508278119444E-02
0.083616126445977
7.22442298386764E-02
6.86151462608985E-02
6.69194536120868E-02
6.71808148490101E-02
6.74388020503876E-02
0.143350771583119
0.15986981884842
0.158447432263284
0.15297705277589
0.151496222501284
0.18647892592757
0.189147279538993
0.191820193107506
0.196544723289308
0.195124620042806
0.193682108259835
0.163281524682452
0.184511579533133
0.185064399221771
0.185608539425347
0.209150570957289
0.209742486713382
0.210324676447278
0.210897148383967
0.211459910503144
0.212012970545149
0.212556336016771
0.206697313771009
0.104670865949652
0.102781601612199
0.100877507403098
8.60511967645445E-02
0.066840133918841
6.69875994333359E-02
6.49665250100962E-02
6.72735648998607E-02
0.069586651142939
6.97265421070373E-02
6.98633544239296E-02
6.78096806219636E-02
5.69787963759099E-02
5.70824597152369E-02
0.057183626536401
5.50791326513112E-02
5.51716106316568E-02
5.52616912265639E-02
5.53493754006284E-02
5.76520506466743E-02
6.21796651502682E-02
5.78219808627757E-02
6.45843525231708E-02
6.91323328191014E-02
6.25242299357218E-02
6.48395208746614E-02
5.37260948796604E-02
6.49957702458007E-02
6.50697384231689E-02
6.73871757539422E-02
6.74579641528237E-02
6.52750254334332E-02
6.30848858059337E-02
6.31429370699234E-02
6.54553995661583E-02
6.32510255784608E-02
6.78225683837339E-02
6.78733200227422E-02
7.01852517361738E-02
6.79662428234921E-02
0.136016829655329
0.104339849216176
7.71620728674119E-02
7.72001480934028E-02
7.26917497720533E-02
7.04489417683098E-02
7.04747981047964E-02
7.27718212426755E-02
0.131936254264986
0.127417436264802
6.59971702256098E-02
6.82836718357818E-02
6.82915523086818E-02
6.82965762035023E-02
6.82987435639799E-02
6.37448507817106E-02
6.37415414836599E-02
5.69067554197258E-02
5.46230781334059E-02
5.68889434508775E-02
0.197930103480426
0.18650607690572
0.186449534278528
0.188658171821256
0.20448989879502
0.208944391895805
0.202035708196654
0.204200847420726
0.20635498402033
0.208497831102165
0.219688417843529
0.219538354503641
0.113081981230187
0.119774800339876
0.119677646139228
0.117319296293774
0.123976403656668
0.137371824719377
0.146235854877486
0.155075580264471
0.15715465427288
0.174920093031389
0.174717548505123
0.176744826930147
0.176524585803532
0.109348642839914
0.109202666432558
0.104600900142042
8.22280817769536E-02
8.21072319940832E-02
7.75513340708724E-02
6.63688387462916E-02
6.84709713195269E-02
7.05629286548674E-02
7.04430757144035E-02
7.03201522051913E-02
7.23877241756247E-02
6.78755540274145E-02
0.113641034831105
0.13523309165494
0.150203139719478
0.152070734546006
0.147418882891873
0.149268672492644
0.146785279162687
0.148612444833454
0.154721054899021
0.130778324632835
0.196770864810024
0.200560640516581
0.212833715594288
0.212295364047903
0.21174732172596
0.211189581240294
0.210622134972142
0.210044975066403
0.209458093425775
0.208861481704743
0.208255131303439
0.207639033361357
0.207013178750928
0.175420924360312
0.183101623859514
0.182518511745254
0.181926681206379
0.114092841337977
0.111678938016043
0.12950923767396
0.112926191299727
0.110516884631838
0.124133798043425
8.97668728529581E-02
0.085457420189001
8.71131934132664E-02
8.48050119603882E-02
0.163051387792465
0.16631440634551
0.165640010117231
0.164957135292857
0.127547537971863
0.163565896404841
0.16477347534645
0.164048115337006
0.102546066619725
9.64086400781193E-02
9.59630696064872E-02
0.08240280479178
7.82817800257338E-02
0.166933015201512
0.167955873435108
0.167114645293216
0.16809120088361
0.169039544477809
0.169959347888516
0.167253433461972
0.159191346495353
0.158313762804181
0.157426964268309
0.165324800668467
0.171363055168776
0.10777623770482
0.119228248822361
0.121939659027531
0.121187711970547
9.66818571334002E-02
9.60661433521371E-02
9.54443846569473E-02
9.64800117260008E-02
0.133838518169728
0.144416736903613
0.138529926363759
0.137557260735587
0.138182182233292
0.135584352078481
0.14250075698063
0.144574720388091
0.14347192749381
0.142359026633164
0.130489765995382
0.10812278004031
8.15630763433874E-02
7.18985835289206E-02
7.12912844574747E-02
7.21510655725376E-02
7.00604941632011E-02
7.52233750645502E-02
7.02414755813562E-02
0.069593797880416
6.61266115068272E-02
7.38555966367021E-02
7.17568310936112E-02
6.96792818956816E-02
9.73775138469269E-02
0.092360206484648
9.00676799273773E-02
8.77953237946192E-02
8.94317996765284E-02
8.84393325052562E-02
0.107714274619655
9.64505460236767E-02
9.53153899660684E-02
9.41709582944721E-02
9.18092018431317E-02
9.06612247219284E-02
9.18593647705825E-02
9.18244932638466E-02
9.06022607446849E-02
8.93703235614773E-02
8.92442084663229E-02
8.79769458548093E-02
8.66997843226129E-02
8.22097290230759E-02
9.04243713109675E-02
8.90193947094103E-02
8.76037208847493E-02
0.086177347181381
8.47402765840907E-02
6.97332711960559E-02
6.94638195999382E-02
7.00857663645783E-02
6.87953380061842E-02
6.74956898550296E-02
6.35393934836792E-02
8.38971490810891E-02
8.21809121436188E-02
8.29413159294647E-02
8.11482107955596E-02
7.93434213051047E-02
7.52013035868511E-02
7.26715132525593E-02
6.64746943279813E-02
6.40899731694047E-02
6.31359746740199E-02
5.94042327101134E-02
5.84324435749537E-02
5.67695252462713E-02
5.82292978389255E-02
5.70626925429585E-02
5.52625362508963E-02
5.34555551769585E-02
5.16424232645482E-02
5.30041390028697E-02
5.10646717025914E-02
4.91213317012569E-02
4.71752124287208E-02
4.52275260078126E-02
4.32796149426498E-02
4.13329648440604E-02
3.93892182455351E-02
3.74501895516286E-02
3.55178811428183E-02
2.88912705455016E-02
0.027246932153477
2.62103522608791E-02
2.51131265733794E-02
2.34383841724005E-02
0.021784988845701
2.03803677814283E-02
1.81440535820803E-02
8.87209848772693E-03
8.07301676026068E-03
7.45105867476714E-03
7.10008086231899E-03
6.0655942600978E-03
6.21331608694521E-03
5.2215851067815E-03
4.49095310084228E-03
6.92226890390593E-03
5.77138545363281E-03
4.71930162700985E-03
3.77198726189287E-03
1.34983187537378E-03
9.94545498632838E-04
6.56218201980661E-04
4.19739400186756E-04
3.23041610241698E-04
1.94541526683116E-04
1.08501440503513E-04
5.8698122806681E-05
2.57359153175804E-05
8.11955990794916E-06
1.7233231162349E-06
2.00720604621175E-07
9.02445133830662E-09
5.1018119992619E-11
2.21507699938132E-15
2.19677204434701E-27
1.33183626058268E-207
0
0
0
0
0
0
0
0
0
0
0
0
0
0
0
0
0
0
0
0
0
0
0
0
0
0
0
0
0
0
0
0
0
0
0
0
0
0
0
0
0
0
0
0
0
0
0
0
0
0
0
0
0
0
0
0
0
0
0
0
0
0
0
0
0
0
0
0
0
0
0
0
0
0
0
0
0
0
0
0
0
0
0
0
0
0
0
0
0
0
0
0
0
0
0
0
0
0
0
0
0
0
0
0
0
0
0
0
0
0
0
0
0
0
0
0
0
0
0
0
0
0
0
0
0
0
0
0
0
0
0
0
0
0
0
0
0
0
0
0
0
0
0
0
0
0
0
0
0
0
0
0
0
0
0
0
0
0
0
0
0
0
0
0
0
0
0
0
0
0
0
0
0
0
0
0
0
0
0
0
0
0
0
0
0
0
0
0
0
0
0
0
0
0
0
0
0
0
0
0
0
0
0
0
0
0
0
0
0
0
0
0
0
0
0
0
0
0
0
0
0
0
0
0
0
0
0
0
0
0
0
0
0
0
0
0
0
0
0
0
0
0
0
0
0
0
0
0
0
0
0
0
0
0
0
0
0
0
0
0
0
0
0
0
0
0
0
0
0
0
0
0
0
0
0
0
0
0
0
0
0
0
0
0
0
0
0
0
0
0
0
0
0
0
0
0
0
0
0
0
0
0
0
0
0
0
0
0
0
0
0
0
0
0
0
0
0
0
0
0
0
0
0
0
0
0
0
0
0
0
0
0
0
0
0
0
0
0
0
0
0
0
0
0
0
0
0
0
0
0
0
0
0
0
0
0
0
0
0
0
0
0
0
0
0
0
0
0
0
0
0
0
0
0
0
0
0
0
0
0
0
0
0
0
0
0
0
0
0
0
0
0
0
0
0
0
0
0
0
0
0
0
0
0
0
0
0
0
0
0
0
0
0
0
0
0
0
0
0
0
0
0
0
0
0
0
0
0
0
0
0
0
0
0
0
0
0
0
0
0
0
0
0
0
0
0
0
0
0
0
0
0
0
0
0
0
0
0
0
0
0
0
0
0
0
0
0
0
""
