0
0
0
0
0
0
0
0
0
0
0
0
0
0
0
0
0
0
0
0
0
0
0
0
0
0
0
0
0
0
0
0
0
0
0
0
0
0
0
0
0
0
0
0
0
0
0
0
0
0
0
0
0
0
0
0
0
0
0
0
0
0
0
0
0
0
0
0
0
0
0
0
0
0
0
0
0
0
0
0
0
0
0
0
0
0
0
0
0
0
0
0
0
0
0
0
0
0
0
0
0
0
0
0
0
0
0
0
0
0
0
0
0
0
0
0
0
0
0
0
0
0
0
0
0
0
0
0
0
0
0
0
0
0
0
0
0
0
0
0
0
0
0
0
0
0
0
0
0
0
0
0
0
0
0
0
0
0
0
0
0
0
0
0
0
0
0
0
0
0
0
0
0
0
0
0
0
0
0
0
0
0
0
0
0
0
0
0
0
0
0
0
0
0
0
0
0
0
0
0
0
0
0
0
0
0
0
0
0
0
0
0
0
0
0
0
0
0
0
0
0
0
0
0
0
0
0
0
0
0
0
0
0
0
0
0
0
0
0
0
0
0
0
0
0
0
0
0
0
0
0
0
0
0
0
0
0
0
0
0
0
0
0
0
0
0
0
0
0
0
0
0
0
0
0
0
0
0
0
0
0
0
0
0
0
0
0
0
0
0
0
0
0
0
0
0
0
0
0
0
0
0
0
0
0
0
0
0
0
0
0
0
0
0
0
0
0
0
0
0
0
0
0
0
0
0
0
0
0
0
0
0
0
0
0
0
0
0
0
0
0
0
0
0
0
0
0
0
0
0
0
0
0
0
0
0
0
0
0
0
0
0
0
0
0
0
0
0
0
0
0
0
0
0
0
0
0
0
0
0
0
0
0
0
0
0
0
0
0
0
0
0
0
0
0
0
0
0
0
0
0
0
0
0
0
0
4.88008918373068E-38
6.39521717000828E-19
4.0211055563826E-13
2.70690807080318E-10
1.14106711504346E-08
1.45238607135644E-07
5.74928777055726E-07
2.21637603264289E-06
6.55250709870502E-06
1.42624413512445E-05
2.65439276403006E-05
6.43612269883896E-05
1.02370274175576E-04
1.47195650369184E-04
1.59743170857536E-04
2.31329500866527E-04
3.02567852777846E-04
4.17359939691595E-04
5.14647951655022E-04
4.78314588173058E-04
6.93699740727927E-04
8.82623419759649E-04
1.17902350397236E-03
1.18210684488813E-03
1.41088376935764E-03
1.58628149852462E-03
1.85652399523472E-03
2.71760354809917E-03
2.93919477167192E-03
3.40994169393353E-03
3.64074469576873E-03
4.25340492925428E-03
4.06394036163056E-03
5.66860600600668E-03
4.31701615421387E-03
4.56676095356609E-03
3.72810566009583E-03
3.88221718935364E-03
4.02554526645079E-03
4.15704560231404E-03
5.22587918180675E-03
5.39152238719822E-03
5.54380692772509E-03
5.68181250696205E-03
6.40514303825899E-03
6.75601640575169E-03
7.11297693198114E-03
1.16809221643832E-02
1.12760810209493E-02
1.23271194387395E-02
1.55822958168138E-02
2.80661746148347E-02
2.92813341233703E-02
0.03051092178866
3.17543754936378E-02
3.30111541732377E-02
3.42807369868502E-02
3.55626225060089E-02
3.68563279207762E-02
3.81613882674351E-02
0.039477355679382
4.08037986625404E-02
0.042140301396134
4.34864630592824E-02
4.48418971835671E-02
0.046206231031471
4.75791050003974E-02
4.89601720518215E-02
5.03490971650072E-02
5.17455568146348E-02
5.31492384716162E-02
0.054559840126332
5.59770698334883E-02
5.74006452777833E-02
2.76502378789914E-02
2.77222449078154E-02
2.90021766182901E-02
3.59972513229812E-02
3.74705815756912E-02
4.29394300767401E-02
5.33419684086227E-02
0.054499480624737
5.63648524072138E-02
0.058262827459695
5.13845764275797E-02
5.31699366846952E-02
0.05345992331712
5.37224389604217E-02
5.55442447057518E-02
0.05335577749296
8.23379368121842E-02
6.87457708645934E-02
7.16831090787332E-02
7.29455724249523E-02
7.42097595966779E-02
7.63740648079471E-02
7.94836264465846E-02
8.17262678848825E-02
8.30566089370291E-02
8.43881366969977E-02
8.57207361511828E-02
8.40865349212974E-02
8.53754521924948E-02
5.50578197013901E-02
4.75993587374497E-02
5.87974331447805E-02
6.17783867843306E-02
5.72579597274058E-02
0.098598227530374
9.99661074852846E-02
0.100208109558219
9.58551467762157E-02
9.71317348623946E-02
9.25504957604632E-02
9.49373593947477E-02
9.73542579905812E-02
8.15448032844793E-02
8.50261243196873E-02
4.74024042602945E-02
5.68166759044242E-02
0.04727656980857
4.65439622701834E-02
4.18566431634811E-02
4.36636558625247E-02
3.74710000319127E-02
3.38336513049823E-02
3.42107115791764E-02
3.45874117497524E-02
3.77608316653754E-02
0.035339656906223
3.42865585862866E-02
3.46466303663822E-02
8.45984834843445E-02
0.147356074517829
0.148850752068819
0.150343419447023
0.151834010140578
0.153322458588269
0.154808700153721
0.156292671100537
0.157774308568325
0.159253550549598
0.160730335867492
0.154094373946579
0.15549248103918
0.133767735189597
0.134955489035174
0.136141014721415
0.140714989014186
0.14192508018539
0.143132748918291
0.14259893846492
0.175350166738477
0.176796108585755
0.178238917324731
0.179678540872024
0.18111492773381
0.182548026992694
0.183977788295028
0.185404161838653
0.186827098361045
0.188246549127854
0.189662465921828
0.191074801032094
0.192483507243794
0.193888537828059
0.195289846532309
0.196687387570872
0.198081115615898
0.199470985788575
0.200856953650617
0.202238975196039
0.203617006843176
0.204991005426974
0.206360928191513
0.207726732782769
0.209088377241611
0.210445819997009
0.211799019859461
0.213147936014619
0.214492528017124
0.213674428226774
0.210653522204206
0.2141299608643
0.213232052432825
0.214514758185831
0.218017711851537
0.20364004857383
0.16431486655474
0.181114216756381
0.179876659504425
0.180899280397675
0.181918122942942
0.182933158596719
0.186272768660823
0.187292856949915
0.188309004872665
0.215352847330413
0.216499656095738
0.193725197052859
0.146654398251827
0.128080905198797
0.136025116236913
0.168454348544832
0.164395409931231
0.108499863952555
0.158598178405294
0.159374984213875
0.162650699335481
0.206176633509918
0.207158734212121
0.208136389499492
0.209109573958363
0.251069142837818
0.241926687740774
0.258539086839158
0.257106745312953
0.258254247105123
0.262016335432682
0.263164132517599
0.264306238014127
0.265442623045276
0.266573258959726
0.256990192636947
0.217741907660796
0.226741526625513
0.25206510399402
0.228596940243126
0.199461379577216
0.208486525016085
0.209310089958962
0.210129097117683
0.21094352636808
0.208967129353978
0.209761748134738
0.13756050319511
0.138073661851921
0.13858380561836
0.144768102622627
0.136746121579447
0.128659614248711
0.126247660837883
0.12957141281076
0.121354859924842
0.115974994866108
9.89156840622935E-02
0.113846111008292
0.1112987059926
9.69748357100536E-02
8.55002658584644E-02
8.28204725686181E-02
7.71523513946081E-02
7.73982855249654E-02
7.76425211242858E-02
7.78850524473297E-02
7.51210324983069E-02
6.32947911591498E-02
6.34865248065177E-02
6.67090953666423E-02
6.69070323162176E-02
5.79530217691112E-02
5.20033790366664E-02
4.60172745463588E-02
0.046148202852627
4.62781163293758E-02
4.64070119707332E-02
4.34325610118706E-02
4.35509553376308E-02
4.36683914215966E-02
3.75298856237017E-02
3.44931542045697E-02
3.45831540391012E-02
3.15203569046262E-02
2.84407100418291E-02
2.85124726773873E-02
2.85836074813033E-02
2.86541128302603E-02
2.55324329930053E-02
3.51917240289386E-02
3.52755775250827E-02
3.21442308624635E-02
3.22190467403394E-02
3.22931527784133E-02
3.23665472983039E-02
3.24392286394229E-02
3.25111951589496E-02
0.035840689754989
4.24488704258382E-02
3.92673475509661E-02
0.042629445020908
3.94322990098246E-02
4.28062612350705E-02
4.28932549694124E-02
4.29793031784403E-02
4.63770503895104E-02
4.64676749677979E-02
3.99062358253165E-02
0.039982156175151
4.00571950397399E-02
0.04013135074364
4.02046216323959E-02
4.02770060725233E-02
4.03485024514929E-02
0.040419109177716
3.71147559571516E-02
3.71778434593316E-02
5.41674344504194E-02
5.42568112739517E-02
5.09484297200382E-02
5.44319737777047E-02
5.11103958522751E-02
0.044364397346864
4.10142830754115E-02
4.44989028616524E-02
4.79927371119831E-02
5.14955577042819E-02
5.15691900909799E-02
0.048198906278384
5.17130417274482E-02
5.17832578057746E-02
5.18523319864487E-02
5.53816135985158E-02
5.54528518371413E-02
6.24632256762825E-02
5.90661369981527E-02
5.91379250491292E-02
5.92084090481665E-02
5.92775874477993E-02
5.58545493928445E-02
5.24223718285217E-02
5.94772740156003E-02
6.30436395489434E-02
7.01221686431442E-02
7.37040178354818E-02
0.073778133429559
7.03339259386998E-02
7.04014120647514E-02
5.63738767063422E-02
5.99519670591266E-02
5.64756406918671E-02
5.65246553993985E-02
4.95008708370026E-02
3.53868405574727E-02
3.54151360117418E-02
3.54426506290089E-02
3.54693838091102E-02
3.54953349690872E-02
3.55205035431859E-02
3.90993778811404E-02
3.91253398324183E-02
3.55913083507027E-02
3.56133412677796E-02
3.91980479310427E-02
4.63515665203085E-02
4.63771454200077E-02
0.046401701879166
4.64252353635169E-02
4.28748418718254E-02
4.64692313824813E-02
4.29135627325938E-02
4.29315042920858E-02
4.65275410283066E-02
4.65449266957734E-02
0.050142923680045
5.01594362860568E-02
5.01748431316369E-02
5.37740827307975E-02
5.37882195286427E-02
0.053801170584663
0.053812935617583
4.66470457889853E-02
4.66551857355258E-02
4.30728897213348E-02
4.30785046360054E-02
3.94929057567332E-02
3.59057378844519E-02
3.59080426583835E-02
3.23186002819116E-02
3.59102774828235E-02
3.59102074848169E-02
3.59093458762904E-02
3.23169234083534E-02
3.59052479196792E-02
0.035902011660557
3.23081855719561E-02
3.23038484387747E-02
2.87100437236645E-02
2.87049226067839E-02
0.028699168706135
2.86927821466653E-02
2.51000426836872E-02
2.50933476673227E-02
2.50860994746586E-02
2.50782982631454E-02
2.50699442022647E-02
2.50610374735291E-02
2.14727813746995E-02
2.14642001131729E-02
2.14551456649665E-02
0.025019887931401
2.50082210071957E-02
2.85668602935835E-02
2.49832334462115E-02
2.14027828739563E-02
1.78257448335062E-02
1.78154442785259E-02
1.78047509542245E-02
0.014234932074721
2.13386243249445E-02
2.13243800836544E-02
2.48612766482808E-02
2.83926419869276E-02
2.83717703861579E-02
3.18940574071088E-02
3.18691699307379E-02
3.18435797982014E-02
3.18172875678724E-02
3.17902938136128E-02
3.52917768053055E-02
3.17342041062031E-02
3.17051093782357E-02
3.16753155767071E-02
3.16448233529502E-02
3.16136333737982E-02
3.15817463215873E-02
2.80437003503636E-02
3.15158838048631E-02
3.14819097825601E-02
3.14472415716244E-02
2.79216710506198E-02
0.024403419941398
2.78569595409232E-02
2.78236820197371E-02
2.77897909572717E-02
2.42858762107468E-02
2.07901284001448E-02
2.07633330269701E-02
2.07360797934122E-02
2.07083692992787E-02
1.72335017956241E-02
1.72096491503145E-02
1.71854170059148E-02
1.71608058968553E-02
1.71358163662217E-02
1.71104489657589E-02
1.70847042558746E-02
1.70585828056426E-02
2.04385022313689E-02
2.04062544045454E-02
2.03735566004176E-02
0.02712054605803
2.70757519584301E-02
2.70303608289485E-02
2.69843736773598E-02
2.69377915253632E-02
3.36132692607394E-02
3.69089137678527E-02
3.68424175528427E-02
4.01183007527248E-02
3.33699906182518E-02
3.33073282209689E-02
4.32171109518016E-02
4.31337424391977E-02
4.63609170920753E-02
4.62690895302868E-02
4.94745449985456E-02
3.94991799247875E-02
3.94178531807252E-02
3.93356575932582E-02
4.25236445943208E-02
4.56967785170212E-02
4.23408660500185E-02
4.22480760890064E-02
4.21543551192585E-02
0.042059705257451
0.045192138538974
4.83088008920284E-02
4.49832964352318E-02
4.48773877260832E-02
4.47704904425288E-02
4.78527932289385E-02
0.050918559878511
5.39675826108429E-02
5.38330069203277E-02
5.05385843492244E-02
5.04096965320804E-02
4.71372177672393E-02
4.70143074242121E-02
5.93944588987787E-02
5.30007699002982E-02
5.28579629238306E-02
5.27139929516814E-02
5.25688633023708E-02
5.24225773255705E-02
5.53501465434813E-02
0.055192817588173
5.50342751249334E-02
4.87773536295185E-02
0.045594637021533
4.24288695048995E-02
3.92802542044387E-02
3.91614095463964E-02
0.036038496713871
3.89211426884505E-02
4.17843204362045E-02
4.16526469889348E-02
4.15200594979015E-02
0.041386561088103
4.12521549113276E-02
3.52430092682132E-02
3.21990679988409E-02
3.50087328864865E-02
2.90753689380817E-02
2.89761569450024E-02
2.88763104604415E-02
2.58982486845025E-02
2.58072512271339E-02
2.57156892264595E-02
1.99294393546733E-02
0.019857351439032
1.69584253838514E-02
1.40799111686028E-02
1.40274937663502E-02
1.39747702203803E-02
1.39217418148852E-02
1.10947278755007E-02
1.38147756137401E-02
1.37608404383007E-02
1.37066056438765E-02
1.09216580534765E-02
1.08777940433672E-02
1.08336935709259E-02
1.07893577309119E-02
8.05859072006048E-03
5.34999218528765E-03
5.32747454165999E-03
5.30484144737401E-03
5.28209347176605E-03
5.25923118865825E-03
5.23625517639213E-03
5.21316601786339E-03
5.18996430055762E-03
5.1666506165871E-03
7.71483834409321E-03
7.67953461069514E-03
7.64406563402347E-03
1.01445764407912E-02
1.00968474988832E-02
1.75855783735244E-02
2.00014819571647E-02
1.99047318252601E-02
0.019807556002161
1.72462124192168E-02
1.96119375534955E-02
2.68310626578883E-02
0.026695140118887
2.41442274154334E-02
2.88235597520891E-02
3.10628886018681E-02
3.32764887063665E-02
3.54642134622548E-02
3.99775375319532E-02
4.21003668537017E-02
4.41968403482741E-02
4.39534766221697E-02
4.60096754805654E-02
4.34639924192836E-02
4.32178856354652E-02
4.52325034611056E-02
4.72201328812017E-02
3.57677388872516E-02
3.77798364393652E-02
0.037555669888903
3.73307293895928E-02
4.14703181147518E-02
3.90478793509029E-02
4.09632509330477E-02
4.28510110127168E-02
4.25819390824312E-02
4.23120037468395E-02
4.20412131079765E-02
4.38580541089842E-02
4.56468085698686E-02
0.041223791509785
4.50446283950262E-02
4.47421911060645E-02
3.83790225501661E-02
4.01224265792526E-02
3.98450943400021E-02
4.15453323642598E-02
3.53592918670804E-02
0.035107613948657
0.034855259301851
2.88351968190217E-02
2.86237941100695E-02
3.03059715343655E-02
3.00793242927913E-02
2.79863559130913E-02
2.77728237254528E-02
2.38842736475347E-02
2.18753791977206E-02
2.35119484988931E-02
2.33251433104392E-02
2.31379185312277E-02
1.94194684275174E-02
1.92603544759865E-02
1.73644570090996E-02
1.72191990956052E-02
1.70736448243776E-02
1.69277996652417E-02
1.67816691545446E-02
1.49717330071022E-02
1.64885745662727E-02
1.79757840998122E-02
1.94332880928018E-02
2.08610154558624E-02
2.06689763108193E-02
2.04766191982793E-02
2.02839520901248E-02
0.018545522830822
0.02295890806136
0.022735583256556
2.25119388438293E-02
2.67455816187537E-02
2.64764769292366E-02
2.62070247237475E-02
3.02601102578106E-02
2.99449819644938E-02
2.68076357660001E-02
2.51259908120908E-02
0.024854990274356
2.59494814917866E-02
2.56628687875175E-02
0.028047157357274
2.90502919151728E-02
2.74122402637939E-02
2.70944227675691E-02
2.67763888277155E-02
2.77180681519358E-02
2.73844916255394E-02
2.95099029852533E-02
2.79312479387506E-02
2.75820346063065E-02
0.029600765994358
2.80521179326036E-02
2.88410666913825E-02
2.84611217344818E-02
2.69579001590045E-02
2.54850715018683E-02
2.07641146411903E-02
2.04753793691599E-02
1.80617839489585E-02
1.57090235244475E-02
1.54812559736882E-02
1.52535826937671E-02
1.50260212248637E-02
1.47985895056982E-02
1.65141466734211E-02
1.62567477073209E-02
1.69407102324504E-02
1.48165692761659E-02
1.45749704838174E-02
1.43336347610047E-02
1.23310116142271E-02
9.52314238853707E-03
8.50714677570624E-03
8.35711449090222E-03
7.38658886295422E-03
7.25200401614737E-03
7.11766334815283E-03
6.98358211389407E-03
7.61086221467396E-03
7.46251234265768E-03
7.31450449179743E-03
7.16685762134073E-03
6.31763212186092E-03
5.49818036966202E-03
5.38102477364559E-03
5.26422327251577E-03
0.005147793455518
5.03175346060471E-03
4.91612199837135E-03
4.80091837716689E-03
4.10039221325695E-03
3.42890627951675E-03
3.3435578788624E-03
3.25859317712244E-03
3.17402921355497E-03
3.0898836097376E-03
3.00617459584475E-03
2.43576753181833E-03
2.36678539002196E-03
2.75785911182017E-03
1.78406128184272E-03
1.72990840923458E-03
1.67612912825726E-03
1.62273899733706E-03
1.56975415350306E-03
2.2757870077024E-03
2.56386887006101E-03
2.47345341042774E-03
2.38387122794113E-03
2.29515634580377E-03
1.89200922877342E-03
1.81754673966319E-03
1.74392208414996E-03
1.94969742083588E-03
1.8658773218965E-03
1.5284213378055E-03
1.45850104921561E-03
1.62120245014015E-03
1.3217655585578E-03
1.25503405912875E-03
1.38769381935666E-03
1.50008640812278E-03
1.41589401122564E-03
1.33342429110457E-03
1.09615206583319E-03
1.17392704235716E-03
1.37130283612208E-03
1.27770700543651E-03
1.42406080329755E-03
1.0984323314745E-03
1.21554329300436E-03
1.11645752065437E-03
1.02098655496898E-03
8.51818630090067E-04
8.41394633562234E-04
7.57526540365307E-04
6.21295358052551E-04
5.5207744871932E-04
4.42592561669858E-04
3.87016279082529E-04
4.02290101201239E-04
3.4480792362205E-04
2.92041131974415E-04
2.03363707100436E-04
1.67345115862654E-04
1.35301915965643E-04
1.07192109855006E-04
7.46423737042695E-05
6.86512759313019E-05
5.45311985597601E-05
3.83043882623042E-05
2.66104416244771E-05
1.89133315753713E-05
1.15481800057545E-05
6.43161952212183E-06
3.42019997094979E-06
1.43670141179689E-06
4.47700616933439E-07
1.16940351114129E-07
1.72916539299728E-08
1.05710828086893E-09
1.61472904975897E-11
1.05698088548163E-14
1.94317472859098E-21
4.96614877998352E-47
0
0
0
0
0
0
0
0
0
0
0
0
0
0
0
0
0
0
0
0
0
0
0
0
0
0
0
0
0
0
0
0
0
0
0
0
0
0
0
0
0
0
0
0
0
0
0
0
0
0
0
0
0
0
0
0
0
0
0
0
0
0
0
0
0
0
0
0
0
0
0
0
0
0
0
0
0
0
0
0
0
0
0
0
0
0
0
0
0
0
0
0
0
0
0
0
0
0
0
0
0
0
0
0
0
0
0
0
0
0
0
0
0
0
0
0
0
0
0
0
0
0
0
0
0
0
0
0
0
0
0
0
0
0
0
0
0
0
0
0
0
0
0
0
0
0
0
0
0
0
0
0
0
0
0
0
0
0
0
0
0
0
0
0
0
0
0
0
0
0
0
0
0
0
0
0
0
0
0
0
0
0
0
0
0
0
0
0
0
0
0
0
0
0
0
0
0
0
0
0
0
0
0
0
0
0
0
0
0
0
0
0
0
0
0
0
0
0
0
0
0
0
0
0
0
0
0
0
0
0
0
0
0
0
0
0
0
0
0
0
0
0
0
0
0
0
0
0
0
0
0
0
0
0
0
0
0
0
0
0
0
0
0
0
0
0
0
0
0
0
0
0
0
0
0
0
""
