0
0
0
0
0
0
0
0
0
0
0
0
0
0
0
0
0
0
0
0
0
0
0
0
0
0
0
0
0
0
0
0
0
0
0
0
0
0
0
0
0
0
0
0
0
0
0
0
0
0
0
0
0
0
0
0
0
0
0
0
0
0
0
0
0
0
0
0
0
0
0
0
0
0
0
0
0
0
0
0
0
0
0
0
0
0
0
0
0
0
0
0
0
0
0
0
0
0
0
0
0
0
0
0
0
0
0
0
0
0
0
0
0
0
0
0
0
0
0
0
0
0
0
0
0
0
0
0
0
0
0
0
0
0
0
0
0
0
0
0
0
0
0
0
0
0
0
0
0
0
0
0
0
0
0
0
0
0
0
0
0
0
0
0
0
0
0
0
0
0
0
0
0
0
0
0
0
0
0
0
0
0
0
0
0
0
0
0
0
0
0
0
0
0
0
0
0
0
0
0
0
0
0
0
0
0
0
0
0
0
0
0
0
0
0
0
0
0
0
0
0
0
0
0
0
0
0
0
0
0
0
0
0
0
0
0
0
0
0
0
0
0
0
0
0
0
0
0
0
0
0
0
0
0
0
0
0
0
0
0
0
0
0
0
0
0
0
0
0
0
0
0
0
0
0
0
0
0
0
0
0
0
0
0
0
0
0
0
0
0
0
0
0
0
0
0
0
0
0
0
0
0
0
0
0
0
0
0
0
0
0
0
0
0
0
0
0
0
0
0
0
0
0
0
0
0
0
0
0
0
0
0
0
0
0
0
0
0
0
0
0
0
0
0
0
0
0
0
0
0
0
0
0
0
0
0
0
0
0
0
0
0
0
0
0
0
0
0
0
0
0
0
0
0
0
0
0
0
0
0
0
0
0
0
0
0
0
0
0
0
0
0
0
0
0
0
0
0
0
0
0
0
0
0
0
0
0
0
0
0
0
0
0
0
0
0
0
0
0
0
0
0
0
0
0
0
0
0
0
0
0
0
0
0
0
0
0
0
0
0
0
0
0
0
0
0
0
0
0
0
0
0
0
0
0
0
0
0
0
0
0
0
0
0
0
0
0
0
0
0
0
0
0
0
0
0
0
0
0
0
0
0
0
0
0
0
0
0
0
0
0
0
0
0
0
0
0
0
0
0
0
0
0
0
0
0
3.81211118120015E-49
3.32604077022318E-20
2.54777683483491E-13
3.15079011936939E-10
1.83805807595216E-08
2.33612247138442E-07
1.44699489725862E-06
5.69348484592948E-06
1.74917013468551E-05
3.85788262790698E-05
7.77081580660573E-05
1.31162738337733E-04
2.09441975273205E-04
3.15849304184313E-04
4.41878736427037E-04
5.98146982551791E-04
7.81279523847378E-04
6.74505227153347E-04
8.73381396029121E-04
1.27873980455342E-03
8.0743155407985E-04
8.13642127443337E-04
9.14690112279934E-04
1.01546473113426E-03
1.14761365459658E-03
1.28515465338263E-03
1.42754106316017E-03
1.61923606909691E-03
2.80899366494892E-03
3.8112436799768E-03
3.31532472598624E-03
3.57515074549015E-03
4.24270164434539E-03
4.2492946352119E-03
5.37221427209454E-03
4.40146934333608E-03
4.57407190008034E-03
4.28278981295126E-03
4.99006151593218E-03
5.3432787055434E-03
8.24303900082859E-03
8.62279244914232E-03
9.69515976719539E-03
1.01040485678698E-02
1.05124821833589E-02
5.9801195935822E-03
5.66351938630513E-03
5.58702218405273E-03
9.68083380497355E-03
9.85296255182221E-03
1.01683307242927E-02
1.12764648117483E-02
5.56102090179892E-03
6.05780518912212E-03
7.09140683381951E-03
7.10499181069322E-03
7.10823604283396E-03
7.28806181195749E-03
6.89244735779841E-03
6.86043194612229E-03
7.21941366798907E-03
6.9712646945712E-03
7.12319483441018E-03
1.04832818459322E-02
1.33195510241231E-02
1.44775661105348E-02
1.58955854401268E-02
1.82803741256264E-02
1.86190118140887E-02
1.89552079901492E-02
1.92889561138617E-02
2.23521852976103E-02
2.24742927555403E-02
2.28419897524162E-02
2.24246629418835E-02
2.22449750532179E-02
2.33907599592789E-02
2.37393829605002E-02
2.40853119993776E-02
1.60049136891396E-02
0.017366847612038
0.026261337479691
2.80741596689873E-02
0.027848592448982
2.82050381784953E-02
2.85586279390577E-02
2.89093714855171E-02
2.92572788651255E-02
2.96023603681341E-02
2.22991899341599E-02
2.38406649078414E-02
1.85679047816326E-02
1.35014917107504E-02
1.36459129331302E-02
1.37891297745546E-02
0.019027908112736
2.57414074612779E-02
2.70367057336672E-02
0.027300092650922
2.75612334553953E-02
2.85334738693246E-02
2.91566895396212E-02
3.12370385744223E-02
3.07822434988184E-02
3.06818581979068E-02
3.05727548397356E-02
3.04550264211554E-02
3.22243132285992E-02
3.17228770065328E-02
0.030821551367386
3.10646264969841E-02
3.13055002337248E-02
2.48410419792773E-02
2.42327641111984E-02
2.28106800388255E-02
2.21699042386613E-02
2.55757265883542E-02
2.57551367941849E-02
3.29306077616468E-02
3.31541363106125E-02
3.33755278515616E-02
3.61143980016222E-02
3.67704690775111E-02
0.038280312315827
3.89478304667472E-02
0.037895716689668
2.72942395326732E-02
0.028328590355976
1.57817131987193E-02
1.71955418792998E-02
1.68497987652113E-02
1.60521936001314E-02
1.12086730512319E-02
0.011269344608857
0.011329372833717
1.18443095509935E-02
1.09896048776311E-02
1.38067342951217E-02
1.38756972380796E-02
1.39438965089076E-02
1.35442891958749E-02
0.012670209151594
1.32009990258503E-02
1.37354509188728E-02
2.90227639146261E-02
0.041577702406797
4.41601024631616E-02
0.043868599590499
4.84118894853877E-02
0.048614027003475
4.88136688099165E-02
4.90108187577846E-02
4.92054805971227E-02
4.93976579772133E-02
4.95873544488144E-02
4.97745734663608E-02
4.99593183901313E-02
5.01415924883811E-02
5.03213989394376E-02
5.04987408337614E-02
5.06736211759701E-02
5.08460428868261E-02
5.10160088051878E-02
5.11835216899238E-02
0.051348584221791
5.15111990052752E-02
5.16713685703962E-02
5.18290953744755E-02
5.19843818038682E-02
5.21372301756591E-02
5.22876427393223E-02
5.24356216783455E-02
5.25811691118195E-02
5.27242870959917E-02
0.052864977625786
5.30032426362872E-02
5.31390840041927E-02
0.053272503549229
5.34035030355366E-02
5.35320841730205E-02
0.053658248618669
5.37819979778403E-02
5.39033338055169E-02
0.054022257607529
5.14318322996595E-02
5.15402311732804E-02
5.27336340692585E-02
5.28396451904892E-02
5.40349381872581E-02
5.41383740449548E-02
5.25958120393014E-02
5.15937616656948E-02
3.90388219623507E-02
3.41490622438129E-02
2.09652120400296E-02
2.21046764906255E-02
2.26932439142577E-02
1.99564790700026E-02
1.99863209411576E-02
1.89033398974459E-02
1.89298964292052E-02
1.95131584570044E-02
2.06553259609081E-02
2.01226099266191E-02
2.12665792231989E-02
2.46535680242692E-02
0.024681624919133
2.24623919179807E-02
2.24859880509412E-02
2.19459137233094E-02
3.66117640838008E-02
3.55179021018319E-02
5.58627979056006E-02
5.53446473811532E-02
5.59536189165805E-02
5.65611000189518E-02
5.66010094646563E-02
5.66385356862434E-02
5.66736790230539E-02
0.0567064397914
5.67368182848617E-02
5.67648147745609E-02
5.67904295094166E-02
5.68136627163788E-02
5.68345146006423E-02
5.68529853458402E-02
0.056869075114218
5.68827840467867E-02
5.68941122634567E-02
5.69030598631515E-02
5.69096269239015E-02
5.69138135029186E-02
5.69156196366499E-02
0.056915045340813
5.69120906104106E-02
5.69067554197258E-02
5.68990397222978E-02
5.68889434508775E-02
5.68764665173638E-02
5.68616088127194E-02
5.68443702068682E-02
5.68247505485712E-02
5.68027496652833E-02
5.67783673629906E-02
5.67516034260264E-02
5.33191101598563E-02
5.66909296759149E-02
5.66570193212404E-02
5.66207262483322E-02
5.65820501298045E-02
5.65409906150933E-02
5.64975473301301E-02
0.050242030690525
4.06105256401524E-02
3.94470375271215E-02
3.82839511513019E-02
3.59965181236888E-02
0.056186804443649
5.61266622403145E-02
5.60641323818556E-02
5.59992142644623E-02
5.59319072563756E-02
5.58622106973203E-02
5.57901238979152E-02
5.57156461390602E-02
5.56387766712989E-02
5.55595147141578E-02
5.54778594554616E-02
5.53938100506232E-02
5.53073656219096E-02
5.52185252576829E-02
5.51272880116152E-02
5.50336529018778E-02
5.49376189103057E-02
5.48391849815339E-02
5.47383500221084E-02
5.46351128995697E-02
4.58047568508669E-02
4.57139990450585E-02
4.50781105975662E-02
0.045526419716608
5.40828523524074E-02
5.39651761627525E-02
5.38450887077731E-02
5.37225885066044E-02
5.35976740298504E-02
0.053470343698376
5.33405958820695E-02
5.00159231646578E-02
4.77664569107783E-02
5.13487255185453E-02
0.048045629732167
3.84385396324159E-02
4.20089950132806E-02
4.24152639187194E-02
4.17722963409485E-02
4.11303884324292E-02
4.15278066722714E-02
4.14026357501856E-02
0.041275511614191
3.70317890951826E-02
4.25534732439777E-02
0.041393430274485
0.038200728126555
4.41639436699808E-02
4.30011140714321E-02
4.43638608677499E-02
3.66715117187461E-02
3.30356075438146E-02
3.14184054985353E-02
3.13012643715527E-02
0.026727911615434
0.034020615263179
0.034869423292967
4.01111215303878E-02
4.04356495286181E-02
4.07541157782353E-02
4.01001729229722E-02
3.99293217694172E-02
4.16723614975034E-02
4.29195650591004E-02
4.27275277582187E-02
4.06428580721483E-02
4.23366483558032E-02
4.16696001503888E-02
2.60939266752446E-02
2.64310607402395E-02
2.67621996132864E-02
2.75463701032773E-02
3.01467914628214E-02
4.54407377628518E-02
4.52019542256692E-02
4.49606003930033E-02
4.29280035493088E-02
4.18019486055983E-02
4.15677939360141E-02
2.90197788407415E-02
3.14748468677344E-02
2.91169674444473E-02
3.02390486143669E-02
2.87674547705795E-02
3.71244047233718E-02
3.68917612745869E-02
3.66568178580523E-02
3.76754149961634E-02
3.70117286362676E-02
3.63512024658521E-02
3.48733597636566E-02
3.34101587112596E-02
3.31755746479946E-02
2.12896966812921E-02
2.15339853301117E-02
2.41459615994957E-02
2.55362957207225E-02
2.53415089323305E-02
2.97870789422653E-02
1.61193240347237E-02
1.44671325406049E-02
1.35938460572312E-02
1.23575690440332E-02
1.55949684750726E-02
1.58290603041792E-02
1.56906315053003E-02
1.48276845079161E-02
1.61268693936787E-02
1.66883086754059E-02
1.61799155814577E-02
1.70703973358415E-02
2.13890554221341E-02
2.11770366545699E-02
2.29919129916355E-02
3.34638429292203E-02
3.31131176203593E-02
3.27594491770967E-02
3.24028259697567E-02
3.20432364149479E-02
3.16806690057809E-02
3.13151123453496E-02
3.09465551837885E-02
3.05749864592442E-02
3.02003953431354E-02
0.029822771290108
2.94421040931354E-02
2.90583839442553E-02
2.86716015014826E-02
2.82817479624928E-02
2.78888151457259E-02
2.74927955796279E-02
2.70936826008165E-02
1.12104175940558E-02
1.07773233248537E-02
8.79842854686032E-03
8.40384531743234E-03
8.76804404461725E-03
8.37549245307873E-03
8.71665889950698E-03
9.03981213971798E-03
1.02792457334715E-02
2.08679191952092E-02
1.77738649951578E-02
1.76498315232442E-02
1.72983812538328E-02
1.82153568153382E-02
1.80397362146586E-02
1.46066779432007E-02
1.34883816218678E-02
1.29857921142243E-02
1.77893808482827E-02
1.73572812967507E-02
0.017102661379476
1.66608822056441E-02
1.62166727225884E-02
1.56041184546751E-02
1.53213207340789E-02
1.23658992722449E-02
1.07751360918884E-02
0.012639835419088
0.012226536556432
1.18118308530616E-02
1.15284002331242E-02
1.11065660953136E-02
1.09294963035297E-02
1.12041129518212E-02
1.07415374268555E-02
1.02789085488793E-02
9.9199115625745E-03
9.84730456138376E-03
9.36254738790715E-03
8.87947028570458E-03
8.39862515857603E-03
7.92061981205726E-03
7.44612280138611E-03
6.97586849260539E-03
6.51066227011126E-03
6.05138579047251E-03
5.59900213775502E-03
4.99992385642554E-03
3.39782495274649E-03
3.26355996691389E-03
2.94937739209533E-03
2.74954111825098E-03
2.4448058497333E-03
2.12560813500757E-03
1.42406866548586E-03
1.24521881432445E-03
1.07295168010542E-03
9.08993208947168E-04
7.43290006254051E-04
5.75228057438662E-04
2.71433583634945E-04
1.98909099726568E-04
1.40046567495873E-04
9.66505197798451E-05
6.28136464358857E-05
8.97052595261037E-05
4.83539028330871E-05
2.28584035929864E-05
8.57863843919347E-06
2.72985203801739E-06
5.79393116665183E-07
7.87309268126161E-08
3.43788622411681E-09
1.49129889209194E-11
6.29283238460601E-16
6.14768295992633E-28
3.0124867798894E-208
0
0
0
0
0
0
0
0
0
0
0
0
0
0
0
0
0
0
0
0
0
0
0
0
0
0
0
0
0
0
0
0
0
0
0
0
0
0
0
0
0
0
0
0
0
0
0
0
0
0
0
0
0
0
0
0
0
0
0
0
0
0
0
0
0
0
0
0
0
0
0
0
0
0
0
0
0
0
0
0
0
0
0
0
0
0
0
0
0
0
0
0
0
0
0
0
0
0
0
0
0
0
0
0
0
0
0
0
0
0
0
0
0
0
0
0
0
0
0
0
0
0
0
0
0
0
0
0
0
0
0
0
0
0
0
0
0
0
0
0
0
0
0
0
0
0
0
0
0
0
0
0
0
0
0
0
0
0
0
0
0
0
0
0
0
0
0
0
0
0
0
0
0
0
0
0
0
0
0
0
0
0
0
0
0
0
0
0
0
0
0
0
0
0
0
0
0
0
0
0
0
0
0
0
0
0
0
0
0
0
0
0
0
0
0
0
0
0
0
0
0
0
0
0
0
0
0
0
0
0
0
0
0
0
0
0
0
0
0
0
0
0
0
0
0
0
0
0
0
0
0
0
0
0
0
0
0
0
0
0
0
0
0
0
0
0
0
0
0
0
0
0
0
0
0
0
0
0
0
0
0
0
0
0
0
0
0
0
0
0
0
0
0
0
0
0
0
0
0
0
0
0
0
0
0
0
0
0
0
0
0
0
0
0
0
0
0
0
0
0
0
0
0
0
0
0
0
0
0
0
0
0
0
0
0
0
0
0
0
0
0
0
0
0
0
0
0
0
0
0
0
0
0
0
0
0
0
0
0
0
0
0
0
0
0
0
0
0
0
0
0
0
0
0
0
0
0
0
0
0
0
0
0
0
0
0
0
0
0
0
0
0
0
0
0
0
0
0
0
0
0
0
0
0
0
0
0
0
0
0
0
0
0
0
0
0
0
0
0
0
0
0
0
0
0
0
0
0
0
0
0
0
0
0
0
0
0
0
0
0
0
0
0
0
0
0
0
0
0
0
0
0
0
0
0
0
0
0
0
0
0
0
0
0
0
0
0
0
""
