0
0
0
0
0
0
0
0
0
0
0
0
0
0
0
0
0
0
0
0
0
0
0
0
0
0
0
0
0
0
0
0
0
0
0
0
0
0
0
0
0
0
0
0
0
0
0
0
0
0
0
0
0
0
0
0
0
0
0
0
0
0
0
0
0
0
0
0
0
0
0
0
0
0
0
0
0
0
0
0
0
0
0
0
0
0
0
0
0
0
0
0
0
0
0
0
0
0
0
0
0
0
0
0
0
0
0
0
0
0
0
0
0
0
0
0
0
0
0
0
0
0
0
0
0
0
0
0
0
0
0
0
0
0
0
0
0
0
0
0
0
0
0
0
0
0
0
0
0
0
0
0
0
0
0
0
0
0
0
0
0
0
0
0
0
0
0
0
0
0
0
0
0
0
0
0
0
0
0
0
0
0
0
0
0
0
0
0
0
0
0
0
0
0
0
0
0
0
0
0
0
0
0
0
0
0
0
0
0
0
0
0
0
0
0
0
0
0
0
0
0
0
0
0
0
0
0
0
0
0
0
0
0
0
0
0
0
0
0
0
0
0
0
0
0
0
0
0
0
0
0
0
0
0
0
0
0
0
0
0
0
0
0
0
0
0
0
0
0
0
0
0
0
0
0
0
0
0
0
0
0
0
0
0
0
0
0
0
0
0
0
0
0
0
0
0
0
0
0
0
0
0
0
0
0
0
0
0
0
0
0
0
0
0
0
0
0
0
0
0
0
0
0
0
0
0
0
0
0
0
0
0
0
0
0
0
0
0
0
0
0
0
0
0
0
0
0
0
0
0
0
0
0
0
0
0
0
0
0
0
0
0
0
0
0
0
0
0
0
0
0
0
0
0
0
0
0
0
0
0
0
0
0
0
0
0
0
0
0
0
0
0
0
0
0
0
0
0
0
0
0
0
0
0
0
0
0
0
0
0
0
0
0
0
0
0
0
0
0
0
0
0
0
0
0
0
0
0
0
0
0
0
0
0
0
0
0
0
0
0
0
0
0
0
0
0
0
0
0
0
0
0
0
0
0
0
0
0
0
1.09994373155861E-33
8.99666883168027E-18
1.36453588180654E-12
4.91868413758174E-10
1.73479446108895E-08
1.7271202804557E-07
9.39730131106797E-07
3.34941980086015E-06
9.00844386299921E-06
1.98988164866323E-05
3.51650678434939E-05
6.04767551998585E-05
1.03757879481456E-04
1.42168788742777E-04
1.83681239016369E-04
2.48220132194367E-04
3.53464473628794E-04
4.10896652542451E-04
5.08559556313684E-04
5.60498672715108E-04
9.34598290659045E-04
1.17450549909866E-03
1.54059787887129E-03
1.65869903462048E-03
1.87806660918181E-03
1.58038947057669E-03
1.75889883099183E-03
1.9434639405974E-03
2.13350394177782E-03
2.13443356590281E-03
2.31720572582533E-03
2.50359304908176E-03
2.44835610005833E-03
3.14795807478312E-03
3.36060878514306E-03
3.57563333978029E-03
3.16059465536918E-03
3.34296457108926E-03
3.52658107028947E-03
3.71123978907845E-03
3.89675370973152E-03
4.49124699675063E-03
4.69664560323629E-03
4.45678898755524E-03
5.10857051287903E-03
5.31482269930067E-03
5.52110516420884E-03
5.72730916171557E-03
7.01212387995094E-03
8.3714920579149E-03
9.22836758526831E-03
9.5265256569222E-03
9.82396673543758E-03
1.07531383390955E-02
9.76532436986664E-03
1.00416825232711E-02
1.03170744476084E-02
0.011297538947757
1.37619982489283E-02
1.33642865167143E-02
1.52105467388719E-02
1.55702810739174E-02
1.67247820651797E-02
1.62847533194905E-02
1.66394117736031E-02
1.78419206685187E-02
1.73434038386647E-02
1.76926799165854E-02
1.53340929545021E-02
1.65471034865521E-02
1.77928770480847E-02
1.62104464975495E-02
1.64993188555041E-02
1.67865485281279E-02
1.70721257729146E-02
1.63350984906125E-02
1.66007438944332E-02
1.47567117883271E-02
0.014986389536395
1.63014435005869E-02
1.65445522456601E-02
1.67861697241667E-02
1.58912078085808E-02
1.61139290586611E-02
1.63352547063204E-02
1.65551843703828E-02
0.016773718035005
0.019418121157746
1.72065989123745E-02
1.74209476052473E-02
1.63743386856115E-02
1.52961145840339E-02
1.54762633324744E-02
1.56552218477259E-02
1.45135757112521E-02
1.46754432990458E-02
1.61849720748626E-02
1.77224517433311E-02
1.51545339602329E-02
1.39200599707264E-02
1.54685185757435E-02
1.56238936671986E-02
1.57781931536775E-02
1.73797297834369E-02
1.46214300534034E-02
1.47587794391023E-02
1.63846739027419E-02
1.80366813591643E-02
1.51650103354928E-02
1.52984874728339E-02
1.54310009712123E-02
1.71188078343618E-02
1.88317728227616E-02
2.05696101118035E-02
2.23320345323334E-02
2.41187615575971E-02
2.10677246726655E-02
2.12312852805848E-02
1.97479482240045E-02
1.98966485462619E-02
2.00442122985654E-02
2.01906412875366E-02
1.86412758433064E-02
2.21867771887302E-02
2.06231371940381E-02
2.07650444630695E-02
1.91636733271761E-02
1.92916915861964E-02
1.94186802832441E-02
1.95446407981159E-02
1.96695744754007E-02
1.97934826245733E-02
1.81057877455853E-02
1.82165703653243E-02
2.01590664749362E-02
2.02788849103727E-02
1.85433489502236E-02
0.020515464383083
0.020632227594244
0.022634154017822
2.27593158050776E-02
2.28833710719638E-02
2.30063208461795E-02
0.019273471768109
1.74366808946132E-02
1.75264102408006E-02
2.15298273692161E-02
2.36045209695207E-02
2.37208575220383E-02
2.38360948642123E-02
2.39502337703209E-02
2.40632749856531E-02
2.21606176248619E-02
2.42860671838799E-02
0.022362834558105
2.24624371260256E-02
2.46120398339039E-02
2.67783847604313E-02
2.68925420307715E-02
2.90828628940728E-02
2.92032524605606E-02
2.72279134958136E-02
0.025234466740519
2.53343840839539E-02
2.11943425547801E-02
2.12757900743454E-02
1.92206966533072E-02
1.92923653314323E-02
0.015060280168942
1.51147523210827E-02
1.51685896721849E-02
0.015221792392386
1.52743606420627E-02
1.53262945721334E-02
1.75743935135484E-02
1.76322971789898E-02
1.76894763636862E-02
1.77459312002227E-02
2.00268695385243E-02
1.56245847744482E-02
1.56720819597595E-02
1.79645094023094E-02
1.57651761548505E-02
1.58107733151739E-02
1.58557372734732E-02
2.04429446859009E-02
1.82214466459279E-02
2.05544963565564E-02
2.06090513797256E-02
0.020662792593578
2.07157200390413E-02
1.61527595839951E-02
1.38794225052168E-02
1.15942333795197E-02
1.39461951630466E-02
1.39787678365283E-02
1.16756650675532E-02
1.17019049156382E-02
0.014073231288826
0.016454239955618
1.64890772306461E-02
0.01652328165197
1.65568532068159E-02
1.65897918798821E-02
1.42475122744313E-02
1.18955503627214E-02
1.43012660750446E-02
1.67152173689173E-02
1.67449913263469E-02
1.67741322660133E-02
0.016802640159295
1.44261556939261E-02
1.44495057306301E-02
0.014472313076199
1.44945777022389E-02
1.45162995796623E-02
1.45374786787905E-02
1.21317624745447E-02
1.21485070175726E-02
1.21647991690216E-02
1.21806389029962E-02
1.21960261934997E-02
9.76876881160461E-03
0.012225443340027
1.46873677730183E-02
1.47036604815109E-02
1.47194101029354E-02
1.47346166070677E-02
1.47492799641039E-02
1.23028334539389E-02
9.85131808011331E-03
9.86000724151993E-03
1.23354177863119E-02
9.87629902486602E-03
7.41292620874097E-03
7.41835647949224E-03
7.42351506877536E-03
7.42840196492697E-03
7.43301715677044E-03
7.43736063363669E-03
7.44143238538393E-03
7.4452324024161E-03
7.44876067570017E-03
7.45201719678229E-03
7.45500195780269E-03
7.45771495150948E-03
9.94687489502827E-03
9.94976748145111E-03
9.95229768747136E-03
9.9544655068143E-03
1.24453386676053E-02
1.49365709471607E-02
1.74278905417244E-02
1.49392692342993E-02
1.74297701300723E-02
1.74297586103285E-02
1.99189861495012E-02
1.99175233636004E-02
2.24047527435679E-02
1.99124233803669E-02
1.99087861958087E-02
1.74163711990325E-02
1.74119203004191E-02
1.74068352365288E-02
1.74011160199169E-02
1.73947626646363E-02
1.73877751862135E-02
1.73801536016216E-02
1.98535976334297E-02
2.23238676714135E-02
2.23116228020898E-02
0.022298562758486
1.73325347775114E-02
1.48466648479689E-02
1.73090492514117E-02
0.01729635559111
1.97520320419759E-02
2.22030856512427E-02
2.21843203253458E-02
2.21647401097045E-02
2.46048278284225E-02
2.45812613058207E-02
2.94681473891476E-02
2.94376949192671E-02
2.94061562169845E-02
2.44779427856463E-02
2.44498502981774E-02
2.44208527698512E-02
2.68300452776845E-02
2.67961570777178E-02
2.67612735041945E-02
2.67253946143019E-02
2.42622913318173E-02
2.42278646480499E-02
2.17732799568119E-02
2.41562972939635E-02
2.65310723956655E-02
2.64892227840824E-02
2.64463782406163E-02
2.88027696172365E-02
3.11500144782215E-02
0.031095852882174
3.34282476592515E-02
3.33673877737949E-02
2.85473673943238E-02
0.028493031656136
3.08074118242688E-02
0.030746197304305
3.06838074335756E-02
3.29756454895893E-02
3.52563481709114E-02
3.75256442775079E-02
3.74430706899445E-02
0.035024109964574
3.72735840961916E-02
3.71866710859578E-02
4.17356005320191E-02
4.85736635573867E-02
5.07612228812449E-02
5.06337615485546E-02
0.052799961590252
5.49522233554017E-02
5.70902754730875E-02
5.23814796274417E-02
5.45090356380601E-02
5.43569654141525E-02
5.19442775577814E-02
5.17943827319422E-02
5.83783733133402E-02
5.59655984893998E-02
5.57958834979887E-02
5.33989497427928E-02
5.98856388581115E-02
5.96950149824878E-02
5.50943948297378E-02
5.71098981655511E-02
5.69192706666698E-02
5.67262876315188E-02
5.65309485323551E-02
7.14998977939675E-02
7.55639228878908E-02
7.52914468057516E-02
8.57323380385131E-02
8.54136787050376E-02
0.102109666350214
9.32420132418978E-02
9.28795024298874E-02
4.41539287493263E-02
4.39770951638297E-02
4.37983518957589E-02
5.40028643475574E-02
5.17084916665032E-02
5.35484307642908E-02
5.33176614789073E-02
5.30845222627303E-02
5.28490118479163E-02
5.26111289117425E-02
5.23708720752819E-02
5.01233075981486E-02
4.98877220161502E-02
0.045677861561164
4.54569134787458E-02
4.72005480224657E-02
4.89224947246369E-02
4.86754584275711E-02
5.03631719011035E-02
5.01014779784301E-02
4.98373929828071E-02
4.76643411824713E-02
4.74058090028929E-02
4.71449714934295E-02
3.93807342088558E-02
4.10224069662351E-02
4.44946602939076E-02
4.23922409434283E-02
4.39738789604123E-02
4.37101491295317E-02
4.34441898037808E-02
3.95779984882828E-02
0.041117839893811
4.08565369838176E-02
4.23580037727993E-02
3.85741179761552E-02
4.00597341745282E-02
3.97898255859147E-02
3.77995947753581E-02
3.92435288311336E-02
4.23555808426839E-02
4.54170187795302E-02
4.00777429970374E-02
4.14401385185674E-02
3.94850496860997E-02
3.59198486490053E-02
0.034022842411187
3.53640127206534E-02
3.66776294998635E-02
3.63815943009129E-02
3.76522000794208E-02
3.73386969765306E-02
3.70228893318947E-02
0.036704772992722
3.63843437671415E-02
3.45590308707496E-02
0.029780441442871
2.80322329841743E-02
2.92328442998228E-02
2.89561297729259E-02
2.86774665281218E-02
2.98166935753843E-02
2.95199937351961E-02
3.89616489152536E-02
3.71833956466449E-02
3.81567155481643E-02
2.69643683072369E-02
2.66719673190965E-02
2.50587112552149E-02
2.60812358101608E-02
2.44937546180245E-02
2.54825795732663E-02
2.26622460232046E-02
2.11445819925746E-02
2.33412093637998E-02
2.42614175445869E-02
0.022753590613363
2.60027730838196E-02
0.027989552323953
2.76100499995624E-02
2.83626617190238E-02
2.23698912090893E-02
2.09452791760607E-02
0.021723445120819
2.24671051362581E-02
2.21225130452169E-02
2.59236267486022E-02
2.14271118765562E-02
2.10763169526481E-02
1.87498068387718E-02
1.93986510992864E-02
1.90587312969457E-02
1.87168925729882E-02
0.019291807473554
1.89288966011101E-02
1.76800236526968E-02
1.64641468840723E-02
1.61305409421726E-02
1.57952305677203E-02
1.54582447136356E-02
1.51196156493001E-02
0.015557241341255
1.51974478534863E-02
1.70614586254073E-02
0.016644067614135
1.83412564068204E-02
1.92398969242754E-02
1.87257645387132E-02
1.88601837818753E-02
1.83240846359424E-02
1.83997030268694E-02
1.66524858403938E-02
1.55545715524925E-02
1.28206705835845E-02
1.23904246363789E-02
9.87969038626184E-03
9.52351182879314E-03
9.64968869451655E-03
9.27469068046449E-03
9.34497149735611E-03
8.52577380010093E-03
7.74473723973539E-03
8.16900298828574E-03
7.77948251556199E-03
7.03978250407209E-03
6.67263270433526E-03
6.62339118902746E-03
6.5409375772639E-03
6.4262768248728E-03
6.28056389845912E-03
5.86091378966729E-03
5.67446235646431E-03
5.46118226375419E-03
5.02950467215224E-03
4.60743990169683E-03
4.03470800928396E-03
4.52678624253153E-03
4.06623473916011E-03
3.7398429161407E-03
3.61139789623585E-03
3.33602157705964E-03
2.95894704823703E-03
2.65412321668251E-03
2.44980292452378E-03
2.20288541076362E-03
1.55609702975907E-03
1.25505310000714E-03
1.11671980160274E-03
8.41724050291239E-04
5.14359585644443E-04
3.45786881116754E-04
2.42510234968798E-04
1.40531120099364E-04
7.60592040485641E-05
3.5566662368597E-05
1.33594397704004E-05
3.70189524701707E-06
7.66303041363353E-07
7.03396307835127E-08
1.52161325804991E-09
3.59790713062427E-12
1.4688316906963E-17
1.98173194866047E-34
0
0
0
0
0
0
0
0
0
0
0
0
0
0
0
0
0
0
0
0
0
0
0
0
0
0
0
0
0
0
0
0
0
0
0
0
0
0
0
0
0
0
0
0
0
0
0
0
0
0
0
0
0
0
0
0
0
0
0
0
0
0
0
0
0
0
0
0
0
0
0
0
0
0
0
0
0
0
0
0
0
0
0
0
0
0
0
0
0
0
0
0
0
0
0
0
0
0
0
0
0
0
0
0
0
0
0
0
0
0
0
0
0
0
0
0
0
0
0
0
0
0
0
0
0
0
0
0
0
0
0
0
0
0
0
0
0
0
0
0
0
0
0
0
0
0
0
0
0
0
0
0
0
0
0
0
0
0
0
0
0
0
0
0
0
0
0
0
0
0
0
0
0
0
0
0
0
0
0
0
0
0
0
0
0
0
0
0
0
0
0
0
0
0
0
0
0
0
0
0
0
0
0
0
0
0
0
0
0
0
0
0
0
0
0
0
0
0
0
0
0
0
0
0
0
0
0
0
0
0
0
0
0
0
0
0
0
0
0
0
0
0
0
0
0
0
0
0
0
0
0
0
0
0
0
0
0
0
0
0
0
0
0
0
0
0
0
0
0
0
0
0
0
0
0
0
0
0
0
0
0
0
0
0
0
0
0
0
0
0
0
0
0
0
0
0
0
0
0
0
0
0
0
0
0
0
0
0
0
0
0
0
0
0
0
0
0
0
0
0
0
0
0
0
0
0
0
0
0
0
0
0
0
0
0
0
0
0
0
0
0
0
0
0
0
0
0
0
0
0
0
0
0
0
0
0
0
0
0
0
0
0
0
0
0
0
0
0
0
0
0
0
0
0
0
0
0
0
0
0
0
0
0
0
0
0
0
0
0
0
0
0
0
0
0
0
0
0
0
0
0
0
0
0
0
0
0
0
0
0
0
0
0
0
0
0
0
0
0
0
0
0
0
0
0
0
0
0
0
0
0
0
0
0
0
0
0
0
0
0
0
0
0
0
0
0
0
0
0
0
0
0
0
0
0
0
0
0
0
0
0
0
0
0
0
0
0
0
0
0
0
""
