0
0
0
0
0
0
0
0
0
0
0
0
0
0
0
0
0
0
0
0
0
0
0
0
0
0
0
0
0
0
0
0
0
0
0
0
0
0
0
0
0
0
0
0
0
0
0
0
0
0
0
0
0
0
0
0
0
0
0
0
0
0
0
0
0
0
0
0
0
0
0
0
0
0
0
0
0
0
0
0
0
0
0
0
0
0
0
0
0
0
0
0
0
0
0
0
0
0
0
0
0
0
0
0
0
0
0
0
0
0
0
0
0
0
0
0
0
0
0
0
0
0
0
0
0
0
0
0
0
0
0
0
0
0
0
0
0
0
0
0
0
0
0
0
0
0
0
0
0
0
0
0
0
0
0
0
0
0
0
0
0
0
0
0
0
0
0
0
0
0
0
0
0
0
0
0
0
0
0
0
0
0
0
0
0
0
0
0
0
0
0
0
0
0
0
0
0
0
0
0
0
0
0
0
0
0
0
0
0
0
0
0
0
0
0
0
0
0
0
0
0
0
0
0
0
0
0
0
0
0
0
0
0
0
0
0
0
0
0
0
0
0
0
0
0
0
0
0
0
0
0
0
0
0
0
0
0
0
0
0
0
0
0
0
0
0
0
0
0
0
0
0
0
0
0
0
0
0
0
0
0
0
0
0
0
0
0
0
0
0
0
0
0
0
0
0
0
0
0
0
0
0
0
0
0
0
0
0
0
0
0
0
0
0
0
0
0
0
0
0
0
0
0
0
0
0
0
0
0
0
0
0
0
0
0
0
0
0
0
0
0
0
0
0
0
0
0
0
0
0
0
0
0
0
0
0
0
0
0
0
0
0
0
0
0
0
0
0
0
0
0
0
0
0
0
0
0
0
0
0
0
0
0
0
0
0
0
0
0
0
0
0
0
2.04301939840289E-28
4.5455991190784E-16
8.11037798896084E-12
1.13432315533413E-09
2.83404545430016E-08
2.00225246211476E-07
8.45043989410556E-07
2.56893277048086E-06
5.95016432209486E-06
1.20178260828213E-05
1.93849700370344E-05
3.04300262986554E-05
4.44140411426708E-05
6.60803267275742E-05
9.04936575968352E-05
1.10599879101866E-04
1.47279713297277E-04
1.83847854720468E-04
2.3325882725616E-04
2.79816345532903E-04
3.30420332584472E-04
4.70415131712448E-04
5.08649547007401E-04
5.79379988469022E-04
6.9605863477835E-04
8.49961087817289E-04
7.87046639020706E-04
7.819391289129E-04
7.94531036953585E-04
8.32573263090061E-04
8.66709668811145E-04
9.37327688978979E-04
1.00962222965897E-03
1.22480993336972E-03
1.30996729165926E-03
1.39667725956089E-03
1.59905816291903E-03
1.63491330522306E-03
1.72919761209314E-03
1.82471661069715E-03
1.70790267020083E-03
2.0191445848968E-03
2.11790888940891E-03
3.0389578203795E-03
3.34852567489966E-03
3.31578639434194E-03
3.54922431845656E-03
3.79127294176981E-03
0.003536698969858
3.35706318901579E-03
2.50216106949114E-03
2.9299720188435E-03
3.14851582509358E-03
3.13429223042522E-03
3.23710423775515E-03
3.21183638675915E-03
3.3114234574627E-03
3.68424221256028E-03
3.51154748902491E-03
3.90099931400453E-03
4.15831354694695E-03
4.27140795511859E-03
4.8545353580051E-03
4.65894657777044E-03
4.77675842399569E-03
5.06353976644231E-03
5.01291760921325E-03
6.01592223801042E-03
5.43069138918521E-03
5.55333385811328E-03
5.67607773669704E-03
5.99220429563869E-03
5.92180782088794E-03
4.83581176146866E-03
5.34539569800995E-03
6.91987264455569E-03
7.05522307778847E-03
6.97268226879671E-03
6.88193075666183E-03
7.00905657166533E-03
7.82674753846371E-03
7.96609769769578E-03
7.39020980679488E-03
7.51715134217286E-03
7.39744025980214E-03
8.77349649649835E-03
8.40702782827486E-03
8.80063921205672E-03
9.20229749884763E-03
1.97579645030058E-02
2.43965047729618E-02
2.47626719806455E-02
2.76412801958873E-02
2.83264190790077E-02
0.028731859086461
2.91367827071703E-02
2.95411681782697E-02
2.57526951044283E-02
3.03482404465796E-02
3.07508864664395E-02
3.11529127333504E-02
3.15543000867334E-02
3.19550298180461E-02
3.23550836508442E-02
3.27544437219221E-02
3.31530925634691E-02
3.35510130861775E-02
3.39481885632468E-02
3.43446026152308E-02
3.47402391956771E-02
3.51350825775124E-02
3.55291173401317E-02
3.59223283571483E-02
3.63147007847682E-02
3.67062200507527E-02
3.70968718439363E-02
3.74866421042675E-02
3.78755170133445E-02
3.82634829854179E-02
3.40124634597736E-02
1.32724558618839E-02
1.18265384205333E-02
1.15437381045122E-02
1.08510890034332E-02
1.13600081228502E-02
1.39239174696059E-02
1.40531958961132E-02
1.41821268346119E-02
1.38898031909972E-02
1.82610002534063E-02
1.84227117258457E-02
1.90161492693633E-02
1.83088280175378E-02
2.63791706990434E-02
2.03950295631415E-02
0.02280089939626
2.74970610264465E-02
2.81762226651969E-02
2.42807570758897E-02
2.12422596699396E-02
1.76866207744178E-02
1.78248423185934E-02
1.74899141519816E-02
1.80999337235211E-02
1.82367962261467E-02
1.64391775342931E-02
1.50995589051759E-02
1.52100746071877E-02
1.63086065036276E-02
0.016425431256258
1.70431089185932E-02
1.46387015509138E-02
1.62651187309621E-02
1.74003250433143E-02
1.80337724597699E-02
1.86737040366204E-02
1.56649277453726E-02
1.68192425033056E-02
1.74578291893351E-02
1.86352449802081E-02
1.71466424707588E-02
1.61764819183587E-02
1.62775784913994E-02
1.52863803077426E-02
1.70278224870067E-02
1.71310091349829E-02
2.94641776299539E-02
4.36198279950795E-02
3.20633648714055E-02
3.33814701968321E-02
3.24356140020231E-02
3.20482279770907E-02
3.51066792731078E-02
2.02557049248772E-02
2.15315947684159E-02
2.16494755594353E-02
2.05902289508297E-02
2.12921570035938E-02
2.14052594136796E-02
1.91269563384341E-02
1.98273660458024E-02
2.05334885886233E-02
6.07007898711393E-02
6.10074496497315E-02
6.13125859962535E-02
0.061616192126619
6.19182613076551E-02
6.22187868566451E-02
6.25177621408908E-02
6.28151805772905E-02
6.31110356319344E-02
6.34053208197155E-02
0.063698029703956
6.39891558960479E-02
6.42786930551083E-02
6.45666348876482E-02
0.064852975147254
6.51377076342819E-02
6.54208261955646E-02
6.57023247241292E-02
0.065982197158927
6.62604374845733E-02
6.65370397310985E-02
5.74583182573896E-02
5.70225103826728E-02
5.72534151266411E-02
5.68066380865112E-02
0.057032030141245
6.06641131560077E-02
6.02156695315098E-02
2.95367796638209E-02
3.17178204251278E-02
3.18373757771038E-02
0.031956148754943
2.99823453216607E-02
3.49905843438197E-02
3.86288297440987E-02
4.01767810494553E-02
0.040319062910192
4.04603570645428E-02
4.13129528473789E-02
3.93104978081826E-02
7.17162874623846E-02
0.071957189239925
7.21963326941699E-02
7.24337128499905E-02
7.26693247740079E-02
7.29031635745105E-02
7.31352244013755E-02
4.10846813697571E-02
4.63642155529581E-02
5.16744838128489E-02
4.44273554529278E-02
4.08477806434389E-02
3.79898926210563E-02
3.66076394269013E-02
3.74635678096139E-02
4.88429391163402E-02
6.32998856199701E-02
6.34781292818501E-02
6.13814463594427E-02
6.15503512942019E-02
6.17177645782521E-02
6.18836827825494E-02
4.59615574156119E-02
3.84018644449487E-02
3.77314718884585E-02
4.16882249178425E-02
4.25677795629253E-02
4.11225085885542E-02
3.57794626667738E-02
2.18319819576924E-02
2.26662276364787E-02
2.27202127707495E-02
2.27736499038603E-02
2.04651719547965E-02
2.05120955748059E-02
1.97678124937164E-02
1.90195008632563E-02
1.82672169911721E-02
1.83069726709845E-02
1.83462878944849E-02
1.67864521379887E-02
1.76225679795822E-02
1.92642604289911E-02
1.84991284399443E-02
1.77303065971758E-02
2.26104695655505E-02
2.26545516160075E-02
2.35087360936275E-02
2.51776286071031E-02
2.19698348084815E-02
2.20102405436443E-02
0.022050118726264
2.04532116229984E-02
2.13087229629996E-02
2.13455955349057E-02
2.22043400254152E-02
2.30653304120962E-02
2.31033859140337E-02
2.39673490417728E-02
2.48333979709003E-02
2.48723928216118E-02
2.49107931224189E-02
2.91066977859328E-02
2.91501081691508E-02
2.66905803470913E-02
2.58937147070827E-02
0.024257388155554
2.42910448159892E-02
2.43241217745376E-02
2.35167349762994E-02
2.35475500170362E-02
4.04190916451846E-02
3.62543668582825E-02
3.62990998202472E-02
6.50792675436619E-02
6.51562705848144E-02
6.60788864250176E-02
6.53056179233035E-02
3.39625762252267E-02
0.031449396322788
2.97808954108716E-02
2.98116529388097E-02
3.15469409759293E-02
3.24314135148029E-02
3.50253228811348E-02
4.27536881184926E-02
4.19366998856457E-02
4.28303959713926E-02
4.20098781147118E-02
4.11869087545024E-02
3.86440356748788E-02
4.12527208931324E-02
4.04240700311574E-02
3.70110059527484E-02
3.44534035760697E-02
0.036201003147198
3.53625708362404E-02
3.19330099150959E-02
3.71342159866761E-02
3.97485082714973E-02
3.71773302101597E-02
3.71975634349515E-02
3.63514039081068E-02
7.88004555491194E-02
4.15847026337183E-02
0.043336815370789
0.047690723952977
5.37819779699442E-02
5.29344493149941E-02
4.86126964678237E-02
6.77328034583818E-02
6.77534583001339E-02
4.77883052467801E-02
4.69315004170324E-02
3.47721929360238E-02
3.91269224092877E-02
3.91341995862763E-02
3.82707584737971E-02
5.91539084714407E-02
0.03741044021032
3.82839344615796E-02
0.048728285956981
5.04707803493568E-02
4.78611722903226E-02
0.043509987827536
4.96000171889928E-02
4.69870785279296E-02
4.78536183684916E-02
4.34989927730023E-02
4.17539177465904E-02
3.82688276705388E-02
3.47839299637813E-02
0.033907761667653
3.73773500373036E-02
3.73683325456996E-02
0.039096029844195
0.030399240355277
2.77849017001014E-02
0.029511525009352
3.47069313972198E-02
2.77548784028079E-02
2.86105390493222E-02
2.77315691875095E-02
3.03175765719299E-02
3.11688305564389E-02
3.11531281671208E-02
3.11366861903234E-02
4.75436881236714E-02
7.34342974434283E-02
0.067346339851172
8.02474503877237E-02
0.079333119221039
7.92797793974904E-02
8.09468291302039E-02
8.08884821753882E-02
8.42677115942731E-02
8.50620883604441E-02
8.58530997932379E-02
8.57828574283639E-02
8.57105756812048E-02
8.56362559943074E-02
8.55598998511147E-02
0.085481508775956
8.54010843340365E-02
8.53186281314276E-02
8.52341418150559E-02
6.98210541996082E-02
6.97484502190147E-02
6.88245006048449E-02
8.31784111842263E-02
8.22378794569027E-02
0.082144148233787
7.52815767851832E-02
0.080261109378999
8.10073937289612E-02
8.17496734912521E-02
7.74376113748767E-02
8.40626123472922E-02
8.39519029919747E-02
8.38391908636298E-02
8.37244782207082E-02
8.36077673623402E-02
8.34890606283254E-02
8.33683603991213E-02
8.32456690958334E-02
8.31209891802044E-02
8.29943231546041E-02
8.28656735620192E-02
8.27350429860436E-02
0.082602434050869
0.082467849421275
8.23312918026209E-02
8.21927639408365E-02
8.20522686224134E-02
8.19098086743979E-02
8.17653869643825E-02
8.16190064004993E-02
8.14706699314129E-02
8.13203805463143E-02
8.11681412749151E-02
8.10139551874423E-02
8.08578253946336E-02
8.06997550477334E-02
8.05397473384894E-02
8.03778054991498E-02
8.02139328024614E-02
8.00481325616683E-02
7.98804081305113E-02
7.97107629032285E-02
7.95392003145562E-02
7.53974376477447E-02
7.76065302546045E-02
7.66426520350409E-02
7.64688310645415E-02
3.61802650006275E-02
3.84501812446398E-02
0.039925285280442
4.13919930692192E-02
0.049082948798092
5.98435562009459E-02
5.96953964317881E-02
7.73322006039844E-02
7.71360433134768E-02
7.69380210033699E-02
7.67381377167582E-02
7.65363975374123E-02
7.63328045898024E-02
7.61273630391243E-02
7.59200770913271E-02
0.07419673197328
5.66249917740889E-02
0.048183805143456
2.77768527041269E-02
2.76967686403592E-02
2.83623905016014E-02
2.97671176840308E-02
0.030420322854299
3.03286101538156E-02
2.94986921141818E-02
2.72021947431436E-02
2.71174367091518E-02
0.033607373552182
3.20438204883616E-02
3.04888270590955E-02
3.11131894278714E-02
2.95685017558461E-02
3.23453599973978E-02
0.031520324832382
3.14133047164178E-02
3.27284941084572E-02
3.11969612448141E-02
0.033207254391052
2.95694908881631E-02
2.94636891566591E-02
3.70459460299613E-02
4.38748799860935E-02
4.30190794526668E-02
0.040093574691855
3.92538450300057E-02
4.11625458817644E-02
3.82706259594629E-02
0.044248672950907
4.27188400737459E-02
4.32248401619552E-02
5.11238908760366E-02
5.02470619228132E-02
4.93744530445947E-02
5.24929223556781E-02
5.16122867546479E-02
5.27126588132152E-02
4.65833971231131E-02
3.20109107736139E-02
3.38232659151431E-02
3.30273363489269E-02
2.96574043628286E-02
0.030166552280486
2.93912842168139E-02
2.86211031726329E-02
3.03884286040418E-02
5.98637054779019E-02
5.89549760507816E-02
0.0543055141339
5.40449638021964E-02
6.05832244719416E-02
3.56798855874022E-02
3.36671151695974E-02
3.04536506126172E-02
3.09060737341534E-02
3.67777988831879E-02
3.83880288872632E-02
4.35588198302603E-02
4.39237684102072E-02
4.72334279802941E-02
2.87755669600594E-02
2.92040183080988E-02
2.73018118958861E-02
0.027728845792852
3.04466162322189E-02
2.85615099189169E-02
2.89670608566628E-02
2.65417785952342E-02
3.87394702906116E-02
4.07449774839965E-02
4.10585377506415E-02
4.02613878357247E-02
4.00180687655395E-02
3.70495123455529E-02
3.89869258483109E-02
4.41250804623497E-02
4.43819939799156E-02
0.044099676853483
4.53999664079887E-02
4.72030593143326E-02
0.046893333928652
4.50296767235849E-02
4.36997634664586E-02
4.59570824406987E-02
4.46283844980672E-02
4.48234618362189E-02
4.45102658733922E-02
4.96583654867986E-02
4.93039416657459E-02
4.89482723208902E-02
4.85913666363669E-02
0.048233233887688
4.78738834439182E-02
4.75133247699458E-02
4.71515674288551E-02
4.67886210844027E-02
4.64244955036047E-02
0.046059200559439
4.56927462336693E-02
4.53251426197965E-02
4.49563999261432E-02
4.45865284790798E-02
2.29920801377264E-02
2.41138926824589E-02
3.43414949117791E-02
3.49077324673624E-02
3.46036941544461E-02
2.07486531045875E-02
2.18226928878102E-02
0.021625865415041
2.10164158136952E-02
2.81713862563772E-02
2.75036385665403E-02
2.88460543355789E-02
2.81730977816876E-02
2.79000924701295E-02
2.87937207089621E-02
2.85077731137888E-02
3.54671039228785E-02
0.035860985791579
3.54912749506249E-02
3.54904095618299E-02
3.18230683677507E-02
3.14822024172259E-02
3.14985362498035E-02
0.01097409580917
1.19020427545659E-02
1.14215981661406E-02
1.53967548949208E-02
1.35273383853149E-02
1.30341607284193E-02
1.45300162978038E-02
1.50069852197691E-02
1.48231742988586E-02
1.46390469151509E-02
1.75969181615384E-02
1.39596613684696E-02
1.37786573580391E-02
0.013597377325067
1.34158301765188E-02
1.26458461547981E-02
1.16017522694942E-02
1.17257071398054E-02
1.18413462723771E-02
1.13929122770619E-02
0.011226225114854
1.05198768915163E-02
1.00953212377252E-02
9.94035796829709E-03
9.78525656793356E-03
9.12318372608911E-03
9.22534692154778E-03
8.09301338965047E-03
1.68804618470053E-02
1.63567178707152E-02
2.23638171899197E-02
2.12837404572295E-02
2.13519348002848E-02
2.09623328003914E-02
2.03561295593609E-02
1.99705720562444E-02
2.04184473590532E-02
2.04250809577417E-02
2.00151240192199E-02
1.96053241546486E-02
1.91957278571464E-02
1.87863836260076E-02
1.70909281456164E-02
0.016710850221528
1.63311544357433E-02
1.59518946100788E-02
1.57405800870466E-02
1.45413664392692E-02
1.41800046604498E-02
1.55272944865689E-02
1.51228023871114E-02
1.47191904534332E-02
1.43165399675382E-02
1.39149365278329E-02
1.28387468337375E-02
1.24594747696689E-02
1.20814689448571E-02
1.15816214493859E-02
1.12104054794428E-02
1.08407593079026E-02
1.03613883775431E-02
9.99913870180756E-03
9.63881454391192E-03
9.18076456115114E-03
8.73258484026384E-03
8.38651603619392E-03
6.18687023376368E-03
5.41679494079523E-03
5.17902354271867E-03
4.71167083313325E-03
3.67972664568874E-03
2.93944581607286E-03
2.78963871936554E-03
2.51587412613481E-03
2.31739856798016E-03
2.29575666538573E-03
2.10484270029286E-03
1.97220668054447E-03
1.88806221020445E-03
1.80014772456367E-03
1.66911085808264E-03
1.61459305686441E-03
1.34917710596127E-03
1.2030924573679E-03
9.82040695294579E-04
1.01459237867177E-03
9.10975481451487E-04
7.71159904680711E-04
6.99254207148923E-04
5.49123142533366E-04
4.75293830590988E-04
4.17909862586929E-04
3.32610944494522E-04
2.83806560149811E-04
2.17567492602053E-04
1.46730074584328E-04
1.13529537977355E-04
9.71970165626701E-05
7.00067107182949E-05
4.35343752283423E-05
2.81128422423976E-05
1.62200101377086E-05
8.75858900026275E-06
4.12831757284123E-06
1.55400796126009E-06
4.96266601353509E-07
1.17647126715199E-07
1.17405443867986E-08
3.35465425578449E-10
7.36721106876663E-13
1.57970445664372E-18
7.5393328747945E-40
0
0
0
0
0
0
0
0
0
0
0
0
0
0
0
0
0
0
0
0
0
0
0
0
0
0
0
0
0
0
0
0
0
0
0
0
0
0
0
0
0
0
0
0
0
0
0
0
0
0
0
0
0
0
0
0
0
0
0
0
0
0
0
0
0
0
0
0
0
0
0
0
0
0
0
0
0
0
0
0
0
0
0
0
0
0
0
0
0
0
0
0
0
0
0
0
0
0
0
0
0
0
0
0
0
0
0
0
0
0
0
0
0
0
0
0
0
0
0
0
0
0
0
0
0
0
0
0
0
0
0
0
0
0
0
0
0
0
0
0
0
0
0
0
0
0
0
0
0
0
0
0
0
0
0
0
0
0
0
0
0
0
0
0
0
0
0
0
0
0
0
0
0
0
0
0
0
0
0
0
0
0
0
0
0
0
0
0
0
0
0
0
0
0
0
0
0
0
0
0
0
0
0
0
0
0
0
0
0
0
0
0
0
0
0
0
0
0
0
0
0
0
0
0
0
0
0
0
0
0
0
0
0
0
0
0
0
0
0
0
0
0
0
0
0
0
0
0
0
0
0
0
0
0
0
0
0
0
0
0
0
0
0
0
0
0
0
0
0
0
0
0
0
0
0
0
0
0
0
0
0
0
0
0
0
0
0
0
0
0
0
0
0
0
0
0
0
0
0
0
0
0
0
0
0
0
0
0
0
0
0
0
0
0
0
0
0
0
0
0
0
0
0
0
0
0
0
0
0
0
0
0
0
0
0
0
0
0
0
0
0
0
0
0
0
0
0
0
0
0
0
0
0
0
0
""
