0
0
0
0
0
0
0
0
0
0
0
0
0
0
0
0
0
0
0
0
0
0
0
0
0
0
0
0
0
0
0
0
0
0
0
0
0
0
0
0
0
0
0
0
0
0
0
0
0
0
0
0
0
0
0
0
0
0
0
0
0
0
0
0
0
0
0
0
0
0
0
0
0
0
0
0
0
0
0
0
0
0
0
0
0
0
0
0
0
0
0
0
0
0
0
0
0
0
0
0
0
0
0
0
0
0
0
0
0
0
0
0
0
0
0
0
0
0
0
0
0
0
0
0
0
0
0
0
0
0
0
0
0
0
0
0
0
0
0
0
0
0
0
0
0
0
0
0
0
0
0
0
0
0
0
0
0
0
0
0
0
0
0
0
0
0
0
0
0
0
0
0
0
0
0
0
0
0
0
0
0
0
0
0
0
0
0
0
0
0
0
0
0
0
0
0
0
0
0
0
0
0
0
0
0
0
0
0
0
0
0
0
0
0
0
0
0
0
0
0
0
0
0
0
0
0
0
0
0
0
0
0
0
0
0
0
0
0
0
0
0
0
0
0
0
0
0
0
0
0
0
0
0
0
0
0
0
0
0
0
0
0
0
0
0
0
0
0
0
0
0
0
0
0
0
0
0
0
0
0
0
0
0
0
0
0
0
0
0
0
0
0
0
0
0
0
0
0
0
0
0
0
0
0
0
0
0
0
0
0
0
0
0
0
0
0
0
0
0
0
0
0
0
0
0
0
0
0
0
0
0
0
0
0
0
0
0
0
0
0
0
0
0
0
0
0
0
0
0
0
0
0
1.73740734375637E-71
3.13521479286802E-27
1.06608396960942E-17
1.50061683096637E-13
3.16470294502116E-11
9.69524410604481E-10
1.01818947867168E-08
5.99191021613478E-08
2.34156241518642E-07
6.58042855964102E-07
1.58976508435485E-06
3.38756449060733E-06
6.43330873778098E-06
1.06914211443953E-05
1.62014131084359E-05
3.7218086788283E-05
4.90441584088338E-05
6.90782766850178E-05
1.19209295673394E-04
1.47910369707761E-04
1.81308340070374E-04
2.17828784457538E-04
2.60208877106947E-04
3.0973858895907E-04
3.3899161334721E-04
4.22266300779645E-04
5.3890703365286E-04
6.06482011921307E-04
6.76909208417818E-04
7.49921894020572E-04
8.25261701571865E-04
9.02680673945213E-04
9.81942663817288E-04
1.06282421473034E-03
1.14511503292297E-03
1.22861814108179E-03
1.31314978899459E-03
1.39853918213471E-03
1.48462807737616E-03
1.57127028513676E-03
1.65833110904735E-03
1.74568674751439E-03
1.83322367606129E-03
1.92083802489862E-03
1.32556707532186E-03
1.29947541826993E-03
1.37544049300939E-03
1.40758356245734E-03
1.93276885120132E-03
2.02802034337381E-03
2.09934563574161E-03
2.17027598949286E-03
2.26777370467876E-03
1.97672179392411E-03
2.43772407605885E-03
2.50842427214367E-03
2.57857629961183E-03
2.64816068929391E-03
2.68519389113257E-03
2.75278972613723E-03
2.75264331998152E-03
2.78308006165774E-03
2.8816258277842E-03
2.97235435357789E-03
3.13519165971097E-03
3.3819898220401E-03
2.53983509453542E-03
2.57749688510755E-03
2.70210374941436E-03
2.78017158835445E-03
3.00897747579587E-03
3.62176326907248E-03
3.94468653700803E-03
4.22612028456251E-03
5.0015580077826E-03
5.26354391040435E-03
5.46804886783796E-03
5.67527110497709E-03
5.53484361193016E-03
6.17021746118079E-03
6.38779276234328E-03
6.53013965526406E-03
7.07149416113589E-03
7.05536014157823E-03
4.54094242491214E-03
5.30274126551851E-03
5.55747832939835E-03
6.94557284648707E-03
7.15114497714779E-03
7.35853193588563E-03
7.66995723089443E-03
8.09392866498539E-03
8.31512587772253E-03
8.53803922940602E-03
7.28322300947714E-03
8.63863600897002E-03
8.85757860845261E-03
9.20069307460879E-03
9.29991515132118E-03
9.65192910427309E-03
7.77201154923112E-03
7.2783320259359E-03
9.92568107605092E-03
0.010289118274317
9.36350464648873E-03
9.27218405226795E-03
1.11234744077556E-02
8.90141031692158E-03
0.010651739285321
1.10281815928846E-02
4.72783167324802E-03
5.1535241837563E-03
5.08411347309078E-03
5.3540566325347E-03
5.80686193010982E-03
6.09389186411249E-03
6.38788327116143E-03
6.50305860511354E-03
6.61863795519598E-03
5.96493984180189E-03
0.005872252808815
5.9722995909588E-03
5.87023136340881E-03
6.58485755417508E-03
7.31994985034249E-03
7.43803698151712E-03
7.77233705479344E-03
8.11372465238931E-03
7.79414518389307E-03
8.13952746161311E-03
8.03298791979096E-03
7.91987331413886E-03
9.21836136997882E-03
9.35243555410598E-03
9.97327390156123E-03
1.06081691133209E-02
1.07568307356366E-02
1.11593710488349E-02
1.64538240697644E-02
1.61550549334487E-02
1.74269718742035E-02
1.65868376267084E-02
1.27378928599215E-02
0.012902104792054
1.25104959397063E-02
1.29496084912438E-02
1.33959054391183E-02
2.33708416128367E-02
2.33633553219809E-02
2.36446517364592E-02
2.36271075676725E-02
2.39053386727126E-02
2.51021415032617E-02
2.60106390653306E-02
0.026933427145503
2.78705009019858E-02
2.40182117569602E-02
2.16930554847383E-02
2.16026194943097E-02
2.11743385331618E-02
2.17351308055152E-02
2.12892746595828E-02
1.98049094250219E-02
1.13851098391304E-02
1.18504597176456E-02
1.19708080792363E-02
1.10242858821768E-02
1.14931635997147E-02
0.011969104285332
1.17196242144876E-02
1.18328183747509E-02
1.15726693759612E-02
1.24359547900361E-02
1.29329543105216E-02
1.26691433985685E-02
1.62726579194932E-02
1.68118497540448E-02
1.69635138048606E-02
1.75131129167323E-02
1.84712086310295E-02
1.94432797959397E-02
1.92035461689746E-02
0.011538832006067
9.97472025888382E-03
1.00589410838636E-02
9.7204578204978E-03
9.8010214491986E-03
9.88150614438595E-03
1.08281615822305E-02
1.09154627848836E-02
1.05625609792843E-02
9.75900010747286E-03
1.69886977946158E-02
1.66702321257618E-02
1.72526930775464E-02
1.78419202977139E-02
1.93597896847213E-02
2.27558362386441E-02
2.57321542331209E-02
2.68643753457071E-02
2.56363453851889E-02
2.63001278059238E-02
2.11910917231964E-02
2.18268787420284E-02
2.29577189516095E-02
2.50857099391974E-02
2.52595507625596E-02
2.64304595475675E-02
2.71125558205991E-02
5.00419798548166E-02
4.93592579605163E-02
5.01990895005166E-02
5.05294136232172E-02
5.08590774263793E-02
5.11880697645417E-02
5.09907022347645E-02
5.13149755224594E-02
5.00414829967435E-02
3.26767691371464E-02
3.18013463475795E-02
0.035793085973666
3.71025322684521E-02
5.48923733482337E-02
5.52214155000003E-02
5.55496633578645E-02
0.055877106447683
5.62037343713412E-02
4.86154016530777E-02
4.83263279773712E-02
3.54507470579144E-02
4.37014356826576E-02
5.78242877800028E-02
3.08172795647465E-02
3.04025526095869E-02
4.17381937931501E-02
4.01914163843482E-02
2.85230134106804E-02
2.98699701802015E-02
3.00280009063343E-02
4.82968955859443E-02
4.79413743249143E-02
4.81888038477974E-02
3.00422508308557E-02
3.51245200668908E-02
3.34434008906606E-02
0.034855230711629
2.81473805810577E-02
2.95427752115541E-02
4.92672774654608E-02
4.88706286417155E-02
4.91048078224657E-02
4.93381765259595E-02
4.95707280786456E-02
4.98024558524505E-02
5.00333532644411E-02
5.48328150289038E-02
5.50828700672511E-02
0.054014569480209
5.42568539503604E-02
5.58274446692891E-02
5.60737495640548E-02
5.83304961071153E-02
5.45433636661289E-02
0.056806908480891
5.63701947134564E-02
5.79728507379127E-02
5.82161887446781E-02
0.06464824567969
6.49151149522349E-02
6.51808563529806E-02
6.47492343523955E-02
2.86602765724587E-02
3.22837990513962E-02
3.31161999574822E-02
3.18314656409553E-02
3.55059678296626E-02
3.77815951561212E-02
3.50638422939035E-02
3.30419969229139E-02
3.17243168899575E-02
3.76322601247227E-02
0.05447809005645
5.39488714621711E-02
5.34133735383697E-02
5.65432713517874E-02
5.67453954181314E-02
3.47595523483358E-02
3.56238432167484E-02
3.72374245006367E-02
3.51240468394529E-02
3.59941584144909E-02
4.51453732961596E-02
4.45422767850255E-02
4.39333239047102E-02
4.40785266601787E-02
4.57478560191943E-02
3.97768824071476E-02
4.22071029748188E-02
0.040802033154339
0.040931020924001
5.50039133515639E-02
7.77108394670263E-02
0.057682964622129
4.84763322287909E-02
4.86228023605777E-02
5.50610708797634E-02
5.28576537035291E-02
5.22217820646549E-02
5.23738658326578E-02
5.72999792689067E-02
6.46467428205966E-02
0.064029442952708
6.42090633318118E-02
6.51923351976789E-02
5.08447195078895E-02
3.96537117205823E-02
0.035703568520182
0.022781218164054
0.021210018836979
2.12656534596839E-02
2.21409250540387E-02
2.21978729187626E-02
2.47271171145839E-02
7.18894569420593E-02
7.20689269030157E-02
7.30774709285357E-02
8.32457554557037E-02
8.34473666196697E-02
8.36474091760496E-02
8.38458782524445E-02
0.084042769020455
8.42380766956237E-02
0.08443179653738
8.46239238489864E-02
8.48144539774864E-02
8.50033823136539E-02
8.51907042919444E-02
8.53764153904474E-02
0.085560511130841
8.57429870783464E-02
8.59238388416858E-02
8.61030620730401E-02
5.86708436782459E-02
4.92802652863751E-02
8.66309177480453E-02
8.68035842410591E-02
6.95796808908052E-02
6.88437317792391E-02
6.81031023569721E-02
6.82326164088922E-02
6.92372521175858E-02
7.11218876786144E-02
7.12523258785796E-02
7.31439092797268E-02
7.32747806665879E-02
7.69418080121227E-02
0.074418256698516
7.54339074517746E-02
7.46732182382419E-02
7.83603954175264E-02
7.75982723187338E-02
7.86185159034592E-02
8.05349870267187E-02
3.67465378041872E-02
3.77018747233931E-02
4.04573916991764E-02
0.036017015273588
3.69729943709005E-02
3.70278389438319E-02
3.88908498213344E-02
3.98526195872976E-02
4.08162128128808E-02
4.63230515895768E-02
6.00300266254388E-02
6.01114211517373E-02
4.46877477249759E-02
4.47464598922877E-02
4.93761799527155E-02
5.03545215437847E-02
0.053167566985131
6.14932685432807E-02
8.45406487954555E-02
9.10812390387624E-02
9.21087212614118E-02
9.12922720159175E-02
0.091395150503387
9.05720623982437E-02
8.97452029474205E-02
8.98408173654146E-02
8.99346987114138E-02
9.00268448042023E-02
9.29043850554695E-02
9.20658386436811E-02
9.30854127523059E-02
9.31732314044133E-02
9.32592505299618E-02
9.33434681353069E-02
8.78203293331367E-02
8.69610366516288E-02
8.79701749791497E-02
8.24228107725894E-02
8.24889705688879E-02
8.34916436416068E-02
8.63717990419695E-02
8.64359587109798E-02
8.64984462327733E-02
8.65592601639821E-02
0.085676894762258
7.91388302263733E-02
7.63615583899873E-02
0.07640919512081
7.55114592851483E-02
7.55555847325969E-02
7.55982470492657E-02
7.56394452517802E-02
7.37871989309588E-02
7.66639136200362E-02
7.57542458500651E-02
7.48422087109112E-02
0.07392785644839
8.34414210076346E-02
8.15782691513592E-02
8.16099321615746E-02
5.98060563115791E-02
3.89349883304123E-02
3.98977670143014E-02
4.37111039311266E-02
4.18227710270958E-02
4.18341100290165E-02
4.08936233989173E-02
0.055171648965622
7.13578283166456E-02
7.13716233512046E-02
7.13840343111289E-02
7.04431267657084E-02
7.52129537192217E-02
7.52216512526435E-02
7.42766254645033E-02
7.42823318872772E-02
7.33342053124027E-02
7.04797084992917E-02
0.074290806471493
7.42907495551898E-02
7.42892517246245E-02
0.088572142440019
8.95192531820182E-02
8.85599811910431E-02
8.95034888434469E-02
9.13971091950387E-02
9.13846274291205E-02
9.42256975505726E-02
9.13543473823627E-02
0.083725170647615
8.56096697217515E-02
7.41777087590278E-02
7.41589321094834E-02
7.41387175752249E-02
7.31668468310185E-02
7.31440539660095E-02
7.31198431252123E-02
7.30942148654926E-02
7.30671697763984E-02
7.49358177913333E-02
7.49051649208263E-02
7.48730604359545E-02
7.48395050757066E-02
7.85920692132424E-02
7.76073376952102E-02
7.85139462753675E-02
7.84726030285392E-02
7.84297398547938E-02
0.0727189463389
7.36202132724449E-02
7.16890976240171E-02
7.16442918230451E-02
7.15980991268617E-02
7.53163374750356E-02
6.49158875889911E-02
6.48701779417383E-02
7.42178817636819E-02
7.22851386856468E-02
7.50440843104157E-02
0.074985274507582
7.30518893729519E-02
7.67348890659683E-02
7.57351528148513E-02
7.47355497704129E-02
7.46695044279488E-02
7.46020164304748E-02
7.45330873415996E-02
7.44627187589245E-02
7.34610259101209E-02
7.33886988016544E-02
7.42429925340678E-02
0.075093968665072
5.27886559858184E-02
5.92082973141059E-02
6.00681040312174E-02
6.27709285650985E-02
5.44016172374148E-02
5.34181715037671E-02
4.96760503789065E-02
5.32923163143614E-02
4.86392408547962E-02
5.40789481644788E-02
8.05592053093013E-02
8.50281396644338E-02
8.67444087352899E-02
8.75423467661577E-02
8.74255025472212E-02
8.73069778518779E-02
0.090819557765767
9.06926022634853E-02
9.05639050647997E-02
9.04334691883199E-02
9.03012976953388E-02
9.01673936898459E-02
9.00317603185417E-02
8.98944007708517E-02
8.70626587305738E-02
0.089614516117735
8.94719976049254E-02
8.93277661009976E-02
8.91818250092439E-02
8.90341777757823E-02
8.88848278895762E-02
8.87337788824543E-02
8.85810343291312E-02
8.84265978472293E-02
0.088270473097301
0.088112663782852
8.70736419138617E-02
4.12622430499835E-02
4.03094164208349E-02
4.81055610500873E-02
4.97601343839448E-02
5.31496933621156E-02
5.39159135588475E-02
7.72431031681685E-02
7.62231420916505E-02
0.075205205657584
8.62666823415233E-02
0.086088962797023
8.59096107546057E-02
8.57286305221006E-02
8.55460264507586E-02
8.10937127885279E-02
8.51759644139194E-02
0.084988515368403
8.47994603240994E-02
8.46088038500021E-02
8.44165505587899E-02
8.42227051068764E-02
8.40272721944599E-02
8.38302565655761E-02
8.36316630081517E-02
0.08343149635406
8.32297614791785E-02
8.30264633034472E-02
0.08282160679093
8.26151969498773E-02
8.24072388327904E-02
0.082197737536488
8.19866982021752E-02
8.17741260155132E-02
8.15600262066929E-02
0.081344404050509
8.11272648664372E-02
8.09086140187136E-02
8.06884569164162E-02
0.079662131023413
8.02436458091262E-02
8.00190028472661E-02
7.97928757172767E-02
5.17174255349394E-02
5.71220579064043E-02
5.53739521240466E-02
5.28453380558071E-02
5.34753199157647E-02
5.25315269646684E-02
4.69013448820052E-02
4.52000463126098E-02
4.35074576793923E-02
4.10491557832444E-02
2.85673915185505E-02
2.38593613181275E-02
2.37834448157868E-02
2.37070939678276E-02
2.28680426332963E-02
2.12737650656158E-02
2.49900003683121E-02
2.56616494632644E-02
2.63277826384186E-02
0.024739331065676
2.24135242563417E-02
2.23363426793534E-02
2.30007168439327E-02
2.88350048209645E-02
2.87331054608697E-02
2.78965700174359E-02
2.85277619550288E-02
2.84243231754505E-02
2.90465401581369E-02
0.024598498824645
2.45070006471844E-02
2.36969768105191E-02
6.15221244543883E-02
0.060574757856423
6.31813036889292E-02
5.09146451210232E-02
0.05423733426033
0.058232941868319
0.057302432955707
5.70725236306012E-02
5.75348088527906E-02
5.59193609805841E-02
0.056376845149052
5.68276603838201E-02
4.70446743489902E-02
4.00569515883024E-02
0.043266829473829
4.64470351528985E-02
4.75866950929846E-02
6.67313406437532E-02
6.64380310838952E-02
6.61435936906018E-02
6.58480366744463E-02
6.55513683022405E-02
6.52535968974133E-02
6.49547308403996E-02
6.46547785690377E-02
3.53945617184377E-02
4.86792535623152E-02
4.97238219792124E-02
4.82176513781404E-02
0.049879828479569
4.90095327511219E-02
4.75193189675564E-02
4.85293290284573E-02
4.89071222487892E-02
4.86619557029259E-02
4.84160074637045E-02
4.57303336412384E-02
4.30689549155123E-02
0.019914265722262
1.74090094858495E-02
1.73173301595765E-02
1.60374228550458E-02
1.71331620878147E-02
1.82158981363883E-02
1.75323448495844E-02
1.62737238519589E-02
1.56056895118718E-02
1.60933871110179E-02
1.48597929425988E-02
0.014775504067884
1.52560337512506E-02
1.51680493853255E-02
0.015638355036681
1.55466530638849E-02
1.65586349860138E-02
1.70085671053511E-02
1.69063020242866E-02
0.016261739554073
0.016701056971393
1.49918175055207E-02
0.01383441631965
1.42764262461956E-02
1.41861494056755E-02
0.014095681736462
1.29676169115229E-02
1.28835055913843E-02
1.33111950898503E-02
0.013223372394083
0.011619759878857
1.10399580363566E-02
1.04668059866263E-02
0.010395341135112
1.17985710994855E-02
1.17166105624401E-02
1.16345111662043E-02
1.15522758430292E-02
1.14699075491201E-02
1.13874092649891E-02
1.13047839958166E-02
1.16896195539819E-02
1.11391646486468E-02
1.10561767077386E-02
9.14422838063157E-03
9.52862735123686E-03
1.03562648058778E-02
1.02763131000822E-02
1.24128426869373E-02
1.23152759405551E-02
1.39629689019709E-02
1.38512138133983E-02
1.54567577849208E-02
1.70341908825499E-02
1.73164213621768E-02
2.05234261227662E-02
2.03514633988619E-02
2.10030013518553E-02
1.51074064497868E-02
1.57868223023901E-02
1.52482525745246E-02
1.63076229383569E-02
1.97110878510511E-02
1.95347263450845E-02
1.89711029420191E-02
1.68799150060357E-02
1.67244828527486E-02
1.39330115493017E-02
1.41752381939833E-02
1.44103502299091E-02
2.41532789649355E-02
2.42821794352368E-02
0.028710542229217
2.66506883108332E-02
0.027088827924417
3.09954337118489E-02
3.03356862600976E-02
3.24125142567114E-02
3.07257350281611E-02
3.04037486320119E-02
3.27263912971888E-02
3.27033070328768E-02
3.23497700554378E-02
3.19963690904117E-02
3.16431234823889E-02
3.12900528089712E-02
0.030937176885805
3.05845157717537E-02
3.02320897742122E-02
0.029879919454568
2.95280256338156E-02
2.04235005788266E-02
0.020177606474035
0.020501435081667
1.68741847040213E-02
1.11093806644306E-02
1.06952310503431E-02
0.011641956343856
1.20264380717613E-02
1.21334178713941E-02
1.27542458420511E-02
1.25840209241938E-02
1.24140649523218E-02
1.22443900705009E-02
1.18285798506878E-02
1.21489112564528E-02
1.22162444630196E-02
1.22770413790475E-02
6.98000174974609E-03
7.10655785883527E-03
6.54902519455606E-03
6.00536600454406E-03
5.91358345731724E-03
4.52824431765059E-03
4.45721791318444E-03
4.38638081901378E-03
4.52125076562617E-03
4.24529999199223E-03
4.37388205305718E-03
4.30053248427113E-03
4.0352602559423E-03
3.77685301375329E-03
3.52528437891079E-03
3.46277822945268E-03
3.4004984510057E-03
3.16274370857488E-03
2.75927976227206E-03
2.70743950249334E-03
2.65581285917816E-03
2.76718119902745E-03
2.87237760437837E-03
2.65866738572824E-03
2.75800962788783E-03
2.70123498563406E-03
2.35088270500627E-03
1.72569421424332E-03
1.68842498705943E-03
1.65135954912655E-03
1.88358706635215E-03
1.84083822747195E-03
3.08287892884538E-03
3.01048636979224E-03
2.57123687007701E-03
2.15032554845086E-03
1.98059290583362E-03
2.0442448556301E-03
1.99177424887672E-03
1.83193508808528E-03
1.88801964342722E-03
1.93879699319606E-03
1.9843468531382E-03
1.92833465111235E-03
1.87281386192688E-03
1.81779623662199E-03
1.67512906566095E-03
1.53838675887907E-03
1.49029495457455E-03
1.36255035698456E-03
1.24054636334235E-03
1.27410244332176E-03
1.37540726596488E-03
1.46711861892734E-03
1.41470078141212E-03
1.29804603341245E-03
1.49928733015668E-03
1.50178620980107E-03
1.44266190973314E-03
1.43977984021009E-03
1.5393557556681E-03
1.77878802284457E-03
1.70102759241508E-03
2.13517553709735E-03
2.03649111066533E-03
1.68662702906951E-03
1.56390340857821E-03
0.001294571376611
1.26326046560528E-03
1.19272721738123E-03
1.23468684956046E-03
1.23972504380524E-03
1.47185973505945E-03
1.65894139641668E-03
1.58561075287936E-03
1.66491775142274E-03
1.38393359614604E-03
2.86131298717536E-03
2.77746984457267E-03
2.69304007614052E-03
2.60805747529509E-03
2.52256003105083E-03
2.43659029349641E-03
2.35019576602832E-03
2.26342932531585E-03
2.17634966972102E-03
2.08902179654601E-03
2.00151750799986E-03
1.91391594513344E-03
1.80804110666215E-03
1.73877764034543E-03
1.65144103168956E-03
1.56440863588612E-03
1.47780509289528E-03
1.39176598564538E-03
1.30643843621152E-03
1.22198166217717E-03
1.13856746832749E-03
1.0563806419855E-03
5.46346758706692E-04
5.37896712694708E-04
4.91538630280204E-04
6.17574712190387E-04
5.57135809055001E-04
4.98860125202012E-04
4.32295539056299E-04
3.80300019246711E-04
1.6758101262434E-04
1.30111349201011E-04
1.85082735860764E-04
1.64723291240515E-04
1.16876712431274E-04
6.27355368670444E-05
4.93402671294958E-05
3.87464115779584E-05
2.94348651032955E-05
1.93993800024224E-05
1.49718101564586E-05
9.15476052105558E-06
5.47452568100851E-06
2.91819962708042E-06
1.42162618840736E-06
5.94964368000326E-07
2.02704652197668E-07
5.04358883647791E-08
8.66742687371483E-09
7.93677713213363E-10
2.43209371137004E-11
1.03451961795471E-13
3.69441524182575E-18
1.68322229529202E-28
5.86310087661188E-83
0
0
0
0
0
0
0
0
0
0
0
0
0
0
0
0
0
0
0
0
0
0
0
0
0
0
0
0
0
0
0
0
0
0
0
0
0
0
0
0
0
0
0
0
0
0
0
0
0
0
0
0
0
0
0
0
0
0
0
0
0
0
0
0
0
0
0
0
0
0
0
0
0
0
0
0
0
0
0
0
0
0
0
0
0
0
0
0
0
0
0
0
0
0
0
0
0
0
0
0
0
0
0
0
0
0
0
0
0
0
0
0
0
0
0
0
0
0
0
0
0
0
0
0
0
0
0
0
0
0
0
0
0
0
0
0
0
0
0
0
0
0
0
0
0
0
0
0
0
0
0
0
0
0
0
0
0
0
0
0
0
0
0
0
0
0
0
0
0
0
0
0
0
0
0
0
0
0
0
0
0
0
0
0
0
0
0
0
0
0
0
0
0
0
0
0
0
0
0
0
0
0
0
0
""
