0
0
0
0
0
0
0
0
0
0
0
0
0
0
0
0
0
0
0
0
0
0
0
0
0
0
0
0
0
0
0
0
0
0
0
0
0
0
0
0
0
0
0
0
0
0
0
0
0
0
0
0
0
0
0
0
0
0
0
0
0
0
0
0
0
0
0
0
0
0
0
0
0
0
0
0
0
0
0
0
0
0
0
0
0
0
0
0
0
0
0
0
0
0
0
0
0
0
0
0
0
0
0
0
0
0
0
0
0
0
0
0
0
0
0
0
0
0
0
0
0
0
0
0
0
0
0
0
0
0
0
0
0
0
0
0
0
0
0
0
0
0
0
0
0
0
0
0
0
0
0
0
0
0
0
0
0
0
0
0
0
0
0
0
0
0
0
0
0
0
0
0
0
0
0
0
0
0
0
0
0
0
0
0
0
0
0
0
0
0
0
0
0
0
0
0
0
0
0
0
0
0
0
0
0
0
0
0
0
0
0
0
0
0
0
0
0
0
0
0
0
0
0
0
0
0
0
0
0
0
0
0
0
0
0
0
0
0
0
0
0
0
0
0
0
0
0
0
0
0
0
0
0
0
0
0
0
0
0
0
0
0
0
0
0
0
0
0
0
0
0
0
0
0
0
0
0
0
0
0
0
0
0
0
0
0
0
0
0
0
0
0
0
0
0
0
0
0
0
0
0
0
0
0
0
0
0
0
0
0
0
0
0
0
0
0
0
0
0
0
0
0
0
0
0
0
0
0
0
0
0
0
0
0
0
0
0
0
0
0
0
0
0
0
0
0
0
0
0
0
0
0
0
0
0
0
0
0
0
0
0
0
0
0
0
0
0
0
0
0
0
0
0
0
0
0
0
0
0
0
0
0
0
0
0
0
0
0
0
0
0
0
0
0
0
0
0
0
0
0
0
0
0
0
0
0
0
0
0
0
0
0
0
0
0
0
0
0
0
0
0
0
0
0
0
0
0
0
0
0
0
0
0
0
0
0
0
0
0
0
0
0
0
0
0
0
0
0
0
0
0
0
0
0
0
0
0
0
0
0
0
0
0
0
0
0
0
0
0
0
0
0
0
0
0
0
0
0
0
0
0
0
0
0
0
0
0
0
0
0
0
0
0
0
0
0
0
0
0
0
0
0
0
0
1.38043864408284E-36
4.14238192293894E-19
1.73781265974891E-13
1.03718152673693E-10
5.53827854765203E-09
6.96261899916416E-08
4.23121463789894E-07
1.63532114398896E-06
5.39787558861007E-06
1.41834593007444E-05
2.9890931772757E-05
5.01203184619468E-05
8.15023665478331E-05
1.23703812614537E-04
1.67235264978853E-04
2.15343708080005E-04
3.04081595167737E-04
3.90379040525025E-04
5.49426590852559E-04
6.72417996663404E-04
7.17857939031964E-04
7.95240003981512E-04
9.26496573282282E-04
1.13721357822133E-03
1.2944320764454E-03
1.45924714587073E-03
1.63100243412024E-03
1.80906427970723E-03
2.36648201814555E-03
2.45443055793751E-03
2.52363967680575E-03
2.89433512910392E-03
3.12063611521222E-03
3.16435807360607E-03
3.38437704755718E-03
3.1825795400899E-03
3.15545796278484E-03
3.3420047564795E-03
3.02553438949303E-03
3.18735202767504E-03
3.34984241000026E-03
3.80557144775361E-03
3.98252236133042E-03
4.79964732634963E-03
3.66972392946035E-03
3.81966545090667E-03
3.96946670228317E-03
4.86795313797795E-03
5.04434845204909E-03
5.22028537140079E-03
4.56557831405373E-03
4.28497667401787E-03
4.41890594900875E-03
3.6418138787749E-03
4.21651711958764E-03
4.81712311474275E-03
4.4536908875957E-03
4.57132960722889E-03
5.73014683004838E-03
6.40611390785334E-03
6.56021314372684E-03
6.15389763082922E-03
6.29335808484118E-03
6.43189248307617E-03
7.16671112327489E-03
7.31576988015028E-03
7.46377294785737E-03
7.61070865418366E-03
6.46380568025542E-03
6.5844488417017E-03
7.37459841253424E-03
7.50529438998313E-03
7.63497668265728E-03
9.17521229558475E-03
1.21956215385018E-02
1.31202067268636E-02
1.40660419112784E-02
1.42812025612522E-02
1.44945875523573E-02
0.016254216869794
0.018841299323773
1.67160945630733E-02
0.016137229852723
1.55348789564641E-02
1.49093239783393E-02
1.50997202576881E-02
1.18910132907049E-02
1.11767525922522E-02
1.21806982480509E-02
1.23236027406114E-02
1.24652195282087E-02
1.44063451719589E-02
1.27446037822502E-02
1.19622085745874E-02
1.11590398622246E-02
1.22145323435832E-02
1.61355234433575E-02
1.72552923513552E-02
2.03283453067065E-02
2.15009519629531E-02
2.07170524986924E-02
2.09086010458256E-02
1.70795662759896E-02
1.72316199522344E-02
1.73821763645549E-02
1.75312404616323E-02
1.66388867470714E-02
1.88734355807745E-02
0.017969527961947
1.59817691739508E-02
1.71805623198212E-02
1.83945598944156E-02
0.018533313697412
1.86706134975113E-02
1.77002012812526E-02
1.78267005139186E-02
1.79518439974623E-02
2.03350903385613E-02
0.017060700145011
0.0160292832818
1.49816403841373E-02
1.50778609981304E-02
1.40058456123278E-02
1.40926695437005E-02
1.41785000902674E-02
1.30747282986886E-02
1.31515925020205E-02
1.44300582763797E-02
1.45119418925423E-02
1.45928451821605E-02
1.46727706096598E-02
1.47517205908667E-02
1.48296974933185E-02
1.49067036366172E-02
1.49827412928227E-02
1.12933595151603E-02
1.13489399978102E-02
1.14037990166571E-02
0.012731042373942
0.010232319011985
1.02791669066946E-02
1.16160512457521E-02
1.16673257476301E-02
1.30198751950207E-02
1.30752648862095E-02
1.18168792507835E-02
1.18653115412793E-02
1.19130365449463E-02
1.06311604513902E-02
1.06723285746986E-02
0.012051980148856
1.07527894880648E-02
1.07920843142259E-02
1.08307567030637E-02
1.08688076116769E-02
1.09062379735141E-02
1.09430486987757E-02
1.23516457591626E-02
1.37685184581406E-02
1.51934362479669E-02
0.015240654888968
1.66767570837042E-02
1.53325546322386E-02
1.25813764212632E-02
1.26172456278385E-02
1.26524258541783E-02
1.12772603434889E-02
1.27207224891751E-02
1.27538404058583E-02
1.27862723591105E-02
1.28180190511375E-02
1.28490811640735E-02
1.14484083202932E-02
1.14748038070556E-02
1.29381665558816E-02
1.29664967844276E-02
1.29941455554405E-02
1.44679038196619E-02
1.44971122024249E-02
1.45255652471098E-02
8.73195811642649E-03
7.29010379904245E-03
7.30319899779355E-03
7.31591761901536E-03
8.79391189538324E-03
8.80827134459198E-03
7.35181647463497E-03
5.89042495942525E-03
5.89909640802801E-03
5.90746769134625E-03
7.39442371081474E-03
7.40413799093526E-03
7.41347763757177E-03
8.90693139105435E-03
7.43103372323698E-03
7.43925048935047E-03
7.44709327633678E-03
7.45456222881504E-03
7.46165748398913E-03
7.46837917172697E-03
8.96967289756266E-03
8.97684279375859E-03
1.04808256287159E-02
1.04881456302112E-02
8.99566576782769E-03
7.50087074834513E-03
7.50498049886825E-03
1.20139479439557E-02
1.05169143987594E-02
1.20241172866033E-02
1.20283076646429E-02
1.35358896937901E-02
1.80523503098779E-02
1.50466281093236E-02
1.35439974396211E-02
1.50503991023089E-02
1.50511673109564E-02
1.35460716152014E-02
1.50504692205244E-02
1.50490029090943E-02
1.65514708956503E-02
1.65482191864528E-02
1.65441480148022E-02
1.35321196160535E-02
1.20243978041928E-02
1.35221047609779E-02
0.01351609121475
1.20083615856326E-02
1.20018234212162E-02
1.19946886917614E-02
1.34853269279935E-02
1.34759576418158E-02
1.34659167508645E-02
1.34552040737107E-02
1.19500617033109E-02
1.19393445079678E-02
1.64010407238958E-02
1.63846606336704E-02
1.63674581269491E-02
1.48631208059989E-02
1.33613873828194E-02
1.33452923349784E-02
1.33285232814621E-02
1.03530621505703E-02
1.18159661205919E-02
1.17992612194935E-02
1.17819560082015E-02
1.17640501558844E-02
8.80915748881484E-03
1.31922395304759E-02
1.31700658994288E-02
1.31472149067517E-02
1.45818734480533E-02
1.60104743621844E-02
1.59800583386164E-02
1.44989201028173E-02
1.44697591417392E-02
1.01078896013043E-02
7.20458446467577E-03
7.18886921816922E-03
7.17277507886878E-03
5.72504136893004E-03
7.13944876905016E-03
7.12221589596164E-03
7.10460272457187E-03
7.0866088766109E-03
8.4818807552038E-03
7.04947758200269E-03
7.0303393223239E-03
7.01081875960183E-03
6.99091545784817E-03
8.36475476268399E-03
8.33995059866145E-03
8.31468548955626E-03
1.10519451362247E-02
0.011017026783489
9.60880501123424E-03
0.010945338268538
9.54499560120364E-03
9.51227808474552E-03
9.47901764043613E-03
8.09589724525269E-03
6.72204620404961E-03
6.69712177277324E-03
6.67180711633891E-03
6.64610159167489E-03
6.62000453992289E-03
6.59351528617973E-03
6.56663313923875E-03
6.5393573913311E-03
5.20934985429421E-03
5.18689774174602E-03
5.16412896822136E-03
6.42630364056612E-03
6.39704867363116E-03
6.3673954969706E-03
8.87228059166398E-03
7.56826940713878E-03
8.78645363031111E-03
8.74269731555493E-03
9.94100277534053E-03
9.88970591171027E-03
1.10674822177152E-02
9.78516940971278E-03
1.09484174819204E-02
1.08877860961062E-02
1.08264195824586E-02
1.07643160583176E-02
1.42686314723068E-02
1.30018658780219E-02
1.29232449424276E-02
1.16761032375796E-02
1.04426748066425E-02
0.011529008464672
1.25996312539986E-02
1.25164323758534E-02
1.13020999744093E-02
1.23472612936744E-02
1.22612835502263E-02
1.32811351728396E-02
1.31853049027986E-02
1.52698603192179E-02
1.51556677417794E-02
1.61145794815093E-02
1.59896526345852E-02
1.58634307265436E-02
0.014686848908302
1.66475571593967E-02
1.65087491375032E-02
1.53455076649197E-02
1.52127465380936E-02
1.50786645705754E-02
1.49432573818788E-02
1.48065205828654E-02
0.015646346435098
1.64662460108108E-02
1.63067271461513E-02
1.61456815696498E-02
1.78634696208159E-02
1.76800485403091E-02
2.02572583676134E-02
1.82189827692294E-02
1.89214746582535E-02
1.96021012402293E-02
1.93796873930578E-02
1.74138639449302E-02
1.37663890486396E-02
1.36002082477283E-02
1.34325454485432E-02
1.40923599569247E-02
1.39110595934832E-02
1.29206361181291E-02
1.35437066217588E-02
1.25719059658723E-02
1.23952988429979E-02
1.22171959567319E-02
9.78054772639845E-03
8.89237732489863E-03
8.75543615014451E-03
7.89926120828612E-03
7.06516548827826E-03
7.64308154209026E-03
7.51346301333431E-03
8.05399692763911E-03
7.25118897238712E-03
7.11854423597959E-03
6.98490319319856E-03
6.85027385848005E-03
6.10424134954603E-03
5.98008061943332E-03
5.85505049705457E-03
6.30207980783595E-03
6.72292033780343E-03
6.56985220107231E-03
6.41581312983006E-03
6.26082706284952E-03
6.1049207317296E-03
5.45244692935211E-03
4.82539146978275E-03
4.69332919526465E-03
4.56061709007989E-03
3.54183421534058E-03
3.00537847528296E-03
3.32718254330088E-03
3.2192676112498E-03
3.88877267696804E-03
3.75310416879706E-03
3.25543198957062E-03
2.78477961859002E-03
2.67573558876401E-03
0.002566656986457
2.15041969397649E-03
1.76153879650213E-03
1.6800293167581E-03
1.86522692309931E-03
1.7708055794312E-03
1.91643209611885E-03
1.8097853071917E-03
1.91698198549319E-03
1.99898445177665E-03
1.86946147922128E-03
1.74164570554229E-03
1.61579094405227E-03
1.34295394269581E-03
1.23397253810783E-03
1.37811887168489E-03
1.36532667963462E-03
1.23149883386091E-03
1.19423605844619E-03
8.96884492936287E-04
7.88455506747782E-04
7.48016270255728E-04
6.42575225196388E-04
4.98950875535171E-04
4.15891353963838E-04
3.40251976915208E-04
2.47617796315625E-04
1.93217728290249E-04
1.46260253230594E-04
1.06755314889009E-04
7.45513054808136E-05
4.4375715300434E-05
2.13273807718021E-05
1.20873116107165E-05
5.24792344230597E-06
1.90716903413998E-06
6.77034429196216E-07
1.791614690963E-07
3.05229659288409E-08
2.57201260914497E-09
7.59816835765683E-11
1.87108589705555E-13
7.4349174394045E-19
9.78109268219168E-35
0
0
0
0
0
0
0
0
0
0
0
0
0
0
0
0
0
0
0
0
0
0
0
0
0
0
0
0
0
0
0
0
0
0
0
0
0
0
0
0
0
0
0
0
0
0
0
0
0
0
0
0
0
0
0
0
0
0
0
0
0
0
0
0
0
0
0
0
0
0
0
0
0
0
0
0
0
0
0
0
0
0
0
0
0
0
0
0
0
0
0
0
0
0
0
0
0
0
0
0
0
0
0
0
0
0
0
0
0
0
0
0
0
0
0
0
0
0
0
0
0
0
0
0
0
0
0
0
0
0
0
0
0
0
0
0
0
0
0
0
0
0
0
0
0
0
0
0
0
0
0
0
0
0
0
0
0
0
0
0
0
0
0
0
0
0
0
0
0
0
0
0
0
0
0
0
0
0
0
0
0
0
0
0
0
0
0
0
0
0
0
0
0
0
0
0
0
0
0
0
0
0
0
0
0
0
0
0
0
0
0
0
0
0
0
0
0
0
0
0
0
0
0
0
0
0
0
0
0
0
0
0
0
0
0
0
0
0
0
0
0
0
0
0
0
0
0
0
0
0
0
0
0
0
0
0
0
0
0
0
0
0
0
0
0
0
0
0
0
0
0
0
0
0
0
0
0
0
0
0
0
0
0
0
0
0
0
0
0
0
0
0
0
0
0
0
0
0
0
0
0
0
0
0
0
0
0
0
0
0
0
0
0
0
0
0
0
0
0
0
0
0
0
0
0
0
0
0
0
0
0
0
0
0
0
0
0
0
0
0
0
0
0
0
0
0
0
0
0
0
0
0
0
0
0
0
0
0
0
0
0
0
0
0
0
0
0
0
0
0
0
0
0
0
0
0
0
0
0
0
0
0
0
0
0
0
0
0
0
0
0
0
0
0
0
0
0
0
0
0
0
0
0
0
0
0
0
0
0
0
0
0
0
0
0
0
0
0
0
0
0
0
0
0
0
0
0
0
0
0
0
0
0
0
0
0
0
0
0
0
0
0
0
0
0
0
0
0
0
0
0
0
0
0
0
0
0
0
0
0
0
0
0
0
0
0
0
0
0
0
0
0
0
0
0
0
0
0
0
0
0
0
0
0
0
0
0
0
0
0
0
0
0
0
0
0
0
0
0
0
0
0
""
