0
0
0
0
0
0
0
0
0
0
0
0
0
0
0
0
0
0
0
0
0
0
0
0
0
0
0
0
0
0
0
0
0
0
0
0
0
0
0
0
0
0
0
0
0
0
0
0
0
0
0
0
0
0
0
0
0
0
0
0
0
0
0
0
0
0
0
0
0
0
0
0
0
0
0
0
0
0
0
0
0
0
0
0
0
0
0
0
0
0
0
0
0
0
0
0
0
0
0
0
0
0
0
0
0
0
0
0
0
0
0
0
0
0
0
0
0
0
0
0
0
0
0
0
0
0
0
0
0
0
0
0
0
0
0
0
0
0
0
0
0
0
0
0
0
0
0
0
0
0
0
0
0
0
0
0
0
0
0
0
0
0
0
0
0
0
0
0
0
0
0
0
0
0
0
0
0
0
0
0
0
0
0
0
0
0
0
0
0
0
0
0
0
0
0
0
0
0
0
0
0
0
0
0
0
0
0
0
0
0
0
0
0
0
0
0
0
0
0
0
0
0
0
0
0
0
0
0
0
0
0
0
0
0
0
0
0
0
0
0
0
0
0
0
0
0
0
0
0
0
0
0
0
0
0
0
0
0
0
0
0
0
0
0
0
0
0
0
0
0
0
0
0
0
0
0
0
0
0
0
0
0
0
0
0
0
0
0
0
0
0
0
0
0
0
0
0
0
0
0
0
0
0
0
0
0
0
0
0
0
0
0
0
0
0
0
0
0
0
0
0
0
0
0
0
0
0
0
0
0
0
0
0
0
0
0
0
0
0
0
0
0
0
0
0
0
0
0
0
0
0
0
0
0
0
0
0
0
0
0
0
0
0
0
0
0
0
0
0
0
0
0
0
0
0
0
0
0
0
0
0
0
0
0
0
0
0
0
0
0
0
0
0
0
0
0
0
0
0
0
0
0
0
0
0
0
0
0
0
0
0
0
0
0
0
0
0
0
0
0
0
0
0
0
0
0
0
0
0
0
0
0
0
0
0
0
0
0
0
0
0
0
0
0
0
0
0
0
0
0
0
0
0
0
0
0
0
0
0
0
0
0
0
0
0
0
0
0
0
0
0
0
0
0
0
0
0
0
0
0
0
0
0
0
0
0
0
0
0
0
0
0
0
0
0
0
0
0
0
0
0
0
0
0
2.46805696972387E-36
7.28055004637753E-19
2.4224055257106E-13
1.3829087023159E-10
5.11225712090957E-09
6.42703292230538E-08
4.12272195487589E-07
1.59338983260463E-06
3.95844209831405E-06
8.89942544360433E-06
1.99272878485047E-05
3.73445510108623E-05
5.75310822690586E-05
9.45970331758224E-05
1.35878652795318E-04
1.62704134993781E-04
2.15391129910481E-04
2.68385590360955E-04
3.15411561415358E-04
3.73565553701891E-04
3.14062848326484E-04
3.53440001769561E-04
3.91187442052519E-04
4.02763142286721E-04
4.85412028667024E-04
5.77618661907162E-04
8.15501217060118E-04
8.66843300693046E-04
2.11737864781444E-03
2.81804989985418E-03
3.11743724781886E-03
3.85911350547189E-03
4.73874373050744E-03
4.96369893898991E-03
5.30882674126616E-03
5.58719519260227E-03
5.78500626510553E-03
6.04743717839148E-03
5.96702615705569E-03
6.28616649902578E-03
6.60663364194495E-03
9.46513924184873E-03
1.02115957982831E-02
1.06658829474436E-02
1.11203755438192E-02
1.15747437906263E-02
1.20286869766157E-02
1.24819311230204E-02
1.26755422641234E-02
1.31176401640328E-02
8.8544549121042E-03
8.42712079223513E-03
8.8378118980175E-03
9.71150367673306E-03
1.03070418478809E-02
0.011721666245874
1.18765090335885E-02
1.25288292938866E-02
9.37660390371552E-03
9.43122325322853E-03
9.84031971559027E-03
1.00700143049933E-02
1.23960083489296E-02
1.36434082974343E-02
1.35371210106303E-02
1.64604822303381E-02
1.72081431853378E-02
1.75469116193679E-02
1.78831957153733E-02
2.19481628056723E-02
2.23472679167704E-02
2.27433163332822E-02
2.31362929777493E-02
1.88209482986354E-02
1.88912568929734E-02
0.019194376507819
1.97418132088118E-02
2.00437930684241E-02
2.03432807752383E-02
1.80602409664378E-02
1.28225509286789E-02
1.45934158883973E-02
1.50614145292081E-02
1.58074206925424E-02
1.46332253861478E-02
1.48200958084716E-02
1.18910132907049E-02
1.17499193918549E-02
1.16006649981437E-02
1.14433454019963E-02
1.12780557636174E-02
1.11048910700517E-02
9.71017431028587E-03
1.01218687938816E-02
1.05390932032121E-02
1.06485666585085E-02
1.51863750055129E-02
1.50184951946981E-02
0.014842918795373
1.46597399747407E-02
0.015126736745077
2.82100172840505E-02
3.21497718136275E-02
3.04087410921783E-02
3.06744288786263E-02
2.88749842897473E-02
0.029118051807375
0.029009169503783
2.85398385277981E-02
2.55708306783212E-02
2.64867002430577E-02
0.026690145729152
3.16156527779382E-02
3.22159605447254E-02
3.20816148222703E-02
3.23108946814774E-02
3.29117139953475E-02
3.31386657369148E-02
3.33631469502437E-02
0.037020011388919
3.76461732729604E-02
3.75013465850935E-02
3.73489216328742E-02
1.87902260582674E-02
1.85108195622935E-02
1.90177866162744E-02
1.83325228816043E-02
1.80375728454747E-02
1.69305988746327E-02
1.70249860458539E-02
1.71182323779364E-02
1.72103406893445E-02
1.81251858251671E-02
1.82193044447544E-02
1.87284266160284E-02
1.63126304107871E-02
1.51319199970802E-02
1.43603395024571E-02
1.44285146904675E-02
1.44957852669788E-02
1.54187503600419E-02
1.46276200872434E-02
1.51243111543354E-02
1.99638086323651E-02
1.65620021891987E-02
1.53181768065711E-02
1.45020474393414E-02
1.54428251508564E-02
1.46178456206615E-02
1.46744517902106E-02
1.11592408785703E-02
1.12008223834008E-02
1.07920843142259E-02
0.011282038232358
1.22274085631365E-02
1.22695177202034E-02
1.18549694236737E-02
1.23516457591626E-02
1.23916666123266E-02
1.42726219299083E-02
1.38551408081527E-02
1.43605408220786E-02
0.014867931764595
1.39793071347369E-02
1.44864672023331E-02
1.64012927739348E-02
1.50363471246519E-02
1.83743769288084E-02
2.03116717574781E-02
2.27311508606408E-02
2.37370723169214E-02
2.99811893828382E-02
3.05290888541152E-02
4.39867479270464E-02
4.40856045607817E-02
4.61030996779647E-02
0.047163935719747
0.047261819144229
4.73572331945881E-02
4.74501798072254E-02
4.65704432876079E-02
0.04179659511451
0.043332314053575
0.033165493206203
2.54046343644405E-02
2.39780719936115E-02
2.45060549154499E-02
1.37443249053256E-02
1.52393323874057E-02
1.52609582026445E-02
1.72536553252344E-02
0.018757149577036
2.02635055426962E-02
1.97931808690097E-02
4.21091910983429E-02
4.16598027403626E-02
4.12072494623969E-02
4.12485776661099E-02
4.12878380780732E-02
4.13250314168892E-02
4.08618432000077E-02
0.044884213968793
4.99086934700757E-02
4.99435506200535E-02
0.049975920932376
5.00058049889675E-02
5.00332033257883E-02
5.00581164331489E-02
5.00805447559973E-02
5.01004886941803E-02
4.81132306585714E-02
5.01329247918152E-02
5.01454175274385E-02
5.01554270310786E-02
0.050162953480078
5.01679970076962E-02
5.01705577031881E-02
0.050170635611857
5.01682307350812E-02
5.01633430303145E-02
5.01559724110616E-02
5.01461187468268E-02
5.01337818630371E-02
0.050118961540939
0.05010165751747
5.00818694851032E-02
5.00595970916666E-02
4.95344915407345E-02
4.95075216125166E-02
4.89783121580256E-02
4.99456552888647E-02
4.99109542289476E-02
4.98737657439428E-02
4.98340891618913E-02
4.97919237637953E-02
4.97472687831992E-02
4.97001234057447E-02
4.81609721656373E-02
4.95983579604518E-02
4.95437360199963E-02
4.94866199363682E-02
4.94270086480681E-02
4.93649010424523E-02
4.93002959550968E-02
0.049233192169133
4.91635884145563E-02
4.90914833675062E-02
4.90168756495184E-02
4.89397638267491E-02
0.04886014640917
4.87780218497364E-02
4.86933885435249E-02
4.86062448268443E-02
4.85165889763164E-02
4.84244192079285E-02
4.83297336760575E-02
4.82325304724641E-02
4.81328076252587E-02
4.80305630978385E-02
4.79257947877948E-02
4.78185005257919E-02
0.047708678074417
4.75963251270011E-02
4.74814393064109E-02
4.73640181638125E-02
0.047244059177406
4.71215597511322E-02
4.69965172133513E-02
4.68689288154926E-02
4.67387917306789E-02
4.66061030523211E-02
4.64708597926888E-02
4.63330588814525E-02
4.61926971642014E-02
4.60497714009363E-02
4.59042782645377E-02
4.57562143392107E-02
4.56055761189082E-02
3.40892700042987E-02
3.12546279927353E-02
2.84370529213084E-02
2.83356403583844E-02
3.04732761250249E-02
3.75038819275301E-02
3.69173327104086E-02
3.67750954739344E-02
3.66306917875733E-02
3.64841179168612E-02
0.036773145579737
3.53125299131879E-02
3.55972240043437E-02
3.54438012352645E-02
3.52882146161793E-02
3.51304599017615E-02
3.49705327491837E-02
3.43839356836412E-02
4.09814865424479E-02
4.12050223277556E-02
4.18402553824338E-02
0.041631891978833
4.14208448972522E-02
4.12071079654595E-02
4.09906748804268E-02
4.07715392071366E-02
4.05496943774829E-02
4.03251336892821E-02
4.00978503054022E-02
3.98678372530281E-02
3.96350874230743E-02
3.93995935697634E-02
3.91613483103866E-02
3.89203441252653E-02
3.86765733579353E-02
3.84300282155734E-02
3.81807007696926E-02
3.79285829571314E-02
3.76736665813643E-02
3.74159433141649E-02
3.71554046976555E-02
3.43095991965024E-02
0.035893330013174
3.63568102838522E-02
3.60849231947128E-02
3.58101766255763E-02
2.87813747422533E-02
2.78491339421543E-02
3.49686878769095E-02
3.46824107487432E-02
3.43932273697982E-02
3.41011281442661E-02
3.38061034179857E-02
3.35081434901675E-02
3.32072386263974E-02
3.29033790730341E-02
3.25965550731208E-02
3.22867568839428E-02
3.19739747963751E-02
3.16581991561761E-02
3.13394203873963E-02
3.10176290180861E-02
3.06928157085051E-02
0.030364971282049
3.00340867591325E-02
2.97001533942869E-02
2.93631627167542E-02
2.90231065748837E-02
2.86799771846658E-02
2.83337671827673E-02
0.027984469684465
2.76320783469111E-02
2.72765874382024E-02
2.69179919127689E-02
2.65562874936446E-02
0.026191470762234
2.58235392562456E-02
2.54524915765247E-02
2.50783275035858E-02
2.47010481247184E-02
2.43206559726236E-02
2.39371551766246E-02
2.35505516275942E-02
2.31608531578493E-02
2.27680697373767E-02
2.23722136878864E-02
2.19732999163246E-02
1.87670711675825E-02
0.015663116251415
1.53612201675007E-02
1.52606033738651E-02
1.49502015485833E-02
1.46376262426364E-02
1.45138807695616E-02
1.60603096958638E-02
1.33222002966188E-02
1.33662773538126E-02
1.70433625599793E-02
1.66189508808195E-02
1.58616637944789E-02
1.56020990856309E-02
1.56444306508822E-02
0.015202056966933
1.47576425639191E-02
0.014311326072776
0.013863260597087
1.34136150468742E-02
1.29625755898935E-02
1.25103472293235E-02
9.64572441354257E-03
9.39863121274132E-03
9.03060761207853E-03
8.44857924708762E-03
7.57766939782193E-03
7.7311980513149E-03
7.3734620013272E-03
7.37208736272585E-03
6.74592601688076E-03
6.38810698706285E-03
5.88180224837304E-03
5.60894729088749E-03
5.73042209509307E-03
5.35912290710101E-03
4.99271768922122E-03
4.57807434148143E-03
4.27755700266073E-03
3.97613373390302E-03
3.63322247989654E-03
3.14783651137981E-03
2.8392889780682E-03
2.54157930387265E-03
2.3373353452279E-03
2.05476283576695E-03
1.76614952699269E-03
1.44579425669187E-03
1.23981732708739E-03
1.10904361057024E-03
5.67086628192013E-04
4.45712033368125E-04
3.4135131997944E-04
2.53517772266363E-04
1.92159566800217E-04
1.39162436897519E-04
1.00256245678758E-04
5.78886049520343E-05
3.10816584275567E-05
1.69099755363192E-05
7.24724232973193E-06
2.30191705926713E-06
6.33037190806926E-07
1.05812948553315E-07
8.74484287109289E-09
2.1950264144342E-10
4.36586709312963E-13
1.98264465050787E-18
1.95621853643834E-34
0
0
0
0
0
0
0
0
0
0
0
0
0
0
0
0
0
0
0
0
0
0
0
0
0
0
0
0
0
0
0
0
0
0
0
0
0
0
0
0
0
0
0
0
0
0
0
0
0
0
0
0
0
0
0
0
0
0
0
0
0
0
0
0
0
0
0
0
0
0
0
0
0
0
0
0
0
0
0
0
0
0
0
0
0
0
0
0
0
0
0
0
0
0
0
0
0
0
0
0
0
0
0
0
0
0
0
0
0
0
0
0
0
0
0
0
0
0
0
0
0
0
0
0
0
0
0
0
0
0
0
0
0
0
0
0
0
0
0
0
0
0
0
0
0
0
0
0
0
0
0
0
0
0
0
0
0
0
0
0
0
0
0
0
0
0
0
0
0
0
0
0
0
0
0
0
0
0
0
0
0
0
0
0
0
0
0
0
0
0
0
0
0
0
0
0
0
0
0
0
0
0
0
0
0
0
0
0
0
0
0
0
0
0
0
0
0
0
0
0
0
0
0
0
0
0
0
0
0
0
0
0
0
0
0
0
0
0
0
0
0
0
0
0
0
0
0
0
0
0
0
0
0
0
0
0
0
0
0
0
0
0
0
0
0
0
0
0
0
0
0
0
0
0
0
0
0
0
0
0
0
0
0
0
0
0
0
0
0
0
0
0
0
0
0
0
0
0
0
0
0
0
0
0
0
0
0
0
0
0
0
0
0
0
0
0
0
0
0
0
0
0
0
0
0
0
0
0
0
0
0
0
0
0
0
0
0
0
0
0
0
0
0
0
0
0
0
0
0
0
0
0
0
0
0
0
0
0
0
0
0
0
0
0
0
0
0
0
0
0
0
0
0
0
0
0
0
0
0
0
0
0
0
0
0
0
0
0
0
0
0
0
0
0
0
0
0
0
0
0
0
0
0
0
0
0
0
0
0
0
0
0
0
0
0
0
0
0
0
0
0
0
0
0
0
0
0
0
0
0
0
0
0
0
0
0
0
0
0
0
0
0
0
0
0
0
0
0
0
0
0
0
0
0
0
0
0
0
0
0
0
0
0
0
0
0
0
0
0
0
0
0
0
0
0
0
0
0
0
0
0
0
0
0
0
0
0
0
0
0
0
0
0
0
0
0
0
0
0
0
0
0
""
