0
0
0
0
0
0
0
0
0
0
0
0
0
0
0
0
0
0
0
0
0
0
0
0
0
0
0
0
0
0
0
0
0
0
0
0
0
0
0
0
0
0
0
0
0
0
0
0
0
0
0
0
0
0
0
0
0
0
0
0
0
0
0
0
0
0
0
0
0
0
0
0
0
0
0
0
0
0
0
0
0
0
0
0
0
0
0
0
0
0
0
0
0
0
0
0
0
0
0
0
0
0
0
0
0
0
0
0
0
0
0
0
0
0
0
0
0
0
0
0
0
0
0
0
0
0
0
0
0
0
0
0
0
0
0
0
0
0
0
0
0
0
0
0
0
0
0
0
0
0
0
0
0
0
0
0
0
0
0
0
0
0
0
0
0
0
0
0
0
0
0
0
0
0
0
0
0
0
0
0
0
0
0
0
0
0
0
0
0
0
0
0
0
0
0
0
0
0
0
0
0
0
0
0
0
0
0
0
0
0
0
0
0
0
0
0
0
0
0
0
0
0
0
0
0
0
0
0
0
0
0
0
0
0
0
0
0
0
0
0
0
0
0
0
0
0
0
0
0
0
0
0
0
0
0
0
0
0
0
0
0
0
0
0
0
0
0
0
0
0
0
0
0
0
0
0
0
0
0
0
0
0
0
0
0
0
0
0
0
0
0
0
0
0
0
0
0
0
0
0
0
0
0
0
0
0
0
0
0
0
0
0
0
0
0
0
0
0
0
0
0
0
0
0
0
0
0
0
0
0
0
0
0
0
0
0
0
0
0
0
0
0
0
0
0
0
0
0
0
0
0
0
0
0
0
0
0
0
0
0
0
0
0
0
0
0
0
0
0
0
0
0
0
0
0
0
0
0
0
0
0
0
0
0
0
0
0
0
0
0
0
0
0
0
0
0
0
0
0
0
0
0
0
0
0
0
0
0
0
0
0
0
0
0
0
0
0
0
0
0
0
0
0
0
0
0
0
0
0
0
0
0
0
0
0
0
0
0
0
0
0
0
0
0
0
0
0
0
0
0
0
0
0
0
0
0
0
0
0
0
0
0
0
0
0
0
0
0
0
0
0
0
0
0
0
0
0
0
0
0
0
0
0
0
0
0
0
0
0
0
0
0
0
0
0
0
0
0
0
0
0
0
0
0
0
1.13462567728136E-42
5.94283005075752E-19
1.21956274698908E-12
1.04191750173303E-09
5.06402542026039E-08
5.71853570257068E-07
3.41090376544741E-06
1.28371877359426E-05
3.03017842989506E-05
1.07483353307507E-04
2.11071733643563E-04
3.86967919125775E-04
6.16558270096451E-04
6.05974833514779E-04
8.56065792438335E-04
1.1209040232747E-03
1.39059568221216E-03
1.33018105070447E-03
1.68369593497034E-03
2.03945972323186E-03
2.3712697747563E-03
3.03621568809192E-03
4.62919644763054E-03
1.79103839152191E-03
1.92839703544888E-03
1.94423981066839E-03
2.04037523784042E-03
2.25084626399112E-03
2.61206221215901E-03
3.00427350019724E-03
3.25627283067409E-03
3.14281379075059E-03
3.37544442331589E-03
3.39852375912548E-03
3.16963837765691E-03
3.60776304098345E-03
3.82096643938244E-03
3.76633969728386E-03
4.25069411070183E-03
4.46671919860951E-03
4.6832234038221E-03
4.57334355366533E-03
4.43465048594429E-03
4.97816023356613E-03
5.92040713701155E-03
5.76668875523255E-03
5.98254561909682E-03
6.61103486649261E-03
6.83999030532306E-03
7.06815556073195E-03
7.75141264284194E-03
7.99190211804679E-03
8.23131222494596E-03
8.46957891012733E-03
8.19448929100415E-03
8.41643194452818E-03
8.63715343087828E-03
8.30307712069275E-03
8.50761056812784E-03
8.13017673486152E-03
9.50712709179172E-03
1.03288292951075E-02
1.05548562942678E-02
1.01453034400569E-02
1.03551991133028E-02
1.05636564708848E-02
1.07706645440338E-02
1.30342543042786E-02
1.53729093732774E-02
0.016362931923248
1.37560518682478E-02
0.013993140986643
1.19818686228872E-02
1.21785549690211E-02
1.23737560197116E-02
1.25674718620939E-02
1.19622218260927E-02
1.21410484556903E-02
0.012318486602763
1.24945385754171E-02
1.26692070943912E-02
1.71233269940095E-02
1.64849148194174E-02
1.67009295189004E-02
0.016024935532788
1.71277607071435E-02
1.82511452040392E-02
1.84712601358526E-02
1.86895727589184E-02
1.98513938565232E-02
1.91208164550619E-02
0.018367072468568
1.85676817010244E-02
2.07420422507819E-02
2.09600587646953E-02
2.11762311034569E-02
2.64835583037827E-02
2.57179422233789E-02
2.70075044134235E-02
2.51687081212537E-02
2.22296765419573E-02
0.021366601210297
0.02048235342864
2.50153053393858E-02
2.52342312434444E-02
6.75010426391406E-02
6.02599081251644E-02
5.51343129954413E-02
5.55842418216354E-02
7.88995118121181E-02
8.29790687270921E-02
8.36222551891333E-02
7.84081506860675E-02
8.72489177711017E-02
8.55162760344203E-02
8.61358359751414E-02
8.55446830772294E-02
0.11162334455517
0.117279254986663
0.120534118879776
0.121337790077055
9.59621220171971E-02
9.65812580318666E-02
9.59319976399072E-02
9.27205684158301E-02
9.20121991149683E-02
9.25682870160271E-02
9.44120177837169E-02
9.62652230541715E-02
0.130836909529342
0.131577861627378
0.132311014720883
0.133036387529158
0.133753998333077
0.134463864981889
0.135166004900127
0.135860435094616
0.120161511502161
7.27299031156089E-02
7.30857445821746E-02
7.06663061201367E-02
0.066824403410548
6.15410459864662E-02
7.44686667164762E-02
7.62157270132495E-02
0.077971287792618
8.97020203846154E-02
9.00867194014032E-02
0.129238101391957
0.128332183645764
0.130303374850965
0.130825881499462
9.92359121237732E-02
9.22954798087653E-02
9.70588683191791E-02
0.116611556092546
0.114077649514643
0.114490208110089
0.149216945416102
0.149737891271666
0.150251428601549
0.150757566229567
0.151256312735315
0.151747676459734
0.152231665510571
0.152708287767739
0.15317755088857
0.15363946231296
0.147930268097686
0.140632545485269
0.142582665038198
0.144534771237641
0.148047040301929
0.150006658292736
0.156667576357256
0.157070917571911
0.143294938207605
9.47134346145567E-02
9.49423204880562E-02
9.35807257792522E-02
0.100156345273013
9.24160308973293E-02
8.94266126765409E-02
6.56145619002257E-02
6.57530939547174E-02
0.080352016624912
8.05137105315571E-02
8.87389620405921E-02
8.56758122720094E-02
8.58356998889777E-02
0.115196502608248
4.87607438873353E-02
5.04729002704322E-02
5.21883461084508E-02
6.20745727838076E-02
6.05366184550527E-02
6.06295374525649E-02
0.06071978943117
6.08073753956791E-02
5.92465585744876E-02
6.09745531112751E-02
0.059404034611434
6.27832691815674E-02
7.11305390360491E-02
0.109304841211589
0.121033813204357
0.116185233632971
0.109659581364662
9.31367768144872E-02
6.32598475240496E-02
6.83157221999064E-02
6.67067854307858E-02
7.00992755735526E-02
7.68346898934191E-02
9.19345114990738E-02
0.11039701625302
0.105446617414179
0.13733014663773
0.137406435334137
0.132447204379715
0.132509374895978
0.134243931924739
0.134295421329217
0.134341177462972
0.162937205926367
0.151217428066469
0.14788845537594
0.146232728973725
0.146251320048065
0.14962606155189
0.163082424464277
0.168126087153945
0.16811879937994
0.168104347396775
0.156316939892599
0.168053950186272
0.168018004480062
0.16797489360652
0.167924617154619
0.167867174644094
0.167802565525019
0.167730789177315
0.167651844910205
0.167565731961593
0.1674724494974
0.167371996610817
0.167264372321514
0.16714957557477
0.167027605240552
0.148539629500146
0.14841830362722
0.161620081053923
0.159809244225648
0.159657700611904
0.164483614215212
0.165972841225818
0.165793432116325
0.165606835675145
0.165413049953888
0.165212072914339
0.165003902426736
0.164788536267971
0.146463715186553
0.146259224734196
9.18955744524718E-02
9.17588375678167E-02
6.54414743289049E-02
0.124142271044315
0.123940258214054
0.131873073606849
0.130020816070774
0.139525155563833
0.139271718740764
0.13901206378812
0.138746187580942
0.138474086885597
0.139802685779992
0.139514817124807
0.13922064110426
0.1389201539809
0.13702009497541
9.37898117294266E-02
8.88152190564839E-02
8.22765608831388E-02
8.04996381835883E-02
0.13383540449824
0.130357407871551
0.130022425634854
7.65588897702779E-02
7.63539726633632E-02
0.085469408348211
9.76286409386314E-02
0.103532383116134
0.084743154269146
0.04608709259336
4.90116726186544E-02
0.048861427180501
4.56645250643578E-02
4.55192520284249E-02
0.104355062967514
0.110040360763556
0.106666017412582
0.103306823775307
0.107423159571077
0.132316489660029
0.133320749588389
0.143162961988203
0.144098956951801
0.143551737363344
0.115273252927691
0.101739524193709
0.102780562624862
0.102362854073121
0.106247128076131
8.72140439149339E-02
0.132397542394491
0.13749217132834
0.136884947645213
0.136270376460188
0.139843757319281
0.139194988192954
0.138538602511414
0.137874585611423
0.137202922454709
0.13652359762078
0.135836595299733
5.94624356854349E-02
5.78089819756265E-02
5.88409181021599E-02
6.38455108394665E-02
8.86315127195569E-02
4.60433462721182E-02
4.31676947797294E-02
4.29205114290779E-02
0.042670741383309
4.11329726184779E-02
4.08857353064532E-02
4.19058440113629E-02
4.41696387022004E-02
4.01288274334044E-02
3.86254536734414E-02
3.83736291693559E-02
3.56600097758383E-02
4.15266360747499E-02
0.041242244128684
4.33642267097263E-02
4.78414165260881E-02
4.63096764412378E-02
4.36133116325488E-02
4.21188046968959E-02
4.06389641440536E-02
6.45219268484272E-02
4.80126580282924E-02
5.21666105055025E-02
0.051744095817295
5.91269547737083E-02
5.75250136932077E-02
5.59374818763155E-02
5.11027206714894E-02
5.06512243789884E-02
7.26236014310804E-02
6.98423317281215E-02
0.061852905200075
5.19202672093326E-02
5.34752333776223E-02
5.39671216212369E-02
2.72170293735996E-02
2.99322353592961E-02
2.96206920863582E-02
3.12602707826713E-02
3.18886266994627E-02
3.24928394228881E-02
3.30726309005343E-02
3.08254117362581E-02
0.05539107898234
5.29061956607361E-02
7.11850427533119E-02
6.76313709943779E-02
6.41381948115108E-02
5.55029157172375E-02
7.44519158464642E-02
7.51349954231549E-02
0.074098345856742
8.20825698917769E-02
8.08993296635678E-02
7.49244224628918E-02
5.88787994612002E-02
5.87434564210543E-02
5.85767448565258E-02
5.68815042957066E-02
5.66760009579915E-02
6.22270534636684E-02
6.18566773890075E-02
0.060754700940601
6.03302922720458E-02
5.78540488337655E-02
0.055421549985446
0.062087871103812
0.037383998236745
3.59841549525776E-02
3.58199463871426E-02
3.32489921108897E-02
3.13340687436002E-02
3.06020580014125E-02
3.09717179856038E-02
2.85854044638387E-02
2.94307711885565E-02
2.60954495560017E-02
2.09045732699305E-02
2.03158144490122E-02
0.020663485206228
2.04964247285101E-02
1.89745417382497E-02
1.75072578660157E-02
1.60951038265853E-02
1.55352706055463E-02
1.45900488994434E-02
1.36725095448529E-02
0.013493195846678
1.32844878972817E-02
1.27205672150431E-02
1.30920860776649E-02
1.27831947625366E-02
1.10324478376463E-02
1.04726625039221E-02
2.31357569480201E-02
2.16025746116903E-02
0.020332582652005
1.90734401205609E-02
1.86195480536249E-02
1.75182299375715E-02
1.17935538843152E-02
9.14464521475206E-03
8.53557278582011E-03
7.3903010852973E-03
6.69766472324679E-03
0.005487906061322
4.03316209445799E-03
3.56630917731303E-03
2.74937733824158E-03
2.37775188681338E-03
2.08357744814481E-03
1.65816729908353E-03
1.40599870965073E-03
1.19711919850728E-03
9.67412684775002E-04
7.5847721710755E-04
4.64247671163065E-04
2.79832046887116E-04
1.87407079212045E-04
1.254056309105E-04
1.50971976044173E-04
8.81236477170905E-05
3.67057312744243E-05
1.27071744838439E-05
3.38261538477951E-06
5.80040184523785E-07
4.61219337967186E-08
9.12248575841473E-10
1.09547217976904E-12
3.29722556287616E-19
1.28396087374977E-44
0
0
0
0
0
0
0
0
0
0
0
0
0
0
0
0
0
0
0
0
0
0
0
0
0
0
0
0
0
0
0
0
0
0
0
0
0
0
0
0
0
0
0
0
0
0
0
0
0
0
0
0
0
0
0
0
0
0
0
0
0
0
0
0
0
0
0
0
0
0
0
0
0
0
0
0
0
0
0
0
0
0
0
0
0
0
0
0
0
0
0
0
0
0
0
0
0
0
0
0
0
0
0
0
0
0
0
0
0
0
0
0
0
0
0
0
0
0
0
0
0
0
0
0
0
0
0
0
0
0
0
0
0
0
0
0
0
0
0
0
0
0
0
0
0
0
0
0
0
0
0
0
0
0
0
0
0
0
0
0
0
0
0
0
0
0
0
0
0
0
0
0
0
0
0
0
0
0
0
0
0
0
0
0
0
0
0
0
0
0
0
0
0
0
0
0
0
0
0
0
0
0
0
0
0
0
0
0
0
0
0
0
0
0
0
0
0
0
0
0
0
0
0
0
0
0
0
0
0
0
0
0
0
0
0
0
0
0
0
0
0
0
0
0
0
0
0
0
0
0
0
0
0
0
0
0
0
0
0
0
0
0
0
0
0
0
0
0
0
0
0
0
0
0
0
0
0
0
0
0
0
0
0
0
0
0
0
0
0
0
0
0
0
0
0
0
0
0
0
0
0
0
0
0
0
0
0
0
0
0
0
0
0
0
0
0
0
0
0
0
0
0
0
0
0
0
0
0
0
0
0
0
0
0
0
0
0
0
0
0
0
0
0
0
0
0
0
0
0
0
0
0
0
0
0
0
0
0
0
0
0
0
0
0
0
0
0
0
0
0
0
0
0
0
0
0
0
0
0
0
0
0
0
0
0
0
0
0
0
0
0
0
0
0
0
0
0
0
0
0
0
0
0
0
0
0
0
0
0
0
0
0
0
0
0
0
0
0
0
0
0
0
0
0
0
0
0
0
0
0
0
0
0
0
0
0
0
0
0
0
0
0
0
0
0
0
0
0
0
0
0
0
0
0
0
0
0
0
0
0
0
0
0
0
0
0
0
0
0
0
0
0
0
""
