0
0
0
0
0
0
0
0
0
0
0
0
0
0
0
0
0
0
0
0
0
0
0
0
0
0
0
0
0
0
0
0
0
0
0
0
0
0
0
0
0
0
0
0
0
0
0
0
0
0
0
0
0
0
0
0
0
0
0
0
0
0
0
0
0
0
0
0
0
0
0
0
0
0
0
0
0
0
0
0
0
0
0
0
0
0
0
0
0
0
0
0
0
0
0
0
0
0
0
0
0
0
0
0
0
0
0
0
0
0
0
0
0
0
0
0
0
0
0
0
0
0
0
0
0
0
0
0
0
0
0
0
0
0
0
0
0
0
0
0
0
0
0
0
0
0
0
0
0
0
0
0
0
0
0
0
0
0
0
0
0
0
0
0
0
0
0
0
0
0
0
0
0
0
0
0
0
0
0
0
0
0
0
0
0
0
0
0
0
0
0
0
0
0
0
0
0
0
0
0
0
0
0
0
0
0
0
0
0
0
0
0
0
0
0
0
0
0
0
0
0
0
0
0
0
0
0
0
0
0
0
0
0
0
0
0
0
0
0
0
0
0
0
0
0
0
0
0
0
0
0
0
0
0
0
0
0
0
0
0
0
0
0
0
0
0
0
0
0
0
0
0
0
0
0
0
0
0
0
0
0
0
0
0
0
0
0
0
0
0
0
0
0
0
0
0
0
0
0
0
0
0
0
0
0
0
0
0
0
0
0
0
0
0
0
0
0
0
0
0
0
0
0
0
0
0
0
0
0
0
0
0
0
0
0
0
0
0
0
0
0
0
0
0
0
0
0
0
2.95138170500272E-116
6.67391997274992E-31
7.69275521754245E-19
5.17191394935174E-14
2.10730676150152E-11
8.70529116978814E-10
1.06066673972973E-08
6.92659632296145E-08
3.04335378737877E-07
9.82339618380482E-07
2.36435814233833E-06
5.23149948123224E-06
8.09296483664842E-06
1.29404665510169E-05
2.61601977911064E-05
3.03552467029632E-05
4.56776050567614E-05
1.82780003385644E-04
2.40463938665104E-04
3.07504320363235E-04
3.14748834353113E-04
3.2379726115871E-04
3.49362863426769E-04
3.46370662664572E-04
4.11620984679331E-04
4.83100336331753E-04
8.66606656223409E-04
9.55190621110194E-04
1.03038535474035E-03
1.14436842803064E-03
1.48309138215327E-03
1.64290816495038E-03
1.88484938844587E-03
2.04372584739838E-03
2.20558337134122E-03
1.49311547602692E-03
1.57274018380037E-03
1.70427376075513E-03
1.86891839266094E-03
2.01073469069657E-03
2.15662771801249E-03
2.3064543314659E-03
2.06788949012674E-03
3.14082736716708E-03
3.13032783844584E-03
3.06497791204109E-03
2.89686801410517E-03
2.43823279605539E-03
2.39494049766544E-03
2.48429561115458E-03
2.52376117219458E-03
2.55936773118475E-03
3.17277325044596E-03
3.21911780046551E-03
3.43014834924333E-03
3.58922893276803E-03
3.86992506046899E-03
4.28197051013227E-03
3.20236420719713E-03
3.28431215165613E-03
3.36554871747219E-03
4.59474640574068E-03
5.04678127856805E-03
5.01853041158321E-03
5.41847953735953E-03
6.09825156043287E-03
6.25595971050678E-03
6.74506244067778E-03
6.80916833886002E-03
7.04144538090725E-03
7.36903281052083E-03
6.16177304236079E-03
5.89664348916008E-03
6.03712776340151E-03
5.82277860473733E-03
6.05904600286627E-03
5.9207413821363E-03
6.14905763346104E-03
6.10887874330107E-03
7.59981694743199E-03
8.74698570750011E-03
9.95865617408997E-03
9.83133368517414E-03
1.01602832147278E-02
9.65999868616349E-03
9.96925701978568E-03
1.09906911821168E-02
1.07797066490745E-02
1.12917349102026E-02
0.012398982675478
1.11619930810596E-02
9.22302228960572E-03
9.05740089220343E-03
9.73636882082543E-03
9.77391997897888E-03
0.010257685194608
1.00536049207007E-02
1.03071924816869E-02
1.03168683575946E-02
1.00646603113861E-02
9.78999889197752E-03
1.00199886034125E-02
1.02513614366577E-02
1.04840830415829E-02
1.10001754784012E-02
1.15299350483034E-02
1.41347448407683E-02
1.41343741752997E-02
1.59650449422353E-02
1.62936399338204E-02
1.37465828384463E-02
1.43468839250352E-02
1.52936739917146E-02
1.52506848718223E-02
1.58867258637977E-02
1.65369000529726E-02
1.72012505542914E-02
1.78798182125002E-02
1.82011888153881E-02
1.81456539326434E-02
1.84626456771604E-02
1.52593021819443E-02
1.59164371967054E-02
1.73968595301627E-02
1.85069307429476E-02
1.37930532300934E-02
1.44396663314622E-02
1.38060417819843E-02
0.014022365856506
0.01512917962484
1.44566096074187E-02
3.66862326445422E-02
3.67667494330482E-02
0.040140438739715
4.07229104200164E-02
4.17924900429731E-02
4.13984174336019E-02
3.24824434131651E-02
3.44510758060231E-02
3.08129106427081E-02
3.27898957251648E-02
4.16654734349763E-02
4.22142499609056E-02
4.33050942436272E-02
4.22174707694187E-02
4.38649573159848E-02
4.49787659116152E-02
4.55379394110363E-02
4.72501374876612E-02
4.78244480901678E-02
4.89895195946039E-02
3.64323330467281E-02
3.68606599519195E-02
3.23989010180826E-02
3.89548950845046E-02
3.87727946861357E-02
4.49009385091939E-02
5.17955357627421E-02
5.23663128072977E-02
3.85592783121841E-02
2.84057518975181E-02
2.73737601528403E-02
0.040482488044841
2.86341239494295E-02
3.09970119913382E-02
3.47940336440763E-02
3.51469526500616E-02
3.54998638731107E-02
6.95543348538681E-02
3.40332579873404E-02
2.12038591774963E-02
2.21466515719924E-02
2.23582206756306E-02
2.48266965691271E-02
2.58186391779362E-02
2.52917446885061E-02
2.47506596566047E-02
2.49758799892759E-02
0.019688264962995
1.90694604131387E-02
1.92380807639856E-02
1.94065881146456E-02
1.95749752330558E-02
2.05658697460528E-02
0.021570640204689
2.17526225613017E-02
2.19344440624614E-02
2.29667163590369E-02
2.22975746728032E-02
0.02161429715324
1.83022859354686E-02
1.84484027032529E-02
1.94797995788225E-02
1.87401345382288E-02
1.79864173523931E-02
1.63124224889066E-02
1.73500698747656E-02
1.65612283243889E-02
1.66853778618468E-02
1.77432051648526E-02
1.69331469088693E-02
1.51615619807072E-02
1.43168155681299E-02
1.63421063925709E-02
1.74264370249636E-02
1.75492650231892E-02
1.66901149062738E-02
1.68057246731174E-02
1.39350491196453E-02
1.20256447474577E-02
1.41246145027937E-02
1.32034803913194E-02
1.32910795584588E-02
0.013378507967095
1.34657626391193E-02
1.45953668206941E-02
1.46889496649204E-02
1.68940982087078E-02
1.70005971576183E-02
1.71068643637287E-02
1.72128963247451E-02
1.73186895643861E-02
1.85132556715759E-02
1.75295461026178E-02
1.87367652369381E-02
1.77394066767708E-02
1.67287078634628E-02
1.90700096561071E-02
1.91805383177011E-02
1.81560327024264E-02
2.16831861282907E-02
1.95104170942245E-02
2.07739018267104E-02
2.20499239503443E-02
2.33384272888716E-02
2.34660522898058E-02
2.24136514985089E-02
2.37202186478329E-02
2.14620770588462E-02
2.03769772976348E-02
2.16888312569275E-02
1.93792874467076E-02
2.19142210173105E-02
2.08027071764395E-02
2.21382195079243E-02
2.10135949238995E-02
2.23608002650891E-02
2.24715508228982E-02
2.50910413191052E-02
2.64739488426731E-02
2.66018719501253E-02
2.67293590166627E-02
2.55775298825469E-02
3.21226314160708E-02
2.96909929096459E-02
3.24224689697454E-02
0.031268715781279
2.74849210186564E-02
2.76092545460721E-02
2.64124984725079E-02
2.78565240978377E-02
2.79794532037569E-02
2.67637212284583E-02
2.68798885290189E-02
0.025645817125485
2.71108433690912E-02
2.99481869946219E-02
2.73399373370969E-02
2.88264675600939E-02
2.89455025719345E-02
0.027680034283526
3.33509309917906E-02
3.48804586128188E-02
2.94165946729982E-02
2.95330897787891E-02
2.96490674201484E-02
0.031181882795592
2.84566265615096E-02
2.71373060316919E-02
2.86740394817411E-02
2.59037876126549E-02
2.60004804294186E-02
2.75465287286716E-02
2.76476157375241E-02
2.48273457268385E-02
2.49169077519224E-02
2.50060241246631E-02
2.36185341312019E-02
2.37015629243086E-02
2.08111450277816E-02
2.08830478933198E-02
1.34707977581036E-02
1.35165358076386E-02
1.35620294698082E-02
1.36072775715643E-02
1.36522789484273E-02
0.013697032444458
1.37415369122303E-02
1.22540366336037E-02
1.22931504139559E-02
1.23320398212217E-02
1.08243658823163E-02
1.08579988688166E-02
1.08914329499376E-02
1.24853340331819E-02
1.25230868753495E-02
1.25606095164629E-02
1.10231633846711E-02
0.011055590368364
9.5038401115921E-03
9.53128445321319E-03
9.55855265343782E-03
9.58564403055266E-03
9.61255790828512E-03
8.03274467982654E-03
8.05487540637292E-03
9.69222786383384E-03
9.71842508972906E-03
8.12036793008125E-03
8.14189708256636E-03
8.16327450015188E-03
8.18449965522422E-03
8.20557202462615E-03
9.87178930757928E-03
1.15461588704383E-02
1.48821610570705E-02
1.49189820083053E-02
1.32937985393638E-02
1.33260304077197E-02
1.33580121583278E-02
1.00423072580824E-02
1.17435694177275E-02
1.17708928178729E-02
1.17979946704472E-02
1.18248743171635E-02
1.52376828503911E-02
1.52716685020601E-02
1.70059621873198E-02
1.53387744350497E-02
1.53718930943611E-02
1.54047211472692E-02
1.37220069354175E-02
1.03130015173166E-02
8.61191877353137E-03
8.62950643527091E-03
8.64693049397902E-03
8.6641905316459E-03
8.68128613458523E-03
8.69821689343075E-03
6.97198592250636E-03
6.98526581036466E-03
6.99841286117907E-03
7.01142676125509E-03
7.0243072003419E-03
7.03705387163009E-03
7.0496664717495E-03
8.82768087595898E-03
7.07448826218536E-03
7.08669686293952E-03
7.09877021339653E-03
5.33303102051466E-03
7.12251002203289E-03
7.13417591808712E-03
7.14570543959072E-03
7.15709831404189E-03
7.16835427236041E-03
7.1794730488862E-03
7.19045438137797E-03
7.20129801101188E-03
7.21200368238027E-03
7.22257114349048E-03
5.42475010932273E-03
5.43246783302519E-03
5.44008134740931E-03
5.44759047371712E-03
5.45499503574785E-03
5.46229485985722E-03
5.46948977495677E-03
5.47657961251322E-03
5.48356420654781E-03
5.49044339363579E-03
5.49721701290575E-03
5.50388490603919E-03
7.34726255635987E-03
9.19483815563927E-03
9.2054211395287E-03
1.10589922803177E-02
0.007380844156196
7.38888462889365E-03
9.24597843877823E-03
9.2556729233747E-03
9.26518901430103E-03
9.27452649019963E-03
1.11404221607522E-02
0.013009730625807
1.30220511090038E-02
1.11721031580128E-02
1.11822326328553E-02
1.11921462829027E-02
1.30688178578909E-02
1.30798793928297E-02
1.49607866801488E-02
1.49728508163743E-02
1.49846257210261E-02
1.49961111214373E-02
1.68832200956963E-02
1.68954888969165E-02
1.50288276723899E-02
1.50391524649417E-02
0.015049186491744
1.69412957109645E-02
1.50683813271296E-02
1.88469271152438E-02
2.26296156067114E-02
2.45293542961583E-02
2.26549080874321E-02
2.26668969158914E-02
0.022678447097486
2.26895583657407E-02
2.45919163363885E-02
2.46030017428221E-02
2.46136108599168E-02
2.08354752210802E-02
2.08436455266805E-02
0.02274699515494
2.27550274234482E-02
2.46595039309797E-02
2.46672505617995E-02
2.46745194227686E-02
2.65798726808304E-02
2.65866711132328E-02
2.84924512704003E-02
2.65987227535928E-02
2.66039756841027E-02
2.47080908189654E-02
2.47120112211212E-02
2.28142641442201E-02
2.28169989647191E-02
0.032327329879428
3.42317133541386E-02
3.61357051034056E-02
3.80391945229771E-02
3.80400676339122E-02
3.23341730872762E-02
3.42356422629422E-02
3.23325246504231E-02
3.04289512028695E-02
2.85250325167855E-02
2.85223705617822E-02
2.85191559489356E-02
2.85153887522213E-02
2.28088552466684E-02
2.47053707044689E-02
2.47006695775118E-02
2.46954899112296E-02
2.65890496575384E-02
2.65824412523958E-02
2.84735549121948E-02
2.84653712341296E-02
2.84566362104043E-02
2.08613900309478E-02
2.08541761585114E-02
2.08465584365122E-02
2.46273619569196E-02
2.65110518339362E-02
2.46069719704382E-02
2.45960622856353E-02
2.45846764714954E-02
2.45728147905791E-02
2.26712100152058E-02
2.26593830158058E-02
2.07598577476806E-02
2.26344138796374E-02
2.07361662925997E-02
2.44916675954651E-02
2.44764831250174E-02
2.44608252852313E-02
2.25643333273015E-02
0.020669923116518
2.06554744194756E-02
1.87642058724578E-02
1.12502070440031E-02
1.31152853587547E-02
1.12329220829359E-02
1.12239540014911E-02
1.12147691280257E-02
9.3378063961206E-03
9.32979155112136E-03
9.32159659084892E-03
1.11758660464474E-02
1.11656005068087E-02
1.30143061164358E-02
1.48592311393432E-02
1.48446829782275E-02
1.29761174893221E-02
0.012962887198805
1.47993223338331E-02
1.47836312375683E-02
1.47676553036689E-02
1.29074705411668E-02
1.28929941157396E-02
1.10385166730369E-02
9.18806920926851E-03
9.17719770599173E-03
9.16614963815515E-03
9.15492526379961E-03
9.14352484521951E-03
9.13194864896373E-03
9.12019694583644E-03
7.28661600871847E-03
7.27693449877305E-03
7.26711325369359E-03
7.25715250374824E-03
7.24705248261344E-03
7.23681342737492E-03
7.22643557852861E-03
7.21591917998167E-03
7.20526447905354E-03
7.19447172647709E-03
7.18354117639968E-03
7.17247308638444E-03
7.16126771741149E-03
7.14992533387919E-03
7.13844620360558E-03
7.12683059782972E-03
8.89384848901647E-03
8.87898882730194E-03
8.86395961403254E-03
8.84876120538134E-03
7.06671516944606E-03
8.81785824805889E-03
1.05625853198084E-02
1.05435394685799E-02
1.05242927971377E-02
1.05048457637918E-02
1.04851988320133E-02
1.04653524704374E-02
0.012186191678345
1.56375950374147E-02
1.73410359513574E-02
1.73066371330143E-02
1.89991009629102E-02
1.89605408123871E-02
1.54813265348515E-02
1.71657667472936E-02
1.54167611416514E-02
1.53840405228433E-02
1.53510290046839E-02
1.53177273835383E-02
1.52841364636004E-02
1.69447300632231E-02
1.52160899833149E-02
1.51816360705715E-02
1.51468961542616E-02
0.015111871077847
0.01507656169267
1.50409688579627E-02
2.83429542771743E-02
2.99378726327892E-02
2.98649967350757E-02
2.64813875292089E-02
2.64156152322789E-02
0.026349348485792
2.62825889159795E-02
2.45768795280522E-02
2.28791481469595E-02
2.28194485240557E-02
2.43849894609092E-02
2.59414566291894E-02
0.029105746949376
2.90268140194571E-02
0.027339156216204
0.027263591798967
2.71875218686027E-02
2.23266633224893E-02
2.22631895821846E-02
0.020613639667078
2.21350089451844E-02
2.04938548829935E-02
2.04333951912303E-02
2.03725593224523E-02
2.34361717022815E-02
2.64804621764195E-02
2.95052608183651E-02
2.78660560101297E-02
2.77792495773664E-02
2.61534944124755E-02
2.60705533199132E-02
0.025987136770042
2.43795264868963E-02
2.58188858321974E-02
0.025734055751092
2.56487588265124E-02
3.00741144142029E-02
2.99726743971188E-02
2.83771583041162E-02
2.67913554443258E-02
2.52153488949061E-02
0.023649221217005
2.50387950444571E-02
2.34822058419079E-02
2.33980666873452E-02
2.33135094874856E-02
2.17767529326563E-02
2.16967029790737E-02
2.16162673939029E-02
2.29711448556802E-02
2.28845310336115E-02
2.42223572643592E-02
1.98713306994482E-02
2.12083798972061E-02
2.25340540540259E-02
2.24454410827112E-02
2.09591581468139E-02
2.08753493178864E-02
2.49494121488987E-02
2.48479714122498E-02
2.47460997241651E-02
2.73819998403052E-02
2.18142885327076E-02
0.023080264165189
2.16305414906906E-02
2.55765066167867E-02
2.41259761689901E-02
0.026690185003394
2.52446124104501E-02
2.51331212401852E-02
2.37042998087654E-02
2.75308539765322E-02
2.74062290345534E-02
2.33838386806403E-02
2.58624817037146E-02
2.44553655696359E-02
2.43409679240058E-02
2.16760450033658E-02
1.90349754616398E-02
0.041676176158003
3.77042952257033E-02
3.87712280590678E-02
3.73361823744036E-02
4.08663396552129E-02
3.94300321815725E-02
3.92314663707407E-02
4.02520327061861E-02
3.64054325375161E-02
3.50102808121339E-02
3.84309979860251E-02
3.82293593421209E-02
3.68387764905448E-02
3.42782704351142E-02
3.29182773098899E-02
3.04012313537909E-02
0.032560797460536
3.23813123397404E-02
3.22013377717906E-02
3.20208793183175E-02
0.030702801774134
3.50505188998833E-02
0.039345821072531
3.91178990970607E-02
4.33339115245936E-02
4.19740990347021E-02
4.50188741128865E-02
4.25663723846397E-02
4.33941657310477E-02
8.08685719401045E-02
7.17989492768002E-02
6.60293681066326E-02
6.56170144565033E-02
8.30822248725913E-02
8.35995519129962E-02
8.41023943778258E-02
8.35591347578952E-02
8.09650380161884E-02
8.14512257280269E-02
8.09115003566046E-02
8.03707543604523E-02
7.88311438638468E-02
7.82951970172452E-02
5.21669595216544E-02
6.45133008676577E-02
6.69751733282853E-02
6.84314890500066E-02
6.79457086075532E-02
6.17583849334402E-02
6.22555297004106E-02
6.64838227948876E-02
8.08672011240107E-02
8.02674547764235E-02
7.96668760989195E-02
8.36094812494175E-02
0.069444540855104
0.070700798630399
7.01526294996617E-02
6.96038090232669E-02
7.16766760576941E-02
4.16228658123334E-02
4.04281237848532E-02
5.03385351199689E-02
4.99264673544788E-02
5.11924524573183E-02
5.49267483571447E-02
5.85906472520929E-02
5.72748116889275E-02
6.40845937886427E-02
6.19217109097231E-02
6.45694673517838E-02
6.40001456865751E-02
1.95773095575921E-02
0.018625334587768
1.92253811045445E-02
1.90492901685135E-02
1.88731253512938E-02
0.022436273637506
2.22247276034679E-02
5.94354298700326E-02
5.88639617295063E-02
6.18906827891261E-02
5.98585389380143E-02
5.92656603035232E-02
5.86727577771483E-02
5.73884338595331E-02
4.65370944547634E-02
4.60572116489925E-02
0.042896382447377
3.91288897634413E-02
2.69021066782832E-02
2.66130432657523E-02
2.56820367602987E-02
2.22252182301665E-02
2.26067382967446E-02
2.42161711083304E-02
2.27140841969121E-02
2.36677531156817E-02
2.45935122690743E-02
2.43057624467667E-02
1.99175745782429E-02
2.08369732896295E-02
2.00131852328501E-02
1.86388252750733E-02
0.019523981307385
1.76272380267908E-02
1.68603665296242E-02
1.66446224067109E-02
1.74891152137116E-02
1.67370533005058E-02
2.21924273563899E-02
2.13857200046503E-02
0.022100141753401
2.13013346840574E-02
2.10053321161522E-02
0.015412003778202
1.56673262438762E-02
1.40377096045619E-02
1.42939210274359E-02
1.40826714293296E-02
2.37164767902351E-02
2.33569779478587E-02
2.21304962791499E-02
2.73396529587511E-02
2.81701912551764E-02
2.89616256003494E-02
0.023201471497087
0.027225077185064
2.95285799567326E-02
0.032514790969265
3.19593760330495E-02
3.14058197196948E-02
3.04868662821554E-02
2.99437395356295E-02
2.94026177851298E-02
2.92113128418007E-02
2.86679072290051E-02
2.47782923089303E-02
2.52888016487851E-02
2.44748866413345E-02
0.023991566842776
2.35104752843542E-02
2.36377686834391E-02
2.25552183091218E-02
2.15000927495636E-02
2.47373161938225E-02
2.42004036733344E-02
2.31224169260967E-02
2.26037502916435E-02
2.18282883880203E-02
2.10680273732231E-02
1.43747572902109E-02
1.42714208437948E-02
1.29786888113225E-02
1.17353367698076E-02
1.21108467745756E-02
1.17983561526133E-02
1.25519606346575E-02
1.20087294271321E-02
1.14795179075995E-02
9.5937185924519E-03
8.75074363741334E-03
8.12795912102362E-03
7.70859722538635E-03
7.65005234061886E-03
6.74051704311481E-03
7.34468578565974E-03
6.47689407605549E-03
5.95871518214384E-03
5.31576626439541E-03
5.13331821602646E-03
5.50339678359923E-03
5.30559175598659E-03
5.23808616194727E-03
4.54883782946708E-03
4.49127083421706E-03
4.54035999260905E-03
4.46473803225408E-03
4.27851445430016E-03
4.19514613182527E-03
5.4428662477923E-03
5.19663030389398E-03
4.69401796014762E-03
4.71745865365644E-03
4.87810588513709E-03
4.63003677558554E-03
4.56010062620807E-03
4.18244906473933E-03
4.08892084489743E-03
4.66027395497158E-03
6.30380569721179E-03
5.95828185063432E-03
5.86819905289221E-03
5.71345772414752E-03
5.49898288235988E-03
5.34347298018395E-03
5.13165727131837E-03
5.08263106422727E-03
4.97404252389585E-03
3.90893578421529E-03
3.48531015400175E-03
3.12832805631759E-03
2.6081874575439E-03
2.68088686751302E-03
3.69410872824677E-03
3.53956211630887E-03
3.38486962871257E-03
2.90353673575417E-03
3.04111703807579E-03
2.88869908599338E-03
2.76793540880909E-03
2.61512438271223E-03
2.43565181811751E-03
2.07892925355265E-03
2.1152144877931E-03
1.97140407616153E-03
1.74559449842535E-03
1.61277427522363E-03
1.48264742858786E-03
1.35557826955554E-03
1.21710851318583E-03
1.09877008143349E-03
9.72637338928132E-04
8.4314312032562E-04
7.42555330549324E-04
6.47279823858704E-04
5.43612692831963E-04
4.56301935097246E-04
3.87336206772355E-04
3.19026142491396E-04
2.5764042543215E-04
2.03366610951592E-04
1.46144804866097E-04
1.08832180857035E-04
8.23965581570298E-05
5.35141287833289E-05
2.84511772792176E-05
2.48427479404657E-05
1.36593258488511E-05
6.81110395803834E-06
2.94246800590752E-06
1.08561516553757E-06
2.99201539649598E-07
3.14247348887755E-08
4.94825904271843E-09
2.04266854735572E-10
1.38446395522022E-12
1.64757161117092E-16
9.71077293243445E-25
2.99277718580275E-56
0
0
0
0
0
0
0
0
0
0
0
0
0
0
0
0
0
0
0
0
0
0
0
0
0
0
0
0
0
0
0
0
0
0
0
0
0
0
0
0
0
0
0
0
0
0
0
0
0
0
0
0
0
0
0
0
0
0
0
0
0
0
0
0
0
0
0
0
0
0
0
0
0
0
0
0
0
0
0
0
0
0
0
0
0
0
0
0
0
0
0
0
0
0
0
0
0
0
0
0
0
0
0
0
0
0
0
0
0
0
0
0
0
0
0
0
0
0
0
0
0
0
0
0
0
0
0
0
0
0
0
0
0
0
0
0
0
0
0
0
0
0
0
0
0
0
0
0
0
0
0
0
0
0
0
0
0
0
0
0
0
0
0
0
0
0
0
0
0
0
0
0
0
0
0
0
0
0
0
0
0
0
0
0
0
0
0
0
0
0
0
0
0
0
0
0
0
0
0
0
0
0
0
0
0
0
""
