0
0
0
0
0
0
0
0
0
0
0
0
0
0
0
0
0
0
0
0
0
0
0
0
0
0
0
0
0
0
0
0
0
0
0
0
0
0
0
0
0
0
0
0
0
0
0
0
0
0
0
0
0
0
0
0
0
0
0
0
0
0
0
0
0
0
0
0
0
0
0
0
0
0
0
0
0
0
0
0
0
0
0
0
0
0
0
0
0
0
0
0
0
0
0
0
0
0
0
0
0
0
0
0
0
0
0
0
0
0
0
0
0
0
0
0
0
0
0
0
0
0
0
0
0
0
0
0
0
0
0
0
0
0
0
0
0
0
0
0
0
0
0
0
0
0
0
0
0
0
0
0
0
0
0
0
0
0
0
0
0
0
0
0
0
0
0
0
0
0
0
0
0
0
0
0
0
0
0
0
0
0
0
0
0
0
0
0
0
0
0
0
0
0
0
0
0
0
0
0
0
0
0
0
0
0
0
0
0
0
0
0
0
0
0
0
0
0
0
0
0
0
0
0
0
0
0
0
0
0
0
0
0
0
0
0
0
0
0
0
0
0
0
0
0
0
0
0
0
0
0
0
0
0
0
0
0
0
0
0
0
0
0
0
0
0
0
0
0
0
0
0
0
0
0
0
0
0
0
0
0
0
0
0
0
0
0
0
0
0
0
0
0
0
0
0
0
0
0
0
0
0
0
0
0
0
0
0
0
0
0
0
0
0
0
0
0
0
0
0
0
0
0
0
0
0
0
0
0
0
0
0
0
0
0
0
0
0
0
0
0
0
0
0
0
0
0
0
0
0
0
0
0
0
0
0
0
0
0
0
0
0
0
0
0
0
0
0
0
0
0
0
0
0
0
0
0
0
0
0
0
0
0
0
0
0
0
0
0
0
0
0
0
0
0
0
0
0
0
0
0
0
0
0
0
0
0
0
0
0
0
0
0
0
0
0
0
0
0
0
0
0
0
0
0
0
0
0
0
0
0
0
0
0
0
0
0
0
0
0
0
0
0
0
0
0
0
0
0
0
0
0
0
0
0
0
0
5.46646542667339E-75
1.55928442838541E-23
1.56579640213058E-14
8.30206005929635E-11
7.89885260705867E-09
1.5154831547872E-07
1.17084490274872E-06
4.61757511360489E-06
1.63774905671815E-05
3.70617107471992E-05
7.59353746424716E-05
1.38853148391222E-04
2.33625666066914E-04
3.51111973739258E-04
5.10343817580346E-04
7.07323074920795E-04
8.93945892203224E-04
1.15393724822726E-03
1.29100040471749E-03
1.4635436330561E-03
0.001733353226383
1.70502823366743E-03
2.03093373188849E-03
2.29406824547971E-03
2.56155087640497E-03
2.83103370539183E-03
2.89811879644189E-03
3.59182909354429E-03
3.71272714390896E-03
3.79682484118661E-03
2.36386732797528E-03
2.77592085179019E-03
2.8799161769111E-03
3.09420354180126E-03
3.44407131856131E-03
3.53174841535768E-03
3.75427915922174E-03
4.13803380933383E-03
4.37346249304028E-03
4.61045530374635E-03
4.84875457802147E-03
5.28382139820359E-03
5.53328496365101E-03
5.56922950863012E-03
5.58710263863244E-03
6.05225512835076E-03
5.56784345230817E-03
5.78178903431233E-03
5.99564363027875E-03
5.93933605674555E-03
5.8641891407768E-03
1.09633168508606E-02
1.07190069028829E-02
0.011050906420043
1.07495713755018E-02
1.10612335138077E-02
1.13718757383901E-02
0.011681427295212
1.19898239225829E-02
1.15736539274232E-02
1.18615760295124E-02
1.25278945351754E-02
1.24336691184685E-02
1.35126225217607E-02
1.30005078027812E-02
1.45270511652336E-02
1.27142230848303E-02
1.29753480920419E-02
1.27939422843663E-02
1.30437153359742E-02
1.37504894910288E-02
1.35392017311397E-02
0.013309547536317
1.35454240243896E-02
2.26384938646405E-02
0.022521094723841
2.18761506766108E-02
1.80942196933541E-02
1.83805519907683E-02
1.75985798270306E-02
1.67825499616094E-02
2.08774037708126E-02
2.00659880730981E-02
0.019786273341537
0.020062207351471
3.77676005560879E-02
2.70859190486163E-02
2.92313847405262E-02
5.61946592574145E-02
5.75165948756496E-02
5.38933644728638E-02
4.57709673359993E-02
4.69519261672969E-02
4.23668398214025E-02
4.48022924486081E-02
4.53085643250311E-02
5.70982981757789E-02
6.57748730178582E-02
0.066479412572189
2.87910550767964E-02
4.64036724579601E-02
4.68754697245328E-02
4.52241051489211E-02
0.047095653524952
4.75507266266697E-02
4.80025833044622E-02
3.81736957031312E-02
0.03852464895276
4.26108776200514E-02
4.37442662124564E-02
0.042605662879602
5.90875752838642E-02
5.88147787366293E-02
6.39877301044524E-02
6.76604744979197E-02
6.82077475568022E-02
6.95503380844627E-02
6.92899654095161E-02
7.14487592385886E-02
7.28100625003556E-02
0.073355220617598
7.22355701335687E-02
7.19239075097567E-02
6.06461632491897E-02
5.25911237188665E-02
5.03938410428585E-02
5.41784120623957E-02
5.88723384963843E-02
5.40340931158874E-02
5.78964341339816E-02
5.82696146676113E-02
7.37438767151705E-02
7.42054225819262E-02
8.99555387119302E-02
0.090502295130285
9.10443982350242E-02
9.15818532643789E-02
9.21146653087818E-02
9.26428393122739E-02
9.31663800740532E-02
9.36852922501517E-02
9.13735929445698E-02
9.47092487644532E-02
9.52143017155086E-02
9.57147433106344E-02
9.62105775187695E-02
9.67018081777441E-02
9.71884389965253E-02
9.76704735575086E-02
9.81479153188456E-02
9.86207676168041E-02
9.90890336681531E-02
9.95527165725669E-02
0.100011819315044
0.100466344768338
0.100916295695388
8.71710402865139E-02
8.75501366597494E-02
8.89476927966434E-02
8.93232529528535E-02
9.07258191486616E-02
8.48864637207689E-02
8.52292219922799E-02
8.55682442743467E-02
8.17131159108423E-02
8.20284973687997E-02
0.08234032928885
8.15890153426803E-02
8.29533495477463E-02
8.32545402504802E-02
8.24810042728619E-02
8.16963834456981E-02
8.30581700795033E-02
8.87532940744413E-02
8.90513078333335E-02
8.60768584344029E-02
8.63567989631342E-02
8.55365332633824E-02
8.58058536484892E-02
8.49681542023828E-02
8.41201937825624E-02
8.54824318605593E-02
8.57343349855629E-02
0.104965952457152
8.95871919091672E-02
8.98380334139657E-02
9.00852503965971E-02
8.91997326702011E-02
8.94367020240602E-02
8.73999641751889E-02
6.60024627795781E-02
6.16052106512205E-02
0.114365568661739
0.114642885544444
0.114915674269105
0.115183934998924
0.1154476678689
0.115706872987191
0.11596155043645
0.112725349266875
0.116457322538755
0.116698417241179
0.116934984375792
0.117167023916718
0.117394535819976
0.117617520024612
0.117835976453813
0.118049905015979
0.118259305605782
0.118464178105191
0.118664522384473
0.118860338303167
0.119051625711033
0.119238384448974
0.119420614349937
0.119598315239782
0.119771486938135
0.119940129259207
0.120104242012596
0.120263825004064
0.120418878036284
0.120569400909577
0.120715393422606
0.120856855373069
0.120993786558349
0.121126186776158
0.121254055825144
0.12137739350549
0.121496199619479
0.121610473972043
0.121720216371289
0.121825426629007
0.12192610456115
0.122022249988294
0.122113862736086
0.117312904930232
0.122283489524032
0.122361503244494
0.122434983646955
0.122503930588288
0.122568343932647
0.122628223551766
0.122683569325233
0.122734381140748
0.122780658894367
0.122822402490713
0.122859611843175
0.122892286874093
0.12292042751491
0.122944033706315
0.122963105398363
0.122977642550576
0.122987645132023
0.122993113121383
0.122994046506987
0.122990445286843
0.122982309468638
0.122969639069723
0.12295243411708
0.122930694647264
0.122904420706335
0.122873612349761
0.122838269642309
0.12279839265791
0.12275398147951
0.1227050361989
0.122651556916523
0.122593543741267
0.122530996790234
0.12246391618849
0.122392302068794
0.122316154571315
0.122235473843314
0.12215026003882
0.122060513318278
0.121966233848178
0.121867421800665
0.121764077353127
0.121656200687762
0.106958536952191
0.109284166308288
0.106748733756868
9.20963254821157E-02
0.117417375525809
0.117286361567291
0.11835869446596
0.117011149077502
0.102409183812653
0.102278973913845
0.102144913480012
0.102007002679779
8.98810955994754E-02
0.080179002976757
8.12561357821128E-02
4.65324412300628E-02
4.52690418535787E-02
5.70910245163666E-02
8.19345210860967E-02
6.99428495555605E-02
8.40243779266636E-02
0.108685725127083
0.106132133890152
0.103583040674906
9.39895044089458E-02
0.100844659973255
0.095965466643347
9.57730099745945E-02
0.093245698237425
9.88663597438202E-02
9.86553166785997E-02
9.84404251591167E-02
0.102843882091784
0.071481693969517
6.44149285182535E-02
0.071148554714911
9.27290273399696E-02
0.093644245716535
9.22717900322835E-02
9.09014015607052E-02
8.95332159453231E-02
9.15584214601943E-02
9.46952681204754E-02
9.21887507828932E-02
9.19331677041992E-02
9.16738692613014E-02
9.14108550369467E-02
0.093367152006086
9.30901085467546E-02
9.17043850555228E-02
9.25245972738629E-02
9.44322265368304E-02
9.74166975836188E-02
9.71029838431435E-02
9.89601809706046E-02
0.108385888766167
0.104779193043796
0.103343178382173
0.107273960117234
0.106894233319231
0.106509962453403
0.106121146147521
0.10572778295565
0.105329871355962
0.104927409748519
0.10452039645303
0.104108829706586
0.103692707661365
0.103272028382316
0.102846789844823
0.102416989932351
0.101982626434064
0.10154369704244
0.10110019935086
0.100652130851193
0.10019948893137
9.97422708729481E-02
9.92804738486761E-02
9.09089673264539E-02
6.49064664830495E-02
5.87205474149993E-02
5.84324613621005E-02
8.43053467055854E-02
8.19513566559939E-02
4.50821284217645E-02
6.96572407829505E-02
8.63751285576739E-02
8.30807611405444E-02
8.26298616515016E-02
8.40425058201739E-02
0.078930088184769
6.09395564066955E-02
6.15071786107791E-02
6.20610269390788E-02
5.71573970674697E-02
5.86177715216361E-02
4.39195282746977E-02
5.61188450442259E-02
0.055766784596885
5.45322278801472E-02
8.73870275336184E-02
8.68141634535753E-02
8.62366077842339E-02
0.085654354139731
8.50673959829058E-02
8.44757266262904E-02
8.38793392334947E-02
8.32782268210226E-02
8.26723822605613E-02
8.20617982817833E-02
8.14464674757109E-02
7.27437440688211E-02
7.21813815693288E-02
7.00232878508905E-02
7.02543956371795E-02
6.81195580402872E-02
6.75593001965581E-02
0.066994864485118
6.10816033795694E-02
6.05548785954778E-02
7.50303649766512E-02
7.43622959293548E-02
7.36893825791169E-02
7.30116163884234E-02
7.23289888245384E-02
7.16414913804159E-02
0.070949115597734
7.02518530922394E-02
6.95496955815946E-02
6.88426349159443E-02
6.81306631114335E-02
0.061346532872107
6.13565987878919E-02
6.13476400101908E-02
6.52335127940314E-02
6.44968741214517E-02
4.65413560136206E-02
5.48175963916935E-02
5.41637787411863E-02
3.19803818038408E-02
3.58361750522058E-02
3.53839819014811E-02
3.78889248965424E-02
3.44707867587579E-02
3.51626584741725E-02
3.29772728799063E-02
2.91543507305625E-02
3.26091720256068E-02
3.48598689430889E-02
3.05875415344424E-02
4.33379990002884E-02
4.21484729939402E-02
4.14834770423218E-02
3.93028646814958E-02
4.26194751156944E-02
4.19008483935504E-02
4.11780714229332E-02
3.43364595385687E-02
3.37159665225449E-02
3.35453455537328E-02
3.24646839217416E-02
3.13978842767207E-02
4.14574264190514E-02
3.85172367571674E-02
3.64802863548286E-02
3.16847418096754E-02
3.25535948604257E-02
3.33479501329942E-02
3.74367143404164E-02
3.65385325591576E-02
3.56365671131298E-02
3.47309673850487E-02
3.38218981610918E-02
3.29095410662963E-02
3.19940961333889E-02
1.77131966048729E-02
1.53789711380834E-02
1.37388275040998E-02
1.21716589159443E-02
1.31419552760991E-02
1.66638593216966E-02
1.53126365775902E-02
1.77054981340766E-02
1.79821787821192E-02
1.95486140523308E-02
1.87497915656085E-02
1.79523134816959E-02
1.65582640863174E-02
1.48415386283335E-02
1.41252365605561E-02
1.35845106657596E-02
1.28671139314452E-02
1.16933823391908E-02
8.8403338808382E-03
8.57284361502514E-03
8.53137101408502E-03
9.37802496411211E-03
8.70726847742329E-03
7.94658465090604E-03
7.68420350976542E-03
6.77267243966798E-03
3.97602783276425E-03
3.66217613971731E-03
2.39968418450315E-03
2.07777671888069E-03
1.78101569236241E-03
1.33692478844541E-03
1.22581455902782E-03
1.16766161782953E-03
1.00287104336553E-03
8.6680597204684E-04
6.61863875811304E-04
5.05108934696589E-04
4.25771547665067E-04
3.12447462365893E-04
2.19477711198769E-04
1.5676717565029E-04
9.30897719190048E-05
5.43887093854143E-05
2.70891829093183E-05
1.69720114031211E-05
6.44563009639951E-06
1.59395322649855E-06
2.89222539164241E-07
1.78492405020418E-08
3.93282646985777E-10
9.83536699915608E-13
1.14827682998054E-18
7.95948439653377E-39
0
0
0
0
0
0
0
0
0
0
0
0
0
0
0
0
0
0
0
0
0
0
0
0
0
0
0
0
0
0
0
0
0
0
0
0
0
0
0
0
0
0
0
0
0
0
0
0
0
0
0
0
0
0
0
0
0
0
0
0
0
0
0
0
0
0
0
0
0
0
0
0
0
0
0
0
0
0
0
0
0
0
0
0
0
0
0
0
0
0
0
0
0
0
0
0
0
0
0
0
0
0
0
0
0
0
0
0
0
0
0
0
0
0
0
0
0
0
0
0
0
0
0
0
0
0
0
0
0
0
0
0
0
0
0
0
0
0
0
0
0
0
0
0
0
0
0
0
0
0
0
0
0
0
0
0
0
0
0
0
0
0
0
0
0
0
0
0
0
0
0
0
0
0
0
0
0
0
0
0
0
0
0
0
0
0
0
0
0
0
0
0
0
0
0
0
0
0
0
0
0
0
0
0
0
0
0
0
0
0
0
0
0
0
0
0
0
0
0
0
0
0
0
0
0
0
0
0
0
0
0
0
0
0
0
0
0
0
0
0
0
0
0
0
0
0
0
0
0
0
0
0
0
0
0
0
0
0
0
0
0
0
0
0
0
0
0
0
0
0
0
0
0
0
0
0
0
0
0
0
0
0
0
0
0
0
0
0
0
0
0
0
0
0
0
0
0
0
0
0
0
0
0
0
0
0
0
0
0
0
0
0
0
0
0
0
0
0
0
0
0
0
0
0
0
0
0
0
0
0
0
0
0
0
0
0
0
0
0
0
0
0
0
0
0
0
0
0
0
0
0
0
0
0
0
0
0
0
0
0
0
0
0
0
0
0
0
0
0
0
0
0
0
0
0
0
0
0
0
0
0
0
0
0
0
0
0
0
0
0
0
0
0
0
0
0
0
0
0
0
0
0
0
0
0
0
0
0
0
0
0
0
0
0
0
0
0
0
0
0
0
0
0
0
0
0
0
0
0
0
0
0
0
0
0
0
0
0
0
0
0
0
0
0
0
0
0
0
0
0
0
0
0
0
0
0
0
0
0
0
0
0
0
0
0
0
0
0
0
0
0
0
0
0
0
""
