0
0
0
0
0
0
0
0
0
0
0
0
0
0
0
0
0
0
0
0
0
0
0
0
0
0
0
0
0
0
0
0
0
0
0
0
0
0
0
0
0
0
0
0
0
0
0
0
0
0
0
0
0
0
0
0
0
0
0
0
0
0
0
0
0
0
0
0
0
0
0
0
0
0
0
0
0
0
0
0
0
0
0
0
0
0
0
0
0
0
0
0
0
0
0
0
0
0
0
0
0
0
0
0
0
0
0
0
0
0
0
0
0
0
0
0
0
0
0
0
0
0
0
0
0
0
0
0
0
0
0
0
0
0
0
0
0
0
0
0
0
0
0
0
0
0
0
0
0
0
0
0
0
0
0
0
0
0
0
0
0
0
0
0
0
0
0
0
0
0
0
0
0
0
0
0
0
0
0
0
0
0
0
0
0
0
0
0
0
0
0
0
0
0
0
0
0
0
0
0
0
0
0
0
0
0
0
0
0
0
0
0
0
0
0
0
0
0
0
0
0
0
0
0
0
0
0
0
0
0
0
0
0
0
0
0
0
0
0
0
0
0
0
0
0
0
0
0
0
0
0
0
0
0
0
0
0
0
0
0
0
0
0
0
0
0
0
0
0
0
0
0
0
0
0
0
0
0
0
0
0
0
0
0
0
0
0
0
0
0
0
0
0
0
0
0
0
0
0
0
0
0
0
0
0
0
0
0
0
0
0
0
0
0
0
0
0
0
0
0
0
0
0
0
0
0
0
0
0
0
0
0
0
0
0
0
0
0
0
0
0
0
0
0
0
0
0
0
0
0
0
0
0
0
0
0
0
0
0
0
0
0
0
0
0
0
0
0
0
0
0
0
0
0
0
0
0
0
0
0
0
0
0
0
0
0
0
0
0
0
0
0
0
0
0
0
0
0
0
0
0
0
0
0
0
0
0
0
0
0
0
0
0
0
0
0
0
0
0
0
0
0
0
0
0
0
0
0
0
0
0
0
0
0
0
0
0
0
0
0
0
0
0
0
0
0
0
0
0
0
0
0
0
0
0
0
0
0
0
5.29382217266132E-34
5.8413636316249E-18
1.08298354553342E-12
4.03693454124231E-10
1.53462647107981E-08
1.84827251380181E-07
1.03527948552158E-06
3.95347006773276E-06
1.13604561106975E-05
5.26091572096757E-05
7.74580272899048E-05
1.18950401799387E-04
1.83912424213559E-04
2.66538349216882E-04
3.76150503841438E-04
5.21902366324508E-04
6.65977469985565E-04
8.46491817926162E-04
1.07655198477955E-03
1.2128654106162E-03
1.37235015767369E-03
1.56947775421695E-03
1.82190872633018E-03
3.5837767161425E-03
4.07033913250546E-03
4.27584871078762E-03
2.38695573105929E-03
0.002645840290971
2.80979759813464E-03
3.07640739321584E-03
3.35055600628435E-03
3.36264818207246E-03
4.06432637976574E-03
3.74451456726708E-03
4.01013540527513E-03
4.10183346955625E-03
4.55426108886661E-03
5.03338845776712E-03
5.3262815170172E-03
5.62239225702843E-03
5.21086185621337E-03
5.22743793720894E-03
6.26617413713695E-03
6.01354841862521E-03
6.57051747159997E-03
7.75001194733533E-03
1.02479490567301E-02
0.011307360814114
1.17474589407909E-02
1.18408649216984E-02
1.33540080932187E-02
1.34500254785299E-02
2.78160516228998E-02
2.83347816677901E-02
0.020180643385535
2.03825054137516E-02
2.14343082777857E-02
2.25122270443842E-02
2.13008271549983E-02
2.56976668799672E-02
2.54126917304038E-02
0.026079434904955
2.67460075054223E-02
2.84666128742908E-02
0.028078185608914
2.81908198171576E-02
3.39327513970225E-02
2.66026019682997E-02
0.030735862745596
3.50212629929634E-02
3.57591914846109E-02
3.64960153972391E-02
4.04412865968735E-02
2.68380750783618E-02
0.025354608722989
2.51541596566896E-02
4.57005780976169E-02
4.37098838712823E-02
4.52048067767397E-02
5.98639032239133E-02
6.23725417000779E-02
6.41736236444089E-02
6.44622303541138E-02
6.55032537721421E-02
6.65416534161301E-02
6.83818677965978E-02
7.02439478101812E-02
7.12986903756586E-02
3.61752698903415E-02
3.92601708296253E-02
0.043282195457706
4.65218447795549E-02
7.65281097796169E-02
7.75648370390054E-02
0.074028744911965
8.05547405046264E-02
9.19103396416659E-02
8.73785532648218E-02
8.55855152639918E-02
6.03548052942869E-02
9.06434898908456E-02
9.07276215547467E-02
9.17934094699033E-02
9.18351781152742E-02
8.97859805603288E-02
5.94860078419883E-02
5.38134045471573E-02
0.052267042872231
5.60634120849357E-02
0.055568024553803
5.39467354120287E-02
5.33902226200231E-02
5.50562243950171E-02
5.56078396181956E-02
5.73034210693825E-02
7.75350687649961E-02
0.064260232766194
6.60493288170839E-02
6.66676025391276E-02
0.067283409409222
6.91091789869945E-02
6.85075740894248E-02
6.91159081468607E-02
8.83971906382776E-02
0.121812984034965
0.107655199576144
0.106008766792262
0.099164500648833
8.18018061220917E-02
0.103409893613485
0.131948435405387
0.132993625811881
0.134034152372352
0.135069996935799
0.136101141549603
0.137127568451549
0.13814926006234
0.139166198978576
0.140178367966152
0.141185749954077
0.142188328028662
0.143186085428083
0.144179005537265
0.1451670718831
0.146150268129959
0.147128578075488
0.124405667943201
0.06857241845222
7.35166746993656E-02
8.45558757389887E-02
8.05315257788073E-02
9.63238083822457E-02
9.99950877501832E-02
4.95287192293761E-02
4.98274790228578E-02
4.69918363660311E-02
6.14495623814484E-02
7.29014600236799E-02
7.49155573677997E-02
7.53424429189724E-02
8.06031108331381E-02
6.97048246290123E-02
7.17187330811997E-02
7.21093293063343E-02
7.41453233457346E-02
7.45401348799672E-02
9.15842962175874E-02
0.117168691776314
0.134596447904694
0.135281625534789
0.125765403401002
0.117851443900948
0.114998704243298
0.141429683257049
0.126512854357013
0.120149709108769
0.131212057573337
0.131822593160374
0.068863135593546
7.09501808717193E-02
5.34520120813963E-02
5.36897682202995E-02
6.29135503129256E-02
0.066797832151767
6.52719324053622E-02
6.00869656317389E-02
6.03395235978226E-02
5.87542056294325E-02
5.89956019233798E-02
4.81286310332683E-02
0.048321902360115
0.048513737439251
4.68308972961599E-02
4.51320798877991E-02
4.53051641268575E-02
4.54769113353447E-02
4.56473187470036E-02
4.58163836155128E-02
4.98161118157491E-02
4.42275383862095E-02
4.43856834740924E-02
0.042605899812942
4.66414750916949E-02
4.87525293246665E-02
4.89187708406623E-02
0.049083591742651
4.53072302106795E-02
4.34798857162582E-02
4.36211636604539E-02
4.57503268192026E-02
5.78681013887597E-02
6.00510434094573E-02
6.02368070252653E-02
6.24348690170652E-02
6.26232470317168E-02
0.062809831566383
6.50267040805791E-02
6.31776080511857E-02
6.33587939977237E-02
5.73893188646291E-02
0.057549706513539
5.77084581273711E-02
5.57989435680239E-02
5.18045025722465E-02
5.19418490174171E-02
5.83270526409462E-02
5.63891004080761E-02
5.65326649259057E-02
5.24765137160884E-02
5.26064886455514E-02
5.27349827676252E-02
5.07475142094243E-02
4.66290177374772E-02
4.46137097819903E-02
4.04579230285784E-02
3.84157210227068E-02
4.27797870272092E-02
4.50179556668921E-02
4.72642525354988E-02
4.95184962131658E-02
4.74654629118297E-02
4.75640852671843E-02
4.54949570260569E-02
4.77573561528415E-02
5.43772744123055E-02
5.44833158781436E-02
5.45878455405265E-02
5.46908616657916E-02
0.061367446049975
6.58708157905207E-02
5.93900767956085E-02
5.72912672547866E-02
5.73905074752667E-02
5.74881633329807E-02
5.31546768031958E-02
5.76787154879936E-02
4.66616838802673E-02
4.89609247205928E-02
5.34947272856846E-02
5.58084016314472E-02
0.060362922782715
6.04511137601129E-02
6.95061852557607E-02
6.96036291674077E-02
6.96991644252328E-02
9.90607333897744E-02
7.66475190121147E-02
7.67460091688982E-02
0.133344163266564
0.122193562349592
0.144995524321845
0.156506109079859
0.143059892128145
0.20459856614257
0.202544493536721
0.205036395416489
0.218930054061082
0.219148652407738
0.214791253157177
0.214993600801334
0.210611582361718
0.210798163745504
0.213272259997999
0.215744424669894
0.220511462004664
0.22068219863445
0.230048894375456
0.230214249100139
0.230373351640964
0.159063077534386
7.61220205629718E-02
7.84764607851575E-02
0.0785220439477
0.083186997014374
9.24786114732739E-02
9.25247187871193E-02
0.09025410990264
8.10332319346213E-02
7.87507900764874E-02
7.87814496399151E-02
7.88099749110032E-02
7.88363654098438E-02
7.88606206924081E-02
9.04831433432914E-02
0.090506065778562
9.51689242637372E-02
9.98311802219189E-02
9.75262925001883E-02
9.05732472849681E-02
9.05839141894948E-02
0.092915004394055
9.29209153136518E-02
9.75705268809413E-02
0.130095269278072
0.1463546044449
0.120795232286807
0.123109387962861
0.12309722631841
0.130048623329988
0.134672615920818
0.13929141646105
0.139262562830725
0.109063452078076
0.106715051156815
0.111322705548323
0.118243032792124
0.113567096610124
0.111208227648345
8.33730312223788E-02
7.17629613939618E-02
6.47888697743377E-02
6.93833836404636E-02
6.47250240707787E-02
6.70008422143731E-02
0.066963235210706
6.46160940498613E-02
5.53510943407388E-02
5.53154630114063E-02
5.75815938354558E-02
5.75413501838465E-02
5.51995619437438E-02
5.74561750602625E-02
5.74112450186899E-02
5.73647543210196E-02
0.05960937189755
0.059557777869182
6.17932003234878E-02
5.94497290061321E-02
5.71089192152518E-02
5.93352051542916E-02
5.69956898951538E-02
5.46592744562547E-02
5.23261461886193E-02
0.052269060140087
5.22105474977384E-02
4.98831914482007E-02
4.52949968470452E-02
4.52403999330733E-02
4.06661094301434E-02
3.83583716698159E-02
4.05622719299051E-02
4.05086866752126E-02
4.49488795613955E-02
4.48868751485577E-02
4.48236396582669E-02
5.14730502680911E-02
5.13975016412806E-02
4.90892131179182E-02
0.046786328754661
4.67134853825868E-02
4.66393563466066E-02
5.09986041084134E-02
5.53419598135092E-02
5.96690584824065E-02
5.95671538817184E-02
0.059463604491465
5.49614926233751E-02
5.48625724585693E-02
5.91431049322242E-02
5.24737723247576E-02
5.23744416731051E-02
5.22736585216347E-02
5.21714245416474E-02
0.047728762975425
4.76323933229153E-02
5.18560346926094E-02
5.17480145764877E-02
4.94869459891506E-02
0.049380664375169
4.92730042171853E-02
4.70264034983787E-02
4.69207921267962E-02
4.68138673141969E-02
4.88286140435703E-02
4.65960844414639E-02
4.85981949694485E-02
4.63730692378404E-02
0.04415689481202
0.046144836390179
5.43976349433474E-02
5.42589283511123E-02
5.62001771882282E-02
6.22810611052075E-02
0.060045193900416
6.19486141994372E-02
0.061779752957482
6.57164126584836E-02
0.063484661011935
6.12626513384127E-02
7.12679188258431E-02
7.30910163287257E-02
6.88271433468111E-02
0.171554782497835
0.173048989082237
0.170513893918916
0.167986261716991
0.167459843303007
0.170903091938664
0.172335135611838
0.154005133203733
0.143658804623177
0.145141814416056
0.144652684814766
0.138315054498042
0.137837697618356
0.137356323867817
0.131087661833151
0.180561497940547
0.162683031847251
0.162087597529422
0.132989624846083
0.147633310483858
0.145188268272937
0.140875006988472
9.35524684400655E-02
9.13217836128882E-02
8.91031222583509E-02
0.134967146445859
0.130736553436366
0.135701187475143
0.126006758834786
7.63776413128928E-02
7.60532232502286E-02
7.39235049399879E-02
7.18071700567696E-02
7.32789704645928E-02
7.29533735821914E-02
7.08542086511763E-02
7.22955465603627E-02
6.49425145505881E-02
6.46407239263766E-02
6.60757920866524E-02
6.05700672784034E-02
5.85567337626877E-02
6.34138315905102E-02
5.96912707690429E-02
0.066182595424683
6.41615452461887E-02
6.55153702085315E-02
6.68499389757004E-02
6.81651000470414E-02
5.95377450079315E-02
5.75762991031403E-02
5.23582770309803E-02
5.04464088553108E-02
5.34058576306803E-02
5.31090031672757E-02
4.96098234678429E-02
4.93277867748378E-02
4.58800301360303E-02
4.87589781309789E-02
0.046908595464196
4.35209295644514E-02
4.32590929314976E-02
4.45314161647694E-02
4.42573197666241E-02
4.24651628182557E-02
4.06906653030972E-02
3.89339805428873E-02
0.038683071718124
0.044343324511964
4.11141373392478E-02
3.50055432681034E-02
3.76666613232254E-02
4.31646759401573E-02
4.28663649304135E-02
4.11477174139577E-02
3.94477055564397E-02
4.33615121978371E-02
4.44359190373411E-02
4.54884815211483E-02
0.046519062582265
4.75275259049931E-02
4.85137359359102E-02
4.81403266009464E-02
0.132681204710244
0.131634621601279
0.130583398541719
0.12952755417184
0.128467107360477
0.127402077215473
6.31662415474057E-02
0.061376588863052
5.71226535732873E-02
5.41624663647019E-02
5.49039885552139E-02
6.04583747280611E-02
5.75136929289758E-02
5.57980321692806E-02
5.41023676197518E-02
5.24268412465798E-02
5.53871937889623E-02
5.48503449333343E-02
5.43114287311376E-02
0.108661131278516
9.86925462277696E-02
9.43892867540219E-02
9.44952763025689E-02
9.35000781373276E-02
9.35644984232282E-02
9.25505733791265E-02
4.68066689063795E-02
4.93701425841914E-02
5.08450338522759E-02
5.02608312097808E-02
4.86811469194669E-02
4.71230165995939E-02
5.33459912809214E-02
4.98204691672469E-02
4.16330800180011E-02
4.11087045385227E-02
4.05826720030573E-02
0.031861931703542
3.23392141522025E-02
3.27910900329785E-02
3.40916107803646E-02
3.44802613619768E-02
2.97441956044419E-02
2.84793263101161E-02
2.80631344853586E-02
2.76458044788523E-02
2.64265510530964E-02
2.60193432214096E-02
2.63871832653751E-02
0.025965503112592
2.55427909808895E-02
2.58578675151988E-02
0.025420674733465
2.56962846696756E-02
2.66470869084111E-02
2.68579819809752E-02
2.50145100876162E-02
0.023884020569196
1.17143777979917E-02
0.011486343360869
1.12579278136049E-02
1.04164224897237E-02
1.02000405927716E-02
1.17451354300892E-02
1.49368790612645E-02
1.46047114890419E-02
1.53700790821918E-02
1.71562328096967E-02
1.72696980134267E-02
1.73573097419627E-02
1.64237430819453E-02
1.69703335479635E-02
1.60494958962602E-02
1.56136072914199E-02
1.51778951053765E-02
1.43088581890116E-02
1.22033787286044E-02
1.26487834449041E-02
1.26484073236792E-02
1.45358524772417E-02
1.40527257787731E-02
1.32136487719407E-02
1.17122680034902E-02
0.011283656435396
1.11759394644301E-02
1.19654105757814E-02
1.14799323749683E-02
1.09970264452046E-02
1.05169850394257E-02
1.15847573036738E-02
1.00573836342729E-02
1.00303787787816E-02
8.85347606857508E-03
7.96213097729742E-03
7.51848749033646E-03
6.52137670313454E-03
6.12337973682745E-03
5.56768836039779E-03
5.49886593486167E-03
4.96799801423955E-03
0.00459771254369
4.23594118505288E-03
3.8834076247224E-03
3.64205015883304E-03
4.40116300926968E-03
2.80661985412009E-03
2.36045273689479E-03
2.09175483995039E-03
1.83632017791667E-03
1.59505558104315E-03
1.11220785546475E-03
9.41412226746849E-04
7.84288415349569E-04
6.66140054140855E-04
5.33237868024793E-04
4.77815313238942E-04
3.61818066700129E-04
2.64205035023942E-04
1.78617002055811E-04
1.02383393800589E-04
6.32151373944296E-05
3.71156736960826E-05
2.00834264566205E-05
8.66272228006807E-06
2.80301202131313E-06
6.85794781838545E-07
1.24497584503327E-07
9.20572279673537E-09
1.31686601320364E-10
9.78893310081281E-14
1.47899755924345E-20
4.12645954716183E-48
0
0
0
0
0
0
0
0
0
0
0
0
0
0
0
0
0
0
0
0
0
0
0
0
0
0
0
0
0
0
0
0
0
0
0
0
0
0
0
0
0
0
0
0
0
0
0
0
0
0
0
0
0
0
0
0
0
0
0
0
0
0
0
0
0
0
0
0
0
0
0
0
0
0
0
0
0
0
0
0
0
0
0
0
0
0
0
0
0
0
0
0
0
0
0
0
0
0
0
0
0
0
0
0
0
0
0
0
0
0
0
0
0
0
0
0
0
0
0
0
0
0
0
0
0
0
0
0
0
0
0
0
0
0
0
0
0
0
0
0
0
0
0
0
0
0
0
0
0
0
0
0
0
0
0
0
0
0
0
0
0
0
0
0
0
0
0
0
0
0
0
0
0
0
0
0
0
0
0
0
0
0
0
0
0
0
0
0
0
0
0
0
0
0
0
0
0
0
0
0
0
0
0
0
0
0
0
0
0
0
0
0
0
0
0
0
0
0
0
0
0
0
0
0
0
0
0
0
0
0
0
0
0
0
0
0
0
0
0
0
0
0
0
0
0
0
0
0
0
0
0
0
0
0
0
0
0
0
0
0
0
0
0
0
0
0
0
0
0
0
0
0
0
0
0
0
0
0
0
0
0
0
0
0
0
0
0
0
0
0
0
0
0
0
0
0
0
0
0
0
0
0
0
0
0
0
0
0
0
0
0
0
0
0
0
0
0
0
0
0
0
0
0
0
0
0
0
0
0
0
0
0
0
0
0
0
0
0
0
0
0
0
0
0
0
0
0
0
0
0
0
0
0
0
""
