0
0
0
0
0
0
0
0
0
0
0
0
0
0
0
0
0
0
0
0
0
0
0
0
0
0
0
0
0
0
0
0
0
0
0
0
0
0
0
0
0
0
0
0
0
0
0
0
0
0
0
0
0
0
0
0
0
0
0
0
0
0
0
0
0
0
0
0
0
0
0
0
0
0
0
0
0
0
0
0
0
0
0
0
0
0
0
0
0
0
0
0
0
0
0
0
0
0
0
0
0
0
0
0
0
0
0
0
0
0
0
0
0
0
0
0
0
0
0
0
0
0
0
0
0
0
0
0
0
0
0
0
0
0
0
0
0
0
0
0
0
0
0
0
0
0
0
0
0
0
0
0
0
0
0
0
0
0
0
0
0
0
0
0
0
0
0
0
0
0
0
0
0
0
0
0
0
0
0
0
0
0
0
0
0
0
0
0
0
0
0
0
0
0
0
0
0
0
0
0
0
0
0
0
0
0
0
0
0
0
0
0
0
0
0
0
0
0
0
0
0
0
0
0
0
0
0
0
0
0
0
0
0
0
0
0
0
0
0
0
0
0
0
0
0
0
0
0
0
0
0
0
0
0
0
0
0
0
0
0
0
0
0
0
0
0
0
0
0
0
0
0
0
0
0
0
0
0
0
0
0
0
0
0
0
0
0
0
0
0
0
0
0
0
0
0
0
0
0
0
0
0
0
0
0
0
0
0
0
0
0
0
0
0
0
0
0
0
0
0
0
0
0
0
0
0
0
0
0
0
0
0
0
0
0
0
0
0
0
0
0
0
0
0
0
0
0
0
0
0
0
0
0
0
0
0
0
0
0
0
0
0
0
0
0
0
0
0
0
0
0
0
0
0
0
0
0
0
0
0
0
0
0
0
0
0
0
0
0
0
0
0
0
0
0
0
0
0
0
0
0
0
0
1.10315054753424E-37
5.25043253759678E-19
3.45994794658538E-13
2.59971098145302E-10
1.24734737602275E-08
1.59655694652376E-07
9.7353399936882E-07
3.50784878306798E-06
1.05147836844385E-05
2.64920650121111E-05
5.26350270162211E-05
9.31879315539885E-05
1.51011909789221E-04
2.28308236584769E-04
3.26555931687371E-04
4.63247092249702E-04
6.33580454354779E-04
8.13944722820435E-04
9.73381559216589E-04
1.26668896169413E-03
1.58050246102657E-03
1.89721107631374E-03
2.24297121078556E-03
1.40886160766526E-03
1.60861682973003E-03
1.85550530552497E-03
2.16462088006152E-03
1.80229028663419E-03
3.43494780378512E-03
2.89374666512511E-03
3.1430040537368E-03
3.47001746284965E-03
3.64202073114925E-03
3.70376703172093E-03
3.93078076833598E-03
4.48019971716318E-03
4.01321858258366E-03
4.44735856984351E-03
4.63617623985463E-03
4.52285683473461E-03
4.67038935708693E-03
5.30215395492009E-03
5.62969440644549E-03
6.15048003825498E-03
6.50215189886052E-03
6.65248930347223E-03
7.22491374165016E-03
7.36534668367654E-03
6.76407685219912E-03
6.83508440169348E-03
7.41697207289224E-03
7.75011001656418E-03
1.44419285351641E-02
0.020169198343124
2.19356725171331E-02
2.15051087978256E-02
2.53824224504477E-02
0.026336526650632
2.72995739999911E-02
3.20407109379664E-02
3.27612488087801E-02
2.29816007616653E-02
2.29052290479968E-02
2.27809394353304E-02
2.83707592383059E-02
2.83245248451887E-02
2.58768194144648E-02
3.87368787954494E-02
3.98411113469008E-02
4.04395549203814E-02
3.83867195847402E-02
3.99502305858823E-02
5.04101498496614E-02
5.16981709114491E-02
5.47387822712768E-02
5.66772037017956E-02
5.43730563920574E-02
5.62786382393126E-02
5.75779218037177E-02
3.46747376178587E-02
5.61769213544205E-02
5.74014093183416E-02
6.14213522932785E-02
6.27114582532227E-02
6.40049507436559E-02
6.53016579411169E-02
6.66014128919835E-02
6.79040533169464E-02
6.84229507264473E-02
6.97160300538976E-02
7.10115066848556E-02
7.39715182150328E-02
7.61473249517499E-02
7.49109020245073E-02
7.70905973290469E-02
8.01930503885452E-02
8.33572011684435E-02
8.84252182883523E-02
9.26789471046038E-02
9.51220058092984E-02
9.66301940074755E-02
9.81395342075308E-02
9.96499009004661E-02
0.101161171433752
0.102673225908943
0.104185947083673
0.105699220277837
0.107212933283739
0.108726976280045
0.110241241749342
0.111755624399145
0.113270021086189
0.114784330743853
0.116298454312569
0.117812294673089
0.119325756582462
0.120838746612618
0.122351173091417
0.12386294604608
0.125373977148865
0.126884179664911
0.128393468402143
0.129901759663147
0.131408971198926
0.132915022164467
0.134419833076017
0.135923325770021
0.137425423363625
0.138926050216694
0.140425131895269
0.141922595136415
0.143418367814378
0.144912378908026
0.14640455846949
0.147894837593977
0.149383148390694
0.150869423954847
0.152353598340651
0.15383560653534
0.155315384434106
0.156792868815946
0.158267997320382
0.159740708425006
0.161210941423827
0.162678636406389
0.164143734237619
0.165606176538388
0.167065905666753
0.168522864699847
0.1699769974164
0.171428248279868
0.172876562422134
0.174321885627772
0.175764164318851
0.177203345540245
0.178639376945454
0.180072206782888
8.53058384248339E-02
8.41469065160581E-02
0.084801449889773
8.73121328922774E-02
8.42339525216384E-02
0.118817449699418
6.08026059598374E-02
6.89088834279538E-02
6.55572169337636E-02
6.02061644460465E-02
7.04188038268256E-02
7.09194105091473E-02
0.073402491059787
6.79211162994402E-02
6.83899639382222E-02
0.174168883995326
0.18350366570222
0.178576131352985
0.183894285961949
0.176784305701961
0.177935691857251
0.198045279639633
0.203551271083449
0.213374386492134
0.214711864802572
0.216044969096931
0.217373659850021
0.218697897885609
0.220017644371072
0.221332860812227
0.222643509048313
0.223949551247125
0.2252509499003
0.226547667818739
0.227839668128178
0.201631684553095
0.193543870776034
0.192300209413088
0.200345399252283
0.1990934909808
0.202521893509617
0.203603747831122
0.226101436753165
0.229679466983971
0.24049230725685
0.241730066148912
0.24296268805359
0.202677816068226
0.203692282577196
0.204702403551374
0.205708152146099
0.206709501729865
0.225223835293924
0.226300010304001
0.22737133003349
0.203055792450524
0.203999370638837
0.251049734782488
0.252194833252187
0.258504586658828
0.259661929100293
0.260813664260199
0.261959762722749
0.263100195302546
0.264234933042791
0.265363947213525
0.26648720930993
0.267604691050673
0.268716364376303
0.269822201447691
0.270922174644518
0.272016256563805
0.273104420018488
0.274186638036031
0.275262883857084
0.276333130934175
0.277397352930443
0.278455523718411
0.279507617378787
0.277748072117313
0.273145666553397
0.260017005140117
0.260962332814581
0.230587589177278
0.239980552667139
0.240827982701957
0.244547165432071
0.245393992336708
0.246235442898401
0.238351326491782
0.239152647481006
0.251653539871811
0.143856552769759
0.223852502383394
0.177296559986206
0.251973388074396
0.258718672327649
0.274444976518517
0.242380492989576
0.240123216680164
0.240853014771767
0.241577518385783
0.242296710559336
0.246048206660517
0.249812070820048
0.21998002594989
0.214480026977428
0.27346631346023
0.243418149869054
0.222462847751894
0.198285639872907
0.264060681598979
0.277227076694045
0.281084138215171
0.2818200974227
0.282549848366543
0.283273374285914
0.192482557484099
0.164494306786699
0.158559131518616
0.168483995608945
0.248557446180965
0.249151834699902
0.252942534694647
0.256742687233549
0.25733537458546
0.199889850333023
0.213265563009345
0.204024977923826
0.18500008878355
0.191907405329407
0.20209820305923
0.199259982099041
0.183310045663276
0.193529324907064
0.190637303562709
0.191021234391573
0.240901196589431
0.241373800213374
0.241841078035848
0.232345361241359
0.229457717813239
0.223220919480682
0.216954616991949
0.147127090255096
0.311527483049594
0.318786211795444
0.305892562596625
0.306414739917808
0.320421590167172
0.334466382187689
0.338396320303094
0.338940341561424
0.339476882184916
0.340005930264609
0.340527474065174
0.341041502024825
0.341548002755237
0.34204696504146
0.229500713154034
0.229824894292929
0.20609910701071
0.189181966330131
0.182547009289002
0.196582640375357
0.196836799787894
0.2109172543278
0.204256012223763
0.211437974300235
0.246394834896113
0.24668429422861
0.257403589590153
0.261176274041608
0.25100617648745
0.195438125521491
0.174682956615677
0.171366456872075
0.122528452936065
0.203247891285174
0.189413515481272
0.186081091265414
0.189766410733825
0.189936578109576
0.154898377050809
0.147983370680683
0.144579601983134
0.215279498134788
0.233107680971902
0.243888716114937
0.229919662943845
0.208845487893894
0.208990057472969
0.202040861970101
0.340499564720744
0.340712268866978
0.33736623079127
0.344668398926498
0.355526303256104
0.355716514702708
0.355898876508679
0.356073384698793
0.356240035469709
0.356398825189955
0.356549750399925
0.356692807811868
0.356827994309881
0.356955306949908
0.357074742959729
0.357186299738956
0.357289974859028
0.357385766063208
0.357473671266578
0.357553688556034
0.357625816190283
0.357690052599842
0.357746396387033
0.357794846325983
0.343521985308112
0.343553338190077
0.343577110436782
0.336435107749197
0.33644353797246
0.318548558048535
0.250539030876632
0.229054833209437
0.232619110995025
0.304168281625164
0.304135629584832
0.307673869796932
0.314781377013589
0.314726732140767
0.296786441355309
0.30029676395418
0.296650616227233
0.300146051429535
0.296488607940487
0.29639778943128
0.296300430600028
0.28192200182824
0.328191822343611
0.256744309084569
0.256637178725976
0.270775740002886
0.267089511626754
0.26340075841097
0.259709718850578
0.174233540823489
0.181245189595546
0.145623370438851
0.145536610205367
0.14544663831803
0.13826304421608
0.138171356894862
0.138076620389141
0.134440917876004
0.134342674622804
0.155437487655942
0.109427794150164
0.134030165229045
0.133920076476314
0.140849507583769
0.207572922587669
0.249568899510618
0.256364841246249
0.294719195557524
0.297941925982002
0.304653037004088
0.297350542609581
0.297045003631122
0.29324193328338
0.289439811319665
0.289122276556913
0.292277858893477
0.337125335387744
0.319374578882378
0.287788397188736
0.287439028928969
0.287083316468016
0.290175740743665
0.289802925245034
0.289423713328564
0.289038113357694
0.278337343346752
0.308836910820674
0.308403290283843
0.249792099828887
0.310932478540203
0.307061626120891
0.238467317562844
0.231300700868106
0.234338541801217
0.244142326723344
0.321617342290124
0.324475300727355
0.323940652205529
0.323398854320895
0.248863479328162
0.24843484953039
0.244649375717969
0.314469570828971
0.313904238643722
0.313331979320749
0.3127528056475
0.312166730575781
0.308259152676971
0.304357462295097
0.297160112830215
0.293277421467311
0.295978690604021
0.298660157561644
0.304596853462945
0.303962870260872
0.303322181746279
0.302674802367329
0.315010886381115
0.294879168778663
0.294226157046277
0.274210613213308
0.273588549195771
0.276171751703224
0.272326336681178
0.271686216857196
0.2742288145024
0.273569058460361
0.272903272208123
0.272231470943456
0.31576008141713
0.314964982489765
0.31416294345727
0.313353982712484
0.312538118829335
0.311715370563206
0.310885756851298
0.310049296813019
0.309206009750373
0.308355915148369
0.307499032675444
0.306635382183897
0.305764983710332
0.304887857476129
0.304004023887916
0.303113503538061
0.302216317205184
0.301312485854678
0.300402030639253
0.29948497289949
0.29856133416442
0.297631136152115
0.296694400770299
0.295751150116984
0.294801406481114
0.29384519234324
0.29288253037621
0.29191344344588
0.290937954611852
0.289956087128228
0.288967864444391
0.287973310205813
0.286972448254876
0.285965302631734
0.284951897575186
0.26973564464741
0.26876108676
0.281874371192082
0.280836174795208
0.279791843171374
0.278741401771302
0.277684876251317
0.276622292474461
0.275553676511647
0.27447905464284
0.273398453358281
0.272311899359741
0.27121941956182
0.270121041093278
0.269016791298407
0.267906697738453
0.266790788193065
0.265669090661803
0.256605384364708
0.26340844474875
0.262269553479763
0.261124988453839
0.259974778794212
0.258818953854026
0.257657543218175
0.256490576705206
0.25531808436928
0.254140096502182
0.252956643635403
0.251767756542278
0.25057346624019
0.249373803992838
0.24816880131258
0.246958489962836
0.245742901960575
0.244522069578868
0.243296025349521
0.242064802065792
0.240828432785183
0.239586950832322
0.238340389801931
0.237088783561884
0.235832166256355
0.234570572309072
0.233304036426659
0.232032593602084
0.230756279118217
0.229475128551495
0.228189177775692
0.22689846296582
0.225603020602139
0.224302887474294
0.222998100685583
0.221688697657354
0.220374716133541
0.219056194185344
0.217733170216049
0.216405682966003
0.215073771517752
0.213737475301327
0.212396834099706
0.211051888054452
0.209702677671523
0.208349243827268
0.206991627774622
0.205629871149488
0.204264015977337
0.202894104680006
0.201520180082733
0.200142285421401
0.198760464350037
0.197374760948541
0.195985219730671
0.194591885652302
0.193194804119936
0.184122260159532
0.17706231184172
0.173863012945488
0.166937235790041
0.167539325898801
0.166262598195143
0.163149653723047
0.125503305297474
5.77472518032593E-02
5.72890268797571E-02
6.03816338086933E-02
5.98926008292936E-02
6.11496425071141E-02
5.54460036340108E-02
0.120274877015866
0.119259555042394
0.114863856588514
0.150715114163229
0.149402028915324
0.148086487857741
4.40305628073486E-02
4.36344737325781E-02
3.84335067054452E-02
3.80802158746841E-02
3.61544100275364E-02
3.73718964880325E-02
0.037016897555337
3.66613592167094E-02
3.78180174991927E-02
3.89444530001327E-02
2.07618029053908E-02
2.20213260156811E-02
2.17975753624597E-02
0.018697074206714
2.13492518623963E-02
2.25330134121917E-02
2.50798830835839E-02
2.61881690368651E-02
2.59028448543633E-02
2.69655280872272E-02
2.26649404795596E-02
2.37271422186022E-02
2.21527938388746E-02
2.18964327236757E-02
2.16398982221831E-02
2.01253689368731E-02
1.98836385471718E-02
2.08693972779936E-02
1.69748463308348E-02
1.79604084231353E-02
1.77334069557054E-02
1.75063448941098E-02
2.07350837400966E-02
2.04625153371103E-02
2.01899263988271E-02
2.10238536301791E-02
2.07361351945416E-02
1.93722191650217E-02
2.01608290480161E-02
2.19652068578452E-02
2.26783350310502E-02
2.03142188644792E-02
2.00119198975207E-02
2.26662644143561E-02
0.022319049326813
2.38827079413695E-02
2.35058909928835E-02
2.40545947771733E-02
2.54837213044643E-02
2.23776388935913E-02
2.28824981772492E-02
2.24927541440033E-02
2.55040970411201E-02
2.50556855368207E-02
2.37877236804192E-02
2.33556897688341E-02
2.21339438472539E-02
2.17183725897636E-02
2.35861904124081E-02
2.31280409914648E-02
3.65660476616723E-02
0.028664483159709
2.80776461208282E-02
2.54304762771075E-02
0.024890683758254
0.026985228618401
2.83218199144522E-02
0.04089979940017
4.30379949341095E-02
3.42275061857973E-02
3.22405791317484E-02
3.03139010142014E-02
2.51005203859278E-02
2.44656856141631E-02
0.021715276400388
2.11424372913557E-02
2.00707939823855E-02
1.95178374932291E-02
1.84938265768941E-02
1.61188093894316E-02
1.51966255117388E-02
1.43045344504638E-02
1.38624622200411E-02
1.38303508425265E-02
1.45623102847094E-02
1.40778163595927E-02
1.54348324774448E-02
1.48942019741557E-02
1.47003955895285E-02
3.29238217488599E-02
3.16734477842365E-02
3.04363599437288E-02
2.92130933635265E-02
2.80042037613495E-02
2.49335494641075E-02
2.38376540728616E-02
2.25121052619198E-02
2.19248372255657E-02
2.13085464955495E-02
0.018345427767916
0.016396641887803
1.58968063698032E-02
1.48354766751382E-02
1.39810213149174E-02
1.31448818825454E-02
1.18821884918327E-02
1.11136599400025E-02
1.04944710097154E-02
9.63668774061259E-03
6.92056686911891E-03
8.7602323670294E-03
8.05690852816213E-03
7.37876796917243E-03
6.72668516871376E-03
6.02975550516121E-03
5.4394474114416E-03
5.57426018378587E-03
4.7067365203705E-03
4.25348234934947E-03
3.85115091711099E-03
3.34751473442315E-03
2.88047353856787E-03
2.39953875138528E-03
2.14404178182923E-03
1.77473746352036E-03
1.44476125901847E-03
1.15378935821152E-03
9.01147292670306E-04
6.17178965665631E-04
4.45341284216185E-04
3.16838815661275E-04
2.25021397972012E-04
1.52974554134276E-04
7.922092809746E-05
4.15913863696717E-05
3.00769394436309E-05
1.35942439872953E-05
5.4406745432568E-06
1.53756086951155E-06
2.88611072652915E-07
2.83855757090085E-08
9.19453017279751E-10
3.43528752658409E-12
7.53545336787075E-17
1.96858105609238E-29
3.9559285671644E-185
0
0
0
0
0
0
0
0
0
0
0
0
0
0
0
0
0
0
0
0
0
0
0
0
0
0
0
0
0
0
0
0
0
0
0
0
0
0
0
0
0
0
0
0
0
0
0
0
0
0
0
0
0
0
0
0
0
0
0
0
0
0
0
0
0
0
0
0
0
0
0
0
0
0
0
0
0
0
0
0
0
0
0
0
0
0
0
0
0
0
0
0
0
0
0
0
0
0
0
0
0
0
0
0
0
0
0
0
0
0
0
0
0
0
0
0
0
0
0
0
0
0
0
0
0
0
0
0
0
0
0
0
0
0
0
0
0
0
0
0
0
0
0
0
0
0
0
0
0
0
0
0
0
0
0
0
0
0
0
0
0
0
0
0
0
0
0
0
0
0
0
0
0
0
0
0
0
0
0
0
0
0
0
0
0
0
0
0
0
0
0
0
0
0
0
0
0
0
0
0
0
0
0
0
0
0
0
0
0
0
0
0
0
0
0
0
0
0
0
0
0
0
0
0
0
0
0
0
0
0
0
0
0
0
0
0
0
0
0
0
0
0
0
0
0
0
0
0
0
0
0
0
0
0
0
0
0
0
0
0
0
0
0
0
0
0
0
0
0
0
0
0
0
0
0
0
0
0
""
