0
0
0
0
0
0
0
0
0
0
0
0
0
0
0
0
0
0
0
0
0
0
0
0
0
0
0
0
0
0
0
0
0
0
0
0
0
0
0
0
0
0
0
0
0
0
0
0
0
0
0
0
0
0
0
0
0
0
0
0
0
0
0
0
0
0
0
0
0
0
0
0
0
0
0
0
0
0
0
0
0
0
0
0
0
0
0
0
0
0
0
0
0
0
0
0
0
0
0
0
0
0
0
0
0
0
0
0
0
0
0
0
0
0
0
0
0
0
0
0
0
0
0
0
0
0
0
0
0
0
0
0
0
0
0
0
0
0
0
0
0
0
0
0
0
0
0
0
0
0
0
0
0
0
0
0
0
0
0
0
0
0
0
0
0
0
0
0
0
0
0
0
0
0
0
0
0
0
0
0
0
0
0
0
0
0
0
0
0
0
0
0
0
0
0
0
0
0
0
0
0
0
0
0
0
0
0
0
0
0
0
0
0
0
0
0
0
0
0
0
0
0
0
0
0
0
0
0
0
0
0
0
0
0
0
0
0
0
0
0
0
0
0
0
0
0
0
0
0
0
0
0
0
0
0
0
0
0
0
0
0
0
0
0
0
0
0
0
0
0
0
0
0
0
0
0
0
0
0
0
0
0
0
0
0
0
0
0
0
0
0
0
0
0
0
0
0
0
0
0
1.31184075027189E-193
3.24891047448668E-39
7.05683238775957E-23
1.18026574411526E-16
2.22780707994427E-13
5.17847747952115E-11
1.22562673404378E-09
1.65616955031033E-08
9.18053737427538E-08
4.02389829356928E-07
1.33541825103052E-06
3.43264874338016E-06
7.02938258368246E-06
1.2457397322325E-05
2.1633637125398E-05
3.49428082327753E-05
6.24544783353793E-05
9.05609550513132E-05
1.22957334144433E-04
1.44445237640441E-04
1.58591518483881E-04
1.70653502393574E-04
2.08339526691149E-04
2.44154458615399E-04
3.70250561853178E-04
4.3126663066097E-04
5.04566657262703E-04
7.67834031592936E-04
8.78925125947809E-04
9.83532129446315E-04
1.49487029811529E-03
1.66870038505722E-03
1.85006059737741E-03
2.03842239689015E-03
2.23326190686202E-03
2.43406474719188E-03
2.64032981192131E-03
2.85157214685772E-03
3.06732506953175E-03
3.28714165749098E-03
3.51059571504814E-03
3.73728231365718E-03
3.96681798740424E-03
4.19884065281949E-03
4.43300931135804E-03
4.66900358341424E-03
4.90652311452843E-03
5.14528688740265E-03
5.06193051929717E-03
5.28798429139627E-03
5.4558518866949E-03
5.37486180384409E-03
5.65077840847697E-03
5.86554566347028E-03
5.94346060196934E-03
6.15283437804362E-03
5.04551190553449E-03
5.0596859742185E-03
5.21957089876206E-03
5.69997059565375E-03
4.87625450872511E-03
5.69529678140197E-03
5.85235431220374E-03
6.18792250415643E-03
5.97987795019826E-03
8.10998882910102E-03
9.17620999570672E-03
9.19454480387964E-03
9.60686566650403E-03
9.81993709882261E-03
9.71467376808998E-03
9.91798121898535E-03
1.02297273429651E-02
1.04320712596597E-02
1.05184664275805E-02
0.010715417822476
1.18594988795322E-02
1.20700203447746E-02
1.22787480898241E-02
1.24856748607575E-02
1.26907955622093E-02
0.012636224948887
8.90501356188933E-03
9.04080349171448E-03
1.13342731251618E-02
1.14989789959962E-02
1.18010083467999E-02
1.19646202203035E-02
1.21267132023313E-02
1.44556401516054E-02
1.46427889627378E-02
1.48281776493791E-02
1.50118167754353E-02
1.50417804204147E-02
1.53738919933483E-02
1.55523524118904E-02
1.57291118050177E-02
1.59041835803067E-02
1.60775815507561E-02
1.62493198891553E-02
1.64194130857263E-02
0.016587875908819
1.67547233684534E-02
1.72686735965822E-02
1.79426166997472E-02
1.86244888922741E-02
0.019314155377074
2.00114830298846E-02
2.07163403957716E-02
2.14285976834223E-02
2.03762766168541E-02
2.08160690273096E-02
2.12476463497994E-02
2.16706882956463E-02
9.78761768106014E-03
1.00816867226906E-02
1.03783052389665E-02
1.12249880355592E-02
1.23865742026153E-02
0.012150928220247
1.18865346798613E-02
1.22031439401068E-02
1.25220966288323E-02
1.44487682803194E-02
1.48127177346174E-02
1.78776770821787E-02
1.90031695051219E-02
1.80419137476366E-02
2.89652942126322E-02
3.48195425347367E-02
3.52307709372583E-02
3.17569348265394E-02
3.24541489555876E-02
3.31552553438213E-02
3.38601774442416E-02
3.49904109090172E-02
3.57114256341877E-02
3.59970872000608E-02
3.67165260989089E-02
3.78959905959426E-02
4.00274154522915E-02
4.07925735006513E-02
4.49440092492676E-02
4.57787134517753E-02
4.41106485232142E-02
4.43967543299833E-02
4.57066616625162E-02
4.65093781927219E-02
3.17226523684948E-02
3.93740889787908E-02
3.94820857826015E-02
0.039573899634117
4.36717830564568E-02
5.31391661176248E-02
5.39898597213598E-02
3.07363152160311E-02
3.24401988893017E-02
3.91553560341558E-02
3.84894897063441E-02
4.03492001868539E-02
4.15985707717797E-02
2.83592347451792E-02
2.67632433984131E-02
2.57894221036792E-02
3.16608886647881E-02
3.21040438546368E-02
2.68876520201859E-02
2.72553835858918E-02
2.83508476480462E-02
2.72565234827217E-02
2.76168103850413E-02
2.64654830125859E-02
2.83394591347493E-02
2.71503294581062E-02
2.74936613951383E-02
2.78375719399279E-02
2.25456327554126E-02
2.28216387665915E-02
0.023922990487941
3.17230516311152E-02
3.20992573590042E-02
3.24759631949759E-02
3.37177050411438E-02
0.039352254673955
3.89155405681785E-02
4.02482105118859E-02
4.06969086517984E-02
3.74886285858806E-02
3.78982395152427E-02
3.92425643478324E-02
4.06072514587752E-02
3.72204514472122E-02
3.76113608943441E-02
3.89769660507323E-02
4.03628972873529E-02
4.77361757179278E-02
5.22367001827395E-02
5.37740773071206E-02
6.45537757413871E-02
7.86391064051872E-02
8.04488839927208E-02
8.01693219070912E-02
5.96361372182507E-02
4.83752168367416E-02
4.23181372147587E-02
2.84740935930015E-02
3.31570617383143E-02
3.34594152093195E-02
3.26363784153939E-02
3.40641155205994E-02
3.43664366342404E-02
0.033513097354248
3.49709572035108E-02
3.52731315206714E-02
3.55752319257662E-02
3.70731542882667E-02
3.61791617582565E-02
3.64809667936456E-02
3.67826491304665E-02
3.70841967959061E-02
3.73855979042798E-02
6.40676291149929E-02
7.09107715602322E-02
7.14724347176771E-02
8.23242710165936E-02
5.70386594021883E-02
4.96410111373177E-02
5.13374178759085E-02
5.43798474715664E-02
6.01345400396122E-02
6.73149892658666E-02
6.10320328461294E-02
6.14801511751067E-02
6.88086989467199E-02
7.06917236873579E-02
5.72376389976123E-02
5.76442314104908E-02
5.94662267407331E-02
5.56045097060197E-02
5.59899159014771E-02
0.050592808934148
4.94824504078395E-02
4.98171608724122E-02
5.45765452855684E-02
5.49397942436938E-02
5.23132014283359E-02
4.81424708686554E-02
5.14837154172776E-02
5.48635211385473E-02
7.97540230055093E-02
8.18033874397475E-02
8.54245239532457E-02
0.085957847756147
8.49177114441253E-02
9.17683891039226E-02
9.55115895220404E-02
0.158547367486896
0.156276651562026
0.142620925730313
0.149984542467537
0.150863668223441
0.153390403706344
6.96728156128643E-02
0.150153689667743
0.151006696647034
0.161981743969366
0.164584457097342
0.165497843537886
0.169840302221278
0.17249325107896
0.17342847564881
0.174361506066328
0.175292314028232
0.176220871399512
0.177147150212234
0.178071122664354
0.17899276111857
0.179912038101196
0.180828926301055
9.63240012412548E-02
8.76746053986653E-02
5.50694962522464E-02
0.147577640542035
0.163131400000579
0.162062366206184
0.162844857637438
0.163625085723552
0.164403027936501
0.161381451263199
0.162136977586626
0.162890205331435
9.04839095425851E-02
7.92938452765671E-02
0.165135882777813
0.165879702524266
0.166621117480341
0.165391164346855
0.168096649679273
0.18670692003117
0.189510821445942
0.1963359606027
0.164982019200268
0.191946886175171
0.192753196740964
0.197631490734239
0.204586439751458
0.205425983323622
0.206262412615193
0.207095704783068
0.207925837122466
0.208752787066404
0.209576532185182
0.210397050185888
0.211214318911906
0.212028316342448
0.212839020592081
0.213646409910282
0.214450462680993
0.215251157422193
0.216048472785476
0.216842387555643
0.2154565518438
0.209683133874703
0.208243342237986
0.219983621041338
0.220760219252798
0.201595296043626
0.200072538050818
0.202992591794902
0.201448042856732
0.21111453397955
0.207317469483345
0.208008850255127
0.195086194978573
0.198002051847541
0.198646242904876
0.19699653821248
0.19532891893674
0.177506524669653
0.173440050918457
0.134545529500365
8.84232961231779E-02
8.40264781935511E-02
8.42821310261684E-02
8.68846234749893E-02
8.94997637436349E-02
0.160632438919378
0.163473924670396
0.166326542215191
0.154892400804159
0.174454436171769
0.167760154892073
0.240332037453472
0.241002682661292
0.241669282887297
0.242331821387822
0.213831447757914
0.190042824548492
0.236966053928527
0.240042207042817
0.23575969021804
0.160043542166324
6.66507101643233E-02
6.68206634899154E-02
6.45083890757396E-02
6.71571583964627E-02
6.73236916346915E-02
5.74906948441957E-02
5.76305966172375E-02
5.77695132568377E-02
6.29428710177275E-02
7.06627203825091E-02
7.08282135200071E-02
7.35279369862421E-02
7.62380876114424E-02
7.64114809086507E-02
7.40307734397351E-02
0.074195839635391
7.69237511318741E-02
7.96615859729412E-02
7.98339192620389E-02
8.51664764679858E-02
8.27607117644434E-02
8.81177102824111E-02
8.31064813147388E-02
8.06747921938343E-02
7.30156717557388E-02
7.57754672526192E-02
7.06899494552335E-02
7.08290952815635E-02
6.83385994025051E-02
6.84702118073128E-02
6.59621437421467E-02
7.40167607938655E-02
7.94513863171565E-02
8.22509680802833E-02
7.70845548430043E-02
7.45604332827815E-02
0.221411669628754
0.229817934578345
0.238248173251439
0.152847949408441
0.153107305007158
0.199104100489381
0.17248329670905
0.175464876554046
0.162229213910443
0.143531058782075
0.252253050690802
0.252645265677229
0.255753806954532
0.256141216300249
0.256524100250624
0.262368459263259
0.268224181408952
0.271350057553876
0.271734148484285
0.266616185585699
0.209182617006639
0.206710233384671
0.240104440120636
0.240420749005968
0.246266877018343
0.24104055540276
0.244118107658379
0.202758113596386
0.264185311520234
0.261718386747488
0.264815231179205
0.265123122970236
0.265426293017569
0.18740586515563
0.187613004639699
0.196226506602206
0.210467064144274
0.210687687650552
9.84221237885423E-02
0.095706667556122
9.58015628065664E-02
9.58947466311303E-02
0.127040581114121
0.118682082183649
6.50521229738715E-02
6.79414055474576E-02
6.51677394731106E-02
7.65670685121764E-02
7.37933031246917E-02
0.07953511337196
7.67562665883868E-02
7.11264672092922E-02
7.68755261901165E-02
8.26318374307628E-02
7.98407293544613E-02
7.70440790152251E-02
8.28084276255814E-02
0.080006931602292
7.72001966159472E-02
8.01105580420513E-02
0.085885944710937
6.87500854821703E-02
6.30576657178776E-02
6.30932873414086E-02
0.060258331380142
6.02901696256225E-02
6.31933496208437E-02
6.60982714814719E-02
5.75039829725528E-02
5.75301745085428E-02
6.04330983980232E-02
6.04584269979291E-02
6.33627955124332E-02
6.33870517978812E-02
6.34101680036085E-02
6.05488643372342E-02
6.34529780496197E-02
0.06347267089333
6.34912216641754E-02
6.63953858363713E-02
6.92998857676893E-02
6.64281999626157E-02
6.93316317644918E-02
8.37926398718155E-02
6.93583859426191E-02
0.072260302399613
0.086725182266031
8.67364402896249E-02
8.38545987988908E-02
8.09706531547166E-02
8.67608437465349E-02
7.80892686573252E-02
7.23077517268129E-02
7.80940689226247E-02
8.38791271827827E-02
8.09855868504363E-02
8.67674699607996E-02
9.83315200765311E-02
0.13881148751069
0.135907849752686
0.164807217968343
0.170569057068812
0.164763925496539
0.167627966954317
0.17915690557724
0.28601749836944
0.288845176670575
0.259900731307943
0.259836125916025
0.242449054708833
0.245265505488813
0.181729981396778
0.178787994034097
0.181610092953826
0.178663577022924
0.239088926346869
0.287945654407459
0.28782718335763
0.287703537015853
0.2875747182626
0.238575805982452
0.203984118710457
9.47618951906908E-02
0.088972412103483
8.31874128069019E-02
8.31410748793748E-02
8.59585280505817E-02
9.16346710415914E-02
9.15786003619977E-02
9.15208858573187E-02
8.86033560977112E-02
9.14005308014006E-02
9.99008205357121E-02
0.111239720862653
0.108309149063096
0.108228936046169
0.116684687085782
0.125125222668107
0.122184121451238
0.127762939727691
0.102125190254086
9.92038060277974E-02
9.62855298197766E-02
9.61999252888543E-02
7.91515529279611E-02
9.60235559529858E-02
0.09311124248242
8.73838212765455E-02
8.44818817046178E-02
6.75178129153656E-02
0.067448914911173
0.14317997756237
0.140223976545421
0.151278758780245
0.19868551296862
0.187282864559731
0.189862524960239
0.161754781409804
0.161565117253794
0.172501720682446
0.172292833079902
0.210937854444277
0.177409930550165
0.229786577729266
0.229490570080933
0.229190487739375
0.228886337806799
0.25060975423108
0.26126815767942
0.271891637875096
0.260539454611428
0.257429566348876
0.257057642632712
0.229374664094589
0.229034187833503
0.228689664221863
0.2310594479062
0.225274358947533
0.227631891795831
0.23268248231971
0.232309165196215
0.229234875400188
0.231550264610923
0.236540622528371
0.214674483299864
0.211629411540598
0.219286740075392
0.21890366028433
0.266483830843484
0.266007307791083
0.262870864312302
0.265040295746552
0.264549830019951
0.264054740202144
0.263555038227932
0.263050736152979
0.262541846153845
0.262028380528011
0.26151035169392
0.260987772191009
0.260460654679746
0.259929011941671
0.259392856879437
0.258852202516855
0.258307061998937
0.257757448591949
0.257203375683457
0.256644856782384
0.256081905519064
0.255514535645297
0.254942761034417
0.254366595681349
0.253786053702677
0.253201149336714
0.252611896943573
0.252018311005244
0.251420406125666
0.250818197030816
0.250211698568786
0.249600925709875
0.24898589354668
0.248366617294186
0.247743112289868
0.24711539399379
0.246483477988712
0.245847379980196
0.245207115796724
0.244562701389808
0.243914152834115
0.243261486327591
0.24260471819159
0.241943864871008
0.24127894293442
0.240609969074224
0.239936960106786
0.239259932972595
0.238578904736415
0.237893892587453
0.237204913839521
0.236511985931211
0.23581512642607
0.235114353012786
0.234409683505373
0.233701135843367
0.232988728092028
0.232272478442541
0.231552405212232
0.230828526844787
0.230100861910471
0.229369429106367
0.20348448005838
0.205105801781357
0.204437441118042
0.208293885778819
0.207603897516803
0.206910548485206
0.212938221601175
0.216683070782491
0.151381686929866
0.144203847289793
0.14149149690232
0.107949607557794
0.155863932883699
0.144371381794986
0.137314105545866
0.195452843632899
0.175265632818491
0.174620944809371
0.173973512382019
0.173323352783967
0.172670483370838
0.167767639591704
0.160779111912207
0.158051658727512
0.161635603742416
0.154729527234748
0.118712947464136
0.107868545384674
0.109501987001767
0.109059365852671
0.149601915199461
0.116332879809811
0.130078934414535
0.115368481019145
0.151162741163561
0.182634080248445
9.59233331090293E-02
9.55107853466848E-02
9.50968281014677E-02
8.28462888045052E-02
8.24816399888074E-02
8.21157883657663E-02
0.105105528283535
0.18795024372051
0.167808748180289
0.170881187568128
0.170093516058445
0.165498857048308
0.164724184538868
0.16771609555888
0.150039456898688
0.151187292811743
0.139312537607786
0.140483386628378
0.143473620187293
0.13361336630632
0.13294832837282
0.125033197675207
0.118992482952424
0.120180143680866
0.117778771392548
0.134922552008504
0.109494694302248
0.110676338338869
0.118827856105688
0.114717723642213
0.107185855741624
9.97274705274736E-02
9.74730027669217E-02
9.01341856145786E-02
8.62520379616028E-02
9.08154303177052E-02
0.100337861803304
9.81056797233992E-02
0.102504527266328
9.69824348765826E-02
9.64191096861139E-02
8.93560511130861E-02
7.75233703823254E-02
7.54569362149722E-02
7.66005752189577E-02
0.063448251707227
6.30619986350672E-02
6.58088192839563E-02
0.065401839670347
5.10668502416185E-02
5.22837693846664E-02
5.19526738070649E-02
4.85845221618958E-02
4.82719279074937E-02
4.19640041375014E-02
4.16896677606216E-02
4.43731468509628E-02
4.70169387088804E-02
5.10804126009394E-02
4.92860024975794E-02
4.60711526597613E-02
4.57550828040284E-02
4.40186702246145E-02
0.125494998801185
0.123212660848441
0.116778528387889
0.115944076757181
0.116479102737093
0.114272609262151
0.106683531532417
0.104555215522563
0.102446164198518
0.10959978766283
0.114011843975059
0.114441784644912
0.105817828738108
0.107557031010621
0.105444342452981
9.70492959806491E-02
0.111280379285504
0.107905819237617
8.36568066834174E-02
8.90740808294448E-02
0.121013436363025
0.120007198459087
0.119000615473822
0.117993728086177
0.116986577280021
0.115979204348396
0.114971650897852
0.113963958852892
0.112956170460498
0.111948328294766
0.110940475261647
0.109932654603781
0.108924909905444
0.107917285097603
0.106909824463086
0.105902572641849
0.104895574636392
0.103888875817258
0.102882521928634
0.101876559094214
0.100871033822972
9.98659930152254E-02
9.88614839687826E-02
9.78575543852152E-02
9.68542523762777E-02
9.58516264704713E-02
9.48497256197418E-02
9.38485992063297E-02
9.28482970497713E-02
9.18488694140494E-02
9.08503670149025E-02
8.98528410272884E-02
0.088856343093019
8.78609253285552E-02
8.68666403329687E-02
8.58735411960862E-02
8.48816815067994E-02
8.38911153615605E-02
8.29018973730618E-02
8.19140826791007E-02
8.09277269516322E-02
7.99428864060229E-02
0.078959617810499
7.79779784957942E-02
7.69980263650092E-02
7.60198199036748E-02
7.50434181900318E-02
7.40688809055271E-02
7.30962683455305E-02
0.072125641430277
7.11570617160367E-02
7.01905914065178E-02
6.92262933645055E-02
6.82642311237401E-02
6.73044689010419E-02
6.63470716086757E-02
6.53921048669762E-02
6.44396350172177E-02
6.34897291347489E-02
6.25424550423829E-02
6.15978813240546E-02
6.06560773387423E-02
5.97171132346599E-02
5.87810599637208E-02
5.78479892962757E-02
0.056917973836128
5.59910870358244E-02
3.19390938630922E-02
3.68199583424112E-02
3.40671655549322E-02
3.24361221633462E-02
3.23859155563602E-02
2.52498461790844E-02
3.17419759893995E-02
3.16535253913446E-02
3.20276454177647E-02
3.23686546905922E-02
4.00406442044486E-02
3.97235928566239E-02
4.07204255610054E-02
3.90478258604108E-02
3.78392024209843E-02
3.70683889859954E-02
3.63016013596383E-02
0.039931372044712
3.90791358474265E-02
3.82317016051899E-02
3.70152729662304E-02
1.82758107078226E-02
2.39318437893943E-02
2.23308217497524E-02
2.14640617536681E-02
1.52965467601259E-02
1.62211408982723E-02
1.61347688230326E-02
1.57268842140536E-02
1.59228259780467E-02
1.72604679396647E-02
0.01195867077497
1.13558377822638E-02
1.02324737890713E-02
1.04657328824523E-02
1.82934650733499E-02
1.72602184473084E-02
2.20009215969188E-02
2.24821577417053E-02
2.22234095850817E-02
2.06391187711712E-02
1.99596017926147E-02
1.88810207343347E-02
1.82295943295945E-02
1.75852420476722E-02
1.73125620417168E-02
1.61427889607159E-02
1.41769142443488E-02
1.39919596330313E-02
1.23669765583943E-02
1.22399138724404E-02
1.19501335967663E-02
0.012301612040159
1.24833760992231E-02
1.23442890271639E-02
1.32852173893925E-02
1.32835631604353E-02
1.29750593106599E-02
1.28177493173963E-02
1.29533325594797E-02
1.19172868666809E-02
1.17629748452328E-02
1.17487583937719E-02
1.17292444028924E-02
1.18420715242634E-02
1.33030270941577E-02
1.32436076423937E-02
1.29148699083148E-02
1.29776865299409E-02
0.012775123916441
0.012570751391624
1.23645712809942E-02
1.21565878363333E-02
1.19468073976136E-02
1.17352385666377E-02
9.67838961029157E-03
9.49769736270215E-03
9.20463830579414E-03
9.02321330156335E-03
8.6273525508345E-03
8.44755955176072E-03
5.30684533185432E-03
5.18972737364183E-03
5.26686001842422E-03
5.42931518674024E-03
5.76308835163636E-03
5.34779985977053E-03
5.03393588456695E-03
3.43902710738999E-03
3.59585163312279E-03
3.81930542093144E-03
6.23220382526054E-03
0.006043970293349
5.85506766708766E-03
5.66558831882009E-03
5.54494463718632E-03
5.21840786655738E-03
5.15923046102682E-03
6.20765828298474E-03
5.96630318561908E-03
5.72516298014086E-03
5.48444280804677E-03
5.24436358859801E-03
5.00516285552859E-03
4.76709558770618E-03
4.5304350204246E-03
4.29547342066192E-03
4.06252280564673E-03
3.83191557932891E-03
3.6040050557423E-03
3.37916583164668E-03
2.74728074792207E-03
2.44045472027569E-03
2.18171444539002E-03
2.51876111386915E-03
2.31563867689875E-03
2.11827047252995E-03
1.92716579270651E-03
1.74284510765614E-03
1.56583568832632E-03
1.39666607221243E-03
1.23585919558405E-03
1.08392401056975E-03
9.41345411698399E-04
6.95372194549156E-04
6.51703623417319E-04
4.76397840524692E-04
4.7273081444967E-04
3.82423756429077E-04
2.97015146747339E-04
2.25188217588401E-04
1.66028931270714E-04
1.21058469592813E-04
8.85966839629557E-05
5.82289169122925E-05
2.92877216356842E-05
1.69525104606826E-05
9.40745078458749E-06
4.89243963406677E-06
2.11562578977748E-06
7.59183848868043E-07
2.18343305520504E-07
4.47528529310393E-08
5.94152651979795E-09
3.72794048356732E-10
7.4699097455327E-12
1.84309239951604E-14
4.14476079626197E-19
1.95461025674464E-29
1.54592664291978E-71
0
0
0
0
0
0
0
0
0
0
0
0
0
0
0
0
0
0
0
0
0
0
0
0
0
0
0
0
0
0
0
0
0
0
0
0
0
0
0
0
0
0
0
0
0
0
0
0
0
0
0
0
0
0
0
0
0
0
0
0
0
0
0
0
0
0
0
0
0
0
0
0
0
0
0
0
0
0
0
0
0
0
0
0
0
0
0
0
0
0
0
0
0
0
0
0
0
0
0
0
0
0
0
0
0
0
0
0
0
0
0
0
0
0
0
0
0
0
0
0
0
0
0
0
0
0
0
0
0
0
0
0
0
0
0
0
0
0
0
0
0
0
0
0
0
0
0
0
0
0
0
0
0
0
0
0
""
