0
0
0
0
0
0
0
0
0
0
0
0
0
0
0
0
0
0
0
0
0
0
0
0
0
0
0
0
0
0
0
0
0
0
0
0
0
0
0
0
0
0
0
0
0
0
0
0
0
0
0
0
0
0
0
0
0
0
0
0
0
0
0
0
0
0
0
0
0
0
0
0
0
0
0
0
0
0
0
0
0
0
0
0
0
0
0
0
0
0
0
0
0
0
0
0
0
0
0
0
0
0
0
0
0
0
0
0
0
0
0
0
0
0
0
0
0
0
0
0
0
0
0
0
0
0
0
0
0
0
0
0
0
0
0
0
0
0
0
0
0
0
0
0
0
0
0
0
0
0
0
0
0
0
0
0
0
0
0
0
0
0
0
0
0
0
0
0
0
0
0
0
0
0
0
0
0
0
0
0
0
0
0
0
0
0
0
0
0
0
0
0
0
0
0
0
0
0
0
0
0
0
0
0
0
0
0
0
0
0
0
0
0
0
0
0
0
0
0
0
0
0
0
0
0
0
0
0
0
0
0
0
0
0
0
0
0
0
0
0
0
0
0
0
0
0
0
0
0
0
0
0
0
0
0
0
0
0
0
0
0
0
0
0
0
0
0
0
0
0
0
0
0
0
0
0
0
0
0
0
0
0
0
0
0
0
0
0
0
0
0
0
0
0
0
0
0
0
0
0
0
0
0
0
0
0
0
0
0
0
0
0
0
0
0
0
0
0
0
0
0
0
0
0
0
0
0
0
0
0
0
0
0
0
0
0
0
0
0
0
0
0
0
0
0
0
0
0
0
0
0
0
0
0
0
0
0
0
0
0
0
0
0
0
0
0
0
0
0
0
0
0
0
0
0
0
0
0
0
0
0
0
0
0
0
0
0
0
0
0
0
0
0
0
0
0
0
0
0
0
0
0
0
0
0
0
0
0
0
0
0
0
0
0
0
0
0
0
0
0
0
0
0
0
0
0
0
0
0
0
0
0
0
0
0
0
0
0
0
0
0
0
0
0
0
0
0
0
0
0
0
0
0
0
0
0
0
0
0
0
0
0
0
0
0
0
0
0
0
0
0
0
0
0
0
0
0
0
0
0
0
0
0
0
0
0
0
0
0
0
0
0
0
0
0
0
0
0
0
0
0
0
0
0
0
3.78208559093788E-43
1.98094335025251E-19
4.06520915663026E-13
3.47305833911011E-10
1.68800847342013E-08
1.90617856752356E-07
1.1369679218158E-06
4.27906257864752E-06
1.01005947663169E-05
3.58277844358357E-05
7.03572445478542E-05
1.28989306375258E-04
2.05519423365484E-04
2.01991611171593E-04
2.85355264146112E-04
3.73634674424899E-04
4.6353189407072E-04
4.43393683568158E-04
5.61231978323445E-04
6.79819907743954E-04
7.90423258252101E-04
1.01207189603064E-03
1.54306548254351E-03
5.97012797173972E-04
6.42799011816294E-04
6.48079936889462E-04
6.80125079280139E-04
7.50282087997038E-04
8.70687404053002E-04
1.00142450006575E-03
1.08542427689136E-03
1.04760459691686E-03
1.1251481411053E-03
1.13284125304183E-03
1.05654612588564E-03
1.20258768032782E-03
1.27365547979415E-03
1.25544656576129E-03
1.41689803690061E-03
1.4889063995365E-03
1.5610744679407E-03
1.52444785122178E-03
1.4782168286481E-03
1.65938674452204E-03
1.97346904567052E-03
1.92222958507752E-03
1.99418187303227E-03
2.20367828883087E-03
2.27999676844102E-03
2.35605185357732E-03
2.58380421428065E-03
2.66396737268227E-03
2.74377074164865E-03
2.82319297004244E-03
2.73149643033472E-03
2.80547731484273E-03
2.87905114362609E-03
2.76769237356425E-03
2.83587018937595E-03
2.71005891162051E-03
3.16904236393057E-03
3.44294309836916E-03
3.51828543142259E-03
3.38176781335229E-03
3.45173303776761E-03
3.52121882362828E-03
3.59022151467794E-03
4.34475143475952E-03
5.1243031244258E-03
5.45431064108268E-03
4.58535062274928E-03
0.004664380328881
3.99395620762908E-03
4.05951832300704E-03
4.12458533990388E-03
4.18915728736464E-03
3.98740727536424E-03
4.04701615189676E-03
4.10616220092099E-03
4.16484619180571E-03
4.22306903146372E-03
5.70777566466984E-03
5.49497160647247E-03
5.56697650630014E-03
5.34164517759599E-03
5.70925356904784E-03
6.08371506801306E-03
6.15708671195085E-03
6.22985758630614E-03
6.61713128550774E-03
6.37360548502062E-03
6.12235748952265E-03
6.18922723367479E-03
6.91401408359398E-03
6.98668625489843E-03
7.0587437011523E-03
8.82785276792756E-03
8.57264740779298E-03
9.00250147114116E-03
8.38956937375123E-03
7.40989218065244E-03
7.12220040343233E-03
6.82745114287999E-03
8.33843511312859E-03
8.41141041448146E-03
2.25003475463802E-02
2.00866360417215E-02
1.83781043318138E-02
1.85280806072118E-02
0.026299837270706
2.76596895756973E-02
2.78740850630444E-02
2.61360502286892E-02
2.90829725903673E-02
2.85054253448068E-02
2.87119453250471E-02
2.85148943590765E-02
3.72077815183901E-02
3.90930849955544E-02
4.01780396265921E-02
4.04459300256849E-02
3.19873740057324E-02
3.21937526772888E-02
3.19773325466357E-02
0.03090685613861
3.06707330383228E-02
0.030856095672009
3.14706725945723E-02
3.20884076847238E-02
4.36123031764474E-02
4.38592872091258E-02
4.41036715736276E-02
4.43454625097192E-02
4.45846661110257E-02
4.48212883272962E-02
4.50553349667089E-02
4.52868116982054E-02
0.040053837167387
2.42433010385363E-02
2.43619148607249E-02
2.35554353733789E-02
2.22748011368493E-02
2.05136819954887E-02
2.48228889054921E-02
2.54052423377498E-02
0.025990429264206
2.99006734615385E-02
3.00289064671344E-02
4.30793671306524E-02
4.27773945485881E-02
4.34344582836551E-02
4.36086271664874E-02
3.30786373745911E-02
3.07651599362551E-02
0.032352956106393
3.88705186975155E-02
3.80258831715475E-02
3.81634027033631E-02
4.97389818053674E-02
4.99126304238885E-02
5.00838095338496E-02
5.02525220765224E-02
5.04187709117718E-02
5.05825588199113E-02
5.07438885035236E-02
5.09027625892464E-02
5.10591836295232E-02
5.12131541043201E-02
4.93100893658952E-02
4.68775151617565E-02
4.75275550127327E-02
4.81782570792137E-02
4.93490134339765E-02
0.050002219430912
5.22225254524186E-02
5.23569725239704E-02
4.77649794025349E-02
3.15711448715189E-02
3.16474401626854E-02
3.11935752597507E-02
3.33854484243377E-02
3.08053436324431E-02
2.98088708921803E-02
2.18715206334086E-02
2.19176979849058E-02
2.67840055416373E-02
0.026837903510519
2.95796540135307E-02
2.85586040906698E-02
2.86118999629926E-02
3.83988342027495E-02
1.62535812957784E-02
1.68243000901441E-02
1.73961153694836E-02
2.06915242612692E-02
2.01788728183509E-02
2.02098458175216E-02
0.02023992981039
0.020269125131893
1.97488528581625E-02
2.03248510370917E-02
0.019801344870478
2.09277563938558E-02
0.023710179678683
3.64349470705297E-02
4.03446044014523E-02
3.87284112109903E-02
3.65531937882208E-02
3.10455922714957E-02
2.10866158413499E-02
2.27719073999688E-02
2.22355951435953E-02
2.33664251911842E-02
2.56115632978064E-02
3.06448371663579E-02
3.67990054176735E-02
0.035148872471393
4.57767155459101E-02
0.045802145111379
4.41490681265716E-02
4.41697916319927E-02
4.47479773082465E-02
4.47651404430723E-02
4.47803924876572E-02
5.43124019754557E-02
5.04058093554898E-02
4.92961517919801E-02
4.87442429912417E-02
4.87504400160216E-02
0.04987535385063
5.43608081547591E-02
5.60420290513149E-02
5.60395997933133E-02
5.60347824655917E-02
5.21056466308664E-02
0.056017983395424
5.60060014933539E-02
5.59916312021734E-02
0.055974872384873
5.59557248813647E-02
5.59341885083396E-02
5.59102630591051E-02
5.58839483034016E-02
5.58552439871978E-02
5.58241498324666E-02
5.57906655369391E-02
5.57547907738379E-02
5.57165251915899E-02
5.56758684135174E-02
0.049513209833382
4.94727678757402E-02
5.38733603513077E-02
5.32697480752162E-02
5.32192335373012E-02
5.48278714050706E-02
5.53242804086061E-02
5.52644773721082E-02
5.52022785583817E-02
5.51376833179626E-02
5.50706909714464E-02
5.50013008089122E-02
5.49295120893238E-02
4.88212383955175E-02
4.87530749113987E-02
3.06318581508239E-02
3.05862791892722E-02
2.18138247763016E-02
4.13807570147715E-02
4.13134194046846E-02
0.043957691202283
4.33402720235913E-02
4.65083851879444E-02
4.64239062469213E-02
4.63373545960399E-02
4.62487291936474E-02
4.61580289618657E-02
4.66008952599972E-02
4.65049390416024E-02
4.64068803680868E-02
4.63067179936332E-02
4.56733649918034E-02
3.12632705764755E-02
0.029605073018828
2.74255202943796E-02
2.68332127278628E-02
4.46118014994134E-02
4.34524692905169E-02
4.33408085449514E-02
0.025519629923426
2.54513242211211E-02
0.028489802782737
3.25428803128771E-02
3.45107943720447E-02
2.82477180897153E-02
1.53623641977867E-02
1.63372242062181E-02
1.62871423935003E-02
1.52215083547859E-02
0.015173084009475
3.47850209891712E-02
3.66801202545186E-02
3.55553391375275E-02
3.44356079251022E-02
3.58077198570257E-02
4.41054965533431E-02
4.44402498627962E-02
4.77209873294009E-02
4.80329856506004E-02
4.78505791211148E-02
3.84244176425637E-02
3.39131747312364E-02
3.42601875416207E-02
3.41209513577069E-02
3.54157093587102E-02
2.90713479716446E-02
0.044132514131497
4.58307237761132E-02
4.56283158817377E-02
4.54234588200628E-02
4.66145857730938E-02
4.63983293976514E-02
4.61795341704713E-02
4.59581952038078E-02
4.57343074849032E-02
4.55078658735932E-02
4.52788650999111E-02
0.019820811895145
1.92696606585422E-02
1.96136393673866E-02
2.12818369464888E-02
2.95438375731856E-02
1.53477820907061E-02
1.43892315932431E-02
0.014306837143026
0.014223580461103
0.013710990872826
1.36285784354844E-02
1.39686146704543E-02
1.47232129007335E-02
1.33762758111348E-02
1.28751512244805E-02
1.27912097231186E-02
1.18866699252794E-02
1.38422120249166E-02
1.37474147095613E-02
1.44547422365754E-02
1.59471388420294E-02
1.54365588137459E-02
1.45377705441829E-02
0.014039601565632
1.35463213813512E-02
2.15073089494757E-02
1.60042193427641E-02
1.73888701685008E-02
1.72480319390983E-02
1.97089849245694E-02
1.91750045644026E-02
1.86458272921052E-02
1.70342402238298E-02
1.68837414596628E-02
2.42078671436935E-02
2.32807772427072E-02
2.06176350666917E-02
1.73067557364442E-02
1.78250777925408E-02
1.79890405404123E-02
9.07234312453318E-03
9.97741178643202E-03
9.87356402878607E-03
1.04200902608904E-02
1.06295422331542E-02
0.010830946474296
1.10242103001781E-02
1.02751372454194E-02
1.84636929941133E-02
1.76353985535787E-02
2.37283475844373E-02
2.25437903314593E-02
2.13793982705036E-02
1.85009719057458E-02
2.48173052821547E-02
0.025044998474385
0.024699448618914
2.73608566305923E-02
2.69664432211893E-02
2.49748074876306E-02
1.96262664870667E-02
1.95811521403514E-02
1.95255816188419E-02
1.89605014319022E-02
1.88920003193305E-02
2.07423511545561E-02
2.06188924630025E-02
2.02515669802003E-02
2.01100974240153E-02
1.92846829445885E-02
1.84738499951487E-02
0.020695957034604
1.24613327455817E-02
1.19947183175259E-02
1.19399821290475E-02
1.10829973702966E-02
1.04446895812001E-02
1.02006860004708E-02
1.03239059952013E-02
9.52846815461291E-03
9.81025706285216E-03
8.69848318533389E-03
6.96819108997682E-03
6.77193814967074E-03
0.006887828402076
6.83214157617004E-03
6.32484724608323E-03
5.83575262200523E-03
5.36503460886175E-03
5.17842353518211E-03
4.8633496331478E-03
4.55750318161765E-03
4.49773194889266E-03
4.42816263242725E-03
4.24018907168104E-03
4.36402869255496E-03
4.26106492084553E-03
3.67748261254876E-03
3.49088750130737E-03
7.71191898267337E-03
7.20085820389675E-03
6.77752755066832E-03
6.3578133735203E-03
6.20651601787498E-03
5.83940997919051E-03
3.93118462810506E-03
3.04821507158402E-03
2.8451909286067E-03
2.4634336950991E-03
2.23255490774893E-03
1.82930202044067E-03
1.34438736481933E-03
1.18876972577101E-03
9.16459112747194E-04
7.92583962271126E-04
6.94525816048269E-04
5.52722433027845E-04
4.68666236550244E-04
3.9903973283576E-04
3.22470894925001E-04
2.5282573903585E-04
1.54749223721022E-04
9.32773489623721E-05
6.24690264040151E-05
4.18018769701667E-05
5.03239920147244E-05
2.93745492390302E-05
1.22352437581414E-05
4.23572482794795E-06
1.12753846159317E-06
1.93346728174595E-07
1.53739779322395E-08
3.04082858613824E-10
3.65157393256348E-13
1.09907518762539E-19
4.27986957916588E-45
0
0
0
0
0
0
0
0
0
0
0
0
0
0
0
0
0
0
0
0
0
0
0
0
0
0
0
0
0
0
0
0
0
0
0
0
0
0
0
0
0
0
0
0
0
0
0
0
0
0
0
0
0
0
0
0
0
0
0
0
0
0
0
0
0
0
0
0
0
0
0
0
0
0
0
0
0
0
0
0
0
0
0
0
0
0
0
0
0
0
0
0
0
0
0
0
0
0
0
0
0
0
0
0
0
0
0
0
0
0
0
0
0
0
0
0
0
0
0
0
0
0
0
0
0
0
0
0
0
0
0
0
0
0
0
0
0
0
0
0
0
0
0
0
0
0
0
0
0
0
0
0
0
0
0
0
0
0
0
0
0
0
0
0
0
0
0
0
0
0
0
0
0
0
0
0
0
0
0
0
0
0
0
0
0
0
0
0
0
0
0
0
0
0
0
0
0
0
0
0
0
0
0
0
0
0
0
0
0
0
0
0
0
0
0
0
0
0
0
0
0
0
0
0
0
0
0
0
0
0
0
0
0
0
0
0
0
0
0
0
0
0
0
0
0
0
0
0
0
0
0
0
0
0
0
0
0
0
0
0
0
0
0
0
0
0
0
0
0
0
0
0
0
0
0
0
0
0
0
0
0
0
0
0
0
0
0
0
0
0
0
0
0
0
0
0
0
0
0
0
0
0
0
0
0
0
0
0
0
0
0
0
0
0
0
0
0
0
0
0
0
0
0
0
0
0
0
0
0
0
0
0
0
0
0
0
0
0
0
0
0
0
0
0
0
0
0
0
0
0
0
0
0
0
0
0
0
0
0
0
0
0
0
0
0
0
0
0
0
0
0
0
0
0
0
0
0
0
0
0
0
0
0
0
0
0
0
0
0
0
0
0
0
0
0
0
0
0
0
0
0
0
0
0
0
0
0
0
0
0
0
0
0
0
0
0
0
0
0
0
0
0
0
0
0
0
0
0
0
0
0
0
0
0
0
0
0
0
0
0
0
0
0
0
0
0
0
0
0
0
0
0
0
0
0
0
0
0
0
0
0
0
0
0
0
0
0
0
0
0
0
0
0
""
