0
0
0
0
0
0
0
0
0
0
0
0
0
0
0
0
0
0
0
0
0
0
0
0
0
0
0
0
0
0
0
0
0
0
0
0
0
0
0
0
0
0
0
0
0
0
0
0
0
0
0
0
0
0
0
0
0
0
0
0
0
0
0
0
0
0
0
0
0
0
0
0
0
0
0
0
0
0
0
0
0
0
0
0
0
0
0
0
0
0
0
0
0
0
0
0
0
0
0
0
0
0
0
0
0
0
0
0
0
0
0
0
0
0
0
0
0
0
0
0
0
0
0
0
0
0
0
0
0
0
0
0
0
0
0
0
0
0
0
0
0
0
0
0
0
0
0
0
0
0
0
0
0
0
0
0
0
0
0
0
0
0
0
0
0
0
0
0
0
0
0
0
0
0
0
0
0
0
0
0
0
0
0
0
0
0
0
0
0
0
0
0
0
0
0
0
0
0
0
0
0
0
0
0
0
0
0
0
0
0
0
0
0
0
0
0
0
0
0
0
0
0
0
0
0
0
0
0
0
0
0
0
0
0
0
0
0
0
0
0
0
0
0
0
0
0
0
0
0
0
0
0
0
0
0
0
0
0
0
0
0
0
0
0
0
0
0
0
0
0
0
0
0
0
0
0
0
0
0
0
0
0
0
0
0
0
0
0
0
0
0
0
0
0
0
0
0
0
0
0
0
0
0
0
0
0
0
0
0
0
0
0
0
0
0
0
0
0
0
0
0
0
0
0
0
0
0
0
0
0
0
0
0
0
0
0
0
0
0
0
0
0
0
0
0
0
0
0
0
0
0
0
0
0
0
0
0
0
0
0
0
0
0
0
0
0
0
0
0
0
0
0
0
0
0
0
0
0
0
0
0
0
0
0
0
0
0
0
0
0
3.98819242384205E-43
5.21492629743986E-19
5.99888496987189E-13
3.89103332803247E-10
1.55137885992133E-08
1.77639193246344E-07
1.03196809016948E-06
3.5702461312541E-06
9.32979297100772E-06
2.00865822752941E-05
3.43925999222712E-05
5.44327043694137E-05
8.77168741062558E-05
1.3686349611662E-04
1.90930117595865E-04
2.40389750608311E-04
3.01698665076311E-04
3.80691515303135E-04
5.00713441516353E-04
5.86515223901823E-04
7.19864221861109E-04
8.43585281990864E-04
9.76156837285791E-04
1.11712559916747E-03
1.22647317457412E-03
1.4668932549389E-03
1.63546347908566E-03
1.75600127279756E-03
1.93232989756897E-03
2.18058337632656E-03
2.37410451500803E-03
2.80682504286388E-03
3.02913101256305E-03
3.16604753209041E-03
3.97315843795984E-03
4.65648808056038E-03
5.28788322672018E-03
5.14619902439772E-03
4.5826382835463E-03
4.44875738096273E-03
4.68945482644889E-03
5.07805925290947E-03
5.33145441795206E-03
0.003033154878359
3.00636191090732E-03
3.31481602800696E-03
3.09344395960075E-03
3.22194376108171E-03
3.35132555488119E-03
4.09591901307559E-03
4.03750652313727E-03
3.96444497802334E-03
4.33262497128401E-03
4.24539898369998E-03
4.63053214729172E-03
5.03201299048336E-03
4.93085194195425E-03
5.08181016123586E-03
4.95781426032792E-03
4.81827424102534E-03
5.24597724051519E-03
5.69008663207749E-03
7.07322318305082E-03
6.94322669351532E-03
6.79740743620297E-03
7.6310456196841E-03
7.81759502555376E-03
7.30836358606798E-03
7.12297996554793E-03
7.28578636150777E-03
7.82118021625626E-03
7.99242008140451E-03
8.16377374602933E-03
8.73213585362432E-03
9.31690663061653E-03
9.50482176842615E-03
1.05356267291262E-02
1.03103498479707E-02
1.09442710727302E-02
1.11485774057725E-02
1.08987342778805E-02
1.10947829745863E-02
1.17612123469783E-02
1.19652718202898E-02
1.16824588414084E-02
1.73222913487485E-02
1.60982639176498E-02
0.019426092106295
2.07739462422247E-02
2.10990928206967E-02
1.87459445472235E-02
1.84861885970075E-02
3.97307422475131E-02
3.63942305082433E-02
3.57838161874611E-02
3.57165222595783E-02
4.03055473087991E-02
2.25033314045114E-02
0.020408031262057
2.06811052811008E-02
1.97211935428988E-02
1.99774179509938E-02
2.02332307152741E-02
2.11288893084445E-02
2.13918106708631E-02
2.09980814935927E-02
2.39086477657767E-02
2.41939267502852E-02
0.022438777765657
2.06357131182028E-02
2.50464825189086E-02
2.60331339296086E-02
2.70348934064288E-02
2.80517004848043E-02
2.69022316902139E-02
3.01302107019324E-02
3.04491264608972E-02
3.15177392191288E-02
3.33592660135577E-02
3.36991456240365E-02
3.55854024736348E-02
4.29705635018761E-02
4.26033656589081E-02
4.14232094410911E-02
4.10157106070707E-02
4.05919642102538E-02
2.78605836969215E-02
3.05989380144546E-02
3.17127945771593E-02
3.11567898984221E-02
3.22841397915078E-02
3.08544721054789E-02
2.24778660523953E-02
0.05319055587493
6.06784275066375E-02
6.29625598352343E-02
5.63329283070986E-02
6.04023648435109E-02
8.99770919600647E-02
8.15389790424578E-02
7.75701358304935E-02
7.91108937123777E-02
7.87882453195544E-02
8.31750054279139E-02
8.28554806840697E-02
8.06004445289132E-02
8.12004555560055E-02
8.17984124237419E-02
8.33751840084544E-02
8.39760548576831E-02
8.05948094872927E-02
8.11633382222752E-02
8.27388222411337E-02
0.082294217096429
8.18336184088267E-02
8.13570895874403E-02
8.08646948616671E-02
8.03564992708017E-02
0.080882997188857
3.80606254272666E-02
4.14969326475201E-02
3.85481277521503E-02
3.87904200791664E-02
4.12001616065029E-02
3.70902768777549E-02
3.51212371605826E-02
3.42289325829342E-02
3.44333027777575E-02
0.034636804261931
3.14678742928423E-02
2.59982963272393E-02
2.27368056880003E-02
2.28658245255983E-02
2.18445543362331E-02
2.08099190823969E-02
2.09244738227772E-02
1.75320854540135E-02
1.88017801266538E-02
1.89021969154883E-02
2.01897729389165E-02
2.02954551284379E-02
2.04006284049175E-02
0.024123871059076
2.66710384007454E-02
2.68051509189409E-02
2.57141112367328E-02
2.58408444417946E-02
0.023493890646407
2.48498765882248E-02
2.37202854653026E-02
2.38325962750217E-02
2.26840857307996E-02
0.025321507720232
2.54378449421448E-02
2.42758713814814E-02
2.31017551530688E-02
2.32047418307759E-02
2.20123099720781E-02
2.21084836088862E-02
2.22041083350512E-02
2.49226152704546E-02
2.63455327119605E-02
2.24876684629928E-02
0.021252778388475
1.60051246058998E-02
1.74094584802297E-02
1.61350166794252E-02
1.34994709687092E-02
1.35527612028928E-02
1.22451451208406E-02
1.09266693097311E-02
9.59743371627582E-03
9.63379519571738E-03
8.28850226975041E-03
8.31926169401712E-03
8.34981636268568E-03
8.38016563162016E-03
8.41030886183284E-03
8.4402454194683E-03
8.46997467578824E-03
8.49949600715687E-03
8.52880879502705E-03
8.55791242592695E-03
7.1556719095395E-03
7.17957482352477E-03
7.20330193162852E-03
7.22685273944092E-03
7.25022675673331E-03
8.72810819693983E-03
8.7557309756395E-03
8.78313987089858E-03
8.81033431441678E-03
8.83731374286574E-03
8.86407759788125E-03
7.40885443837981E-03
7.43079698244295E-03
7.45255851082821E-03
7.47413857472067E-03
1.04937514211802E-02
1.05234535480312E-02
1.20604568846397E-02
1.36055436350114E-02
1.66744633124234E-02
1.67195238919782E-02
1.82881948259778E-02
1.68084264925971E-02
1.83842909366976E-02
1.84316708631442E-02
1.69387204018949E-02
0.016981332144536
1.70235326486144E-02
0.018616713875511
1.86618507313213E-02
1.87065361727935E-02
1.87507692892754E-02
0.020360761611513
2.51171666044968E-02
2.67477231152149E-02
2.52308808442721E-02
2.68672516416338E-02
2.53421591921572E-02
2.53968820739667E-02
2.54509926095368E-02
2.55044897014656E-02
2.71547080319005E-02
0.025609639229626
2.40574589398937E-02
2.24982818712425E-02
2.25423940044474E-02
2.41992469835999E-02
2.74780599307064E-02
2.26714731744129E-02
2.27134109229709E-02
2.27548029300735E-02
1.95391271659704E-02
1.79425293060945E-02
1.47058047033306E-02
1.30942268604281E-02
1.63953914294757E-02
1.64226060093389E-02
1.64494267670541E-02
1.48282678463986E-02
1.48516961978986E-02
1.48747686734986E-02
1.32422087192494E-02
1.32620836872316E-02
1.49418462410149E-02
1.66261007174247E-02
1.66497521414889E-02
0.015005704658506
1.50262734190153E-02
0.015046482796022
1.50663323840011E-02
1.34096193642223E-02
1.34266227621254E-02
1.00824789789148E-02
1.17772083266991E-02
0.010106779871861
1.01185683705165E-02
1.01301152541279E-02
8.45118357619512E-03
8.46040271338784E-03
8.46941993878756E-03
8.47823507190886E-03
8.48684793634587E-03
6.79620668781863E-03
6.8027729391579E-03
6.80917697176558E-03
6.8154186575796E-03
8.52687233975693E-03
8.53426811614678E-03
8.54146050332307E-03
8.54844935755226E-03
6.84418763135132E-03
8.56181591267785E-03
8.56819334655263E-03
8.57436671343884E-03
8.58033589005369E-03
8.58610075720718E-03
8.59166119980286E-03
8.59701710683862E-03
8.6021683714075E-03
6.88569191255874E-03
8.61185656599692E-03
0.010339671963223
1.03448700122951E-02
0.010349821922708
1.03545275956763E-02
1.03589869373341E-02
8.63599988228026E-03
8.63930522988246E-03
1.03708861095998E-02
8.6452994048159E-03
8.64798811261658E-03
8.65047116112403E-03
6.92219880066429E-03
8.65482008633133E-03
0.010388023051592
1.21216841670687E-02
0.01212371989517
1.03932577462116E-02
1.21269265584653E-02
1.21280974297387E-02
1.21289799610612E-02
1.21295741348415E-02
1.38627199305558E-02
1.21298973681502E-02
1.21296264212357E-02
1.21290671038934E-02
0.012128219427272
0.012127083408268
1.21256590695258E-02
1.38559387879282E-02
1.38536520595902E-02
1.55824154325322E-02
1.55791017915702E-02
0.017306019678014
2.07618176825425E-02
2.42152377094253E-02
2.42077789258301E-02
2.76568507743656E-02
0.029374948883753
2.76365130735824E-02
2.58987731832224E-02
4.31461654721289E-02
4.48517498477088E-02
0.044830420525177
4.48080245489127E-02
4.47845623657261E-02
0.044760034443741
4.64549967059444E-02
4.98663737503871E-02
5.15539168221453E-02
6.69769132140936E-02
6.69321399414939E-02
9.94711495077736E-02
9.59722445231938E-02
7.19258200929031E-02
8.04267844706275E-02
7.18139549223354E-02
7.17554552859355E-02
7.16952458291651E-02
8.01611048689537E-02
0.083497986018641
3.74546703878341E-02
4.25222228437995E-02
3.56842972768576E-02
3.73466513847504E-02
3.39171476458969E-02
3.38819848740053E-02
0.02538451023513
3.21187729501517E-02
0.032083066286736
3.37332565149635E-02
3.53787617709971E-02
3.19713536291675E-02
0.036974575201483
3.86073869677805E-02
3.85586136501323E-02
3.85089187356206E-02
3.84583032208931E-02
4.50862060554578E-02
4.83597878112219E-02
4.82924937546357E-02
4.82240442037844E-02
4.81544405332609E-02
5.13998002889017E-02
5.13229334459387E-02
4.95917781756657E-02
4.95150134185169E-02
4.77891601460978E-02
4.44221335337779E-02
4.27072592238211E-02
4.26366250104169E-02
4.25649681110441E-02
0.035955014589349
3.58926548111959E-02
3.42008227921045E-02
3.41396538329266E-02
0.032454918912488
3.40148571187367E-02
2.58676052441126E-02
2.58185069986401E-02
2.73793371118371E-02
2.89332549710531E-02
3.20843637453264E-02
3.20198941253466E-02
3.19546535239712E-02
3.02942110992509E-02
3.34129579118134E-02
3.33420350804099E-02
3.64389091666614E-02
4.11020123856561E-02
4.25885774756922E-02
4.09194433124147E-02
4.08266759248311E-02
4.22995733422763E-02
4.22011919890903E-02
4.36611162131352E-02
4.35569776461919E-02
0.043451785521074
4.64416521242454E-02
4.63266955697726E-02
4.31299093589073E-02
3.99476300573206E-02
3.98450904326291E-02
3.97415847708492E-02
4.11616196209314E-02
4.10521332095294E-02
3.94252928544099E-02
3.78057158093524E-02
4.07177039043207E-02
3.45888013582881E-02
3.44913101841059E-02
3.58883269117912E-02
0.032802777366993
3.41938104616389E-02
3.40929752987436E-02
3.39913092943549E-02
3.53622412681068E-02
3.37854931805866E-02
3.36813473284057E-02
3.79559068642941E-02
3.78363200563718E-02
3.77158086029922E-02
3.61484375070894E-02
0.034589558579432
0.034475770625161
3.72245667242928E-02
3.56725673322813E-02
0.038395520335048
3.40122012557486E-02
0.033894216630878
3.51827083396371E-02
3.50580769514054E-02
3.35352807452541E-02
3.20217338565974E-02
3.05175416839189E-02
3.17868862865298E-02
2.89145230902851E-02
2.74338329554557E-02
2.73293486320517E-02
2.72241902823903E-02
2.71183601381627E-02
2.70118604485837E-02
2.69046934804633E-02
2.67968615182811E-02
0.026688366864264
2.79081724303904E-02
2.91163386567434E-02
3.29486625517548E-02
3.14973696001988E-02
3.00564403044994E-02
0.028625974952975
2.72060733711475E-02
2.70866766631145E-02
2.82507308689376E-02
2.81242407876553E-02
2.79970509191029E-02
2.78691640381268E-02
2.52187117641751E-02
2.63562508779205E-02
2.74813493853189E-02
2.98371301372316E-02
2.72193730464807E-02
2.70873635507266E-02
2.57294644700949E-02
0.024383015030561
2.18350513062448E-02
2.05179067804178E-02
2.16140894961176E-02
2.26973945749854E-02
2.37677345241042E-02
0.024825022429721
5.87935726428395E-02
5.61393336729433E-02
0.074447236143218
8.67658077865795E-02
8.28351154472417E-02
0.07436448784905
4.66424844969663E-02
4.75081089671808E-02
4.83595556810038E-02
3.91337750765386E-02
3.77925875654305E-02
3.86735119831354E-02
3.18518713423102E-02
3.05674758876761E-02
3.14656719912841E-02
0.029114730841427
2.67899076301886E-02
2.66210539062257E-02
2.75095881064443E-02
2.73325843523713E-02
2.81993079351907E-02
0.028014064731341
2.78281125538993E-02
0.027641456012771
2.84709182694518E-02
3.13054630808377E-02
3.20916230411437E-02
3.78422013357602E-02
6.22948017646889E-02
7.46122644365231E-02
9.25916947906192E-02
0.09191571606322
5.95444162732909E-02
6.57728340792054E-02
0.046356011389007
4.97579216668474E-02
4.93744109302377E-02
5.17626530273239E-02
4.58525100448498E-02
4.45774654420923E-02
4.51207633847426E-02
4.11729270141318E-02
6.21382642351159E-02
8.80293052380492E-02
8.72874532884544E-02
8.65434145408271E-02
0.085797210745562
8.50488639293325E-02
8.42983964036591E-02
8.35458307738834E-02
8.27911899485644E-02
8.20344971493246E-02
8.12757759211652E-02
8.05150501432799E-02
7.97523440403902E-02
7.89876821946351E-02
7.82210895580414E-02
7.74525914656104E-02
7.66822136490516E-02
7.59099822512042E-02
7.51359238411802E-02
3.94108346780456E-02
3.89986902790022E-02
3.85856212504316E-02
3.88918623393462E-02
3.56195942203617E-02
2.88864482752502E-02
0.028564161954012
2.89300311184785E-02
2.85985557730326E-02
3.36505192555282E-02
3.25893003079882E-02
3.87718768668497E-02
3.76535307551127E-02
3.65502901279389E-02
3.29292013270894E-02
2.81367586390567E-02
0.022221209707887
2.43695127102113E-02
2.46495144561273E-02
3.02514547597627E-02
2.39896148126097E-02
2.42360336205807E-02
2.33279257848068E-02
2.29964546994773E-02
0.023217385476364
2.23323526061036E-02
4.18532028799794E-02
0.041219831556813
4.05858649323259E-02
3.99513440313417E-02
2.41946530279021E-02
2.28117597588645E-02
2.24367274685266E-02
1.34287227612893E-02
1.32001891973709E-02
1.29715556778789E-02
1.22877392949903E-02
1.11732711029059E-02
9.21393319813179E-03
9.04230249058551E-03
9.29308465204643E-03
8.28481676914495E-03
7.71533686161459E-03
7.56014502260458E-03
7.79475525056783E-03
8.01312700730604E-03
7.84187226114609E-03
7.67075019110059E-03
8.21404823379501E-03
8.0269940721724E-03
8.86279199130214E-03
7.98634489076336E-03
7.79194289068099E-03
7.2812872377857E-03
8.02115689662634E-03
0.00781171952366
7.31033523245311E-03
7.3942867592211E-03
6.6335802766187E-03
6.44221977711554E-03
7.55384735724851E-03
7.32413009661727E-03
7.33992306060356E-03
6.86729931697955E-03
7.09827345852047E-03
6.85676731193394E-03
5.54929797425802E-03
5.14312213614833E-03
1.42603269513284E-02
1.39023658279315E-02
1.35329790633989E-02
1.24511203994682E-02
9.0674966276929E-03
8.66852941704522E-03
8.88602972135646E-03
9.04942777399346E-03
4.16359773627779E-03
4.08260499926849E-03
4.11494133175062E-03
3.88698383694224E-03
3.55135885289016E-03
2.5027149915527E-03
2.14927261677654E-03
2.18954528777561E-03
1.95266964215826E-03
1.8102379540014E-03
1.52591236558018E-03
1.40234330987829E-03
1.22127956486592E-03
1.11061994723729E-03
1.05401645511091E-03
9.91260987334264E-04
1.04369938555395E-03
8.86494050782667E-04
8.06617068493617E-04
7.24906710839594E-04
5.96646389289042E-04
5.02741647091575E-04
4.32711366400278E-04
3.51813822687071E-04
2.69292655246478E-04
2.16406846179461E-04
1.62163759692797E-04
1.2118740358535E-04
8.91704445562178E-05
6.53433928694581E-05
3.91228505729517E-05
2.11886660900833E-05
9.44304723470518E-06
3.48115216817746E-06
1.08237544124326E-06
2.17024007099304E-07
2.24985678043296E-08
6.23507323395314E-10
1.83845379598262E-12
6.93439492997949E-18
5.99380708602343E-37
0
0
0
0
0
0
0
0
0
0
0
0
0
0
0
0
0
0
0
0
0
0
0
0
0
0
0
0
0
0
0
0
0
0
0
0
0
0
0
0
0
0
0
0
0
0
0
0
0
0
0
0
0
0
0
0
0
0
0
0
0
0
0
0
0
0
0
0
0
0
0
0
0
0
0
0
0
0
0
0
0
0
0
0
0
0
0
0
0
0
0
0
0
0
0
0
0
0
0
0
0
0
0
0
0
0
0
0
0
0
0
0
0
0
0
0
0
0
0
0
0
0
0
0
0
0
0
0
0
0
0
0
0
0
0
0
0
0
0
0
0
0
0
0
0
0
0
0
0
0
0
0
0
0
0
0
0
0
0
0
0
0
0
0
0
0
0
0
0
0
0
0
0
0
0
0
0
0
0
0
0
0
0
0
0
0
0
0
0
0
0
0
0
0
0
0
0
0
0
0
0
0
0
0
0
0
0
0
0
0
0
0
0
0
0
0
0
0
0
0
0
0
0
0
0
0
0
0
0
0
0
0
0
0
0
0
0
0
0
0
0
0
0
0
0
0
0
0
0
0
0
0
0
0
0
0
0
0
0
0
0
0
0
0
0
0
0
0
0
0
0
0
0
0
0
0
0
0
0
0
0
0
0
0
0
0
0
0
0
0
0
0
0
0
0
0
0
0
0
0
0
0
0
0
0
0
0
0
0
0
0
0
0
0
0
0
0
0
0
0
0
0
0
0
0
0
0
0
0
0
0
0
0
0
0
0
0
0
0
0
0
0
0
0
0
0
0
0
0
0
0
0
0
0
0
0
0
0
""
