0
0
0
0
0
0
0
0
0
0
0
0
0
0
0
0
0
0
0
0
0
0
0
0
0
0
0
0
0
0
0
0
0
0
0
0
0
0
0
0
0
0
0
0
0
0
0
0
0
0
0
0
0
0
0
0
0
0
0
0
0
0
0
0
0
0
0
0
0
0
0
0
0
0
0
0
0
0
0
0
0
0
0
0
0
0
0
0
0
0
0
0
0
0
0
0
0
0
0
0
0
0
0
0
0
0
0
0
0
0
0
0
0
0
0
0
0
0
0
0
0
0
0
0
0
0
0
0
0
0
0
0
0
0
0
0
0
0
0
0
0
0
0
0
0
0
0
0
0
0
0
0
0
0
0
0
0
0
0
0
0
0
0
0
0
0
0
0
0
0
0
0
0
0
0
0
0
0
0
0
0
0
0
0
0
0
0
0
0
0
0
0
0
0
0
0
0
0
0
0
0
0
0
0
0
0
0
0
0
0
0
0
0
0
0
0
0
0
0
0
0
0
0
0
0
0
0
0
0
0
0
0
0
0
0
0
0
0
0
0
0
0
0
0
0
0
0
0
0
0
0
0
0
0
0
0
0
0
0
0
0
0
0
0
0
0
0
0
0
0
0
0
0
0
0
0
0
0
0
0
0
0
0
0
0
0
0
0
0
0
0
0
0
0
0
0
0
0
0
0
0
0
0
0
0
0
0
0
0
0
0
0
0
0
0
0
0
0
0
0
0
0
0
0
0
0
0
0
0
0
0
0
0
0
0
0
0
0
0
0
0
0
0
0
0
0
0
0
0
0
0
0
0
0
0
0
0
0
0
0
0
0
0
0
0
0
0
0
0
0
0
0
0
0
0
0
0
0
0
0
0
0
0
0
0
0
0
0
0
0
0
0
0
0
0
0
0
0
0
0
0
0
0
0
0
0
0
0
0
0
0
0
0
0
0
0
0
0
0
0
0
0
0
0
0
0
0
0
0
0
0
0
0
0
0
0
0
0
0
0
0
0
0
0
0
0
0
0
0
0
0
0
0
0
0
0
0
0
0
0
0
0
0
0
0
0
0
0
0
0
0
0
0
0
0
0
0
0
0
0
0
0
0
0
0
0
0
0
0
0
0
0
0
0
0
0
0
0
0
0
0
0
0
0
0
8.64476706500087E-43
4.68222973696047E-19
1.0081718708443E-12
8.705799570036E-10
4.15158840760086E-08
5.31419479430811E-07
3.16972875172891E-06
9.46580509822027E-06
2.70551645526344E-05
7.57269080121073E-05
1.48619797471872E-04
2.63467519404783E-04
4.2415710779685E-04
6.12490691939669E-04
8.83680818000862E-04
1.19563095815968E-03
1.4312563746745E-03
1.81482065832548E-03
2.24492791329378E-03
2.71927963097582E-03
3.67638724768419E-03
4.30668891927931E-03
4.97763058885005E-03
5.68583616356163E-03
5.9137509087099E-03
7.20088818766069E-03
8.00147152094281E-03
8.8268480940828E-03
9.6743044894778E-03
1.05413105270079E-02
1.14255187041196E-02
1.23247599637278E-02
0.01323703695418
1.41605156630228E-02
1.50935160840805E-02
1.60345024043709E-02
1.61329694107258E-02
1.72175529018691E-02
1.81362948723278E-02
0.017866876794438
1.89410368776805E-02
1.96000438014228E-02
2.27417973638169E-02
2.37055249217435E-02
2.46683630708815E-02
2.56297278010336E-02
2.65890916404303E-02
2.75459786103859E-02
2.84999596055128E-02
2.94506481697164E-02
3.03976966385959E-02
3.13407926197913E-02
3.22796557841018E-02
3.32140349416758E-02
0.034143705379184
3.50684664355341E-02
3.59881392953262E-02
3.69025649808567E-02
3.78116025250126E-02
3.87151273088644E-02
3.96130295491322E-02
4.05052129219901E-02
0.041391593310854
4.22720976669036E-02
4.31466629720951E-02
4.40152352953535E-02
4.48777689334743E-02
4.57342256290476E-02
4.65845738584164E-02
4.74287881833276E-02
4.82668486605188E-02
4.90987403040105E-02
4.99244525953635E-02
0.050743979037588
5.15573167487985E-02
0.052364466092058
5.31654303381899E-02
4.64057852084162E-02
4.65365049437712E-02
0.046646277348224
4.72983731523937E-02
2.62557680574813E-02
2.60288128727643E-02
2.63698887140533E-02
2.67082258879799E-02
2.76448067553896E-02
2.37264887652509E-02
2.33969295054132E-02
2.30504730693327E-02
3.71819757947578E-02
4.27031567496381E-02
4.18898144019971E-02
5.34228034906666E-02
5.39951576052101E-02
0.054562692657302
5.84867335238333E-02
5.90787069853614E-02
6.51521202992266E-02
6.50950106374822E-02
4.54435007744858E-02
4.51650571011196E-02
4.62943026223101E-02
4.31207440602947E-02
4.27797975369206E-02
7.31426992563605E-02
7.37716312996072E-02
7.43949483026721E-02
7.50126707420971E-02
7.56248188049461E-02
7.62314123788581E-02
7.68324710436038E-02
7.74280140640123E-02
7.80180603841467E-02
7.86026286226142E-02
7.91817370689077E-02
7.97554036806865E-02
8.03236460819055E-02
8.08864815617176E-02
8.14439270740717E-02
8.19959992379431E-02
8.25427143381324E-02
8.30840883265776E-02
8.36201368241269E-02
8.41508751227256E-02
8.46763181879727E-02
8.51964806620077E-02
8.57113768666918E-02
8.62210208070474E-02
8.67254261749292E-02
8.72246063528948E-02
8.77185744182517E-02
8.82073431472552E-02
4.16847347591361E-02
4.01261994999231E-02
3.85463079614747E-02
4.05498014700381E-02
3.98523942944208E-02
4.27847806106179E-02
4.39123943339525E-02
0.044127242011879
0.045263385619434
5.38307694140525E-02
5.40815252608339E-02
5.52660545443031E-02
9.03297505342216E-02
0.09451065186984
9.49227728937729E-02
9.15166673284096E-02
4.97806020176428E-02
5.38322268476615E-02
5.40517703085486E-02
5.62066750145837E-02
6.22656703521714E-02
6.64136785925507E-02
7.54902309149171E-02
6.59322722211022E-02
6.22241724625323E-02
6.54229760629081E-02
0.065655455983085
6.58846721595328E-02
6.61106285846815E-02
0.06733837958254
0.039326641311182
4.14776982323273E-02
4.66843774232418E-02
4.47944310785369E-02
0.04391089792139
4.60918386938881E-02
4.82827958374391E-02
0.094785305382013
9.40219023077973E-02
9.53204226083368E-02
9.66201736707329E-02
9.58375872425813E-02
9.40005458143534E-02
9.31954110926674E-02
9.34303992708924E-02
0.067351775725907
9.59972351601458E-02
8.56501557979596E-02
8.58482959482969E-02
0.032929850089853
3.08734734240439E-02
3.30740068114959E-02
2.99363679793835E-02
2.78553657633028E-02
2.79114196509398E-02
2.90418421223756E-02
2.90974456772862E-02
2.91517471321056E-02
2.92047471401193E-02
2.92564463324012E-02
3.14777227493018E-02
2.71814302648181E-02
2.72256898174595E-02
2.83594969338986E-02
2.84030265543547E-02
0.04047985962078
4.05382502637861E-02
3.73033887320848E-02
3.62551396877852E-02
4.29029138860357E-02
4.18555127877116E-02
6.06539480152357E-02
5.74126438687135E-02
0.044213265097482
4.53675674185887E-02
5.53836269518496E-02
5.54385576276709E-02
5.54910943193417E-02
5.44304128096815E-02
5.55889878589882E-02
6.11977802626253E-02
5.56773115169703E-02
5.23748126115936E-02
4.68350978043117E-02
4.01701399673063E-02
4.13106945170408E-02
4.24507686398146E-02
4.24725212356891E-02
4.69653480643972E-02
4.47479773082465E-02
0.081696381308607
8.06047064777829E-02
8.06287204584085E-02
8.40096822591496E-02
7.73053289465142E-02
8.18006836404746E-02
0.082931783015761
0.095267529827046
9.41506780412323E-02
9.41506088062091E-02
0.088542567673435
8.85349562956349E-02
8.85235716954505E-02
8.85084137647698E-02
8.84894823594991E-02
0.088466777299434
8.73208009204019E-02
8.84100453125562E-02
8.83760178431765E-02
8.49835998498398E-02
8.38259224551023E-02
8.48999708605407E-02
9.15516057252453E-02
9.14966914805801E-02
9.14378568690942E-02
9.02607708103757E-02
9.13084241981685E-02
9.01251684607628E-02
0.103392526122333
0.102192766027223
0.104319923313965
0.103112264978521
0.103009940215587
0.10954207520904
0.109423665196774
0.109300511545596
0.110275366635925
0.110141381942893
0.110002601617824
0.109859024178648
0.109710648079815
0.109557471711008
0.1093994933958
0.109236711390258
0.109069123881508
8.16725467396806E-02
8.04524483143857E-02
8.46592571303228E-02
7.04279420383358E-02
6.92217826053127E-02
6.36979178736827E-02
0.107761289758232
0.107555184171273
0.107344253399688
0.106057209902063
7.16282969146519E-02
7.04104391791661E-02
8.51617802181761E-02
8.28493597525736E-02
8.37219788319175E-02
8.35285988745503E-02
8.33313885867688E-02
3.68298998225567E-02
3.35900623054407E-02
3.24584710362897E-02
0.033419418637071
4.79144072031671E-02
4.88249893221506E-02
4.55836844523792E-02
4.33905070838362E-02
0.063870723912441
8.11479901486368E-02
8.09084514416764E-02
8.98547331341998E-02
8.95792831642517E-02
7.81370762212345E-02
7.68769589813399E-02
6.85617805003954E-02
4.12023268612401E-02
4.20654716556663E-02
4.39178767740434E-02
4.67489675911168E-02
4.46010639303469E-02
4.93780554031069E-02
4.62450805047803E-02
5.48948407435434E-02
2.14839334829495E-02
2.14009414718076E-02
2.03479048387418E-02
2.12316655187508E-02
2.11453783061846E-02
2.01008080144031E-02
2.09694968975797E-02
1.99308128335793E-02
2.17341576670228E-02
1.97565903817833E-02
1.96678893860066E-02
1.95781260246994E-02
2.04152649349666E-02
2.03189950350074E-02
2.29790976019039E-02
1.64643506945651E-02
1.54726743970217E-02
0.016300391435968
1.53160819189756E-02
0.015236475869545
0.014264464994463
2.03950937403851E-02
2.02838287815901E-02
2.19254029867229E-02
2.09297914083536E-02
2.08099449353105E-02
1.81027387686766E-02
1.79956755205841E-02
0.018739295348791
1.86248195606057E-02
1.85091819323506E-02
1.83923792403104E-02
1.74437532718768E-02
1.81552654134587E-02
1.80349474728378E-02
1.70992030896029E-02
1.69821005235758E-02
1.68638659426713E-02
1.75418527262323E-02
1.82072232162131E-02
2.04314613053382E-02
2.10594023484479E-02
2.09000387026562E-02
2.38116634797767E-02
2.13389591236855E-02
2.11690593355662E-02
2.02476896676372E-02
2.00808525646557E-02
1.84375043888486E-02
1.82802228353972E-02
1.95712547252513E-02
1.86798841681376E-02
1.70879062190777E-02
1.55205181618048E-02
0.0167736692068
1.59222152775287E-02
1.50827581321499E-02
1.49342978071347E-02
0.015456584582538
1.86245020013398E-02
0.018430652853734
1.75839023152526E-02
1.80380110623223E-02
1.72020914591761E-02
1.38590072345096E-02
0.014322918584524
0.016617323694702
1.64191641705733E-02
0.015618659169503
1.54246986478406E-02
1.81578451064551E-02
1.50320396734185E-02
1.54038446578891E-02
1.46330328164946E-02
1.55412260972942E-02
1.53220797131317E-02
1.61798659327136E-02
1.38158509506042E-02
1.36075447643663E-02
1.33976304118194E-02
1.52147389237729E-02
1.44698563559253E-02
1.37396365958767E-02
1.39890275228402E-02
1.37459283086683E-02
1.35010446534669E-02
1.27973347243734E-02
1.30059489626294E-02
2.94701892779752E-02
1.85401281768328E-02
0.019431230721924
1.69580500351228E-02
2.26657287873445E-02
0.0229576374099
2.32104212915557E-02
2.15347815565496E-02
1.91729682768024E-02
1.76186769651333E-02
1.71679498599913E-02
1.70558493830076E-02
1.49318380499503E-02
1.22539833184518E-02
1.18971581490404E-02
1.12350772585907E-02
1.26496944921665E-02
1.11021635247904E-02
1.01798092578403E-02
9.02904616390727E-03
8.19090464530155E-03
7.88324874658188E-03
7.81185022702409E-03
7.49381368564611E-03
6.95825898942529E-03
7.06557026413661E-03
9.11669703994858E-03
1.03723868559067E-02
8.95099359309583E-03
8.98311441937778E-03
8.80104891587381E-03
7.07875099736469E-03
6.92295234005544E-03
6.99883721164625E-03
7.00729197502861E-03
6.49500068991272E-03
7.04242792400446E-03
6.84774765868054E-03
8.79797748249678E-03
7.97341038481761E-03
7.17373341349281E-03
6.40184459437776E-03
5.66080821795719E-03
4.95383304187672E-03
4.28423763389798E-03
3.65539903183299E-03
3.07068018348803E-03
2.5333310083797E-03
2.04635760428595E-03
0.001612354474625
1.23329628797976E-03
9.10289551300127E-04
6.43292061809463E-04
4.30820871751828E-04
2.69689528839785E-04
1.54843052352998E-04
7.93906736190004E-05
3.49578393089755E-05
1.24580141998469E-05
3.26822742490773E-06
5.3707424492943E-07
3.97673562513929E-08
7.4851165197249E-10
7.61726175179909E-13
1.25935698582075E-19
3.38823008350632E-45
0
0
0
0
0
0
0
0
0
0
0
0
0
0
0
0
0
0
0
0
0
0
0
0
0
0
0
0
0
0
0
0
0
0
0
0
0
0
0
0
0
0
0
0
0
0
0
0
0
0
0
0
0
0
0
0
0
0
0
0
0
0
0
0
0
0
0
0
0
0
0
0
0
0
0
0
0
0
0
0
0
0
0
0
0
0
0
0
0
0
0
0
0
0
0
0
0
0
0
0
0
0
0
0
0
0
0
0
0
0
0
0
0
0
0
0
0
0
0
0
0
0
0
0
0
0
0
0
0
0
0
0
0
0
0
0
0
0
0
0
0
0
0
0
0
0
0
0
0
0
0
0
0
0
0
0
0
0
0
0
0
0
0
0
0
0
0
0
0
0
0
0
0
0
0
0
0
0
0
0
0
0
0
0
0
0
0
0
0
0
0
0
0
0
0
0
0
0
0
0
0
0
0
0
0
0
0
0
0
0
0
0
0
0
0
0
0
0
0
0
0
0
0
0
0
0
0
0
0
0
0
0
0
0
0
0
0
0
0
0
0
0
0
0
0
0
0
0
0
0
0
0
0
0
0
0
0
0
0
0
0
0
0
0
0
0
0
0
0
0
0
0
0
0
0
0
0
0
0
0
0
0
0
0
0
0
0
0
0
0
0
0
0
0
0
0
0
0
0
0
0
0
0
0
0
0
0
0
0
0
0
0
0
0
0
0
0
0
0
0
0
0
0
0
0
0
0
0
0
0
0
0
0
0
0
0
0
0
0
0
0
0
0
0
0
0
0
0
0
0
0
0
0
0
0
0
0
0
0
0
0
0
0
0
0
0
0
0
0
0
0
0
0
0
0
0
0
0
0
0
0
0
0
0
0
0
0
0
0
0
0
0
0
0
0
0
0
0
0
0
0
0
0
0
0
0
0
0
0
0
0
0
0
0
0
0
0
0
0
0
0
0
0
0
0
0
0
0
0
0
0
0
0
0
0
0
0
0
0
0
0
0
0
0
0
0
0
0
0
0
0
0
0
0
0
0
0
0
0
0
0
0
0
0
0
0
0
0
0
0
0
0
0
""
