0
0
0
0
0
0
0
0
0
0
0
0
0
0
0
0
0
0
0
0
0
0
0
0
0
0
0
0
0
0
0
0
0
0
0
0
0
0
0
0
0
0
0
0
0
0
0
0
0
0
0
0
0
0
0
0
0
0
0
0
0
0
0
0
0
0
0
0
0
0
0
0
0
0
0
0
0
0
0
0
0
0
0
0
0
0
0
0
0
0
0
0
0
0
0
0
0
0
0
0
0
0
0
0
0
0
0
0
0
0
0
0
0
0
0
0
0
0
0
0
0
0
0
0
0
0
0
0
0
0
0
0
0
0
0
0
0
0
0
0
0
0
0
0
0
0
0
0
0
0
0
0
0
0
0
0
0
0
0
0
0
0
0
0
0
0
0
0
0
0
0
0
0
0
0
0
0
0
0
0
0
0
0
0
0
0
0
0
0
0
0
0
0
0
0
0
0
0
0
0
0
0
0
0
0
0
0
0
0
0
0
0
0
0
0
0
0
0
0
0
0
0
0
0
0
0
0
0
0
0
0
0
0
0
0
0
0
0
0
0
0
0
0
0
0
0
0
0
0
0
0
0
0
0
0
0
0
0
0
0
0
0
0
0
0
0
0
0
0
0
0
0
0
0
0
0
0
0
0
0
0
0
0
0
0
0
0
0
0
0
0
0
0
0
0
0
0
0
0
0
0
0
0
0
0
0
0
0
0
0
0
0
0
0
0
0
0
0
0
0
0
0
0
0
0
0
0
0
0
0
0
0
0
0
0
0
0
0
0
0
0
0
0
0
0
0
0
0
0
0
0
0
0
0
0
0
0
0
0
0
0
0
0
0
0
0
0
0
0
0
0
0
0
0
0
0
0
0
0
0
0
0
0
0
0
0
0
0
0
0
0
0
0
0
0
0
0
0
0
0
0
0
0
0
0
0
0
0
0
0
0
0
0
0
0
0
0
0
0
0
0
0
0
0
0
0
0
0
0
0
0
0
0
0
0
0
0
0
0
0
0
0
0
0
0
0
0
0
0
0
0
0
0
0
0
0
0
0
0
0
0
0
0
0
0
0
0
0
0
0
0
0
0
0
0
0
0
0
0
0
0
0
0
0
0
0
0
0
0
0
0
0
0
0
0
0
0
0
0
0
0
0
0
0
6.27472110946747E-36
1.95821690902568E-18
8.2151143915403E-13
4.96589943104346E-10
2.15850856216182E-08
2.71363612275116E-07
1.28021365967199E-06
4.36085638397055E-06
1.03159400137881E-05
3.55977017744173E-05
7.30667221111839E-05
1.04171642293458E-04
8.6296623403588E-05
1.16427117754858E-04
1.39362720815711E-04
1.91416629404448E-04
2.53401329306448E-04
3.25315867104188E-04
3.66284393901706E-04
3.23756813208306E-04
3.88839716975647E-04
4.24128002123473E-04
4.52953880271338E-04
4.73838990925555E-04
4.85412028667024E-04
5.47217679701522E-04
7.47542782305108E-04
8.29154461532478E-04
9.13379024547404E-04
9.09048354791672E-04
9.89662618355195E-04
1.17917357111641E-03
1.1557911537823E-03
1.24092473474748E-03
1.4599273538482E-03
1.55592777515506E-03
1.6528589328873E-03
1.59143083641881E-03
1.68085243860724E-03
1.94782623913475E-03
1.67492120500013E-03
1.56126008112969E-03
1.6338553277253E-03
2.3464942484376E-03
2.44648261964023E-03
2.54644363393778E-03
2.64631113485545E-03
2.49638622460408E-03
2.58684536002518E-03
2.94477636335429E-03
3.04371887603582E-03
2.85665111601191E-03
3.24053102927308E-03
3.33832938887699E-03
4.06034981886217E-03
4.17484003277705E-03
4.2887393732403E-03
4.40202110325745E-03
4.16737951276245E-03
4.62663782233853E-03
5.10238800067643E-03
5.59445239166293E-03
6.48406590559395E-03
6.62679831589666E-03
7.5648617412346E-03
7.72220154015863E-03
7.87842700051611E-03
8.03352580163831E-03
8.18748719499019E-03
8.34030186615549E-03
8.49196180837276E-03
8.64246020664724E-03
9.25451719109973E-03
9.41047414931769E-03
9.56519336353082E-03
8.74680448457574E-03
8.39027061374501E-03
9.01970688079085E-03
8.13731231009533E-03
8.25611015608586E-03
7.85054138490543E-03
8.4907146987039E-03
8.60652258811893E-03
8.1762520823495E-03
8.28295776574406E-03
8.38873347649337E-03
1.24572520188337E-02
1.26096695912589E-02
1.33407647478653E-02
0.011736764514868
1.06844738813218E-02
1.14050232611341E-02
1.15308319934645E-02
1.16554852778031E-02
1.23989331802495E-02
1.25277254805982E-02
1.32880781298238E-02
0.013420782939943
0.014842918795373
1.56370559730568E-02
1.64421051576924E-02
1.72578929267132E-02
1.67446728195976E-02
0.018245244655307
1.90863113022564E-02
1.99374891524446E-02
2.35717562250179E-02
2.23685162438809E-02
2.25499958738158E-02
2.20193264174433E-02
0.025054986716406
2.88542115990833E-02
2.83450680078066E-02
5.85744737176825E-02
5.97381793242275E-02
6.01651142344752E-02
5.31075384924926E-02
5.57332105575385E-02
6.06602671822613E-02
5.87740386999332E-02
0.067609454041235
6.80436804018192E-02
4.35737419050199E-02
3.28828956019679E-02
6.93171115524183E-02
6.89394764839947E-02
6.77506280407117E-02
6.81419418606821E-02
6.85286144925611E-02
6.97213714258778E-02
7.09183912800223E-02
7.21195228886817E-02
7.16768712177061E-02
4.14075101017146E-02
2.66359845205738E-02
2.59328996274052E-02
5.38023822118408E-02
5.65966321567429E-02
6.28064757114469E-02
6.05412208209113E-02
6.59579876512904E-02
6.88358592340866E-02
6.91397081341045E-02
7.03073260531119E-02
6.62480087567947E-02
0.05689608528155
6.06449256554275E-02
6.88308778152456E-02
6.91025429340363E-02
6.93701357355408E-02
4.37442242439957E-02
3.76347632082268E-02
3.95709758188281E-02
4.06153376364889E-02
4.98153682201858E-02
5.81666025254088E-02
5.83629263934706E-02
5.85559502656596E-02
5.04845676798489E-02
4.97239731751643E-02
4.61838026938425E-02
4.63243252325117E-02
4.18160580879234E-02
4.10059675952282E-02
4.20574854261284E-02
0.042174752847261
4.22897262880834E-02
3.29796508978612E-02
0.032120783244384
4.26209078637015E-02
3.98782814924279E-02
3.80713515972549E-02
4.19774971744084E-02
4.49429815776344E-02
5.27110489313695E-02
5.37869496242922E-02
5.39016408225679E-02
5.78716152786477E-02
5.60555005160431E-02
5.61655189554913E-02
5.62726189725262E-02
5.34607611929779E-02
4.57667137195062E-02
4.68218727616983E-02
5.66718766591364E-02
5.87218089639465E-02
6.27355005835517E-02
9.32650618575665E-02
8.65200806510775E-02
7.67970799875013E-02
8.97190076912189E-02
5.33097935347339E-02
4.84347205654689E-02
3.85967026945689E-02
3.56689618715375E-02
3.47165022836355E-02
3.67389934965948E-02
3.67758403288208E-02
3.08415176004884E-02
3.18650844660351E-02
3.08955399804936E-02
2.79279553583601E-02
2.19598251268333E-02
2.59706463224278E-02
2.79865157221306E-02
2.70031346940425E-02
2.50166016628942E-02
2.60302205452374E-02
2.50402723779986E-02
2.60522541209738E-02
2.60613332733929E-02
2.60691208917439E-02
2.70785254648168E-02
2.90901476780256E-02
2.90945130184453E-02
2.80940783243099E-02
2.70921011597216E-02
2.70921432304028E-02
2.70908445969438E-02
2.60849383757635E-02
0.026081105653752
2.60759817483499E-02
2.50668909315185E-02
2.60618600012883E-02
2.60528619090844E-02
2.50409347425516E-02
2.60309904876666E-02
2.60181167688706E-02
2.50037987942003E-02
0.025988492165483
2.49728276444323E-02
2.49554771144738E-02
2.69318335017291E-02
2.79070899306591E-02
2.78834773077253E-02
2.78584705185915E-02
3.57840888521362E-02
3.57483504734627E-02
3.57108177315253E-02
3.56714899343973E-02
0.032661169158003
0.032621825707725
3.15935366671695E-02
3.35242012494659E-02
3.24939068316278E-02
3.34312401218983E-02
6.57825877124583E-02
5.88202507794221E-02
5.87277165920989E-02
6.35181903319211E-02
6.34114284046573E-02
7.01184795026759E-02
6.99929925506559E-02
0.067923224566843
6.58572101227828E-02
6.86282218200017E-02
0.068490193270899
6.83485868278673E-02
4.41881180500114E-02
3.83406358302358E-02
3.72984304101177E-02
4.29378102669753E-02
0.044740545619381
9.49628786128218E-02
9.47280363276249E-02
9.44881183548119E-02
9.42431195022645E-02
9.39930344267025E-02
9.37378576309853E-02
9.34775834613577E-02
9.32122061046423E-02
9.29417195853777E-02
0.092666117762905
9.23853943284029E-02
9.20995428018726E-02
9.18085565290753E-02
9.15124286784214E-02
9.12111522378164E-02
9.09047200114633E-02
6.70389122163018E-02
6.68045052754546E-02
5.21735600249617E-02
0.051087551150777
5.00051759033735E-02
5.33744569307112E-02
5.05103720967291E-02
8.82667271989718E-02
8.79135371490631E-02
8.75551085231833E-02
8.71914318844146E-02
8.16131477172759E-02
8.21258809109787E-02
6.97157410709884E-02
7.02609198035229E-02
7.50587044372723E-02
7.47107738311217E-02
7.68930984610879E-02
7.65236128944032E-02
7.69860699036783E-02
0.083263783957666
8.28416897945044E-02
8.24142159309189E-02
8.19813497608537E-02
8.15430784142732E-02
8.10993887549659E-02
7.90372620309929E-02
6.73643885130757E-02
0.07096475031039
7.05504556130723E-02
7.87991871395269E-02
7.83226966207732E-02
7.78406882505307E-02
7.73531467158707E-02
7.68600564311468E-02
7.63614015393852E-02
7.58571659142628E-02
7.53473331627285E-02
7.48318866283298E-02
7.43108093953111E-02
7.37840842935535E-02
7.32516939044368E-02
7.27136205677044E-02
7.21698463894257E-02
7.16203532511526E-02
7.10651228203785E-02
0.070504136562416
6.99373757538189E-02
6.93648214974863E-02
6.87864547395965E-02
6.82022562885321E-02
6.76122068359714E-02
6.70162869803349E-02
6.64144772527947E-02
6.58067581460683E-02
6.51931101462416E-02
6.45735137678856E-02
6.39479495927501E-02
6.33163983123523E-02
6.26788407747926E-02
6.20352580361721E-02
6.13856314170102E-02
6.07299425640981E-02
0.060068173518265
5.94003067885737E-02
5.87263254335084E-02
5.80462131497673E-02
5.73599543693316E-02
5.66675343655346E-02
0.05596893936893
5.52641566938222E-02
5.45531748764048E-02
5.38359838255378E-02
5.31125749872892E-02
4.50493297110425E-02
4.39000167356175E-02
4.22511360170311E-02
4.11284571058807E-02
4.10037398870326E-02
4.03722889145553E-02
3.97356775931968E-02
3.90939157018064E-02
3.84470162420298E-02
3.77949957640453E-02
3.53480976268605E-02
2.63679598995895E-02
2.54541884801694E-02
2.45529930427586E-02
2.65707592086499E-02
2.60447630913964E-02
2.07309461473688E-02
2.30298652884146E-02
1.75694346157851E-02
1.23253539526396E-02
1.24097208242477E-02
1.24751921968918E-02
0.012521654125699
1.32273282520808E-02
1.65225664525821E-02
3.21692764652183E-02
3.12888613017644E-02
3.04041139338659E-02
2.95152851278382E-02
0.028622652145552
0.027726521194174
2.68272300937483E-02
2.59251511797869E-02
0.025020694458647
2.41143110338564E-02
2.32064968215835E-02
2.22977965730334E-02
0.021388808220475
2.04801875616809E-02
1.95726532944681E-02
1.86669924084233E-02
1.75864252749364E-02
1.66961668917799E-02
0.015650862118304
1.46290978997996E-02
1.39158692280247E-02
1.26602348612521E-02
1.18399227017348E-02
6.38603425365505E-03
5.92456679485832E-03
5.37181577078325E-03
5.21010627201085E-03
4.51020721642329E-03
4.24768300330769E-03
4.85757873356247E-03
4.40948698503207E-03
2.60911852490556E-03
2.29368874690264E-03
1.78692775672202E-03
1.4993421921249E-03
1.23981732708739E-03
1.84000417208244E-03
1.46411456733211E-03
1.10602615687646E-03
9.1456391390718E-04
7.21550582604265E-04
4.6260636451904E-04
1.14312001737247E-04
6.24547104228331E-05
4.06235824224802E-05
2.18722781527251E-05
1.22451546987139E-05
6.10294090924794E-06
2.07623891620173E-06
5.25540309349146E-07
8.95340333912666E-08
6.85870029105325E-09
1.60405776439422E-10
3.56397313724868E-13
1.73481406919438E-18
2.39093376675797E-34
0
0
0
0
0
0
0
0
0
0
0
0
0
0
0
0
0
0
0
0
0
0
0
0
0
0
0
0
0
0
0
0
0
0
0
0
0
0
0
0
0
0
0
0
0
0
0
0
0
0
0
0
0
0
0
0
0
0
0
0
0
0
0
0
0
0
0
0
0
0
0
0
0
0
0
0
0
0
0
0
0
0
0
0
0
0
0
0
0
0
0
0
0
0
0
0
0
0
0
0
0
0
0
0
0
0
0
0
0
0
0
0
0
0
0
0
0
0
0
0
0
0
0
0
0
0
0
0
0
0
0
0
0
0
0
0
0
0
0
0
0
0
0
0
0
0
0
0
0
0
0
0
0
0
0
0
0
0
0
0
0
0
0
0
0
0
0
0
0
0
0
0
0
0
0
0
0
0
0
0
0
0
0
0
0
0
0
0
0
0
0
0
0
0
0
0
0
0
0
0
0
0
0
0
0
0
0
0
0
0
0
0
0
0
0
0
0
0
0
0
0
0
0
0
0
0
0
0
0
0
0
0
0
0
0
0
0
0
0
0
0
0
0
0
0
0
0
0
0
0
0
0
0
0
0
0
0
0
0
0
0
0
0
0
0
0
0
0
0
0
0
0
0
0
0
0
0
0
0
0
0
0
0
0
0
0
0
0
0
0
0
0
0
0
0
0
0
0
0
0
0
0
0
0
0
0
0
0
0
0
0
0
0
0
0
0
0
0
0
0
0
0
0
0
0
0
0
0
0
0
0
0
0
0
0
0
0
0
0
0
0
0
0
0
0
0
0
0
0
0
0
0
0
0
0
0
0
0
0
0
0
0
0
0
0
0
0
0
0
0
0
0
0
0
0
0
0
0
0
0
0
0
0
0
0
0
0
0
0
0
0
0
0
0
0
0
0
0
0
0
0
0
0
0
0
0
0
0
0
0
0
0
0
0
0
0
0
0
0
0
0
0
0
0
0
0
0
0
0
0
0
0
0
0
0
0
0
0
0
0
0
0
0
0
0
0
0
0
0
0
0
0
0
0
0
0
0
0
0
0
0
0
0
0
0
0
0
0
0
0
0
0
0
0
0
0
0
0
0
0
0
0
0
0
0
0
0
0
0
0
0
0
0
0
0
0
0
0
0
0
0
0
""
