0
0
0
0
0
0
0
0
0
0
0
0
0
0
0
0
0
0
0
0
0
0
0
0
0
0
0
0
0
0
0
0
0
0
0
0
0
0
0
0
0
0
0
0
0
0
0
0
0
0
0
0
0
0
0
0
0
0
0
0
0
0
0
0
0
0
0
0
0
0
0
0
0
0
0
0
0
0
0
0
0
0
0
0
0
0
0
0
0
0
0
0
0
0
0
0
0
0
0
0
0
0
0
0
0
0
0
0
0
0
0
0
0
0
0
0
0
0
0
0
0
0
0
0
0
0
0
0
0
0
0
0
0
0
0
0
0
0
0
0
0
0
0
0
0
0
0
0
0
0
0
0
0
0
0
0
0
0
0
0
0
0
0
0
0
0
0
0
0
0
0
0
0
0
0
0
0
0
0
0
0
0
0
0
0
0
0
0
0
0
0
0
0
0
0
0
0
0
0
0
0
0
0
0
0
0
0
0
0
0
0
0
0
0
0
0
0
0
0
0
0
0
0
0
0
0
0
0
0
0
0
0
0
0
0
0
0
0
0
0
0
0
0
0
0
0
0
0
0
0
0
0
0
0
0
0
0
0
0
0
0
0
0
0
0
0
0
0
0
0
0
0
0
0
0
0
0
0
0
0
0
0
0
0
0
0
0
0
0
0
0
0
0
0
0
0
0
0
0
0
0
0
0
0
0
0
0
0
0
0
0
0
0
0
0
0
0
0
0
0
0
0
0
0
0
0
0
0
0
0
0
0
0
0
0
0
0
0
0
0
0
0
0
0
0
0
0
0
0
0
0
0
0
0
0
0
0
0
0
0
0
0
0
0
0
0
0
0
0
0
0
0
0
0
0
0
0
0
0
0
0
0
0
0
0
0
0
0
0
0
0
0
0
0
0
0
0
0
0
0
0
0
0
0
0
0
0
0
0
0
0
0
0
0
0
0
0
0
0
0
0
0
0
0
0
0
0
0
0
0
0
0
0
0
0
0
0
0
0
0
0
0
0
0
0
0
0
0
0
0
0
0
0
0
0
0
0
0
0
0
0
0
0
0
0
0
0
0
0
0
0
0
0
0
0
0
0
0
0
0
0
0
0
0
0
0
0
0
0
0
0
0
0
0
0
0
0
0
0
0
0
0
0
0
0
2.55413572375026E-43
1.41495953589465E-19
1.51767808514196E-13
1.29660844660111E-10
5.93084058228694E-09
6.64274349288513E-08
4.30669667354471E-07
1.55602275587182E-06
4.50919409210574E-06
9.77121393704611E-06
2.05538017780248E-05
3.29334399255979E-05
5.46594211078414E-05
8.14482303111262E-05
1.15062606510529E-04
1.99271826359946E-04
2.60228431759001E-04
3.29967392422815E-04
4.0816871150796E-04
4.63513573461787E-04
5.69840023391049E-04
6.67536782488294E-04
7.96420894216008E-04
9.3816296698767E-04
2.08909678840295E-03
2.26827977911312E-03
2.48045617149227E-03
2.69218866869525E-03
3.19252048152767E-03
3.90028489499291E-03
4.22744192052425E-03
4.62178498639793E-03
5.03007404258838E-03
4.60216759048242E-03
7.47129046161986E-03
8.01725120218545E-03
8.49103653196097E-03
8.96747546972348E-03
9.44598691267074E-03
9.92604266357668E-03
1.04071631196047E-02
1.08889132230127E-02
1.13708986819084E-02
1.18527624608717E-02
1.23341815354407E-02
1.28148639005168E-02
1.32945458202152E-02
1.37729893051929E-02
1.42499798027564E-02
1.47253240848582E-02
1.51988483192979E-02
1.56703963098957E-02
1.61398278920509E-02
1.66070174708379E-02
1.24624524634021E-02
1.19232785880816E-02
1.18760859674576E-02
9.77917971992702E-03
1.13434807575038E-02
0.010840235646482
1.02993876827744E-02
6.07578193829852E-03
6.41569696318238E-03
5.70673318503199E-03
6.04053281609331E-03
6.16213294134948E-03
6.73166534002115E-03
6.86013384435714E-03
9.31691477168327E-03
9.9600455184988E-03
9.17070124549856E-03
1.00652417623222E-02
8.98640146716543E-03
2.20736308813508E-02
2.26852193694714E-02
2.27785427500452E-02
2.36586165004945E-02
1.75370699915526E-02
1.86146019775085E-02
1.86029796567322E-02
1.80184278675786E-02
2.59703792742478E-02
2.63180219046839E-02
2.63698887140533E-02
2.67082258879799E-02
2.67433456655399E-02
2.37264887652509E-02
2.43204925122059E-02
2.92803306556389E-02
2.86742355705335E-02
2.86812246825928E-02
0.029322870081398
2.96431409612845E-02
2.99607276955739E-02
2.96102417469505E-02
2.99156280667883E-02
0.03055795188898
3.01757188754313E-02
2.80462545831705E-02
2.76156658552645E-02
3.24623847914297E-02
3.16937917952739E-02
2.44350883008337E-02
2.39276833681081E-02
0.033279928161644
3.68858156498036E-02
3.71974741513361E-02
3.75063353710485E-02
3.78124094024731E-02
3.12548790753318E-02
3.22696378383136E-02
3.29069059772052E-02
3.35477659651831E-02
3.49781697370633E-02
3.48399643103194E-02
3.34972695458883E-02
3.37359313544003E-02
3.35678898481128E-02
2.23970799453697E-02
2.13189598018652E-02
1.98102514411518E-02
2.16018629649102E-02
2.25774369425143E-02
2.27207362831359E-02
2.49795138654519E-02
2.93927858283927E-02
2.82847543660083E-02
3.75061440510656E-02
3.20884076847238E-02
3.22731043505711E-02
3.20172796626619E-02
3.08725701015393E-02
2.03989127544709E-02
2.14006397332923E-02
2.10660055138292E-02
0.020274900735019
1.81147246792822E-02
1.82062896215395E-02
1.82968309724802E-02
1.83863508382829E-02
1.84748512732383E-02
1.80982759236901E-02
1.81825817687287E-02
1.49874046221839E-02
1.55254258730693E-02
0.016539364077222
1.66114852564102E-02
1.66827258150747E-02
1.57957679479059E-02
3.36451417797884E-02
3.57127768110053E-02
3.58559823368896E-02
3.45379890234701E-02
2.83234805762348E-02
2.64706004506852E-02
2.85378491703278E-02
2.86428730383085E-02
3.32071166379913E-02
3.53146770818109E-02
3.39405886882442E-02
4.60771047711417E-02
4.32171689858093E-02
4.03350167294174E-02
3.94543958795308E-02
2.13124331714799E-02
2.34152707910534E-02
1.42965714162665E-02
1.38275516081664E-02
1.43821093983861E-02
1.54541258775021E-02
1.34317003296853E-02
1.24330986010874E-02
1.45449723805404E-02
1.45839806673493E-02
1.46223071266772E-02
1.36128128562323E-02
1.36471369721528E-02
1.52593866879008E-02
1.47688054092532E-02
1.58611399625851E-02
2.43766766272942E-02
2.28384444171561E-02
2.23566531691352E-02
2.24049723561746E-02
2.24522759845376E-02
2.19628845441426E-02
2.20070808786256E-02
1.93612280815837E-02
1.99371387048072E-02
1.83548037498443E-02
1.89290027760033E-02
1.89625115117415E-02
0.019537896878877
2.01142583959654E-02
2.28695794466659E-02
2.23603725824969E-02
2.29409060631327E-02
2.24280303304322E-02
1.58866115898621E-02
0.015908798135742
1.42823277557942E-02
1.32008965803187E-02
1.21160694911797E-02
1.21307896030471E-02
0.012697027009427
1.21586479018075E-02
1.10652603459972E-02
9.41521658181444E-03
1.10877115255342E-02
1.05433079206749E-02
1.05528351365709E-02
1.05619076932078E-02
1.11268691386591E-02
1.11354623033941E-02
0.011700756008973
1.44965778918108E-02
1.33900466557688E-02
1.33980630866078E-02
8.37844117891078E-03
8.38273445441233E-03
8.94578058369471E-03
8.39024574529621E-03
7.83389957753766E-03
7.83656868534001E-03
7.83890337790083E-03
6.72077458073197E-03
6.16201897399751E-03
9.52473713621964E-03
1.00862979343493E-02
1.00871502169813E-02
1.00875726472749E-02
0.011208405810263
1.12079199586627E-02
1.12069564931183E-02
0.010645239634263
8.40269750931359E-03
8.40090022400308E-03
7.83882836830428E-03
7.27673341003349E-03
7.27424423457741E-03
7.83078639116754E-03
7.26833419768367E-03
6.70607379640819E-03
6.14407683859176E-03
6.14065648157133E-03
6.1369732090633E-03
5.57547907738379E-03
5.01448726724309E-03
5.01082815721656E-03
5.00695380337571E-03
5.00286416720968E-03
4.44316374031403E-03
4.99403888205151E-03
6.65240419216265E-03
6.09198571167451E-03
6.63891364903273E-03
7.18438205837407E-03
7.17629621258962E-03
7.16789883133514E-03
7.7098967360025E-03
8.80020812942595E-03
8.7887219342918E-03
8.22829860598609E-03
7.66902301977058E-03
7.65796453770598E-03
8.19275335426935E-03
5.99880181348295E-03
7.62277102903686E-03
6.5231714849502E-03
5.42687545707198E-03
5.9592874032438E-03
6.48954211924806E-03
5.93794149669923E-03
6.46567738549394E-03
6.45331105027638E-03
6.9773764709797E-03
7.49899463953978E-03
6.94901387977966E-03
6.93436143431181E-03
6.91939464272681E-03
7.43519895215404E-03
6.8885172456641E-03
6.34394421832028E-03
6.8563800735949E-03
6.83983853847482E-03
7.87267085283766E-03
7.85285589587655E-03
8.35485465926774E-03
8.3329403831595E-03
7.79122170034319E-03
7.76994621347373E-03
8.26485849215927E-03
7.7262972474727E-03
8.21751798973537E-03
8.19326090548622E-03
8.16861210310907E-03
8.65254439654705E-03
9.13290501287156E-03
9.60961987266748E-03
1.00826147794699E-02
9.54688061418978E-03
9.51480906497214E-03
8.48413528589474E-03
8.45460052179773E-03
8.42464540906553E-03
7.40670831046603E-03
7.37953412310324E-03
6.86185509294292E-03
6.83579701730211E-03
7.29577550175261E-03
7.26710887097923E-03
7.23806779048324E-03
7.20865169529019E-03
6.70026933813436E-03
7.14869212417491E-03
8.54177692867683E-03
8.97715207985723E-03
9.40790018180159E-03
1.03022277736225E-02
9.78906301234969E-03
9.74364917350678E-03
9.23590683409425E-03
9.65122099279964E-03
1.00615476466787E-02
9.55665183345457E-03
1.17725049259769E-02
1.12618249404233E-02
1.12032910805478E-02
1.02525842147703E-02
9.75417526714072E-03
9.70096159119528E-03
7.89314507522026E-03
7.84867177813261E-03
7.3701888312558E-03
8.62035179460788E-03
8.14090083074042E-03
8.51786152217774E-03
8.4658270730026E-03
7.9926012889696E-03
7.9421637628613E-03
7.47589425937576E-03
6.60191469580317E-03
0.00737793305707
7.3282298955441E-03
7.27804308153247E-03
7.62889173597037E-03
7.97356942101468E-03
7.52037480669673E-03
7.0724289133863E-03
6.62981185043732E-03
6.96667956755205E-03
7.68118176766991E-03
7.62105682988768E-03
7.93839725083734E-03
7.87410153741445E-03
6.32174988146567E-03
6.63750157998551E-03
6.94648467745095E-03
6.88618221814396E-03
2.90975118772912E-02
2.88358417446937E-02
2.82191239305541E-02
2.13165379503083E-02
2.63062687193952E-02
2.53664568586157E-02
2.54561894439797E-02
2.52009531237033E-02
0.02494352946608
2.46839100719652E-02
2.50733421902676E-02
2.48022652106932E-02
2.45289081917881E-02
2.07885108517644E-02
2.30412168533646E-02
2.18487033763675E-02
2.21962774898491E-02
2.19261946033408E-02
2.01707597702531E-02
2.07936613315857E-02
2.22589818241005E-02
2.22499978391732E-02
2.22309537019822E-02
0.021091663989185
2.40775538349212E-02
2.23821478735871E-02
2.44434286049151E-02
2.40748868908019E-02
2.42187934367505E-02
2.40900032959738E-02
2.37006267898777E-02
2.30629614287931E-02
0.022189491932781
2.18038862827153E-02
2.09498968760693E-02
2.03386212583791E-02
2.06301259407226E-02
2.04531910660574E-02
2.00492083772726E-02
1.98536487810962E-02
1.24083292939923E-02
1.33565901782566E-02
1.26662827089104E-02
1.23788913554964E-02
1.03895875930722E-02
1.03239059952013E-02
1.04273802446707E-02
1.05109897101987E-02
1.22802115557655E-02
1.21113797516264E-02
1.17702734506182E-02
0.010331742603114
9.41317283827873E-03
1.26496944921665E-02
1.12444989545954E-02
1.08676342076943E-02
9.29460634519866E-03
9.08678484088141E-03
4.55750318161765E-03
4.26100921474041E-03
4.20107736922585E-03
4.24018907168104E-03
4.05231235737247E-03
4.16197038780261E-03
7.07208194720915E-03
6.53422532295995E-03
5.84749900884025E-03
3.92046724434379E-03
3.61468136035644E-03
5.29817781126692E-03
5.54624835639891E-03
5.16326777107372E-03
4.78578998204095E-03
3.99421285242044E-03
3.66499170464592E-03
3.34323144334878E-03
2.47175721929346E-03
2.2955946923177E-03
1.88854415534144E-03
1.47181013666887E-03
1.11461243442226E-03
7.06899209593166E-04
7.12802811207434E-04
6.14136036697605E-04
6.58666062178722E-04
5.72980129200066E-04
3.22470894925001E-04
2.40492776156052E-04
1.72955014747024E-04
1.12576110816656E-04
6.89313394802925E-05
4.18018769701667E-05
2.09038120676548E-05
1.11146943066601E-05
5.59325428943607E-06
2.18015248497321E-06
5.39257525109776E-07
8.05611367394145E-08
6.14959117289582E-09
1.16954945620702E-10
1.25645554668851E-13
3.77807095746226E-20
1.73869701653614E-45
0
0
0
0
0
0
0
0
0
0
0
0
0
0
0
0
0
0
0
0
0
0
0
0
0
0
0
0
0
0
0
0
0
0
0
0
0
0
0
0
0
0
0
0
0
0
0
0
0
0
0
0
0
0
0
0
0
0
0
0
0
0
0
0
0
0
0
0
0
0
0
0
0
0
0
0
0
0
0
0
0
0
0
0
0
0
0
0
0
0
0
0
0
0
0
0
0
0
0
0
0
0
0
0
0
0
0
0
0
0
0
0
0
0
0
0
0
0
0
0
0
0
0
0
0
0
0
0
0
0
0
0
0
0
0
0
0
0
0
0
0
0
0
0
0
0
0
0
0
0
0
0
0
0
0
0
0
0
0
0
0
0
0
0
0
0
0
0
0
0
0
0
0
0
0
0
0
0
0
0
0
0
0
0
0
0
0
0
0
0
0
0
0
0
0
0
0
0
0
0
0
0
0
0
0
0
0
0
0
0
0
0
0
0
0
0
0
0
0
0
0
0
0
0
0
0
0
0
0
0
0
0
0
0
0
0
0
0
0
0
0
0
0
0
0
0
0
0
0
0
0
0
0
0
0
0
0
0
0
0
0
0
0
0
0
0
0
0
0
0
0
0
0
0
0
0
0
0
0
0
0
0
0
0
0
0
0
0
0
0
0
0
0
0
0
0
0
0
0
0
0
0
0
0
0
0
0
0
0
0
0
0
0
0
0
0
0
0
0
0
0
0
0
0
0
0
0
0
0
0
0
0
0
0
0
0
0
0
0
0
0
0
0
0
0
0
0
0
0
0
0
0
0
0
0
0
0
0
0
0
0
0
0
0
0
0
0
0
0
0
0
0
0
0
0
0
0
0
0
0
0
0
0
0
0
0
0
0
0
0
0
0
0
0
0
0
0
0
0
0
0
0
0
0
0
0
0
0
0
0
0
0
0
0
0
0
0
0
0
0
0
0
0
0
0
0
0
0
0
0
0
0
0
0
0
0
0
0
0
0
0
0
0
0
0
0
0
0
0
0
0
0
0
0
0
0
0
0
0
0
0
0
0
0
0
0
0
0
0
0
0
0
0
""
