0
0
0
0
0
0
0
0
0
0
0
0
0
0
0
0
0
0
0
0
0
0
0
0
0
0
0
0
0
0
0
0
0
0
0
0
0
0
0
0
0
0
0
0
0
0
0
0
0
0
0
0
0
0
0
0
0
0
0
0
0
0
0
0
0
0
0
0
0
0
0
0
0
0
0
0
0
0
0
0
0
0
0
0
0
0
0
0
0
0
0
0
0
0
0
0
0
0
0
0
0
0
0
0
0
0
0
0
0
0
0
0
0
0
0
0
0
0
0
0
0
0
0
0
0
0
0
0
0
0
0
0
0
0
0
0
0
0
0
0
0
0
0
0
0
0
0
0
0
0
0
0
0
0
0
0
0
0
0
0
0
0
0
0
0
0
0
0
0
0
0
0
0
0
0
0
0
0
0
0
0
0
0
0
0
0
0
0
0
0
0
0
0
0
0
0
0
0
0
0
0
0
0
0
0
0
0
0
0
0
0
0
0
0
0
0
0
0
0
0
0
0
0
0
0
0
0
0
0
0
0
0
0
0
0
0
0
0
0
0
0
0
0
0
0
0
0
0
0
0
0
0
0
0
0
0
0
0
0
0
0
0
0
0
0
0
0
0
0
0
0
0
0
0
0
0
0
0
0
0
0
0
0
0
0
0
0
0
0
0
0
0
0
0
0
0
0
0
0
0
0
0
0
0
0
0
0
0
0
0
0
0
0
0
0
0
0
0
0
0
0
0
0
0
0
0
0
0
0
0
0
0
0
0
0
0
0
0
0
0
0
0
0
0
0
0
0
0
0
0
0
0
0
0
0
0
0
0
0
0
0
0
0
0
0
0
0
0
0
0
0
0
0
0
0
0
0
0
0
0
0
0
0
0
0
0
0
0
0
0
0
0
0
0
0
0
0
0
0
0
0
0
0
0
0
0
0
0
0
0
0
0
0
0
0
0
0
0
0
0
0
0
0
0
0
0
0
0
0
0
0
0
0
0
0
0
0
0
0
0
0
0
0
0
0
0
0
0
0
0
0
0
0
0
0
0
0
0
0
9.32821416105143E-65
1.5733076504128E-20
8.96827872430056E-13
1.47744623480169E-09
8.93015861164187E-08
1.19161058948916E-06
7.07414080432551E-06
2.60714853986165E-05
7.06826301478561E-05
1.5543109260436E-04
2.94433900761016E-04
2.84793535979767E-04
7.7994327939764E-04
1.14104025407212E-03
1.58568186213381E-03
1.75475875971898E-03
2.45239172902602E-03
3.34649987298273E-03
4.05452574117636E-03
4.86518962939824E-03
5.91706765056854E-03
6.87908883257326E-03
7.89669270399951E-03
8.96498489589857E-03
1.00792784356216E-02
1.12351385350288E-02
1.24284075676784E-02
0.013655215664413
1.49119811095306E-02
1.61954037082203E-02
1.59272326811059E-02
1.71356244484751E-02
2.01765790873943E-02
0.021538811029307
2.29149492168285E-02
2.33309579263828E-02
0.024673410649145
2.19579146950951E-02
2.39591955065318E-02
2.45533559513768E-02
2.57218877531469E-02
2.72214285512894E-02
1.77987623295239E-02
1.99705756470458E-02
1.89190459191293E-02
1.92654749008372E-02
2.03823723612297E-02
2.11135095376821E-02
2.18439240736457E-02
1.77046038208381E-02
1.82757836733268E-02
1.88458709258454E-02
1.89293544682556E-02
2.14808747774961E-02
2.20893296241952E-02
2.32238933029857E-02
2.92617407493258E-02
3.27985823040616E-02
5.69886068099077E-02
5.83816009840492E-02
5.97696414230039E-02
6.11525852530076E-02
6.25303038452412E-02
6.39026815043049E-02
6.52696142776217E-02
6.66310088742448E-02
6.79867816826825E-02
6.44832778268778E-02
6.57334886694328E-02
0.036730026739371
3.59426141702375E-02
3.36055338695057E-02
2.73598882552988E-02
6.18515306829773E-02
6.36847134794811E-02
6.23420696913689E-02
6.90389299894985E-02
0.070960923922751
0.074579336128676
7.57169001748781E-02
7.94394004528988E-02
4.99394172312482E-02
4.97686976205858E-02
7.21009214468535E-02
7.30987513670422E-02
7.50177709119133E-02
7.60180357647231E-02
7.79640597770421E-02
7.89665044926497E-02
8.09390329972324E-02
7.79943285044359E-02
7.49481667545211E-02
0.060677148980953
6.65080508372274E-02
0.074523874597865
7.43259908670879E-02
7.93930649392112E-02
8.45490881296156E-02
9.08751688151846E-02
9.29382448957875E-02
9.39142278213582E-02
9.48849683741003E-02
0.095850470132966
0.104783385600716
0.115018554893262
0.116135974815768
0.117247248268783
0.118352379336606
0.119451372018064
0.120544230211313
0.121630957700362
0.122711558143208
0.123786035061413
0.124854391831023
0.125916631674705
0.126972757654995
0.12802277266857
0.129066679441443
0.130104480525014
0.131136178292889
0.132161774938409
0.133181272472821
0.134194672724032
0.135201977335897
0.136203187767986
0.137198305295798
0.138187331011359
0.139170265824189
0.140147110462585
0.141117865475203
0.142082531232898
0.143041107930797
0.142553659634681
0.140591794241098
0.131292272727352
0.142410086349361
0.14478779734789
0.148664687261044
0.149580631765976
0.150490482754696
0.151394238962145
0.152291898976641
0.153183461243273
0.154068924067339
0.154948285617819
0.155821543930859
0.156688696913292
0.13706827584115
0.136228022983842
0.136958010928298
0.129677929569129
0.13196489599737
0.132645881597445
0.133321846084829
0.1356268453765
0.136300881087253
0.13696982673811
0.135975442499039
0.144957132635066
0.117183454209762
0.121094156939229
0.118273101595432
0.128995305225761
0.136394878806725
0.140425304293324
0.142760812252061
0.14337869621929
0.143991456570319
0.139372616792897
0.139953342505233
0.140529119885068
0.141099945550199
0.177082270102799
0.177783410035999
0.178478347382026
0.17916707774836
0.179849596707865
0.180525899801336
0.181195982539996
0.181859840407956
0.182517468864628
0.183168863347096
0.183814019272446
0.184452932040054
0.185085597033833
0.185712009624434
0.186332165171421
0.186946059025384
0.187553686530034
0.188155043024246
0.188750123844066
0.189338924324683
0.189921439802361
0.190497665616334
0.185335569197346
0.18588229274699
0.186422901795157
0.190812183434654
0.191351444172545
0.191884450620769
0.192411198235324
0.192931682488901
0.130917931560148
0.158689507824614
0.159099962804058
0.159505278560674
0.163853734229877
0.162279496204348
0.16267418596463
0.163063658539841
0.169427711958517
0.123869148153737
0.122149329178785
0.126437393620133
0.179012255187849
0.17738517906943
0.17574380770716
0.159918349039208
0.162276642240325
0.140247268782837
0.142563127962309
0.144882528392015
0.147205274895307
0.200740477711041
0.205216249735004
0.205588849670332
0.205955018247843
0.206314751804164
0.206668046725718
0.207014899449592
0.207355306464403
0.207689264311123
0.208016769583905
0.20833781893087
0.208652409054884
0.208960536714315
0.20926219872377
0.20955739195481
0.209846113336646
0.210128359856828
0.204092004705038
0.206459948226866
0.210936221011667
0.211192539150131
0.198755826166464
0.203218277470726
0.188611068496943
0.203666779451158
0.203881672708629
0.201964383511575
0.11278661260157
0.112894910306349
0.162037389602886
0.16218278997665
0.16232324074377
0.173146815408759
0.162589287426324
0.162714880453968
0.162835518099952
0.16509529377406
0.145897509194515
0.154579912923482
0.152527141376492
0.152616678044441
0.148400125788835
0.148478128570102
0.111951948655505
0.161544143263456
0.16376908539218
0.215572550890822
0.215652926709893
0.215726765243827
0.215794065676922
0.207220634174629
0.215909049336733
0.215956731291384
0.215997872601307
0.216032472810847
0.216060531536667
0.216082048467816
0.216097023365789
0.21610545606457
0.21610734647066
0.213941667617468
0.196643265358055
0.216073764085874
0.216049485836939
0.216018665915752
0.215981304663827
0.215937402495034
0.215886959895529
0.215829977423657
0.215766455709854
0.215696395456527
0.215619797437924
0.215536662499992
0.215446991560214
0.215350785607443
0.215248045701712
0.215138772974038
0.215022968626208
0.21490063393055
0.214771770229693
0.214636378936315
0.214494461532866
0.201485258397014
0.201339591392366
0.194766907359753
0.186059559717151
0.188044594846013
0.192155400481713
0.187720233947735
0.183286969401406
0.198019142093023
0.212716726861917
0.212503139732141
0.212283049606264
0.212056458842629
0.211823369864027
0.211583785157198
0.211337707272318
0.211085138822468
0.21082608248309
0.210560540991419
0.210288517145909
0.210010013805628
0.209725033889648
0.209433580376407
0.209135656303065
0.208831264764825
0.206435204825113
0.191546844603729
0.19124897179542
0.190945160830896
0.205140283333457
0.204800586448509
0.159020174267611
0.150499496431058
0.16464099482055
0.168454535060021
7.17699662176405E-02
7.16363573725727E-02
6.53718863799969E-02
6.72845463308966E-02
6.10474709268105E-02
5.68635659775385E-02
5.67476985455063E-02
6.06750410962896E-02
6.05470570105731E-02
6.24310597046849E-02
6.63138684568012E-02
6.61667594311285E-02
6.60175443171422E-02
6.58662245126107E-02
6.57128014267207E-02
6.75438606154142E-02
6.14360358839146E-02
0.065239926735358
0.063106041046991
6.68812834162915E-02
6.86723060234247E-02
7.43649273902551E-02
7.22171282563792E-02
7.59171442739544E-02
7.76523726410941E-02
7.93744396277995E-02
7.72220546827089E-02
7.89281831076323E-02
8.06207134892766E-02
0.109094631019794
0.108771844648206
0.127470989856509
0.136566955798994
0.139927457333856
0.150799765268233
0.152200600755296
0.153584337196946
0.166152052198258
0.163742622228895
0.163194560688516
0.157096415310599
0.158398248078675
0.157846516317119
0.157289417111687
0.160371767306045
0.161606543741309
0.161013371262166
0.16041466034738
0.163401660287208
0.051874365589422
4.98920161203326E-02
4.96967004445161E-02
4.94996485603495E-02
4.93008616827056E-02
4.73467574073111E-02
4.88980877483841E-02
4.17378026237869E-02
0.041561475529302
3.96593469126352E-02
3.94875270375415E-02
3.93142886755941E-02
4.42448022181627E-02
4.74338992462251E-02
4.38451244639882E-02
4.19643132916789E-02
9.69024930652063E-02
0.154643310800008
0.163831986085681
0.163037597130446
0.163875893970135
0.163061215151432
0.162240408243991
0.161413476306084
0.160580422296644
0.159741249071837
0.158895959381596
0.158044555866147
0.157187041052504
0.156323417350966
0.14923553956953
0.1128418321941
0.153695915197252
0.152807877589508
0.151913741271358
0.151013507878919
0.147105035328921
0.147702808148933
0.148276239477872
0.147351631273499
0.146420931989051
0.145484142362907
0.14454126297256
0.143592294231633
0.142637236387014
0.141676089516131
0.14070885352438
0.139735528142725
0.138756112925504
0.137770607248443
0.136779010306928
0.135781321114541
0.134777538501912
0.133767661115896
0.132751687419138
0.131729615690039
0.130701444023189
0.129667170330295
0.128626792341667
0.127580307608311
9.10999537233795E-02
9.41017554241756E-02
0.110719725383013
0.109766589071664
0.111253128274401
0.110267428809786
8.40585787251367E-02
8.44816481331996E-02
7.07319921606952E-02
9.92620907823445E-02
0.114508412333856
0.114545047379765
0.11341887940511
0.11228655482323
0.111148069399891
0.110003418907952
0.108852599155216
0.107695606015335
0.106532435462056
0.105363083607132
0.104187546742205
8.44647735357425E-02
8.34906815510804E-02
8.25115100197804E-02
8.25214917514434E-02
8.05379205740359E-02
7.95434997990551E-02
7.75861403012237E-02
8.03762101306844E-02
7.93295948872794E-02
7.91986244921832E-02
7.72205584601962E-02
7.25742301308209E-02
7.15567983487129E-02
7.83715108975806E-02
7.72299124080323E-02
0.076082767301555
7.57626429815198E-02
7.54112580031926E-02
6.77676268190466E-02
6.58826060971001E-02
6.40185844022863E-02
6.37109693532827E-02
6.26176425117374E-02
6.07781497414826E-02
5.60486841572458E-02
5.64497651980239E-02
5.60915556610532E-02
5.43264762205362E-02
4.78647934851759E-02
5.08639259727912E-02
6.33994376522595E-02
4.05273988491465E-02
4.21256024099952E-02
0.04482141247616
4.20208989621359E-02
4.10338926725988E-02
3.66594647383277E-02
3.90495845486267E-02
3.85884818651468E-02
4.54022345966288E-02
0.044173144007687
4.29406941587844E-02
0.041705125147154
4.00015680126958E-02
0.03922571990533
4.01654042527574E-02
3.84264832194685E-02
3.05955446410964E-02
2.95200120103397E-02
3.14780239110206E-02
2.99223047023314E-02
2.97980679054666E-02
2.82440622780518E-02
2.38231468374499E-02
2.36899255193595E-02
2.20072327414541E-02
1.95475511334742E-02
2.54531054740946E-02
2.41056623987256E-02
2.18185402390138E-02
2.00992621737126E-02
1.88658011117786E-02
1.76456328657337E-02
1.68060765689016E-02
1.55922069962797E-02
1.23639910064059E-02
1.13586721460636E-02
1.05068215646487E-02
9.53633779377563E-03
8.59396379785297E-03
8.5472185585227E-03
8.50818370581485E-03
7.46070207864673E-03
6.46595282304482E-03
5.3630312665423E-03
3.58403906159376E-03
2.9245374836558E-03
2.36676267853022E-03
1.35148041315363E-03
1.05332320939321E-03
8.18767021479433E-04
7.3389702123243E-04
4.10779123342127E-04
2.5875334278773E-04
1.39271306024397E-04
7.28470711268921E-05
3.05999219992323E-05
9.12100408732148E-06
2.04301482970901E-06
2.45358467109616E-07
1.13533068644465E-08
5.90877042948121E-11
1.84640682993272E-15
8.65881907582027E-29
0
0
0
0
0
0
0
0
0
0
0
0
0
0
0
0
0
0
0
0
0
0
0
0
0
0
0
0
0
0
0
0
0
0
0
0
0
0
0
0
0
0
0
0
0
0
0
0
0
0
0
0
0
0
0
0
0
0
0
0
0
0
0
0
0
0
0
0
0
0
0
0
0
0
0
0
0
0
0
0
0
0
0
0
0
0
0
0
0
0
0
0
0
0
0
0
0
0
0
0
0
0
0
0
0
0
0
0
0
0
0
0
0
0
0
0
0
0
0
0
0
0
0
0
0
0
0
0
0
0
0
0
0
0
0
0
0
0
0
0
0
0
0
0
0
0
0
0
0
0
0
0
0
0
0
0
0
0
0
0
0
0
0
0
0
0
0
0
0
0
0
0
0
0
0
0
0
0
0
0
0
0
0
0
0
0
0
0
0
0
0
0
0
0
0
0
0
0
0
0
0
0
0
0
0
0
0
0
0
0
0
0
0
0
0
0
0
0
0
0
0
0
0
0
0
0
0
0
0
0
0
0
0
0
0
0
0
0
0
0
0
0
0
0
0
0
0
0
0
0
0
0
0
0
0
0
0
0
0
0
0
0
0
0
0
0
0
0
0
0
0
0
0
0
0
0
0
0
0
0
0
0
0
0
0
0
0
0
0
0
0
0
0
0
0
0
0
0
0
0
0
0
0
0
0
0
0
0
0
0
0
0
0
0
0
0
0
0
0
0
0
0
0
0
0
0
0
0
0
0
0
0
0
0
0
0
0
0
0
0
0
0
0
0
0
0
0
0
0
0
0
0
0
0
0
0
0
0
0
0
0
0
0
0
0
0
0
0
0
0
0
0
0
0
0
0
0
0
0
0
0
0
0
0
0
0
0
0
0
0
0
0
0
0
0
0
0
0
0
0
0
0
0
0
0
0
0
0
0
0
0
0
0
0
0
0
0
""
