0
0
0
0
0
0
0
0
0
0
0
0
0
0
0
0
0
0
0
0
0
0
0
0
0
0
0
0
0
0
0
0
0
0
0
0
0
0
0
0
0
0
0
0
0
0
0
0
0
0
0
0
0
0
0
0
0
0
0
0
0
0
0
0
0
0
0
0
0
0
0
0
0
0
0
0
0
0
0
0
0
0
0
0
0
0
0
0
0
0
0
0
0
0
0
0
0
0
0
0
0
0
0
0
0
0
0
0
0
0
0
0
0
0
0
0
0
0
0
0
0
0
0
0
0
0
0
0
0
0
0
0
0
0
0
0
0
0
0
0
0
0
0
0
0
0
0
0
0
0
0
0
0
0
0
0
0
0
0
0
0
0
0
0
0
0
0
0
0
0
0
0
0
0
0
0
0
0
0
0
0
0
0
0
0
0
0
0
0
0
0
0
0
0
0
0
0
0
0
0
0
0
0
0
0
0
0
0
0
0
0
0
0
0
0
0
0
0
0
0
0
0
0
0
0
0
0
0
0
0
0
0
0
0
0
0
0
0
0
0
0
0
0
0
0
0
0
0
0
0
0
0
0
0
0
0
0
0
0
0
0
0
0
0
0
0
0
0
0
0
0
0
0
0
0
0
0
0
0
0
0
0
0
2.44637243755347E-84
9.17943192057403E-33
3.26488022323647E-21
4.35285205814867E-16
3.17527624829337E-13
1.71725549379849E-11
3.07495512692896E-10
3.08968986757357E-09
1.55267082289683E-08
9.97628607641605E-08
4.52854275164939E-07
7.49318862784332E-07
1.41157336106655E-06
2.6448949509853E-06
4.54646916106301E-06
6.97281395078556E-06
1.03206637589931E-05
1.56029404609672E-05
3.08117035335417E-05
3.87841434347694E-05
5.06025328064456E-05
6.87070335141198E-05
1.00320437619196E-04
1.22683422372975E-04
1.41688107315493E-04
1.89006793769629E-04
1.9667141313563E-04
2.24447609331728E-04
2.64350842723708E-04
1.43857195026159E-04
1.80439042887154E-04
2.01591406092369E-04
2.46636254254322E-04
2.65658052048799E-04
2.913039710873E-04
2.72376051367707E-04
3.03926318089349E-04
3.19643147465482E-04
3.34558097998102E-04
3.6908302256214E-04
4.16409598199509E-04
4.55326890805797E-04
4.7126819807413E-04
4.99214896917189E-04
5.27450558890586E-04
5.7056605708856E-04
1.53851308255312E-03
1.61450661130835E-03
1.69088541375917E-03
1.76756990232613E-03
1.84448573631252E-03
1.92156358645743E-03
1.97875150710811E-03
2.07595164194797E-03
2.15314609764771E-03
2.23027060104794E-03
2.30727732777064E-03
2.38412207157326E-03
2.46076403254607E-03
2.46105064527142E-03
2.56102638165448E-03
2.66222098262569E-03
2.76459612539921E-03
2.83971764842697E-03
2.88530782500637E-03
2.15192021009616E-03
2.41951299862051E-03
2.47753791840074E-03
2.53519642141876E-03
2.69092528180005E-03
2.74997747482021E-03
2.63735945028309E-03
2.69202695189054E-03
3.42394756249683E-03
3.41836023771857E-03
3.70595603435045E-03
3.77481374498968E-03
3.84312143128253E-03
3.9108748057547E-03
3.97807037614866E-03
4.04470538714031E-03
4.11077776585195E-03
4.1762860709288E-03
4.24122944495819E-03
4.30560757002297E-03
4.36942062619217E-03
4.43266925276339E-03
0.004495354512082
4.55747785577296E-03
4.61904109323047E-03
4.68004636222052E-03
4.74049610146003E-03
4.80039302504486E-03
4.85974009860691E-03
4.91854051708803E-03
4.97679768402571E-03
5.03451519225194E-03
2.90226717937063E-03
4.78796219266538E-03
4.68402134704686E-03
4.6814588708768E-03
4.78363021906694E-03
3.49031031525117E-03
3.41696948901188E-03
3.17683863480239E-03
2.82048027953966E-03
3.68471549470914E-03
2.70478033980786E-03
2.72953371962954E-03
2.69667937163793E-03
2.60470132538745E-03
2.62726284232968E-03
2.98731777681948E-03
2.97753842594067E-03
3.28145161995296E-03
2.80040748354265E-03
2.76136777313491E-03
2.99944151449541E-03
2.95276885688358E-03
2.97358051218759E-03
2.99037941353173E-03
3.08424992123216E-03
3.26258851280267E-03
3.27441303053058E-03
3.37067818256264E-03
3.01143617542786E-03
3.0963624993508E-03
2.89266859948118E-03
2.77297048840266E-03
2.84664661283231E-03
2.92084307681867E-03
2.99555067339283E-03
3.07076030964955E-03
3.25883668387235E-03
3.33774452906063E-03
3.41714478288895E-03
3.25585410517623E-03
3.3306704485358E-03
3.65821092268039E-03
3.73949227914037E-03
3.42592345392765E-03
3.63419310733868E-03
3.71109860531533E-03
4.06902068909999E-03
4.29565048730881E-03
4.38239080263031E-03
4.46954447938008E-03
5.31662063348428E-03
5.57407145081072E-03
5.68008597214509E-03
5.9472959680312E-03
6.38460220136614E-03
6.50090884040334E-03
8.9932594742934E-03
0.014160580942939
1.44080014676969E-02
1.46563411335524E-02
1.49055801581832E-02
1.57101757697334E-02
1.59703372038404E-02
8.21116401431909E-03
7.17941762819339E-03
7.29377768153152E-03
7.40849199922896E-03
7.32021305939681E-03
8.25832479366104E-03
1.06888808607777E-02
1.46778437551693E-02
1.81328555206402E-02
1.86167467681456E-02
1.95520011353234E-02
2.00562356558682E-02
0.015539886219619
1.32075814760515E-02
1.26847842685387E-02
1.14288916252539E-02
0.011100133383565
0.01100336545993
1.09004574759187E-02
1.10423441852626E-02
1.11844979873146E-02
1.08120510205823E-02
1.09482295277929E-02
9.50111954727079E-03
1.01525804776645E-02
1.00059654722201E-02
1.04004021699332E-02
9.69370067228508E-03
8.96753823566022E-03
8.78889368329396E-03
8.89061684169361E-03
9.86270553423656E-03
9.97454523915753E-03
1.45364444659514E-02
1.49979435015992E-02
1.42531742108932E-02
0.014408434420707
0.022930301035197
2.38015552933285E-02
2.40532819943234E-02
1.82289051760139E-02
1.29249042162802E-02
1.40370124597591E-02
1.45096086535523E-02
1.46558499863198E-02
1.44657588827733E-02
1.56280480079104E-02
0.015438099582482
1.48951554740983E-02
1.50384020664705E-02
1.41225072351207E-02
1.42558407755359E-02
0.013669745751031
1.52487271873042E-02
1.57552095382698E-02
1.47894350456326E-02
1.52959419743265E-02
0.017691162855248
1.86074379793723E-02
1.83878089791574E-02
0.02047998166287
1.98772337112398E-02
2.00472848148725E-02
1.94244634231951E-02
1.83885166839248E-02
0.018944859156598
1.86949856333867E-02
1.96676206633502E-02
2.02404338567106E-02
2.62329825066754E-02
1.97269047177552E-02
2.03061331241065E-02
1.83337212963658E-02
2.06248688001445E-02
2.03510837360165E-02
2.13795101346353E-02
2.19814449840765E-02
2.12610604400595E-02
2.09735615862517E-02
2.15784228446052E-02
2.03783442435173E-02
2.64567422246354E-02
2.80262218306515E-02
2.82270528938813E-02
2.14372672767333E-02
2.11190884465063E-02
2.12667767424132E-02
2.09384261684515E-02
2.25199472246772E-02
2.17088280043697E-02
2.37985635622659E-02
2.39584232807775E-02
2.46102809700824E-02
2.47729738728847E-02
2.34393173132009E-02
2.55996394979397E-02
2.57648878617652E-02
2.64383217229704E-02
3.01879259568725E-02
3.14080013519776E-02
5.07743563438194E-02
5.10894466482653E-02
0.050879486212681
5.06625867125678E-02
5.09696888767714E-02
5.12762521177103E-02
5.10449514130143E-02
5.18877229095074E-02
3.80571122913512E-02
4.21069060393325E-02
4.12505042259537E-02
3.98278293455273E-02
0.040611035728664
4.02811495168028E-02
4.38827029425256E-02
4.24297874070284E-02
3.75444658677551E-02
3.83222442334686E-02
0.037955620383582
3.87386990270536E-02
3.95275052636415E-02
4.20751423771174E-02
4.46469486941673E-02
4.48806882307127E-02
4.51138619450083E-02
4.95231108260828E-02
0.05157565328498
5.24403022779786E-02
3.87711670984884E-02
3.22679360493331E-02
3.48754782268593E-02
3.56621083729086E-02
3.58364148438065E-02
3.16641792733866E-02
3.36881682462048E-02
3.76101154393075E-02
2.89711240353764E-02
3.03729716818424E-02
3.11505137423387E-02
3.06561859644442E-02
2.88723362360182E-02
3.48049159309549E-02
3.69049055463204E-02
3.57700419477693E-02
4.76883556549938E-02
3.74009286437852E-02
3.42700180752457E-02
3.30955782282822E-02
3.25739666417436E-02
3.27137976977279E-02
3.35236285407507E-02
3.23187307288065E-02
3.31304388277827E-02
3.59841399484407E-02
3.47692861860415E-02
4.03881754377807E-02
3.91778026630791E-02
3.72656272597531E-02
4.01863604076089E-02
3.61723450214814E-02
3.56166325670457E-02
3.71582037217715E-02
4.15254073247712E-02
3.74462018591449E-02
3.61708857087129E-02
0.033460391277985
3.43009217064631E-02
3.29944628928097E-02
2.51974918489947E-02
2.52901139193851E-02
3.11840255742086E-02
2.91133563991357E-02
3.28700993847107E-02
3.29871625837534E-02
3.08967983086898E-02
3.46961791563162E-02
3.70391779229372E-02
3.71669464975523E-02
3.80400139096397E-02
3.74207289735555E-02
5.03126266134103E-02
6.40426548852572E-02
6.42548433715396E-02
6.44660116498627E-02
6.46761542728199E-02
6.56486218968151E-02
6.50933409391608E-02
6.45321345664735E-02
6.39650343657428E-02
6.41651462587664E-02
6.35887528390845E-02
6.30065495412963E-02
6.63197295762495E-02
6.65204019626453E-02
6.82898784104315E-02
5.66839118708559E-02
5.44823429323559E-02
5.70174429540671E-02
5.24175805806775E-02
5.41612944568138E-02
3.27491783007376E-02
3.28417451844885E-02
0.022491357119261
2.41648238137741E-02
2.34236548996012E-02
2.34875939025816E-02
2.43632535491149E-02
0.023614306897852
2.44935286851004E-02
2.29208540956067E-02
2.95466154732765E-02
2.55087549598356E-02
2.63991396110051E-02
2.81203601193744E-02
2.65328613958259E-02
2.49366171413712E-02
2.49982596737242E-02
2.33888513924132E-02
2.34456016810796E-02
2.35019584976339E-02
2.35579204560658E-02
2.36134861815233E-02
2.36686543103066E-02
2.20288932405869E-02
0.021230171766768
2.12783568274851E-02
2.21792294051047E-02
1.70989171818553E-02
1.71365989924972E-02
1.80326897202356E-02
1.89321989154483E-02
1.81102920916258E-02
1.81486317979044E-02
1.64545995016808E-02
1.64887280159662E-02
1.39137476967364E-02
1.30706374765719E-02
1.30969132461277E-02
1.39978294816762E-02
1.40253786944605E-02
1.31743947836754E-02
1.23197865414932E-02
1.41065828766588E-02
1.23665216596217E-02
1.32745402601179E-02
1.24124072123941E-02
1.50996793098359E-02
1.60167070141506E-02
1.60452424049352E-02
1.51805289377277E-02
1.52069559844006E-02
1.70252523867558E-02
1.79517906216564E-02
1.70828550491319E-02
1.80118037663129E-02
0.02074754463188
3.43340832929545E-02
3.43890197095727E-02
7.61379535550792E-02
0.076256753326327
0.073646578474698
8.74175764235684E-02
8.84607667706373E-02
8.76785016692208E-02
8.32334135624844E-02
8.33534654475522E-02
8.34720658495507E-02
8.26706491894363E-02
8.55445691530786E-02
8.93456662938123E-02
0.08946586818962
0.090508059938124
9.15511010321549E-02
9.07430414271051E-02
8.90039061128079E-02
6.86928996454353E-02
5.85537492893643E-02
0.059555231222066
0.055899605337764
5.40996954087247E-02
5.60298181540745E-02
5.60934518386951E-02
5.42842316473608E-02
5.34068779637292E-02
5.15885737674301E-02
5.44601959832602E-02
5.54568866424313E-02
7.90363602361037E-02
7.91157638294959E-02
7.73082102377009E-02
7.73830055623006E-02
7.74564393878334E-02
7.28011618236104E-02
0.072867556199462
6.81967798502553E-02
9.48006411961424E-02
9.48818621425724E-02
9.49614107317858E-02
9.50392851039596E-02
9.51154834389788E-02
9.51900039564409E-02
9.52628449156618E-02
9.53340046156806E-02
9.54034813952648E-02
9.54712736329153E-02
9.55373797468717E-02
9.56017981951167E-02
9.56645274753813E-02
9.57255661251496E-02
9.57849127216633E-02
9.58425658819266E-02
5.37031735871178E-02
6.23693112643621E-02
6.04833714524243E-02
6.24365416301192E-02
6.24684999370631E-02
4.90379536252852E-02
5.00232792640098E-02
7.31444327146914E-02
6.93252224544586E-02
6.93544915228129E-02
8.96191041615865E-02
8.86897173287828E-02
8.77580316320086E-02
8.68240975618083E-02
7.91327324216904E-02
7.91576625170761E-02
7.82155654429199E-02
8.98281481774617E-02
8.30886202069371E-02
8.40752600444921E-02
0.084094262575827
8.41117741062152E-02
8.50947803695605E-02
0.084142322572175
4.83651487347199E-02
4.74043474442169E-02
6.77285834561279E-02
6.77354693626018E-02
6.96766154486918E-02
0.033872818480857
3.19387758257829E-02
3.00040134895099E-02
0.041619009705528
4.16188108742738E-02
3.96821587729183E-02
3.87127428925513E-02
8.80663827100186E-02
7.64474434422462E-02
5.70883235605986E-02
5.41795010524905E-02
6.96503748537652E-02
0.069640155999701
6.09251143997294E-02
2.51391160344859E-02
2.61007840060699E-02
0.024162129736496
2.60889535727717E-02
2.89803828009924E-02
2.89725256814342E-02
2.70332113480907E-02
8.87961643956798E-02
8.87673464309795E-02
8.68078912409045E-02
8.58124381850105E-02
0.067467413349606
0.091526667890565
9.05257565762071E-02
8.95240564204273E-02
8.75594279621724E-02
9.04037230044829E-02
9.03598431489323E-02
0.090314363964733
9.60290282024467E-02
9.59772466823944E-02
9.59237672461722E-02
9.58685911391114E-02
0.095811719646321
9.57531540926833E-02
9.56928958428495E-02
9.56309463012355E-02
9.55673069120167E-02
9.55019791591241E-02
9.54349645662387E-02
9.53662646967875E-02
9.52958811539381E-02
9.52238155805937E-02
9.51500696593887E-02
9.50746451126826E-02
9.49975437025557E-02
9.49187672308037E-02
9.48383175389323E-02
0.094756196508152
9.46724060593728E-02
9.45869481531991E-02
9.44998247899241E-02
9.44110380095243E-02
9.43205898916545E-02
9.42284825556421E-02
9.41347181604819E-02
9.40392989048309E-02
9.39422270270022E-02
9.38435048049605E-02
0.07405707629949
7.39764837242739E-02
7.38945929638108E-02
0.07194276275452
7.09271679867839E-02
4.38118239983433E-02
4.37600264644496E-02
4.55673545259958E-02
4.64405674008858E-02
4.36000402782384E-02
4.53981711205745E-02
5.18173569603671E-02
4.89778528970124E-02
4.52218439943681E-02
4.60831502285307E-02
2.57716241625406E-02
2.38979321667488E-02
2.66182677011731E-02
3.48298639665053E-02
0.033864748404051
4.11271037845237E-02
4.10666358086695E-02
4.73840798015376E-02
4.54928431493511E-02
4.17894183760391E-02
0.04353881273273
9.05635841639473E-02
9.04197379856684E-02
9.02743247509052E-02
9.01273479250845E-02
8.09809299118538E-02
8.98287175596678E-02
8.96770711486158E-02
8.32572041253431E-02
7.68574552294417E-02
0.07850730853122
5.52141179760343E-02
4.26699230108645E-02
4.34800452683998E-02
0.029228883031478
4.06678807999136E-02
3.88269117714095E-02
4.40380055667424E-02
4.48328403230011E-02
4.21140202042279E-02
3.59020810628562E-02
3.58311554302205E-02
5.23311469355067E-02
5.04847104316749E-02
3.04028004635596E-02
2.94733088463274E-02
3.11420820424126E-02
3.10766009194358E-02
3.79018335869645E-02
3.95396248591912E-02
4.28847109728837E-02
4.27908413019639E-02
4.09883965266535E-02
4.08968913787278E-02
3.82544010371502E-02
3.47746693008239E-02
3.13098888758631E-02
3.03929816224267E-02
2.94795040381694E-02
2.94097798641004E-02
2.59864686002309E-02
2.59238386958444E-02
2.58607739933555E-02
2.66294462413393E-02
2.73935623186766E-02
0.02732505035218
2.80820241159495E-02
2.71866596591855E-02
2.79385050970195E-02
2.45876891474118E-02
0.024523347741055
2.36433128739552E-02
0.018701642017708
1.94623112963095E-02
2.10270061658408E-02
2.17760138735439E-02
0.022520225576674
2.08534371976328E-02
2.07948937870466E-02
2.15335480918512E-02
1.98815241709817E-02
1.98242527601504E-02
1.89759913599964E-02
1.89203907306267E-02
1.88644821671139E-02
1.88082670846996E-02
2.10957152719507E-02
1.94738782010649E-02
1.86377970231713E-02
1.85803702132704E-02
1.85226441075716E-02
1.84646201801718E-02
1.84062999150274E-02
1.75831979390548E-02
1.82887763567231E-02
1.82295760809172E-02
1.81700855021084E-02
1.73557100640538E-02
1.80502395794369E-02
1.72403086936187E-02
1.71821988523224E-02
1.63793044107785E-02
1.70651683970623E-02
1.70062508277669E-02
1.69470670765609E-02
1.61533743990736E-02
1.60962590839268E-02
1.53098530062864E-02
1.67077013282391E-02
1.66472100593268E-02
0.01874991360307
1.86809534891377E-02
1.93275416439083E-02
1.85421752769894E-02
0.017051410027736
1.41555887588478E-02
1.69217452769787E-02
1.75588833997255E-02
1.81903113364438E-02
1.81191104232478E-02
0.018741777831535
1.86672763343703E-02
1.85924968073584E-02
1.64599478005462E-02
1.70760294224418E-02
1.70060281095833E-02
1.69357769288373E-02
0.016190666687931
1.67945326538356E-02
1.67235434328375E-02
1.66523120905526E-02
1.65808405919856E-02
1.78298613866581E-02
1.70946724449557E-02
1.70196051796038E-02
1.56408890266285E-02
1.49223543062817E-02
1.55011966130248E-02
1.73599018549987E-02
1.60006625722569E-02
0.016564204794228
1.64874918490976E-02
1.45170271381198E-02
1.25641451443768E-02
1.12541558285392E-02
1.18226748470953E-02
1.17658039325941E-02
1.17087756015743E-02
1.10383498426546E-02
1.09840294284386E-02
1.15367626219926E-02
1.08749569119131E-02
1.02190853260537E-02
1.01672461334393E-02
1.13053091252006E-02
1.12470815356418E-02
1.11887116921404E-02
1.11302013280157E-02
1.10715521865255E-02
1.10127660209311E-02
9.80080832145062E-03
9.74796971447698E-03
9.6950132674077E-03
9.64194058535324E-03
1.01527975934282E-02
8.97454398408217E-03
8.92427418320219E-03
8.31928229551867E-03
8.27196218908927E-03
8.22454819364869E-03
8.17704178391891E-03
7.58748148034356E-03
6.46540613085123E-03
6.96278521958221E-03
6.92130555921629E-03
6.87975230996398E-03
7.8901463025701E-03
7.31923268199838E-03
8.3134329913225E-03
9.81105925506067E-03
9.74981906878379E-03
9.68848311125638E-03
9.12036636693524E-03
9.06208286577864E-03
7.5030953052621E-03
6.95742662413427E-03
6.91190120434533E-03
6.37586319939034E-03
6.82066718711231E-03
6.77496166273209E-03
6.72919919231853E-03
0.006683381336195
6.16340183120464E-03
6.59158575665745E-03
6.54561120273589E-03
6.49958760229416E-03
4.60965468936867E-03
4.57671407942354E-03
4.54374190773815E-03
4.05966541164213E-03
4.92547833195578E-03
6.22250689137342E-03
6.17618561870613E-03
5.69198357923258E-03
5.21437469121618E-03
5.17458285768234E-03
5.9905587696931E-03
5.51949837723697E-03
5.47630969919841E-03
5.01516674517555E-03
4.97525800535336E-03
5.34660794357821E-03
6.5271806531458E-03
6.47389971928924E-03
6.42059981580113E-03
6.36728302851114E-03
6.70857342394956E-03
6.6518951701482E-03
6.20725244205351E-03
5.7692711929017E-03
6.10051987077556E-03
6.42509306418796E-03
7.11760317198417E-03
7.42549514418706E-03
7.35877963381042E-03
7.65667364172219E-03
7.22536946936241E-03
6.80074645579501E-03
7.44660633198922E-03
7.72788390809466E-03
8.00251916621391E-03
8.6151236175824E-03
8.19061402467025E-03
8.11074440872671E-03
7.02704924624139E-03
7.28853097405524E-03
7.87138188930489E-03
7.79168868105766E-03
7.39071342348247E-03
5.72434947071623E-03
6.29411997587265E-03
7.16209135123917E-03
7.08601036187213E-03
7.0099987138795E-03
6.93406014819339E-03
6.85819843743952E-03
6.19264196152809E-03
6.41512427475664E-03
5.47787566489045E-03
5.41549295396205E-03
5.35318972191836E-03
5.01249718546314E-03
4.95363301956752E-03
4.89485356243326E-03
4.56748634122365E-03
3.98130131726475E-03
3.93254627706788E-03
4.14279746370231E-03
0.004346654195912
4.03923257571475E-03
3.98759222701895E-03
3.69004747363087E-03
3.88461086895912E-03
3.83327600648187E-03
3.78204916933459E-03
3.96411685041909E-03
3.90992795944136E-03
3.85586398159409E-03
3.80192836311983E-03
3.52764666821724E-03
3.47713521266523E-03
3.42675449482769E-03
3.16547614908372E-03
3.74219867013217E-03
0.003685984559653
3.22660708221001E-03
3.57404785511056E-03
3.51833322618148E-03
2.69328354342956E-03
2.83952637382792E-03
2.79354410400978E-03
2.9308987873489E-03
2.88218711759325E-03
2.83364916622707E-03
2.26304712842636E-03
2.56604045859754E-03
2.52104647541656E-03
2.47622999894881E-03
2.59370111475176E-03
0.002387144672932
2.34288348561202E-03
2.29881513096822E-03
2.25494355235948E-03
2.06385455680517E-03
1.73424538313547E-03
1.69963968433645E-03
1.80397143526641E-03
1.90276669533747E-03
1.72993005319506E-03
1.95369339499391E-03
1.91154370853421E-03
1.7449865702234E-03
1.82795211657418E-03
1.66741787468055E-03
1.8616897340068E-03
1.81802842494709E-03
1.77464147857167E-03
2.05619654706609E-03
2.00534418747983E-03
1.95483581189695E-03
1.90467763206029E-03
1.75725088835325E-03
1.52036808223968E-03
1.57148676503307E-03
1.70767385773043E-03
1.57202772692344E-03
1.4418151712742E-03
1.39929173555339E-03
1.35712868894017E-03
1.39270473693541E-03
1.49871614299124E-03
1.45042879518789E-03
1.47272502327744E-03
1.35522322863809E-03
1.24290446164353E-03
1.19880016802505E-03
1.15515676551192E-03
1.11365323401405E-03
1.10416838878377E-03
1.03698392272623E-03
0.001027828012572
1.3015261251103E-03
1.28960490029254E-03
1.16647788795782E-03
1.26542339372433E-03
1.30764619845743E-03
1.34867672904597E-03
1.33509488111422E-03
1.32138478429564E-03
1.46445077000035E-03
1.44880448640872E-03
1.38183196035015E-03
1.21463050593326E-03
1.45101228220846E-03
1.82982866291122E-03
1.85703473024804E-03
1.83457882717653E-03
1.81191453083444E-03
1.74196065535733E-03
1.85890123930924E-03
2.10953587118848E-03
2.12631893231375E-03
2.05236221991251E-03
1.75946736836265E-03
1.73404634080719E-03
1.70839938173638E-03
1.72458949083319E-03
1.57360586511681E-03
1.58934974715019E-03
1.48328563146291E-03
1.49793826812518E-03
1.43354515813446E-03
1.40836574957391E-03
1.30822627504858E-03
1.2840231016496E-03
1.29561976082242E-03
1.30562454771945E-03
1.21028554728906E-03
1.1176056093208E-03
1.12706593644762E-03
1.07006406716035E-03
1.04605115959075E-03
1.02188286971884E-03
9.97564377855772E-04
1.03207727279531E-03
9.7724280704356E-04
9.51761179827197E-04
8.1719328798173E-04
8.73942042872703E-04
8.48865708161552E-04
7.73772856283463E-04
4.35511065134152E-04
3.98267474494281E-04
4.0784626208605E-04
4.15859968813691E-04
3.80082295956604E-04
3.66184319364338E-04
3.52288360387193E-04
3.57205131219836E-04
3.60605622327342E-04
3.45245594237466E-04
3.29939716871774E-04
3.14703417873067E-04
2.9955319906935E-04
2.8450668087816E-04
2.56103511425169E-04
1.78360744997403E-04
1.56119045803182E-04
1.46738375866871E-04
1.4807056694953E-04
1.48156670110415E-04
1.37862078625681E-04
1.36302752806469E-04
1.25806241364478E-04
1.15587039657361E-04
1.05669569744877E-04
8.40689897895735E-05
7.59852545858035E-05
5.84846330649663E-05
5.21415032492579E-05
3.84330106151348E-05
3.36975746776372E-05
3.21851126436288E-05
3.01570706834216E-05
2.77212720911578E-05
2.32023379797137E-05
1.91219797432467E-05
1.54846625334156E-05
1.22899396347273E-05
9.53171038454246E-06
7.19754730162495E-06
5.26817016652819E-06
3.71716794719721E-06
2.51109081208139E-06
1.36234757640578E-06
8.19866433346248E-07
5.39378541271452E-07
2.72394691204383E-07
1.21537362506721E-07
4.2616971860173E-08
1.30658756192428E-08
2.9844328053975E-09
5.22618372861823E-10
3.586072274016E-11
1.14052147918617E-12
5.82430653541328E-15
8.47581673601329E-19
2.65059825488531E-26
1.8940316411814E-48
0
0
0
0
0
0
0
0
0
0
0
0
0
0
0
0
0
0
0
0
0
0
0
0
0
0
0
0
0
0
0
0
0
0
0
0
0
0
0
0
0
0
0
0
0
0
0
0
0
0
0
0
0
0
0
0
0
0
0
0
0
0
0
0
0
0
0
0
0
0
0
0
0
0
0
0
0
0
0
0
0
0
0
0
0
0
0
0
0
0
0
0
0
0
0
0
0
0
0
0
0
0
0
0
0
0
0
0
0
0
0
0
0
0
0
0
0
0
0
0
0
0
0
0
0
0
0
0
0
0
0
0
0
0
0
0
0
0
0
0
0
0
0
0
0
0
0
0
0
0
""
