0
0
0
0
0
0
0
0
0
0
0
0
0
0
0
0
0
0
0
0
0
0
0
0
0
0
0
0
0
0
0
0
0
0
0
0
0
0
0
0
0
0
0
0
0
0
0
0
0
0
0
0
0
0
0
0
0
0
0
0
0
0
0
0
0
0
0
0
0
0
0
0
0
0
0
0
0
0
0
0
0
0
0
0
0
0
0
0
0
0
0
0
0
0
0
0
0
0
0
0
0
0
0
0
0
0
0
0
0
0
0
0
0
0
0
0
0
0
0
0
0
0
0
0
0
0
0
0
0
0
0
0
0
0
0
0
0
0
0
0
0
0
0
0
0
0
0
0
0
0
0
0
0
0
0
0
0
0
0
0
0
0
0
0
0
0
0
0
0
0
0
0
0
0
0
0
0
0
0
0
0
0
0
0
0
0
0
0
0
0
0
0
0
0
0
0
0
0
0
0
0
0
0
0
0
0
0
0
0
0
0
0
0
0
0
0
0
0
0
0
0
0
0
0
0
0
0
0
0
0
0
0
0
0
0
0
0
0
0
0
0
0
0
0
0
0
0
0
0
0
0
0
0
0
0
0
0
0
0
0
0
0
0
0
0
0
0
0
0
0
0
0
0
0
0
0
0
0
0
0
0
0
0
0
0
0
0
0
0
0
0
0
0
0
0
0
0
0
0
0
0
0
0
0
0
0
0
0
0
0
0
0
0
0
0
0
0
0
0
0
0
0
0
0
0
0
0
0
0
0
0
0
0
0
0
0
0
0
0
0
0
0
0
0
0
0
0
0
0
0
0
0
0
0
0
0
0
0
0
0
0
0
0
0
0
0
0
0
0
0
0
0
0
0
0
0
0
0
0
0
0
0
0
0
0
0
0
0
0
0
0
0
0
0
0
0
0
0
0
0
0
0
0
0
0
0
0
0
0
0
0
0
0
0
0
0
0
0
0
0
0
0
0
0
0
0
0
0
0
0
0
0
0
0
0
0
0
0
0
0
0
0
0
0
0
0
0
0
0
0
0
0
0
0
0
0
0
0
0
1.10287961930444E-33
1.21695075658852E-17
1.89997113251478E-12
7.08234130042511E-10
2.43591503346002E-08
2.56704515805807E-07
1.38037264736211E-06
4.88082724411452E-06
1.30579955295374E-05
2.87481733386206E-05
5.49347711275921E-05
9.4405080793164E-05
1.49522296108584E-04
2.22115291014068E-04
3.13458753201198E-04
4.24310866930494E-04
5.54981224987971E-04
7.05409848271801E-04
8.75245516080932E-04
1.06391702685632E-03
1.2706945904386E-03
1.49474071830186E-03
1.6310420978575E-03
1.91134758194266E-03
2.10300855179449E-03
0.002366987679186
2.58586870864756E-03
2.58284409356693E-03
2.84448645737087E-03
3.07640739321584E-03
3.4332857842173E-03
3.72133065482685E-03
3.96755670405704E-03
4.26458603494306E-03
4.56709865600779E-03
4.57740836457727E-03
5.18679735120919E-03
5.43605953438849E-03
5.75238403837858E-03
6.14714886768442E-03
7.89524523668692E-03
8.29752053525229E-03
8.70301963491243E-03
9.11143699791698E-03
9.52248908927532E-03
9.93591275299401E-03
1.03514636936668E-02
1.07689150610609E-02
1.11880561340866E-02
1.16086910997043E-02
1.20306379218187E-02
1.24537272949351E-02
1.28778016772684E-02
1.33027143980235E-02
1.37283288336973E-02
1.34467917660167E-02
1.42895388518571E-02
1.50081513629228E-02
1.54353819963756E-02
1.58627573333131E-02
1.62901870066691E-02
1.67175864775352E-02
1.71448766060399E-02
0.017571983255735
1.76388601902152E-02
1.76883575323342E-02
1.88515285539014E-02
1.92772478031157E-02
1.97024761189718E-02
2.01271626396342E-02
2.05512594739143E-02
2.09747214926662E-02
1.96857056450389E-02
1.76738543198968E-02
1.82375255726763E-02
1.85823521788157E-02
1.93881240414132E-02
1.95049481791206E-02
1.96126674904373E-02
1.99546344079711E-02
2.02958270611364E-02
1.71129663051757E-02
1.73945700955545E-02
1.79354147233246E-02
0.02218055113871
2.27939559321993E-02
2.34146492700604E-02
2.37662301252195E-02
0.024958131939848
2.50354712536741E-02
2.56807693049056E-02
2.60405294678012E-02
2.58059905070801E-02
2.55543067764165E-02
2.46762483039883E-02
2.49997470531599E-02
2.65727172433388E-02
2.65934727327718E-02
2.66052350820649E-02
0.024012126837512
2.16756171478109E-02
0.022598821486164
1.27771046148583E-02
1.36052115726332E-02
0.034400758835375
0.034787139088882
3.51721598347433E-02
3.55558114777081E-02
3.59380846698306E-02
2.14281924749959E-02
2.05511372998205E-02
1.85382717430636E-02
0.018352074798339
2.15622235254228E-02
1.87191175493316E-02
0.018515837317014
1.86938858956201E-02
1.84780860381127E-02
1.94447174072455E-02
1.92238312597777E-02
1.85907732947471E-02
3.13993047909864E-02
3.33237414279507E-02
3.36158330596267E-02
3.34881055766227E-02
0.034618534765662
3.61877316359127E-02
3.64891019703498E-02
0.036789172065491
3.75242651930791E-02
3.82650462675623E-02
3.85681514854456E-02
0.044678050790784
4.50233323119331E-02
4.53670471832011E-02
4.57091894838495E-02
4.60497533541134E-02
4.63887329928586E-02
0.046726122655384
4.70619166513589E-02
4.73961093428875E-02
4.77286951426943E-02
4.80596685124216E-02
4.83890239610332E-02
4.87167560433198E-02
0.049042859358496
4.93673285488894E-02
4.96901582987102E-02
5.00113433329017E-02
5.03308784160647E-02
5.06487583514511E-02
5.09649779800242E-02
5.12795321795811E-02
5.10764917052941E-02
5.13845877423221E-02
5.16910200026343E-02
5.19957835535332E-02
5.28271449446955E-02
5.31316009700707E-02
5.34343566801223E-02
0.053735407222092
5.40347477744282E-02
5.43323735463634E-02
0.054628279777526
5.49224617375812E-02
5.19020198423475E-02
5.49505777305524E-02
3.73823921381572E-02
3.42099305091098E-02
2.98746923055992E-02
2.88920521326627E-02
2.78972016963596E-02
2.86066428465914E-02
3.16204576387711E-02
0.031772634655871
3.19238357535377E-02
3.61562114202084E-02
3.63244478930808E-02
3.59030023180026E-02
4.07963540012386E-02
4.09798759290705E-02
5.60759801412017E-02
5.51242536075157E-02
6.01782271637541E-02
6.04369744494094E-02
6.06939046785241E-02
6.09490137351743E-02
6.12022975306588E-02
6.14537520035206E-02
6.17033731195747E-02
6.19511568719424E-02
0.062197099281091
6.24411963948798E-02
6.26834442886099E-02
6.29238390650799E-02
6.31623768546454E-02
5.83271295100602E-02
5.85431568420442E-02
5.93961333187778E-02
6.40978817191442E-02
6.43270774986846E-02
6.45543936559728E-02
0.064779826516243
6.50033724328887E-02
6.52250277875497E-02
6.54447889902014E-02
6.56626524792456E-02
6.58786147216034E-02
0.066092672212809
6.63048214771052E-02
6.65150590675399E-02
6.67233815660637E-02
6.69297855836282E-02
6.71342677602852E-02
6.73368247652869E-02
0.067537453297186
6.77361500839366E-02
6.79329118829954E-02
6.81277354814233E-02
6.83206176959871E-02
6.85115553732607E-02
6.87005453897275E-02
6.88875846518813E-02
6.90726700963287E-02
6.92557986898894E-02
6.94369674296979E-02
6.96161733433038E-02
6.97934134887725E-02
6.92689981052366E-02
6.94405650121279E-02
6.89070441496969E-02
7.04826586242004E-02
7.06500268749655E-02
7.08154123523655E-02
7.09788123308393E-02
7.11402241161238E-02
7.12996450453487E-02
0.06574050668816
0.065167378495915
7.17659365408199E-02
7.19173680482268E-02
7.20667958593702E-02
7.22142175016776E-02
7.23596305346084E-02
7.25030325497407E-02
7.26444211708581E-02
7.27837940540353E-02
7.29211488877221E-02
7.30564833928274E-02
7.31897953228007E-02
7.33210824637141E-02
6.90433220762813E-02
7.06344707387897E-02
7.07546625636685E-02
7.16111618043055E-02
7.39470711384533E-02
7.40661648893131E-02
7.41832192736255E-02
7.42982323412286E-02
7.44112021752629E-02
7.45221268922407E-02
7.46310046421147E-02
7.47378336083449E-02
7.48426120079652E-02
7.49453380916482E-02
7.50460101437685E-02
7.51446264824654E-02
7.52411854597041E-02
7.53356854613356E-02
7.54281249071554E-02
0.075518502250961
7.03143388619656E-02
7.03945500948014E-02
7.19883843834968E-02
7.05492056139142E-02
7.59394057098109E-02
0.07601737988232
5.78308943853753E-02
5.71253332864831E-02
7.62388655323881E-02
7.63085443339558E-02
7.63761462846029E-02
7.64416702501788E-02
7.65051151311682E-02
7.65664798627307E-02
7.66257634147396E-02
7.66829647918188E-02
7.67380830333796E-02
7.67911172136547E-02
7.68420664417322E-02
7.68909298615877E-02
7.69377066521152E-02
7.69823960271568E-02
7.70249972355315E-02
7.70655095610616E-02
7.71039323225994E-02
7.71402648740513E-02
0.062511350349565
6.17653255501862E-02
6.17893722666001E-02
6.18117450282378E-02
7.72905543233763E-02
7.73143340121648E-02
7.73360199515311E-02
7.73556117765487E-02
7.73731091575099E-02
7.73885117999371E-02
7.74018194445939E-02
6.88975983620698E-02
6.89057125031199E-02
7.74291703283792E-02
7.74340960947098E-02
7.74369260959852E-02
7.74376602845666E-02
0.077436298648095
7.74328412094916E-02
7.74272880269569E-02
7.74196391939686E-02
7.74098948392783E-02
7.66240745756379E-02
7.73841202561386E-02
7.73680904615136E-02
0.07734996601282
7.73297472150836E-02
7.73074344085573E-02
7.72830279687088E-02
7.72565283062067E-02
7.72279358669061E-02
7.71972511318322E-02
7.71644746171632E-02
7.71296068742116E-02
6.78415306706755E-02
6.62660960724639E-02
7.08514653301417E-02
4.00240026546749E-02
2.92310901654134E-02
0.031519373166254
3.38038940625261E-02
4.14587475615282E-02
5.75413501838465E-02
5.90328648565038E-02
0.059754422062673
5.74112450186899E-02
3.90080329382934E-02
3.89753585483981E-02
7.25383191996447E-02
6.48447163888452E-02
0.064784961096426
6.32005372648786E-02
6.16173284294567E-02
6.23152876187015E-02
5.76959008149355E-02
5.91512956914826E-02
6.89345575760568E-02
6.12906427147364E-02
6.04644744826675E-02
6.03933291293936E-02
5.88125199129952E-02
5.87399358435405E-02
7.52124934702273E-02
7.51153183887132E-02
0.075016086435579
7.49147992689925E-02
7.48114585809295E-02
7.47060660971115E-02
7.45986235769437E-02
7.37442414853157E-02
4.46265573799257E-02
4.30731280598466E-02
6.22846471767824E-02
6.21858084621422E-02
6.20852571754598E-02
4.87009246358881E-02
3.68327521496337E-02
3.82406419981402E-02
3.74400472724039E-02
3.59081751806051E-02
3.58435473395986E-02
3.65080894643359E-02
3.64401196699706E-02
3.78259856527981E-02
3.55751287161125E-02
3.47809496944316E-02
3.76044799200318E-02
3.89719581732943E-02
4.32133622438412E-02
4.16859006310595E-02
4.37493290628722E-02
4.43710317573982E-02
4.07037860924574E-02
5.48641374147752E-02
5.90064507049104E-02
0.057453382612878
0.057320546920713
5.15380933973767E-02
0.051415481634344
5.05888028049168E-02
5.18668288268171E-02
1.46824479423297E-02
1.53429226763288E-02
3.40857370410833E-02
4.02421021841634E-02
3.73686366631245E-02
0.038649779981877
3.78574864552116E-02
3.84407351735444E-02
0.026697292642509
2.59399690156294E-02
2.58664527873298E-02
2.64709412781703E-02
2.30101347701544E-02
2.36171570307685E-02
2.42194987055766E-02
2.81707656645501E-02
2.13978219819816E-02
2.06649766397885E-02
2.12647420067311E-02
2.18596978061081E-02
2.31100756567599E-02
2.17186726312956E-02
1.90233120277266E-02
1.96137587048725E-02
2.80183128244818E-02
3.18189561990801E-02
3.81803951149438E-02
0.039336787586558
6.42586577613485E-02
6.40288999789173E-02
6.37972673910788E-02
6.35637637370284E-02
6.33283927838492E-02
6.30911583264352E-02
6.28520641874185E-02
6.26111142170988E-02
0.062368312293377
6.21236623216927E-02
6.18771682349659E-02
5.97799689737368E-02
6.13786635851484E-02
6.11266610248393E-02
6.08728303549689E-02
6.06171756451531E-02
6.03597009922449E-02
6.01004105203154E-02
5.98393083806414E-02
5.89806347641844E-02
5.87185689807882E-02
5.78642703984606E-02
5.87768671222461E-02
5.85067698653946E-02
5.82348864201591E-02
5.79612211286425E-02
5.76857783603842E-02
5.74085625124389E-02
5.71295780094687E-02
5.68488293038503E-02
5.65663208757974E-02
5.62820572334989E-02
5.59960429132748E-02
5.57082824797504E-02
5.54187805260499E-02
5.51275416740106E-02
3.50941251676283E-02
3.38147205825081E-02
3.30885047330533E-02
3.12882802280754E-02
3.11143654919393E-02
3.09394597971493E-02
4.29629110619555E-02
4.16611767901884E-02
2.98845349835032E-02
2.24118844995603E-02
2.02061458692096E-02
2.00845788610525E-02
2.04742143286296E-02
2.13656026459565E-02
2.83101085455038E-02
2.81318179873264E-02
2.84517550121099E-02
2.77724617463454E-02
3.10403271583748E-02
2.83883329247187E-02
3.11160384605364E-02
2.75256371208186E-02
2.58988055640944E-02
2.52435260145769E-02
0.028377736147557
2.67680859132984E-02
0.028907674798558
3.51784359045617E-02
3.53799300720042E-02
3.51173315572001E-02
3.30429465815666E-02
3.27916918826059E-02
3.20935510672976E-02
3.00744064009886E-02
3.68576940483582E-02
3.61280735965422E-02
3.58359566542092E-02
3.42578952961273E-02
3.52479080296142E-02
3.53730952665472E-02
4.17527815394911E-02
4.13932272270198E-02
4.10321714884105E-02
4.06696211520103E-02
3.14383548585918E-02
3.19520516272088E-02
3.48243037652248E-02
3.92046142172115E-02
3.88346972196887E-02
3.84633290201127E-02
3.80905173148155E-02
3.77162699521789E-02
3.73405949410706E-02
3.69635004598388E-02
0.0365849948659
3.62050867059651E-02
3.58237847269455E-02
3.54410978875864E-02
3.50570353708812E-02
3.46716065973182E-02
3.42848212390218E-02
3.38966892348506E-02
3.35072208065205E-02
3.31164264758278E-02
3.27243170830514E-02
3.16842857304867E-02
3.00200262930847E-02
2.90169951640613E-02
1.33914719330036E-02
1.35275573343524E-02
1.33516666186271E-02
1.34746725634177E-02
1.32936851485048E-02
1.31121579924479E-02
1.32174335220911E-02
1.35973465620306E-02
1.11683632588691E-02
1.07300220091077E-02
0.009757342757242
9.34272006927649E-03
9.46157935323987E-03
9.57182138057722E-03
8.90973146020312E-03
1.02672002962399E-02
9.85061619626622E-03
9.68406656512952E-03
9.27921390849397E-03
9.11610867919328E-03
8.95266066032506E-03
8.78888192267597E-03
8.40363686693935E-03
6.94185350992099E-03
6.80672199162609E-03
1.14664079583013E-02
1.14376403808731E-02
1.22000485521386E-02
1.15493831729211E-02
1.20644023187136E-02
1.08599136713389E-02
1.04296965200587E-02
8.75682716328271E-03
8.72206970375086E-03
7.99797605757104E-03
7.79713055405482E-03
6.78813341918538E-03
7.08065995423245E-03
9.03140029601741E-03
0.012945851707527
1.30080528991015E-02
1.26241848916597E-02
1.23767665966266E-02
1.02768309504893E-02
9.6905683181611E-03
8.75213623063941E-03
8.21388977715233E-03
8.15265713968436E-03
7.52243762359732E-03
9.79225172121494E-03
7.15879265217691E-03
6.67209744869952E-03
8.0832843956205E-03
7.64054468676223E-03
7.29410645046129E-03
6.62315507622847E-03
5.98712531756732E-03
6.64010705143131E-03
6.91448216449513E-03
6.59516446520742E-03
6.21083495536623E-03
5.83179022554995E-03
5.45851800038999E-03
4.73513455501977E-03
4.73142668022814E-03
4.37877385113333E-03
4.03422970005036E-03
3.69848345211657E-03
3.37226866558615E-03
3.05636320088173E-03
2.75158809227459E-03
2.4588049342654E-03
2.17891129161499E-03
1.9128335186632E-03
1.66151623025329E-03
1.42590750700609E-03
1.20693875223955E-03
1.00549796839688E-03
7.5660351828344E-04
4.47656481798591E-04
3.54508135628892E-04
2.72336179236656E-04
1.98864004856731E-04
1.34955068219946E-04
6.1692557802919E-05
3.89016230119567E-05
2.52020006578339E-05
1.24655750420403E-05
5.8747197071726E-06
1.76485942082679E-06
8.35262875316177E-07
1.38330649448141E-07
9.89862666315632E-09
1.68828976051749E-10
1.35957404177956E-13
2.05416327672702E-20
5.50194606288244E-48
0
0
0
0
0
0
0
0
0
0
0
0
0
0
0
0
0
0
0
0
0
0
0
0
0
0
0
0
0
0
0
0
0
0
0
0
0
0
0
0
0
0
0
0
0
0
0
0
0
0
0
0
0
0
0
0
0
0
0
0
0
0
0
0
0
0
0
0
0
0
0
0
0
0
0
0
0
0
0
0
0
0
0
0
0
0
0
0
0
0
0
0
0
0
0
0
0
0
0
0
0
0
0
0
0
0
0
0
0
0
0
0
0
0
0
0
0
0
0
0
0
0
0
0
0
0
0
0
0
0
0
0
0
0
0
0
0
0
0
0
0
0
0
0
0
0
0
0
0
0
0
0
0
0
0
0
0
0
0
0
0
0
0
0
0
0
0
0
0
0
0
0
0
0
0
0
0
0
0
0
0
0
0
0
0
0
0
0
0
0
0
0
0
0
0
0
0
0
0
0
0
0
0
0
0
0
0
0
0
0
0
0
0
0
0
0
0
0
0
0
0
0
0
0
0
0
0
0
0
0
0
0
0
0
0
0
0
0
0
0
0
0
0
0
0
0
0
0
0
0
0
0
0
0
0
0
0
0
0
0
0
0
0
0
0
0
0
0
0
0
0
0
0
0
0
0
0
0
0
0
0
0
0
0
0
0
0
0
0
0
0
0
0
0
0
0
0
0
0
0
0
0
0
0
0
0
0
0
0
0
0
0
0
0
0
0
0
0
0
0
0
0
0
0
0
0
0
0
0
0
0
0
0
0
0
0
0
0
0
0
0
0
0
0
0
0
0
0
0
0
0
0
0
0
""
