0
0
0
0
0
0
0
0
0
0
0
0
0
0
0
0
0
0
0
0
0
0
0
0
0
0
0
0
0
0
0
0
0
0
0
0
0
0
0
0
0
0
0
0
0
0
0
0
0
0
0
0
0
0
0
0
0
0
0
0
0
0
0
0
0
0
0
0
0
0
0
0
0
0
0
0
0
0
0
0
0
0
0
0
0
0
0
0
0
0
0
0
0
0
0
0
0
0
0
0
0
0
0
0
0
0
0
0
0
0
0
0
0
0
0
0
0
0
0
0
0
0
0
0
0
0
0
0
0
0
0
0
0
0
0
0
0
0
0
0
0
0
0
0
0
0
0
0
0
0
0
0
0
0
0
0
0
0
0
0
0
0
0
0
0
0
0
0
0
0
0
0
0
0
0
0
0
0
0
0
0
0
0
0
0
0
0
0
0
0
0
0
0
0
0
0
0
0
0
0
0
0
0
0
0
0
0
0
0
0
0
0
0
0
0
0
0
0
0
0
0
0
0
0
0
0
0
0
0
0
0
0
0
0
0
0
0
0
0
0
0
0
0
0
0
0
0
0
0
0
0
0
0
0
0
0
0
0
0
0
0
0
0
0
0
0
0
0
0
0
0
0
0
0
0
0
0
0
0
0
0
0
0
4.89274487510694E-84
1.99552867838566E-32
7.53433897669955E-21
9.28608439071717E-16
5.94083943229082E-13
3.9840327456125E-11
7.17489529616757E-10
5.95868760174902E-09
3.10534164579366E-08
1.18866387293468E-07
3.54939837291439E-07
7.93396442948117E-07
1.22745509657961E-06
2.52989951833377E-06
4.54646916106301E-06
6.97281395078556E-06
1.05606791952487E-05
1.52562084507235E-05
2.21459119147331E-05
3.36129243101335E-05
4.21687773387047E-05
5.58244647302224E-05
7.4905926755666E-05
7.85173903187039E-05
9.44587382103288E-05
1.12004025937558E-04
1.42040465042399E-04
1.64384164580984E-04
1.52092265676654E-04
1.39746989453983E-04
1.75812400761843E-04
2.17098437330243E-04
2.40900527411198E-04
2.27706901756114E-04
2.63560735745652E-04
2.57244048513946E-04
2.79283643649672E-04
3.0188519482851E-04
3.24999295198156E-04
3.28073797833013E-04
3.50660714273271E-04
4.43651842323597E-04
4.21661019329485E-04
4.2039149214079E-04
4.44168891697335E-04
4.68156764790613E-04
4.61553924765937E-04
5.16642115618673E-04
5.41083332402935E-04
5.30270970697838E-04
5.53345720893755E-04
5.76469075937229E-04
6.39596446742015E-04
6.6430452542335E-04
6.89006751247268E-04
6.69081180314383E-04
6.92183198331192E-04
7.15236621471977E-04
8.36659771065662E-04
8.62636308651838E-04
9.40785201424095E-04
9.14298115245185E-04
8.29378837619762E-04
9.08709647496629E-04
8.16046657577558E-04
7.77082298090281E-04
6.12534936359622E-04
5.64502310521688E-04
5.13457503072154E-04
5.25058591570742E-04
6.70726213370783E-04
6.85028428644959E-04
7.69150557683013E-04
7.84654649738858E-04
8.00041757763921E-04
5.92952965496072E-04
6.03970199198348E-04
6.91761857630855E-04
7.82174961150939E-04
7.16052667706759E-04
7.28046969685255E-04
6.57724442536312E-04
6.68205771348608E-04
7.63421300092474E-04
7.75009362604134E-04
7.86495712714591E-04
1.15249400571848E-03
1.07888508289968E-03
1.09379468538551E-03
1.10856986237531E-03
1.02961019968851E-03
9.48099220292006E-04
9.60078605008972E-04
8.74753217749243E-04
8.85337293075846E-04
8.95823583124627E-04
1.00690303845039E-03
1.01833936118268E-03
1.23560314649429E-03
1.2490723592125E-03
1.15721455235157E-03
1.16933183132747E-03
1.18133579900809E-03
1.19322744060732E-03
1.20500775802849E-03
1.4378919072163E-03
1.45155458882481E-03
1.35239016990393E-03
1.36476685981477E-03
1.26227545055393E-03
1.27340953685609E-03
1.28443961180562E-03
1.31441982180057E-03
1.36470511188948E-03
1.41552814978363E-03
1.60023284773866E-03
1.5187522752242E-03
1.85679712802097E-03
1.91929975697433E-03
1.82989569980775E-03
1.73127229204469E-03
1.7856183754502E-03
2.17505900853511E-03
2.41272539091727E-03
2.30625349333233E-03
2.0076241169519E-03
2.06424166623387E-03
2.1212903062862E-03
1.9806932060019E-03
2.03331900916593E-03
2.29494813178609E-03
2.35364695766579E-03
1.7547201769426E-03
1.7979788600675E-03
0.00184151422293
1.88532125952494E-03
1.68822064712841E-03
1.48029797712702E-03
1.76603285922502E-03
2.06316815400848E-03
2.1082605870324E-03
1.88439642602746E-03
1.64937715791792E-03
1.40311058244827E-03
1.4318834957696E-03
1.16863754736808E-03
1.48984815979336E-03
1.51903446670979E-03
1.8580238169369E-03
1.57780165892919E-03
1.60737728865708E-03
1.96449298503574E-03
2.00027964320103E-03
2.03620969229285E-03
2.07228013799107E-03
2.45990268960679E-03
2.50230214475285E-03
2.54485514895811E-03
2.58755836207374E-03
2.63040848063254E-03
2.67340223722017E-03
3.10461302840795E-03
3.15406602444606E-03
3.20367221588279E-03
3.25342802639858E-03
2.89041367778137E-03
3.35337438769496E-03
3.82900271873981E-03
4.31734655253338E-03
4.38041100426955E-03
4.88800028383085E-03
4.50701924850971E-03
4.11349929342856E-03
4.17081520296363E-03
3.75845459808554E-03
3.80963054175129E-03
3.86091595950087E-03
3.91230771908623E-03
5.45022873795937E-03
5.52117209263132E-03
4.0670901772053E-03
3.60401700686078E-03
3.64940984259764E-03
3.69487982393864E-03
3.20607804557828E-03
2.70431499249191E-03
2.73694793945611E-03
2.76962876351002E-03
2.80235569864382E-03
3.40215239353315E-03
3.44152910001043E-03
2.9007957453637E-03
2.9336897762228E-03
2.96662131958191E-03
2.99958870031984E-03
3.63910830916422E-03
3.67874921379754E-03
4.33816506071295E-03
4.38449702771841E-03
4.43086773579642E-03
4.47727495551219E-03
4.52371647569808E-03
4.57019010317738E-03
3.95716599642336E-03
4.66322499564721E-03
4.03695596728559E-03
4.07688208902009E-03
3.43068879610711E-03
3.46398964513914E-03
3.49730280615593E-03
3.53062680878017E-03
4.27675223266076E-03
3.59730151342921E-03
3.63064933031052E-03
3.66400221820228E-03
3.69735876140814E-03
3.73071755471379E-03
4.51689264389312E-03
3.79743632232087E-03
3.06463482985956E-03
3.09131798684829E-03
3.11799744490036E-03
3.14467212782314E-03
3.17134096705227E-03
3.19800290155213E-03
3.22465687771882E-03
3.25130184928465E-03
3.27793677722504E-03
3.30456062966703E-03
3.33117238180005E-03
3.35777101578813E-03
2.53826664051331E-03
3.41092489234712E-03
3.43747813335741E-03
3.46401425293898E-03
3.49053226687923E-03
3.51703119745224E-03
3.54351007334325E-03
3.56996792957476E-03
4.49550475929275E-03
4.52852094300385E-03
5.47380873613147E-03
5.51335511422653E-03
5.55286286437009E-03
5.59233059393043E-03
4.69313076589028E-03
4.72595038720293E-03
5.71047986412313E-03
5.74977375949206E-03
4.82418400097105E-03
2.91410982395093E-03
2.93368448336051E-03
3.93764495521319E-03
2.97275686474616E-03
3.9896710320342E-03
4.01562972516701E-03
4.04155103713964E-03
6.10115116683933E-03
6.13991714377067E-03
7.2083937529129E-03
8.28969083164398E-03
8.34113414665556E-03
8.39249257116388E-03
5.27735278255915E-03
4.24747407306428E-03
5.34127626226149E-03
5.37315278031729E-03
6.48596536368843E-03
4.34938426186871E-03
4.37474348460597E-03
4.40005378410172E-03
4.42531437172526E-03
5.56315557926904E-03
7.83244573937833E-03
6.75118506808086E-03
6.78876598512454E-03
6.82626652141003E-03
8.00763312341136E-03
8.05119220257799E-03
8.09465352804105E-03
6.9754421053485E-03
8.1812776844395E-03
7.04951821486853E-03
8.26749520039445E-03
8.31044825302785E-03
8.35329580198987E-03
9.59547037860094E-03
9.64419352238686E-03
9.69279177462209E-03
9.74126371300621E-03
9.78960792332892E-03
0.011067550874351
1.11216459860089E-02
1.11755926847247E-02
1.12293894154016E-02
1.12830346317923E-02
1.38557549734409E-02
1.77175668144081E-02
1.78002935670507E-02
1.78827751459258E-02
1.66817942696994E-02
1.67579224852746E-02
1.68338165649883E-02
1.69094743753091E-02
1.69848937949293E-02
1.57477594289622E-02
1.71350090376228E-02
1.98573469369693E-02
2.26023442003935E-02
2.26993698310765E-02
2.27960674077104E-02
0.021545820485871
2.29884677580533E-02
2.44420573234692E-02
2.45430255430881E-02
2.73818138561225E-02
3.02425143364119E-02
3.17447935916415E-02
3.46434141444904E-02
4.03460771393446E-02
3.77117286004013E-02
7.15120147098244E-02
7.03820463131716E-02
7.20662752760901E-02
6.95048392049777E-02
0.06692078255597
0.118624020901518
0.119066974787096
0.119508104198089
0.119947397446226
0.123285682502685
0.123731764696327
0.125636824314894
0.12608426587568
0.126529745454634
0.128449684536149
0.128896339171821
0.129340973811482
9.99482718410141E-02
9.72938953312444E-02
0.103628992129114
0.106988905808312
6.95464187080193E-02
4.24717253222625E-02
4.10883803615562E-02
4.27479398397866E-02
4.28850246187412E-02
4.30214230443157E-02
4.16158054909652E-02
4.17459987707637E-02
4.18755201623239E-02
4.20043663608642E-02
0.042132534083735
3.28689044991894E-02
3.13976452461754E-02
6.92803367310461E-02
8.36975123308656E-02
7.44394394122543E-02
0.081008988170138
6.21261907004629E-02
5.91082730305997E-02
5.60712722661999E-02
8.83589029685254E-02
9.34373187465932E-02
0.153465325204283
0.153884235913466
0.154300605811061
0.144942987166126
0.143695368285922
0.144073940029528
0.146091598728979
0.14646962525325
0.146845214086216
0.143910078257975
0.144272433839803
0.152944585133743
0.156655760622005
0.155368798535316
0.122252065908487
0.122545926451948
0.161540025984451
0.146740949842323
0.147083780356906
0.147424131687005
0.146063581755364
0.148097363519296
0.146724132987616
0.147050687763956
0.147374751335476
0.151131113845784
0.151457591323586
0.14833191617903
0.148645936630455
0.157617742595047
0.161415968998406
9.56570154150626E-02
9.41085898313177E-02
9.60440304716031E-02
9.44853490013147E-02
0.110449857218876
0.110664916182873
0.105598170355656
7.93495286812055E-02
6.88991921036067E-02
7.07975480539619E-02
5.85156340012865E-02
6.03987172393435E-02
0.101439144422954
9.44886497179515E-02
0.10358478569273
0.103765111422969
0.102151514320535
0.104120385605607
0.106093520831451
0.104468461844615
0.110052193264755
0.112037534955957
0.112216801157553
0.112394121914641
0.11075385602157
3.45502466918336E-02
3.27815911588382E-02
3.46547333740641E-02
3.28794381259578E-02
3.47568100590594E-02
3.11430530243601E-02
3.11873652624695E-02
3.49053852133175E-02
3.31140267689336E-02
3.13170376699961E-02
3.13591702932689E-02
3.32478587527802E-02
2.95922750811006E-02
0.027778482069522
2.59594726162356E-02
2.59919079739485E-02
2.60238885730508E-02
2.79165146353434E-02
2.60864824909565E-02
2.42515875970145E-02
2.24119272616298E-02
0.022437380735478
2.43343107384721E-02
2.43610320536309E-02
2.43873257809669E-02
2.44131913028408E-02
3.00783113992848E-02
2.82272715128942E-02
2.63719212764986E-02
2.63979254470198E-02
0.024536074934388
2.45593588302887E-02
2.45822104858944E-02
2.64972931634407E-02
2.46266149459255E-02
2.65441795349199E-02
2.65669213999203E-02
1.89922821463572E-02
1.90078570207919E-02
2.09254063565753E-02
1.90380007912882E-02
1.90525689831324E-02
1.90668009231361E-02
1.71726266511477E-02
1.90942547265831E-02
1.91074759493743E-02
1.91203596390233E-02
1.72196149455686E-02
1.72306019025269E-02
1.72412842898994E-02
1.72516618587468E-02
1.72617343672879E-02
2.11096130433225E-02
1.92010703023569E-02
1.92112435784982E-02
1.92210769037117E-02
2.11536270540446E-02
2.30876673526199E-02
2.50230954023944E-02
2.31084074848195E-02
2.50446774943491E-02
2.31275107513772E-02
2.12084106655785E-02
1.92874794795623E-02
2.31530926831489E-02
2.31607997331777E-02
2.31680963464613E-02
1.93124852945481E-02
1.73860931956378E-02
1.93229349318458E-02
1.93276459872396E-02
1.93320143852476E-02
1.93360400244173E-02
1.93397228112637E-02
1.74087563942431E-02
0.019346059493888
2.12835845667913E-02
2.32212286135296E-02
2.32235894957492E-02
2.32255384828973E-02
0.021291485902253
2.12925172171886E-02
0.023228913669298
2.32292147193644E-02
2.12933450984657E-02
2.32285807451229E-02
2.12920085909032E-02
2.32262987367082E-02
2.32245397799229E-02
2.32223689060062E-02
2.51547683457992E-02
2.51515242527486E-02
2.70822828887726E-02
0.027077828622102
0.023205337877987
2.90008711178554E-02
2.89945556837952E-02
2.89877261919686E-02
2.70483572809263E-02
0.025109522257243
2.89641550158115E-02
2.70249195986852E-02
0.028945873836189
2.89359637469682E-02
2.69971715638235E-02
2.89146057212597E-02
2.69762810624823E-02
2.88911989073001E-02
3.65797219782391E-02
4.04120436748488E-02
5.00105701726927E-02
5.19088460642803E-02
5.57258841484523E-02
0.057617416921468
5.75863480094366E-02
5.56357850027799E-02
5.94385265062491E-02
5.74870317877926E-02
0.05745189245561
5.35880216719957E-02
5.35533299286919E-02
5.35176918707294E-02
0.051571068745927
5.72609787397432E-02
0.061034409405944
5.90834463154416E-02
0.06094324197158
6.08960445820087E-02
5.32418012631023E-02
5.50985753474823E-02
5.31545096492501E-02
7.39738876803672E-02
7.39098332763585E-02
0.100352750422935
0.104045642968519
0.11150979325211
0.109516804091048
0.116957531465652
8.66902039511907E-02
8.28385519812241E-02
7.14698671676715E-02
6.95172479999816E-02
7.88285440361668E-02
8.06190957184321E-02
8.80226515200221E-02
6.92177199914177E-02
7.47457275371637E-02
7.46601768281936E-02
8.01663162522877E-02
9.12443105003418E-02
8.74149250090532E-02
0.10588449367402
0.100187326596803
0.100061275122899
0.166555790229751
0.18482208640382
0.184578955079053
0.184332600914123
0.184083029732433
0.183830247436529
0.183574260008091
0.183315073507923
0.183052694075952
0.182787127931216
0.182518381371864
0.182246460775145
0.181971372597404
0.181693123374083
0.17415525093092
0.170259538228221
0.169989107413057
0.162493784551629
0.109955364468603
0.104375420775278
0.102404738018021
0.073535198341865
7.52000553390196E-02
7.32826898699327E-02
0.148093332002074
0.138925845230022
0.112008547903519
7.80866119105956E-02
8.68009253662074E-02
9.01766052519824E-02
8.82429812986579E-02
0.11273729425086
0.116037939659532
0.115813555561627
0.115587187812122
0.153811789163873
0.150015954548453
0.151454131295025
0.151145350875982
0.152567716380989
0.128028559507696
0.11222105887574
0.168835440523751
0.166754070058328
0.166392678574789
0.171163365207856
0.170784985527723
0.170403714078032
0.170019560165112
0.169632533174751
0.169242642572233
0.151964908112134
0.151608877910585
0.151250296443945
0.150889172517469
0.147180503563503
0.145154021769157
0.119832508086027
0.119535544663316
7.12107372814388E-02
6.93791184041106E-02
0.107098962293761
0.09367616414883
0.093433218760165
0.124251628554679
0.123923570925558
7.64327978115023E-02
7.78492451852379E-02
7.76381766123354E-02
7.74258271059339E-02
6.91692642712129E-02
8.18096382368671E-02
8.15799679337984E-02
8.13489594581047E-02
8.42976624849624E-02
8.56407719238499E-02
4.90213110133241E-02
5.04543752816711E-02
5.18773259595632E-02
5.01553788925322E-02
3.75034938168013E-02
3.73898461460445E-02
3.72755940463427E-02
4.33541971642975E-02
0.046306610268929
4.61615504504295E-02
4.44818914613163E-02
4.58692120149254E-02
0.048770070284595
4.86122028824459E-02
6.81378206329066E-02
5.88584949998347E-02
6.76883984228885E-02
0.065962920219063
3.58585019526728E-02
3.27586088215571E-02
3.26464091074234E-02
2.80972839763106E-02
2.65258441198345E-02
2.64327944712113E-02
2.48760367660687E-02
2.33292998191031E-02
2.32454975001587E-02
2.60565027015551E-02
0.02596141883502
2.73029320225858E-02
3.00650647794129E-02
2.99527446782136E-02
2.98399675485381E-02
2.83111775176955E-02
2.82029087949644E-02
2.66895027675827E-02
2.51865849273838E-02
2.78755544973043E-02
2.77655967874592E-02
2.62724629891137E-02
0.022035551771684
2.19465970673949E-02
2.32234000145208E-02
2.17677159802666E-02
2.30326566232187E-02
0.021587555583908
2.14970017969096E-02
0.021406135594032
2.13149594759073E-02
1.98970087103827E-02
1.98109570962868E-02
0.019724622051872
0.020947206374897
1.95511112832856E-02
2.46543245060307E-02
2.06682621506998E-02
2.05746984948132E-02
1.92007950867083E-02
0.017838374393784
1.77557604528744E-02
1.51482022310816E-02
1.38205596588145E-02
1.37550793459924E-02
1.36894129808472E-02
1.36235624482668E-02
1.23250269490256E-02
1.22648331585051E-02
1.34249248569805E-02
1.45727527856749E-02
1.69165996407537E-02
1.56291893221998E-02
1.43537592472084E-02
1.42803904739376E-02
1.42068398344949E-02
1.53108686313501E-02
1.64024019570757E-02
1.39851185514006E-02
1.39108623422287E-02
1.49894715504539E-02
1.49086595633177E-02
1.59682571463186E-02
1.58808433170524E-02
1.57932407008884E-02
1.57054519721438E-02
1.67330140935041E-02
1.77478022304398E-02
1.65439243781785E-02
1.64490963872974E-02
1.63540835678378E-02
1.84267407379772E-02
1.83186507040785E-02
1.82103613435227E-02
1.91666923178297E-02
1.90516217814387E-02
1.89363511261682E-02
1.88208840394244E-02
1.87052242304756E-02
0.014458403112721
1.33418576730726E-02
1.42777645850094E-02
1.31738625300176E-02
1.30896752505692E-02
1.20049524884194E-02
1.09330989807824E-02
9.87414457763619E-03
8.82811827607893E-03
8.76942924057297E-03
7.74281332883667E-03
7.69051336264974E-03
0.006683381336195
7.5857253307134E-03
7.53324086475138E-03
7.48069851741244E-03
5.57107508768071E-03
5.53158562724241E-03
5.49205689530825E-03
6.36123867083341E-03
5.41288721552283E-03
6.26879060430736E-03
6.22250689137342E-03
6.17618561870613E-03
5.25413868852238E-03
5.21437469121618E-03
5.17458285768234E-03
4.27897054978079E-03
4.24576798248997E-03
4.21254592246032E-03
4.17930562097963E-03
4.14604833779447E-03
4.11277534121401E-03
4.89538548985935E-03
7.2831371842004E-03
8.82832474672655E-03
9.5509245427667E-03
9.47092718675232E-03
9.39091082844451E-03
9.31087866308027E-03
9.23083390864271E-03
9.91334479001028E-03
9.07071962003005E-03
1.12383207978697E-02
1.11382427162806E-02
1.10381694507156E-02
1.09381052024603E-02
1.22831280979161E-02
0.01360149291159
1.34748114578853E-02
1.26456282132458E-02
1.46132958687384E-02
1.37841977881318E-02
1.43335745431729E-02
1.41938027152717E-02
1.47233412778391E-02
1.45770619481105E-02
0.014430866797059
1.49340699720272E-02
1.60667683119184E-02
1.71730484121487E-02
1.51058879420944E-02
1.61925543593233E-02
1.54043703518959E-02
1.52391276388685E-02
1.62799673044541E-02
1.55054921194285E-02
1.35648347728711E-02
1.39966347812872E-02
1.32622252939453E-02
1.08309859079241E-02
1.07063794438367E-02
1.05819385026444E-02
1.04576697079759E-02
1.03335797429147E-02
1.18217293537553E-02
1.11476436883413E-02
1.36328270938353E-02
9.3212942933302E-03
8.69330839182401E-03
8.58336922339385E-03
8.97208251079264E-03
8.8561139367141E-03
8.74037445515802E-03
9.10403051539444E-03
9.45512292333649E-03
1.07264338305458E-02
9.65982201744337E-03
1.17944074731113E-02
9.84028517513368E-03
9.70102833759742E-03
9.99676373641255E-03
9.42357486077613E-03
9.28539670397893E-03
9.14759674921197E-03
9.41973831911322E-03
8.46984359080128E-03
8.73656142360358E-03
8.60037010844361E-03
1.07731341737182E-02
1.06008984622909E-02
2.04859900960717E-02
2.01499291630237E-02
1.94547630437544E-02
2.05439564551463E-02
1.94970214141348E-02
2.01861849409673E-02
2.25213485137213E-02
2.24511519904692E-02
2.52885858688297E-02
2.45080186421018E-02
2.40536037856167E-02
2.32946599938113E-02
2.34514129445386E-02
2.29972364901148E-02
2.19671081863826E-02
2.01124029313146E-02
1.35991692812391E-02
1.30475430537427E-02
1.51701558510951E-02
1.51085622546196E-02
1.65667121406298E-02
0.02492837957462
2.43726948876558E-02
2.38202553525793E-02
2.32711216750851E-02
2.27253553118387E-02
2.21830184821458E-02
2.16441741796431E-02
2.11088861839982E-02
1.79021805931615E-02
1.74428372620258E-02
1.71820086861206E-02
1.71041409251964E-02
1.40509404873545E-02
1.31221254330865E-02
1.27508915628235E-02
1.23826479415314E-02
5.43254438508963E-03
5.10919035836299E-03
4.95183906465924E-03
4.49614842897373E-03
4.49632926508247E-03
4.48830483284554E-03
5.82745988314379E-03
5.6257780895444E-03
4.66901118072913E-03
4.74222251104893E-03
4.4546129360562E-03
4.30044530368417E-03
5.18491961363117E-03
5.02493695035201E-03
5.31928068523341E-03
5.15841960117018E-03
5.22137721276356E-03
4.84161994120612E-03
4.4677911780629E-03
9.92626072577831E-03
9.61268314402241E-03
9.40825966418497E-03
1.00419481371453E-02
9.8311733006306E-03
7.16505460922298E-03
3.34023389131647E-03
3.80265287751181E-03
3.85747664073175E-03
3.42085345045692E-03
3.28293053284222E-03
2.67018983491392E-03
2.63648099189217E-03
3.53191235468755E-03
0.003852195938692
3.61926626776809E-03
3.74779187984023E-03
3.60690810514343E-03
3.55479499865473E-03
3.92931857799368E-03
4.03806319804844E-03
4.30671078874073E-03
4.80880179906982E-03
4.32959049183769E-03
4.17845937950708E-03
3.09955709866909E-03
3.04511513421385E-03
2.39218518866026E-03
2.4946734546335E-03
2.44728177044235E-03
2.25837759605526E-03
2.48973026870892E-03
3.65761835777717E-03
4.83975372709861E-03
4.79907521029491E-03
4.37439575828859E-03
3.65400541293404E-03
3.38567303999535E-03
3.24367142878526E-03
3.62154687316143E-03
0.003415143057027
3.43221180952327E-03
3.33686961824123E-03
3.85848049164342E-03
4.14342884332435E-03
4.01637982290385E-03
3.84210975394483E-03
3.71593261011734E-03
3.58952815186554E-03
3.46297202982684E-03
3.33634602087508E-03
3.20973839463887E-03
3.08324429052911E-03
2.95696610308421E-03
2.38219460023851E-03
2.73849965003572E-03
2.61203836834646E-03
2.75588943143802E-03
2.58901079599125E-03
2.53407684989115E-03
2.42061011067904E-03
2.40183147389511E-03
2.25751347487494E-03
2.11529381356472E-03
1.97542226813887E-03
1.83816104834241E-03
1.70378441008086E-03
1.55685223688542E-03
1.41594123580268E-03
1.28124353315664E-03
1.14093629000135E-03
1.03122845509305E-03
9.35754129039461E-04
7.73432298197325E-04
6.68734384703345E-04
5.86337799390888E-04
5.26665479623016E-04
3.41780134412112E-04
2.81477532002526E-04
2.35592970255555E-04
1.94161640469889E-04
1.61993392657271E-04
1.26680916234881E-04
1.04115605738848E-04
8.08339927720956E-05
5.43026771011367E-05
2.74498556100717E-05
1.85434398430626E-05
9.4125832551672E-06
6.85706471525953E-06
3.81714044592104E-06
2.09534377849525E-06
9.53600844283507E-07
3.2673011759466E-07
1.08882296827023E-07
3.73054100674687E-08
5.97278140413512E-09
4.7216618274544E-10
7.72045308987561E-12
3.49458392124797E-14
5.36801726614175E-18
1.46802364885955E-25
1.10485179068915E-47
0
0
0
0
0
0
0
0
0
0
0
0
0
0
0
0
0
0
0
0
0
0
0
0
0
0
0
0
0
0
0
0
0
0
0
0
0
0
0
0
0
0
0
0
0
0
0
0
0
0
0
0
0
0
0
0
0
0
0
0
0
0
0
0
0
0
0
0
0
0
0
0
0
0
0
0
0
0
0
0
0
0
0
0
0
0
0
0
0
0
0
0
0
0
0
0
0
0
0
0
0
0
0
0
0
0
0
0
0
0
0
0
0
0
0
0
0
0
0
0
0
0
0
0
0
0
0
0
0
0
0
0
0
0
0
0
0
0
0
0
0
0
0
0
0
0
0
0
0
0
""
