0
0
0
0
0
0
0
0
0
0
0
0
0
0
0
0
0
0
0
0
0
0
0
0
0
0
0
0
0
0
0
0
0
0
0
0
0
0
0
0
0
0
0
0
0
0
0
0
0
0
0
0
0
0
0
0
0
0
0
0
0
0
0
0
0
0
0
0
0
0
0
0
0
0
0
0
0
0
0
0
0
0
0
0
0
0
0
0
0
0
0
0
0
0
0
0
0
0
0
0
0
0
0
0
0
0
0
0
0
0
0
0
0
0
0
0
0
0
0
0
0
0
0
0
0
0
0
0
0
0
0
0
0
0
0
0
0
0
0
0
0
0
0
0
0
0
0
0
0
0
0
0
0
0
0
0
0
0
0
0
0
0
0
0
0
0
0
0
0
0
0
0
0
0
0
0
0
0
0
0
0
0
0
0
0
0
0
0
0
0
0
0
0
0
0
0
0
0
0
0
0
0
0
0
0
0
0
0
0
0
0
0
0
0
0
0
0
0
0
0
0
0
0
0
0
0
0
0
0
0
0
0
0
0
0
0
0
0
0
0
0
0
0
0
0
0
0
0
0
0
0
0
0
0
0
0
0
0
0
0
0
0
0
0
0
0
0
0
0
0
0
0
0
0
0
0
0
0
0
0
0
0
0
0
0
0
0
0
0
0
0
0
0
0
0
0
0
0
0
0
1.9415243104024E-193
5.14410825127058E-39
1.14673526301093E-22
2.00132017480414E-16
5.06319790896424E-13
7.71262603332937E-11
1.83844010106567E-09
1.9500060834299E-08
1.22407164990338E-07
3.78366555962485E-07
1.42564921393799E-06
2.71937108241805E-06
8.0742908055812E-06
1.64293211062547E-05
3.00989733918581E-05
4.76032459982737E-05
7.24780365867365E-05
1.03977392836693E-04
1.43190819509973E-04
2.00967287151918E-04
2.48824623828158E-04
3.23893382093925E-04
3.77615392127707E-04
3.39693159812729E-04
3.95785083360294E-04
4.61530955619634E-04
5.39974843737279E-04
6.14267225274348E-04
7.14859102437551E-04
9.96823104168562E-04
8.07229960982255E-04
9.67846223333187E-04
1.03603393453135E-03
1.12113231828958E-03
1.38462238225445E-03
1.50912014325896E-03
1.66340778151042E-03
1.53984895930317E-03
1.90174154310969E-03
1.97228499449459E-03
2.10635742902888E-03
3.40092690542803E-03
3.57013618866381E-03
3.73696818100934E-03
3.94537828710866E-03
3.22161247255583E-03
3.4345661801699E-03
1.85230327946495E-03
1.8847613635681E-03
1.85642001719231E-03
1.93594744366593E-03
2.01557317644153E-03
2.09523244359258E-03
1.97715022364167E-03
2.04946917309288E-03
2.05094479268121E-03
2.04745410659371E-03
1.96346022880121E-03
2.10340916815785E-03
2.16759445186833E-03
2.1488579190992E-03
2.55013288719491E-03
2.44576001107022E-03
2.69040108876367E-03
2.48394930239004E-03
3.01767026199108E-03
3.28411726162135E-03
6.62402690171974E-03
6.87649331918183E-03
6.61553657183839E-03
7.07481676589161E-03
7.8697024889775E-03
8.24978011529444E-03
8.41296069327398E-03
8.34617444797147E-03
0.006871844038327
7.94586424928657E-03
6.87991159652149E-03
7.49003633479271E-03
7.49140491645451E-03
7.36066142608139E-03
7.60752318351362E-03
7.9883209893419E-03
1.30293932674709E-02
1.25486595314291E-02
0.012731012459853
1.31893622699528E-02
1.23869009339613E-02
1.19840459881862E-02
4.91491765154583E-03
5.27140402658562E-03
1.17142603430095E-02
1.03581535750503E-02
1.06356023174649E-02
1.10692022352108E-02
1.55523524118904E-02
1.38416183884156E-02
1.27233468642453E-02
0.014630599211188
1.42994015024567E-02
1.44490835154392E-02
1.47632095588489E-02
1.52467982652926E-02
1.60598664448214E-02
1.66866335307649E-02
1.73207746698149E-02
1.81553060544496E-02
0.018210449557195
2.07163403957716E-02
2.14285976834223E-02
2.21481267574501E-02
2.28748011289116E-02
2.36084959442215E-02
2.43490879726363E-02
2.50964555924619E-02
2.58504787761297E-02
2.66110390742732E-02
2.73780195989248E-02
2.81513050059439E-02
2.89307814767786E-02
2.97163366996532E-02
3.05078598502669E-02
3.13052415720808E-02
3.21083739562652E-02
0.032917150521372
0.03373146619279
3.45512172820399E-02
3.53763014659541E-02
3.62066177657903E-02
3.70420665263157E-02
3.78825493949013E-02
3.87279693006578E-02
3.87866658249705E-02
4.04332382241724E-02
4.12928993222458E-02
4.17355503613578E-02
4.30258140170936E-02
4.38988868293424E-02
4.47762513401329E-02
4.56578199951115E-02
4.65435063398738E-02
4.74332250007574E-02
4.83268916658791E-02
4.92244230664251E-02
0.050125736958198
0.051030752103429
5.19393882528593E-02
5.28515661280931E-02
5.32295353301863E-02
0.053045647651982
3.94820857826015E-02
4.46619724442178E-02
0.045395669229738
4.61318035526633E-02
4.39038419712157E-02
0.045200463552987
4.59059418244835E-02
0.045992005500437
5.74187469389724E-02
0.061484495522825
6.23978561576696E-02
6.06755720129415E-02
6.35627030712312E-02
6.51522242619264E-02
6.60748980830359E-02
6.56039157029535E-02
6.86342696304746E-02
0.065986718155317
6.76058674684178E-02
6.33530005274072E-02
0.064936824418881
6.50294725452111E-02
6.51041628771267E-02
0.067487961795864
6.67703205310502E-02
0.066810172655827
6.76368982662379E-02
6.84649162997745E-02
5.19706345082856E-02
5.25934803357963E-02
4.89936033374275E-02
0.049568575402858
5.01442792919574E-02
0.063838102026638
6.72177518904901E-02
6.43971368190174E-02
7.41588113210549E-02
6.49193324292079E-02
5.82338802307388E-02
5.69951529813756E-02
5.57169264201799E-02
3.62660808972837E-02
3.56825731561726E-02
9.06214460679526E-02
8.76170209408393E-02
8.55273148279541E-02
8.73960176134295E-02
8.72560499700448E-02
8.81210272025284E-02
9.10558074165326E-02
9.19415817059666E-02
9.17727763936439E-02
0.093713929914394
9.46004240362948E-02
9.54870788435582E-02
9.63738552378513E-02
9.50502436498343E-02
7.69566549814349E-02
7.87774651406059E-02
6.69927605238455E-02
5.84229422782086E-02
5.89368263816086E-02
5.47878329521669E-02
5.52612393823852E-02
0.113840742162452
0.112415371067647
0.110949429391987
0.111874964833847
0.114026212304446
0.114961010067309
0.108418233922411
0.109291837902047
0.108898684896071
0.11103753250782
0.110623239178548
7.77799900938932E-02
8.62185982911308E-02
7.10825785974118E-02
9.15173042814166E-02
8.15157098314742E-02
7.67390877630879E-02
8.13760437948392E-02
8.88046628084875E-02
9.35798305675391E-02
0.09286951935398
0.117267357946328
0.126536117730346
0.12459590364725
0.126892342662455
0.129207498234178
0.135877829708855
0.145536618846587
0.146521061389448
0.147504176447482
0.148485930388362
0.149466289795245
0.150445221464548
0.151422692403758
0.152398669829298
0.153373121164441
0.154346014037259
0.142891930976338
9.22093275929577E-02
9.12079122918383E-02
9.17683891039226E-02
0.108246468124979
0.113705687793633
0.111165865544121
0.162069233784447
0.163026676595148
0.163982248068957
0.164935917963811
0.165887656221106
0.166837432964159
0.167785218496705
0.168730983301422
0.169674698038497
0.170616333544212
0.171555860829573
0.17249325107896
0.17342847564881
0.174361506066328
0.175292314028232
0.176220871399512
0.177147150212234
0.178071122664354
0.17899276111857
0.179912038101196
0.180828926301055
0.181743398568405
0.182655427913886
0.183564987507488
0.184472050677544
0.185376590909748
0.186278581846189
0.187177997284412
0.188074811176497
0.188968997628162
0.189860530897882
0.19074938539603
0.160973849974594
0.161715923437812
0.164389679231907
0.165135882777813
0.150267495227865
0.150939129952779
0.153577509750652
0.154253396176274
0.150954531089031
0.149613806404691
0.120205690164918
0.106634719727002
9.90041833956144E-02
0.105507012952949
0.107984216586749
0.190265388968856
0.205425983323622
0.206262412615193
0.207095704783068
0.207925837122466
0.208752787066404
0.209576532185182
0.210397050185888
0.211214318911906
0.212028316342448
0.212839020592081
0.213646409910282
0.214450462680993
0.215251157422193
0.216048472785476
0.216842387555643
0.217632880650303
0.218419931119482
0.219203518145248
0.219983621041338
0.220760219252798
0.221533292355633
0.222302820056465
0.2230687821922
0.223831158729702
0.224589929765479
0.225345075525375
0.226096576364268
0.226844412765782
0.227588565342001
0.228329014833191
0.215321797581083
0.153965147867783
0.152148449716846
0.145689642771504
0.187899791198786
0.183827378782396
0.135375992645166
0.140470218376947
0.143242217080388
0.204907353834112
0.205515032146851
0.135043676901631
0.123556859931285
0.131062800680442
0.212691024921746
0.213295054077064
0.180249028090104
0.180752011995969
0.188502040652092
0.189018820682501
0.187102516788175
0.187606378079921
0.192992971756223
0.156762257660615
0.16454061713134
7.14040418895909E-02
6.91192549852242E-02
0.076720021043977
0.066989480963268
6.96444605592946E-02
7.23106317557797E-02
7.24882674122468E-02
0.107744158893096
0.251171796768859
0.25177148407091
0.252366858508961
0.252957905428597
0.251009164194413
0.149934905635837
0.160464109908166
0.160825473334597
0.158625588186008
0.12051387677327
0.12334697182907
0.133914961342775
0.126459313543373
0.124141067646665
0.121809775978627
0.11167433426668
0.122313394616458
9.90926973827884E-02
0.104517885865682
0.125671021253748
0.123295091786425
0.110393122111739
0.113239196450556
0.208440374225184
0.214119915153682
0.233057399863659
0.238793133136306
0.249860281215255
0.236995662934556
0.266761047745487
0.267230156486448
0.26769457668701
0.268154297207792
0.268609307030101
0.26905959525592
0.266810099596812
0.253749206093543
0.254159101793027
0.208526255211693
0.21156707477293
0.162996945598213
0.160526325641674
0.149869860601209
0.256524100250624
0.254169444911282
0.260013237080106
0.263127328537092
0.263499780348397
0.269364806055655
0.264230674113649
0.248052280061605
0.253903545874695
0.254238033431599
0.254568007704355
0.254893460885677
0.230247760632335
0.227755689245255
0.269747107552239
0.27285533937504
0.172826782453797
0.120003097765475
0.120140322102689
0.117478303530395
0.114807958063099
0.112129432344118
0.109442873355023
0.109557597578287
0.112482427186906
0.126670589412514
0.132431572114959
0.12973995132447
0.124217457089363
0.12998513762971
0.135760952293297
0.144375486788347
0.136002238900405
0.138955050262839
0.139071994350381
0.136345908637646
0.142141234422938
0.142252934418584
0.156598294090978
0.142468685225453
0.145424185609912
0.148381189214508
0.154195003164876
0.208589500248833
0.194430124810534
0.174526572877326
0.183223348716666
0.20338566955142
0.28662575326308
0.286787669733676
0.286944435143533
0.287096045836298
0.287242498276562
0.287383789049878
0.287519914862764
0.287650872542714
0.287776659038206
0.28789727141871
0.190088386537299
0.181517466512114
0.175819102191824
0.172996755249241
0.17016935022398
0.173107284254536
0.118324549465054
0.115470236237168
0.121274800093456
0.170402773817145
0.164662625440668
0.173364082493411
0.196515426837421
0.208109670910885
0.21392211625621
0.231297174105666
0.231323031169354
0.24002015042291
0.234254278115644
0.234267805971976
0.234277115594874
0.225605087998694
0.222713544588768
0.2227103638387
0.228487670896772
0.225584075469689
0.228460573194677
0.248682448483638
0.251547859004312
0.254408085119584
0.257262971389333
0.26011236251532
0.254287220819309
0.254237776328391
0.257072207236812
0.288778590342158
0.288706806573361
0.288629827034325
0.28854765351625
0.288460287931394
0.288367732313059
0.279621889151129
0.279522047922962
0.276536589509632
0.279307284775235
0.244653105853986
0.244548006463475
0.247314257705836
0.250073435186426
0.267190465353134
0.255569959756711
0.24969676945171
0.249562238420706
0.286693361653017
0.286528426835272
0.246268178424277
0.243255657211556
0.240242325375462
0.240086513297024
0.279914125579289
0.279722297499994
0.276673151889164
0.265072391128102
0.264876080323519
0.261829053948583
0.261625465578769
0.264258681278259
0.261204232332169
0.283681084039129
0.283439445793707
0.283192734764049
0.282940956731924
0.282684117599861
0.282422223391135
0.282155280249758
0.281883294440469
0.281606272348726
0.28132422048069
0.281037145463221
0.280745054043863
0.269230034967208
0.271741474105255
0.254653263100626
0.237597663993688
0.265249115753275
0.262154300905544
0.231205254001119
0.230929722849081
0.261218166282432
0.269223314224933
0.27165895615494
0.268545759514925
0.276494662748113
0.276133117758284
0.275766672056384
0.275395334319868
0.275019113346758
0.274638018055652
0.274252057485714
0.273861240796677
0.273465577268842
0.273065076303082
0.272659747420837
0.272249600264122
0.27183464459553
0.271414890298233
0.270990347375989
0.270561025953151
0.224205357107975
0.231931756287249
0.228857819673586
0.247292469006933
0.244192224753595
0.257169917821486
0.238006339837926
0.232251444448008
0.229176094525396
0.228766284700331
0.228352467988464
0.227934654342035
0.230158352117357
0.229727623975865
0.229292883258301
0.263050736152979
0.262541846153845
0.262028380528011
0.26151035169392
0.260987772191009
0.260460654679746
0.259929011941671
0.259392856879437
0.258852202516855
0.258307061998937
0.257757448591949
0.257203375683457
0.256644856782384
0.256081905519064
0.255514535645297
0.173361077503404
0.172969285063317
0.111665863629178
0.113940517201521
9.59925208385579E-02
8.82064088518353E-02
8.79971421439831E-02
8.27700050201691E-02
8.00677435420114E-02
7.98722962271601E-02
8.46552038058712E-02
8.69283160529651E-02
8.91875204243523E-02
7.90769260780127E-02
7.64098781765006E-02
7.37542139940589E-02
0.07111006358105
7.33688104169424E-02
7.07351043218933E-02
0.080276290488105
8.49116513670565E-02
8.46803527048528E-02
0.152005734048685
0.18286357649641
0.227940112101447
0.124415165145749
0.143147342841849
0.142736335552472
0.142322948303713
0.139542071699414
0.139130924591382
0.129312894157032
0.161742681618707
0.147231715581321
0.232988728092028
0.232272478442541
0.231552405212232
0.230828526844787
0.230100861910471
0.229369429106367
0.228634247256607
0.227895335312619
0.22715271235338
0.226406397585673
0.225656410344351
0.224902770092615
0.22414549642229
0.223384609054114
0.222620127838039
0.221852072753528
0.221080463909875
0.220305321546519
0.219526666033379
0.218744517871191
0.217958897691851
0.217169826258777
0.216377324467273
0.215581413344903
0.214782114051875
0.213979447881441
0.185460889546456
0.184756767651623
0.200973889890258
0.208628189520315
0.207817204811678
0.209093955722633
0.208268328884448
0.207439510355142
0.206607522644844
0.205772388401265
0.204934130410221
0.20409277159616
0.203248335022711
0.202400843893238
0.201550321551414
0.200696791481807
0.199840277310478
0.198980802805593
0.198118391878058
0.197253068582155
0.196384857116208
0.195513781823253
0.194639867191731
0.193763137856195
0.192883618598034
0.155521080820431
0.154804211244203
0.155987428482313
0.145790370224056
0.143218238904212
0.142537484053754
0.143721253660546
0.150457540616409
0.138634921014846
0.13979480941326
0.12446176587438
0.158445268060759
0.157650553590479
0.162262476753305
0.163229747387445
0.162391942374573
0.163327299799768
0.164242041453372
0.168649658421134
0.16251456790925
0.123408460281775
0.126202701115138
0.116921861997728
0.171005268012143
0.170064501159582
0.169121643061966
0.168176722810565
0.167229769672174
0.123047801686975
0.123997412015719
0.121638986116392
0.125835109251369
0.125098471558321
0.125975476871279
0.115593604414426
0.11809255346256
0.115793059365689
8.67102481232174E-02
0.10184698222517
0.101217132823156
9.90387398625328E-02
9.68787491539406E-02
9.62652485248556E-02
8.35046474657584E-02
0.113137331033188
0.110904868077682
7.29569185810878E-02
7.24761398565726E-02
7.05254080633206E-02
7.00531372812883E-02
0.101471181612663
0.136773734458666
0.134405555736833
0.132056010673843
0.131135223466406
0.127413092468274
0.107046984355565
0.135268089550045
0.128812184203373
0.127876491317169
0.126939898279079
0.123321536257382
0.129055557496834
0.108279308293398
0.107459439148906
9.88360867387875E-02
6.96849116080223E-02
0.113959235237443
0.113066825039943
0.112173861588023
0.112530720625791
0.111626709556155
0.111952491296926
0.118358710143235
0.118593167635765
0.112806766551542
9.04404677601049E-02
9.79347943115269E-02
9.70988591424176E-02
9.62627396091683E-02
9.65761867541959E-02
9.91486442020164E-02
9.71423065960279E-02
9.85145288993943E-02
0.096518213477633
9.56414095052897E-02
9.58539207167909E-02
9.49672108858905E-02
0.106909824463086
0.105902572641849
0.104895574636392
0.103888875817258
0.102882521928634
9.57639655485607E-02
7.76706960436885E-02
8.08914543423326E-02
8.10664168544017E-02
8.02431945958764E-02
7.45777743297338E-02
9.58516264704713E-02
9.48497256197418E-02
9.38485992063297E-02
9.28482970497713E-02
9.18488694140494E-02
9.08503670149025E-02
8.89543126170155E-02
8.61906528002284E-02
7.55603957825575E-02
7.64426434930125E-02
7.64274516645167E-02
7.97887806163914E-02
7.80187372862512E-02
7.70987645569474E-02
7.69992377183547E-02
7.68813406040506E-02
4.15703009311319E-02
4.50069821519844E-02
4.60070073125186E-02
4.69687960826556E-02
4.86526847383518E-02
3.90225774588165E-02
5.85144159153664E-02
5.77460519929691E-02
5.69792567299188E-02
5.55025081385086E-02
5.40467553830187E-02
3.04595690803824E-02
3.00362616944457E-02
0.028940921627448
2.98561822239041E-02
2.09254735574324E-02
0.021909475905854
2.47609943625521E-02
2.25152838152579E-02
2.46391525296218E-02
2.54755524822718E-02
2.56783586909037E-02
2.58636663840371E-02
1.85113565748082E-02
3.13048856098704E-02
2.85554543882704E-02
2.75337016061139E-02
2.92393786836795E-02
2.71472725515866E-02
0.035575101727541
3.70124749215545E-02
3.98947569629534E-02
0.039181501611915
3.84712077833265E-02
0.038241964677928
3.75288750035851E-02
4.14213560735675E-02
4.24320196423028E-02
4.42613321315276E-02
4.33864731782342E-02
3.18869683322901E-02
3.12374064488725E-02
3.05912371008187E-02
3.35423525175581E-02
3.28264741118382E-02
3.44085314446709E-02
3.36502481511186E-02
3.25309430599242E-02
3.14328694547268E-02
3.17516371754293E-02
3.23664423269598E-02
3.15906943959122E-02
2.14119059857194E-02
2.46767052587557E-02
2.37445114604338E-02
2.31331622699923E-02
2.31114740209069E-02
2.61951836023152E-02
0.025758363750013
2.39655307165091E-02
2.43328289517015E-02
2.36290590530769E-02
2.31780076292427E-02
2.17617811447783E-02
1.99326346988315E-02
1.95296629687081E-02
1.84665799531532E-02
1.80686921491039E-02
1.88810207343347E-02
1.84256114729235E-02
1.13453174501111E-02
1.05697747202061E-02
1.00015105517479E-02
0.005907047601812
5.8299831804297E-03
6.26593478958644E-03
0.006364755213669
6.62101996577592E-03
6.70997020372308E-03
8.21690578683037E-03
8.90663891833343E-03
8.95979777424142E-03
9.16107804167953E-03
8.90149417824341E-03
1.02840081732598E-02
1.25117416767702E-02
1.30799490000157E-02
1.29105821472067E-02
1.27396175354153E-02
0.010053638059622
9.77659393282208E-03
9.09492668682209E-03
9.76548846358321E-03
9.62026023782629E-03
9.47371116685687E-03
9.32584045900194E-03
8.92523348805301E-03
0.006429577066117
6.19985979653001E-03
5.73446755085452E-03
5.28085735498697E-03
4.49353803334966E-03
5.31418781008334E-03
4.65776878124522E-03
4.7833901839613E-03
0.005751568367223
3.85876177055736E-03
3.26575097344881E-03
3.09387593428647E-03
2.92603334356901E-03
3.5242923141998E-03
3.34630936546627E-03
2.99114229444792E-03
2.29618128067966E-03
2.32134329748824E-03
2.34148478435903E-03
2.35659270653217E-03
2.12999371243082E-03
1.98915478008955E-03
1.9269842954972E-03
1.79290769582914E-03
1.73279519912072E-03
1.6725666238966E-03
1.48327875754521E-03
1.42776140508649E-03
1.37224973269239E-03
1.37403911523381E-03
1.31626627393122E-03
1.3110908971495E-03
1.25129071388215E-03
1.19177389692654E-03
1.0873044049019E-03
9.87958886752241E-04
8.93755017242281E-04
8.43021427452361E-04
7.56841061705882E-04
6.75833166329336E-04
5.0524703410061E-04
4.41046033784764E-04
4.09071458510628E-04
4.53377000496446E-04
4.63127735379749E-04
4.02471389780691E-04
2.69803210978912E-04
2.4399831507186E-04
2.50533710132212E-04
2.09499910831864E-04
1.85378879337608E-04
1.40910121374067E-04
1.4120181175476E-04
1.13200124694049E-04
9.60405339772891E-05
9.75754613122862E-05
6.61823140229538E-05
5.35393259000708E-05
5.75845692673413E-05
4.45685013977044E-05
3.35590392993996E-05
2.44692651304621E-05
1.80809559108073E-05
1.2737575574564E-05
9.63411895910664E-06
5.72719947996032E-06
3.26124960532366E-06
1.61017000614856E-06
7.23061978784708E-07
2.53061282956014E-07
7.2781101840168E-08
1.51113529377535E-08
1.88022991132846E-09
1.08534976103859E-10
2.15997390232271E-12
4.5096941690286E-15
8.79191684055568E-20
3.90922051348928E-30
3.40103861442351E-72
0
0
0
0
0
0
0
0
0
0
0
0
0
0
0
0
0
0
0
0
0
0
0
0
0
0
0
0
0
0
0
0
0
0
0
0
0
0
0
0
0
0
0
0
0
0
0
0
0
0
0
0
0
0
0
0
0
0
0
0
0
0
0
0
0
0
0
0
0
0
0
0
0
0
0
0
0
0
0
0
0
0
0
0
0
0
0
0
0
0
0
0
0
0
0
0
0
0
0
0
0
0
0
0
0
0
0
0
0
0
0
0
0
0
0
0
0
0
0
0
0
0
0
0
0
0
0
0
0
0
0
0
0
0
0
0
0
0
0
0
0
0
0
0
0
0
0
0
0
0
0
0
0
0
0
0
""
