0
0
0
0
0
0
0
0
0
0
0
0
0
0
0
0
0
0
0
0
0
0
0
0
0
0
0
0
0
0
0
0
0
0
0
0
0
0
0
0
0
0
0
0
0
0
0
0
0
0
0
0
0
0
0
0
0
0
0
0
0
0
0
0
0
0
0
0
0
0
0
0
0
0
0
0
0
0
0
0
0
0
0
0
0
0
0
0
0
0
0
0
0
0
0
0
0
0
0
0
0
0
0
0
0
0
0
0
0
0
0
0
0
0
0
0
0
0
0
0
0
0
0
0
0
0
0
0
0
0
0
0
0
0
0
0
0
0
0
0
0
0
0
0
0
0
0
0
0
0
0
0
0
0
0
0
0
0
0
0
0
0
0
0
0
0
0
0
0
0
0
0
0
0
0
0
0
0
0
0
0
0
0
0
0
0
0
0
0
0
0
0
0
0
0
0
0
0
0
0
0
0
0
0
0
0
0
0
0
0
0
0
0
0
0
0
0
0
0
0
0
0
0
0
0
0
0
0
0
0
0
0
0
0
0
0
0
0
0
0
0
0
0
0
0
0
0
0
0
0
0
0
0
0
0
0
0
0
0
0
0
0
0
0
0
0
0
0
0
0
0
0
0
0
0
0
0
0
0
0
0
0
0
4.07728739592245E-83
1.59642294270853E-31
5.02289265113303E-20
5.80380274419823E-15
4.09713064295919E-12
2.74760879007759E-10
5.12492521154827E-09
4.41384266796224E-08
2.30025307095827E-07
8.49045623524771E-07
2.44786094683751E-06
5.87701068850457E-06
1.22745509657961E-05
2.2999086530307E-05
3.95345144440262E-05
6.33892177344142E-05
9.60061745022613E-05
1.38692804097486E-04
1.92573147084636E-04
2.58560956231796E-04
3.37350218709638E-04
4.29418959463249E-04
5.35042333969043E-04
6.54311585989199E-04
7.8715615175274E-04
9.33366882812981E-04
1.09261896186461E-03
1.26449357369988E-03
1.44849776834908E-03
1.64408222887039E-03
1.85065685012466E-03
2.06760416504993E-03
2.29429073724951E-03
2.07466288266681E-03
2.77432353416476E-03
3.0264005707523E-03
3.28568992529026E-03
3.55159052739424E-03
3.82352111997831E-03
4.10092247291266E-03
4.38325892841589E-03
4.67001939287997E-03
4.96071787446452E-03
5.25489365175988E-03
5.55211114621669E-03
5.85195955988266E-03
6.1540523302125E-03
6.45802644523342E-03
6.62827082193595E-03
5.93903487181578E-03
6.12369264455756E-03
6.45645365049696E-03
5.67641846483539E-03
5.97874072881015E-03
6.20106076122541E-03
5.26343861847314E-03
5.26059230731706E-03
5.43579832318702E-03
9.84305613018426E-03
1.01486624547275E-02
1.04531689047122E-02
1.07564484146492E-02
1.10583845015968E-02
1.06773383580854E-02
1.16578093939651E-02
0.011955112278312
1.22506987271924E-02
1.25444957893709E-02
1.28364375768038E-02
1.31264647892685E-02
1.34145242674157E-02
1.37005685728992E-02
1.39845555942366E-02
1.42664481770701E-02
1.45462137775258E-02
1.48238241374018E-02
1.50992549799587E-02
1.53724857251301E-02
1.56434992230188E-02
1.40028077240433E-02
5.33901111102521E-03
5.59065776155865E-03
1.11924466700892E-02
1.15361440902863E-02
1.53279629492818E-02
1.55551374292441E-02
1.59576093099482E-02
1.65429046044618E-02
0.015677723823859
1.57047397169836E-02
1.64737631950162E-02
1.68761661211977E-02
1.92015721001794E-02
1.94389603944276E-02
1.96741620683521E-02
1.99071907361028E-02
2.01380607690078E-02
2.03667872236535E-02
2.05933857749048E-02
2.08178726535416E-02
2.10402645882103E-02
2.12605787514086E-02
1.89013727841294E-02
2.16950443746786E-02
2.19092319641544E-02
2.21214139571738E-02
2.23316090588433E-02
2.25398361650655E-02
2.27461143302462E-02
2.29504627373441E-02
2.31529006701107E-02
0.023353447487375
2.38985422145558E-02
2.48128202161723E-02
2.57368754506115E-02
0.026670547462311
2.76136777313491E-02
2.85661096618611E-02
2.95276885688358E-02
3.04982616634625E-02
3.14776780371762E-02
0.032465788644549
3.34624462851556E-02
3.44675055845324E-02
3.54808229743436E-02
0.033217053571386
3.45291333260938E-02
3.54834014869692E-02
2.21837639072213E-02
0.032533104146655
3.33810637350705E-02
3.46628006492599E-02
3.55330835830876E-02
0.036409071916367
4.28152056831226E-02
4.38337192839548E-02
4.24466905563715E-02
4.39155066547683E-02
4.38985310721647E-02
4.64212834651908E-02
0.05270651467581
5.38398978864989E-02
5.49792385972641E-02
5.61244232979309E-02
5.72753398307841E-02
5.72632398210361E-02
5.30385944886437E-02
5.46852408015526E-02
5.51213732357949E-02
4.41784464500174E-02
4.50065640823982E-02
3.20867187555837E-02
1.93360365509433E-02
6.24437638969806E-02
0.029702681977872
3.16273202949444E-02
0.031457512676893
3.12653632586282E-02
0.030311397955721
6.08751676946388E-02
6.49254829039184E-02
6.98537931391789E-02
0.048888023378914
5.28605915620661E-02
5.28682054289769E-02
5.28532786794307E-02
0.054492333800043
7.82818333609028E-02
6.99410141510407E-02
7.00865760683128E-02
7.10981859466305E-02
7.57179233749631E-02
0.077699431098095
7.87820649448686E-02
7.98671602093177E-02
7.42877955641502E-02
7.81835481798925E-02
6.25969235053796E-02
6.54027448555124E-02
9.73733987245887E-02
9.86269367972285E-02
0.102971914481737
8.96712132752562E-02
9.07884756739209E-02
9.19075706399107E-02
0.091946709744725
9.19614507657252E-02
9.52752294647448E-02
0.103126689710093
0.105466724199528
0.104393049366983
0.103268328534948
0.105612831944021
0.105611718977116
0.105585522251258
0.121303610305474
0.122624973793251
0.123947573163227
0.125271343649097
0.126596221022755
0.127922141586063
0.129249042162802
0.130576860090782
0.131905533214112
0.133234999875635
0.13456519890952
0.135896069634003
0.137227551844284
0.138559585805566
0.139892112246237
0.141225072351207
0.142558407755359
0.143892060537168
0.145225973212421
0.146560088728091
0.147894350456326
0.149228702188552
0.150563088129771
0.151897452892835
0.153231741492978
0.154565899342415
0.155899872245018
0.157233606391157
0.158567048352613
0.159900145077607
0.161232843885941
0.162565092464232
0.163896838861252
0.165228031483352
0.149902757181002
0.142705268170995
0.153988176191141
0.10062228432424
0.171873906667871
0.173200712646949
0.174526613343961
0.175851559872612
0.177175503667162
0.178498396478738
0.17982019037171
0.181140837720154
0.182460291204382
0.183778503807551
0.185095428812336
0.186411019797681
0.187725230635611
0.189038015488117
0.190349328804104
0.132244796468317
0.140866172828355
0.141820011432278
0.19166738624622
0.177194022984593
0.164492546515954
0.187514538505607
0.192750226808017
0.185911347708424
0.113888155114334
0.100285313348254
0.096798430396259
0.101548712687639
9.80083262232029E-02
9.23174182828027E-02
8.86595267469937E-02
9.13206925708821E-02
9.18699517108976E-02
0.184836455642915
0.188092995546964
0.217469213093436
0.218737174230299
0.220002689205086
0.221265718586263
0.222526223170762
0.223784163982238
0.225039502269362
0.226292199504151
0.227542217380334
0.228789517811753
0.158723503422252
0.154954796108214
0.153459726317667
0.149600506229751
0.150389721917195
0.162987762522062
0.161460137487398
0.157519292266095
0.163122996436216
0.200117015589527
0.201125429323408
0.202131222044879
0.203134364409075
0.245945574985577
0.247147688577976
0.248346504104993
0.224587788308032
0.200587282342974
0.199019025982151
0.205017558852436
0.205974825561586
0.17371838713185
8.98250460676123E-02
8.50786833867787E-02
8.28741738584037E-02
8.32466430784449E-02
9.66832416019053E-02
8.92373034307858E-02
9.22654332795076E-02
7.67817414896146E-02
7.71138802131073E-02
6.94333665421164E-02
7.50929279312815E-02
8.61832819434839E-02
8.38402941764297E-02
8.69050927056682E-02
8.72640908198688E-02
0.197149059764082
0.211697600354883
0.212552096222295
0.277147313155923
0.278248807857549
0.279346137780751
0.28043927337186
0.281528185252686
0.282612844219961
0.283693221244807
0.284769287472213
0.285841014220526
0.286908372980954
0.287971335417082
0.289029873364401
0.290083958829848
0.291133563991357
0.292178661197428
0.293219222966697
0.294255221987521
0.295286631117585
0.296313423383497
0.297335571980419
0.298353050271684
0.299365831788444
0.300373890229315
0.301377199460034
0.302375733513127
0.303369466587589
0.304358373048565
0.305342427427047
0.30632160441958
0.307295878887969
0.308265225859001
0.309229620524176
0.310189038239437
0.31114345452492
0.312092845064703
0.313037185706566
0.313976452461754
0.314910621504755
0.315839669173078
0.31676357196704
0.317682306549561
0.318595849745964
0.265188468191339
0.20185658015832
0.205635265090386
0.322197650850321
0.323084895166912
0.323966812449401
0.324843380654865
0.325714577901406
0.316782970993965
0.324166365066437
0.318446855656425
0.319270868529556
0.320089567783437
0.307669822482567
0.331660767447823
0.332488228551616
0.333310128982989
0.334126448463046
0.334937166872566
0.335742264251913
0.33654172080094
0.337335516878904
0.33812363300438
0.321960747362424
0.193619166512924
0.194058614266664
0.197906970076319
0.212026573055006
0.215921147305465
0.291957833565719
0.320126272570308
0.317361309034205
0.321490048991449
0.304843106557454
0.308946693351788
0.309580886252384
0.313695299437726
0.349251019896739
0.349945737041906
0.350634467361513
0.288080099269702
0.292154937983981
0.289184948971505
0.30032981173367
0.212392644161886
0.120577670063257
0.120797434478687
0.117455851437104
0.121230720392843
0.135731788149095
0.132389969746546
0.146954810075156
0.147204683097583
0.147452012003033
0.298995942520794
0.281444953267241
0.278286780374473
0.271492260865048
0.271921262696712
0.305027013305308
0.160022195204282
0.156623157758893
0.156858266851027
0.149784107018252
0.153661686576894
0.172202763781756
0.176116886188063
0.176364051604131
0.176608142767646
0.169480439155273
0.15495119439027
0.151462467651554
0.147961375405503
0.144448106761514
0.144631347433313
0.196795874659896
0.215626505319564
0.193554501471714
0.268318105621267
0.272363983781856
0.268943127139558
0.302904639928954
0.303242949202498
0.303575937899093
0.266384635453639
0.270423042123775
0.214307968719904
0.203236354892838
0.214742787537203
0.22249680019631
0.237811187825607
0.241815225405919
0.291204647294442
0.295255552392625
0.295519379351106
0.314738128771193
0.31500778231334
0.3190703400588
0.361149283395047
0.380461933755915
0.380760015825764
0.339135727899756
0.335575696247196
0.339636393767143
0.339877734133179
0.340113071898863
0.382407192780467
0.382658109901525
0.382902264500598
0.383139650886653
0.383370263527706
0.383594097050841
0.383811146242228
0.384021406047139
0.384224871569964
0.384421538074234
0.384611400982629
0.384794455876999
0.384970698498376
0.385140124746992
0.385302730682294
0.385458512522953
0.385607466646882
0.385749589591247
0.385884878052481
0.386013328886295
0.386134939107688
0.386249705890962
0.386357626569728
0.386458698636917
0.386552919744791
0.386640287704952
0.297775016376026
0.297831731293462
0.29788316496816
0.297929316205875
0.313449154529108
0.317356791051571
0.317389056441906
0.317415692599596
0.313565519651362
0.201311071871601
0.298104392089324
0.298108255565177
0.30197834866915
0.301971549686597
0.356157234611472
0.360007630418977
0.356109609958818
0.38703948176677
0.386996436089218
0.383077061695709
0.379151960442816
0.367484817014241
0.386755631299783
0.386678281571405
0.386594075783936
0.386503015892915
0.386405104013233
0.386300342419123
0.386188733544154
0.386070279981216
0.38594498448252
0.385812849959576
0.385673879483193
0.35854111094362
0.354545408249767
0.354398706596215
0.358096225681709
0.311750051205977
0.311604321845239
0.242241281633308
0.249805687562027
0.203581539789187
0.203471762966676
0.268586548289282
0.364300646328623
0.36408453465602
0.363861985552196
0.382771583371398
0.382523785204942
0.382269227648067
0.382007916636496
0.381739858264955
0.370021107023535
0.373559854123437
0.380895262322375
0.380600278637555
0.38029858045073
0.379990174810223
0.379675068923215
0.379353270155729
0.375234538172282
0.371115831752741
0.253493021050574
0.223019586504221
0.215257166661715
0.218823768548638
0.207302661622413
0.214627157405899
0.327256760188811
0.326918950053968
0.202701970378715
0.213734346788402
0.20975610574984
0.187074918895723
0.183127032466051
0.182917433229074
0.257277945181761
0.268146545143861
0.249225530876875
0.271212913621173
0.311693904967832
0.307595771674097
0.307202901979319
0.321590430342647
0.273176853516999
0.269125597334619
0.265079562814703
0.268392161257333
0.268018419611812
0.263973705851409
0.252612717824813
0.361918513303808
0.365036762743729
0.364492921550289
0.363942745194809
0.363386246748166
0.362823439439417
0.362254336655789
0.361678951942674
0.361097299003621
0.360509391700338
0.359915244052684
0.359314870238671
0.358708284594463
0.358095501614379
0.357476535950891
0.310460720100734
0.309911500897741
0.309356941828767
0.308797056191901
0.297603172684139
0.282906996868964
0.208253435864833
0.197290264939006
0.193396566099221
0.178984585867969
0.168126818635814
0.146820344201879
0.136060982032317
0.156676687546577
0.16678107682867
0.173372404978396
0.190312723592521
0.18991256117433
0.189509167934823
0.192540781923018
0.34307768778307
0.342326730415711
0.341569971055445
0.340807428156065
0.340039120330224
0.339265066349502
0.338485285144466
0.337699795804741
0.336908617579079
0.336111769875434
0.335309272261043
0.334501144462508
0.333687406365877
0.332868078016741
0.332043179620322
0.331212731541576
0.330376754305289
0.329535268596188
0.328688295259053
0.327835855298825
0.326977969880733
0.326114660330416
0.325245948134052
0.324371854938491
0.323492402551397
0.322607612941391
0.3217175082382
0.320822110732812
0.220745795585572
0.156317608370476
0.197224719776138
0.199828467822316
0.202410574506629
0.148209727389909
0.150915857336911
0.191217382027779
0.221895671749408
0.230570717900608
0.201909467751023
0.309672836887839
0.308710735126193
0.30774366966953
0.306771665250457
0.30579474676617
0.304812939278719
0.303826268015287
0.302834758368474
0.301838435896588
0.300837326323949
0.296833140985783
0.292844432613494
0.294827479394014
0.290849826593409
0.289845666281941
0.294731601331495
0.293697716346792
0.292659256071397
0.291616247738788
0.284757344376944
0.289516696683945
0.288460209278
0.287399284448272
0.286333950280123
0.285264235030606
0.284190167128934
0.283111775176955
0.282029087949644
0.280942134395608
0.279850943637598
0.278755544973043
0.277655967874592
0.27655224199067
0.27544439714605
0.274332463342436
0.273216470759068
0.250328733773066
0.262843257935555
0.261749111454884
0.26871252246137
0.267576694925399
0.266436993448841
0.265293449471769
0.264146094617157
0.262994960691627
0.261840079686212
0.260681483777141
0.259519205326639
0.258353276883747
0.257183731185165
0.256010601156111
0.2548339199112
0.253653720755348
0.252470037184693
0.251282902887537
0.250092351745316
0.248898417833585
0.247701135423033
0.246500538980512
0.245296663170103
0.244089542854191
0.242879213094581
0.241665709153624
0.226022122505659
0.234444734371071
0.233246377740981
0.198895757682929
0.197863533082062
0.194485623205326
0.193460806627709
0.146064054593402
0.140670425319644
0.135324756036269
0.114058979616561
6.35233732682096E-02
6.54291400465376E-02
6.28218078885752E-02
6.02388507366148E-02
7.54281594793692E-02
7.27932672639856E-02
7.23760241041085E-02
7.19579676984864E-02
7.37069629519089E-02
6.89643320624132E-02
0.077126236278449
6.81482393522834E-02
0.063505405938129
0.054705014364486
4.39153960919903E-02
4.36455232044431E-02
4.13097231792028E-02
4.10518697633002E-02
4.07936131000269E-02
4.05349616308233E-02
4.22897200403003E-02
4.00165082947312E-02
4.37323959231297E-02
4.34462361415992E-02
4.31596893497192E-02
4.48215272295952E-02
4.45211766408109E-02
4.61430801758985E-02
4.39193630664243E-02
4.17214893189237E-02
3.95495145399447E-02
4.11438418457684E-02
4.08545506429919E-02
4.05649612664443E-02
4.75978264260048E-02
6.36123867083341E-02
6.31503508477664E-02
6.44789890728757E-02
6.93365053610181E-02
6.88203540370112E-02
6.48010438251094E-02
8.51681199565309E-02
0.172486095256078
0.171158821991232
0.169830719299599
0.141541542994667
0.13540950211974
0.134331966144541
4.77081939580825E-02
4.73220597353071E-02
0.046935772964847
3.53132989869062E-02
3.82036981710668E-02
3.78837087470093E-02
3.75636433137781E-02
3.41398884312943E-02
3.38463909983566E-02
3.35528592892656E-02
3.32593052734435E-02
3.89595120992818E-02
3.71274757209353E-02
0.03532214224229
3.79187647018623E-02
0.039016995134557
3.72251384948779E-02
3.68784313584228E-02
4.21520940441527E-02
4.03605314469919E-02
4.13525933643955E-02
4.23181724607963E-02
0.037850140574058
3.61391104092414E-02
3.57800611453621E-02
3.41093215203212E-02
3.50625990647595E-02
3.98455854135577E-02
3.81623298047749E-02
3.90235438504104E-02
0.04110417645059
0.041899887357157
4.02312969666128E-02
3.97954756331099E-02
3.57819048909888E-02
0.037745627194076
0.036157973184992
0.034597109462466
0.033063009613663
3.15556446765714E-02
9.46805023920816E-02
9.46694310406238E-02
0.096809326012569
9.77979428356122E-02
9.87362726681659E-02
9.64784686640654E-02
9.63200410310787E-02
9.40922790644481E-02
9.29023492414394E-02
9.96898056754738E-02
0.09840126596349
0.097115271723978
9.58319001620468E-02
9.45512292333648E-02
9.32733376569196E-02
9.19983049280321E-02
9.07262113316256E-02
8.94571379557607E-02
8.81911667054311E-02
8.69283803166308E-02
8.56688623706921E-02
8.44126973088993E-02
8.31599704473816E-02
8.19107679922888E-02
8.06651770552503E-02
7.94232856691235E-02
7.34940718357908E-02
7.23339008806796E-02
5.14900782454129E-02
5.06562664193774E-02
6.30143239280013E-02
6.34081165870515E-02
6.80075799894498E-02
4.24756537950794E-02
4.24252022488126E-02
4.70595342077759E-02
4.02800079829006E-02
3.43665397704608E-02
3.37383113774389E-02
3.24879843338199E-02
3.61680247272334E-02
3.54777785571225E-02
3.18423274478512E-02
3.98876438121157E-02
2.54945952650467E-02
2.49780660267657E-02
2.66387337347246E-02
2.55497361702655E-02
3.90738678998783E-02
3.87406191596266E-02
3.88882721364072E-02
3.75339501269899E-02
3.81124085641269E-02
3.76992171136378E-02
4.04511324550728E-02
3.99294332678625E-02
3.93923970069504E-02
3.84181728548767E-02
0.037450538712131
0.036890598347273
3.74880189515359E-02
0.038009202055992
3.69761591772486E-02
3.59510285837985E-02
3.49339494871876E-02
3.39250628535106E-02
3.29245114247856E-02
3.19324397397687E-02
3.09489941541203E-02
2.99743228598249E-02
2.90085759037579E-02
2.80519052052846E-02
2.71044645727618E-02
2.61664097188112E-02
2.52378982742115E-02
2.43190898002509E-02
0.022976424617553
0.022780737284381
2.25832054282602E-02
2.26122162765841E-02
2.19561798496868E-02
2.13065157439638E-02
2.08855088510542E-02
1.93664797648245E-02
0.019178810910709
1.94209448982619E-02
1.94389814690231E-02
1.96622055903191E-02
1.96654817685762E-02
1.92484024622873E-02
0.02047158459778
2.02438417655544E-02
2.00139625132201E-02
1.97819314909321E-02
0.019547734002611
1.93113560755424E-02
1.90727845350994E-02
1.88320070849441E-02
1.85890123930924E-02
1.83437901842476E-02
1.80963313388405E-02
1.78466279992392E-02
1.75946736836265E-02
1.73404634080719E-02
1.70839938173638E-02
1.68252633252018E-02
1.65642722643874E-02
1.63010230476943E-02
1.60355203401396E-02
0.015767771243423
1.42579626538778E-02
7.61278783553463E-03
7.92411343743712E-03
7.92425685589465E-03
7.19788756012457E-03
7.05742998767268E-03
6.22432567177231E-03
6.23149794287962E-03
6.36460764111599E-03
8.30110306645607E-03
8.4952033566764E-03
5.07844820102697E-03
4.83667577142192E-03
4.71806753277856E-03
4.48381993819987E-03
4.59084804387236E-03
4.79420062282615E-03
4.97882133515358E-03
4.83596221619308E-03
4.69255796713842E-03
4.64545136143096E-03
7.96534948988563E-03
7.61313022560626E-03
6.65375950101906E-03
6.58809312991447E-03
6.34719486898186E-03
6.02804527773642E-03
5.71528209951737E-03
5.4812054593756E-03
5.24773303240948E-03
5.41101135669709E-03
5.1611360531183E-03
4.91267246473734E-03
5.00731758345561E-03
4.69073799873468E-03
4.53545894421968E-03
4.2752600235333E-03
4.0635242547749E-03
4.10366999831555E-03
3.95084453627774E-03
3.67632209668483E-03
3.40756882016172E-03
3.14515603411196E-03
2.88967599143403E-03
2.64173924362193E-03
2.40197113684496E-03
2.1710072738801E-03
1.94948776883221E-03
1.7380501083086E-03
1.53732042460539E-03
1.34790298710549E-03
1.17036773249559E-03
1.00523568944739E-03
8.52962218189472E-04
7.13918091683499E-04
5.88368607484513E-04
4.76451154874327E-04
3.78151988760839E-04
2.9328339644746E-04
2.21462993896152E-04
1.62097543585483E-04
1.14374398375299E-04
7.72643326794275E-05
4.95399118693011E-05
2.98133248489545E-05
1.65962628083524E-05
8.381375113981E-06
3.73961115405297E-06
1.42056572867243E-06
4.35529187308092E-07
9.94810935132499E-08
1.49319535103378E-08
1.195357424672E-09
3.50929685903437E-11
1.7920943185887E-13
2.82527224533776E-17
8.15568693810863E-25
6.18717002785923E-47
0
0
0
0
0
0
0
0
0
0
0
0
0
0
0
0
0
0
0
0
0
0
0
0
0
0
0
0
0
0
0
0
0
0
0
0
0
0
0
0
0
0
0
0
0
0
0
0
0
0
0
0
0
0
0
0
0
0
0
0
0
0
0
0
0
0
0
0
0
0
0
0
0
0
0
0
0
0
0
0
0
0
0
0
0
0
0
0
0
0
0
0
0
0
0
0
0
0
0
0
0
0
0
0
0
0
0
0
0
0
0
0
0
0
0
0
0
0
0
0
0
0
0
0
0
0
0
0
0
0
0
0
0
0
0
0
0
0
0
0
0
0
0
0
0
0
0
0
0
0
""
