0
0
0
0
0
0
0
0
0
0
0
0
0
0
0
0
0
0
0
0
0
0
0
0
0
0
0
0
0
0
0
0
0
0
0
0
0
0
0
0
0
0
0
0
0
0
0
0
0
0
0
0
0
0
0
0
0
0
0
0
0
0
0
0
0
0
0
0
0
0
0
0
0
0
0
0
0
0
0
0
0
0
0
0
0
0
0
0
0
0
0
0
0
0
0
0
0
0
0
0
0
0
0
0
0
0
0
0
0
0
0
0
0
0
0
0
0
0
0
0
0
0
0
0
0
0
0
0
0
0
0
0
0
0
0
0
0
0
0
0
0
0
0
0
0
0
0
0
0
0
0
0
0
0
0
0
0
0
0
0
0
0
0
0
0
0
0
0
0
0
0
0
0
0
0
0
0
0
0
0
0
0
0
0
0
0
0
0
0
0
0
0
0
0
0
0
0
0
0
0
0
0
0
0
0
0
0
0
0
0
0
0
0
0
0
0
0
0
0
0
0
0
0
0
0
0
0
0
0
0
0
0
0
0
0
0
0
0
0
0
0
0
0
0
0
0
0
0
0
0
0
0
0
0
0
0
0
0
0
0
0
0
0
0
0
0
0
0
0
0
0
0
0
0
0
0
0
0
0
0
0
0
0
0
0
0
0
0
0
0
0
0
0
0
0
0
0
0
0
0
0
0
0
0
0
0
0
0
0
0
0
0
0
1.0775163123636E-45
3.87526618947172E-23
3.72120761191593E-16
1.08646158714449E-12
1.16773849929679E-10
2.43919008114134E-09
2.19557802227106E-08
1.13350482551385E-07
4.49735720540728E-07
1.33515710418799E-06
3.13167200300097E-06
6.2447722519956E-06
1.01721646950175E-05
1.17319876955839E-05
1.74317275182368E-05
2.63808615938884E-05
3.55001226394434E-05
4.9498707258785E-05
6.21969689756331E-05
8.18432411251857E-05
9.42594210709388E-05
1.05816041077498E-04
1.26508840953961E-04
2.04882396525541E-04
2.45382746128418E-04
2.90243040792946E-04
3.39501641339528E-04
3.82548448591425E-04
1.15189931877039E-03
1.21189082600983E-03
1.27725751566705E-03
1.39881333957061E-03
1.55812647998111E-03
1.66973427665043E-03
1.80113593691076E-03
1.95644246319632E-03
2.09340380399996E-03
2.23197822900505E-03
2.00294248929601E-03
2.09412014492271E-03
2.44838020682495E-03
2.57989494049378E-03
2.67918818175431E-03
2.91265007375535E-03
3.01237570221008E-03
3.10891590350446E-03
3.24119806394155E-03
3.69837917059061E-03
3.88501482942235E-03
4.20577190911268E-03
4.40240394967841E-03
3.14591420554397E-03
4.46331485365876E-03
4.70619441641854E-03
4.85115990095882E-03
5.1546036293293E-03
5.4115217947697E-03
5.33637634082492E-03
5.42111710274181E-03
5.50175835805427E-03
5.69957324744686E-03
5.83705922331937E-03
5.90980595131961E-03
6.04344971214866E-03
6.17587815993307E-03
6.3070781751284E-03
6.50625472285102E-03
6.77755174178757E-03
6.76518428093106E-03
6.67276408676594E-03
6.7203514073443E-03
6.84004680844669E-03
4.56169918265746E-03
4.87443021397061E-03
5.27401243355045E-03
6.25126789444537E-03
4.20484584456949E-03
4.26856392022096E-03
3.99187447560191E-03
3.70473159930198E-03
4.01886244090898E-03
4.42818393690827E-03
4.57714634448259E-03
4.72781675947117E-03
4.60392757713401E-03
4.75013539916404E-03
7.15960052754141E-03
7.48363647444863E-03
7.26969888324467E-03
7.57960253919258E-03
5.53728047382491E-03
5.63776150038803E-03
5.60401141840931E-03
1.17680181141257E-02
0.012205636731322
1.05164342300057E-02
1.08883453733678E-02
1.14163793164576E-02
1.38466843252922E-02
1.39775496645523E-02
1.42596216038622E-02
1.47083575860993E-02
1.46260447279439E-02
1.58016379408975E-02
1.62676976833902E-02
1.69322320084194E-02
1.74114225709512E-02
1.78943494736415E-02
0.018380934842339
1.38821900342424E-02
1.00162633613786E-02
1.16431721978182E-02
1.19365486042252E-02
1.17521718273959E-02
1.13007044968012E-02
1.20734840391731E-02
1.23566275782129E-02
1.23780698050183E-02
1.31971942657448E-02
1.34912148943208E-02
1.51936405256863E-02
0.015521120723343
1.14474183111658E-02
1.22856157683702E-02
0.016207629237071
2.99508811402572E-02
0.024183242082521
2.17374994007158E-02
2.21573623990289E-02
2.62859803358431E-02
0.02643550114915
2.62246218927309E-02
0.018513529823754
0.019570732666286
1.77041134075054E-02
2.21411066567138E-02
3.39741738671946E-02
3.41627452579673E-02
0.034734884979809
3.45063388798422E-02
3.58844777573476E-02
3.60474960516276E-02
3.91454299853795E-02
4.01865351528446E-02
4.12425119444008E-02
3.70241936395307E-02
3.75827207523482E-02
3.76885240547798E-02
3.77822790228868E-02
3.41242550163038E-02
3.46141375027746E-02
0.034624165228206
3.55969776079875E-02
1.97752697963169E-02
2.05470053343221E-02
2.13327895052195E-02
2.16179276884385E-02
2.97262435567519E-02
2.74728775156244E-02
2.56870417351108E-02
0.026014993249822
3.67710148896843E-02
3.50073714858265E-02
3.88147737285955E-02
2.61924864968827E-02
2.65088315061952E-02
2.15770588417334E-02
2.12420127037126E-02
2.26842909852403E-02
2.29467074136891E-02
2.25985867722871E-02
3.89144909599817E-02
6.24613501670119E-02
6.31541754829532E-02
6.38474728431333E-02
6.45412062467687E-02
0.065235340059834
6.59298390082578E-02
6.66246681712934E-02
6.73197929750451E-02
6.80151791861521E-02
6.87107929056259E-02
0.069406600562835
5.11748753040357E-02
5.30989987609903E-02
2.00185597521489E-02
1.66039553745685E-02
1.60352269440366E-02
1.54525726249957E-02
1.48559861589763E-02
0.014995223788257
1.74046089308024E-02
1.83283635867069E-02
2.00366387599804E-02
1.71071171811836E-02
1.64755577246036E-02
1.82045472419247E-02
2.07597260317388E-02
2.17457168195728E-02
2.19331670468697E-02
2.37590770469619E-02
2.14815544332742E-02
2.08286144787068E-02
2.35219902902307E-02
0.024562793052881
2.64711991991868E-02
2.92679198895603E-02
2.34286333015112E-02
2.18656835629706E-02
2.46826008126099E-02
2.30986402757327E-02
2.68587129823243E-02
2.70649431780418E-02
2.63619281111607E-02
2.65608642673185E-02
3.41415325045024E-02
2.97468321244795E-02
2.99655925854438E-02
3.01840853562369E-02
3.13523745284054E-02
0.033490883594963
3.27652466258651E-02
3.39666502909263E-02
3.02950024854483E-02
2.85368918552301E-02
2.87330061105978E-02
3.09239133738538E-02
0.031132908077652
7.38043415781326E-02
7.63303819007248E-02
8.81024654727866E-02
8.86784437752916E-02
8.82155897592625E-02
9.40053931747614E-02
9.25026235518905E-02
0.090972147853967
9.15429269274981E-02
9.31836866644013E-02
9.37588661187178E-02
9.43328993518544E-02
9.38148970150062E-02
9.43800114703377E-02
9.82559363738997E-02
9.55066602788416E-02
7.70779415134514E-02
7.75274508477469E-02
7.45856919474646E-02
8.75159982609467E-02
9.03002813468428E-02
0.114949643187273
0.115593589488399
0.116235972773748
0.116876773436972
0.11751597199749
0.118153549099396
0.11878948551039
0.119423762120741
0.120056359942267
0.119480387506267
0.104332141726412
0.121943892594602
0.122569587775691
0.123193511016296
0.12381564403745
6.71954230846309E-02
4.62701527455919E-02
3.01610689716846E-02
2.77829007186826E-02
2.41107765780399E-02
2.29517708987458E-02
2.17802193854218E-02
2.44579598395559E-02
2.45729511090134E-02
2.46875686838469E-02
2.48018093232994E-02
2.62270208493734E-02
2.50291469343633E-02
2.38189618661893E-02
2.25965238492558E-02
2.26970100056079E-02
2.41381502298101E-02
2.55906716157034E-02
2.57017825145014E-02
2.58124882099526E-02
2.59227856589833E-02
2.60326718376991E-02
2.33903391369415E-02
0.016579704242478
1.66483154517955E-02
1.67166593920547E-02
1.95821899152859E-02
2.10656725956888E-02
2.11500864446603E-02
2.12341570445283E-02
1.84754978555709E-02
1.56942569625666E-02
1.43228579194813E-02
1.43779747229423E-02
1.44328552754615E-02
1.44874981219926E-02
1.45419018169345E-02
0.014596064924096
1.61149846183274E-02
1.76443964125877E-02
1.47570964974169E-02
1.33292547706999E-02
1.33768998278382E-02
1.34243207767078E-02
1.34715163831943E-02
1.35184854214257E-02
1.20579792655526E-02
1.20993234939504E-02
1.21404631030879E-02
1.21813970323878E-02
9.16659317136981E-03
7.66415227827925E-03
9.22721568275505E-03
7.71440936997495E-03
9.28720864907841E-03
7.76413927910359E-03
7.78880495306977E-03
7.81333693571048E-03
7.83773460436194E-03
6.28959787261878E-03
6.30889962487838E-03
6.32809245270593E-03
6.34717587204712E-03
7.95768675293577E-03
7.98126570818903E-03
0.008004706113854
8.02800738231721E-03
6.44093514424682E-03
8.07419017889347E-03
8.09707055346584E-03
8.11980948374046E-03
9.77088768449538E-03
9.79783290218278E-03
1.14620407588339E-02
1.14930753098098E-02
1.48164530620895E-02
1.48558344154044E-02
1.32399592890276E-02
1.49338114516297E-02
1.16452040543906E-02
1.00071563561736E-02
1.00325323162234E-02
1.50865960989489E-02
1.51241264816794E-02
1.34767899588766E-02
1.35096727590687E-02
1.35423155811352E-02
1.35747176286831E-02
1.19060183480661E-02
1.19339467173726E-02
1.36704712615914E-02
1.71273779777095E-02
1.71663610593529E-02
1.72050373769878E-02
1.72434059940845E-02
2.41940523755123E-02
2.42469029915223E-02
2.60349846041169E-02
2.60906775303168E-02
2.61459020704562E-02
2.62006568951682E-02
2.62549406876287E-02
2.45548353339788E-02
2.63620899711673E-02
2.81759497506614E-02
2.64673396370577E-02
2.82871988846818E-02
2.47993009614246E-02
2.66216303492527E-02
2.48939599821203E-02
2.31591423197844E-02
2.32020456123231E-02
2.32445288389694E-02
0.023286590988488
2.33282310604485E-02
1.97741483628801E-02
0.021609453252902
2.16467159710871E-02
2.16835854849955E-02
3.43900964582106E-02
3.62602356922166E-02
3.26877391714764E-02
3.27406712612202E-02
3.27930071414634E-02
3.28447455763636E-02
3.10683361591628E-02
2.92857113256449E-02
2.56638387244786E-02
2.01945948525113E-02
2.20629559068792E-02
2.02537881979122E-02
1.84389363735234E-02
2.03115010045154E-02
2.03398005055892E-02
1.85161162272362E-02
1.66870492221221E-02
1.29961131093566E-02
1.30131720969294E-02
1.30299926249065E-02
0.014910370628134
1.49290476950657E-02
1.49474509068727E-02
1.68362773126884E-02
0.013110504795074
1.12507598580679E-02
1.31410271134024E-02
1.50353443187509E-02
1.50520956002819E-02
1.50685701552737E-02
1.50847675999931E-02
0.016988273501989
1.51163296567658E-02
1.70231552262421E-02
1.32534314789391E-02
1.32663870517721E-02
9.48507018578918E-03
9.49397486335768E-03
7.6021636617792E-03
5.70675547486616E-03
5.7117829845249E-03
7.62227354494322E-03
7.62869584438987E-03
9.54372174440085E-03
7.64111805279259E-03
7.64711767397205E-03
7.65297612013518E-03
7.65869325566787E-03
7.66426894826594E-03
5.75227730170144E-03
5.7562466189939E-03
5.76010957129665E-03
5.76386606931234E-03
3.84501068415108E-03
3.84737290513879E-03
3.8496639879393E-03
3.85188387964276E-03
3.8540325289949E-03
3.85610988639715E-03
3.85811590390668E-03
5.79007580285475E-03
5.79287060363324E-03
5.79555819373276E-03
5.79813851117466E-03
3.86707433097626E-03
3.86865139506112E-03
3.87015683002038E-03
5.80738590173955E-03
5.80942901316161E-03
3.87424302148291E-03
3.87546160956008E-03
5.81491261740592E-03
5.81652510180368E-03
5.81802983040022E-03
5.81942676854735E-03
7.76095451210925E-03
7.76252952976792E-03
7.76396070811531E-03
7.76524801420789E-03
7.76639141841582E-03
7.76739089442297E-03
5.82618481442028E-03
5.82671847985466E-03
5.82714415483942E-03
7.76994910610537E-03
7.77022866235122E-03
9.71295525261329E-03
7.77035572220477E-03
7.77020322288876E-03
7.76990670765168E-03
7.76946618331661E-03
7.76888166002055E-03
7.76815315121445E-03
7.76728067366316E-03
5.82469818558404E-03
5.82382792196527E-03
5.8228497344208E-03
5.82176364546569E-03
3.88037978673351E-03
3.87951191054002E-03
3.87857215504379E-03
5.81634081282301E-03
5.81471564152282E-03
5.81298275609093E-03
5.81114219643805E-03
5.80919400495972E-03
5.80713822653625E-03
5.80497490853262E-03
5.80270410079842E-03
5.80032585566773E-03
5.79784022795906E-03
7.72699636663366E-03
7.7233960753378E-03
9.6495660580243E-03
7.71576676621889E-03
1.15676068865825E-02
9.63445801736482E-03
9.62906541375622E-03
9.62349471914355E-03
9.61774606214986E-03
7.68945566042976E-03
7.68457231696516E-03
7.67954693215766E-03
9.59297452768704E-03
7.66907050639404E-03
7.66361970765431E-03
7.65802735200419E-03
9.56536696103452E-03
9.55802311352319E-03
9.5505028174761E-03
1.14513674964423E-02
9.53493358047984E-03
9.52688500022575E-03
7.61492855426058E-03
7.60820867917527E-03
7.60134853078526E-03
7.59434826826021E-03
9.48401006759843E-03
9.47491006753543E-03
1.13587626558079E-02
1.13474240640218E-02
9.44656380771219E-03
7.54941362669315E-03
9.4267966248944E-03
7.53332225147616E-03
7.52506867032288E-03
7.51667674871198E-03
1.31392566938645E-02
1.49989573393702E-02
1.68540140549799E-02
1.68338916418874E-02
0.014945297988722
1.49268625053311E-02
1.67716723701311E-02
1.67503168843462E-02
1.67286543607218E-02
1.48503869389179E-02
0.014830586876
1.48105152624819E-02
1.47901725689106E-02
1.47695592724539E-02
1.47486758569005E-02
1.47275228126607E-02
1.47061006367673E-02
1.28488586037667E-02
1.46624509112672E-02
1.64702524374506E-02
1.46177307891398E-02
1.27705993120202E-02
1.09289583638528E-02
1.09114896457788E-02
1.08938222400427E-02
9.06329713679277E-03
7.23859536039074E-03
5.41981604840213E-03
7.21411611015997E-03
7.20167978887035E-03
7.18911272892855E-03
7.17641522858304E-03
7.1635875894038E-03
7.1506301162834E-03
7.13754311743801E-03
7.12432690440854E-03
7.11098179206182E-03
1.06462621478877E-02
1.06258592182814E-02
1.06052643865521E-02
8.8203984541457E-03
8.80291749235316E-03
7.02822228424958E-03
7.01398397260382E-03
5.24971455035165E-03
5.23884668453069E-03
6.97051285752393E-03
8.69471448308097E-03
8.67613181802748E-03
0.008657393524543
8.63850005461247E-03
1.20672326101741E-02
0.013760399062883
1.37294290701589E-02
1.19859370355362E-02
1.36667538738393E-02
1.19306689166401E-02
1.02023276061868E-02
1.35709145041858E-02
0.013538484061937
1.18175863212763E-02
1.17887891899475E-02
1.17597828636672E-02
1.34063634877927E-02
0.015044329889634
1.50062346496384E-02
1.49678741387432E-02
1.65880547772911E-02
1.48903610823674E-02
1.65013449390004E-02
1.81033090985759E-02
1.64134730894604E-02
1.63691041194535E-02
1.79568927059818E-02
1.30236044654684E-02
1.29874225896896E-02
1.29510136037603E-02
1.29143784140464E-02
0.014487207675545
1.60505413540742E-02
1.60039059868531E-02
1.75526917314886E-02
1.75007822212081E-02
1.74485693581476E-02
1.73960544553506E-02
1.73432388354714E-02
1.72901238307945E-02
1.72367107832538E-02
0.018745092048494
1.71289959756851E-02
1.70746969479558E-02
0.017020105342003
1.85075155072588E-02
1.84473272369245E-02
0.018386824373082
1.67988410926549E-02
1.67428076489229E-02
1.66864901170926E-02
1.66298899466979E-02
1.50663714520029E-02
0.018017288223307
1.94508461119732E-02
2.08736082778535E-02
2.22855012909089E-02
2.22060490134576E-02
2.65514706451307E-02
2.79249750693097E-02
2.78229329086863E-02
2.77204285433605E-02
0.029071015440652
2.89621515763236E-02
0.02741016926089
2.58686935650179E-02
3.14959741731683E-02
2.99480427864517E-02
2.84107209517094E-02
2.82990330856588E-02
2.81868849014148E-02
3.08817073476099E-02
3.35534635553658E-02
3.20248649081987E-02
3.32804993187132E-02
3.45241814558551E-02
3.30053987024529E-02
3.14975958927273E-02
3.00008423144792E-02
2.98730736306547E-02
2.97448326542264E-02
2.82699355063131E-02
2.94869479506204E-02
3.06917345857938E-02
3.18842363802136E-02
3.04192433829136E-02
2.63324251703557E-02
0.026212927868273
2.60930274290073E-02
0.025972727223788
2.32668275805794E-02
2.44443940514168E-02
2.56094620441412E-02
2.42132170685341E-02
2.53653491958524E-02
0.025242722389669
0.022607748016632
2.49963456272941E-02
2.48726027834981E-02
0.025985919830866
2.83176300385356E-02
0.026949119504266
2.68114209243442E-02
2.90981858646963E-02
2.89471330197386E-02
3.11953078299229E-02
3.34177638743974E-02
3.44272582548687E-02
3.30619948467372E-02
3.40578273536599E-02
3.27043908090218E-02
3.48481223099103E-02
3.69657085865778E-02
0.039057061491052
3.42684120756542E-02
3.40742547487817E-02
3.61382902415423E-02
3.14389554962293E-02
3.12564980452227E-02
2.88540917977285E-02
9.26711372170864E-02
8.88301805768776E-02
8.72076948419881E-02
8.66807921614945E-02
6.13838846121674E-02
6.42178476482405E-02
4.36105408918743E-02
4.22813310518083E-02
4.09649104441275E-02
4.90547965484819E-02
3.94076630744831E-02
4.12142643602545E-02
6.24431276153304E-02
5.89829637877685E-02
7.67771987971384E-02
7.82725321855477E-02
7.97400790104492E-02
7.12798190064591E-02
7.37425297655423E-02
7.61638763669508E-02
7.56347585209654E-02
7.51048959154678E-02
0.073618226320414
7.11952029679765E-02
7.91657208836959E-02
0.077656473375724
7.89465488722197E-02
0.077442758920653
8.78481067847577E-02
9.08223697873098E-02
9.01355616239373E-02
0.089448045615532
8.87598474966582E-02
8.80709932010407E-02
8.73815088644257E-02
8.66914208275069E-02
0.086000755638924
8.53095400583326E-02
8.46178010595474E-02
0.083925565833762
8.32328617928462E-02
0.082539716572723
8.18461580368252E-02
8.11522142796404E-02
8.04579136303357E-02
7.97632846564756E-02
7.90683561678268E-02
0.078373157220257
7.22402769213473E-02
5.69667284155261E-02
5.64518116494771E-02
0.055180880162551
5.01790739959252E-02
7.41979430618054E-02
6.76215511219867E-02
6.77090222700771E-02
6.70614791719718E-02
5.07031370269104E-02
4.45515130165845E-02
4.55133929686835E-02
4.57542712614456E-02
4.73539181430479E-02
4.75532947369712E-02
0.047738923910352
4.99071219198742E-02
4.93860278601166E-02
5.14713277069411E-02
5.09229977917808E-02
5.10126455698593E-02
5.10887762832797E-02
5.11514326963844E-02
6.16875413568303E-02
6.09958362702759E-02
6.03047179012909E-02
3.21916808715448E-02
3.29976595565187E-02
3.49411565953905E-02
2.76224973309241E-02
3.07039985956471E-02
3.20183035330165E-02
2.16397453794906E-02
1.97285364267503E-02
1.89410878203982E-02
1.70989693553348E-02
1.74082221958783E-02
0.016142060835554
1.49034621463444E-02
0.014706621048841
1.55108254518497E-02
1.48075790006647E-02
1.41182321296286E-02
1.34427590329594E-02
1.08876311600009E-02
1.02666575392716E-02
1.01193831861259E-02
9.97244339926826E-03
0.010272478375983
1.05595750627381E-02
1.04004427215677E-02
1.28021537345549E-02
1.89064278060306E-02
2.23325341103531E-02
2.19783673829573E-02
2.76322536722814E-02
2.79703016762378E-02
2.78963100821699E-02
2.78108480582797E-02
2.84630477036809E-02
2.72378545733252E-02
2.67633648373164E-02
2.66458727819902E-02
2.02369741289562E-02
2.05543696860723E-02
2.05116990613473E-02
0.018478184009448
1.81274291009861E-02
1.77781835187971E-02
0.01867551835579
1.73894450160177E-02
1.73377234152186E-02
1.72754461061142E-02
1.66293187806988E-02
1.43132333623454E-02
1.37311306022772E-02
1.39685547010564E-02
1.31331346248884E-02
1.18097310523861E-02
1.15385750374721E-02
1.05341132943965E-02
1.05228835435639E-02
1.09684174102035E-02
1.02430173963913E-02
1.04299273157279E-02
1.16771564484428E-02
1.01094880698293E-02
0.010046288967235
8.97661944421849E-03
8.92297013161197E-03
7.72926898164535E-03
7.32419165638256E-03
7.46493977760377E-03
7.06902827735397E-03
7.01995363192811E-03
6.63859453603638E-03
6.89664321675307E-03
6.82279340652465E-03
0.006594534035358
5.6610263247462E-03
4.64304268488692E-03
4.47608492843369E-03
3.67706087599789E-03
4.51393140012132E-03
4.57312183203611E-03
4.39064078636006E-03
3.56275677687958E-03
3.61921411283528E-03
3.16522005969423E-03
3.02350701365892E-03
2.85022426171893E-03
2.72346730685914E-03
2.59866587367156E-03
2.47585452436472E-03
2.26784364790429E-03
1.80627722576815E-03
1.78056084940859E-03
1.75456876171771E-03
1.64599917558253E-03
1.45864312025547E-03
1.43564640537583E-03
1.41240802883517E-03
1.46608972059144E-03
1.51689217979079E-03
1.49026130720236E-03
1.39019156459671E-03
1.36437767961978E-03
1.33830706801512E-03
1.31198058492793E-03
1.28539949586591E-03
1.25856551607469E-03
1.23148085320914E-03
1.20414825355933E-03
1.17657105210563E-03
1.02783183441121E-03
1.00273109278834E-03
9.19928577775111E-04
0.001063906692514
9.80697941505228E-04
1.05920711737003E-03
1.02853972617293E-03
1.04755682138535E-03
1.0149507028795E-03
8.88623463509927E-04
8.58808232845855E-04
9.16107512088747E-04
8.82877771415499E-04
8.89996076692498E-04
8.16123395131632E-04
7.82649304626821E-04
7.49148502797815E-04
7.15652831030263E-04
6.82197102972723E-04
6.17923148496579E-04
5.8624838663505E-04
5.54730051594824E-04
4.97243833962721E-04
4.43116918603018E-04
4.15437249210891E-04
3.88086572800797E-04
3.61121186721103E-04
3.53190245147231E-04
3.60022811824349E-04
3.77544358177405E-04
3.58854008652835E-04
3.5147412493253E-04
2.93139221262078E-04
2.62067102623791E-04
2.50924627707149E-04
2.04066851211681E-04
1.77370163887749E-04
1.46265475613842E-04
1.23976651523316E-04
8.19390245418179E-05
6.72293173196013E-05
5.69139942966255E-05
4.47231461805578E-05
3.59141546001661E-05
2.53365660259618E-05
2.89088172825491E-05
2.15403551910689E-05
1.38796408467806E-05
8.34933532329955E-06
4.60761703508535E-06
2.21231979498825E-06
9.189861305414E-07
3.43879088356239E-07
9.28434184656863E-08
1.02257149396375E-08
1.094671982856E-09
4.50983158141822E-11
3.36234114033992E-13
6.9345817448546E-17
1.07672333176463E-24
2.38671076990661E-52
0
0
0
0
0
0
0
0
0
0
0
0
0
0
0
0
0
0
0
0
0
0
0
0
0
0
0
0
0
0
0
0
0
0
0
0
0
0
0
0
0
0
0
0
0
0
0
0
0
0
0
0
0
0
0
0
0
0
0
0
0
0
0
0
0
0
0
0
0
0
0
0
0
0
0
0
0
0
0
0
0
0
0
0
0
0
0
0
0
0
0
0
0
0
0
0
0
0
0
0
0
0
0
0
0
0
0
0
0
0
0
0
0
0
0
0
0
0
0
0
0
0
0
0
0
0
0
0
0
0
0
0
0
0
0
0
0
0
0
0
0
0
0
0
0
0
0
0
0
0
0
0
0
0
0
0
0
0
0
0
0
0
0
0
0
0
0
0
0
0
0
0
0
0
0
0
0
0
0
0
0
0
0
0
0
0
0
""
