0
0
0
0
0
0
0
0
0
0
0
0
0
0
0
0
0
0
0
0
0
0
0
0
0
0
0
0
0
0
0
0
0
0
0
0
0
0
0
0
0
0
0
0
0
0
0
0
0
0
0
0
0
0
0
0
0
0
0
0
0
0
0
0
0
0
0
0
0
0
0
0
0
0
0
0
0
0
0
0
0
0
0
0
0
0
0
0
0
0
0
0
0
0
0
0
0
0
0
0
0
0
0
0
0
0
0
0
0
0
0
0
0
0
0
0
0
0
0
0
0
0
0
0
0
0
0
0
0
0
0
0
0
0
0
0
0
0
0
0
0
0
0
0
0
0
0
0
0
0
0
0
0
0
0
0
0
0
0
0
0
0
0
0
0
0
0
0
0
0
0
0
0
0
0
0
0
0
0
0
0
0
0
0
0
0
0
0
0
0
0
0
0
0
0
0
0
0
0
0
0
0
0
0
0
0
0
0
0
0
0
0
0
0
0
0
0
0
0
0
0
0
0
0
0
0
0
0
0
0
0
0
0
0
0
0
0
0
0
0
0
0
0
0
0
0
0
0
0
0
0
0
0
0
0
0
0
0
0
0
0
0
0
0
0
0
0
0
0
0
0
0
0
0
0
0
0
0
0
0
0
0
0
0
0
0
0
0
0
0
0
0
0
0
0
0
0
0
0
0
0
0
0
0
0
0
0
0
0
0
0
0
0
2.15503262472721E-45
7.75053237894344E-23
7.44241522383185E-16
2.17292317428899E-12
2.33547699859358E-10
4.87838016228268E-09
4.39115604454212E-08
2.26700965102769E-07
8.99471441081456E-07
2.67031420837598E-06
6.26334400600194E-06
1.24895445039912E-05
2.03443293900349E-05
2.34639753911677E-05
3.48634550364735E-05
5.27617231877768E-05
7.10002452788869E-05
9.899741451757E-05
1.24393937951266E-04
1.63686482250371E-04
1.88518842141878E-04
2.11632082154997E-04
2.53017681907923E-04
4.09764793051081E-04
4.90765492256836E-04
5.80486081585893E-04
6.79003282679056E-04
7.65096897182849E-04
2.30379863754079E-03
2.42378165201966E-03
2.55451503133409E-03
2.79762667914123E-03
3.11625295996222E-03
3.33946855330086E-03
3.60227187382153E-03
3.91288492639264E-03
4.18680760799992E-03
4.4639564580101E-03
4.00588497859202E-03
4.18824028984542E-03
4.8967604136499E-03
5.15978988098757E-03
5.35837636350862E-03
5.82530014751071E-03
6.02475140442015E-03
6.21783180700893E-03
6.48239612788311E-03
7.39675834118122E-03
7.77002965884471E-03
8.41154381822536E-03
8.80480789935683E-03
6.29182841108794E-03
8.92662970731751E-03
9.41238883283709E-03
9.70231980191764E-03
1.03092072586586E-02
1.08230435895394E-02
1.06727526816498E-02
1.08422342054836E-02
1.10035167161085E-02
1.13991464948937E-02
1.16741184466387E-02
1.18196119026392E-02
1.20868994242973E-02
1.23517563198661E-02
1.26141563502568E-02
0.013012509445702
1.35551034835751E-02
1.35303685618621E-02
1.33455281735319E-02
1.34407028146886E-02
1.36800936168934E-02
9.12339836531492E-03
9.74886042794121E-03
1.05480248671009E-02
1.25025357888907E-02
8.40969168913897E-03
8.53712784044193E-03
7.98374895120383E-03
7.40946319860395E-03
8.03772488181795E-03
8.85636787381654E-03
9.15429268896518E-03
9.45563351894235E-03
9.20785515426802E-03
9.50027079832808E-03
1.43192010550828E-02
1.49672729488973E-02
1.45393977664893E-02
1.51592050783852E-02
1.10745609476498E-02
1.12755230007761E-02
1.12080228368186E-02
2.35360362282515E-02
0.024411273462644
2.10328684600113E-02
2.17766907467357E-02
2.28327586329151E-02
2.76933686505845E-02
2.79550993291046E-02
2.85192432077244E-02
2.94167151721986E-02
2.92520894558877E-02
0.031603275881795
3.25353953667803E-02
3.38644640168388E-02
3.48228451419024E-02
3.57886989472829E-02
3.67618696846781E-02
2.77643800684848E-02
2.00325267227572E-02
2.32863443956364E-02
2.38730972084504E-02
2.35043436547918E-02
2.26014089936024E-02
2.41469680783462E-02
2.47132551564259E-02
2.47561396100366E-02
2.63943885314896E-02
2.69824297886416E-02
3.03872810513726E-02
3.10422414466859E-02
2.28948366223317E-02
2.45712315367403E-02
0.032415258474142
5.99017622805145E-02
4.83664841650419E-02
4.34749988014316E-02
4.43147247980577E-02
5.25719606716862E-02
5.28710022983001E-02
5.24492437854619E-02
0.037027059647508
3.91414653325719E-02
3.54082268150109E-02
4.42822133134276E-02
6.79483477343891E-02
6.83254905159347E-02
6.94697699596179E-02
6.90126777596844E-02
7.17689555146951E-02
7.20949921032552E-02
0.078290859970759
8.03730703056892E-02
8.24850238888016E-02
7.40483872790614E-02
7.51654415046964E-02
7.53770481095597E-02
7.55645580457736E-02
6.82485100326075E-02
6.92282750055493E-02
0.069248330456412
0.071193955215975
3.95505395926339E-02
4.10940106686442E-02
0.042665579010439
0.043235855376877
5.94524871135037E-02
5.49457550312489E-02
5.13740834702216E-02
5.20299864996439E-02
7.35420297793686E-02
0.070014742971653
7.76295474571909E-02
5.23849729937655E-02
5.30176630123903E-02
4.31541176834668E-02
4.24840254074252E-02
4.53685819704806E-02
4.58934148273783E-02
4.51971735445742E-02
7.78289819199634E-02
0.124922700334024
0.126308350965906
0.127694945686267
0.129082412493537
0.130470680119668
0.131859678016516
0.133249336342587
0.13463958595009
0.136030358372304
0.137421585811252
0.13881320112567
0.102349750608071
0.106197997521981
4.00371195042978E-02
3.32079107491369E-02
3.20704538880733E-02
3.09051452499913E-02
2.97119723179526E-02
2.99904475765141E-02
3.48092178616048E-02
3.66567271734138E-02
4.00732775199609E-02
3.42142343623672E-02
3.29511154492073E-02
3.64090944838495E-02
4.15194520634776E-02
4.34914336391456E-02
4.38663340937393E-02
4.75181540939238E-02
4.29631088665484E-02
4.16572289574135E-02
4.70439805804613E-02
4.91255861057621E-02
5.29423983983736E-02
5.85358397791207E-02
4.68572666030224E-02
4.37313671259412E-02
4.93652016252197E-02
4.61972805514653E-02
5.37174259646486E-02
5.41298863560837E-02
5.27238562223214E-02
0.053121728534637
6.82830650090047E-02
0.059493664248959
5.99311851708877E-02
6.03681707124738E-02
6.27047490568107E-02
0.066981767189926
6.55304932517302E-02
6.79333005818526E-02
6.05900049708966E-02
5.70737837104603E-02
5.74660122211956E-02
6.18478267477076E-02
6.22658161553041E-02
0.147608683156265
0.15266076380145
0.176204930945573
0.177356887550583
0.176431179518525
0.188010786349523
0.185005247103781
0.181944295707934
0.183085853854996
0.186367373328803
0.187517732237436
0.188665798703709
0.187629794030012
0.188760022940675
0.196511872747799
0.191013320557683
0.154155883026903
0.155054901695494
0.149171383894929
0.175031996521893
0.180600562693686
0.229899286374545
0.231187178976798
0.232471945547495
0.233753546873943
0.23503194399498
0.236307098198791
0.23757897102078
0.238847524241482
0.240112719884533
0.238960775012534
0.208664283452824
0.243887785189205
0.245139175551381
0.246387022032591
0.2476312880749
0.134390846169262
9.25403054911838E-02
6.03221379433693E-02
5.55658014373652E-02
4.82215531560799E-02
4.59035417974917E-02
4.35604387708435E-02
4.89159196791117E-02
4.91459022180268E-02
4.93751373676937E-02
4.96036186465988E-02
5.24540416987467E-02
5.00582938687265E-02
4.76379237323786E-02
4.51930476985117E-02
4.53940200112158E-02
4.82763004596202E-02
5.11813432314068E-02
5.14035650290028E-02
5.16249764199051E-02
5.18455713179666E-02
5.20653436753982E-02
4.67806782738831E-02
0.033159408484956
3.32966309035911E-02
3.34333187841095E-02
3.91643798305717E-02
4.21313451913777E-02
4.23001728893206E-02
4.24683140890566E-02
3.69509957111418E-02
3.13885139251332E-02
2.86457158389627E-02
2.87559494458846E-02
2.88657105509229E-02
2.89749962439851E-02
0.029083803633869
0.029192129848192
3.22299692366548E-02
3.52887928251755E-02
2.95141929948338E-02
2.66585095413999E-02
2.67537996556764E-02
2.68486415534155E-02
2.69430327663887E-02
2.70369708428515E-02
2.41159585311052E-02
2.41986469879008E-02
2.42809262061757E-02
2.43627940647756E-02
1.83331863427396E-02
1.53283045565585E-02
1.84544313655101E-02
1.54288187399499E-02
1.85744172981568E-02
1.55282785582072E-02
1.55776099061395E-02
0.015626673871421
1.56754692087239E-02
1.25791957452376E-02
1.26177992497568E-02
1.26561849054119E-02
1.26943517440942E-02
1.59153735058715E-02
1.59625314163781E-02
0.016009412227708
1.60560147646344E-02
1.28818702884936E-02
1.61483803577869E-02
1.61941411069317E-02
1.62396189674809E-02
1.95417753689908E-02
1.95956658043656E-02
2.29240815176678E-02
2.29861506196196E-02
0.029632906124179
2.97116688308089E-02
2.64799185780552E-02
2.98676229032595E-02
2.32904081087812E-02
2.00143127123472E-02
2.00650646324467E-02
3.01731921978978E-02
3.02482529633589E-02
2.69535799177531E-02
2.70193455181373E-02
2.70846311622705E-02
2.71494352573662E-02
2.38120366961321E-02
2.38678934347451E-02
2.73409425231827E-02
0.034254755955419
3.43327221187058E-02
3.44100747539756E-02
3.44868119881689E-02
4.83881047510246E-02
4.84938059830447E-02
5.20699692082339E-02
5.21813550606335E-02
5.22918041409123E-02
5.24013137903365E-02
5.25098813752575E-02
4.91096706679575E-02
5.27241799423345E-02
5.63518995013229E-02
5.29346792741155E-02
5.65743977693637E-02
4.95986019228492E-02
5.32432606985053E-02
4.97879199642406E-02
4.63182846395688E-02
4.64040912246462E-02
4.64890576779388E-02
0.046573181976976
0.046656462120897
3.95482967257602E-02
0.043218906505804
4.32934319421741E-02
0.043367170969991
6.87801929164212E-02
7.25204713844333E-02
6.53754783429527E-02
6.54813425224404E-02
6.55860142829269E-02
6.56894911527273E-02
6.21366723183257E-02
5.85714226512897E-02
5.13276774489572E-02
4.03891897050226E-02
4.41259118137585E-02
4.05075763958245E-02
3.68778727470468E-02
4.06230020090308E-02
4.06796010111784E-02
3.70322324544724E-02
3.33740984442442E-02
2.59922262187132E-02
2.60263441938587E-02
2.60599852498129E-02
2.98207412562681E-02
2.98580953901314E-02
2.98949018137455E-02
3.36725546253767E-02
2.62210095901479E-02
2.25015197161358E-02
2.62820542268049E-02
3.00706886375019E-02
3.01041912005637E-02
3.01371403105474E-02
3.01695351999861E-02
0.033976547003978
3.02326593135316E-02
3.40463104524843E-02
2.65068629578782E-02
2.65327741035442E-02
1.89701403715784E-02
1.89879497267154E-02
1.52043273235584E-02
1.14135109497323E-02
1.14235659690498E-02
1.52445470898864E-02
1.52573916887797E-02
1.90874434888017E-02
1.52822361055852E-02
1.52942353479441E-02
1.53059522402704E-02
1.53173865113357E-02
1.53285378965319E-02
1.15045546034029E-02
1.15124932379878E-02
1.15202191425933E-02
1.15277321386247E-02
7.69002136830215E-03
7.69474581027758E-03
7.69932797587861E-03
7.70376775928552E-03
7.7080650579898E-03
7.7122197727943E-03
7.71623180781337E-03
1.15801516057095E-02
1.15857412072665E-02
1.15911163874655E-02
1.15962770223493E-02
7.73414866195253E-03
7.73730279012224E-03
7.74031366004076E-03
1.16147718034791E-02
1.16188580263232E-02
7.74848604296583E-03
7.75092321912016E-03
1.16298252348118E-02
1.16330502036074E-02
1.16360596608004E-02
1.16388535370947E-02
1.55219090242185E-02
1.55250590595358E-02
1.55279214162306E-02
1.55304960284158E-02
1.55327828368316E-02
1.55347817888459E-02
1.16523696288406E-02
1.16534369597093E-02
1.16542883096788E-02
1.55398982122107E-02
1.55404573247024E-02
1.94259105052266E-02
1.55407114444095E-02
1.55404064457775E-02
1.55398134153034E-02
1.55389323666332E-02
1.55377633200411E-02
1.55363063024289E-02
1.55345613473263E-02
1.16493963711681E-02
1.16476558439305E-02
1.16456994688416E-02
1.16435272909314E-02
7.76075957346702E-03
7.75902382108004E-03
7.75714431008758E-03
0.011632681625646
1.16294312830456E-02
1.16259655121819E-02
1.16222843928761E-02
1.16183880099194E-02
1.16142764530725E-02
1.16099498170652E-02
1.16054082015968E-02
1.16006517113355E-02
1.15956804559181E-02
1.54539927332673E-02
1.54467921506756E-02
1.92991321160486E-02
1.54315335324378E-02
2.31352137731651E-02
1.92689160347296E-02
1.92581308275124E-02
1.92469894382871E-02
1.92354921242997E-02
1.53789113208595E-02
1.53691446339303E-02
1.53590938643153E-02
1.91859490553741E-02
1.53381410127881E-02
1.53272394153086E-02
1.53160547040084E-02
0.019130733922069
1.91160462270464E-02
1.91010056349522E-02
2.29027349928847E-02
1.90698671609597E-02
1.90537700004515E-02
1.52298571085212E-02
1.52164173583505E-02
1.52026970615705E-02
1.51886965365204E-02
1.89680201351969E-02
1.89498201350709E-02
2.27175253116158E-02
2.26948481280436E-02
1.88931276154244E-02
1.50988272533863E-02
1.88535932497888E-02
1.50666445029523E-02
1.50501373406458E-02
0.015033353497424
0.026278513387729
2.99979146787404E-02
3.37080281099597E-02
3.36677832837747E-02
0.029890595977444
2.98537250106622E-02
3.35433447402621E-02
3.35006337686924E-02
3.34573087214436E-02
2.97007738778358E-02
2.96611737520001E-02
2.96210305249637E-02
2.95803451378212E-02
2.95391185449078E-02
2.94973517138009E-02
2.94550456253214E-02
2.94122012735346E-02
2.56977172075334E-02
2.93249018225345E-02
3.29405048749012E-02
2.92354615782796E-02
2.55411986240405E-02
2.18579167277055E-02
2.18229792915575E-02
2.17876444800854E-02
1.81265942735855E-02
1.44771907207815E-02
1.08396320968043E-02
1.44282322203199E-02
1.44033595777407E-02
1.43782254578571E-02
1.43528304571661E-02
1.43271751788076E-02
1.43012602325668E-02
0.014275086234876
1.42486538088171E-02
1.42219635841236E-02
2.12925242957754E-02
2.12517184365628E-02
2.12105287731042E-02
1.76407969082914E-02
1.76058349847063E-02
1.40564445684992E-02
1.40279679452076E-02
1.04994291007033E-02
1.04776933690614E-02
1.39410257150479E-02
1.73894289661619E-02
0.017352263636055
0.017314787049086
1.72770001092249E-02
2.41344652203481E-02
2.75207981257661E-02
2.74588581403177E-02
2.39718740710725E-02
2.73335077476786E-02
2.38613378332801E-02
2.04046552123737E-02
2.71418290083716E-02
2.70769681238741E-02
2.36351726425527E-02
2.35775783798949E-02
2.35195657273343E-02
2.68127269755854E-02
0.030088659779268
3.00124692992768E-02
2.99357482774865E-02
3.31761095545823E-02
2.97807221647347E-02
3.30026898780008E-02
3.62066181971518E-02
3.28269461789208E-02
0.032738208238907
3.59137854119635E-02
2.60472089309367E-02
2.59748451793793E-02
2.59020272075206E-02
2.58287568280928E-02
0.02897441535109
3.21010827081484E-02
3.20078119737063E-02
3.51053834629772E-02
3.50015644424162E-02
3.48971387162953E-02
3.47921089107012E-02
3.46864776709429E-02
3.45802476615891E-02
3.44734215665077E-02
0.037490184096988
3.42579919513703E-02
3.41493938959116E-02
0.034040210684006
3.70150310145175E-02
0.036894654473849
0.036773648746164
3.35976821853098E-02
3.34856152978458E-02
3.33729802341853E-02
3.32597798933958E-02
3.01327429040057E-02
0.036034576446614
3.89016922239463E-02
4.17472165557069E-02
4.45710025818178E-02
4.44120980269152E-02
5.31029412902614E-02
5.58499501386193E-02
5.56458658173727E-02
0.055440857086721
0.058142030881304
5.79243031526472E-02
0.05482033852178
5.17373871300359E-02
6.29919483463366E-02
5.98960855729034E-02
5.68214419034188E-02
5.65980661713176E-02
5.63737698028296E-02
6.17634146952197E-02
6.71069271107317E-02
6.40497298163974E-02
6.65609986374264E-02
6.90483629117102E-02
6.60107974049057E-02
6.29951917854546E-02
6.00016846289585E-02
5.97461472613094E-02
5.94896653084527E-02
5.65398710126262E-02
5.89738959012409E-02
6.13834691715877E-02
6.37684727604271E-02
6.08384867658273E-02
5.26648503407115E-02
0.052425855736546
5.21860548580146E-02
0.051945454447576
4.65336551611587E-02
4.88887881028336E-02
5.12189240882824E-02
4.84264341370681E-02
5.07306983917048E-02
0.050485444779338
0.045215496033264
4.99926912545881E-02
4.97452055669963E-02
5.19718396617319E-02
5.66352600770712E-02
5.38982390085321E-02
5.36228418486883E-02
5.81963717293926E-02
5.78942660394773E-02
6.23906156598458E-02
6.68355277487947E-02
6.88545165097375E-02
6.61239896934745E-02
6.81156547073197E-02
6.54087816180436E-02
6.96962446198205E-02
7.39314171731555E-02
7.81141229821041E-02
6.85368241513085E-02
6.81485094975635E-02
7.22765804830847E-02
6.28779109924587E-02
6.25129960904454E-02
5.77081835954569E-02
0.185342274434173
0.177660361153755
0.174415389683976
0.173361584322989
0.122767769224335
0.128435695296481
8.72210817837486E-02
8.45626621036166E-02
8.19298208882549E-02
9.81095930969638E-02
7.88153261489662E-02
8.24285287205091E-02
0.124886255230661
0.117965927575537
0.153554397594277
0.156545064371095
0.159480158020898
0.142559638012918
0.147485059531085
0.152327752733902
0.151269517041931
0.150209791830936
0.147236452640828
0.142390405935953
0.158331441767392
0.155312946751448
0.157893097744439
0.154885517841306
0.175696213569515
0.18164473957462
0.180271123247875
0.178896091231064
0.177519694993316
0.176141986402081
0.174763017728851
0.173382841655014
0.172001511277848
0.170619080116665
0.169235602119095
0.167851131667524
0.166465723585692
0.165079433145446
0.16369231607365
0.162304428559281
0.160915827260671
0.159526569312951
0.158136712335654
0.156746314440514
0.144480553842695
0.113933456831052
0.112903623298954
0.110361760325102
0.10035814799185
0.148395886123611
0.135243102243973
0.135418044540154
0.134122958343943
0.101406274053821
0.089103026033169
0.091026785937367
9.15085425228911E-02
9.47078362860958E-02
9.51065894739424E-02
0.095477847820704
9.98142438397484E-02
9.87720557202331E-02
0.102942655413882
0.101845995583562
0.102025291139719
0.102177552566559
0.102302865392769
0.123375082713661
0.121991672540552
0.120609435802582
6.43833617430897E-02
6.59953191130374E-02
0.069882313190781
5.52449946618483E-02
6.14079971912942E-02
6.40366070660331E-02
4.32794907589812E-02
3.94570728535006E-02
3.78821756407963E-02
3.41979387106695E-02
3.48164443917566E-02
0.032284121671108
2.98069242926887E-02
2.94132420976819E-02
3.10216509036994E-02
2.96151580013295E-02
2.82364642592572E-02
2.68855180659189E-02
2.17752623200019E-02
2.05333150785432E-02
2.02387663722517E-02
1.99448867985365E-02
0.020544956751966
2.11191501254761E-02
2.08008854431354E-02
2.56043074691098E-02
3.78128556120611E-02
4.46650682207062E-02
4.39567347659146E-02
5.52645073445628E-02
5.59406033524757E-02
5.57926201643398E-02
5.56216961165594E-02
5.69260954073617E-02
5.44757091466504E-02
5.35267296746328E-02
5.32917455639804E-02
4.04739482579124E-02
4.11087393721445E-02
4.10233981226947E-02
0.036956368018896
3.62548582019722E-02
3.55563670375942E-02
3.73510367115799E-02
3.47788900320354E-02
3.46754468304371E-02
3.45508922122284E-02
3.32586375613976E-02
2.86264667246908E-02
2.74622612045544E-02
2.79371094021129E-02
2.62662692497767E-02
2.36194621047722E-02
2.30771500749441E-02
2.10682265887929E-02
2.10457670871277E-02
2.19368348204069E-02
2.04860347927826E-02
2.08598546314557E-02
2.33543128968857E-02
2.02189761396585E-02
0.02009257793447
0.017953238888437
1.78459402632239E-02
1.54585379632907E-02
1.46483833127651E-02
1.49298795552075E-02
1.41380565547079E-02
1.40399072638562E-02
1.32771890720728E-02
1.37932864335061E-02
1.36455868130493E-02
0.013189068070716
1.13220526494924E-02
9.28608536977384E-03
8.95216985686738E-03
7.35412175199577E-03
9.02786280024263E-03
9.14624366407221E-03
8.78128157272012E-03
7.12551355375916E-03
7.23842822567056E-03
6.33044011938847E-03
6.04701402731784E-03
5.70044852343786E-03
5.44693461371828E-03
5.19733174734312E-03
4.95170904872944E-03
4.53568729580858E-03
3.61255445153629E-03
3.56112169881719E-03
3.50913752343541E-03
3.29199835116506E-03
2.91728624051094E-03
2.87129281075165E-03
2.82481605767034E-03
2.93217944118288E-03
3.03378435958159E-03
2.98052261440472E-03
2.78038312919342E-03
2.72875535923956E-03
2.67661413603025E-03
2.62396116985585E-03
2.57079899173183E-03
2.51713103214938E-03
2.46296170641828E-03
2.40829650711866E-03
2.35314210421125E-03
2.05566366882243E-03
2.00546218557668E-03
1.83985715555022E-03
0.002127813385028
1.96139588301046E-03
2.11841423474007E-03
2.05707945234586E-03
2.09511364277071E-03
2.02990140575901E-03
1.77724692701985E-03
1.71761646569171E-03
1.83221502417749E-03
0.001765755542831
0.001779992153385
1.63224679026326E-03
1.56529860925364E-03
1.49829700559563E-03
1.43130566206053E-03
1.36439420594545E-03
1.23584629699316E-03
1.1724967732701E-03
1.10946010318965E-03
9.94487667925442E-04
8.86233837206036E-04
8.30874498421781E-04
7.76173145601594E-04
7.22242373442207E-04
7.06380490294462E-04
7.20045623648697E-04
7.55088716354809E-04
7.1770801730567E-04
7.02948249865061E-04
5.86278442524155E-04
5.24134205247582E-04
5.01849255414298E-04
4.08133702423362E-04
3.54740327775499E-04
2.92530951227684E-04
2.47953303046632E-04
1.63878049083636E-04
1.34458634639203E-04
1.13827988593251E-04
8.94462923611156E-05
7.18283092003322E-05
5.06731320519236E-05
5.78176345650983E-05
4.30807103821379E-05
2.77592816935612E-05
1.66986706465991E-05
9.2152340701707E-06
4.42463958997649E-06
1.8379722610828E-06
6.87758176712478E-07
1.85686836931373E-07
2.0451429879275E-08
2.18934396571199E-09
9.01966316283644E-11
6.72468228067984E-13
1.38691634897092E-16
2.15344666352927E-24
4.77342153981323E-52
0
0
0
0
0
0
0
0
0
0
0
0
0
0
0
0
0
0
0
0
0
0
0
0
0
0
0
0
0
0
0
0
0
0
0
0
0
0
0
0
0
0
0
0
0
0
0
0
0
0
0
0
0
0
0
0
0
0
0
0
0
0
0
0
0
0
0
0
0
0
0
0
0
0
0
0
0
0
0
0
0
0
0
0
0
0
0
0
0
0
0
0
0
0
0
0
0
0
0
0
0
0
0
0
0
0
0
0
0
0
0
0
0
0
0
0
0
0
0
0
0
0
0
0
0
0
0
0
0
0
0
0
0
0
0
0
0
0
0
0
0
0
0
0
0
0
0
0
0
0
0
0
0
0
0
0
0
0
0
0
0
0
0
0
0
0
0
0
0
0
0
0
0
0
0
0
0
0
0
0
0
0
0
0
0
0
0
""
