0
0
0
0
0
0
0
0
0
0
0
0
0
0
0
0
0
0
0
0
0
0
0
0
0
0
0
0
0
0
0
0
0
0
0
0
0
0
0
0
0
0
0
0
0
0
0
0
0
0
0
0
0
0
0
0
0
0
0
0
0
0
0
0
0
0
0
0
0
0
0
0
0
0
0
0
0
0
0
0
0
0
0
0
0
0
0
0
0
0
0
0
0
0
0
0
0
0
0
0
0
0
0
0
0
0
0
0
0
0
0
0
0
0
0
0
0
0
0
0
0
0
0
0
0
0
0
0
0
0
0
0
0
0
0
0
0
0
0
0
0
0
0
0
0
0
0
0
0
0
0
0
0
0
0
0
0
0
0
0
0
0
0
0
0
0
0
0
0
0
0
0
0
0
0
0
0
0
0
0
0
0
0
0
0
0
0
0
0
0
0
0
0
0
0
0
0
0
0
0
0
0
0
0
0
0
0
0
0
0
0
0
0
0
0
0
0
0
0
0
0
0
0
0
0
0
0
0
0
0
0
0
0
0
0
0
0
0
0
0
0
0
0
0
0
0
0
0
0
0
0
0
0
0
0
0
0
0
0
0
0
0
0
0
0
0
0
0
0
0
0
0
0
0
0
0
0
0
0
0
0
0
0
0
0
0
0
0
0
0
0
0
0
0
0
0
0
0
0
0
0
0
0
0
0
0
0
0
0
0
0
0
0
0
0
0
0
0
0
0
0
0
0
0
0
0
0
0
0
0
0
0
0
0
0
0
0
0
0
0
0
0
0
0
0
0
0
0
0
0
0
0
0
0
0
0
0
0
0
0
0
0
0
0
0
0
0
0
0
0
0
0
0
0
0
0
0
0
0
0
0
0
0
0
0
0
0
0
0
0
0
0
0
0
0
0
0
0
0
0
0
0
0
0
0
0
0
0
0
0
0
0
0
0
0
0
0
0
0
0
0
0
0
0
0
0
0
0
0
0
0
0
0
0
0
0
0
0
0
0
0
0
0
0
0
0
0
0
0
0
0
0
0
0
0
0
0
0
0
0
0
0
0
0
0
0
0
0
0
0
0
0
0
0
0
0
0
0
0
0
0
0
0
0
0
0
0
0
0
0
0
0
0
0
0
0
0
0
0
0
0
0
0
0
1.25494422189349E-35
3.81601243810133E-18
1.68515167005955E-12
1.01832368079625E-09
4.43062283812163E-08
5.49868372241683E-07
3.42836878352837E-06
1.3250294397449E-05
3.79050819111285E-05
8.89942544360433E-05
1.77131447542264E-04
3.18411434934721E-04
5.17779740421528E-04
7.66478525219484E-04
6.5500478783384E-04
8.23091506439128E-04
9.62925051364501E-04
1.33379505512717E-03
1.75002543753037E-03
2.09196710073059E-03
2.5723242815312E-03
3.11027201557214E-03
3.6236310421707E-03
4.3593187165151E-03
4.74625094696645E-03
6.32340429877315E-03
6.65992660599096E-03
7.38701247547117E-03
7.97130785059553E-03
8.36324486408338E-03
8.90696356519675E-03
0.012220526100661
1.36383356146312E-02
1.43947269230707E-02
1.64573628979251E-02
1.78224454245035E-02
3.00519805979508E-02
3.18286167283762E-02
3.36170487721447E-02
3.54150225297227E-02
3.72204712222251E-02
3.90315020282422E-02
4.08463831931325E-02
4.26635317897745E-02
0.044481502175277
4.62989751625051E-02
4.81147479064627E-02
4.99277244920815E-02
5.17369072005035E-02
5.35413884246235E-02
5.53403432006513E-02
5.71330223202382E-02
5.89187459867833E-02
6.06968979795816E-02
6.24669202901873E-02
0.06422830819657
6.59806057421585E-02
6.77234015885761E-02
6.94563252127076E-02
7.11790434205927E-02
7.28912571525205E-02
7.45926985555057E-02
7.62831283011053E-02
0.077962333128196
7.96301235919432E-02
8.12863320016698E-02
8.29308105317486E-02
8.45634294909295E-02
8.61840757367389E-02
8.77926512226894E-02
8.93890716670817E-02
9.09732653331288E-02
9.25451719109973E-02
9.41047414931769E-02
9.56519336353082E-02
0.097186716495286
0.098709066044059
0.100218965342121
0.101716403876192
0.103201376951073
0.104673885132072
0.106133933733799
0.107581532351487
0.109016694431327
0.110439436876587
0.111849779686578
0.113247745625761
0.114633359920535
0.116006649981437
0.11736764514868
0.118716376459131
0.112849703847011
0.11652209172343
0.122689318713717
0.12274943848447
0.114002301873443
0.115163343791807
0.116313452146172
0.123906104726592
0.113368655804662
0.109175578247077
0.108857478460807
0.10984505369656
0.109471467931842
0.10497471216241
0.10587494239574
0.119245355020679
0.123026839341345
0.124024977305987
0.123592348278553
0.130285930925311
0.132729373355783
0.13663776372994
0.13472128955067
0.13570154315627
0.103989086331192
0.104719089985197
9.48970882466195E-02
0.103122454209844
0.087016109244057
0.142901800587156
0.105158415166448
0.107378149694513
0.106477947663515
0.115003389621058
0.055468544297467
0.052606370008082
4.81001942545992E-02
4.83731396418078E-02
4.05356810615568E-02
4.56486196744971E-02
0.045894241838252
4.94323249777284E-02
0.051345312526126
5.66014671062192E-02
5.68850701504372E-02
5.38023822118408E-02
0.0473046477728
4.41342802296654E-02
4.60454355539325E-02
4.79694455645749E-02
4.64642049830085E-02
4.49408102871679E-02
0.055551467498755
5.57877968478271E-02
0.056020760892603
5.80081897573654E-02
5.47117233916054E-02
5.66995224074144E-02
5.69190857317258E-02
5.71353132982801E-02
5.91403421843565E-02
6.11551444472798E-02
0.063179414101205
2.89834869644717E-02
3.09010075916234E-02
3.28291460963272E-02
3.11078485786317E-02
3.30444442995375E-02
3.13076868139923E-02
3.32523379395666E-02
3.33535141674084E-02
3.34528464703387E-02
3.54142447413335E-02
3.55152099153973E-02
3.56142357376871E-02
3.19522376398852E-02
3.01528236780446E-02
0.030231325406479
0.028413938575801
0.026585520994952
2.66499461180784E-02
0.028621020800733
2.29496076141112E-02
2.68347158196063E-02
2.68934748121461E-02
0.02887587901209
2.89358076393239E-02
2.70612761111932E-02
2.51776464283237E-02
2.52256567807876E-02
2.52723598366805E-02
2.33702367929393E-02
2.14600250157784E-02
2.14962290776035E-02
2.15313299534471E-02
2.15653283255959E-02
2.15982248512259E-02
0.023596385632112
0.023629870765385
2.36621558746072E-02
2.36932415709928E-02
2.17462010702105E-02
2.17724989559106E-02
2.17976989214952E-02
0.025789401696415
2.38306984842777E-02
2.38545991322081E-02
2.38773039487652E-02
2.38988133495263E-02
2.39191277268338E-02
2.39382474500229E-02
2.79488683432424E-02
2.99661303720321E-02
2.79865157221306E-02
2.80032507938218E-02
2.80185938624415E-02
2.80325452025634E-02
2.80451050633585E-02
3.00602932165082E-02
0.0280660512175
2.80744378834165E-02
2.80814338153656E-02
0.028087039137404
2.60847358096406E-02
0.026087358444002
2.60886900056578E-02
2.80955559426399E-02
2.80942092116455E-02
2.60849383757635E-02
0.026081105653752
2.60759817483499E-02
2.80749178433008E-02
2.80666184629259E-02
2.80569282097832E-02
3.00491216910619E-02
0.030035758255
3.00209039640815E-02
2.80042546495044E-02
2.99867217294035E-02
3.19652193848734E-02
3.19430107065264E-02
3.39141607058811E-02
3.38871806300861E-02
3.38585081593808E-02
3.58180335239034E-02
5.16881283419745E-02
5.36225257101941E-02
4.56304893236156E-02
4.75619865791964E-02
4.75071551389135E-02
5.33811693399136E-02
5.13394970841504E-02
4.93002959550968E-02
5.12025198558984E-02
5.11301319511386E-02
5.10551427022065E-02
4.70562006235377E-02
4.50245827206092E-02
4.49513346964364E-02
4.48757801017575E-02
4.47979174600429E-02
0.042773495447623
4.26945982991584E-02
3.09916282930743E-02
3.09310295526768E-02
3.27981207212756E-02
3.08049968801655E-02
3.26607829065302E-02
3.25895404557004E-02
3.25165803575385E-02
3.05335539676269E-02
2.85577950762006E-02
0.030388121156103
0.03031297162484
2.83464355064436E-02
2.82729358506793E-02
2.63180496394767E-02
2.62466001366759E-02
2.61737233691802E-02
0.024235173587207
2.41648470921982E-02
2.22398682630972E-02
2.03247867522486E-02
0.020261899416412
2.01978824363966E-02
2.19629828828211E-02
2.37148995818323E-02
2.54533216032097E-02
2.35542124003222E-02
1.98607988656757E-02
0.019789971043951
1.97180021985455E-02
1.60730922546558E-02
1.77914856435704E-02
2.48121126089196E-02
2.47146836157121E-02
2.46157904017377E-02
2.45154303864913E-02
2.44136009276361E-02
2.43102993200396E-02
2.59344887087301E-02
2.58206448411068E-02
2.39915335914469E-02
2.72940743408263E-02
2.88655262529334E-02
0.028729289534912
0.031954915274586
3.51458145212444E-02
3.49707892622197E-02
3.47935097136919E-02
3.46139706909859E-02
3.44321668995585E-02
3.26172313657093E-02
0.030817767726887
2.90340962562831E-02
2.56626241954574E-02
2.23259888616957E-02
1.90248419630757E-02
0.020487788656277
2.19303550538165E-02
2.17953927101486E-02
2.32059440147612E-02
2.92068214438358E-02
2.90173325849664E-02
2.57914364108493E-02
2.41111466120731E-02
2.24495659884989E-02
2.22932428185933E-02
2.36109069739371E-02
2.49055759275085E-02
2.61769034043736E-02
3.03113354835588E-02
3.58101766255763E-02
5.25881908870801E-02
5.07629783249396E-02
0.051753658057826
4.85553750482404E-02
4.81505183177175E-02
4.91056245277431E-02
5.00330330586188E-02
0.053613029584268
5.31315818022358E-02
5.00131361910119E-02
4.43313148994443E-02
3.87441082607313E-02
3.70898107637951E-02
3.67235110211643E-02
3.63537276493797E-02
3.97025651431501E-02
3.92868041068866E-02
3.88671632410228E-02
3.48395406405937E-02
3.44521779373728E-02
3.28867422427647E-02
3.83105006788464E-02
3.67103707963722E-02
4.08006247431849E-02
4.02976363456296E-02
4.31060422211813E-02
4.47336033986519E-02
0.107671967651076
0.106225149974578
0.104765883048936
0.103294157024982
0.101809966306099
0.100313310014343
9.88041924988737E-02
9.72826238904946E-02
9.57486207064984E-02
9.42022065103768E-02
9.26434126313971E-02
9.10722789495068E-02
8.94888547515457E-02
8.78931996652984E-02
8.62853846785404E-02
8.46654932508916E-02
8.30336225270308E-02
7.16230985013401E-02
3.90698600469643E-02
4.13756901791856E-02
3.89583115393495E-02
3.80965485808861E-02
4.01490967843308E-02
4.63364281598838E-02
4.10431996342357E-02
4.68043922765936E-02
4.49413807510234E-02
0.04568037258061
4.69332919526465E-02
2.85798670978339E-02
2.71540623176111E-02
2.63328399739078E-02
4.43624339106784E-02
4.29235681499974E-02
4.61467691000207E-02
4.50372500255647E-02
3.66537527714618E-02
4.40923439610087E-02
2.67573558876401E-02
2.60943460289795E-02
2.53954325764843E-02
0.027010261546366
1.79203127120864E-02
1.59876593408513E-02
1.38291483346056E-02
0.013415024672832
0.01236686626581
1.05079012538145E-02
9.32859410829104E-03
8.22563050857364E-03
7.8954605317917E-03
7.9712353239912E-03
7.56033330702828E-03
6.58118686990845E-03
6.18065433361709E-03
5.61300968294231E-03
5.06282853920595E-03
4.53197273461629E-03
4.02239105922941E-03
3.82281457817106E-03
4.32187178369976E-03
3.92684859842237E-03
3.26586027623021E-03
2.21808722114047E-03
1.81467721021444E-03
1.55173819024458E-03
1.28811818860166E-03
1.07257519035769E-03
7.97106351171269E-04
5.76530095718292E-04
3.94450802670525E-04
2.43741494534881E-04
1.24326633710227E-04
6.76399021452769E-05
3.40747534099677E-05
1.2276890982758E-05
3.29657103137191E-06
5.04646370023503E-07
2.12619709022651E-08
5.06544557177122E-10
2.88681824117143E-12
1.33828513909281E-17
1.7605966827945E-33
0
0
0
0
0
0
0
0
0
0
0
0
0
0
0
0
0
0
0
0
0
0
0
0
0
0
0
0
0
0
0
0
0
0
0
0
0
0
0
0
0
0
0
0
0
0
0
0
0
0
0
0
0
0
0
0
0
0
0
0
0
0
0
0
0
0
0
0
0
0
0
0
0
0
0
0
0
0
0
0
0
0
0
0
0
0
0
0
0
0
0
0
0
0
0
0
0
0
0
0
0
0
0
0
0
0
0
0
0
0
0
0
0
0
0
0
0
0
0
0
0
0
0
0
0
0
0
0
0
0
0
0
0
0
0
0
0
0
0
0
0
0
0
0
0
0
0
0
0
0
0
0
0
0
0
0
0
0
0
0
0
0
0
0
0
0
0
0
0
0
0
0
0
0
0
0
0
0
0
0
0
0
0
0
0
0
0
0
0
0
0
0
0
0
0
0
0
0
0
0
0
0
0
0
0
0
0
0
0
0
0
0
0
0
0
0
0
0
0
0
0
0
0
0
0
0
0
0
0
0
0
0
0
0
0
0
0
0
0
0
0
0
0
0
0
0
0
0
0
0
0
0
0
0
0
0
0
0
0
0
0
0
0
0
0
0
0
0
0
0
0
0
0
0
0
0
0
0
0
0
0
0
0
0
0
0
0
0
0
0
0
0
0
0
0
0
0
0
0
0
0
0
0
0
0
0
0
0
0
0
0
0
0
0
0
0
0
0
0
0
0
0
0
0
0
0
0
0
0
0
0
0
0
0
0
0
0
0
0
0
0
0
0
0
0
0
0
0
0
0
0
0
0
0
0
0
0
0
0
0
0
0
0
0
0
0
0
0
0
0
0
0
0
0
0
0
0
0
0
0
0
0
0
0
0
0
0
0
0
0
0
0
0
0
0
0
0
0
0
0
0
0
0
0
0
0
0
0
0
0
0
0
0
0
0
0
0
0
0
0
0
0
0
0
0
0
0
0
0
0
0
0
0
0
0
0
0
0
0
0
0
0
0
0
0
0
0
0
0
0
0
0
0
0
0
0
0
0
0
0
0
0
0
0
0
0
0
0
0
0
0
0
0
0
0
0
0
0
0
0
0
0
0
0
0
0
0
0
0
0
0
0
0
0
0
0
0
0
0
0
0
0
""
