0
0
0
0
0
0
0
0
0
0
0
0
0
0
0
0
0
0
0
0
0
0
0
0
0
0
0
0
0
0
0
0
0
0
0
0
0
0
0
0
0
0
0
0
0
0
0
0
0
0
0
0
0
0
0
0
0
0
0
0
0
0
0
0
0
0
0
0
0
0
0
0
0
0
0
0
0
0
0
0
0
0
0
0
0
0
0
0
0
0
0
0
0
0
0
0
0
0
0
0
0
0
0
0
0
0
0
0
0
0
0
0
0
0
0
0
0
0
0
0
0
0
0
0
0
0
0
0
0
0
0
0
0
0
0
0
0
0
0
0
0
0
0
0
0
0
0
0
0
0
0
0
0
0
0
0
0
0
0
0
0
0
0
0
0
0
0
0
0
0
0
0
0
0
0
0
0
0
0
0
0
0
0
0
0
0
0
0
0
0
0
0
0
0
0
0
0
0
0
0
0
0
0
0
0
0
0
0
0
0
0
0
0
0
0
0
0
0
0
0
0
0
0
0
0
0
0
0
0
0
0
0
0
0
0
0
0
0
0
0
0
0
0
0
0
0
0
0
0
0
0
0
0
0
0
0
0
0
0
0
0
0
0
0
0
0
0
0
0
0
0
0
0
0
0
0
0
0
0
0
0
0
0
0
0
0
0
0
0
0
0
0
0
0
0
0
0
0
0
0
0
0
0
0
0
0
0
0
0
0
0
0
0
0
0
0
0
0
0
0
0
0
0
0
0
0
0
0
0
0
0
0
0
0
0
0
0
0
0
0
0
0
0
0
0
0
0
0
0
0
0
0
0
0
0
0
0
0
0
0
0
0
0
0
0
0
0
0
0
0
0
0
0
0
0
0
0
0
0
0
0
0
0
0
0
0
0
0
0
0
0
0
0
0
0
0
0
0
0
0
0
0
0
0
0
0
0
0
0
0
0
0
0
0
0
0
0
0
0
0
0
0
0
0
0
0
0
0
0
0
0
0
0
0
0
0
0
0
0
0
0
0
0
0
0
0
0
0
0
0
0
0
0
0
0
0
0
0
0
1.76460739088711E-34
1.94712121054163E-18
3.60994515177807E-13
1.34564484708077E-10
5.11542157026604E-09
6.16090837933938E-08
3.45093161840526E-07
1.31782335591092E-06
3.78681870356584E-06
1.75363857365586E-05
2.58193424299683E-05
3.96501339331289E-05
6.13041414045196E-05
8.88461164056273E-05
1.25383501280479E-04
1.73967455441503E-04
2.21992489995188E-04
2.82163939308721E-04
3.58850661593182E-04
4.04288470205401E-04
4.57450052557896E-04
5.2315925140565E-04
6.07302908776727E-04
1.19459223871417E-03
1.35677971083515E-03
1.42528290359587E-03
7.95651910353095E-04
8.81946763657002E-04
9.36599199378213E-04
1.02546913107195E-03
1.11685200209478E-03
1.12088272735749E-03
1.35477545992191E-03
1.24817152242236E-03
1.33671180175838E-03
1.36727782318542E-03
1.5180870296222E-03
1.67779615258904E-03
1.77542717233907E-03
1.87413075234281E-03
1.73695395207112E-03
1.74247931240298E-03
2.08872471237898E-03
2.00451613954174E-03
2.19017249053332E-03
2.58333731577844E-03
3.41598301891004E-03
3.76912027137133E-03
3.9158196469303E-03
3.94695497389948E-03
4.45133603107291E-03
4.48334182617664E-03
9.27201720763327E-03
9.44492722259669E-03
6.72688112851166E-03
6.79416847125053E-03
7.14476942592857E-03
7.50407568146141E-03
7.10027571833278E-03
8.56588895998907E-03
8.47089724346794E-03
8.69314496831832E-03
8.91533583514077E-03
9.48887095809692E-03
9.35939520297132E-03
9.39693993905255E-03
1.13109171323408E-02
8.86753398943324E-03
1.02452875818653E-02
1.16737543309878E-02
1.19197304948703E-02
1.21653384657464E-02
1.34804288656245E-02
8.94602502612061E-03
8.45153624099634E-03
8.3847198855632E-03
0.015233526032539
1.45699612904274E-02
1.50682689255799E-02
1.99546344079711E-02
2.07908472333593E-02
2.13912078814696E-02
2.14874101180379E-02
2.18344179240474E-02
0.02218055113871
2.27939559321993E-02
2.34146492700604E-02
2.37662301252195E-02
1.20584232967805E-02
1.30867236098751E-02
0.014427398485902
0.015507281593185
0.025509369926539
2.58549456796685E-02
2.46762483039883E-02
2.68515801682088E-02
3.06367798805553E-02
2.91261844216073E-02
2.85285050879973E-02
0.020118268431429
3.02144966302819E-02
3.02425405182489E-02
3.05978031566344E-02
3.06117260384247E-02
2.99286601867763E-02
1.98286692806628E-02
1.79378015157191E-02
0.017422347624077
1.86878040283119E-02
1.85226748512677E-02
1.79822451373429E-02
0.017796740873341
0.018352074798339
1.85359465393985E-02
1.91011403564608E-02
2.58450229216654E-02
2.14200775887313E-02
0.022016442939028
2.22225341797092E-02
2.24278031364073E-02
2.30363929956648E-02
2.28358580298083E-02
2.30386360489536E-02
2.94657302127592E-02
0.040604328011655
3.58850665253814E-02
3.53362555974207E-02
0.033054833549611
2.72672687073639E-02
3.44699645378284E-02
4.39828118017957E-02
4.43312086039605E-02
0.044678050790784
4.50233323119331E-02
4.53670471832011E-02
4.57091894838495E-02
4.60497533541134E-02
4.63887329928586E-02
0.046726122655384
4.70619166513589E-02
4.73961093428875E-02
4.77286951426943E-02
4.80596685124216E-02
4.83890239610332E-02
4.87167560433198E-02
0.049042859358496
4.14685559810671E-02
2.28574728174067E-02
2.45055582331218E-02
2.81852919129962E-02
2.68438419262691E-02
3.21079361274152E-02
3.33316959167277E-02
1.65095730764587E-02
1.66091596742859E-02
1.56639454553437E-02
2.04831874604828E-02
0.02430048667456
2.49718524559332E-02
2.51141476396575E-02
0.026867703611046
2.32349415430041E-02
2.39062443603999E-02
2.40364431021114E-02
2.47151077819115E-02
2.48467116266557E-02
3.05280987391958E-02
3.90562305921046E-02
4.48654826348982E-02
0.045093875178263
4.19218011336675E-02
3.92838146336493E-02
3.83329014144325E-02
4.71432277523496E-02
4.21709514523378E-02
4.00499030362564E-02
4.37373525244457E-02
4.39408643867913E-02
0.022954378531182
2.36500602905731E-02
1.78173373604654E-02
1.78965894067665E-02
2.09711834376419E-02
0.022265944050589
2.17573108017874E-02
0.020028988543913
2.01131745326075E-02
1.95847352098108E-02
1.96652006411266E-02
1.60428770110894E-02
0.016107300786705
1.61712458130837E-02
0.01561029909872
1.50440266292664E-02
1.51017213756192E-02
1.51589704451149E-02
1.52157729156679E-02
1.52721278718376E-02
1.66053706052497E-02
1.47425127954032E-02
1.47952278246975E-02
0.014201966604314
1.55471583638983E-02
1.62508431082222E-02
1.63062569468874E-02
1.63611972475503E-02
1.51024100702265E-02
1.44932952387527E-02
0.014540387886818
1.52501089397342E-02
1.92893671295866E-02
2.00170144698191E-02
2.00789356750885E-02
2.08116230056884E-02
2.08744156772389E-02
2.09366105221277E-02
2.16755680268597E-02
2.10592026837286E-02
2.11195979992412E-02
1.91297729548764E-02
0.019183235504513
1.92361527091237E-02
0.018599647856008
1.72681675240822E-02
1.73139496724723E-02
1.94423508803154E-02
0.018796366802692
1.88442216419686E-02
1.74921712386961E-02
1.75354962151838E-02
1.75783275892084E-02
1.69158380698081E-02
1.55430059124924E-02
1.48712365939968E-02
1.34859743428595E-02
1.28052403409023E-02
1.42599290090697E-02
1.50059852222974E-02
1.57547508451663E-02
1.65061654043886E-02
1.58218209706099E-02
1.58546950890614E-02
1.51649856753523E-02
1.59191187176138E-02
1.81257581374352E-02
1.81611052927145E-02
1.81959485135088E-02
1.82302872219305E-02
2.04558153499917E-02
2.19569385968402E-02
1.97966922652028E-02
1.90970890849289E-02
1.91301691584222E-02
1.91627211109936E-02
1.77182256010653E-02
1.92262384959978E-02
1.55538946267558E-02
1.63203082401976E-02
1.78315757618949E-02
1.86028005438157E-02
0.020120974260905
0.020150371253371
2.31687284185869E-02
2.32012097224692E-02
2.32330548084109E-02
3.30202444632581E-02
2.55491730040382E-02
2.55820030562994E-02
0.044448054422188
4.07311874498639E-02
0.048331841440615
5.21687030266197E-02
4.76866307093816E-02
6.81995220475232E-02
6.75148311789071E-02
6.83454651388298E-02
7.29766846870272E-02
7.30495508025793E-02
7.15970843857255E-02
7.16645336004448E-02
7.02038607872394E-02
7.02660545818347E-02
7.10907533326663E-02
7.19148082232981E-02
7.35038206682215E-02
0.07356073287815
7.66829647918188E-02
7.67380830333796E-02
7.67911172136547E-02
5.30210258447952E-02
2.53740068543239E-02
2.61588202617192E-02
2.61740146492333E-02
2.77289990047913E-02
3.08262038244246E-02
3.08415729290398E-02
0.03008470330088
2.70110773115404E-02
2.62502633588291E-02
0.026260483213305
2.62699916370011E-02
2.62787884699479E-02
0.026286873564136
3.01610477810971E-02
0.030168688592854
3.17229747545791E-02
0.033277060073973
3.25087641667294E-02
3.01910824283227E-02
3.01946380631649E-02
3.09716681313517E-02
3.09736384378839E-02
3.25235089603138E-02
4.33650897593573E-02
4.87848681482998E-02
4.02650774289356E-02
4.10364626542871E-02
4.10324087728034E-02
4.33495411099959E-02
0.044890871973606
4.64304721536832E-02
4.64208542769082E-02
3.63544840260254E-02
3.55716837189385E-02
3.71075685161075E-02
3.94143442640415E-02
3.78556988700413E-02
3.70694092161149E-02
2.77910104074596E-02
2.39209871313206E-02
2.15962899247792E-02
2.31277945468212E-02
2.15750080235929E-02
2.23336140714577E-02
2.23210784035687E-02
2.15386980166204E-02
1.84503647802463E-02
1.84384876704688E-02
1.91938646118186E-02
1.91804500612822E-02
1.83998539812479E-02
1.91520583534208E-02
1.91370816728966E-02
1.91215847736732E-02
1.98697906325167E-02
1.98525926230607E-02
2.05977334411626E-02
1.98165763353774E-02
1.90363064050839E-02
1.97784017180972E-02
1.89985632983846E-02
1.82197581520849E-02
1.74420487295398E-02
1.74230200466957E-02
1.74035158325795E-02
1.66277304827336E-02
1.50983322823484E-02
1.50801333110244E-02
1.35553698100478E-02
1.27861238899386E-02
1.35207573099684E-02
1.35028955584042E-02
1.49829598537985E-02
1.49622917161859E-02
1.49412132194223E-02
0.017157683422697
1.71325005470935E-02
1.63630710393061E-02
1.55954429182203E-02
1.55711617941956E-02
1.55464521155355E-02
1.69995347028045E-02
1.84473199378364E-02
1.98896861608022E-02
1.98557179605728E-02
0.019821201497155
0.018320497541125
1.82875241528564E-02
1.97143683107414E-02
1.74912574415859E-02
1.74581472243684E-02
1.74245528405449E-02
1.73904748472158E-02
0.015909587658475
1.58774644409718E-02
1.72853448975365E-02
1.72493381921626E-02
1.64956486630502E-02
1.64602214583897E-02
1.64243347390618E-02
1.56754678327929E-02
1.56402640422654E-02
1.56046224380656E-02
1.62762046811901E-02
1.55320281471546E-02
1.61993983231495E-02
1.54576897459468E-02
0.01471896493734
1.53816121300597E-02
1.81325449811158E-02
1.80863094503708E-02
1.87333923960761E-02
2.07603537017358E-02
0.020015064633472
2.06495380664791E-02
2.05932509858273E-02
2.19054708861612E-02
0.021161553670645
2.04208837794709E-02
2.37559729419477E-02
2.43636721095752E-02
2.29423811156037E-02
5.71849274992782E-02
5.76829963607455E-02
5.68379646396387E-02
5.59954205723302E-02
0.055819947767669
5.69676973128879E-02
5.74450452039461E-02
5.13350444012442E-02
4.78862682077255E-02
0.048380604805352
4.82175616049222E-02
4.61050181660141E-02
4.59458992061188E-02
4.57854412892724E-02
0.043695887277717
6.01871659801822E-02
0.054227677282417
5.40291991764741E-02
4.43298749486944E-02
4.92111034946195E-02
4.83960894243123E-02
4.69583356628241E-02
3.11841561466885E-02
3.04405945376294E-02
2.97010407527836E-02
4.49890488152865E-02
4.35788511454554E-02
4.52337291583811E-02
4.20022529449285E-02
2.54592137709643E-02
2.53510744167429E-02
2.46411683133293E-02
2.39357233522565E-02
2.44263234881976E-02
2.43177911940638E-02
2.36180695503921E-02
2.40985155201209E-02
0.021647504850196
2.15469079754589E-02
2.20252640288841E-02
2.01900224261345E-02
1.95189112542292E-02
2.11379438635034E-02
1.98970902563476E-02
0.022060865141561
2.13871817487296E-02
2.18384567361772E-02
2.22833129919001E-02
2.27217000156805E-02
1.98459150026438E-02
1.91920997010467E-02
1.74527590103268E-02
1.68154696184369E-02
1.78019525435601E-02
1.77030010557586E-02
1.65366078226143E-02
1.64425955916126E-02
1.52933433786768E-02
1.62529927103263E-02
1.56361984880653E-02
1.45069765214838E-02
1.44196976438325E-02
1.48438053882565E-02
0.014752439922208
1.41550542727519E-02
1.35635551010324E-02
1.29779935142958E-02
1.28943572393747E-02
1.47811081706547E-02
1.37047124464159E-02
1.16685144227011E-02
1.25555537744085E-02
1.43882253133858E-02
1.42887883101378E-02
1.37159058046526E-02
1.31492351854799E-02
0.014453837399279
0.014811973012447
1.51628271737161E-02
1.55063541940883E-02
1.58425086349977E-02
0.01617124531197
1.60467755336488E-02
4.42270682367479E-02
4.38782072004264E-02
4.35277995139062E-02
4.31758513906134E-02
4.28223691201591E-02
4.24673590718243E-02
2.10554138491352E-02
2.04588629543507E-02
1.90408845244291E-02
1.80541554549006E-02
1.83013295184046E-02
2.01527915760204E-02
1.91712309763253E-02
1.85993440564269E-02
1.80341225399173E-02
1.74756137488599E-02
1.84623979296541E-02
1.82834483111114E-02
1.81038095770459E-02
3.62203770928385E-02
3.28975154092565E-02
0.031463095584674
3.14984254341896E-02
3.11666927124425E-02
3.11881661410761E-02
3.08501911263755E-02
1.56022229687932E-02
1.64567141947305E-02
1.69483446174253E-02
1.67536104032603E-02
1.62270489731556E-02
1.57076721998646E-02
1.77819970936405E-02
0.016606823055749
1.38776933393337E-02
1.37029015128409E-02
1.35275573343524E-02
1.06206439011807E-02
1.07797380507342E-02
1.09303633443262E-02
1.13638702601215E-02
1.14934204539923E-02
9.91473186814731E-03
9.49310877003871E-03
9.35437816178619E-03
9.21526815961745E-03
8.80885035103212E-03
8.67311440713655E-03
8.79572775512502E-03
8.65516770419732E-03
8.51426366029651E-03
8.61928917173294E-03
8.47355824448833E-03
8.5654282232252E-03
8.88236230280371E-03
8.95266066032506E-03
8.33817002920541E-03
7.96134018973201E-03
3.90479259933056E-03
3.82878112028968E-03
3.75264260453498E-03
3.4721408299079E-03
3.40001353092388E-03
3.91504514336308E-03
4.97895968708817E-03
4.86823716301397E-03
5.12335969406393E-03
5.71874426989891E-03
5.75656600447557E-03
5.78576991398757E-03
5.47458102731509E-03
5.65677784932115E-03
5.34983196542007E-03
5.20453576380665E-03
5.05929836845883E-03
4.76961939633721E-03
4.06779290953479E-03
4.21626114830136E-03
4.21613577455973E-03
4.84528415908055E-03
4.68424192625771E-03
4.4045495906469E-03
3.90408933449674E-03
3.76121881179866E-03
3.72531315481003E-03
3.98847019192713E-03
3.82664412498943E-03
3.66567548173488E-03
3.50566167980855E-03
3.86158576789127E-03
3.35246121142429E-03
3.3434595929272E-03
2.95115868952503E-03
2.65404365909914E-03
2.50616249677882E-03
2.17379223437818E-03
2.04112657894248E-03
1.8558961201326E-03
1.83295531162056E-03
1.65599933807985E-03
1.53257084789667E-03
1.41198039501763E-03
1.2944692082408E-03
1.21401671961101E-03
1.46705433642323E-03
9.35539951373362E-04
7.86817578964929E-04
6.97251613316796E-04
6.12106725972224E-04
5.31685193681052E-04
3.70735951821585E-04
3.13804075582283E-04
2.6142947178319E-04
2.22046684713618E-04
1.77745956008264E-04
1.59271771079647E-04
1.20606022233376E-04
8.80683450079808E-05
5.95390006852703E-05
3.41277979335296E-05
2.10717124648099E-05
1.23718912320275E-05
6.69447548554017E-06
2.88757409335602E-06
9.3433734043771E-07
2.28598260612848E-07
4.14991948344423E-08
3.06857426557846E-09
4.38955337734546E-11
3.26297770027094E-14
4.92999186414485E-21
1.37548651572061E-48
0
0
0
0
0
0
0
0
0
0
0
0
0
0
0
0
0
0
0
0
0
0
0
0
0
0
0
0
0
0
0
0
0
0
0
0
0
0
0
0
0
0
0
0
0
0
0
0
0
0
0
0
0
0
0
0
0
0
0
0
0
0
0
0
0
0
0
0
0
0
0
0
0
0
0
0
0
0
0
0
0
0
0
0
0
0
0
0
0
0
0
0
0
0
0
0
0
0
0
0
0
0
0
0
0
0
0
0
0
0
0
0
0
0
0
0
0
0
0
0
0
0
0
0
0
0
0
0
0
0
0
0
0
0
0
0
0
0
0
0
0
0
0
0
0
0
0
0
0
0
0
0
0
0
0
0
0
0
0
0
0
0
0
0
0
0
0
0
0
0
0
0
0
0
0
0
0
0
0
0
0
0
0
0
0
0
0
0
0
0
0
0
0
0
0
0
0
0
0
0
0
0
0
0
0
0
0
0
0
0
0
0
0
0
0
0
0
0
0
0
0
0
0
0
0
0
0
0
0
0
0
0
0
0
0
0
0
0
0
0
0
0
0
0
0
0
0
0
0
0
0
0
0
0
0
0
0
0
0
0
0
0
0
0
0
0
0
0
0
0
0
0
0
0
0
0
0
0
0
0
0
0
0
0
0
0
0
0
0
0
0
0
0
0
0
0
0
0
0
0
0
0
0
0
0
0
0
0
0
0
0
0
0
0
0
0
0
0
0
0
0
0
0
0
0
0
0
0
0
0
0
0
0
0
0
0
0
0
0
0
0
0
0
0
0
0
0
0
0
0
0
0
0
0
""
