0
0
0
0
0
0
0
0
0
0
0
0
0
0
0
0
0
0
0
0
0
0
0
0
0
0
0
0
0
0
0
0
0
0
0
0
0
0
0
0
0
0
0
0
0
0
0
0
0
0
0
0
0
0
0
0
0
0
0
0
0
0
0
0
0
0
0
0
0
0
0
0
0
0
0
0
0
0
0
0
0
0
0
0
0
0
0
0
0
0
0
0
0
0
0
0
0
0
0
0
0
0
0
0
0
0
0
0
0
0
0
0
0
0
0
0
0
0
0
0
0
0
0
0
0
0
0
0
0
0
0
0
0
0
0
0
0
0
0
0
0
0
0
0
0
0
0
0
0
0
0
0
0
0
0
0
0
0
0
0
0
0
0
0
0
0
0
0
0
0
0
0
0
0
0
0
0
0
0
0
0
0
0
0
0
0
0
0
0
0
0
0
0
0
0
0
0
0
0
0
0
0
0
0
0
0
0
0
0
0
0
0
0
0
0
0
0
0
0
0
0
0
0
0
0
0
0
0
0
0
0
0
0
0
0
0
0
0
0
0
0
0
0
0
0
0
0
0
0
0
0
0
0
0
0
0
0
0
0
0
0
0
0
0
0
0
0
0
0
0
0
0
0
0
0
0
0
0
0
0
0
0
0
0
0
0
0
0
0
0
0
0
0
0
0
0
0
0
0
0
0
0
0
0
0
0
0
0
0
0
0
0
0
0
0
0
0
0
0
0
0
0
0
0
0
0
0
0
0
0
0
0
0
0
0
0
0
0
0
0
0
0
0
0
0
0
0
0
1.32511015326653E-116
2.488580328822E-31
3.67914379969421E-19
2.70909778299377E-14
1.13074996958618E-11
4.24103928784551E-10
5.89259299849849E-09
3.65570361489632E-08
1.52167689368939E-07
4.17494337811705E-07
1.0306176517885E-06
2.0415607731638E-06
4.04648241832421E-06
7.68340201466627E-06
1.21230184885615E-05
1.61262248109492E-05
2.28388025283807E-05
3.10726005755595E-05
3.84742301864167E-05
5.22757344617499E-05
6.90912075409272E-05
8.91615646668912E-05
1.12697697879603E-04
1.3321948564022E-04
1.63095107137093E-04
2.05764958067228E-04
2.34493565801628E-04
2.6469137693415E-04
2.83355972553598E-04
3.43310528409193E-04
3.78661629485942E-04
4.32344253934312E-04
4.90060840995927E-04
5.10931461849596E-04
6.17563343975542E-04
6.63606878234185E-04
7.10269760425973E-04
7.30403040323628E-04
6.32556994439087E-04
6.39779219767089E-04
5.79392521257088E-04
5.76613582866475E-04
6.0610554020956E-04
7.47816039801685E-04
7.43452861630887E-04
7.7646107105041E-04
7.66818003733721E-04
7.97967096890854E-04
8.290178645765E-04
9.07723396383403E-04
8.41253724064861E-04
9.72559737850203E-04
1.05759108348199E-03
1.09122637303916E-03
1.1246388030306E-03
1.15781578476388E-03
1.1312088638294E-03
1.16224913846447E-03
1.25582910086162E-03
1.28796554966907E-03
1.45180532910565E-03
1.5541054019417E-03
1.52094778258215E-03
1.69640464616897E-03
1.6108993219177E-03
1.77544032772096E-03
1.78741706014479E-03
1.79299128169916E-03
1.97107504545948E-03
2.06549064506613E-03
2.25983672855972E-03
3.69706382541647E-03
3.64519779329896E-03
4.47194649140852E-03
4.89113402797936E-03
4.60487496217837E-03
5.41684849855023E-03
5.88739560650525E-03
6.10887874330107E-03
6.19244343864829E-03
6.41445618550008E-03
6.78999284597043E-03
1.29523919979278E-02
1.32244956128204E-02
1.36572395218174E-02
1.40944668210763E-02
1.43588062217978E-02
1.47992582809328E-02
1.52438421287735E-02
1.60799306572605E-02
1.71416322316273E-02
1.53717038160095E-02
1.68509784040994E-02
0.017092736374338
1.75486290531666E-02
1.64122963113729E-02
1.77691621854244E-02
1.91761720589524E-02
1.96511778239897E-02
2.03809371305568E-02
1.90647346843773E-02
2.47862875979152E-02
2.56284035916442E-02
2.59343106818103E-02
2.70773550237567E-02
0.025654105482475
2.65026465764406E-02
2.70658228888718E-02
2.76318085538688E-02
2.78871914251926E-02
0.026214413784944
2.67373745875656E-02
2.95899344622304E-02
2.94846574188564E-02
2.90105428817176E-02
3.23701022313505E-02
3.26107041758441E-02
1.05819332278062E-02
0.010772132156046
0.010962999250972
9.6159612901877E-03
9.78160396278481E-03
9.54986231802325E-03
8.49614070077711E-03
8.63656768004221E-03
9.19536882006228E-03
9.76800957716561E-03
2.84749611753426E-02
2.93593285120593E-02
2.98133833783612E-02
0.029816757315301
2.75146744834066E-02
3.63013475414907E-02
3.58902746378628E-02
0.037848352037427
4.76240002815275E-02
4.48482855530687E-02
4.84738001704157E-02
4.91434463703565E-02
5.08413025604683E-02
5.20474535320075E-02
0.052741105613894
5.34357594441843E-02
5.19661130923527E-02
5.26347687514831E-02
5.21937466797794E-02
1.79915063646461E-02
1.70767272791386E-02
2.82348382548219E-02
2.85780238587588E-02
2.71508180885757E-02
2.92653167096668E-02
3.02136556982947E-02
3.30102010372917E-02
3.15349150684085E-02
3.31444857800838E-02
3.28851944010998E-02
3.38909061163621E-02
5.04268197403608E-02
4.96695788428134E-02
5.15267127443351E-02
5.27445622457167E-02
6.74708134080683E-02
6.81764855938798E-02
6.88822488696405E-02
6.95880672881527E-02
7.02939053001231E-02
7.09997277462214E-02
7.17054998493485E-02
5.14119429170461E-02
5.33752317226632E-02
5.53666289299811E-02
4.39711673287402E-02
4.28824758921286E-02
0.042524817469542
3.37223262513415E-02
3.40321570278315E-02
4.68297749798923E-02
4.88268971082277E-02
7.62778416525546E-02
0.08015866984994
8.08607838110233E-02
7.58530290280912E-02
7.73276702451586E-02
7.79861607400296E-02
3.59754911590759E-02
5.31488452282718E-02
4.42321944692562E-02
3.94495551903442E-02
0.038905734875832
6.53653069123878E-02
6.58871525116174E-02
5.84393987364675E-02
0.058005178332613
5.93551772628973E-02
5.89059700988293E-02
0.054789694341365
5.61241626548735E-02
8.15729584356956E-02
8.21790555003699E-02
8.37250041605204E-02
8.33885908938895E-02
7.92197128103187E-02
7.97879312107871E-02
8.51959143442666E-02
8.48214476120814E-02
8.54141174615186E-02
8.60057674447772E-02
8.65963766720816E-02
9.01923356059325E-02
9.08010932322452E-02
9.14087104014422E-02
9.30375569092117E-02
9.46786717671341E-02
9.84036500551026E-02
0.104252620147815
0.104921069035146
0.105588113804424
0.106253732235115
0.106917902273305
0.107580602029657
0.108241809777413
0.108901503950447
0.109559663141361
0.110216266099636
0.110871291729817
0.111524719089752
0.112176527388865
0.112826695986477
0.113475204390165
0.114122032254161
0.114767159377791
0.115410565703946
0.116052231317601
0.116692136444358
0.117330261449029
0.117966586834257
0.118601093239164
0.119233761438035
0.119864572339028
0.12049350698293
0.119909341076503
0.121745672318392
0.122368865743762
0.122990108377357
0.123609381905291
0.124226668139384
0.124841949016101
0.125455206595526
0.126066423060348
0.126675580714882
0.114554395785698
9.97523665419328E-02
0.107932041557998
0.108436669756968
0.108939495738345
0.113349094707136
0.113866101363005
0.119640103032979
0.109611868660908
0.112752597538867
0.115914877558422
0.116422187343793
0.118271509527683
0.134977984870974
0.135554216845456
0.136128122702827
0.136699686685485
0.137268893143304
0.137835726533022
0.134248166275101
0.136182968216478
0.139521834451275
0.140079022252372
0.140633760851377
0.14118603533404
0.141735830889054
0.142283132807548
0.142827926482589
0.143370197408706
0.143909931181416
0.14444711349677
0.144981730150903
0.145513767039601
0.146043210157873
0.146570045599544
0.147094259556842
0.147615838320012
0.148134768276929
0.148651035912726
0.149164627809427
0.149675530645596
0.150183731195985
0.150689216331202
0.151191973017381
0.151691988315859
0.152189249382867
0.152683743469225
0.153175457920047
0.153664380174448
0.154150497765271
0.154633798318805
0.155114269554523
0.155591899284823
0.156066675414774
0.156538585941869
0.157007618955787
0.157473762638159
0.157937005262343
0.158397335193202
0.158854740886886
0.15930921089063
0.159760733842544
0.160209298471419
0.160654893596531
0.161097508127458
0.161537131063897
0.161973751495484
0.162407358601625
0.162837941651327
0.163265490003038
0.163689993104484
0.164111440492523
0.164529821792988
0.164945126720547
0.165357345078562
0.165766466758948
0.166172481742048
0.166575380096496
0.166975151979098
0.167371787634707
0.167765277396107
0.168155611683899
0.134834224805111
0.135141420767583
0.116822235186332
0.135748164462757
0.136047697498558
0.139753278186008
0.140055025970846
0.140354126008452
0.140650571088029
0.140944354069994
0.142957851640621
0.143249806825497
0.129703957409685
0.131695696081018
0.159735664876368
0.160047190839126
0.162098672698273
0.16415374654357
0.162713099022413
0.161262815508867
0.161559065607864
0.161852239047492
0.169191995321988
0.165960400468029
0.132646654915975
0.138190588827321
0.138426019161232
0.140436483540219
0.146011455451674
0.146250606320786
0.142914108791814
0.141352691702327
0.145159174015298
0.145384329239946
0.149201928413593
0.174631476767038
0.178497091138912
0.178758635801389
0.177208503571209
0.177460615878823
7.97878597620032E-02
0.087161447579474
8.90982522505483E-02
9.65005425241443E-02
9.11581629159462E-02
8.57997472627071E-02
0.087737027304765
8.23566509045368E-02
0.113609151600052
0.121085467932862
0.117556200901758
9.74652844497763E-02
0.101259632534816
0.16219855344466
0.160533360397263
0.158861019521214
0.170126003273519
0.185113458467494
0.18530378028602
0.185490529803992
0.185673702679204
0.185853294654386
0.186029301557197
0.186201719300213
0.186370543880922
0.184670413667895
0.186697397969869
0.186855419897567
0.18700983350186
0.187160635204679
0.187307821512826
0.187451389017966
0.187591334396625
0.187727654410184
0.187860345904873
0.187989405811772
0.1881148311468
0.188236619010717
0.182704123591447
0.18093050030634
0.186694328755369
0.188687340739679
0.188790900728601
0.188890807632428
0.188987059145716
0.189079653047839
0.189168587202988
0.18925385956017
0.189335468153206
0.18941341110073
0.189487686606187
0.127004056281748
0.125152650828965
0.189688491776767
0.189748081244612
0.189803995559758
0.189856233434503
0.189904793665948
0.189949675136002
0.189990876811377
0.190028397743591
0.190062237068965
0.190092394008625
0.190118867868501
0.190141658039326
0.190160763996635
0.19017618530077
0.190187921596871
0.190195972614886
0.190200338169561
0.190201018160448
0.190198012571901
0.190191321473077
0.188279135567755
0.188265214610784
0.155922292404409
0.154003442124252
0.15208207334518
0.148257559103344
0.148232224226813
0.144403914453146
0.142473980257094
0.140542119618417
7.40510863459597E-02
7.40312427717064E-02
7.21122737931283E-02
7.20901450663577E-02
8.34455601237911E-02
8.91042072227305E-02
8.14910920700021E-02
7.95653232454325E-02
7.76395089422417E-02
7.57137599090405E-02
6.81121724832977E-02
6.80806425364488E-02
6.80477948046807E-02
6.42350950430832E-02
9.25258139812069E-02
9.81375093526719E-02
0.156554696000825
0.154578694181198
0.154485903294472
0.154390124327033
0.154291359491459
0.154189611069894
0.127777706538475
0.122055076115083
0.12009091758373
0.116252139454699
0.118037568228793
0.181598907007463
9.54036090126746E-02
9.53255375882186E-02
6.53646447728442E-02
6.71744991680737E-02
0.113723478408357
8.75442840305045E-02
8.74638706366678E-02
8.55225830508636E-02
9.10127907284769E-02
0.122468634570377
0.116785057403899
0.083332846278032
8.32461881278114E-02
8.13099718066255E-02
9.59897594738476E-02
9.58840668772387E-02
9.94602403214195E-02
0.10670566117269
0.108419216669368
0.117468130636694
0.150324854065745
0.150140774326314
0.155439922368732
0.155243127032383
0.15504334807922
0.156662244187447
0.156454091723621
0.156242934954412
0.15421449070465
0.179364548944683
0.179111132327529
0.178854280568583
0.174986040114555
0.172926347497285
0.136694962803065
0.100569576469596
0.12910451555492
0.161128523641758
0.17874813334698
0.178461155090139
0.178170764945743
0.177876969780329
0.177579776546039
0.177279192280651
0.176975224107627
0.176667879236151
0.176357164961178
0.176043088663473
0.175725657809666
0.175404879952295
0.166326724593371
0.167763181312213
0.16395718870352
0.163643145394918
0.149425908135296
0.147398805586538
0.14537575191732
0.145084043716769
0.144789584385502
0.154813265348515
0.157925054075101
0.171297346018349
0.170933783587148
0.170566988940932
0.170196970928204
0.169823738484449
0.169447300632231
0.169067666481276
0.168684845228572
0.13463907692677
8.22757425349448E-02
8.37586760703888E-02
8.85745943857803E-02
8.83633280406021E-02
9.48032633371659E-02
0.106186655058047
0.122476417322591
0.123823196401307
0.125159405307512
0.126484959158151
0.142545901262702
6.70032195732385E-02
5.86785819190003E-02
5.68983087421214E-02
5.51255953370274E-02
5.01265641905921E-02
4.99906241446206E-02
5.14619411128546E-02
4.81122208217065E-02
5.27757777449346E-02
0.052627134974439
5.08872904735648E-02
0.134781490130894
0.132810053671107
0.13242183155165
0.133602968558044
0.13320519556988
0.134367384426414
0.133959985127769
0.13510303637883
0.137782165827863
0.134266372957271
0.139998117149134
0.134953452479551
0.139107614474931
0.138658556894223
0.138206977101762
0.127156510770102
0.150875051920661
0.150370572071015
0.149863371985594
0.149353464758506
0.148840863579588
0.148325581734742
0.147807632606281
0.147287029673277
0.146763786511924
0.146237916795908
0.145709434296785
0.145178352884375
0.144644686527158
0.144108449292686
0.143569655348001
0.125864920684863
0.128236009046608
0.129163649546413
0.13007806336953
0.130979189189026
0.131866966360928
0.139727720978759
0.139168995452576
0.13860784527166
0.13804428562361
0.137478331800917
0.136909999201526
0.136339303329423
0.135766259795229
0.135190884316816
0.13461319271993
0.134033200938834
0.13345092501697
0.132866381107632
0.132279585474659
0.131690554493141
0.131099304650153
0.130505852545492
0.129910214892446
0.129312408518573
0.128712450366505
0.128110357494767
0.12495602413705
0.118016847862167
0.117451041899827
0.11688331519968
0.125068477609896
0.10454131064833
0.104023410031451
0.103503834476628
0.118920382436308
7.44052725781016E-02
8.13054660004526E-02
7.96785701241667E-02
9.60774949650628E-02
9.55733983553024E-02
0.112893024729089
0.113472895233481
0.106984401257142
0.106404309738268
0.083727764898521
8.90486089342861E-02
8.85536788724242E-02
7.31905812990115E-02
7.16398708063126E-02
0.057663756899808
7.75674758287041E-02
9.05299950531977E-02
8.66678230491871E-02
8.61573611764938E-02
8.23515989869875E-02
8.51327447692794E-02
8.46186231755431E-02
8.30250671918406E-02
8.46584625801076E-02
0.084134194845548
6.03253197422692E-02
5.99454027561735E-02
4.70247479510603E-02
5.29533594230755E-02
5.57060898385968E-02
0.102487389893909
0.101814032160034
0.101139375445756
0.100463442950565
9.97862580555023E-02
9.91078443256268E-02
9.84282255125554E-02
9.77474255570571E-02
9.70654685917178E-02
9.63823789436713E-02
9.56981811373989E-02
9.50128998976002E-02
9.43265601521372E-02
0.093639187035053
9.29508058896674E-02
9.22614422717512E-02
0.091571121952781
9.08798709232799E-02
0.090187715396239
8.94946818106317E-02
8.88007968350148E-02
0.088106087371224
8.74105805581635E-02
8.67143037756947E-02
8.60172846486238E-02
8.53195510507947E-02
8.46211311092861E-02
8.39220532087185E-02
8.32223459956738E-02
8.25220383832294E-02
8.18211595556108E-02
8.11197389729655E-02
8.04178063762638E-02
7.97153917923257E-02
7.90125255389816E-02
7.83092382303685E-02
7.76055607823668E-02
7.69015244181781E-02
7.61971606740542E-02
7.54925014051754E-02
7.47875787916867E-02
7.40824253448929E-02
7.33770739136205E-02
7.26715576907485E-02
0.071965910219914
0.071260165402398
7.05543575041943E-02
6.98485211632717E-02
6.91426913970278E-02
6.84369036099461E-02
6.77311936014595E-02
6.70255975740265E-02
6.63201521414259E-02
0.065614894337276
6.49098616237861E-02
6.42050919007467E-02
6.35006235147615E-02
6.27964952687351E-02
6.20927464316164E-02
6.13894167484111E-02
6.06865464504658E-02
5.99841762660348E-02
5.92823474311384E-02
5.85811017007145E-02
5.78804813600819E-02
5.71805292367147E-02
5.64812887123433E-02
5.57828037353856E-02
5.50851188337211E-02
5.27566307539855E-02
5.20815604339017E-02
5.03474528879575E-02
4.81190282389541E-02
4.74814724834389E-02
4.68449104863768E-02
4.57071113536248E-02
4.55749486263553E-02
4.49416408066513E-02
4.47911359803996E-02
4.46281414219504E-02
0.042581052467171
4.19595746289247E-02
4.08851751174085E-02
4.02732624739841E-02
0.043188374318682
4.25252673599352E-02
3.84463869732438E-02
3.78405554174011E-02
3.68226382633014E-02
3.66339023638216E-02
3.56328216098631E-02
3.54342959480792E-02
3.75468419526037E-02
3.80468762298208E-02
3.73878806186843E-02
3.67311641953679E-02
3.60767946212404E-02
3.54248407049757E-02
3.47753724307151E-02
3.41284609869108E-02
3.34841787958517E-02
3.28425995438768E-02
3.22037982122823E-02
3.15678511089158E-02
3.09348359004661E-02
3.03048316454348E-02
2.96779188277918E-02
2.90541793913021E-02
2.84336967745087E-02
2.78165559463613E-02
0.026930815008042
2.63267209279142E-02
2.59860576047861E-02
2.48755021997092E-02
2.40405423646631E-02
2.08024100434975E-02
2.02939497777042E-02
0.019558894616346
1.68206205202439E-02
1.39832369216158E-02
1.23392155391549E-02
1.18016823680436E-02
1.51046288257888E-02
1.48800533270682E-02
1.46479839148006E-02
0.014408654805451
0.013983036827445
1.26921322923904E-02
1.24699565297624E-02
8.3239772237477E-03
8.05662433850805E-03
9.16725412637514E-03
0.00900727061467
6.55923994270048E-03
5.09064202482928E-03
4.77503258038793E-03
6.89894274988177E-03
7.13061065159704E-03
6.9732889268107E-03
8.51317498614197E-03
8.05830766797078E-03
8.24396687535885E-03
7.59121680996953E-03
7.16166611551618E-03
7.38468516869145E-03
6.60639564761516E-03
2.1518232455275E-03
2.04565730667039E-03
2.09098435026444E-03
2.13754716853503E-03
2.23063950119431E-03
2.1807577839453E-03
1.66438355534699E-03
1.62469219000304E-03
1.58464942836019E-03
1.42072187596338E-03
1.38325818584624E-03
1.46249544743614E-03
1.42113643089999E-03
1.43465687155137E-03
1.49803862945646E-03
1.55438828871745E-03
1.5034368400828E-03
1.3553983932229E-03
1.12059512465108E-03
1.34906247803995E-03
1.29720332299017E-03
1.28671202893989E-03
1.59081443429612E-03
1.52128972076969E-03
1.19770890349859E-03
1.17497703743837E-03
1.11608828322472E-03
1.43061830118222E-03
1.3810207414323E-03
2.02048389457475E-03
1.89702294386679E-03
2.30971696942924E-03
2.15268261190052E-03
1.99796960663143E-03
1.94310153641401E-03
1.41119454046314E-03
1.12692651324497E-03
1.00930949873947E-03
9.37974459760297E-04
7.20472102909727E-04
5.12289490830756E-04
4.51172859067944E-04
3.93283943610352E-04
3.24755634678835E-04
2.46162886039304E-04
1.91152933212331E-04
1.57441472917832E-04
1.27147222940541E-04
9.50804934319131E-05
6.90128245201015E-05
5.13929742935998E-05
4.01141138396066E-05
2.60138126030071E-05
1.63955936863288E-05
9.64483155335726E-06
5.20355270432421E-06
2.67579084065792E-06
1.12094019272668E-06
3.99306727554048E-07
1.02000524880545E-07
1.82263462354898E-08
1.86363002907577E-09
7.2240716918678E-11
5.17088947130444E-13
8.23785805585461E-17
4.85538646621723E-25
9.86256118048632E-57
0
0
0
0
0
0
0
0
0
0
0
0
0
0
0
0
0
0
0
0
0
0
0
0
0
0
0
0
0
0
0
0
0
0
0
0
0
0
0
0
0
0
0
0
0
0
0
0
0
0
0
0
0
0
0
0
0
0
0
0
0
0
0
0
0
0
0
0
0
0
0
0
0
0
0
0
0
0
0
0
0
0
0
0
0
0
0
0
0
0
0
0
0
0
0
0
0
0
0
0
0
0
0
0
0
0
0
0
0
0
0
0
0
0
0
0
0
0
0
0
0
0
0
0
0
0
0
0
0
0
0
0
0
0
0
0
0
0
0
0
0
0
0
0
0
0
0
0
0
0
0
0
0
0
0
0
0
0
0
0
0
0
0
0
0
0
0
0
0
0
0
0
0
0
0
0
0
0
0
0
0
0
0
0
0
0
0
0
0
0
0
0
0
0
0
0
0
0
0
0
0
0
0
0
0
0
""
