0
0
0
0
0
0
0
0
0
0
0
0
0
0
0
0
0
0
0
0
0
0
0
0
0
0
0
0
0
0
0
0
0
0
0
0
0
0
0
0
0
0
0
0
0
0
0
0
0
0
0
0
0
0
0
0
0
0
0
0
0
0
0
0
0
0
0
0
0
0
0
0
0
0
0
0
0
0
0
0
0
0
0
0
0
0
0
0
0
0
0
0
0
0
0
0
0
0
0
0
0
0
0
0
0
0
0
0
0
0
0
0
0
0
0
0
0
0
0
0
0
0
0
0
0
0
0
0
0
0
0
0
0
0
0
0
0
0
0
0
0
0
0
0
0
0
0
0
0
0
0
0
0
0
0
0
0
0
0
0
0
0
0
0
0
0
0
0
0
0
0
0
0
0
0
0
0
0
0
0
0
0
0
0
0
0
0
0
0
0
0
0
0
0
0
0
0
0
0
0
0
0
0
0
0
0
0
0
0
0
0
0
0
0
0
0
0
0
0
0
0
0
0
0
0
0
0
0
0
0
0
0
0
0
0
0
0
0
0
0
0
0
0
0
0
0
0
0
0
0
0
0
0
0
0
0
0
0
0
0
0
0
0
0
0
0
0
0
0
0
0
0
0
0
0
0
0
0
0
0
0
0
0
0
0
0
0
0
0
0
0
0
0
0
0
0
0
0
0
0
0
0
0
0
0
0
0
0
0
0
0
0
0
0
0
0
0
0
0
0
0
0
0
0
0
0
0
0
0
0
0
0
0
0
0
0
0
0
0
0
0
0
0
0
0
0
0
0
0
0
0
0
0
0
0
0
0
0
0
0
0
0
0
0
0
0
0
0
0
0
0
0
0
0
0
0
0
0
0
0
0
0
0
0
0
0
0
0
0
0
0
0
0
0
0
0
0
0
0
0
0
0
0
0
0
0
0
0
0
0
0
0
0
0
0
0
0
0
0
0
0
0
0
0
0
0
0
0
0
0
0
0
0
0
0
0
0
0
0
0
0
0
0
0
0
0
0
0
0
0
0
0
0
0
0
0
0
0
0
1.24376188814019E-64
2.09774353388373E-20
1.19577049657341E-12
1.96992831306892E-09
1.19068781488558E-07
1.58881411931888E-06
9.43218773910068E-06
3.47619805314886E-05
9.42435068638081E-05
2.07241456805813E-04
3.92578534348022E-04
3.79724714639689E-04
1.03992437253019E-03
1.52138700542949E-03
2.11424248284509E-03
2.33967834629197E-03
3.26985563870136E-03
4.46199983064364E-03
5.40603432156848E-03
6.48691950586432E-03
7.88942353409138E-03
9.17211844343102E-03
1.05289236053327E-02
1.19533131945314E-02
1.34390379141622E-02
1.49801847133717E-02
1.65712100902378E-02
1.82069542192174E-02
1.98826414793741E-02
2.15938716109604E-02
2.12363102414745E-02
2.28474992646335E-02
2.69021054498591E-02
2.87184147057427E-02
0.030553265622438
3.11079439018438E-02
3.28978808655266E-02
2.92772195934602E-02
3.19455940087091E-02
0.032737807935169
3.42958503375292E-02
3.62952380683859E-02
2.37316831060319E-02
0.026627434196061
2.52253945588391E-02
0.025687299867783
2.71764964816395E-02
2.81513460502428E-02
2.91252320981942E-02
2.36061384277841E-02
2.43677115644357E-02
2.51278279011272E-02
2.52391392910074E-02
2.86411663699948E-02
0.029452439498927
3.09651910706476E-02
3.90156543324344E-02
4.37314430720822E-02
7.59848090798769E-02
0.077842134645399
7.96928552306718E-02
8.15367803373434E-02
8.33737384603216E-02
8.52035753390733E-02
8.70261523701622E-02
8.88413451656598E-02
9.06490422435767E-02
8.59777037691704E-02
8.76446515592437E-02
0.048973368985828
4.79234855603167E-02
4.48073784926742E-02
0.036479851007065
0.082468707577303
8.49129513059748E-02
8.31227595884918E-02
9.20519066526646E-02
9.46145652303346E-02
9.94391148382346E-02
0.100955866899837
0.105919200603865
6.65858896416642E-02
6.63582634941145E-02
0.096134561929138
0.097465001822723
0.100023694549218
0.101357381019631
0.103952079702723
0.105288672656866
0.107918710662977
0.103992438005915
9.99308890060281E-02
8.09028653079373E-02
8.86774011163032E-02
9.93651661304866E-02
9.91013211561172E-02
0.105857419918948
0.112732117506154
0.12116689175358
0.12391765986105
0.125218970428478
0.126513291165467
0.127800626843955
0.139711180800955
0.153358073191016
0.154847966421024
0.156329664358378
0.157803172448808
0.159268496024086
0.16072564028175
0.16217461026715
0.163615410857611
0.165048046748551
0.166472522441364
0.16788884223294
0.16929701020666
0.17069703022476
0.172088905921924
0.173472640700019
0.174848237723852
0.176215699917879
0.177575029963762
0.17892623029871
0.180269303114529
0.181604250357315
0.182931073727731
0.184249774681813
0.185560354432252
0.186862813950113
0.188157153966937
0.189443374977197
0.190721477241062
0.190071546179574
0.187455725654797
0.17505636363647
0.189880115132481
0.193050396463854
0.198219583014725
0.199440842354634
0.200653977006261
0.20185898528286
0.203055865302188
0.20424461499103
0.205425232089786
0.206597714157092
0.207762058574479
0.208918262551056
0.182757701121533
0.181637363978456
0.182610681237731
0.172903906092172
0.17595319466316
0.17686117546326
0.177762461446438
0.180835793835333
0.181734508116338
0.182626435650813
0.181300589998718
0.193276176846754
0.156244605613016
0.161458875918973
0.15769746879391
0.171993740301015
0.181859838408967
0.187233739057765
0.190347749669415
0.191171594959054
0.191988608760426
0.185830155723862
0.186604456673643
0.187372159846757
0.188133260733598
0.236109693470399
0.237044546714665
0.237971129842702
0.238889436997813
0.239799462277154
0.240701199735114
0.241594643386661
0.242479787210608
0.243356625152837
0.244225151129461
0.245085359029928
0.245937242720072
0.24678079604511
0.247616012832579
0.248442886895228
0.249261412033845
0.250071582040045
0.250873390698994
0.251666831792088
0.252451899099577
0.253228586403148
0.253996887488446
0.247114092263128
0.247843056995987
0.24856386906021
0.254416244579539
0.255135258896727
0.255845934161025
0.256548264313765
0.257242243318534
0.174557242080197
0.211586010432819
0.212133283738744
0.212673704747566
0.218471645639836
0.216372661605798
0.216898914619507
0.217418211386454
0.225903615944689
0.165158864204982
0.16286577223838
0.16858319149351
0.238683006917132
0.236513572092573
0.23432507694288
0.21322446538561
0.216368856320434
0.186996358377115
0.190084170616412
0.193176704522686
0.19627369986041
0.267653970281388
0.273621666313339
0.27411846622711
0.274606690997123
0.275086335738886
0.27555739563429
0.27601986593279
0.276473741952537
0.276919019081498
0.277355692778541
0.277783758574493
0.278203212073178
0.278614048952421
0.279016264965027
0.279409855939746
0.279794817782195
0.28017114647577
0.27212267294005
0.275279930969155
0.281248294682223
0.281590052200175
0.265007768221952
0.270957703294302
0.251481424662591
0.271555705934877
0.271842230278172
0.269285844682101
0.150382150135427
0.150526547075133
0.216049852803847
0.216243719968867
0.216430987658359
0.230862420545013
0.216785716568432
0.216953173938624
0.21711402413327
0.220127058365413
0.194530012259353
0.206106550564643
0.203369521835323
0.203488904059255
0.197866834385113
0.197970838093469
0.149269264874006
0.215392191017941
0.218358780522907
0.287430067854429
0.287537235613191
0.287635686991769
0.287725420902563
0.276294178899506
0.287878732448977
0.287942308388512
0.287997163468409
0.288043297081129
0.288080708715555
0.288109397957088
0.288129364487719
0.288140608086093
0.288143128627547
0.285255556823291
0.262191020477406
0.288098352114498
0.288065981115918
0.28802488788767
0.287975072885102
0.287916536660046
0.287849279860705
0.287773303231543
0.287688607613139
0.287595193942036
0.287493063250566
0.287382216666656
0.287262655413619
0.287134380809924
0.286997394268949
0.286851697298718
0.286697291501611
0.286534178574066
0.286362360306258
0.286181838581753
0.285992615377155
0.268647011196019
0.268452788523155
0.259689209813004
0.248079412956201
0.250726126461351
0.256207200642284
0.250293645263647
0.244382625868542
0.264025522790698
0.283622302482557
0.283337519642855
0.283044066141685
0.282741945123505
0.282431159818703
0.282111713542931
0.281783609696424
0.281446851763291
0.281101443310786
0.280747387988559
0.280384689527879
0.280013351740837
0.27963337851953
0.27924477383521
0.27884754173742
0.2784416863531
0.275246939766817
0.255395792804972
0.25499862906056
0.254593547774527
0.273520377777943
0.273067448598012
0.212026899023481
0.20066599524141
0.2195213264274
0.224606046746695
9.56932882901873E-02
9.55151431634303E-02
8.71625151733292E-02
8.97127284411955E-02
0.081396627902414
7.58180879700514E-02
7.56635980606751E-02
8.09000547950528E-02
8.07294093474308E-02
8.32414129395799E-02
0.088418491275735
8.82223459081713E-02
8.80233924228563E-02
0.087821632683481
8.76170685689609E-02
9.00584808205523E-02
8.19147145118862E-02
8.69865689804773E-02
8.41413880626546E-02
8.91750445550554E-02
9.15630746978996E-02
9.91532365203401E-02
9.62895043418389E-02
0.101222859031939
0.103536496854792
0.105832586170399
0.102962739576945
0.105237577476843
0.107494284652369
0.145459508026392
0.145029126197608
0.169961319808679
0.182089274398659
0.186569943111807
0.201066353690977
0.202934134340395
0.204779116262595
0.221536069597677
0.218323496305194
0.217592747584688
0.209461887080799
0.2111976641049
0.210462021756159
0.209719222815583
0.213829023074727
0.215475391655079
0.214684495016221
0.213886213796506
0.217868880382944
0.069165820785896
6.65226881604434E-02
6.62622672593548E-02
6.59995314137994E-02
6.57344822436074E-02
6.31290098764148E-02
6.51974503311788E-02
5.56504034983825E-02
5.54153007057359E-02
5.28791292168469E-02
5.26500360500553E-02
5.24190515674588E-02
5.89930696242169E-02
6.32451989949668E-02
5.84601659519843E-02
5.59524177222385E-02
0.129203324086942
0.206191081066678
0.218442648114241
0.217383462840595
0.21850119196018
0.217414953535242
0.216320544325322
0.215217968408112
0.214107229728859
0.212988332095782
0.211861279175462
0.210726074488195
0.209582721403338
0.208431223134621
0.19898071942604
0.1504557762588
0.20492788692967
0.203743836786011
0.202551655028477
0.201351343838558
0.196140047105228
0.19693707753191
0.197701652637163
0.196468841697999
0.195227909318734
0.193978856483876
0.192721683963413
0.191456392308844
0.190182981849352
0.188901452688175
0.187611804699173
0.186314037523634
0.185008150567339
0.183694142997924
0.18237201374257
0.181041761486055
0.179703384669216
0.178356881487861
0.177002249892184
0.175639487586719
0.174268592030919
0.172889560440394
0.17150238978889
0.170107076811082
0.121466604964506
0.125469007232234
0.147626300510684
0.146355452095553
0.148337504365868
0.147023238413048
0.112078104966849
0.112642197510933
0.094309322880927
0.132349454376459
0.152677883111808
0.152726729839687
0.151225172540147
0.149715406430974
0.148197425866521
0.146671225210603
0.145136798873622
0.14359414135378
0.142043247282742
0.140484111476176
0.138916728989606
0.112619698047657
0.111320908734774
0.110015346693041
0.110028655668591
0.107383894098715
0.106057999732073
0.103448187068298
0.107168280174246
0.105772793183039
0.105598165989578
0.102960744613595
9.67656401744279E-02
9.54090644649506E-02
0.104495347863441
0.102973216544043
0.101443689735407
0.101016857308693
0.100548344004257
9.03568357587289E-02
8.78434747961335E-02
8.53581125363817E-02
8.49479591377103E-02
8.34901900156499E-02
8.10375329886434E-02
7.47315788763278E-02
7.52663535973652E-02
7.47887408814042E-02
7.24353016273815E-02
6.38197246469012E-02
6.78185679637217E-02
0.084532583536346
0.054036531798862
5.61674698799936E-02
5.97618833015466E-02
5.60278652828479E-02
5.47118568967983E-02
4.88792863177703E-02
5.20661127315023E-02
0.051451309153529
0.060536312795505
5.88975253435826E-02
5.72542588783792E-02
5.56068335295387E-02
5.33354240169277E-02
5.23009598737734E-02
5.35538723370098E-02
5.12353109592913E-02
4.07940595214618E-02
3.93600160137862E-02
4.19706985480275E-02
3.98964062697752E-02
3.97307572072888E-02
3.76587497040691E-02
3.17641957832666E-02
0.031586567359146
2.93429769886055E-02
2.60634015112989E-02
3.39374739654594E-02
3.21408831983008E-02
2.90913869853518E-02
2.67990162316168E-02
2.51544014823714E-02
0.023527510487645
2.24081020918688E-02
2.07896093283729E-02
1.64853213418745E-02
1.51448961947514E-02
1.40090954195316E-02
1.27151170583675E-02
1.14586183971373E-02
1.13962914113636E-02
1.13442449410865E-02
9.94760277152897E-03
8.62127043072642E-03
7.15070835538974E-03
4.77871874879168E-03
3.89938331154107E-03
3.15568357137363E-03
1.80197388420485E-03
1.40443094585762E-03
1.09168936197258E-03
9.7852936164324E-04
5.47705497789503E-04
3.45004457050307E-04
1.85695074699196E-04
9.71294281691894E-05
4.07998959989765E-05
1.21613387830953E-05
2.72401977294534E-06
3.27144622812822E-07
1.51377424859286E-08
7.87836057264162E-11
2.46187577324363E-15
1.15450921010937E-28
0
0
0
0
0
0
0
0
0
0
0
0
0
0
0
0
0
0
0
0
0
0
0
0
0
0
0
0
0
0
0
0
0
0
0
0
0
0
0
0
0
0
0
0
0
0
0
0
0
0
0
0
0
0
0
0
0
0
0
0
0
0
0
0
0
0
0
0
0
0
0
0
0
0
0
0
0
0
0
0
0
0
0
0
0
0
0
0
0
0
0
0
0
0
0
0
0
0
0
0
0
0
0
0
0
0
0
0
0
0
0
0
0
0
0
0
0
0
0
0
0
0
0
0
0
0
0
0
0
0
0
0
0
0
0
0
0
0
0
0
0
0
0
0
0
0
0
0
0
0
0
0
0
0
0
0
0
0
0
0
0
0
0
0
0
0
0
0
0
0
0
0
0
0
0
0
0
0
0
0
0
0
0
0
0
0
0
0
0
0
0
0
0
0
0
0
0
0
0
0
0
0
0
0
0
0
0
0
0
0
0
0
0
0
0
0
0
0
0
0
0
0
0
0
0
0
0
0
0
0
0
0
0
0
0
0
0
0
0
0
0
0
0
0
0
0
0
0
0
0
0
0
0
0
0
0
0
0
0
0
0
0
0
0
0
0
0
0
0
0
0
0
0
0
0
0
0
0
0
0
0
0
0
0
0
0
0
0
0
0
0
0
0
0
0
0
0
0
0
0
0
0
0
0
0
0
0
0
0
0
0
0
0
0
0
0
0
0
0
0
0
0
0
0
0
0
0
0
0
0
0
0
0
0
0
0
0
0
0
0
0
0
0
0
0
0
0
0
0
0
0
0
0
0
0
0
0
0
0
0
0
0
0
0
0
0
0
0
0
0
0
0
0
0
0
0
0
0
0
0
0
0
0
0
0
0
0
0
0
0
0
0
0
0
0
0
0
0
0
0
0
0
0
0
0
0
0
0
0
0
0
0
0
0
0
0
0
""
