0
0
0
0
0
0
0
0
0
0
0
0
0
0
0
0
0
0
0
0
0
0
0
0
0
0
0
0
0
0
0
0
0
0
0
0
0
0
0
0
0
0
0
0
0
0
0
0
0
0
0
0
0
0
0
0
0
0
0
0
0
0
0
0
0
0
0
0
0
0
0
0
0
0
0
0
0
0
0
0
0
0
0
0
0
0
0
0
0
0
0
0
0
0
0
0
0
0
0
0
0
0
0
0
0
0
0
0
0
0
0
0
0
0
0
0
0
0
0
0
0
0
0
0
0
0
0
0
0
0
0
0
0
0
0
0
0
0
0
0
0
0
0
0
0
0
0
0
0
0
0
0
0
0
0
0
0
0
0
0
0
0
0
0
0
0
0
0
0
0
0
0
0
0
0
0
0
0
0
0
0
0
0
0
0
0
0
0
0
0
0
0
0
0
0
0
0
0
0
0
0
0
0
0
0
0
0
0
0
0
0
0
0
0
0
0
0
0
0
0
0
0
0
0
0
0
0
0
0
0
0
0
0
0
0
0
0
0
0
0
0
0
0
0
0
0
0
0
0
0
0
0
0
0
0
0
0
0
0
0
0
0
0
0
0
0
0
0
0
0
0
0
0
0
0
0
0
0
0
0
0
0
0
0
0
0
0
0
0
0
0
0
0
0
0
0
0
0
0
0
0
0
0
0
0
0
0
0
0
0
0
0
0
0
0
0
0
0
0
0
0
0
0
0
0
0
0
0
0
0
0
0
0
0
0
0
0
0
0
0
0
0
0
0
0
0
0
0
0
0
0
0
0
0
0
0
0
0
0
0
0
0
0
0
0
0
0
0
0
0
0
0
0
0
0
0
0
0
0
0
0
0
0
0
0
0
0
0
0
0
0
0
0
0
0
0
0
0
0
0
0
0
0
0
0
0
0
0
0
0
0
0
0
0
0
0
0
0
0
0
0
0
0
0
0
0
0
0
0
0
0
0
0
0
0
0
0
0
0
0
0
0
0
0
0
0
0
0
0
0
0
0
0
0
0
0
0
0
0
2.23877139865234E-65
3.933269126032E-21
2.24206968107514E-13
3.655537075798E-10
2.07468331381579E-08
2.62154329687615E-07
1.55631097695161E-06
5.73572678769562E-06
1.55501786325283E-05
3.26405294469156E-05
5.59424411445931E-05
7.9942045187303E-05
1.24790924703622E-04
1.48335233029376E-04
2.37852279320072E-04
3.3826674886149E-04
4.90478345805204E-04
5.80515284088841E-04
7.52386220012108E-04
9.52975288232646E-04
1.24258420661939E-03
1.44460865484039E-03
2.05314010303987E-03
2.33089607293363E-03
6.04756706137297E-03
8.76340805732246E-03
8.45131714602128E-03
9.01244233851261E-03
8.94718866571835E-03
7.28793166869913E-03
8.22615314298876E-03
8.85026757228933E-03
9.48299217107533E-03
1.18463460661189E-02
1.26032220692557E-02
1.36097254570567E-02
1.15656612417867E-02
1.27410122304873E-02
1.31205118250055E-02
1.37738338263821E-02
0.019761938151808
2.42697073830773E-02
1.67719106566668E-02
1.67610188466277E-02
1.63223141263077E-02
1.92654749008372E-02
2.19809898013261E-02
0.025667403751692
2.52704219675509E-02
2.74421359222991E-02
2.87843592854897E-02
4.71146773146135E-02
4.85368063288604E-02
0.049955522738363
4.77745966290734E-02
3.58914714682506E-02
3.03455089252267E-02
3.55781231772872E-02
3.59028222902418E-02
3.44451445805891E-02
2.92871242972719E-02
3.48569735942143E-02
4.68977278839309E-02
4.60099306830996E-02
4.76468184226638E-02
4.93069465669412E-02
6.39075747817216E-02
6.51766464056615E-02
4.94768194286053E-02
0.036730026739371
3.66761369084056E-02
7.09450159467342E-02
7.21997051181495E-02
7.73144133537216E-02
7.86231030610878E-02
7.99257303735498E-02
8.12222705758806E-02
8.25127022357569E-02
8.37970068861528E-02
0.085075168735818
8.63471744053248E-02
8.76130126864003E-02
8.88726743224747E-02
6.93971368925965E-02
7.03575481907781E-02
7.13131896323126E-02
6.19406217342188E-02
0.053243748140419
5.29653383792163E-02
5.36342989740697E-02
5.62743889209221E-02
5.79599156234963E-02
7.18012929607944E-02
0.064461649273005
7.14187131562873E-02
5.23422470894985E-02
5.50458583578531E-02
0.056722805960375
0.05950159862899
6.23232936359986E-02
6.18729030352478E-02
6.47450372435037E-02
0.05638262948998
5.80864420177883E-02
5.52089063487656E-02
0.051099828918938
5.62786791690161E-02
5.20750469081065E-02
4.77805488072257E-02
4.82176920845251E-02
4.86523830801449E-02
5.27659700015796E-02
5.32279950764076E-02
8.36524425267854E-02
8.43641432220522E-02
9.26901130881463E-02
0.126742544941884
0.129066679441443
0.130104480525014
0.131136178292889
0.132161774938409
0.133181272472821
0.134194672724032
0.135201977335897
0.136203187767986
0.137198305295798
0.138187331011359
0.139170265824189
0.140147110462585
0.141117865475203
0.142082531232898
0.124445763899793
0.123834492207904
0.124648394894169
0.105033818181882
0.111579036727334
0.115239267276892
0.098118693592289
0.101714829600863
0.102333528273193
0.134740872676309
0.135539790089211
0.13480144589408
0.135580653179259
0.139453457056037
0.155821543930859
0.156688696913292
0.157549742346149
0.158404677888188
0.159253501079416
0.160096209344604
0.160932799996793
0.161763270240787
0.16258761717662
0.163405837803012
0.164217929020787
0.165023887636277
0.165823710364681
0.166617393833409
0.167404934585374
9.25024809952447E-02
8.95496340651132E-02
8.65626390330768E-02
8.69517352392875E-02
8.22001781229211E-02
0.103200587170165
0.117466883649539
0.124908251482687
0.137630459082986
0.138203925723917
0.138772505886505
0.135808697592066
0.136353347979155
0.131559723426639
0.123150059693598
0.125416954423852
0.113305245925955
0.111926057876828
0.181195982539996
0.181859840407956
0.182517468864628
0.183168863347096
0.183814019272446
0.184452932040054
0.179533029122818
0.181997769431946
0.180742200216278
0.173859834893607
0.174424928472932
0.176865740442791
0.160437605267456
0.145790971730006
0.150037937443865
0.146683202524577
0.137568669919679
5.74893688908217E-02
5.57346819799955E-02
0.065531456937154
8.11794005580495E-02
6.78379370881507E-02
6.60806135353637E-02
7.40545851977599E-02
7.42519611833674E-02
0.125384302478707
0.131601203800887
0.126028862072631
0.130293330833396
7.32236751165962E-02
7.14179353015449E-02
9.14747352784471E-02
8.17239551799903E-02
0.083911358426725
8.61052648309467E-02
0.100347137793756
0.100568682689803
9.27240708772018E-02
0.101002188337448
9.10927304653714E-02
9.33090692881871E-02
9.34981791885577E-02
0.103867421801111
0.106111147554715
0.100181367637084
9.83218666339792E-02
0.100555962370152
8.42914283648362E-02
8.44415574816154E-02
8.45890482397073E-02
9.71339819610874E-02
0.103507449724796
0.124413183878642
6.43836719364483E-02
4.57636893084592E-02
3.95841855968653E-02
3.96439577204279E-02
4.17921073428631E-02
3.97598177575164E-02
3.56247566323176E-02
3.35753781338634E-02
3.36205375770924E-02
3.57687018555221E-02
3.37077466492843E-02
3.16404331517501E-02
3.16788808725196E-02
2.74875078740854E-02
2.96359987978143E-02
2.96691568422158E-02
2.75798763840109E-02
2.76089765126269E-02
2.76372314278998E-02
2.34085422380617E-02
2.34310191201857E-02
2.34527800741019E-02
2.56078089436816E-02
2.56299853805952E-02
2.77889950656034E-02
2.78113254808186E-02
2.78328084987051E-02
2.78534438855182E-02
2.78732314163998E-02
2.57466192696203E-02
2.57633188205804E-02
2.36309655653721E-02
2.14953067668227E-02
2.15072646070775E-02
2.15185693579857E-02
2.15292208952893E-02
2.15392191017942E-02
1.93937074806529E-02
2.15572550890822E-02
2.15652926709893E-02
1.94154088719444E-02
0.019421465910923
2.59025792718287E-02
2.37499954270406E-02
2.37552404420522E-02
2.59197447121568E-02
2.80842214654101E-02
2.80878690997667E-02
3.02514867854942E-02
3.02535832712105E-02
3.02547638490398E-02
3.02550285058924E-02
3.02543772388339E-02
3.02528100550853E-02
3.02503269720223E-02
2.59259383004326E-02
2.59222399098903E-02
2.80775696062975E-02
2.59124882994041E-02
2.59064351874635E-02
2.58995972908388E-02
2.58919746851825E-02
2.58835674547832E-02
2.58743756925509E-02
2.58643994999991E-02
1.93902292404193E-02
1.72280628485954E-02
0.017219843656137
1.50597141081827E-02
1.72018374900966E-02
0.017192050714444
1.93294593206724E-02
1.93172741042683E-02
0.019304501537958
2.14346019571292E-02
0.021419105467273
2.78238439085361E-02
0.027802003176126
2.99161855436839E-02
3.41609600856379E-02
3.62641361035398E-02
3.62311451142315E-02
3.19385713053263E-02
2.97803417606684E-02
2.97504395624998E-02
3.18424574409396E-02
3.39290334148206E-02
3.60099728768846E-02
3.59692434767237E-02
3.59274102362941E-02
3.79953249880443E-02
3.79486948469562E-02
3.57952919685413E-02
3.57490479148045E-02
3.57017023469568E-02
3.35560054223436E-02
3.14150370564611E-02
0.035553061571521
3.55013150100203E-02
3.12780613371383E-02
3.12304637940863E-02
3.11818975753403E-02
3.11323631789504E-02
3.93703574074312E-02
3.51677774709561E-02
3.51083501629791E-02
3.50478279359998E-02
3.49862113993668E-02
0.03492350117098
3.69102683405008E-02
3.68415552201803E-02
3.88145575381231E-02
3.87395872814253E-02
3.66284825560863E-02
0.036555149556989
3.24272563117179E-02
3.43825232878974E-02
3.83464694400296E-02
4.02781030352806E-02
4.01902233071523E-02
0.040101066321896
4.00106329194801E-02
4.39108163417405E-02
4.57998312974114E-02
0.045691435122192
4.55815750106464E-02
4.34932844902387E-02
4.53574670025248E-02
5.31116074188197E-02
4.90516471595891E-02
4.10964072419831E-02
4.29399140983876E-02
4.08784623013601E-02
4.27088049526017E-02
4.25911627271119E-02
4.05415787084222E-02
3.85015527354304E-02
3.83908159472746E-02
3.63648770065981E-02
3.62572815494021E-02
3.80510417482118E-02
3.79352654997206E-02
3.59273201262602E-02
3.58149442512053E-02
3.19433359609882E-02
2.99676755506236E-02
3.17369088468583E-02
2.97713858597991E-02
0.126104887804763
0.127525325369781
0.13445432685748
0.152340242492103
0.151802576979884
0.153082141519407
0.150711720567738
0.153776815250383
0.120761598239039
0.138262943319945
0.13594661326883
0.169276483265414
0.168613805079608
0.166177391595459
0.165510035649083
0.16483685912175
0.16590422628916
0.163473060276499
0.157587261381937
0.155188748788572
0.147649014140372
0.147001253308743
0.144646468790147
0.152466104720009
0.128162671510119
0.13596437506504
0.145353739597809
0.14134066040861
0.12742487806664
0.164684441545905
0.163875893970135
0.163061215151432
0.162240408243991
0.106532894362015
0.112406295607651
0.102234399405976
0.101693414004222
0.102728961312995
0.102171576684127
0.101610221278128
6.52905485616694E-02
6.18311409282739E-02
5.84044477749559E-02
5.50108359322229E-02
5.16506720322616E-02
5.13445926788323E-02
6.00428715628248E-02
0.059677902282397
6.22760205807063E-02
6.92552666985445E-02
7.02820473547443E-02
7.56517540287115E-02
7.66068693754568E-02
7.46679930004491E-02
0.092714203651559
0.090672697290324
8.30182235793841E-02
0.106199001388471
0.104067084694128
0.123993546523599
0.136779010306928
0.135781321114541
0.134777538501912
0.133767661115896
0.132751687419138
0.131729615690039
0.130701444023189
0.127073826923689
0.110619041413834
7.65481845649869E-02
7.33860738327223E-02
7.77907844839852E-02
7.46425114941659E-02
5.42666283050925E-02
0.106362880877724
0.118749538718231
0.11528033653733
0.110659060230811
0.109634587849078
0.113275562422205
8.55921465929831E-02
8.47633350610262E-02
8.61983483478835E-02
6.40033362492413E-02
6.89118030279322E-02
6.49020171556916E-02
9.57902872565905E-02
4.73860666467473E-02
0.041547649830202
3.68770792624963E-02
3.85493922946158E-02
0.057683259975629
4.68362359920695E-02
4.82994204993836E-02
5.17002116996995E-02
0.027500753366744
2.03708962900019E-02
1.91570716793145E-02
0.018912049442514
1.67992083290709E-02
1.74973705273428E-02
0.018169543167105
1.70235848455012E-02
1.76683452712871E-02
1.82866858761021E-02
1.80203128952075E-02
1.85980097848246E-02
1.99813563907305E-02
1.96725020877894E-02
1.93621790911562E-02
1.74628594474241E-02
1.71757177664671E-02
1.76548469292229E-02
1.73518768406019E-02
1.85299237016715E-02
1.89255297154337E-02
1.78638497462101E-02
1.96320444813686E-02
0.01031515371276
1.07864323346875E-02
1.05691274748657E-02
1.03509285962873E-02
1.01318497122866E-02
1.05314006024988E-02
1.09025057374443E-02
1.00613420050185E-02
9.24707440509268E-03
8.45987647807562E-03
8.24991222858311E-03
8.03926705523891E-03
8.34983624765586E-03
8.12379659911485E-03
7.8971391556385E-03
8.14927732760481E-03
6.97701767663298E-03
6.76305515609138E-03
6.11212673411526E-03
5.48949760278121E-03
5.71116833300466E-03
5.51040224193007E-03
6.06805280212446E-03
6.56831078831665E-03
6.31017908586352E-03
6.38853789622601E-03
6.11675391772363E-03
5.84556603724455E-03
4.98830608806294E-03
4.46801168765124E-03
3.71191121497213E-03
3.26430844982742E-03
3.32021264506732E-03
3.57320216421557E-03
3.35392019764952E-03
3.33306398574971E-03
2.92279592502637E-03
2.5422076624369E-03
2.34759322906441E-03
2.30049056122806E-03
2.10136431292974E-03
2.02647178117732E-03
1.82621730704376E-03
1.63261478084142E-03
1.44639122998852E-03
1.26831935336994E-03
1.09921197991762E-03
9.39912696198136E-04
7.91281351260961E-04
7.31134370913951E-04
6.22832283823742E-04
4.42302680668462E-04
3.19758831422939E-04
2.08161107155788E-04
1.36994110630054E-04
9.12842496315838E-05
6.06453147158743E-05
3.19639063006813E-05
1.59352968090076E-05
6.21560915609407E-06
2.0443629850893E-06
3.94266019768405E-07
5.90677791189817E-08
2.6835088952328E-09
1.68822012270892E-11
5.8749308225132E-16
3.46352763032811E-29
0
0
0
0
0
0
0
0
0
0
0
0
0
0
0
0
0
0
0
0
0
0
0
0
0
0
0
0
0
0
0
0
0
0
0
0
0
0
0
0
0
0
0
0
0
0
0
0
0
0
0
0
0
0
0
0
0
0
0
0
0
0
0
0
0
0
0
0
0
0
0
0
0
0
0
0
0
0
0
0
0
0
0
0
0
0
0
0
0
0
0
0
0
0
0
0
0
0
0
0
0
0
0
0
0
0
0
0
0
0
0
0
0
0
0
0
0
0
0
0
0
0
0
0
0
0
0
0
0
0
0
0
0
0
0
0
0
0
0
0
0
0
0
0
0
0
0
0
0
0
0
0
0
0
0
0
0
0
0
0
0
0
0
0
0
0
0
0
0
0
0
0
0
0
0
0
0
0
0
0
0
0
0
0
0
0
0
0
0
0
0
0
0
0
0
0
0
0
0
0
0
0
0
0
0
0
0
0
0
0
0
0
0
0
0
0
0
0
0
0
0
0
0
0
0
0
0
0
0
0
0
0
0
0
0
0
0
0
0
0
0
0
0
0
0
0
0
0
0
0
0
0
0
0
0
0
0
0
0
0
0
0
0
0
0
0
0
0
0
0
0
0
0
0
0
0
0
0
0
0
0
0
0
0
0
0
0
0
0
0
0
0
0
0
0
0
0
0
0
0
0
0
0
0
0
0
0
0
0
0
0
0
0
0
0
0
0
0
0
0
0
0
0
0
0
0
0
0
0
0
0
0
0
0
0
0
0
0
0
0
0
0
0
0
0
0
0
0
0
0
0
0
0
0
0
0
0
0
0
0
0
0
0
0
0
0
0
0
0
0
0
0
0
0
0
0
0
0
0
0
0
0
0
0
0
0
0
0
0
0
0
0
0
0
0
0
0
0
0
0
0
0
0
0
0
0
0
0
0
0
0
0
0
0
0
0
0
""
