0
0
0
0
0
0
0
0
0
0
0
0
0
0
0
0
0
0
0
0
0
0
0
0
0
0
0
0
0
0
0
0
0
0
0
0
0
0
0
0
0
0
0
0
0
0
0
0
0
0
0
0
0
0
0
0
0
0
0
0
0
0
0
0
0
0
0
0
0
0
0
0
0
0
0
0
0
0
0
0
0
0
0
0
0
0
0
0
0
0
0
0
0
0
0
0
0
0
0
0
0
0
0
0
0
0
0
0
0
0
0
0
0
0
0
0
0
0
0
0
0
0
0
0
0
0
0
0
0
0
0
0
0
0
0
0
0
0
0
0
0
0
0
0
0
0
0
0
0
0
0
0
0
0
0
0
0
0
0
0
0
0
0
0
0
0
0
0
0
0
0
0
0
0
0
0
0
0
0
0
0
0
0
0
0
0
0
0
0
0
0
0
0
0
0
0
0
0
0
0
0
0
0
0
0
0
0
0
0
0
0
0
0
0
0
0
0
0
0
0
0
0
0
0
0
0
0
0
0
0
0
0
0
0
0
0
0
0
0
0
0
0
0
0
0
0
0
0
0
0
0
0
0
0
0
0
0
0
0
0
0
0
0
0
0
0
0
0
0
0
0
0
0
0
0
0
0
0
0
0
0
0
0
0
0
0
0
0
0
0
0
0
0
0
0
0
0
0
0
0
0
0
0
0
0
0
0
0
0
0
0
0
0
0
0
0
0
0
0
0
0
0
0
0
0
0
0
0
0
0
0
0
0
0
0
0
0
0
0
0
0
0
0
0
0
0
0
0
0
0
0
0
0
0
0
0
0
0
0
0
0
0
0
0
0
0
0
0
0
0
0
0
0
0
0
0
0
0
0
0
0
0
0
0
0
0
0
0
0
0
0
0
0
0
0
0
0
0
0
0
0
0
0
0
0
0
0
0
0
0
0
0
0
0
0
0
0
0
0
0
0
0
0
0
0
0
0
0
0
0
0
0
0
0
0
0
0
0
0
0
0
0
0
0
0
0
0
0
0
0
0
0
0
0
0
6.0839799270522E-231
2.58211430358982E-25
4.21927670837249E-14
4.39641447847413E-10
5.13875890777141E-08
9.3790964718052E-07
6.64657108247792E-06
2.72502845131588E-05
7.91250102016634E-05
1.82270429252541E-04
3.5676141801691E-04
6.19976208874319E-04
9.85113127718278E-04
1.43159045196149E-03
2.03093078683777E-03
1.73743781697614E-03
2.18257069663494E-03
3.06531610509177E-03
3.87928943957904E-03
3.87072266535126E-03
4.65886345859872E-03
6.07392662841083E-03
9.52761240226508E-03
1.08355273493046E-02
1.35560751996984E-02
1.51298353279859E-02
1.67549477620526E-02
1.84260141663747E-02
2.01380454000554E-02
2.18864515093588E-02
2.36670250930792E-02
2.54759205769731E-02
2.73096312321849E-02
2.91649652433416E-02
3.10390217365571E-02
3.29291673847986E-02
3.48330139933822E-02
0.02682633003812
2.66846164761866E-02
3.69515685391103E-02
3.87160208030732E-02
3.91501266083711E-02
4.17923215562858E-02
4.35467589342366E-02
4.47988894786001E-02
4.70579144185687E-02
4.82706028695207E-02
4.71955853292488E-02
5.81316198412665E-02
6.00751830136198E-02
0.062015325773829
0.063951520491176
6.58832909047212E-02
6.78102072653099E-02
6.97318819429107E-02
7.16479654543151E-02
7.13513985842816E-02
6.48974322867331E-02
6.65293190198648E-02
6.81554656455411E-02
6.97756947718262E-02
0.077200648673202
7.97882711899117E-02
8.24062758337871E-02
8.41683310940181E-02
8.50186815089326E-02
0.084902043807897
8.65871084359497E-02
8.82648904096471E-02
9.09128795297248E-02
9.45852446692868E-02
9.52811578191822E-02
9.69650319880045E-02
0.098641191760106
0.100309601328924
6.40025910523014E-02
7.60637287560558E-02
7.83910949289915E-02
7.73356649887425E-02
0.115462193354177
0.117187087731597
0.118903591508804
0.120611696442439
0.119865168574509
0.122762660764529
0.116887577821925
6.36800177425606E-02
8.64474816852213E-02
9.27854547786354E-02
0.101896394244431
0.103159839171107
7.05152533362162E-02
7.41043634784768E-02
7.35883598153905E-02
8.00583469574359E-02
0.142052144543633
0.143642681763999
0.145224859235075
0.146798684443808
0.148364165009653
0.149921308633477
0.151470123051535
0.153010615994092
0.154542795148294
0.156066668124923
0.157582242428696
0.159089525431823
0.160588524350518
0.162079246224236
0.163561697897377
0.165035886003262
0.166501816950176
0.167959496909296
0.16263257453217
0.162307620937675
0.153331949039689
0.151125804666837
0.15936314039571
0.162410009790431
0.165477404911804
0.168565083083074
0.169865719397199
0.074654302183866
7.33803659408727E-02
8.13163859087959E-02
7.26027220741555E-02
6.93762915750953E-02
6.23165283694024E-02
6.46558448768499E-02
6.51039979419791E-02
5.97655998986895E-02
6.01691347774792E-02
5.86162571523718E-02
6.09685928783758E-02
0.063344016827953
0.135468947742226
0.118283108310076
0.14121272441382
0.144113596588125
0.144991331580226
0.135591193084154
0.142596138915995
0.168376926838323
0.167260987735366
0.168217220244052
0.158593964136437
0.189247386451438
0.190289302219565
0.178425674088205
0.185867474790876
0.119499071252368
0.117940801801281
9.00107964678929E-02
8.60573774796101E-02
8.64915212097534E-02
8.24648937471832E-02
8.06309344453379E-02
0.076521524448499
7.91502441734069E-02
7.72532891070235E-02
0.109574067304052
0.11237405305771
0.186609450156371
0.187451015831181
0.192934916863438
0.193783529334073
0.159452027678326
0.204879897095875
0.203382863847869
0.178110729914058
0.169307979019257
0.169998568654962
0.175491234909918
0.176189136223742
0.179303987300558
0.179999123899576
0.126970010219537
0.129900769414728
0.130385372952054
0.123458064713923
0.126385017915089
0.121864482299575
0.119800280030895
0.087659750265859
8.29357837104939E-02
8.06964136343866E-02
8.60280344760668E-02
8.88518977670762E-02
8.65956502737882E-02
9.45406227044632E-02
9.74049748277226E-02
9.25682891827548E-02
0.095434453968712
9.83133472922761E-02
0.111584684052036
0.111916418692782
0.104413502565656
6.80649592375656E-02
7.08842825766757E-02
0.06845071366131
7.65603148362612E-02
7.94165111281144E-02
0.076975808895434
7.71798574606437E-02
7.47131125548333E-02
8.02557400844673E-02
8.04591599273405E-02
0.13981070334871
0.159021366567054
0.140493705026683
9.20801998985592E-02
0.230740558132231
0.160530907869609
0.149987488546032
0.142123381236932
0.134218491590748
0.112548198723398
0.112787608258411
0.101996812370062
0.104968842187787
9.96450934660184E-02
9.70695068793591E-02
0.105595295151478
0.136423175213283
0.145047919053218
0.134137602342569
0.15117825700584
0.157056195385526
0.154520631601603
0.168856238235433
0.157863366831587
0.141181007485635
0.141408247946677
0.124635415282302
0.133338739194302
0.13069883597519
0.130891933089881
0.094036394017511
9.41691852343365E-02
0.091441558179545
9.72875562868434E-02
9.74154976971046E-02
0.100409316051002
0.103407350002597
0.106409336795287
0.118053040937559
0.115306786952873
0.112550475249975
0.112673428575519
0.109900848349876
0.107118904973836
0.226043695343676
0.194353547735022
0.194535497420016
0.197617728458292
0.168703656195255
0.197957305465215
0.203945167410057
0.259504450366262
0.262617360215428
0.201485061233509
0.227922892439419
0.201757082413139
0.187254739049904
0.137597537267143
0.125958666010927
0.131888144671031
0.12022578538193
0.11734947978188
0.111531897758879
0.114514727095187
0.114559080443859
0.120476930703099
9.99403907807353E-02
9.99700949322187E-02
9.99968107562976E-02
0.102962318484136
0.102983666745972
0.114773588027726
0.120677211728868
0.105972941362649
0.108926189736655
0.108932491787432
0.108935540260408
0.108935335121621
0.114820085907052
0.114813010759776
0.108915198238763
0.114788572499729
0.126542615777999
0.117692736331409
0.126492987012701
0.123521514015454
0.120547855018688
0.141086728890809
0.158670048796808
0.15273823509763
0.152678521234503
0.143809571738036
0.146678259896727
0.140743361250381
0.137740724797736
0.155240513563712
0.149296946128765
0.149207036073047
0.154960206771776
0.149013794345405
8.46745780219991E-02
8.46132796933943E-02
9.91269293329477E-02
0.101962312363587
0.113522461030653
0.119243095208036
0.10751520963255
0.113223913299708
0.113117572114983
0.113007820182747
0.1099999238507
9.54276136453772E-02
9.53260947111751E-02
9.52216939472813E-02
9.51144124722071E-02
9.50042514326752E-02
9.77667032762117E-02
9.76472740348357E-02
9.75248816857988E-02
9.16701435522935E-02
9.15493768219761E-02
0.102854053147094
0.105565034667182
0.102566667836958
0.105263233565412
0.105107511118755
0.12196726425306
0.121778824640283
9.89658823700305E-02
0.101629472444789
9.30071512321549E-02
9.28510951255162E-02
8.98833289742624E-02
8.69225124471599E-02
8.95668336174736E-02
8.66105493536142E-02
8.36618243979954E-02
8.07209192800536E-02
7.77880943415374E-02
6.93181571602016E-02
6.64132849942794E-02
6.62790730866483E-02
0.06063089674969
6.32542707297336E-02
6.03753831034064E-02
6.02447921528954E-02
0.051915179785668
0.100872003800114
9.24826237558856E-02
0.094982941559836
9.47601869995733E-02
9.18334553207988E-02
8.89168033610047E-02
9.40739727848675E-02
9.38392581498946E-02
9.89502192389922E-02
9.60283302951281E-02
9.31172140915398E-02
0.100830907969793
8.73283298904287E-02
7.91728840254865E-02
7.36902412449282E-02
7.87322303152668E-02
8.11250233651139E-02
7.82814022191465E-02
7.54504382224435E-02
7.78204147695314E-02
0.157758435868866
9.28191396673013E-02
9.25319013910093E-02
9.73661614561774E-02
9.70565575641932E-02
0.091651976808946
9.64277510511778E-02
9.61085532119562E-02
0.093265473687417
8.03878570870957E-02
8.01109978618627E-02
7.73367226250268E-02
7.95492323241544E-02
7.67873196592488E-02
7.65087270650058E-02
0.071309636930144
6.12449750991457E-02
0.068335722928728
7.05059787079809E-02
7.02332555768786E-02
4.58346282336133E-02
4.56527833127026E-02
4.30762338195517E-02
4.29009661366856E-02
4.03506363677764E-02
4.25459460538077E-02
4.47198731878434E-02
4.45285614840888E-02
4.20022190175492E-02
4.41412166257178E-02
0.050883898949713
4.83525918347807E-02
4.81324536769447E-02
5.01920372428108E-02
0.131706882838918
0.128824440860538
0.16869487791712
0.212645126847883
0.211602249982189
0.208335219936467
0.191851518029461
0.188681020128907
0.189891300662719
0.197585545644521
0.198701480121438
0.19978683661817
0.205114592426088
0.112619332959522
0.120446346235635
0.126072751225527
0.121176458196697
0.114246225074744
0.12596969576036
0.160123700854346
0.104069429466457
0.105466621506453
0.10078748028077
0.104167080969757
9.15673578979836E-02
0.126585250214992
0.147383436844136
0.148370894133213
0.147387018848288
0.146396923113615
0.143487440494088
0.174797661081084
0.17546323044405
0.17422120914534
0.172971570083954
0.171714311326384
0.166783851526605
0.158262285328548
0.158870084321038
0.157651556771478
0.156425806340628
0.155192829711164
5.42333104863071E-02
5.72644437521865E-02
5.50729111701325E-02
5.12006543675198E-02
4.56911857037154E-02
4.02662734671213E-02
3.99161806507483E-02
3.95641074137664E-02
3.75763000899485E-02
3.72350964316407E-02
3.68919904312972E-02
3.81359796613935E-02
5.98088031092535E-02
5.61149880412627E-02
0.054022516387192
5.50140551020038E-02
6.35356167099733E-02
0.106305043645603
0.094827020229147
9.38244394974594E-02
0.145025808712335
0.143442577495032
0.14185098559654
0.140251025747258
0.138642690937855
0.137025974489532
0.135400870131631
8.82864655776166E-02
8.98453231141992E-02
9.52468776604491E-02
6.95608924641689E-02
7.24751297044351E-02
0.072774816580562
6.43707381527278E-02
0.053722912939985
5.41785461578366E-02
5.34094221803987E-02
5.14668187086268E-02
4.72500772294503E-02
4.42688066943352E-02
4.35891558346071E-02
0.042906249466469
4.22200955843813E-02
6.49582801425588E-02
7.12048661511714E-02
6.99916198233617E-02
7.18068903653495E-02
6.85417854850169E-02
6.43679988105074E-02
6.31689784910662E-02
5.91481138238658E-02
5.79935856178521E-02
9.02129049378631E-02
8.83647738099765E-02
0.086509024510034
8.46457774929363E-02
8.27751676325327E-02
8.08973457132941E-02
0.069530982466163
7.17223053381226E-02
6.99568225641798E-02
6.89185505958451E-02
6.85504018591738E-02
0.064625571676503
6.28377809154588E-02
6.17015583770295E-02
5.92480706136802E-02
5.74469211846444E-02
5.56421592212577E-02
0.03994156390771
4.81080665318647E-02
4.64320857422518E-02
4.42345146194037E-02
4.25763635385551E-02
4.09184798723073E-02
0.03926169936354
3.71645118999224E-02
3.51092383689593E-02
3.35004823846622E-02
3.18970302660253E-02
1.64278364422221E-02
1.52205955501618E-02
1.34029081999991E-02
1.29367420268511E-02
1.44649603584658E-02
1.38093453602413E-02
1.46429027959901E-02
1.31268816073089E-02
1.25651916642129E-02
1.13544368989048E-02
1.12920216244059E-02
8.60463923763669E-03
8.06135772442382E-03
7.88332012297174E-03
7.23008563937664E-03
6.97323226007929E-03
6.59466750322442E-03
5.57094949796474E-03
4.76382287098372E-03
3.89226658242862E-03
0.003244679261922
2.56663163187353E-03
1.97019851187107E-03
1.45822530116983E-03
1.36665091530301E-03
9.1445111088679E-04
4.47676374616231E-04
2.34436486368273E-04
1.3258464804917E-04
5.61496670011624E-05
1.7021933602802E-05
3.76715064019425E-06
4.02056544482731E-07
1.73574919064661E-08
1.61679650895246E-10
6.79442876151075E-15
2.44966993222398E-28
0
0
0
0
0
0
0
0
0
0
0
0
0
0
0
0
0
0
0
0
0
0
0
0
0
0
0
0
0
0
0
0
0
0
0
0
0
0
0
0
0
0
0
0
0
0
0
0
0
0
0
0
0
0
0
0
0
0
0
0
0
0
0
0
0
0
0
0
0
0
0
0
0
0
0
0
0
0
0
0
0
0
0
0
0
0
0
0
0
0
0
0
0
0
0
0
0
0
0
0
0
0
0
0
0
0
0
0
0
0
0
0
0
0
0
0
0
0
0
0
0
0
0
0
0
0
0
0
0
0
0
0
0
0
0
0
0
0
0
0
0
0
0
0
0
0
0
0
0
0
0
0
0
0
0
0
0
0
0
0
0
0
0
0
0
0
0
0
0
0
0
0
0
0
0
0
0
0
0
0
0
0
0
0
0
0
0
0
0
0
0
0
0
0
0
0
0
0
0
0
0
0
0
0
0
0
0
0
0
0
0
0
0
0
0
0
0
0
0
0
0
0
0
0
0
0
0
0
0
0
0
0
0
0
0
0
0
0
0
0
0
0
0
0
0
0
0
0
0
0
0
0
0
0
0
0
0
0
0
0
0
0
0
0
0
0
0
0
0
0
0
0
0
0
0
0
0
0
0
0
0
0
0
0
0
0
0
0
0
0
0
0
0
0
0
0
0
0
0
0
0
0
0
0
0
0
0
0
0
0
0
0
0
0
0
0
0
0
0
0
0
0
0
0
0
0
0
0
0
0
0
0
0
0
0
0
0
0
0
0
0
0
0
0
0
0
0
0
0
0
0
0
0
0
0
0
0
0
0
0
0
0
0
0
0
0
0
0
0
0
0
0
0
0
0
0
0
0
0
0
0
0
0
0
0
0
0
0
0
0
0
0
0
0
0
0
0
0
0
0
0
0
0
0
0
0
0
0
0
0
0
0
0
0
0
0
0
0
""
