0
0
0
0
0
0
0
0
0
0
0
0
0
0
0
0
0
0
0
0
0
0
0
0
0
0
0
0
0
0
0
0
0
0
0
0
0
0
0
0
0
0
0
0
0
0
0
0
0
0
0
0
0
0
0
0
0
0
0
0
0
0
0
0
0
0
0
0
0
0
0
0
0
0
0
0
0
0
0
0
0
0
0
0
0
0
0
0
0
0
0
0
0
0
0
0
0
0
0
0
0
0
0
0
0
0
0
0
0
0
0
0
0
0
0
0
0
0
0
0
0
0
0
0
0
0
0
0
0
0
0
0
0
0
0
0
0
0
0
0
0
0
0
0
0
0
0
0
0
0
0
0
0
0
0
0
0
0
0
0
0
0
0
0
0
0
0
0
0
0
0
0
0
0
0
0
0
0
0
0
0
0
0
0
0
0
0
0
0
0
0
0
0
0
0
0
0
0
0
0
0
0
0
0
0
0
0
0
0
0
0
0
0
0
0
0
0
0
0
0
0
0
0
0
0
0
0
0
0
0
0
0
0
0
0
0
0
0
0
0
0
0
0
0
0
0
0
0
0
0
0
0
0
0
0
0
0
0
0
0
0
0
0
0
0
0
0
0
0
0
0
0
0
0
0
0
0
0
0
0
0
0
0
1.22993797381098E-248
4.63752081844201E-41
1.89521966331811E-23
7.0819035809141E-17
1.88423787926723E-13
2.39394341615619E-11
6.34999573026461E-10
6.7631693147684E-09
4.04093532738535E-08
1.63591198250174E-07
5.03241937001786E-07
1.25358638677939E-06
2.71086923843379E-06
5.26754411526217E-06
8.22358512812568E-06
1.50514746215437E-05
2.30829846179943E-05
3.3680835063062E-05
4.71431727230102E-05
6.37122903864311E-05
8.35718432405143E-05
1.06847791921228E-04
1.33611941577176E-04
1.63887107725962E-04
1.97653142652034E-04
2.34853254564028E-04
2.75400223877364E-04
3.19182259570243E-04
3.6606834417869E-04
4.15912992859373E-04
4.68560405441824E-04
5.23848025804469E-04
5.81609544864335E-04
6.41677395745582E-04
7.0388479523445E-04
7.6806738665916E-04
8.34064537482667E-04
9.01720341325372E-04
9.70884369654123E-04
1.04141221352954E-03
1.11316585095188E-03
1.18601387070868E-03
1.25983157933109E-03
1.33450101387399E-03
1.33941533578002E-03
1.41165860844839E-03
1.39065997591381E-03
1.55758893699965E-03
1.6654455862295E-03
1.68694234712153E-03
1.76013887950986E-03
1.85296580635287E-03
1.88656180139077E-03
1.98024180588436E-03
2.05359164941603E-03
2.12684843991047E-03
2.2233712879373E-03
2.41798633714979E-03
2.49535078247443E-03
2.54672250171674E-03
2.17237743596502E-03
2.20781775917021E-03
2.18540313020445E-03
2.21568158958824E-03
2.27366080587496E-03
2.3313062156148E-03
1.58206160594025E-03
1.39744975624961E-03
1.42976960866852E-03
2.25925243818022E-03
2.17271716739765E-03
3.46678674838771E-03
3.53816871859712E-03
3.60900785787279E-03
3.67929668474939E-03
2.58682985850473E-03
2.67273909808291E-03
2.79849740961638E-03
3.16386787566121E-03
3.21783558387755E-03
3.68026082578815E-03
3.73993739234898E-03
3.79909393776876E-03
3.81486651231653E-03
3.82882750657494E-03
3.88514422956851E-03
4.07530472177872E-03
4.1779063328497E-03
4.14312808014796E-03
4.10535701982301E-03
2.97757749159858E-03
2.8721301929461E-03
3.0535420171686E-03
3.18912240062677E-03
3.42601382788604E-03
4.06910117834291E-03
2.64231703911422E-03
2.72347559943311E-03
2.75353487194913E-03
2.73079566868696E-03
2.81280627758788E-03
2.84202323151961E-03
2.92513345300873E-03
2.73550193539043E-03
2.81753733898706E-03
2.73305150126066E-03
2.75881177992044E-03
2.95479806803484E-03
3.09629989108312E-03
3.06604325534226E-03
3.38465077012225E-03
3.53144774468915E-03
3.27203828009757E-03
3.64652752025793E-03
3.65621465824018E-03
3.12582385209477E-03
2.48016476922248E-03
0.005276454676257
5.60396803644219E-03
0.006628705260069
6.84427557282724E-03
7.06174643422842E-03
7.28108508916479E-03
7.50225919998724E-03
7.28125771274907E-03
9.13791551295866E-03
6.10886216283602E-03
6.37596245422221E-03
6.35185902723112E-03
6.1145440427864E-03
5.22944811014722E-03
6.54451592542103E-03
9.24027623609779E-03
9.46991319192246E-03
8.7770988891659E-03
9.46049712830006E-03
9.68327675599273E-03
1.02788916785168E-02
8.73948714400088E-03
8.28749778514523E-03
1.00578799535846E-02
9.19387584986941E-03
1.02181015558002E-02
1.07141324993737E-02
1.09350847450824E-02
1.14507097358776E-02
6.28903716959606E-03
6.26018532041345E-03
6.69291126280957E-03
6.82081775242097E-03
7.27249005550232E-03
1.08642930877842E-02
0.011398312534008
1.24571477387838E-02
0.013026082275248
1.27243947999617E-02
1.60009039499347E-02
0.016274010325577
1.67339966879775E-02
1.60669500889475E-02
1.61383109254856E-02
1.28853438944863E-02
0.012892874360595
1.65214264367919E-02
1.57556589757504E-02
1.10116033984438E-02
1.16007128034969E-02
0.011988848246692
1.21665297317486E-02
1.19037863129224E-02
1.20759901228462E-02
0.012475437015464
1.28816980128304E-02
1.28283002661071E-02
1.34782443792389E-02
1.36620982277237E-02
1.26317433564951E-02
1.25539994897675E-02
1.92039441167579E-02
0.022738770369976
1.35632330702823E-02
1.34769878224692E-02
1.39093820093398E-02
0.014082887203706
1.45256601485723E-02
1.52475426516792E-02
1.68095378328693E-02
1.67315679841658E-02
1.72115883649692E-02
1.91257648598816E-02
2.02135684381163E-02
1.95690432192098E-02
1.12247831620518E-02
2.18055649263256E-02
2.23500067121395E-02
2.25959821147678E-02
2.31508633890478E-02
2.49606527694358E-02
2.27045440545989E-02
2.16699820540896E-02
2.06088928083834E-02
2.08226534885952E-02
1.34765393056688E-02
3.32040153085639E-02
3.35386022763854E-02
3.38733535539011E-02
3.42082538523183E-02
3.45432880043963E-02
3.48784409626547E-02
3.52136977976249E-02
3.55490436961341E-02
3.58844639596258E-02
0.036219944002519
3.65554693505964E-02
3.68910256394309E-02
3.68543326267153E-02
3.68109306389756E-02
3.63818285960807E-02
0.025998628136302
2.12128267635797E-02
2.17863644164387E-02
1.84426128220426E-02
1.93917015513758E-02
1.99550534294787E-02
2.01226028019696E-02
3.00293362403037E-02
3.43686245400114E-02
2.06248639274895E-02
0.01871292017483
1.76058262503045E-02
1.60560699585499E-02
1.57571158516646E-02
0.017168229225002
1.68691081779396E-02
2.00502217367136E-02
2.06426377107486E-02
1.68162588922678E-02
1.82801975458565E-02
0.017068877254282
1.76475202499706E-02
1.54977771031049E-02
1.51512974136455E-02
1.57229652432345E-02
1.63011325725235E-02
1.64167353068507E-02
1.51151630127037E-02
1.47449739712777E-02
0.014847012847821
1.25378099718478E-02
1.26231792727271E-02
0.013686010520132
1.37777061406461E-02
1.38692768201576E-02
1.54565108456937E-02
1.55576057883334E-02
1.61636668069872E-02
1.67760788359706E-02
0.017906435979967
1.85347358847789E-02
1.86512354331948E-02
4.11843310896717E-02
4.14391332358073E-02
0.041693498176949
4.19474177225526E-02
4.22008837309598E-02
4.24538881089809E-02
4.27064228114856E-02
4.29584798410037E-02
4.37570139213499E-02
0.045661692627266
4.53716438119094E-02
4.56312073411262E-02
4.58902342801436E-02
4.61487166163757E-02
2.03736496320175E-02
2.33320078319041E-02
2.57492286123291E-02
2.76158290610223E-02
2.83439197748317E-02
2.79147694386627E-02
2.86483763180824E-02
2.76245499878797E-02
2.71788483120217E-02
2.25691532832785E-02
0.026267910447029
2.70028382537341E-02
3.19653768858574E-02
3.03084806757028E-02
3.16789651091848E-02
3.24489315478024E-02
2.89176381558942E-02
3.40057022723516E-02
3.85202094455539E-02
0.029966084378166
1.25456916156641E-02
1.26053416687734E-02
1.32980577869401E-02
1.33603215151891E-02
1.47007217962826E-02
1.22000682512983E-02
1.16108427093644E-02
9.71963429584998E-03
9.76342770524017E-03
9.80708125428674E-03
9.19388747055597E-03
9.89396388031975E-03
9.93719052955537E-03
9.98027246288312E-03
1.06914223829886E-02
1.07370638973932E-02
9.4347288372007E-03
9.47438726906723E-03
8.8343404641855E-03
8.87090405659043E-03
6.85179622904314E-03
6.87971737912991E-03
6.90753504078118E-03
6.9352484578168E-03
6.96285687856323E-03
8.38843146700562E-03
8.42130689632179E-03
7.74954918496949E-03
7.77944829426752E-03
7.8092278472209E-03
7.1262609512631E-03
7.1531137265268E-03
7.17985565257268E-03
7.92713461939812E-03
7.23300411431475E-03
7.25940923957106E-03
7.28570069470608E-03
6.58069000681974E-03
7.33793982147593E-03
7.3638861173364E-03
6.65074439235495E-03
6.67388589015802E-03
5.9528190163887E-03
5.97320026707689E-03
5.24430045481556E-03
4.51025729199061E-03
3.77110638009174E-03
3.78360448079523E-03
3.79604172174846E-03
3.04673422509806E-03
3.05658587215472E-03
3.06638806466998E-03
3.84517568802834E-03
3.85730384858278E-03
3.86936925140726E-03
3.8813715874945E-03
3.89331054992003E-03
3.90518583383896E-03
3.91699713648276E-03
3.92874415715619E-03
3.94042659723433E-03
3.95204416015961E-03
3.96359655143907E-03
3.18006678291325E-03
3.18920372111612E-03
3.19828782510763E-03
3.20731886587884E-03
4.02037077007778E-03
4.03152606241222E-03
3.23409134339123E-03
3.24290787399233E-03
3.2516702209131E-03
3.26037816496626E-03
3.26903148859564E-03
3.27762997587465E-03
4.10771676563105E-03
4.11832698226808E-03
4.1288678559464E-03
4.13933912488805E-03
4.97968863521225E-03
4.16007181159031E-03
4.17033271593126E-03
4.18052298869335E-03
4.19064237822624E-03
4.20069063490098E-03
4.21066751110878E-03
3.37645820900781E-03
4.23040614178188E-03
4.24016741111975E-03
4.24985632973362E-03
5.11136719211805E-03
5.97662263338356E-03
5.98988126246636E-03
6.00303728730449E-03
6.01609038663175E-03
6.02904024199625E-03
6.04188653775934E-03
6.05462896109462E-03
4.33376228713354E-03
0.004342714966594
4.35159279316664E-03
3.48831644114603E-03
3.49529842238274E-03
2.62666500683771E-03
2.63181077536945E-03
2.63691099794278E-03
2.64196555132046E-03
2.64697431346736E-03
2.65193716355014E-03
2.65685398193712E-03
2.66172465019807E-03
2.66654905110404E-03
2.6713270686272E-03
2.67605858794071E-03
2.68074349541857E-03
1.7902544524237E-03
2.68997302636703E-03
2.69451742858898E-03
2.69901477647782E-03
2.70346496241039E-03
3.61049050661854E-03
3.61629789855451E-03
3.62204198699217E-03
2.72079197612673E-03
3.63333970658935E-03
4.5486163354476E-03
4.55547823480872E-03
4.56226016795189E-03
4.5689619735095E-03
3.66046679369157E-03
3.66569965312027E-03
2.75315102460081E-03
2.75697885753153E-03
2.7607581478139E-03
3.68598507444012E-03
3.69089432421722E-03
3.69573849679461E-03
2.77538810811364E-03
2.7789233649013E-03
2.78240955934531E-03
2.78584660903314E-03
1.85948962183567E-03
2.79257295049643E-03
2.79586208345341E-03
2.79910175401746E-03
2.8022918857833E-03
2.80543240354742E-03
2.80852323330825E-03
2.81156430226624E-03
2.81455553882402E-03
2.81749687258654E-03
2.82038823436116E-03
1.88215303743855E-03
1.88401384745946E-03
1.88584120924715E-03
1.8876350798806E-03
1.88939541724087E-03
1.89112218001118E-03
1.89281532767702E-03
2.84171223078937E-03
2.84415092947373E-03
2.84653903040787E-03
0.00189925098509
1.90077547760163E-03
1.9022661287745E-03
1.90372290371254E-03
1.90514576832271E-03
1.90653468931504E-03
2.86183445130413E-03
2.86381585695354E-03
2.86574620460057E-03
2.86762544913017E-03
2.86945354663259E-03
2.87123045440353E-03
2.87295613094421E-03
2.87463053596152E-03
2.87625363036816E-03
2.87782537628271E-03
2.8793457370298E-03
2.88081467714017E-03
2.88223216235081E-03
1.92239877307005E-03
1.9232750913685E-03
2.88617556405017E-03
2.88738691116035E-03
2.88854665015303E-03
2.88965475400478E-03
2.8907111968991E-03
3.85562127230202E-03
3.85689200344616E-03
4.8226171996303E-03
4.82403314136533E-03
4.82536279654498E-03
4.82660613421375E-03
4.82776312542852E-03
4.82883374325866E-03
4.82981796278616E-03
4.83071576110563E-03
4.83152711732449E-03
4.83225201256292E-03
4.83289042995404E-03
4.83344235464389E-03
4.8339077737915E-03
5.80114401188273E-03
4.83457905416138E-03
4.83478489976707E-03
3.86792336687793E-03
2.90096218672616E-03
2.90092992410601E-03
3.86779431739801E-03
2.90070963051207E-03
3.86736213955063E-03
3.86704221983387E-03
3.86665308897519E-03
2.89964606702081E-03
2.89925042374135E-03
2.89880289609849E-03
3.86440465934064E-03
4.82958705097212E-03
4.82858186193419E-03
4.82749028045582E-03
3.86104986555478E-03
3.86003843505294E-03
4.82369744550541E-03
5.78671268214607E-03
6.74903242456976E-03
6.74677935956123E-03
6.74440565328394E-03
8.6681717498919E-03
8.66480983829506E-03
7.69892714721514E-03
7.69566350116155E-03
6.73072953655944E-03
7.68872370549956E-03
0.007685047717668
8.64138875593105E-03
7.67728399057682E-03
7.67319643239768E-03
6.71035038672627E-03
6.70653410314847E-03
0.007660112133357
5.74160787362532E-03
4.78169100391068E-03
4.77862348066911E-03
4.77547072995784E-03
5.72667939053675E-03
5.72269181138002E-03
5.71860223170455E-03
7.6192143295276E-03
1.04685486688724E-02
1.04604911729409E-02
1.04522474038896E-02
1.04438175547186E-02
1.13838565340115E-02
1.32699641583048E-02
0.012311488708673
1.32468526544892E-02
1.32349434905602E-02
1.32227990892088E-02
1.32104197353996E-02
1.41405061282636E-02
1.50685226723925E-02
1.50535713064016E-02
1.40984557407963E-02
1.31450090463054E-02
1.59450604785306E-02
1.59280415716505E-02
1.49748144743566E-02
1.58931573079625E-02
1.40076112700382E-02
1.02605070080387E-02
1.02485841767058E-02
1.11670691475469E-02
1.11536671846947E-02
0.011140068075159
1.01990827951339E-02
1.01862563968616E-02
1.10980911025382E-02
1.10837066663798E-02
1.10691267376164E-02
1.19755476332655E-02
1.19593302703221E-02
9.18684789332665E-03
1.00914541503597E-02
9.1610891298434E-03
9.14796790775862E-03
9.13468587304802E-03
9.12124334141555E-03
0.010018404695823
9.09387807020673E-03
9.98795158024822E-03
1.26922245797002E-02
1.17671249268841E-02
1.35558538497317E-02
1.35340185983025E-02
1.35119466059923E-02
1.25903291736784E-02
1.25692882140051E-02
1.25480277901737E-02
2.14740829909492E-02
2.14368867299148E-02
1.96160404844978E-02
1.95812598478532E-02
1.77692167526203E-02
0.019510677068786
2.03600982882802E-02
2.29730539457053E-02
2.29299459183012E-02
2.20061925380063E-02
2.02068605023082E-02
2.10445293574899E-02
0.02100327493344
1.92148525985931E-02
2.17913309432201E-02
2.26171150033382E-02
2.34389655776297E-02
0.022524207517908
2.24771714659415E-02
1.98417007988202E-02
2.23819404614051E-02
1.54618254189102E-02
0.01628531800127
1.62495411242541E-02
1.45068032298521E-02
1.36228660196549E-02
1.27425349895513E-02
0.011865854460416
0.012684079118723
1.18108914801716E-02
1.17831080462316E-02
1.09154724952873E-02
1.00516634636417E-02
9.19172428944999E-03
1.00028377397146E-02
7.48362789183858E-03
8.29444545557943E-03
9.10096955835707E-03
9.90315878397576E-03
9.87782024130663E-03
9.85231542874034E-03
1.06455320623156E-02
9.80080953608192E-03
8.96024226099686E-03
9.74864623912694E-03
9.72231968951045E-03
8.88784485340575E-03
8.86341507494173E-03
8.83883765949981E-03
8.01283020401888E-03
7.19119832035934E-03
7.17073018956336E-03
7.15014330739604E-03
7.92159799302545E-03
7.8984615245695E-03
7.08767536984123E-03
7.06661871789772E-03
6.26261862310064E-03
6.24369565114799E-03
6.22467042641256E-03
6.98123636339598E-03
6.95960455821574E-03
6.93785936754673E-03
6.91600134851284E-03
6.89403106199466E-03
6.87194907263575E-03
6.84975594884919E-03
6.06884645584373E-03
5.29280779263681E-03
5.27528984246296E-03
5.25768725222152E-03
5.24000047875165E-03
5.96826283640895E-03
5.94785854207544E-03
6.66827957813133E-03
6.64511244851267E-03
6.62184007748761E-03
7.33162563935471E-03
7.30553561837115E-03
8.00726378091594E-03
7.2530116051025E-03
7.22657899932298E-03
9.36004367003648E-03
9.32538891471042E-03
8.57592863458679E-03
7.83170038960581E-03
6.38346428975375E-03
6.35907540197944E-03
6.33458885431523E-03
6.31000530415671E-03
6.28532541289224E-03
5.56493319636938E-03
5.54282602012336E-03
5.52063499244957E-03
5.49836071556065E-03
5.47600379527753E-03
5.45356484104221E-03
5.43104446593081E-03
5.40844328666695E-03
5.38576192363543E-03
5.36300100089634E-03
5.34016114619938E-03
5.31724299099863E-03
4.6324662741592E-03
4.61227753307555E-03
5.24802509279961E-03
5.22480012474792E-03
4.55131256087335E-03
5.17812558127471E-03
4.51034265298011E-03
4.48976144792343E-03
0.006384452643962
6.35487063892364E-03
6.32519975209234E-03
7.55452899595147E-03
6.2655947239307E-03
6.23566229035069E-03
7.4467732686361E-03
8.0282044580034E-03
8.60349792735822E-03
8.56112121449371E-03
8.51862974251271E-03
8.47602475258889E-03
8.43330749308581E-03
9.58911910811413E-03
9.54004708000476E-03
8.89767288160008E-03
1.00316283336218E-02
1.29141278410409E-02
1.22620756503183E-02
1.16160707443537E-02
1.09761370389108E-02
1.20660144336271E-02
1.20003599113023E-02
1.19345583139011E-02
0.012998955615405
1.23645467893746E-02
1.28540332237495E-02
1.27813425938238E-02
1.32610455696977E-02
1.37342540424398E-02
1.42009513216634E-02
1.41181166425719E-02
1.40351227716878E-02
1.23421293682241E-02
1.28018473396361E-02
1.21946108712202E-02
1.15936683166074E-02
1.20465665142249E-02
1.24928901721958E-02
1.24153203599237E-02
1.23376233609464E-02
1.22598017125959E-02
1.11667031369903E-02
1.10951451364906E-02
1.10234799370711E-02
9.45829493260051E-03
8.90168521831698E-03
8.84279867815327E-03
8.78383230194075E-03
9.20949853767772E-03
9.14709405113492E-03
9.08461166193132E-03
8.54720859760626E-03
8.01632475736792E-03
7.9602219435009E-03
8.36900173496416E-03
1.01560185061582E-02
1.23748143765634E-02
1.27403477340953E-02
1.30991609503614E-02
1.34512480740425E-02
1.33515519235371E-02
1.36934970342857E-02
1.22751159228618E-02
1.17467742354486E-02
1.12250314641817E-02
1.15666898952337E-02
1.23266722884973E-02
1.18080853575223E-02
1.21328766156878E-02
1.20358977522557E-02
1.23505549849096E-02
1.26584721829792E-02
1.33646378421355E-02
2.04835857637631E-02
2.03126715391765E-02
2.05366397780678E-02
1.95791089781798E-02
2.01878668961272E-02
1.42403234185402E-02
1.41161846951356E-02
1.36138696292391E-02
1.34930651213351E-02
1.33722576936986E-02
1.39876442120176E-02
1.42248755755903E-02
1.40940244613771E-02
1.21730395126481E-02
1.20590023018969E-02
1.26476381482893E-02
1.32228961752832E-02
1.27509287873758E-02
0.012626977656849
1.25030774099828E-02
1.30483814354289E-02
1.32491374089707E-02
1.31153928919277E-02
1.33062711943604E-02
1.60601862437097E-02
1.36682618902133E-02
1.38394014689752E-02
1.33815902700824E-02
1.38541717941273E-02
0.013095398320188
1.26512789241169E-02
1.78740594076352E-02
1.67913167836545E-02
1.60199402378314E-02
0.017277754087749
1.39482155245077E-02
1.46305374423545E-02
1.41810514521863E-02
1.40131509723588E-02
1.41169687964275E-02
9.92330830852461E-03
1.08617161546352E-02
1.09891952500653E-02
1.16271227936958E-02
1.35213120419316E-02
1.53636711061295E-02
1.51654414468273E-02
1.49675875770955E-02
1.50122545007689E-02
0.014811957327455
0.019561331090307
1.92943284346487E-02
1.92571714884814E-02
1.92142203988773E-02
1.91655149977173E-02
1.88914283558619E-02
1.86180282536719E-02
1.55722012747109E-02
1.34499431665714E-02
1.28340946749202E-02
1.26391055176087E-02
1.32475612448149E-02
1.30412042985801E-02
1.80863522967966E-02
0.017223260407736
1.67562255811457E-02
1.66666548027191E-02
1.76645113808908E-02
9.31020332139679E-03
7.74344192054565E-03
7.43656811405371E-03
7.64599518506364E-03
8.5114025546136E-03
7.86630838002179E-03
7.56158542226428E-03
8.05293166822462E-03
8.21124557026301E-03
1.09418892874102E-02
1.49025458708465E-02
1.31484380980923E-02
1.05950132036114E-02
1.03801302323999E-02
1.00289274148578E-02
9.8190658614453E-03
9.21535105617775E-03
8.62981590630545E-03
8.56623872929328E-03
8.1286129349719E-03
6.7403636091465E-03
3.76265306950715E-03
3.44456794585056E-03
2.8018005248721E-03
2.73356241580079E-03
2.77239774045993E-03
2.49448574638381E-03
2.53153750451626E-03
2.36651522548979E-03
2.39917873914008E-03
1.86697781811161E-03
1.72425712027472E-03
1.67526715049166E-03
1.88350780823242E-03
1.66153692274299E-03
1.61121775902903E-03
1.40519681248767E-03
1.36069251658315E-03
1.31658998103557E-03
1.20217972555793E-03
1.16130605612535E-03
1.25269441090457E-03
1.46221001432958E-03
1.34731782986755E-03
1.36238328571143E-03
1.29219668019751E-03
1.22290659690653E-03
1.15452619162875E-03
1.08706882341974E-03
1.1339422837081E-03
1.17967827959738E-03
1.1129644929059E-03
1.15744167035972E-03
7.64109403386711E-04
7.02482237488637E-04
7.4885689445286E-04
7.41121424561474E-04
6.80932822041181E-04
6.21796105692352E-04
5.63726710442072E-04
5.57414287893423E-04
5.51042031164815E-04
4.9509953782595E-04
4.40276922418517E-04
4.34914249971214E-04
4.29501248630799E-04
4.71152911373382E-04
4.65025653941809E-04
4.12957401410248E-04
4.97860407091635E-04
4.46301874103534E-04
4.39945885549087E-04
4.33532259066065E-04
4.27060891008219E-04
4.20531723114587E-04
3.72550271809293E-04
4.07300005660445E-04
3.60537843116606E-04
3.54453935001826E-04
4.25722600399897E-04
4.18161075071409E-04
4.47858901369845E-04
4.39474772570744E-04
3.95105344102131E-04
3.87298467623969E-04
3.44938270999494E-04
3.71507216494407E-04
4.95715829921205E-04
4.84754375860762E-04
4.73718334645863E-04
5.242912062914E-04
4.81526900599744E-04
4.40185783222428E-04
3.43100659592057E-04
3.34003919645741E-04
3.24861319076708E-04
3.1567605640988E-04
3.31989272858739E-04
3.21957882717456E-04
3.11892755056549E-04
3.48229414342997E-04
3.589925692193E-04
3.24861337885054E-04
3.34031056920997E-04
3.41633990465708E-04
3.09048303257526E-04
2.96572158911488E-04
2.84120012494442E-04
2.71703237408921E-04
2.43125671759822E-04
1.85269162566556E-04
1.6141933654437E-04
1.66985754496952E-04
1.44793869593221E-04
1.36601815908915E-04
1.16824121195331E-04
9.86082357763648E-05
1.02417857492496E-04
9.53968773585925E-05
7.96641531945824E-05
7.36100943257071E-05
6.01854901074667E-05
4.82020319981671E-05
4.38827947690284E-05
3.97161475516492E-05
3.57137900497271E-05
3.64427941181369E-05
3.2284236783678E-05
2.83529850902554E-05
2.77439970565264E-05
2.65258299289992E-05
2.02962709330179E-05
1.51312352694344E-05
1.40595883057425E-05
1.14114799529286E-05
1.0088046108788E-05
8.62864128777612E-06
7.12738781391729E-06
5.23186294166839E-06
3.70273809852964E-06
2.50926080819151E-06
1.74865238752299E-06
1.13707130881937E-06
5.4434079559778E-07
2.987343854295E-07
1.33641538698329E-07
4.30287639084281E-08
1.31904410066473E-08
3.00219016536911E-09
5.27188820378678E-10
3.48899190466233E-11
9.73067377648946E-13
4.41567496295069E-15
4.19004110410392E-19
3.83716654807209E-27
4.51904268651345E-52
0
0
0
0
0
0
0
0
0
0
0
0
0
0
0
0
0
0
0
0
0
0
0
0
0
0
0
0
0
0
0
0
0
0
0
0
0
0
0
0
0
0
0
0
0
0
0
0
0
0
0
0
0
0
0
0
0
0
0
0
0
0
0
0
0
0
0
0
0
0
0
0
0
0
0
0
0
0
0
0
0
0
0
0
0
0
0
0
0
0
0
0
0
0
0
0
0
0
0
0
0
0
0
0
0
0
0
0
0
0
0
0
0
0
0
0
0
0
0
0
0
0
0
0
0
0
0
0
0
0
0
0
0
0
0
0
0
0
0
0
0
0
0
0
0
0
0
0
0
0
0
0
0
0
0
""
