0
0
0
0
0
0
0
0
0
0
0
0
0
0
0
0
0
0
0
0
0
0
0
0
0
0
0
0
0
0
0
0
0
0
0
0
0
0
0
0
0
0
0
0
0
0
0
0
0
0
0
0
0
0
0
0
0
0
0
0
0
0
0
0
0
0
0
0
0
0
0
0
0
0
0
0
0
0
0
0
0
0
0
0
0
0
0
0
0
0
0
0
0
0
0
0
0
0
0
0
0
0
0
0
0
0
0
0
0
0
0
0
0
0
0
0
0
0
0
0
0
0
0
0
0
0
0
0
0
0
0
0
0
0
0
0
0
0
0
0
0
0
0
0
0
0
0
0
0
0
0
0
0
0
0
0
0
0
0
0
0
0
0
0
0
0
0
0
0
0
0
0
0
0
0
0
0
0
0
0
0
0
0
0
0
0
0
0
0
0
0
0
0
0
0
0
0
0
0
0
0
0
0
0
0
0
0
0
0
0
0
0
0
0
0
0
0
0
0
0
0
0
0
0
0
0
0
0
0
0
0
0
0
0
0
0
0
0
0
0
0
0
0
0
0
0
0
0
0
0
0
0
0
0
0
0
0
0
0
0
0
0
0
0
0
0
0
0
0
0
0
0
0
0
0
0
0
0
0
0
0
0
0
0
0
0
0
0
0
0
0
0
0
0
0
0
0
0
0
0
0
0
0
0
0
0
0
0
0
0
0
0
0
0
0
0
0
0
0
0
0
0
0
0
0
0
0
0
0
0
0
0
0
0
0
0
0
0
0
0
0
0
0
0
0
0
0
0
0
0
0
0
0
0
0
0
0
0
0
0
0
0
0
0
0
0
0
0
0
0
0
0
0
0
0
0
0
0
0
0
0
0
0
0
0
0
0
0
0
0
0
0
0
0
0
0
0
0
0
0
0
1.98556532594168E-36
8.99190363299126E-19
3.30590309645853E-13
1.90886002271094E-10
6.39840591425325E-09
8.14333902880106E-08
4.66444652187591E-07
1.76999052867198E-06
5.55794084759393E-06
1.31420582660522E-05
1.50642144902933E-05
2.64338745842315E-05
4.00932353352348E-05
6.02440322272803E-05
8.57208749607373E-05
1.20899441632191E-04
1.64792079865839E-04
2.1760808373509E-04
2.79749465547047E-04
3.19545172605597E-04
3.2805871813874E-04
4.29096458106612E-04
4.9301711011857E-04
6.02909195346551E-04
7.01800457524445E-04
8.08532795557119E-04
9.2295844886688E-04
1.12230894551978E-03
1.17419721296296E-03
1.35916988945703E-03
1.50784757477516E-03
1.60409023535721E-03
1.69548717323454E-03
1.99485084064562E-03
2.79013513124889E-03
2.9393171518847E-03
3.35468654540505E-03
3.7071418841487E-03
4.29026520956128E-03
4.81224952501783E-03
6.32639192332888E-03
6.73063767702789E-03
7.27855509369418E-03
1.01348397196589E-02
1.07107422192813E-02
1.01834268847384E-02
6.53328279229847E-03
6.69035963829682E-03
6.83526193747574E-03
7.35448571281878E-03
6.68131319345366E-03
6.9797271020243E-03
7.06121820128115E-03
1.81643278911705E-02
0.018904545734718
1.96527141278263E-02
8.78341505377569E-03
9.37985585102018E-03
9.72108655101597E-03
9.77773970369096E-03
1.01149406761821E-02
1.07623286810325E-02
1.14324478320808E-02
1.17977005500179E-02
1.18275471291005E-02
1.25356761441728E-02
1.29082002155779E-02
1.21760421155125E-02
1.25215288264858E-02
0.012868896456712
1.60218996297362E-02
1.72695928863087E-02
1.68745693194351E-02
1.86016155313758E-02
2.08385381837308E-02
2.18013391924105E-02
1.90673788060879E-02
0.025225967015486
2.77535063811485E-02
2.68856388028117E-02
2.69714708770922E-02
0.036915910382584
3.77024743930893E-02
3.79490454456036E-02
3.92819039840057E-02
4.79765837683305E-02
5.00789597862449E-02
5.10545891914038E-02
5.02380012664032E-02
5.97143569245652E-02
6.20609270919938E-02
5.81354897709539E-02
4.05230895913724E-02
3.99279486055766E-02
4.32838263980853E-02
2.77679874939782E-02
2.96117067596372E-02
3.08014531181843E-02
2.84573198855662E-02
2.81908866054673E-02
2.79019858190987E-02
3.95216043078882E-02
3.93705463465054E-02
2.92055686177562E-02
3.19806091934249E-02
3.24501388005212E-02
8.02922558561207E-02
8.14381291024281E-02
8.25842172312847E-02
8.37304394626724E-02
8.48767166861165E-02
8.60229714038112E-02
8.71691276761034E-02
8.83151110692249E-02
8.94608486051709E-02
9.06062687136237E-02
9.17513011858315E-02
7.33877429329766E-02
7.52319431444526E-02
7.61467121631332E-02
7.51344326949358E-02
7.21265283667294E-02
9.86095847364894E-02
9.97500434194947E-02
0.100889596856067
0.102028185297658
0.103165749985965
0.104302233123298
0.105437577844081
0.106571728187437
0.107704629070811
0.108836226264596
0.109966466367693
0.111095296784003
0.11222266569978
0.113348522061824
0.114472815556482
0.115595496589409
0.116716516266079
0.117835826372989
0.118953379359556
0.120069128320656
0.12118302697979
0.122295029672854
0.123405091332482
0.124513167472939
0.125619214175553
0.121654260551661
0.126546795880534
0.128924746683612
0.130022247307321
0.131117506930325
0.132210484757524
0.133301140472101
0.134389434224522
0.135475326621902
0.136558778717736
0.137639752001975
0.138718208391424
0.13979411022048
0.140867420232156
0.141938101569417
0.143006117766798
0.095087145609912
0.103045147660552
0.108183424261873
0.098658046121286
0.093432132217829
0.120978564360206
7.67063575952412E-02
7.42105242492793E-02
5.64222247328468E-02
5.83421368769197E-02
5.87359678564804E-02
5.75726137901711E-02
5.63874747870455E-02
5.51806329503427E-02
5.71258289141822E-02
5.90903185653328E-02
0.054645152652455
6.14593942720926E-02
6.18435430798253E-02
0.101527331773071
8.89693216691392E-02
9.11673746467162E-02
0.108391602400897
0.122457733069873
0.107994149065529
0.161241503872952
0.170711413717774
0.171691374615017
0.172667753729705
0.173640523519606
0.12222675967095
0.124658339534254
0.153587107310568
0.150870721596591
0.151681891887149
0.148901861155343
0.149687665571654
0.150470298047459
0.151249737358628
0.164847429164915
0.163844659849496
0.160969587177332
0.161772982706936
0.158835614034319
0.159613767594861
0.145293115114104
0.145991820595459
0.142877331305236
0.143551768413311
0.132685269493077
0.133300056426275
0.139734231477631
0.146218478184932
0.133168760928625
0.116059269122994
0.110645128204447
0.154788092399695
0.155459976613444
0.158130140107543
0.158803798633348
0.127175477801323
0.162167861175484
0.162839529239926
0.171683040517378
0.174432994069791
0.173074890400237
0.171696537927819
0.172374860126423
0.173049424898458
0.173720215640766
0.159679860325623
0.162396162827424
0.179943750222778
0.184864843897376
0.18554792610697
0.173383712868473
0.158974031331022
0.15954464840248
0.108183630174973
9.77080077023582E-02
9.36908917989472E-02
9.18279217060122E-02
9.21417965277812E-02
9.02523734154548E-02
8.39288602629509E-02
8.64233203813483E-02
0.155628360687962
0.151673538263352
0.179014011624083
0.181829442525504
0.180151312221883
0.178455105770748
0.183538687900101
0.186373228642743
0.186937761654062
0.187498183446274
0.188054480920778
0.188606641094971
0.19146141513974
0.189698498190005
0.190238169722683
0.197753177074863
0.198303897227474
0.201189665187619
0.201738015068762
0.148183267887129
0.141503282214481
0.163158003706607
0.165954415036974
0.166382560412264
0.147743377190535
0.148116087183189
0.155670315913429
0.165657540997275
0.166061401924395
0.166461601235422
0.224895740186806
0.242392722674253
0.242956722891846
0.243515364393969
0.244068634511593
0.244616520710231
0.24515901058975
0.245696091884192
0.246227752461602
0.246753980323855
0.247274763606501
0.237878486955457
0.240850951153306
0.169186943947182
0.189470445924603
0.227314910920833
0.227758876368252
0.230705483363681
0.178382988134575
0.178717589939834
0.184091859646236
0.1819013598642
0.192352465200038
0.172410146839827
0.172711650622465
0.134845516494041
0.145268870640456
0.155723366151409
0.240362803761369
0.199773887958716
0.19752807995555
0.149021671088265
0.180132529728482
0.175252846398485
0.191002638274434
0.204209370815548
0.207094695202836
0.181466704093263
0.173933477607739
0.17157395046378
0.179616051185876
0.156395974543931
0.164430657151517
0.162028547365755
0.14653291578954
0.186012686180074
0.191484615870231
0.189086325439072
0.186677674699393
0.15003933533246
0.142301715266067
0.105524267383073
0.102996589141961
0.100461032550842
0.100564196479429
0.10596330577218
0.111370584704544
0.108823019915674
0.114238135170967
0.103705796760891
9.84749994925001E-02
0.106551648117714
9.06452625559102E-02
9.60560718064284E-02
0.096132686533151
0.0988796009786
0.101628412381383
0.104378942066915
0.096417910113365
8.57634661281431E-02
8.85021124900232E-02
8.85586971300491E-02
8.32428224563502E-02
8.86660013018516E-02
0.190875364034145
0.131803284927909
0.121107651230335
0.12116879641171
0.126615145856703
0.123978241820941
0.199530609118961
0.269748048585827
0.269854185513503
0.269954366742366
0.270048590092776
0.270136853514981
0.232388473376638
0.232454124001657
0.235218303126874
0.221752822607489
0.270488709053235
0.270541177134633
0.270587674576109
0.270628200366891
0.270662753626071
0.270691333602603
0.270713939675302
0.270730571352839
0.270741228273747
0.270745910206415
0.27074461704909
0.270737348829875
0.270724105706734
0.270704887967485
0.270679696029805
0.270648530441232
0.270611391879161
0.270568281150847
0.270519199193411
0.270464147073834
0.270403125988962
0.270336137265511
0.270263182360064
0.270184262859077
0.270099380478879
0.267308451695022
0.269911734595564
0.269808975174507
0.26970026103837
0.269585594552906
0.269464978213765
0.269338414646501
0.269205906606572
0.269067456979351
0.233963069838713
0.233832288284089
0.23101018086378
0.238924331318552
0.241457575604956
0.241300947450974
0.241138993320594
0.238294253226854
0.224745846618896
0.224579796915054
0.248452589086724
0.248257776111319
0.242722913807379
0.215870848681871
0.202372862142588
0.186232945634082
0.178091477896618
0.180583125132564
0.156534552347813
0.140479852399191
0.137692879482256
0.1375534303021
0.140053462828101
0.11878738761107
0.134480013549513
0.134331352462027
0.142072651015804
0.141908968980672
0.131242735383724
0.207114900374824
0.112595612454516
0.11245531246586
8.35814176056925E-02
8.86903978928686E-02
8.85735816331525E-02
9.36580341189503E-02
9.61282696407902E-02
9.08058644090749E-02
9.06775772020989E-02
9.05472881696562E-02
8.78317144708964E-02
9.28601652237111E-02
9.52955499453264E-02
7.97197523873983E-02
7.70279297061077E-02
8.45966126338221E-02
8.95794614315569E-02
8.43227929845824E-02
8.92850948775906E-02
8.65882405393112E-02
8.64404774958707E-02
8.62908063239389E-02
0.086139230355747
0.075869782030879
0.247393441270247
0.216702566454756
0.203724402512823
0.200830349028189
0.202952566247771
0.200059184958402
0.20216281275357
0.226670034049994
0.226213881066728
0.188540746542348
0.188151453827475
0.187758009305196
0.187360421833524
0.118079179182238
0.130096069223731
0.146954914597954
0.141740417678442
0.14142129115063
0.14353178724372
0.157763614507668
0.142866693018914
0.176349955293434
0.173518774413806
0.17069536012198
0.170278165147553
0.17224957118439
0.1718188959341
0.190427148065828
0.189940214560474
0.189449095014029
8.03053652953287E-02
7.77374164797441E-02
7.98790616784497E-02
7.96632679589322E-02
8.41189972073037E-02
8.38867993188804E-02
8.13290666301513E-02
8.10997322079074E-02
8.78002078562218E-02
9.21551004225748E-02
8.04010387346038E-02
7.55837615258808E-02
8.22099999626095E-02
7.96864241817262E-02
7.94447071576628E-02
7.69383507726293E-02
6.99324914624407E-02
0.071962604650196
7.84604295192904E-02
7.59754641838745E-02
7.35031875326286E-02
7.77041040163814E-02
7.96613926739671E-02
8.82186843657331E-02
8.57247054423696E-02
8.76249369172776E-02
6.98601422306992E-02
7.17943912901918E-02
7.15439377640186E-02
7.34522782336921E-02
7.53436890473727E-02
6.00584716333728E-02
5.77035108332396E-02
5.53628913611514E-02
5.51582285239984E-02
5.49523602280593E-02
5.89564677560313E-02
5.87321833085157E-02
5.64170949700033E-02
5.61983538662399E-02
5.18318401839004E-02
5.16270379507192E-02
5.14211111977893E-02
4.30198146198248E-02
3.46840151056742E-02
3.45417118056359E-02
0.042492459716964
4.23148231866624E-02
0.036116801375359
0.03796091379817
3.38190077046186E-02
3.36722548110176E-02
3.35247731762558E-02
3.33765665515516E-02
3.32276387177209E-02
3.50237578080871E-02
3.68014740712967E-02
3.85606661395977E-02
3.83821081846447E-02
3.82027245209162E-02
3.99236458021478E-02
3.97335736945766E-02
4.14256327032757E-02
4.30985805878761E-02
3.72935850827291E-02
4.26757483591193E-02
4.43091785257276E-02
4.22492716983549E-02
4.20346809074052E-02
4.54556479801443E-02
4.52204600094286E-02
4.49843130028974E-02
4.29573248408121E-02
4.45091675959496E-02
4.42701821838841E-02
5.10751059081989E-02
0.049044149072581
4.18057480031949E-02
3.98405783972993E-02
3.78940255380708E-02
3.59662039271557E-02
2.89486429636669E-02
3.21672071952617E-02
2.69300051403298E-02
2.67712781303393E-02
2.49487481499191E-02
2.31456482644979E-02
2.30053224121459E-02
2.28645248264163E-02
2.43463496291879E-02
2.41944975837582E-02
2.56449637946303E-02
0.027074565062273
2.69008089053508E-02
0.028298658523625
2.81135394479857E-02
0.069819644707115
6.78128478184201E-02
7.04178995886244E-02
6.53779067799233E-02
5.73792024734923E-02
0.053982430638732
0.053604562323407
7.68814968301198E-02
7.78006299265422E-02
6.41235863187577E-02
5.35295329522815E-02
5.02637262057713E-02
5.13158967725191E-02
4.81014943730975E-02
5.89693271142135E-02
5.85180638161418E-02
5.94482358192052E-02
5.89840291163015E-02
5.57969450185731E-02
5.53522946353942E-02
5.35674640176976E-02
5.44600290135877E-02
5.26950693203273E-02
5.22574811298305E-02
5.31144619420221E-02
5.52330744232137E-02
6.36741853653743E-02
6.31227957454763E-02
6.38217646975921E-02
0.063257230143933
6.02331733650711E-02
5.35981319607377E-02
5.67295204536892E-02
5.62056090093614E-02
0.059234933299767
5.98492890978649E-02
5.92780605546005E-02
6.90658479199953E-02
6.26924988283666E-02
7.33599005080588E-02
0.069275618227743
6.63641161644637E-02
6.24021255646525E-02
5.30898238327781E-02
5.14629173537088E-02
5.09188621137967E-02
4.82752927545594E-02
5.29433265381738E-02
5.23634777953025E-02
5.07677354522076E-02
6.82695910974454E-02
0.082382899010436
7.84925384783169E-02
0.076609478577499
8.04985594345465E-02
8.33258985362895E-02
8.23194205777864E-02
8.13124481101643E-02
8.66929409261752E-02
9.01105184982854E-02
8.89649522951422E-02
6.76207065948607E-02
6.76049651224384E-02
6.58556545573705E-02
4.30340806172176E-02
0.042449486473978
4.26858188700435E-02
4.45181594434941E-02
3.11205777976021E-02
0.030673863570576
2.94522533578404E-02
3.43626449745427E-02
3.46000644107364E-02
3.40741848996217E-02
4.08418513152598E-02
5.45606383452661E-02
5.44002853904314E-02
5.35228541645915E-02
5.26463265584964E-02
5.04260876051381E-02
5.15572980392375E-02
0.050672631804737
5.48958072720629E-02
5.45502879531217E-02
5.04894259723922E-02
4.95652502439772E-02
4.86427896847516E-02
4.77221500652024E-02
4.68034401052843E-02
4.53271768205677E-02
4.44238173382525E-02
0.043522704877888
4.20977380238269E-02
4.12125489748883E-02
4.03299464242458E-02
3.99431860017099E-02
3.90551871335095E-02
3.76989767262257E-02
3.63677091105785E-02
3.68594312152265E-02
3.64123188759864E-02
3.59473667096406E-02
3.46304133831598E-02
3.57783264263642E-02
3.48445669860562E-02
3.39155012638242E-02
3.44909388059897E-02
0.036081306129977
3.50533544885617E-02
3.43754024686699E-02
3.33499506203084E-02
3.23313486327025E-02
3.13198819684033E-02
3.03158466051183E-02
2.93195495088661E-02
0.028331309126354
2.73514558965554E-02
2.63803327812508E-02
2.54182958140429E-02
2.44657146670356E-02
1.64660812637882E-02
2.25904702282278E-02
2.16686197931757E-02
2.07578521223388E-02
1.98586140851299E-02
1.89713698535488E-02
1.80966015236523E-02
1.72348097241921E-02
1.63865142029901E-02
1.55522543794408E-02
1.47325898489081E-02
0.013928100821646
9.06617804782967E-03
1.07593554188336E-02
9.98615201391739E-03
9.35184795153359E-03
8.63181156057531E-03
8.03675226845464E-03
7.10755403345164E-03
6.57321656133064E-03
6.05615511642702E-03
5.69420591713021E-03
5.13904577883274E-03
3.53241563493606E-03
3.55503649697719E-03
3.56684110005564E-03
3.18650598280455E-03
2.8267854076672E-03
2.45591337726705E-03
2.1713438099668E-03
2.07156106740266E-03
1.77104481495695E-03
1.24936921524998E-03
1.09924622000885E-03
7.93070013975912E-04
6.67521793398285E-04
5.7201421867411E-04
4.40051799683825E-04
3.20151475929877E-04
1.90070374528474E-04
1.27861075904511E-04
8.78906161899657E-05
5.49040875648298E-05
3.11601275297245E-05
1.7952064125969E-05
8.91780578057562E-06
6.3080109146757E-06
1.99631459536007E-06
4.43453768733571E-07
5.70030773510505E-08
2.94431443419413E-09
2.79683456829069E-11
6.33791426836138E-15
1.96421695984098E-23
6.06813778713586E-66
0
0
0
0
0
0
0
0
0
0
0
0
0
0
0
0
0
0
0
0
0
0
0
0
0
0
0
0
0
0
0
0
0
0
0
0
0
0
0
0
0
0
0
0
0
0
0
0
0
0
0
0
0
0
0
0
0
0
0
0
0
0
0
0
0
0
0
0
0
0
0
0
0
0
0
0
0
0
0
0
0
0
0
0
0
0
0
0
0
0
0
0
0
0
0
0
0
0
0
0
0
0
0
0
0
0
0
0
0
0
0
0
0
0
0
0
0
0
0
0
0
0
0
0
0
0
0
0
0
0
0
0
0
0
0
0
0
0
0
0
0
0
0
0
0
0
0
0
0
0
0
0
0
0
0
0
0
0
0
0
0
0
0
0
0
0
0
0
0
0
0
0
0
0
0
0
0
0
0
0
0
0
0
0
0
0
0
0
0
0
0
0
0
0
0
0
0
0
0
0
0
0
0
0
0
0
0
0
0
0
0
0
0
0
0
0
0
0
0
0
0
0
0
0
0
0
0
0
0
0
0
0
0
0
0
0
0
0
0
0
0
0
0
0
0
0
0
0
0
0
0
0
0
0
0
0
0
0
0
0
0
0
0
0
0
0
0
0
0
0
0
0
0
0
0
0
0
0
0
0
0
""
