0
0
0
0
0
0
0
0
0
0
0
0
0
0
0
0
0
0
0
0
0
0
0
0
0
0
0
0
0
0
0
0
0
0
0
0
0
0
0
0
0
0
0
0
0
0
0
0
0
0
0
0
0
0
0
0
0
0
0
0
0
0
0
0
0
0
0
0
0
0
0
0
0
0
0
0
0
0
0
0
0
0
0
0
0
0
0
0
0
0
0
0
0
0
0
0
0
0
0
0
0
0
0
0
0
0
0
0
0
0
0
0
0
0
0
0
0
0
0
0
0
0
0
0
0
0
0
0
0
0
0
0
0
0
0
0
0
0
0
0
0
0
0
0
0
0
0
0
0
0
0
0
0
0
0
0
0
0
0
0
0
0
0
0
0
0
0
0
0
0
0
0
0
0
0
0
0
0
0
0
0
0
0
0
0
0
0
0
0
0
0
0
0
0
0
0
0
0
0
0
0
0
0
0
0
0
0
0
0
0
0
0
0
0
0
0
0
0
0
0
0
0
0
0
0
0
0
0
0
0
0
0
0
0
0
0
0
0
0
0
0
0
0
0
0
0
0
0
0
0
0
0
0
0
0
0
0
0
0
0
0
0
0
0
0
0
0
0
0
0
0
0
0
0
0
0
0
0
0
0
0
0
0
0
0
0
0
0
0
0
0
0
0
0
0
0
0
0
0
0
0
0
0
0
0
0
0
0
0
0
0
0
0
0
0
0
0
0
0
0
0
0
0
0
0
0
0
0
0
0
0
0
0
0
0
0
0
0
0
0
0
0
0
0
0
0
0
0
0
0
0
0
0
0
0
0
0
0
0
0
0
0
0
0
0
0
0
0
0
0
0
0
0
0
0
0
0
0
0
0
0
0
0
0
0
0
0
0
0
0
0
0
0
0
0
0
0
0
0
0
0
0
0
0
0
0
0
0
0
0
0
0
0
0
0
0
0
0
0
0
0
0
0
0
0
0
0
0
0
0
0
0
0
0
0
0
0
0
0
0
0
0
0
0
0
0
0
0
0
0
0
0
0
2.03271283450368E-48
2.10305020885864E-20
1.5736496379977E-13
1.99853999978762E-10
1.20026151542419E-08
1.63762512721053E-07
9.58174013770417E-07
3.80032171246173E-06
1.11218918448935E-05
2.55272538472028E-05
4.94473159934475E-05
8.85591548202477E-05
1.45096317474225E-04
2.16284426902046E-04
3.12860275873789E-04
4.32736868667693E-04
5.76941797285908E-04
7.28079325746316E-04
1.04103685142867E-03
1.2414088974449E-03
1.04449154135716E-03
1.19134766689013E-03
1.36107603837269E-03
1.66385155492362E-03
1.94672074487084E-03
2.25435071011603E-03
2.44097345858355E-03
2.4194584773306E-03
2.66008595067491E-03
2.9555705609688E-03
2.36991917607542E-03
2.27852574925839E-03
2.0854660968933E-03
2.36801936600712E-03
2.60029430066076E-03
2.5442016512499E-03
3.0975800297481E-03
3.27829727061521E-03
3.46027460160723E-03
6.72610167972714E-03
8.04693213329148E-03
8.33216821887766E-03
8.50141875141617E-03
8.87718939757719E-03
9.25348122681314E-03
9.75195075132952E-03
0.010640012564185
1.10403230424426E-02
1.34831924773943E-02
1.40949040010426E-02
1.45696022969114E-02
1.50433062778076E-02
1.55158569390066E-02
1.59871098444826E-02
1.61277951897113E-02
1.69252100363735E-02
1.73918304859293E-02
1.78566974907336E-02
1.83197225880848E-02
1.87808257742835E-02
1.92399347707755E-02
1.77272859183456E-02
0.01793520500989
1.79260681503019E-02
1.83180394040535E-02
1.89230783544199E-02
1.97545312436004E-02
2.01538140591152E-02
2.12360017790041E-02
1.58258464319643E-02
1.70710431037084E-02
1.59349245351689E-02
1.72027898368985E-02
1.97535810854766E-02
1.98363110619566E-02
1.93914803266281E-02
1.89193968283133E-02
0.013081068542642
1.38274538518169E-02
1.65160339978119E-02
0.016762955891498
5.10250690576541E-03
5.17567016386956E-03
4.66522333546731E-03
4.72944446877261E-03
4.79325908958231E-03
4.85666729107582E-03
4.61218993165733E-03
4.6708736896992E-03
4.41389870541647E-03
4.78710080328978E-03
5.16762132235788E-03
4.57502288701067E-03
4.62802393956042E-03
4.68067234999236E-03
4.73296868425292E-03
4.78491353471989E-03
4.83650751633248E-03
4.53862617283899E-03
5.29140581213925E-03
5.70193218717667E-03
5.39934391415957E-03
5.45275400734316E-03
5.87284526944262E-03
5.92902394801524E-03
5.61075728144796E-03
5.6626851712885E-03
5.33329473584069E-03
5.76543558307035E-03
5.81625957265956E-03
6.64894599534483E-03
6.31126266535911E-03
5.96653536683932E-03
6.01589761254561E-03
6.46922259243514E-03
6.11353175516046E-03
5.75101801042933E-03
5.38175439702189E-03
5.42296491504472E-03
5.04356595585535E-03
5.08103035669915E-03
5.54472475180638E-03
5.15509775830179E-03
5.19170171475251E-03
5.66368811130329E-03
5.70272348893359E-03
6.18310014616954E-03
6.66907906025559E-03
6.71305280108491E-03
6.75667189202127E-03
5.89327858855548E-03
5.47427848861195E-03
4.59027079963604E-03
4.15656693610479E-03
4.18167878481861E-03
4.20657952731474E-03
3.7611283712093E-03
4.72860966924947E-03
5.23113264760523E-03
5.26053782838239E-03
5.28968645349218E-03
6.28559311469633E-03
6.31943602015243E-03
7.33035765960414E-03
6.87746258195758E-03
7.4067140136971E-03
6.94807892866053E-03
6.98290040698086E-03
7.51864048089679E-03
7.55525497772495E-03
7.5915227648158E-03
7.62744409931373E-03
7.66301922886242E-03
6.67181527290332E-03
6.18650545393859E-03
6.21413578086273E-03
5.72136570828669E-03
5.74618720930228E-03
5.77075577847847E-03
5.79507155287401E-03
5.29012242161741E-03
5.31176839714662E-03
5.33318490209939E-03
5.35437204088789E-03
5.37532991320228E-03
5.39605861413796E-03
4.33324658745683E-03
0.004349463088026
4.91118351599756E-03
4.38134676173749E-03
4.39701405642391E-03
4.41249839881057E-03
4.4277998419846E-03
4.44291843612473E-03
4.45785422859102E-03
3.91353135601158E-03
3.92628038633053E-03
3.37617392183477E-03
3.95129895577697E-03
3.9635685574827E-03
3.97567840881268E-03
3.41796731660311E-03
3.42807339732215E-03
3.43804261191469E-03
5.17181246734136E-03
5.18635576899495E-03
5.20069384535175E-03
5.21482671692591E-03
5.22875440230543E-03
5.24247691822904E-03
5.25599427966167E-03
5.26930649986837E-03
5.28241359048666E-03
5.29531556159746E-03
4.71823326381727E-03
4.13816991641818E-03
3.55519389119436E-03
3.56324826796462E-03
3.57116591801839E-03
3.57894684278731E-03
3.58659104296883E-03
4.19311493832682E-03
4.80195902523381E-03
5.41305493916442E-03
5.42370088239951E-03
4.83034820399748E-03
5.44437747609621E-03
5.45440811712188E-03
5.46423364683601E-03
5.47385405888593E-03
5.48326934635211E-03
5.49247950179463E-03
4.27893240234318E-03
3.06126910250946E-03
3.06604394150888E-03
3.07070479934107E-03
3.07525167079075E-03
3.07968455049439E-03
3.70080411955377E-03
3.70584997511408E-03
3.71075902045418E-03
3.71553124867365E-03
3.72016665281413E-03
3.10388768823435E-03
4.35053145434313E-03
4.97766913435088E-03
5.60600983289293E-03
4.98838808990314E-03
5.61765807058095E-03
3.74878282068327E-03
3.75232338162064E-03
3.75572705661831E-03
4.38549281242851E-03
4.38914434365332E-03
4.39263615255538E-03
3.76797277042462E-03
4.39914057571716E-03
6.2887902524221E-03
6.29286575545225E-03
5.66704173350313E-03
5.6702988805725E-03
5.67335061408196E-03
5.67619692737488E-03
5.6788378141844E-03
5.68127326864565E-03
6.31500365034124E-03
6.31725317682343E-03
6.31927442839246E-03
6.32106740043465E-03
6.32263208883611E-03
8.22115903698751E-03
9.48761490120779E-03
8.85633898619125E-03
8.85725111831136E-03
9.49054675217157E-03
8.85811653595358E-03
8.22535054663562E-03
8.22501037982916E-03
7.59172931687843E-03
7.59086740476024E-03
6.95725391106459E-03
7.5883217232693E-03
8.21885778979261E-03
7.58468025285285E-03
7.58244860690878E-03
8.21160494601347E-03
8.84002410562182E-03
8.83646177079156E-03
8.83257986846201E-03
8.19777994963852E-03
8.19358186829224E-03
7.55915729686963E-03
8.18429556936424E-03
6.92086777620018E-03
6.28755576151276E-03
6.28318533459405E-03
6.27858670668389E-03
7.52851186464309E-03
7.52244586307327E-03
6.8897638840872E-03
6.25791037826697E-03
6.87738798214724E-03
8.74468457437081E-03
7.48800901551995E-03
7.48030036877498E-03
6.8496248280978E-03
6.84205674702451E-03
6.83423777423115E-03
6.8261679225293E-03
6.81784720476621E-03
6.80927563378832E-03
8.03689926284043E-03
8.02617634394928E-03
8.63170754627379E-03
8.61952136496942E-03
8.60701599593011E-03
7.98032063625778E-03
8.5810477553762E-03
8.56758491323429E-03
9.1647888664084E-03
7.92972315110323E-03
8.52528166518753E-03
9.11843826915483E-03
7.88866373698848E-03
8.48010659541487E-03
0.008464410107052
7.24148105827957E-03
7.82976998682832E-03
1.02187077313127E-02
0.010797986207145
1.07757540499684E-02
1.07531117178488E-02
1.25184024142121E-02
1.13014074508262E-02
1.06827236756647E-02
1.12505762280808E-02
1.06337474094335E-02
1.06086439827706E-02
8.81927528726656E-03
8.21116059564641E-03
8.19067851071454E-03
7.58631466382697E-03
8.14875703549697E-03
7.54679491891382E-03
7.52659051361586E-03
6.9286982037151E-03
6.90950078075935E-03
6.89002971557851E-03
8.01533247357021E-03
9.13368870989787E-03
7.96830340162736E-03
7.94430976878023E-03
9.6171388169209E-03
1.01511823627222E-02
1.06812732556439E-02
1.06469757809459E-02
1.00537052446143E-02
8.90701397222779E-03
9.43185024077277E-03
9.39960965368514E-03
8.26498277810964E-03
8.23584936782958E-03
8.75346441795721E-03
8.72165679283845E-03
9.23257568409371E-03
8.65694290319513E-03
9.16303865246797E-03
9.12768598874779E-03
9.09194368722077E-03
9.05581158396357E-03
9.01928950717871E-03
8.98237727697774E-03
9.47125557017157E-03
8.38341797176585E-03
8.34757434447951E-03
8.31136275644219E-03
8.79195693445653E-03
8.23783484715843E-03
7.68798569813402E-03
7.65265542362772E-03
8.12477772138108E-03
9.09714783310796E-03
9.05350489753647E-03
9.50997058554663E-03
9.96107807831464E-03
9.41563780411142E-03
9.36781110750154E-03
9.31954370423555E-03
8.29495781103873E-03
7.76562963293682E-03
7.72386799877478E-03
1.00822756742913E-02
8.11667847396042E-03
6.64680315552372E-03
7.08102415942961E-03
7.04012278357347E-03
8.39864433543049E-03
7.88490173035341E-03
0.007376330897064
6.87300179001763E-03
7.28569653608581E-03
0.00769230267396
7.64315180034254E-03
6.25355244098637E-03
7.09990106349311E-03
6.17094279258232E-03
7.00473146579021E-03
6.95657673577588E-03
7.3397938447049E-03
7.28781972641116E-03
7.23543976741563E-03
8.45018034557708E-03
8.80697952696819E-03
9.15699275113529E-03
9.50014706568019E-03
9.42652060847148E-03
8.53909242040868E-03
8.87422816330148E-03
8.80220777566712E-03
8.33285125673602E-03
8.26308468324962E-03
7.41253940712735E-03
7.73525366323097E-03
8.43407983819072E-03
8.3588417245445E-03
7.9065607219572E-03
7.46067674910468E-03
7.02126265249521E-03
6.58839147451506E-03
7.61205091584514E-03
7.53712448532049E-03
6.75104055390543E-03
7.38570564715023E-03
7.30921121657203E-03
7.92097232323317E-03
7.49534488777286E-03
7.07657608842872E-03
6.6647402807533E-03
6.58938108034297E-03
6.51351787712459E-03
6.75900741646487E-03
6.67829033772448E-03
6.28289701387673E-03
5.89476031268919E-03
0.005207624911982
4.83817333697687E-03
4.17781555027008E-03
5.88839111577025E-03
5.8079661520155E-03
5.72703309310868E-03
6.77471057344961E-03
6.6763724139221E-03
6.5774259007102E-03
6.47787194601318E-03
0.006377711732227
6.01540729234698E-03
6.17557877788254E-03
7.08587835335328E-03
7.96139070205279E-03
7.3348510157058E-03
7.44533053100524E-03
7.31055587383416E-03
6.94357549725817E-03
6.58464056601818E-03
6.2338302343745E-03
6.32761045717619E-03
5.12944547980521E-03
5.23093597799305E-03
5.11813726423575E-03
4.8045957470487E-03
6.26034964070075E-03
6.30495843918725E-03
6.33972012501669E-03
6.18275136570681E-03
5.49350710598566E-03
5.34923647488915E-03
5.20443082324193E-03
4.89592387309825E-03
5.23033225841578E-03
5.07468894341282E-03
4.62053199219279E-03
4.76220694401033E-03
4.4659115105551E-03
7.54894101468492E-03
6.37194185225292E-03
5.88784243633281E-03
4.82022990498156E-03
4.39811108321796E-03
4.32814884185911E-03
4.03651718825176E-03
3.95776339031107E-03
3.48310441153621E-03
3.22152806743025E-03
2.97017004210967E-03
2.89452562425601E-03
2.26424674485601E-03
2.05783522883573E-03
1.99975718213724E-03
1.86973524794518E-03
1.74148652853739E-03
1.78234829474666E-03
1.59414549630159E-03
1.36990273595605E-03
1.25137442826975E-03
1.17521379433477E-03
1.0948870504821E-03
2.90711494939743E-03
2.60657595893031E-03
2.09260583150579E-03
1.83929870904288E-03
1.57787494046326E-03
1.47384717420512E-03
1.2772835017218E-03
1.04184466697832E-03
8.30738095732704E-04
6.38353423935135E-04
4.74995020369107E-04
3.39974343053647E-04
2.39367622885913E-04
1.57238322624688E-04
9.49116139308127E-05
5.25748829922088E-05
2.54022078099559E-05
1.03336623817058E-05
3.3000065947623E-06
7.38129421160277E-07
9.4770413932347E-08
4.76993162027963E-09
4.08513778899147E-11
6.30304867839261E-15
2.58590132221332E-24
5.58809681776774E-85
0
0
0
0
0
0
0
0
0
0
0
0
0
0
0
0
0
0
0
0
0
0
0
0
0
0
0
0
0
0
0
0
0
0
0
0
0
0
0
0
0
0
0
0
0
0
0
0
0
0
0
0
0
0
0
0
0
0
0
0
0
0
0
0
0
0
0
0
0
0
0
0
0
0
0
0
0
0
0
0
0
0
0
0
0
0
0
0
0
0
0
0
0
0
0
0
0
0
0
0
0
0
0
0
0
0
0
0
0
0
0
0
0
0
0
0
0
0
0
0
0
0
0
0
0
0
0
0
0
0
0
0
0
0
0
0
0
0
0
0
0
0
0
0
0
0
0
0
0
0
0
0
0
0
0
0
0
0
0
0
0
0
0
0
0
0
0
0
0
0
0
0
0
0
0
0
0
0
0
0
0
0
0
0
0
0
0
0
0
0
0
0
0
0
0
0
0
0
0
0
0
0
0
0
0
0
0
0
0
0
0
0
0
0
0
0
0
0
0
0
0
0
0
0
0
0
0
0
0
0
0
0
0
0
0
0
0
0
0
0
0
0
0
0
0
0
0
0
0
0
0
0
0
0
0
0
0
0
0
0
0
0
0
0
0
0
0
0
0
0
0
0
0
0
0
0
0
0
0
0
0
0
0
0
0
0
0
0
0
0
0
0
0
0
0
0
0
0
0
0
0
0
0
0
0
0
0
0
0
0
0
0
0
0
0
0
0
0
0
0
0
0
0
0
0
0
0
0
0
0
0
0
0
0
0
0
0
0
0
0
0
0
0
0
0
0
0
0
0
0
0
0
0
0
0
0
0
0
0
0
0
0
0
0
0
0
0
0
0
0
0
0
0
0
0
0
0
0
0
0
0
0
0
0
0
0
0
0
0
0
0
0
0
0
0
0
0
0
0
0
0
0
0
0
0
0
0
0
0
0
0
0
0
0
0
0
0
0
0
0
0
0
0
0
0
0
0
0
0
0
0
0
0
0
0
0
0
0
0
0
0
0
0
0
0
0
0
0
0
0
0
0
0
0
0
0
0
0
0
0
0
0
0
0
0
0
0
0
0
0
0
0
0
0
0
""
