0
0
0
0
0
0
0
0
0
0
0
0
0
0
0
0
0
0
0
0
0
0
0
0
0
0
0
0
0
0
0
0
0
0
0
0
0
0
0
0
0
0
0
0
0
0
0
0
0
0
0
0
0
0
0
0
0
0
0
0
0
0
0
0
0
0
0
0
0
0
0
0
0
0
0
0
0
0
0
0
0
0
0
0
0
0
0
0
0
0
0
0
0
0
0
0
0
0
0
0
0
0
0
0
0
0
0
0
0
0
0
0
0
0
0
0
0
0
0
0
0
0
0
0
0
0
0
0
0
0
0
0
0
0
0
0
0
0
0
0
0
0
0
0
0
0
0
0
0
0
0
0
0
0
0
0
0
0
0
0
0
0
0
0
0
0
0
0
0
0
0
0
0
0
0
0
0
0
0
0
0
0
0
0
0
0
0
0
0
0
0
0
0
0
0
0
0
0
0
0
0
0
0
0
0
0
0
0
0
0
0
0
0
0
0
0
0
0
0
0
0
0
0
0
0
0
0
0
0
0
0
0
0
0
0
0
0
0
0
0
0
0
0
0
0
0
0
0
0
0
0
0
0
0
0
0
0
0
0
0
0
0
0
0
0
0
0
0
0
0
0
0
0
0
0
0
0
0
0
0
0
0
0
0
0
0
0
0
0
0
0
0
0
0
0
0
0
0
0
0
0
0
0
0
0
0
0
0
0
0
0
0
1.06251410087552E-139
1.90675611017439E-32
3.84846686135567E-19
5.21255509006001E-14
2.77698088170035E-11
1.42354577157799E-09
2.01876282752679E-08
1.33497335849012E-07
5.77318038763177E-07
1.93717321219534E-06
4.88640249031941E-06
1.04608047142284E-05
1.97834554851751E-05
3.3990964133488E-05
5.41383489442897E-05
8.11316709219991E-05
1.15689842930468E-04
1.58331132432524E-04
2.09377805897589E-04
2.68972513414694E-04
3.37101148030699E-04
4.1361829554221E-04
4.98272653027996E-04
5.90730803859566E-04
6.90598477968956E-04
7.97438934888412E-04
9.10788434645152E-04
8.85945303143792E-04
1.02803760708829E-03
1.13088695131176E-03
1.17835284108134E-03
1.29351817804548E-03
1.41176708993123E-03
1.53275562678661E-03
1.63620430952781E-03
1.73873558770922E-03
1.86299575966517E-03
2.08697940742489E-03
2.24641527955672E-03
2.38240416545259E-03
2.51927583721578E-03
2.65682448802394E-03
2.56737191737072E-03
2.25106805700139E-03
2.32164334732572E-03
3.24755111500689E-03
3.54329349025595E-03
3.68946101858194E-03
3.28735658028698E-03
3.41190192375202E-03
3.53594875210125E-03
3.7063382757266E-03
3.83074684765755E-03
4.60517772770949E-03
4.7483428062871E-03
4.30582026942887E-03
4.26607657654189E-03
4.3849243380001E-03
4.56058419653012E-03
4.79752626714787E-03
6.07160682118451E-03
6.21906783262816E-03
6.23792623714934E-03
4.16644833635868E-03
4.19175850054781E-03
4.28131951238898E-03
4.71685102095977E-03
4.81166484180668E-03
4.97768457553128E-03
5.43952955032756E-03
6.51283385681049E-03
6.62934485435887E-03
6.74465702715394E-03
6.62226369868108E-03
6.65115923302665E-03
5.45505814903098E-03
5.6228880208569E-03
6.12811496668356E-03
3.32243405222324E-03
3.4568453238008E-03
3.41789880102133E-03
3.73138992972118E-03
3.51131843004427E-03
3.64848457181078E-03
3.69510658995366E-03
3.55416215963507E-03
3.59231561931169E-03
3.86126697617296E-03
6.37195169229634E-03
4.98820827379587E-03
5.89359494961642E-03
6.25730636389801E-03
6.5085416500331E-03
6.89285402172212E-03
6.88502118558837E-03
7.56015222745263E-03
1.21850347718076E-02
1.26143360721915E-02
1.30480494922648E-02
1.44493771501031E-02
1.45916104378897E-02
1.47170295006699E-02
1.51782350225772E-02
1.81901321497516E-02
0.018735791826991
1.85145532957941E-02
1.94438280086198E-02
2.01956455252823E-02
2.09629046227509E-02
0.021530338633381
2.21018552485386E-02
2.26773672089653E-02
2.32567886954758E-02
2.38400353004051E-02
2.44270239992966E-02
2.45173196604088E-02
2.56119023292769E-02
2.62096325767508E-02
2.68107860965423E-02
2.74152863662942E-02
0.028023058083793
2.86340271411397E-02
2.92481205993466E-02
2.98652666633699E-02
3.04853946575883E-02
2.95530132516424E-02
3.01476032278867E-02
3.10684605640087E-02
2.40858756959317E-02
2.45487066685846E-02
3.11811139627357E-02
2.89703798245556E-02
3.41238122768534E-02
2.96754686388918E-02
2.65218376937167E-02
2.66139575771632E-02
2.74573596451082E-02
2.79274686121739E-02
2.16937475315394E-02
2.40601467900578E-02
2.44555782479674E-02
2.65089789827635E-02
3.49290046957104E-02
3.50532117400196E-02
3.51655586513142E-02
3.39434775569659E-02
3.40117276231168E-02
3.45220299975039E-02
3.50335222932152E-02
3.55461670003048E-02
3.41620361919622E-02
3.46497783272658E-02
3.80667173454948E-02
4.10713884651008E-02
4.01319969306403E-02
4.01696236286011E-02
4.22557819728261E-02
4.28174490528814E-02
4.33800174567947E-02
4.55511387068453E-02
4.61360468179525E-02
0.036827755553112
4.89780055403134E-02
5.01494850425488E-02
1.82526377004035E-02
1.78969368270319E-02
0.018111867871425
1.47798577341174E-02
1.49535417777617E-02
1.57324829729788E-02
1.53013852137358E-02
1.54755254910931E-02
1.31458310773557E-02
1.32923247577914E-02
1.15190697595541E-02
9.70399522031433E-03
1.11166666734415E-02
1.18964452671845E-02
1.13544501449266E-02
1.14734162367453E-02
1.22743313239052E-02
1.44671071448496E-02
1.46141982557216E-02
1.82759193578914E-02
1.91680249208951E-02
2.07911003150318E-02
2.09943348965846E-02
2.04666221840576E-02
2.14008052547525E-02
2.08590562244886E-02
2.18072156376612E-02
2.20103755670427E-02
2.29794758710137E-02
2.47355145692272E-02
2.57395072428752E-02
2.28225052923751E-02
2.46133226940915E-02
2.40291120946782E-02
2.10069444815688E-02
0.022003511238712
2.30139416532712E-02
2.65249279401598E-02
2.59121903741513E-02
2.69710572390781E-02
2.80436972984051E-02
2.91300862745231E-02
3.10939188301866E-02
2.78613411031143E-02
3.07162729813915E-02
3.09589829443664E-02
3.12014624266132E-02
3.14437022072678E-02
2.53485545099167E-02
2.82785774373724E-02
2.66542249689152E-02
2.50020635602251E-02
2.61207902678502E-02
2.63132797803781E-02
2.36656495191586E-02
2.28835940338734E-02
2.30479453952815E-02
2.32120717632662E-02
2.53239645982639E-02
2.45204440583288E-02
2.66659233241745E-02
2.28717861236792E-02
2.30279129952169E-02
2.41917823345577E-02
2.53689304482413E-02
0.021451757040683
2.26216268984637E-02
0.02380471422424
2.60426858744938E-02
2.62103781024467E-02
2.63777604954035E-02
2.76066206301431E-02
2.67115737166299E-02
2.68779936091925E-02
2.92076083380858E-02
2.93866195288488E-02
2.73752415775444E-02
3.08451388363187E-02
2.99214113332166E-02
2.89841346376578E-02
2.91546804002236E-02
3.60921142533951E-02
3.63010665782097E-02
4.33550716501596E-02
4.81917320093344E-02
4.73101413671357E-02
0.048735700742996
5.36739873873662E-02
5.39700357341037E-02
0.048366926415766
5.10016152307267E-02
5.12762221278094E-02
0.050351261544676
6.86959280270332E-02
6.78454879101381E-02
6.69814157200348E-02
6.48796102431389E-02
6.27516946653893E-02
4.94675650206304E-02
8.57624891563664E-02
8.61921574919378E-02
0.106706464962167
0.108494148378381
0.103953908389942
0.104458338247514
6.78407652581911E-02
8.10260142031033E-02
7.36565577429748E-02
7.27044399408134E-02
6.52173407180239E-02
6.81397533361892E-02
6.45032360537653E-02
9.52117017948905E-02
0.120880416707846
0.121421923044659
0.121961515890996
0.134614483771788
0.135203188076117
0.135789740458294
0.136374124730781
0.136956324808905
0.137536324710326
0.138114108554513
0.138689660562231
0.139262965055048
0.139834006454846
0.140402769283349
0.14096923816166
0.141533397809808
0.142095233046309
0.142654728787738
0.143211870048305
0.143766641939453
0.144319029669453
0.144869018543018
0.145416593960925
0.14596174141964
0.146504446510964
0.147044694921675
0.147582472433189
0.148117764921222
0.148650558355469
0.135754563307346
0.137731905016612
0.138215101000618
0.138695947082457
0.139174430782299
0.145722302300999
0.152308979935298
0.152821287024141
0.153330972965512
0.153838024652659
0.154342429069726
0.154844173291515
0.155343244483251
0.155839629900358
0.15633331688824
0.109777005017445
7.07906454329512E-02
6.94311473133515E-02
7.28091820727901E-02
7.46175942127016E-02
7.32495142373396E-02
7.02735112632562E-02
0.131351027859413
0.131735481918101
0.13050643298811
0.129265798132525
0.128013653147712
0.130000076268688
0.13036378039589
0.137261441579278
0.126168613203373
0.124868992254079
0.125205712329916
0.125540211668101
0.127528698858227
0.131184193309443
0.131524920014275
0.12017921405344
0.127179109839958
0.124144847061673
0.124455185582216
0.143309194920539
6.76049622086995E-02
7.11575470717787E-02
0.073026908436516
7.32007322576688E-02
0.075079596061964
7.86754391808837E-02
7.54285861548702E-02
8.41920745822061E-02
8.43826159662902E-02
7.93937806676485E-02
8.12995735653801E-02
7.97443733042149E-02
8.16548473209295E-02
8.35713409453333E-02
8.37489849862965E-02
7.69313529747542E-02
7.35872539067592E-02
7.37387000229228E-02
7.21295506666238E-02
0.111056361346072
0.105978564490727
0.11680596274613
0.147178340789636
0.133248483551102
0.137062118271979
0.131969833528898
0.142935377887461
0.137828130082395
0.136285215957333
0.145512010763538
0.145770013269809
0.146025349966653
0.146278014783822
0.155572940096789
0.155835508840472
0.154280161152421
0.156352073034652
0.15478505559065
0.144089721787125
0.144317746413611
0.142713460406923
0.142933358731237
0.139480100322641
0.148879315650397
0.149099469164391
0.149316878066632
0.149531537237275
0.14974344162426
0.162911451721124
0.161281852561449
0.16150054521479
0.161716258049166
0.158206480576854
0.156547733598572
0.15861338766857
0.168154356248903
0.162749950299402
0.162947680456144
0.161267196920707
0.133295640773625
0.131570045164202
0.148654770944268
0.148820595314919
0.145211924764168
0.145368173685242
0.139852050695569
0.136213326615749
0.145820741116365
0.147861856931858
0.187854344963124
0.189933722610634
0.190112056049898
0.190286859769848
0.184744385815793
0.188719603262641
0.190790052396874
0.19095069744051
0.19110779328319
0.191261336279324
0.191411322866908
0.191557749567521
0.191700612986332
0.191839909812098
0.191975636817171
0.192107790857497
0.192236368872622
0.18659052684912
0.186708301453348
0.186822598893771
0.192714862398077
0.19282551730648
0.19293257958266
0.193036046751423
0.193135916421198
0.193232186284035
0.193324854115613
0.193413917775235
0.193499375205841
0.193581224434001
0.193659463569925
0.193734090807459
0.18411484920289
0.186117602669727
0.18617883294994
0.182356660723498
0.194052991159052
0.194105913761179
0.165031932039365
0.159244730808961
0.15927921400401
0.157367910692244
0.159339261283917
0.194347346322424
0.194374892581242
0.194398810438939
0.194419099344206
0.194435758829401
0.194448788510552
0.151677386708138
0.151681886727682
0.140015589224447
0.15751632959941
0.155567585818808
0.155560583801999
0.112774241307793
0.106932284001733
0.101089400110489
0.106908681797405
9.52327357182449E-02
0.09133133737395
8.93724062940291E-02
8.74125264295218E-02
8.54518069555237E-02
9.31985381003863E-02
0.108704381174555
0.100912598444149
9.70033955228921E-02
0.106671000074555
0.104697433515496
0.112414081753363
0.143372789608064
0.118140548126283
8.90538997481145E-02
0.104497683300659
9.47804128054474E-02
8.70034467851534E-02
0.173924070550555
0.173838005353754
0.17374869996838
0.171726643608638
0.173560376962132
0.171534015209022
0.169506694079402
0.150153159067496
0.119277628456513
0.119200524769998
0.117199892072573
0.105599699557154
9.78508253102435E-02
9.96973653412599E-02
0.101539241554329
0.103376348714243
0.120511648201964
0.120415315305472
0.129865691625454
0.129756882986776
0.125832555236689
0.100958791331422
7.04175289742709E-02
7.03530845377078E-02
7.21869915059616E-02
6.45267423082787E-02
6.44639262808173E-02
6.81881444475929E-02
6.81191021197271E-02
6.99390409178524E-02
7.17537421788406E-02
0.073563102577703
7.15986680578136E-02
0.069637057993277
7.14382887861124E-02
7.13561143787257E-02
7.12726193391523E-02
7.30611689244787E-02
7.29727719163353E-02
7.28830256283717E-02
7.46583919600751E-02
7.08354040668237E-02
0.057712232816835
5.94958688632641E-02
6.12734943187602E-02
6.67535380929157E-02
6.29585866439616E-02
5.73235626888417E-02
0.064628800192102
6.26923651442034E-02
6.26013126562624E-02
6.25091077239318E-02
6.05799950926183E-02
0.062321249244386
5.12446118696816E-02
5.29922180993082E-02
0.052908686159714
0.056467229820097
5.63758622252834E-02
5.80990559435961E-02
5.80026081742747E-02
5.79050974040684E-02
0.061419433817359
6.13135771476197E-02
0.061206598496981
6.46925298441453E-02
0.114803360853123
8.05750891300498E-02
7.68530341470287E-02
0.085630539574341
7.83475768662219E-02
0.140402865434895
0.140133660031433
7.78977688927965E-02
8.30457882728925E-02
0.165762172008582
0.124952261834751
8.78161350080705E-02
7.88725130733174E-02
0.080458164659331
7.33079280183996E-02
0.076636188883539
0.078210213707231
0.124865747862224
0.162662948924717
0.160577153283353
0.160218916711282
0.15126328609521
0.152633837135006
0.138594403049175
0.138272371175992
8.00438164488767E-02
0.078155055766743
7.28830860828187E-02
6.42525903315162E-02
0.05566207355406
5.38422776106176E-02
0.142662534877869
0.142303971296388
0.140272951871192
0.138247957674075
0.137890416991492
0.137530422542998
0.123946972783255
0.123617266228457
0.136435805809467
0.136066085863699
0.135693957294506
0.133689074775884
0.134942511335805
0.137805699703807
8.89154801396603E-02
8.38249467650111E-02
9.96565049078046E-02
0.112187567531397
0.10546588706649
0.103559849239838
0.119134578554148
0.115607610600528
0.12630744996976
0.127493420628235
0.105130717687573
0.107930508949882
8.73195807491352E-02
8.08245970447119E-02
0.05732532987418
6.33171426593124E-02
6.15712496237574E-02
5.52317555778008E-02
6.26940536202797E-02
5.79121843168278E-02
5.77166928731778E-02
6.05475942694384E-02
5.73227544437332E-02
5.56210461328235E-02
5.69249093230087E-02
5.52317837348062E-02
5.94981040414523E-02
5.78030362912918E-02
5.61176648848666E-02
5.73848846510352E-02
5.71743591271311E-02
0.061344634084141
0.112045733336652
0.115973436544741
0.116977961091826
0.10070569227958
0.103183867200171
0.129906328038499
0.129397567811158
0.127470339104965
0.125552267660208
0.123643436634404
0.123143284166013
0.121247474998375
0.117973209804454
0.116102161542517
0.1156171562997
0.115130287200092
0.107817664736704
0.108715248394037
0.108246314697766
0.109122852863881
0.109985870986438
0.110835318501538
0.110341727188213
0.111169852547871
0.11066681868493
0.108850605036609
0.117488126808189
0.124739901382902
0.12545051404867
0.11456210749076
0.114018381776536
0.113472918287303
0.110388075737981
0.109851518336407
0.109313308334983
0.107523191634446
0.105743901124304
0.105213311605769
9.97549962598584E-02
9.92464303664044E-02
9.87364142275217E-02
8.73110781377951E-02
9.28868030853792E-02
9.23979233198466E-02
9.31013295411271E-02
9.26034396575229E-02
0.092104241675967
9.27781577300576E-02
8.87660335600628E-02
4.06533751662104E-02
7.96991326718588E-02
7.46576344319378E-02
7.76616097807232E-02
0.078354372178273
8.01620911294714E-02
0.065105085703056
6.69566782821757E-02
0.066562393471936
6.06533094643502E-02
5.80979379200686E-02
0.053389107593628
4.76496242637147E-02
9.25622184883333E-02
6.84576268525927E-02
7.22828360101589E-02
6.23218458855317E-02
8.18695339150676E-02
8.13465051984679E-02
8.18587102556199E-02
8.13270644355463E-02
5.21584678745283E-02
5.28300274448791E-02
5.14690862705982E-02
0.053128387082843
5.37643537930222E-02
5.43861644770721E-02
0.055975832619806
5.55872441383831E-02
5.51980913369756E-02
5.48083879107889E-02
5.15540346210944E-02
5.02359890677271E-02
4.70492213614612E-02
4.76396774721761E-02
4.72887191330505E-02
4.50966634424738E-02
4.47586788788968E-02
3.26353359425787E-02
3.23864775908961E-02
3.12446571199196E-02
3.18879973943277E-02
3.07595501283685E-02
0.033132371237764
3.37333863086115E-02
3.77523040365087E-02
3.48930351463433E-02
3.20753090582134E-02
3.09734220271777E-02
2.90551526066563E-02
2.79877959920779E-02
2.44856866884467E-02
2.83221666161686E-02
2.88797893440232E-02
2.86280883766173E-02
2.75880490401267E-02
2.96868369865747E-02
2.78723777072648E-02
3.37581533735572E-02
3.42102144880114E-02
4.06739723588168E-02
4.10418377758284E-02
3.99172247568325E-02
3.51455964177097E-02
3.48092029430229E-02
3.37546289105581E-02
3.48476164591376E-02
3.23917653050731E-02
4.94985600632846E-02
4.90012321319102E-02
5.19198020742629E-02
2.70461772414416E-02
2.67662385263289E-02
0.025824249070953
4.06203904914023E-02
2.91680272749342E-02
3.14184557712676E-02
4.37606087999697E-02
2.88528094541076E-02
2.72915782357149E-02
0.026985048376213
2.60724308193342E-02
2.75715103857443E-02
2.78443095440449E-02
4.44972673956608E-02
4.80201297564948E-02
4.74451882106103E-02
4.63061988168706E-02
4.46239271853397E-02
4.40717782542164E-02
4.35203657277182E-02
4.29697231796224E-02
4.02988903489599E-02
4.03007261316149E-02
4.49384983512317E-02
4.43433978073945E-02
4.02292632476455E-02
3.91879186675678E-02
3.86504436717256E-02
3.76315531636085E-02
3.85300098024526E-02
3.65754922239068E-02
3.74356558311039E-02
3.96229050342925E-02
3.90384971467624E-02
3.75714529270372E-02
3.17792652932805E-02
2.10045749201209E-02
2.48988726930558E-02
2.53383580466698E-02
2.32998734596363E-02
2.49348937214244E-02
2.41316886408943E-02
2.29538030646402E-02
2.90710973089654E-02
2.85762136392031E-02
2.91915434216247E-02
3.15850208912561E-02
3.56602435816061E-02
0.033617517082915
3.23159717217498E-02
3.17171463411269E-02
3.11207355218359E-02
2.82535273663961E-02
2.73877065330104E-02
0.024663631278266
2.41710250261478E-02
2.36807098223201E-02
2.40734774632969E-02
2.24197401204603E-02
2.22240629908949E-02
1.37616891497361E-02
0.01211323025071
7.63179481129145E-03
7.4582744505427E-03
6.28083219400733E-03
6.13300892288872E-03
5.98609715379677E-03
5.84011724439616E-03
5.23948269871103E-03
5.99511902048867E-03
5.84061554481508E-03
5.05529790595922E-03
5.12493213331525E-03
5.18438990088817E-03
4.84613265627729E-03
4.70838249141272E-03
4.57176344682906E-03
4.43629957675507E-03
4.30201534472172E-03
4.1689356306727E-03
4.03708573797824E-03
4.6877896803869E-03
4.53261454611651E-03
4.67094338124658E-03
4.50880723070494E-03
4.34841562320775E-03
4.18980437517565E-03
3.90697834117727E-03
3.75687955404161E-03
3.60861307812317E-03
3.90895350243112E-03
3.7458194990106E-03
3.68730693514581E-03
3.81774799094472E-03
3.65565575542502E-03
3.51819513994514E-03
3.19972775621465E-03
3.15856686874686E-03
6.14485597375618E-03
5.9740735166427E-03
5.89145673121226E-03
5.29547684862528E-03
4.79765932438959E-03
7.4623147846673E-03
7.34816427019757E-03
7.07206415468013E-03
6.64178140205206E-03
6.53180582374009E-03
6.26780276114349E-03
6.15818933323985E-03
6.48994071518558E-03
7.23849847763018E-03
7.10068595542821E-03
6.96149843279225E-03
6.82094141654346E-03
6.67902276163614E-03
6.53575289886222E-03
6.39114508187614E-03
6.2452156550711E-03
6.09798434393529E-03
5.94947456961514E-03
5.79971378951063E-03
5.64873386581878E-03
5.49657146402743E-03
5.34326848343314E-03
5.18887252181301E-03
5.03343737641009E-03
4.8770235833887E-03
4.7196989978671E-03
4.56153941652822E-03
4.40262924462301E-03
4.24306220889759E-03
4.08294211756362E-03
3.92238366786057E-03
3.64866790195283E-03
3.45645129898627E-03
3.12986014245557E-03
2.98342634628088E-03
2.18253291402049E-03
2.33669931531009E-03
2.21084411230882E-03
2.08576501381399E-03
2.16031345540492E-03
2.00168718650635E-03
1.56512136367696E-03
1.3952823018977E-03
1.32982417956126E-03
1.17413968873565E-03
7.44287010566695E-04
5.48774147627848E-04
4.97331343450442E-04
4.47606553839759E-04
3.7873579662268E-04
3.26073659374882E-04
2.86012758850641E-04
2.55291896252129E-04
2.37120274539428E-04
2.00534707586939E-04
2.39747099048881E-04
2.5209448506241E-04
1.96345381510288E-04
1.46979546012984E-04
9.34123651661915E-05
6.87044393333138E-05
4.94302655019197E-05
4.03132604143137E-05
2.70966689905444E-05
1.62253740157515E-05
8.74298880366918E-06
3.95948747063396E-06
2.22475919377458E-06
7.30417112380651E-07
1.68878772730364E-07
2.79329513303198E-08
2.48216758393451E-09
6.59805523158146E-11
2.15152372825751E-13
6.64467304284749E-18
1.32989071200903E-28
4.68622325576809E-86
0
0
0
0
0
0
0
0
0
0
0
0
0
0
0
0
0
0
0
0
0
0
0
0
0
0
0
0
0
0
0
0
0
0
0
0
0
0
0
0
0
0
0
0
0
0
0
0
0
0
0
0
0
0
0
0
0
0
0
0
0
0
0
0
0
0
0
0
0
0
0
0
0
0
0
0
0
0
0
0
0
0
0
0
0
0
0
0
0
0
0
0
0
0
0
0
0
0
0
0
0
0
0
0
0
0
0
0
0
0
0
0
0
0
0
0
0
0
0
0
0
0
0
0
0
0
0
0
0
0
0
0
0
0
0
0
0
0
0
0
0
0
0
0
0
0
0
0
0
0
0
0
0
0
0
0
0
0
0
0
0
0
0
0
0
0
0
0
0
0
0
0
0
0
0
0
0
0
0
0
0
0
0
0
0
0
0
0
0
0
0
""
