0
0
0
0
0
0
0
0
0
0
0
0
0
0
0
0
0
0
0
0
0
0
0
0
0
0
0
0
0
0
0
0
0
0
0
0
0
0
0
0
0
0
0
0
0
0
0
0
0
0
0
0
0
0
0
0
0
0
0
0
0
0
0
0
0
0
0
0
0
0
0
0
0
0
0
0
0
0
0
0
0
0
0
0
0
0
0
0
0
0
0
0
0
0
0
0
0
0
0
0
0
0
0
0
0
0
0
0
0
0
0
0
0
0
0
0
0
0
0
0
0
0
0
0
0
0
0
0
0
0
0
0
0
0
0
0
0
0
0
0
0
0
0
0
0
0
0
0
0
0
0
0
0
0
0
0
0
0
0
0
0
0
0
0
0
0
0
0
0
0
0
0
0
0
0
0
0
0
0
0
0
0
0
0
0
0
0
0
0
0
0
0
0
0
0
0
0
0
0
0
0
0
0
0
0
0
0
0
0
0
0
0
0
0
0
0
0
0
0
0
0
0
0
0
0
0
0
0
0
0
0
0
0
0
0
0
0
0
0
0
0
0
0
0
0
0
0
0
0
0
0
0
0
0
0
0
0
0
0
0
0
0
0
0
0
0
0
0
0
0
0
0
0
0
0
0
0
0
0
0
0
0
0
0
0
0
0
0
0
0
0
0
0
0
0
0
0
0
0
0
0
0
0
0
0
0
0
0
0
0
0
0
0
0
0
0
0
0
0
0
0
0
0
0
0
0
0
0
0
0
0
0
0
0
0
0
0
0
0
0
0
0
0
0
0
0
0
0
0
0
0
0
0
0
0
0
0
0
0
0
0
0
0
0
0
0
0
0
0
0
0
0
0
0
0
0
0
0
0
0
0
0
0
0
0
0
0
0
0
0
0
0
0
0
0
0
0
0
0
0
0
0
0
0
0
0
0
0
0
0
0
0
0
0
0
0
0
0
0
0
0
0
0
0
0
0
0
0
0
0
0
0
0
0
0
0
0
0
0
0
0
0
0
0
0
0
0
0
0
0
0
0
0
0
0
3.0419899635261E-231
1.29105715179491E-25
2.10963835418625E-14
2.19820723923706E-10
2.5693794538857E-08
4.6895482359026E-07
3.32328554123896E-06
1.36251422565794E-05
3.95625051008317E-05
9.11352146262703E-05
1.78380709008455E-04
3.09988104437159E-04
4.92556563859139E-04
7.15795225980747E-04
1.01546539341888E-03
8.68718908488068E-04
1.09128534831747E-03
1.53265805254589E-03
1.93964471978952E-03
1.93536133267563E-03
2.32943172929936E-03
3.03696331420542E-03
4.76380620113254E-03
5.4177636746523E-03
6.77803759984918E-03
7.56491766399295E-03
8.3774738810263E-03
9.21300708318733E-03
1.00690227000277E-02
1.09432257546794E-02
1.18335125465396E-02
1.27379602884866E-02
1.36548156160924E-02
1.45824826216708E-02
1.55195108682786E-02
1.64645836923993E-02
1.74165069966911E-02
0.01341316501906
1.33423082380933E-02
1.84757842695552E-02
1.93580104015366E-02
1.95750633041856E-02
2.08961607781429E-02
2.17733794671183E-02
2.23994447393001E-02
2.35289572092844E-02
2.41353014347604E-02
2.35977926646244E-02
2.90658099206333E-02
3.00375915068099E-02
3.10076628869145E-02
0.031975760245588
3.29416454523606E-02
0.033905103632655
3.48659409714554E-02
3.58239827271576E-02
3.56756992921408E-02
3.24487161433665E-02
3.32646595099324E-02
3.40777328227705E-02
3.48878473859131E-02
0.038600324336601
3.98941355949558E-02
4.12031379168936E-02
4.20841655470091E-02
4.25093407544663E-02
4.24510219039485E-02
4.32935542179749E-02
4.41324452048235E-02
4.54564397648624E-02
4.72926223346434E-02
4.76405789095911E-02
4.84825159940022E-02
0.049320595880053
5.01548006644619E-02
3.20012955261507E-02
3.80318643780279E-02
3.91955474644958E-02
3.86678324943712E-02
5.77310966770886E-02
5.85935438657987E-02
0.059451795754402
6.03058482212195E-02
5.99325842872547E-02
6.13813303822645E-02
5.84437889109624E-02
3.18400088712803E-02
4.32237408426107E-02
4.63927273893177E-02
5.09481971222155E-02
5.15799195855537E-02
3.52576266681081E-02
3.70521817392384E-02
3.67941799076952E-02
0.040029173478718
7.10260722718167E-02
7.18213408819993E-02
7.26124296175374E-02
7.33993422219038E-02
7.41820825048264E-02
7.49606543167386E-02
7.57350615257676E-02
0.076505307997046
7.72713975741472E-02
7.80333340624613E-02
0.078791121214348
7.95447627159113E-02
8.02942621752592E-02
8.10396231121181E-02
8.17808489486886E-02
8.25179430016312E-02
8.32509084750881E-02
8.39797484546478E-02
8.13162872660851E-02
8.11538104688377E-02
7.66659745198443E-02
7.55629023334184E-02
0.079681570197855
8.12050048952155E-02
8.27387024559021E-02
0.084282541541537
8.49328596985995E-02
0.037327151091933
3.66901829704364E-02
4.06581929543979E-02
3.63013610370778E-02
3.46881457875477E-02
3.11582641847012E-02
3.23279224384249E-02
3.25519989709896E-02
2.98827999493448E-02
3.00845673887396E-02
2.93081285761859E-02
3.04842964391879E-02
3.16720084139765E-02
0.067734473871113
5.91415541550378E-02
7.06063622069098E-02
7.20567982940626E-02
7.24956657901132E-02
6.77955965420771E-02
7.12980694579975E-02
8.41884634191614E-02
8.36304938676832E-02
0.084108610122026
7.92969820682184E-02
0.094623693225719
9.51446511097824E-02
8.92128370441027E-02
9.29337373954382E-02
5.97495356261841E-02
5.89704009006404E-02
4.50053982339465E-02
0.043028688739805
4.32457606048767E-02
4.12324468735916E-02
4.03154672226689E-02
3.82607622242495E-02
3.95751220867034E-02
3.86266445535118E-02
5.47870336520259E-02
5.61870265288551E-02
9.33047250781856E-02
9.37255079155904E-02
9.64674584317192E-02
9.68917646670365E-02
7.97260138391628E-02
0.102439948547937
0.101691431923935
8.90553649570288E-02
8.46539895096284E-02
8.49992843274812E-02
8.77456174549591E-02
8.80945681118711E-02
8.96519936502791E-02
8.99995619497879E-02
6.34850051097686E-02
0.064950384707364
6.51926864760271E-02
6.17290323569614E-02
6.31925089575443E-02
6.09322411497874E-02
5.99001400154475E-02
4.38298751329295E-02
4.14678918552469E-02
4.03482068171933E-02
4.30140172380334E-02
4.44259488835381E-02
4.32978251368941E-02
4.72703113522316E-02
4.87024874138613E-02
4.62841445913774E-02
0.047717226984356
4.91566736461381E-02
5.57923420260179E-02
0.055958209346391
5.22067512828279E-02
3.40324796187828E-02
3.54421412883379E-02
0.034225356830655
3.82801574181306E-02
3.97082555640572E-02
0.038487904447717
3.85899287303218E-02
3.73565562774166E-02
4.01278700422337E-02
4.02295799636703E-02
6.99053516743551E-02
7.95106832835269E-02
7.02468525133413E-02
4.60400999492796E-02
0.115370279066116
8.02654539348043E-02
7.49937442730161E-02
7.10616906184661E-02
0.067109245795374
5.62740993616991E-02
5.63938041292054E-02
5.09984061850312E-02
5.24844210938937E-02
4.98225467330092E-02
4.85347534396795E-02
5.27976475757388E-02
6.82115876066417E-02
7.25239595266088E-02
6.70688011712844E-02
0.07558912850292
7.85280976927632E-02
7.72603158008015E-02
8.44281191177163E-02
7.89316834157933E-02
7.05905037428175E-02
7.07041239733386E-02
6.23177076411511E-02
6.66693695971508E-02
0.065349417987595
6.54459665449407E-02
4.70181970087555E-02
4.70845926171682E-02
4.57207790897725E-02
4.86437781434217E-02
4.87077488485523E-02
0.050204658025501
5.17036750012983E-02
5.32046683976433E-02
5.90265204687797E-02
5.76533934764363E-02
5.62752376249873E-02
5.63367142877594E-02
5.49504241749378E-02
5.35594524869178E-02
0.113021847671838
9.71767738675111E-02
9.72677487100079E-02
9.88088642291462E-02
8.43518280976277E-02
9.89786527326073E-02
0.101972583705029
0.129752225183131
0.131308680107714
0.100742530616754
0.113961446219709
0.10087854120657
9.36273695249521E-02
6.87987686335717E-02
6.29793330054635E-02
6.59440723355157E-02
0.060112892690965
5.86747398909399E-02
5.57659488794397E-02
5.72573635475933E-02
5.72795402219296E-02
6.02384653515494E-02
4.99701953903677E-02
4.99850474661094E-02
4.99984053781488E-02
0.051481159242068
5.14918333729862E-02
0.057386794013863
6.03386058644342E-02
5.29864706813247E-02
5.44630948683273E-02
0.054466245893716
5.44677701302041E-02
5.44676675608107E-02
5.74100429535259E-02
5.74065053798882E-02
5.44575991193817E-02
5.73942862498645E-02
6.32713078889995E-02
5.88463681657044E-02
6.32464935063503E-02
6.17607570077268E-02
6.02739275093442E-02
7.05433644454044E-02
7.93350243984038E-02
7.63691175488149E-02
7.63392606172516E-02
7.19047858690182E-02
7.33391299483637E-02
7.03716806251903E-02
6.88703623988681E-02
7.76202567818559E-02
7.46484730643826E-02
7.46035180365236E-02
7.74801033858881E-02
7.45068971727023E-02
4.23372890109995E-02
4.23066398466972E-02
4.95634646664738E-02
5.09811561817933E-02
5.67612305153266E-02
5.96215476040178E-02
5.37576048162748E-02
5.66119566498542E-02
5.65587860574917E-02
5.65039100913734E-02
5.49999619253499E-02
4.77138068226886E-02
4.76630473555875E-02
4.76108469736407E-02
4.75572062361036E-02
4.75021257163376E-02
4.88833516381059E-02
4.88236370174179E-02
4.87624408428994E-02
4.58350717761467E-02
4.57746884109881E-02
5.14270265735471E-02
5.27825173335911E-02
0.051283333918479
5.26316167827061E-02
5.25537555593777E-02
6.09836321265298E-02
6.08894123201417E-02
4.94829411850153E-02
5.08147362223946E-02
4.65035756160775E-02
4.64255475627581E-02
4.49416644871312E-02
4.34612562235799E-02
4.47834168087368E-02
4.33052746768071E-02
4.18309121989977E-02
4.03604596400268E-02
3.88940471707687E-02
3.46590785801008E-02
3.32066424971397E-02
3.31395365433241E-02
0.030315448374845
3.16271353648668E-02
3.01876915517032E-02
3.01223960764477E-02
0.025957589892834
5.04360019000569E-02
4.62413118779428E-02
0.047491470779918
4.73800934997867E-02
4.59167276603994E-02
4.44584016805023E-02
4.70369863924338E-02
4.69196290749473E-02
4.94751096194961E-02
0.048014165147564
4.65586070457699E-02
5.04154539848966E-02
4.36641649452143E-02
3.95864420127433E-02
3.68451206224641E-02
3.93661151576334E-02
4.05625116825569E-02
3.91407011095732E-02
3.77252191112218E-02
3.89102073847657E-02
7.88792179344332E-02
4.64095698336506E-02
4.62659506955047E-02
4.86830807280887E-02
4.85282787820966E-02
0.045825988404473
4.82138755255889E-02
4.80542766059781E-02
4.66327368437085E-02
4.01939285435478E-02
4.00554989309314E-02
3.86683613125134E-02
3.97746161620772E-02
3.83936598296244E-02
3.82543635325029E-02
0.035654818465072
3.06224875495728E-02
0.034167861464364
3.52529893539904E-02
3.51166277884393E-02
2.29173141168066E-02
2.28263916563513E-02
2.15381169097758E-02
2.14504830683428E-02
2.01753181838882E-02
2.12729730269039E-02
2.23599365939217E-02
2.22642807420444E-02
2.10011095087746E-02
2.20706083128589E-02
2.54419494748565E-02
2.41762959173904E-02
2.40662268384724E-02
2.50960186214054E-02
6.58534414194592E-02
6.44122204302688E-02
8.43474389585601E-02
0.106322563423941
0.105801124991094
0.104167609968234
9.59257590147306E-02
9.43405100644536E-02
9.49456503313593E-02
9.87927728222605E-02
9.93507400607192E-02
9.98934183090849E-02
0.102557296213044
0.056309666479761
6.02231731178173E-02
6.30363756127633E-02
6.05882290983483E-02
0.057123112537372
6.29848478801799E-02
8.00618504271731E-02
5.20347147332284E-02
5.27333107532263E-02
5.03937401403851E-02
5.20835404848786E-02
4.57836789489918E-02
6.32926251074962E-02
7.36917184220681E-02
7.41854470666064E-02
7.36935094241441E-02
7.31984615568076E-02
7.17437202470442E-02
8.73988305405419E-02
8.77316152220251E-02
8.71106045726702E-02
8.64857850419768E-02
8.58571556631922E-02
8.33919257633025E-02
7.91311426642742E-02
7.94350421605189E-02
7.88257783857392E-02
7.82129031703141E-02
7.75964148555819E-02
2.71166552431535E-02
2.86322218760933E-02
2.75364555850663E-02
2.56003271837599E-02
2.28455928518577E-02
2.01331367335607E-02
1.99580903253741E-02
1.97820537068832E-02
1.87881500449743E-02
1.86175482158204E-02
1.84459952156486E-02
1.90679898306967E-02
2.99044015546268E-02
2.80574940206314E-02
0.027011258193596
2.75070275510019E-02
3.17678083549867E-02
5.31525218228017E-02
4.74135101145735E-02
4.69122197487297E-02
7.25129043561674E-02
7.17212887475162E-02
7.09254927982702E-02
0.070125512873629
6.93213454689276E-02
6.85129872447659E-02
6.77004350658155E-02
4.41432327888083E-02
4.49226615570996E-02
4.76234388302246E-02
3.47804462320844E-02
3.62375648522175E-02
0.036387408290281
3.21853690763639E-02
2.68614564699925E-02
2.70892730789183E-02
2.67047110901993E-02
2.57334093543134E-02
2.36250386147252E-02
2.21344033471676E-02
2.17945779173036E-02
2.14531247332345E-02
2.11100477921907E-02
3.24791400712794E-02
3.56024330755857E-02
3.49958099116808E-02
3.59034451826748E-02
3.42708927425084E-02
3.21839994052537E-02
3.15844892455331E-02
2.95740569119329E-02
2.89967928089261E-02
4.51064524689315E-02
4.41823869049883E-02
0.043254512255017
4.23228887464681E-02
4.13875838162663E-02
0.040448672856647
3.47654912330815E-02
3.58611526690613E-02
3.49784112820899E-02
3.44592752979226E-02
3.42752009295869E-02
3.23127858382515E-02
3.14188904577294E-02
3.08507791885147E-02
2.96240353068401E-02
2.87234605923222E-02
2.78210796106289E-02
0.019970781953855
2.40540332659324E-02
2.32160428711259E-02
2.21172573097018E-02
2.12881817692776E-02
2.04592399361537E-02
0.01963084968177
1.85822559499612E-02
1.75546191844797E-02
1.67502411923311E-02
1.59485151330126E-02
8.21391822111104E-03
7.61029777508091E-03
6.70145409999955E-03
6.46837101342557E-03
7.23248017923291E-03
6.90467268012065E-03
7.32145139799507E-03
6.56344080365446E-03
6.28259583210645E-03
5.67721844945238E-03
5.64601081220295E-03
4.30231961881834E-03
4.03067886221191E-03
3.94166006148587E-03
3.61504281968832E-03
3.48661613003965E-03
3.29733375161221E-03
2.78547474898237E-03
2.38191143549186E-03
1.94613329121431E-03
0.001622339630961
1.28331581593676E-03
9.85099255935533E-04
7.29112650584916E-04
6.83325457651505E-04
4.57225555443395E-04
2.23838187308115E-04
1.17218243184137E-04
6.62923240245849E-05
2.80748335005812E-05
8.510966801401E-06
1.88357532009713E-06
2.01028272241366E-07
8.67874595323305E-09
8.0839825447623E-11
3.39721438075537E-15
1.22483496611199E-28
0
0
0
0
0
0
0
0
0
0
0
0
0
0
0
0
0
0
0
0
0
0
0
0
0
0
0
0
0
0
0
0
0
0
0
0
0
0
0
0
0
0
0
0
0
0
0
0
0
0
0
0
0
0
0
0
0
0
0
0
0
0
0
0
0
0
0
0
0
0
0
0
0
0
0
0
0
0
0
0
0
0
0
0
0
0
0
0
0
0
0
0
0
0
0
0
0
0
0
0
0
0
0
0
0
0
0
0
0
0
0
0
0
0
0
0
0
0
0
0
0
0
0
0
0
0
0
0
0
0
0
0
0
0
0
0
0
0
0
0
0
0
0
0
0
0
0
0
0
0
0
0
0
0
0
0
0
0
0
0
0
0
0
0
0
0
0
0
0
0
0
0
0
0
0
0
0
0
0
0
0
0
0
0
0
0
0
0
0
0
0
0
0
0
0
0
0
0
0
0
0
0
0
0
0
0
0
0
0
0
0
0
0
0
0
0
0
0
0
0
0
0
0
0
0
0
0
0
0
0
0
0
0
0
0
0
0
0
0
0
0
0
0
0
0
0
0
0
0
0
0
0
0
0
0
0
0
0
0
0
0
0
0
0
0
0
0
0
0
0
0
0
0
0
0
0
0
0
0
0
0
0
0
0
0
0
0
0
0
0
0
0
0
0
0
0
0
0
0
0
0
0
0
0
0
0
0
0
0
0
0
0
0
0
0
0
0
0
0
0
0
0
0
0
0
0
0
0
0
0
0
0
0
0
0
0
0
0
0
0
0
0
0
0
0
0
0
0
0
0
0
0
0
0
0
0
0
0
0
0
0
0
0
0
0
0
0
0
0
0
0
0
0
0
0
0
0
0
0
0
0
0
0
0
0
0
0
0
0
0
0
0
0
0
0
0
0
0
0
0
0
0
0
0
0
0
0
0
0
0
0
0
0
0
0
0
0
0
""
