0
0
0
0
0
0
0
0
0
0
0
0
0
0
0
0
0
0
0
0
0
0
0
0
0
0
0
0
0
0
0
0
0
0
0
0
0
0
0
0
0
0
0
0
0
0
0
0
0
0
0
0
0
0
0
0
0
0
0
0
0
0
0
0
0
0
0
0
0
0
0
0
0
0
0
0
0
0
0
0
0
0
0
0
0
0
0
0
0
0
0
0
0
0
0
0
0
0
0
0
0
0
0
0
0
0
0
0
0
0
0
0
0
0
0
0
0
0
0
0
0
0
0
0
0
0
0
0
0
0
0
0
0
0
0
0
0
0
0
0
0
0
0
0
0
0
0
0
0
0
0
0
0
0
0
0
0
0
0
0
0
0
0
0
0
0
0
0
0
0
0
0
0
0
0
0
0
0
0
0
0
0
0
0
0
0
0
0
0
0
0
0
0
0
0
0
0
0
0
0
0
0
0
0
0
0
0
0
0
0
0
0
0
0
0
0
0
0
0
0
0
0
0
0
0
0
0
0
0
0
0
0
0
0
0
0
0
0
0
0
0
0
0
0
0
0
0
0
0
0
0
0
0
0
0
0
0
0
0
0
0
0
0
0
0
0
0
0
0
0
0
0
0
0
0
0
0
0
0
0
0
0
0
0
0
0
0
0
0
0
0
0
0
0
0
0
0
0
0
0
0
0
0
0
0
0
0
0
0
0
0
0
0
0
0
0
0
0
0
0
0
0
0
0
0
0
0
0
0
0
0
0
0
0
0
0
0
0
0
0
0
0
0
0
0
0
0
0
0
0
0
0
0
0
0
0
0
0
0
0
0
0
0
0
0
0
0
0
0
0
0
0
0
0
0
0
0
0
0
0
0
0
0
0
0
0
0
0
0
0
0
0
0
0
0
0
0
0
0
0
0
0
0
0
0
0
0
0
0
0
0
0
0
0
0
0
0
0
0
0
0
0
0
0
0
0
0
0
0
0
0
0
0
0
0
0
0
0
0
0
0
0
0
0
0
0
0
0
0
0
0
0
0
0
0
6.0839799270522E-231
2.42718744537443E-25
4.00831287295387E-14
4.17659375455042E-10
4.83043337330512E-08
8.91014164821494E-07
6.24777681752925E-06
2.07102162300007E-05
5.53875071411644E-05
1.23943891891728E-04
2.3903015007133E-04
4.15384059945794E-04
7.7823937089744E-04
1.16864526690734E-03
1.64115619138405E-03
2.17869186573198E-03
3.22018627372368E-03
3.42594152922022E-03
3.99012628070987E-03
4.80503503284984E-03
5.68539269523911E-03
6.71813096778774E-03
7.62208992181207E-03
1.05947378526534E-02
1.19293461757346E-02
1.14986748492693E-02
1.23986613439189E-02
1.36352504831172E-02
1.18814467860327E-02
1.15998192999602E-02
1.23068530484012E-02
6.36898014424328E-03
7.64669674501176E-03
6.41629235353516E-03
6.51819456467699E-03
6.91512515080771E-03
7.31493293861027E-03
7.71716343562355E-03
8.89487215872887E-03
1.05575910111744E-02
0.011912621785561
1.33466340710356E-02
1.34664147236921E-02
1.49994391884593E-02
0.019127615732436
0.01673170290438
1.73557223800524E-02
1.85411228079192E-02
0.019183434547618
1.98248103944945E-02
1.98449042476253E-02
3.77313970897938E-02
4.08476403609271E-02
5.01795533763293E-02
5.09042738183248E-02
5.58854130543658E-02
4.19281414361243E-02
4.30134144226022E-02
4.56422072345584E-02
5.46828735993295E-02
5.51714795870254E-02
5.47875571229175E-02
5.60215521120657E-02
5.55158068774987E-02
6.29047527123714E-02
6.96429625126362E-02
0.070136470971741
7.05873166597416E-02
7.38738756689438E-02
7.03841647972063E-02
7.16856591177753E-02
7.50085710491434E-02
2.99147439111929E-02
2.93824826519465E-02
3.52150728069626E-02
0.032543690365577
0.034173559296199
3.47160563256962E-02
3.41186757303276E-02
4.50302554081291E-02
0.046874835092639
4.04272211129933E-02
4.10079767904293E-02
4.15858748115645E-02
0.042160913797919
4.27330929671553E-02
4.07552113552388E-02
4.25786103822732E-02
4.83529834761903E-02
0.04763987263376
0.050910050500027
5.01743148738461E-02
5.07752120130304E-02
5.27614655280158E-02
5.33722313049573E-02
4.68772076993991E-02
4.88385117997595E-02
5.37331979169777E-02
4.40396053331423E-02
7.41820825048264E-02
5.09732449353823E-02
0.056043945529068
5.66139279178141E-02
5.71808342048689E-02
5.46233338437229E-02
5.67296072743306E-02
5.40904386468197E-02
5.78118687661866E-02
5.67277361784827E-02
6.21534452010034E-02
5.61122012411092E-02
5.49455995935582E-02
5.20674440418816E-02
9.99512697645629E-02
0.10251007638169
9.99241915090105E-02
0.111173005731926
0.117333301170468
0.15358337882356
0.156580770239127
0.157805609694793
0.144566569699744
0.14566693109047
0.148595241030267
0.142303675340393
0.186160825831168
0.187503490743501
0.188837964755765
0.190164249637794
0.191482346888174
0.192792257737708
0.194093983153159
0.195387523841239
0.196672880252825
0.197950052587353
0.199219040797391
0.200479844593348
0.201732463448314
0.202976896602993
0.204213143070741
0.205441201642658
0.206661070892746
0.207872749183114
0.209076234669208
0.210271525305065
0.211458618848582
0.212637512866784
0.213808204741084
0.214970691672537
0.216124970687065
0.169471410139722
0.152886224557216
0.153676969579329
0.147842161311125
0.133063878784236
0.133726854725162
0.138864387100304
0.132787351248866
0.137947568416509
0.136329333718277
0.141533170267734
0.137600881295155
8.98489945197343E-02
0.127281553959444
0.102278751108329
0.107398100594787
0.112554372478818
0.223719427863311
0.224667117041251
0.168611490985308
0.169307979019257
0.167604222617569
0.168279266351976
0.171362036601174
0.242302685541295
0.243242059323751
0.244173096576033
0.245095791348544
0.246010137645385
0.246916129427846
0.247813760617821
0.248703025101173
0.249583916731031
0.250456429331026
0.251320556698466
0.252176292607458
0.222660795114526
0.223399057242935
0.127346544520277
0.122647294319304
0.117911285317769
0.115710361478443
0.121227549635931
0.121598087440447
0.163484537099494
0.169175981744903
0.200995992438887
0.204194877712697
0.204776816332619
0.263271975620423
0.248161020503743
0.251485618572362
0.236236103161849
0.23686232117232
0.234812639458047
0.235416837581104
0.238695507784444
0.239291396116062
0.239879688550302
0.240460379757207
0.194993364491066
0.127585955673116
0.19318126201258
0.199074302979279
0.191319936280486
0.18900154938289
0.183920227182139
0.162304119201128
0.170913577484969
0.165740277138612
0.155003478724918
0.116483408255231
0.152835295613981
0.144775614512056
0.206414346344963
0.206795470278127
0.20717020404504
0.210343118819901
0.238804612475205
0.236398733529606
0.256527971101328
0.259773053773568
0.260191176221886
0.252103453639202
0.25249250613389
0.26139767195038
0.244711005341952
0.242214954287528
0.242556992270261
0.240034090221306
0.237496093288471
0.237808420848814
0.238113520920947
0.241283816672725
0.215694601612068
0.215950684641877
0.288266967382181
0.288590962179422
0.288906227116715
0.289212758815462
0.28951055398334
0.289799609414969
0.29007992199257
0.290351488686591
0.290614306556312
0.29086837275044
0.291113684507669
0.291350239157225
0.291578034119396
0.291797066906031
0.292007335121027
0.292208836460793
0.292401568714694
0.292585529765475
0.292760717589667
0.29292713025797
0.293084765935625
0.293233622882756
0.293373699454699
0.293504994102314
0.29069123031855
0.293741231907331
0.287969248997651
0.288063479309178
0.294029690977114
0.294108266930287
0.211808198024508
0.197140162056576
0.173631838298355
0.203090917299803
0.232551732434703
0.229628183769164
0.229641469173505
0.259089933592322
0.250256850955076
0.250248905182036
0.250233484989256
0.264928860580776
0.276669892691654
0.294285152972091
0.294231840828522
0.294169737238838
0.294098842893937
0.294019158582167
0.293930685189185
0.293833423697792
0.29372737518775
0.293612540835583
0.29348892191436
0.293356519793455
0.293215335938293
0.293065371910077
0.292906629365494
0.292739110056402
0.292562815829504
0.292377748625993
0.292183910481185
0.291981303524135
0.291769929977222
0.291549792155728
0.244709549672608
0.227044922061306
0.223944349537043
0.209218786311988
0.206125585750751
0.150823429486645
0.133291275087342
0.144736741908816
0.135912055797962
0.184874850348946
0.190443387894563
0.161406275710412
0.166977169184702
0.163903002551296
0.166574761588837
0.16636597464048
0.220581282922706
0.223151606003567
0.217136334421643
0.231101832649777
0.233624076739738
0.227596180681972
0.232940970587512
0.232588736482579
0.232229386523331
0.240345714327217
0.239958476605752
0.236745475863667
0.222279894391387
0.22189946840521
0.218708257125112
0.209922266290954
0.240274427239059
0.239830563274254
0.233812317914638
0.236142429251096
0.227363555485461
0.226912057063788
0.270639548437147
0.270083085521346
0.275018568390146
0.274433559560938
0.273839964331343
0.273237788345621
0.272627037297605
0.272007716929075
0.271379833028103
0.270743391427352
0.270098398002349
0.269444858669711
0.268782779385336
0.268112166142556
0.267433024970249
0.266745361930911
0.266049183118685
0.26534449465735
0.264631302698269
0.263909613418288
0.263179433017601
0.262440767717556
0.261693623758432
0.260938007397155
0.260173924904978
0.259401382565105
0.248275571203462
0.24751770577947
0.21847810050655
0.217792729573028
0.217100194551485
0.213854612554207
0.218231226063192
0.217508830953375
0.209217143677179
0.195945401649796
0.19527055728829
0.192094440068615
0.248591351012982
0.247701031158867
0.246802345370987
0.245895299759117
0.244979900396583
0.244056153316886
0.243124064510279
0.242183639920271
0.24123488544007
0.240277806908961
0.23931241010862
0.238338700759365
0.237356684516332
0.236366366965599
0.209477300722003
0.210924764924631
0.226345291372348
0.227675748911597
0.134148460867425
0.145057775504342
0.155857469049154
0.125480093107027
0.129436074514109
0.10170350594253
0.103466191789167
0.107441748302088
0.111369605253784
0.117465602730136
0.108054303257972
0.109698267516806
0.111315590043663
0.102049677420797
0.107989934848608
0.118153505526875
0.117513568577446
0.118994012183646
0.122559440029242
0.121870326184676
0.114908710358936
0.120477837351548
0.117709387841648
0.112907737781911
0.110191160611542
0.117635847064889
0.116913477125693
0.122195998829908
0.119435684214761
0.118673672076555
7.27091621764405E-02
7.02809498525745E-02
6.78756007853958E-02
7.31984615568076E-02
0.070787137310417
6.83990847708589E-02
6.60345490918468E-02
6.55671217213647E-02
7.25364648739161E-02
7.20092273304193E-02
7.33115830886176E-02
0.16735781896812
0.158870084321038
0.152277071881542
0.151093108397198
0.151665719945001
0.150453700058787
0.149234610990547
0.163497705036331
0.162135405497146
0.160765283031591
0.159387332474022
0.158001548409212
0.156607925179492
0.155206456893266
0.158653889143513
0.160399958396944
0.158899915255806
0.157391587129614
0.155874966781285
0.154350046820548
0.152816819727788
0.151275277880889
0.149725413585357
0.148167219108042
0.14660068671478
0.113120130795621
0.111885210446125
0.110643768765302
0.107993289825389
0.103982018203391
0.100028961377358
0.101550652598723
9.36371604611086E-02
9.38090873692374E-02
7.82851049263966E-02
0.117222985448877
0.114434415322792
0.111671701304655
0.123789881062938
0.122097529409057
0.120396769239637
0.11868760484533
0.116970042519606
0.115244090803537
0.113509760754706
0.111767066242582
0.110016024272998
0.108256655344568
0.10648898384026
0.104713038457605
0.102928852681414
0.101136465303309
9.93359209927781E-02
9.75272709250111E-02
9.57105734713124E-02
9.38858949585172E-02
9.20533105045271E-02
9.02129049378631E-02
8.83647738099765E-02
0.086509024510034
8.46457774929363E-02
8.27751676325327E-02
8.08973457132941E-02
7.90124800751853E-02
7.71207584280888E-02
7.52223898539568E-02
7.33176070168565E-02
7.14066686033061E-02
6.94898620177451E-02
6.75675063607084E-02
6.56399557202441E-02
6.37076028104088E-02
6.17708829942413E-02
5.98302787325352E-02
5.78863245039275E-02
5.59396122463544E-02
5.39907973747113E-02
5.20406054345926E-02
5.00898394571237E-02
4.81393880850675E-02
4.52664298544343E-02
4.42434665475266E-02
4.23002871915172E-02
4.03620269694725E-02
3.84301569470184E-02
0.036506303204938
3.45922626140041E-02
3.26900199999978E-02
0.030801766730598
2.89299207169317E-02
0.027077147765179
2.52463841310175E-02
2.34408600130516E-02
2.16641235589878E-02
1.99200647349206E-02
1.82129381038805E-02
1.65473831493013E-02
1.49284402304145E-02
1.33615595304606E-02
1.18525994088142E-02
1.04078093434019E-02
9.03379110030743E-03
7.73742985828436E-03
6.52578475477222E-03
5.40592580892864E-03
0.0043847017053
3.46842112415341E-03
1.57083394865396E-03
1.04440460759461E-03
5.43871282620586E-04
3.73245351382363E-04
2.32559155644795E-04
1.32076893728605E-04
6.62923240245849E-05
2.80748335005812E-05
9.09390973300381E-06
2.26029038411655E-06
2.70348366117699E-07
1.25359663768922E-08
6.92912789551055E-11
2.64982721698919E-15
9.79867972889593E-29
0
0
0
0
0
0
0
0
0
0
0
0
0
0
0
0
0
0
0
0
0
0
0
0
0
0
0
0
0
0
0
0
0
0
0
0
0
0
0
0
0
0
0
0
0
0
0
0
0
0
0
0
0
0
0
0
0
0
0
0
0
0
0
0
0
0
0
0
0
0
0
0
0
0
0
0
0
0
0
0
0
0
0
0
0
0
0
0
0
0
0
0
0
0
0
0
0
0
0
0
0
0
0
0
0
0
0
0
0
0
0
0
0
0
0
0
0
0
0
0
0
0
0
0
0
0
0
0
0
0
0
0
0
0
0
0
0
0
0
0
0
0
0
0
0
0
0
0
0
0
0
0
0
0
0
0
0
0
0
0
0
0
0
0
0
0
0
0
0
0
0
0
0
0
0
0
0
0
0
0
0
0
0
0
0
0
0
0
0
0
0
0
0
0
0
0
0
0
0
0
0
0
0
0
0
0
0
0
0
0
0
0
0
0
0
0
0
0
0
0
0
0
0
0
0
0
0
0
0
0
0
0
0
0
0
0
0
0
0
0
0
0
0
0
0
0
0
0
0
0
0
0
0
0
0
0
0
0
0
0
0
0
0
0
0
0
0
0
0
0
0
0
0
0
0
0
0
0
0
0
0
0
0
0
0
0
0
0
0
0
0
0
0
0
0
0
0
0
0
0
0
0
0
0
0
0
0
0
0
0
0
0
0
0
0
0
0
0
0
0
0
0
0
0
0
0
0
0
0
0
0
0
0
0
0
0
0
0
0
0
0
0
0
0
0
0
0
0
0
0
0
0
0
0
0
0
0
0
0
0
0
0
0
0
0
0
0
0
0
0
0
0
0
0
0
0
0
0
0
0
0
0
0
0
0
0
0
0
0
0
0
0
0
0
0
0
0
0
0
0
0
0
0
0
0
0
0
0
0
0
0
0
0
0
0
0
0
0
""
