0
0
0
0
0
0
0
0
0
0
0
0
0
0
0
0
0
0
0
0
0
0
0
0
0
0
0
0
0
0
0
0
0
0
0
0
0
0
0
0
0
0
0
0
0
0
0
0
0
0
0
0
0
0
0
0
0
0
0
0
0
0
0
0
0
0
0
0
0
0
0
0
0
0
0
0
0
0
0
0
0
0
0
0
0
0
0
0
0
0
0
0
0
0
0
0
0
0
0
0
0
0
0
0
0
0
0
0
0
0
0
0
0
0
0
0
0
0
0
0
0
0
0
0
0
0
0
0
0
0
0
0
0
0
0
0
0
0
0
0
0
0
0
0
0
0
0
0
0
0
0
0
0
0
0
0
0
0
0
0
0
0
0
0
0
0
0
0
0
0
0
0
0
0
0
0
0
0
0
0
0
0
0
0
0
0
0
0
0
0
0
0
0
0
0
0
0
0
0
0
0
0
0
0
0
0
0
0
0
0
0
0
0
0
0
0
0
0
0
0
0
0
0
0
0
0
0
0
0
0
0
0
0
0
0
0
0
0
0
0
0
0
0
0
0
0
0
0
0
0
0
0
0
0
0
0
0
0
0
0
0
0
0
0
0
0
0
0
0
0
0
0
0
0
0
0
0
0
0
0
0
0
0
0
0
0
0
0
0
0
0
0
0
0
0
0
0
0
0
0
0
0
0
0
0
0
0
0
0
0
0
0
0
0
0
0
0
0
0
0
0
0
0
0
0
0
0
0
0
0
0
0
0
0
0
0
0
0
0
0
0
0
0
0
0
0
0
0
0
0
0
0
0
0
0
0
0
0
0
0
0
0
0
0
0
0
0
0
0
0
0
0
0
0
0
0
0
0
0
0
0
0
0
0
0
0
0
0
0
0
0
0
0
0
0
0
0
0
0
0
0
1.07551455155174E-37
5.06037866791716E-20
2.10670295362553E-14
1.12285883688879E-11
4.92185070327173E-10
5.52942773560566E-09
3.58803578605839E-08
1.47499210722665E-07
4.47190642909856E-07
9.49148652548212E-07
2.00856193203911E-06
3.27276542471438E-06
6.07473262655073E-06
9.73640924885339E-06
1.38538787815333E-05
1.95393036981319E-05
2.33039304860782E-05
3.73670446817832E-05
8.19468131400441E-05
8.52120460281592E-05
1.04978789804397E-04
1.37734665565085E-04
1.39056107982161E-04
1.63753114785483E-04
1.90612469944911E-04
2.29583386392762E-04
2.62074621283188E-04
2.96702364907528E-04
3.91399070987653E-04
4.69237223741119E-04
5.38516990991128E-04
1.68330456796744E-03
1.56506508298573E-03
1.82861327059182E-03
1.73091716475626E-03
1.81957728450005E-03
1.9644560851471E-03
2.08120246127646E-03
3.48802049557828E-03
3.73042598838592E-03
3.97886284486093E-03
4.23310545725024E-03
4.4929352430211E-03
4.7581407134549E-03
0.005028517473841
5.30386816913456E-03
5.58400238657988E-03
5.86873652482177E-03
6.15789363736553E-03
6.19325112658424E-03
6.41136114523331E-03
6.6272156322251E-03
6.91410948875446E-03
7.43434517064783E-03
7.49800548128056E-03
7.87767022001478E-03
8.09451975544034E-03
7.77188056227386E-03
8.14719634751815E-03
9.49015912417064E-03
4.36330774266677E-03
0.004304931472413
4.55180793314328E-03
4.80647059445173E-03
6.08273852353739E-03
5.80355377045035E-03
5.73697787359016E-03
6.76446784195137E-03
5.43864383372617E-03
5.45953183012023E-03
5.60766487040768E-03
6.03065148410781E-03
8.15604183772698E-03
8.36351706061857E-03
8.71967200595829E-03
8.78109495249866E-03
9.14614105332671E-03
1.03125022390352E-02
0.011847988104233
1.21151335346003E-02
1.23831281385392E-02
0.012825245860616
1.41605537626626E-02
1.44567792173728E-02
1.47537667545561E-02
1.63684815209598E-02
1.68848600045577E-02
1.72138078499752E-02
1.75434290136646E-02
1.78736850658563E-02
1.82045386136515E-02
1.32700574477177E-02
1.45797359376366E-02
1.57093568284236E-02
1.62036888567191E-02
1.64801876996781E-02
1.60683680091055E-02
1.37673161664612E-02
1.80229692608586E-02
1.66253946647627E-02
1.71327983099729E-02
1.73994484374351E-02
1.00950118837193E-02
9.99137873765345E-03
9.88018820609875E-03
1.00252461334944E-02
0.010170352408442
1.05869567833157E-02
0.010735948240067
1.06058556652718E-02
0.010185206002334
1.03227565684573E-02
1.04602953211324E-02
1.14809644389992E-02
1.13317074899883E-02
0.011476794037059
1.16218314835387E-02
1.23861169507134E-02
3.13466429768553E-02
3.17277967346388E-02
3.21087319209127E-02
3.24894271922204E-02
3.28698615788298E-02
3.32500144731649E-02
3.36298656186889E-02
3.40093950992193E-02
0.034388583328655
3.47674110410995E-02
3.51458592813604E-02
3.55239093958122E-02
3.59015430236038E-02
3.62787420881986E-02
0.036655488789231
3.70317655946678E-02
3.74075552332599E-02
3.77828406872747E-02
3.81576051854939E-02
3.39080123328934E-02
0.022176138090555
2.39599513625079E-02
1.74464956394016E-02
1.84105996758339E-02
1.85813974702344E-02
1.87519045498377E-02
2.13902158309636E-02
1.90920190125174E-02
3.60108413969917E-02
3.84393670493094E-02
3.53649294884993E-02
3.52394307601873E-02
3.59728217550255E-02
1.96676260395487E-02
1.80687662501949E-02
2.04395082057222E-02
2.10543446951751E-02
2.48371432140154E-02
2.27597964529561E-02
2.06459628002962E-02
1.84957611188566E-02
0.013979411022048
1.40867420232156E-02
3.31188903661974E-02
3.19380329679181E-02
2.54526197844714E-02
2.41890017982516E-02
2.38783233731162E-02
2.89593269709247E-02
1.92796463306631E-02
1.99141669728734E-02
2.15579959254599E-02
2.22126739249544E-02
0.021348949898915
2.71239759164627E-02
0.027822300563596
2.74896264043159E-02
5.22106248028199E-02
5.25529837622312E-02
5.28942860316502E-02
4.95081047439275E-02
4.98235215360619E-02
5.06770443997957E-02
2.27844632399356E-02
2.56547558781416E-02
2.80088605254698E-02
2.59688885357313E-02
2.61251554504727E-02
2.40442124292444E-02
2.47486591608505E-02
2.48934251593329E-02
2.50376740119402E-02
5.09351078024549E-02
5.18003261189115E-02
5.32497605460124E-02
5.35469613796542E-02
5.32577882517237E-02
5.47264405359495E-02
4.02321924257576E-02
3.98536735546627E-02
4.00659626401927E-02
3.54681617217975E-02
3.32364112153022E-02
4.79868644631792E-02
4.82331366815864E-02
4.84783825022852E-02
4.87225953525258E-02
4.95855885691759E-02
4.98307808735118E-02
5.07008438242501E-02
0.050946936468582
5.18239363152712E-02
5.20708496312416E-02
5.29546523480214E-02
5.38432977653066E-02
5.73125846470459E-02
5.82225964490128E-02
5.71876714678846E-02
5.67925598077961E-02
5.50789751770139E-02
5.72983699630173E-02
5.15960307998984E-02
5.11556333300649E-02
4.87067520162473E-02
4.89142502119595E-02
5.38308900746342E-02
5.40559537251612E-02
5.42798430799753E-02
5.45025525451993E-02
5.47240765709147E-02
5.49444096508688E-02
4.89576473609443E-02
0.05261240710686
5.28182983625815E-02
5.23253661568573E-02
5.39269703731269E-02
0.054132054275808
5.29246324184642E-02
1.98322437897569E-02
1.70618782627098E-02
1.85513437637049E-02
2.21990764471246E-02
2.29974267967539E-02
0.023800398638494
3.61881510008734E-02
3.48617271810036E-02
3.49820654118141E-02
3.72954890707686E-02
3.30191610056542E-02
3.31298132616911E-02
3.32397386082109E-02
3.18667595694399E-02
6.54278008194853E-02
6.63843626439308E-02
6.73442379724089E-02
6.90580030183885E-02
6.85207368149287E-02
6.79772918148521E-02
6.59124833004824E-02
6.61121352191194E-02
3.88715746169104E-02
0.039751353690571
4.67683134422488E-02
3.30636178755375E-02
3.31586805779278E-02
3.17063616204471E-02
3.87751327597771E-02
3.88831171034263E-02
4.67882942296789E-02
5.31712597855651E-02
3.13615381771701E-02
2.98729151341683E-02
3.07399137418246E-02
3.08201056497237E-02
3.24842141757276E-02
3.65386846815301E-02
3.34455680736233E-02
0.032730681807439
3.20111190332899E-02
3.12869307973497E-02
3.21664929923521E-02
3.30491947944768E-02
3.31270054321479E-02
3.48237969478312E-02
3.57155867777821E-02
0.025220425566198
2.52770404733906E-02
0.024515901058975
2.29316352425246E-02
2.21604977215441E-02
7.81387604358874E-02
6.09944416896035E-02
7.18591262677944E-02
7.20069853963493E-02
7.21532555068866E-02
0.061494793852722
2.41470051893925E-02
2.25256031572997E-02
0.024240793541836
2.42868857084633E-02
2.85276904129312E-02
3.61458902501742E-02
4.46332040407529E-02
0.028684139547374
3.04253200305577E-02
0.030478526580435
3.39234003758595E-02
3.39810223720366E-02
3.31869468847266E-02
3.40940147179247E-02
3.84180553766762E-02
3.76243961820095E-02
6.59463716884849E-02
6.60485942337766E-02
6.44311935288547E-02
5.76449403801219E-02
7.15163619311835E-02
7.16202487576475E-02
7.17225544749564E-02
6.83619140846336E-02
6.84562731648414E-02
6.85491209839818E-02
6.86404554942808E-02
4.78501912345685E-02
4.70405460094127E-02
4.09943276315975E-02
3.92984548267763E-02
2.97282052035975E-02
2.88881886087471E-02
2.89218932632862E-02
7.37035331457697E-02
7.55428858819862E-02
7.65050938527281E-02
4.75368872962895E-02
3.87744336161146E-02
3.79321091983812E-02
4.23853223088722E-02
7.24792694108937E-02
7.34334199430973E-02
7.35020559627152E-02
7.35690694970424E-02
7.45216212375676E-02
0.0745861536824
0.074649039751926
7.55996861439483E-02
7.29896323677628E-02
7.39369989299442E-02
7.48840933336506E-02
4.37142577887081E-02
4.91017134836581E-02
5.62822746465939E-02
5.54255653977923E-02
4.20430178294172E-02
0.042068953284392
3.67202631654133E-02
3.94296526643304E-02
4.03479443656864E-02
4.12663107895957E-02
3.23116790431227E-02
3.32252510404115E-02
3.50373292102659E-02
3.14575284647011E-02
3.05714455063937E-02
0.027884932503062
2.78952845633778E-02
2.88051829432294E-02
3.24164224217977E-02
0.034227759644621
3.42374291165231E-02
0.044159758058302
4.41702776738494E-02
4.77863385994048E-02
4.59920001128877E-02
4.05881511864164E-02
3.96921360538106E-02
4.78170864739392E-02
4.96267444938106E-02
5.32404081361427E-02
0.062268031411153
6.40754240247868E-02
5.23442093065736E-02
0.051441477239327
5.05376384482434E-02
0.055949648512725
5.68480264731718E-02
6.13540644334226E-02
5.77383531607962E-02
6.04365441863459E-02
6.40344932057005E-02
6.67280691343747E-02
6.67144896115456E-02
6.76007814972405E-02
6.48806729437227E-02
5.31517591974793E-02
5.58380809908759E-02
5.49202073640387E-02
5.22016504993645E-02
5.03835237911719E-02
5.57605215360648E-02
5.30410513375461E-02
5.12212629650521E-02
5.11983458606154E-02
5.92544512222302E-02
5.47385343433363E-02
5.38134913958702E-02
5.10953830682247E-02
8.95909150513752E-02
7.96895585150247E-02
7.87465960900098E-02
7.69087092667636E-02
7.68588202991991E-02
7.59141275268537E-02
7.58614663830807E-02
7.66989794016868E-02
7.75335013159114E-02
6.41167971836708E-02
6.58461485026438E-02
6.66821191778515E-02
3.81993682852694E-02
3.10660095394323E-02
3.99070597787318E-02
4.51873899140673E-02
4.95718382716843E-02
5.57156881237977E-02
5.38947861405703E-02
5.47240931275631E-02
3.96788741256057E-02
2.99485392211034E-02
2.90369169715948E-02
2.90054931185224E-02
2.80954462665677E-02
2.80637335339859E-02
2.54034574101202E-02
0.02537359550752
2.62170759968132E-02
2.53121919471392E-02
2.44089050313496E-02
2.52485532350529E-02
2.95634659642895E-02
3.12612641058185E-02
3.12193447063168E-02
3.20427565469301E-02
3.19982569822454E-02
2.59078792005997E-02
3.01824293898854E-02
3.01383333968762E-02
2.92337557185757E-02
2.48970355713015E-02
2.05728393257802E-02
1.88290494837152E-02
1.87992472519605E-02
1.53564791025526E-02
1.53314169062877E-02
1.53060162647298E-02
1.52802777422314E-02
1.27118349258633E-02
1.35358127566963E-02
1.35120361342348E-02
1.26449636718132E-02
0.011780640060488
1.17590539936689E-02
1.34139524288278E-02
1.33886899352126E-02
1.33631319340096E-02
1.33372789972268E-02
1.24791859724426E-02
1.16241043102561E-02
7.4576004747273E-03
8.26933098869946E-03
7.42703107213719E-03
7.41150036731037E-03
8.21756236111946E-03
9.01993729864321E-03
8.18214271847367E-03
9.79699430653024E-03
1.14044014224034E-02
1.30042566575292E-02
1.21637107833661E-02
0.012135662654436
1.21073468660096E-02
1.12735131237812E-02
1.04432595712013E-02
9.6166400068721E-03
0.011191992075426
1.03668723398013E-02
1.03409520701079E-02
1.03148038535657E-02
8.70559316735504E-03
1.10511972091517E-02
1.25969200463261E-02
1.25636228654132E-02
1.25300488907372E-02
1.24961988955188E-02
1.47987124716553E-02
1.39811332198134E-02
1.39421257080259E-02
1.54475680396014E-02
1.54035452379336E-02
0.018431020084515
2.06745528174696E-02
1.98502808047768E-02
3.27317592443723E-02
2.88388963705295E-02
2.79948015698431E-02
2.94176047071818E-02
2.93265286777977E-02
2.92348081391421E-02
2.91424452500222E-02
0.029049442187952
2.82133447094938E-02
2.88615243489417E-02
0.026553797557989
0.036022629449341
4.83575261469777E-02
4.08916372280629E-02
3.63854907451558E-02
3.55345977092869E-02
3.17973056728972E-02
2.95249353684449E-02
3.01374756189491E-02
3.28891630373232E-02
3.84690072221597E-02
0.07097806584763
7.07156775948698E-02
7.04517438821273E-02
7.01862711381325E-02
0.069919265843471
6.96507345308683E-02
6.93806837854814E-02
6.91091202452006E-02
6.12640850348535E-02
0.057591644541524
5.94083154273772E-02
0.059846928025477
4.80874811411794E-02
4.78883276175308E-02
4.09714954664509E-02
2.47466972386719E-02
2.39753139777916E-02
2.45353585308017E-02
3.10312936493692E-02
2.95806822143433E-02
2.81410267003278E-02
2.99700270787287E-02
3.56723459156443E-02
0.034218914487346
3.40619217566447E-02
3.90218099877221E-02
3.82027245209162E-02
4.56270237738832E-02
4.66711817999788E-02
4.64469215157939E-02
0.054341688567322
5.34541386185783E-02
5.25715740655817E-02
5.23094468706506E-02
5.20462042660894E-02
4.62990688255478E-02
4.90920998185558E-02
4.16028232086743E-02
3.65872412423565E-02
4.83269904459136E-02
4.74764454356796E-02
4.48604512796692E-02
0.046378544445376
5.02118669076424E-02
5.34184557818601E-02
5.31207711963991E-02
5.28219749924623E-02
5.25220755761638E-02
4.42743951209022E-02
4.00679247519926E-02
3.75897988417103E-02
3.90414472734114E-02
3.93635804143169E-02
3.69228198505085E-02
3.77944582485254E-02
3.70187544808645E-02
4.43644593242979E-02
0.044087751152626
4.32758764034386E-02
4.30007798047865E-02
4.16698804612297E-02
4.13998893215995E-02
4.32115513737558E-02
4.29261519310411E-02
3.75025597783687E-02
3.41884005249118E-02
2.53402739457067E-02
2.41596641993652E-02
0.025491703357179
4.51668071428707E-02
4.33690494939137E-02
4.15915317217364E-02
4.12917033113213E-02
2.65236424538332E-02
2.10628947909899E-02
1.94810348858637E-02
1.60338314576992E-02
0.019188431838752
1.99704503499532E-02
1.88944005316854E-02
2.05758241103377E-02
2.63107545616036E-02
2.70011193343386E-02
2.45517543414447E-02
2.21382231762552E-02
2.10780277281309E-02
3.30964047155593E-02
3.10913923563056E-02
3.03995991011486E-02
3.90535003574296E-02
1.89368387236429E-02
1.79368358300422E-02
1.69512838947794E-02
1.67997286256321E-02
1.66479046241685E-02
1.52888069307815E-02
1.47489895982012E-02
1.54010826579394E-02
1.56468729667621E-02
1.47226555625805E-02
1.49642670493323E-02
0.014438272457442
1.35433662476416E-02
1.30357346127473E-02
1.14293755616576E-02
1.05828166162276E-02
0.012279278981731
1.35804920794509E-02
1.41441283649435E-02
0.014342659441572
1.38413925589997E-02
1.84812274571656E-02
1.82763847627947E-02
0.017736707491003
1.68736058214146E-02
1.56985076956634E-02
1.51925970174787E-02
1.56524976678285E-02
0.015465791773781
1.65262473129647E-02
2.00201103301541E-02
2.46390463684919E-02
2.79342607344685E-02
2.78756850524779E-02
2.19547748684613E-02
2.88910107360848E-02
0.028508941366827
2.81268500766128E-02
2.77447624012928E-02
0.027362704403874
2.69807026930267E-02
0.026598784442395
2.62169774107487E-02
1.57595390774409E-02
1.57813628771974E-02
1.37898807434094E-02
0.013333376699852
1.41001629540778E-02
1.38794606316905E-02
1.41299442572549E-02
1.41337407101302E-02
1.41301828858302E-02
1.65845799234677E-02
1.78467570135822E-02
1.79736258110819E-02
1.78730535304391E-02
1.73474095789621E-02
1.68298086574641E-02
1.65217500813258E-02
1.60165283108329E-02
1.57133908751276E-02
1.46498572687272E-02
1.39898693890641E-02
1.37110547340285E-02
1.28956162601149E-02
1.29801358906799E-02
1.15051699221563E-02
7.39382351111172E-03
7.56126154764878E-03
7.39316299646683E-03
7.22563720585992E-03
6.59836072470411E-03
4.79472275970426E-03
4.67949479530749E-03
4.8500415401896E-03
4.86772878879757E-03
4.3367668395593E-03
4.48755786941633E-03
4.36790546579554E-03
4.12391659636833E-03
2.91566110141228E-03
2.5965447769305E-03
2.75003219749359E-03
2.55682954755698E-03
2.26319440428917E-03
2.71438977059495E-03
2.93053183849477E-03
2.83422311919039E-03
2.92756860972325E-03
2.00577343241406E-03
1.93455773729172E-03
1.94873601240995E-03
1.87570479113939E-03
1.8034279479387E-03
1.7319360508308E-03
1.5168033855223E-03
1.7298210101949E-03
1.65488450709416E-03
2.27656438242585E-03
2.11127017775944E-03
2.12562653265036E-03
1.91175999034884E-03
1.81442967760143E-03
1.71880214903928E-03
1.3928100821646E-03
1.70812050176501E-03
1.77261411114884E-03
1.54824062231277E-03
1.44989890721451E-03
1.32015941514681E-03
1.19763367137755E-03
1.14071854857866E-03
1.0549606826827E-03
9.96897961551773E-04
7.54653796246172E-04
7.10274619838671E-04
6.64701866789044E-04
5.83919038150844E-04
5.24989599142388E-04
4.82803936788568E-04
4.03826486809601E-04
3.77004246510292E-04
3.75990270124121E-04
4.14312213480533E-04
3.47263689207245E-04
2.87413575339197E-04
2.19849244001769E-04
1.96264801438483E-04
1.54787662237283E-04
1.24571985400139E-04
1.0756821770049E-04
8.33270964748995E-05
4.54057005818022E-05
3.28999259637337E-05
2.21011491004007E-05
1.29773297880507E-05
8.58900951139841E-06
4.56961632297393E-06
2.19033826189577E-06
8.62094825005679E-07
2.66175279381342E-07
6.06053483935881E-08
8.36045134482075E-09
4.31832783681805E-10
3.91556839560697E-12
9.60290040660815E-16
3.06908899975154E-24
9.36835307487641E-67
0
0
0
0
0
0
0
0
0
0
0
0
0
0
0
0
0
0
0
0
0
0
0
0
0
0
0
0
0
0
0
0
0
0
0
0
0
0
0
0
0
0
0
0
0
0
0
0
0
0
0
0
0
0
0
0
0
0
0
0
0
0
0
0
0
0
0
0
0
0
0
0
0
0
0
0
0
0
0
0
0
0
0
0
0
0
0
0
0
0
0
0
0
0
0
0
0
0
0
0
0
0
0
0
0
0
0
0
0
0
0
0
0
0
0
0
0
0
0
0
0
0
0
0
0
0
0
0
0
0
0
0
0
0
0
0
0
0
0
0
0
0
0
0
0
0
0
0
0
0
0
0
0
0
0
0
0
0
0
0
0
0
0
0
0
0
0
0
0
0
0
0
0
0
0
0
0
0
0
0
0
0
0
0
0
0
0
0
0
0
0
0
0
0
0
0
0
0
0
0
0
0
0
0
0
0
0
0
0
0
0
0
0
0
0
0
0
0
0
0
0
0
0
0
0
0
0
0
0
0
0
0
0
0
0
0
0
0
0
0
0
0
0
0
0
0
0
0
0
0
0
0
0
0
0
0
0
0
0
0
0
0
0
0
0
0
0
0
0
0
0
0
0
0
0
0
0
0
0
0
0
""
