0
0
0
0
0
0
0
0
0
0
0
0
0
0
0
0
0
0
0
0
0
0
0
0
0
0
0
0
0
0
0
0
0
0
0
0
0
0
0
0
0
0
0
0
0
0
0
0
0
0
0
0
0
0
0
0
0
0
0
0
0
0
0
0
0
0
0
0
0
0
0
0
0
0
0
0
0
0
0
0
0
0
0
0
0
0
0
0
0
0
0
0
0
0
0
0
0
0
0
0
0
0
0
0
0
0
0
0
0
0
0
0
0
0
0
0
0
0
0
0
0
0
0
0
0
0
0
0
0
0
0
0
0
0
0
0
0
0
0
0
0
0
0
0
0
0
0
0
0
0
0
0
0
0
0
0
0
0
0
0
0
0
0
0
0
0
0
0
0
0
0
0
0
0
0
0
0
0
0
0
0
0
0
0
0
0
0
0
0
0
0
0
0
0
0
0
0
0
0
0
0
0
0
0
0
0
0
0
0
0
0
0
0
0
0
0
0
0
0
0
0
0
0
0
0
0
0
0
0
0
0
0
0
0
0
0
0
0
0
0
0
0
0
0
0
0
0
0
0
0
0
0
0
0
0
0
0
0
0
0
0
0
0
0
0
0
0
0
0
0
0
0
0
0
0
0
0
0
0
0
0
0
0
0
0
0
0
0
0
0
0
0
0
0
0
0
0
0
0
0
0
0
0
0
0
0
0
0
0
0
0
0
0
0
0
0
0
0
0
0
0
0
0
0
0
0
0
0
0
0
0
0
0
0
0
0
0
0
0
0
0
0
0
0
0
0
0
0
0
0
0
0
0
0
0
0
0
0
0
0
0
0
0
0
0
0
0
0
0
0
0
0
0
0
0
0
0
0
0
0
0
0
0
0
0
0
0
0
0
0
0
0
0
0
0
0
0
0
0
0
0
0
0
0
0
0
0
0
0
0
0
0
0
0
0
0
0
0
0
0
0
0
0
0
0
0
0
0
0
0
0
0
0
0
0
0
0
0
0
0
0
0
0
0
0
0
0
0
0
0
0
0
0
0
0
0
0
0
0
0
0
0
0
0
0
0
0
0
0
0
0
0
0
0
0
0
0
0
0
0
0
0
0
0
0
0
0
0
0
0
0
0
0
0
0
0
0
0
0
0
6.25947193754179E-66
2.16089871108701E-22
3.02095160350468E-14
8.30379982569267E-11
6.57136764611317E-09
9.70622355939E-08
6.59716632180215E-07
2.46347455270102E-06
7.86710319284046E-06
1.83776063316063E-05
4.56843837224307E-05
8.60501202057224E-05
1.38839242038828E-04
2.47994074280966E-04
3.52846550020016E-04
4.54756864996598E-04
5.96385476690984E-04
7.58717110779202E-04
8.88697614479704E-04
1.26904729444773E-03
1.58789805716793E-03
2.21730043570204E-03
2.25750587903686E-03
2.46346554289113E-03
2.9194764836759E-03
3.12338794310109E-03
3.47195238190069E-03
3.83118587119345E-03
3.99989544355977E-03
4.35900099312294E-03
5.19759123348515E-03
5.60695968448245E-03
5.74836038326179E-03
5.85649993109916E-03
6.24215313434457E-03
7.2940492895101E-03
7.72455690995231E-03
8.15731360098132E-03
8.9823310494199E-03
9.43786738610179E-03
9.89425929890594E-03
1.30513861225439E-02
1.26876746820113E-02
1.37135309541992E-02
1.22304000694253E-02
1.27054855746967E-02
1.31794573020603E-02
1.30832494978422E-02
1.35347020047563E-02
1.45925153068308E-02
1.56874634261233E-02
1.48784775151819E-02
1.53224003456048E-02
1.57641215213858E-02
1.69080418482229E-02
1.95345779287168E-02
1.93023104953297E-02
1.82683128061788E-02
1.87163908906705E-02
1.83632909180519E-02
0.02123785639307
2.33844199496872E-02
2.38939140626033E-02
2.26571267579824E-02
2.22344589308773E-02
2.08656997061777E-02
2.49724375581697E-02
2.45044797971991E-02
2.49581414070606E-02
2.63857573603401E-02
0.039777799113937
3.94489852634356E-02
2.15975038626057E-02
2.40411023612934E-02
2.33629165693875E-02
2.15701794248535E-02
2.40886830078202E-02
2.77811115296662E-02
2.70581327972602E-02
2.74433675191705E-02
2.55067808427367E-02
0.028204776125278
2.85809677974777E-02
3.01605873593179E-02
3.66554681761912E-02
3.34030617413067E-02
3.25605393745579E-02
4.43584195206997E-02
4.35987387100915E-02
4.92907960220855E-02
6.42789352882155E-02
6.63191362006372E-02
6.43598334582193E-02
7.04681600927771E-02
0.047927754274969
4.56539428154009E-02
4.47175244003911E-02
0.047983328880034
4.84502900104729E-02
0.048913269710936
6.24414186086787E-02
7.18100053620324E-02
7.54177266082358E-02
7.16127553251856E-02
7.67535274120803E-02
0.106252690591379
8.72502543078797E-02
7.56267704209132E-02
7.62434023549602E-02
8.78337388037238E-02
0.12962718717044
0.127445393703502
0.134837154995255
0.137464564512148
0.138477380082035
0.139480838688526
0.140474972446281
0.141459812827863
0.144111101143964
0.145088815402983
0.146057218605767
0.129921416765686
0.130760835241139
0.131592101277174
0.128930627529105
0.133230272330551
0.176364768620444
0.177415943623363
0.178456543978292
0.179486598070931
0.180506133621778
0.181515177696375
0.182513756715748
0.177996839573008
0.177100437229559
0.174320140716129
0.175219692978663
0.177983029102385
4.70717164340427E-02
4.73032193177377E-02
5.13347255661286E-02
4.96688646099943E-02
0.049901628966709
4.62754501994488E-02
4.84223037847869E-02
5.44750861567458E-02
6.44847674925772E-02
9.02762672170614E-02
9.06600209866951E-02
8.90600154446309E-02
8.34645845649854E-02
8.38022581633922E-02
9.01454019723783E-02
9.04981521968023E-02
0.137278991067069
0.1438777533607
0.142379006358993
0.151065416987775
0.186437488562407
0.185040279482708
0.185682884833982
0.18217618425625
0.182787041053742
0.183389179127457
0.181891896960294
0.182469982470451
0.183039476992316
0.181490040234523
0.182036030833955
0.212294831581834
0.212910024853544
0.213515392322322
0.21411094292996
0.214696685354668
0.215272628017459
0.215838779088379
0.216395146492594
0.19524756412471
0.195730704731473
0.196205060166721
0.157336509387059
0.151131037748314
0.162450948172791
0.167212458397263
0.187420536240397
0.187818874686795
0.188208953986775
0.186372063849453
0.191187464059429
0.216058580320745
0.214234472491121
0.210157043415249
0.210533727931409
0.208657681171601
0.209012355534498
0.202604549480855
0.21645906763564
0.21453903234356
0.214864601391561
0.212915933191347
0.192805249880648
0.190800497603844
0.191055939085642
0.191303279903614
0.191542522587028
0.189490649685909
0.191996723151847
0.196788154287062
0.18783716472049
0.190324281746397
0.192808046721161
0.151635522379418
0.154072244065185
0.168014417413104
0.152027886263887
0.165977433445352
0.170713212616953
0.230853236133406
0.231003331311696
0.198783683037599
0.208147226352816
0.208256371106976
0.222247329061733
0.220029211761151
0.220117047511655
0.231785011328572
0.23185826549634
0.231921918436819
0.231975970720588
0.232020422831248
0.232055275165878
0.232080528035406
0.2320961816649
0.232102236193783
0.232098691675964
0.232085548079883
0.23206280528849
0.232030463099126
0.231988521223339
0.231936979286612
0.231875836828007
0.231805093299739
0.231724748066656
0.231634800405649
0.231535249504973
0.231426094463492
0.231307334289834
0.231178967901472
0.231040994123717
0.230893411688628
0.230736219233839
0.230569415301304
0.230392998335948
0.230206966684246
0.179408828502309
0.22520993116213
0.222703430599581
0.222485656912001
0.116857586815266
0.160222134070657
0.198912775025872
0.223804905517351
0.216694712403667
0.223261056852818
0.222974963311881
0.224951658757223
0.224643549982661
0.226591806582406
0.22626128386901
0.225921105114085
0.225571266685126
0.225211764809894
7.41980565391546E-02
7.85623142197438E-02
7.61855811307232E-02
7.38134239680425E-02
7.36788232999717E-02
8.24550888552656E-02
8.22970011519678E-02
7.99154511519628E-02
7.31084299877821E-02
7.73795119783162E-02
6.17731037787348E-02
6.60427244191476E-02
5.49142187160046E-02
5.69820165368627E-02
5.46641475040619E-02
5.45354580491557E-02
5.44043304686268E-02
4.99291019837569E-02
5.19693637718079E-02
5.61561533829749E-02
7.10891323851614E-02
0.191214926267686
0.190695896843311
0.213672067548042
0.123580175379925
0.121100287539323
0.120745487807313
0.109824983564501
0.109491065898268
0.111251097469762
0.110900299480858
0.108458522917251
0.106025136009346
0.103600429953613
0.105314683836909
0.107009745528569
0.106634644473051
0.114427780855965
0.11197673088762
0.111563545667404
0.109124048733148
0.108707576246319
0.112296273502068
0.11584789918397
0.117372477942904
0.11689373960854
9.47056696274518E-02
9.23417811354757E-02
6.26016494363454E-02
7.40157540498247E-02
7.36881916279337E-02
6.94958821062639E-02
6.91782303046555E-02
6.12061363240338E-02
5.90135754907343E-02
6.44141288095907E-02
6.22148991681694E-02
0.061906806520153
0.06346183494107
0.061280403291665
5.91147419005167E-02
0.058802739792946
5.84874072451825E-02
5.81687362563406E-02
5.78467186270197E-02
5.57238038947419E-02
5.54053405850212E-02
5.68605008524484E-02
5.65250105773046E-02
5.96977626660318E-02
5.75889686249194E-02
5.54981572814099E-02
5.34256387143121E-02
4.96593332269393E-02
4.93367253848617E-02
4.90109901846716E-02
6.54690549877934E-02
6.33553011367591E-02
5.79490428434367E-02
6.24727551264653E-02
6.20252415452495E-02
6.80549748047966E-02
6.11176618200779E-02
6.22538179935353E-02
6.17772795897669E-02
5.97246879805405E-02
5.92518741406447E-02
0.105175938689929
9.35762748078638E-02
8.06265862379945E-02
0.122177297293579
0.119628231633634
8.59693104024821E-02
9.10774429752695E-02
0.109172775402794
0.105278189886813
0.114286437973553
0.118849667246907
7.56570264498418E-02
7.49043258499422E-02
8.10105279381233E-02
6.65852914021269E-02
6.72293876546482E-02
7.44896353864239E-02
8.55163348012247E-02
8.58646029758805E-02
0.086175420310738
9.15335883607488E-02
8.79393866290985E-02
8.43969191589592E-02
9.31655123504936E-02
9.19956450613169E-02
0.100375946674617
9.90620207593901E-02
9.89011275382269E-02
8.95167057917887E-02
0.08826726466045
9.48163875900219E-02
5.71592171782683E-02
5.84721578975263E-02
0.057579809089828
5.98295145063231E-02
5.88730855522804E-02
7.31487119768071E-02
8.49082135877779E-02
0.088358284041595
8.48733734935956E-02
8.33408174820408E-02
8.17971305580397E-02
7.56831301944662E-02
6.16895629419768E-02
6.30816251425507E-02
6.52149911375786E-02
6.63542835679969E-02
6.73746371121504E-02
6.66686137578294E-02
0.065131142038101
0.062817956743632
6.20274654057595E-02
6.19185739195265E-02
7.09480453489318E-02
6.90402137743988E-02
6.71222644158084E-02
6.51946229041043E-02
6.32577673507352E-02
0.061312233748594
5.93586219147534E-02
5.73976020268822E-02
3.04864569949874E-02
0.014967796039423
1.38990619310316E-02
1.33638473348257E-02
1.09274680115081E-02
9.10485526118714E-03
8.27217752911277E-03
7.47950228360935E-03
6.72707744993619E-03
7.89483324043241E-03
7.1250194983289E-03
6.73306562689375E-03
6.02636235454785E-03
5.95700418442809E-03
5.85278354682667E-03
5.4552171968328E-03
5.06293654461248E-03
4.23138598370396E-03
3.88841562103517E-03
3.55275470997695E-03
3.22539170027358E-03
2.60134973720571E-03
2.18938238533292E-03
1.94029870428606E-03
1.59576766255065E-03
1.38380733522661E-03
1.18422463981099E-03
1.13118156328449E-03
8.81596268537471E-04
7.15100803160877E-04
5.66098092959722E-04
4.08133238919399E-04
3.2331455329632E-04
2.44511589693645E-04
1.74853805410472E-04
1.10562494444357E-04
6.42571841499268E-05
3.34445858555656E-05
1.33413171229434E-05
5.17814453907187E-06
1.32201220705919E-06
2.13592056110051E-07
1.63618561860652E-08
3.76847094528446E-10
5.16891978905962E-13
2.57077525115632E-19
8.35440938641862E-43
0
0
0
0
0
0
0
0
0
0
0
0
0
0
0
0
0
0
0
0
0
0
0
0
0
0
0
0
0
0
0
0
0
0
0
0
0
0
0
0
0
0
0
0
0
0
0
0
0
0
0
0
0
0
0
0
0
0
0
0
0
0
0
0
0
0
0
0
0
0
0
0
0
0
0
0
0
0
0
0
0
0
0
0
0
0
0
0
0
0
0
0
0
0
0
0
0
0
0
0
0
0
0
0
0
0
0
0
0
0
0
0
0
0
0
0
0
0
0
0
0
0
0
0
0
0
0
0
0
0
0
0
0
0
0
0
0
0
0
0
0
0
0
0
0
0
0
0
0
0
0
0
0
0
0
0
0
0
0
0
0
0
0
0
0
0
0
0
0
0
0
0
0
0
0
0
0
0
0
0
0
0
0
0
0
0
0
0
0
0
0
0
0
0
0
0
0
0
0
0
0
0
0
0
0
0
0
0
0
0
0
0
0
0
0
0
0
0
0
0
0
0
0
0
0
0
0
0
0
0
0
0
0
0
0
0
0
0
0
0
0
0
0
0
0
0
0
0
0
0
0
0
0
0
0
0
0
0
0
0
0
0
0
0
0
0
0
0
0
0
0
0
0
0
0
0
0
0
0
0
0
0
0
0
0
0
0
0
0
0
0
0
0
0
0
0
0
0
0
0
0
0
0
0
0
0
0
0
0
0
0
0
0
0
0
0
0
0
0
0
0
0
0
0
0
0
0
0
0
0
0
0
0
0
0
0
0
0
0
0
0
0
0
0
0
0
0
0
0
0
0
0
0
0
0
0
0
0
0
0
0
0
0
0
0
0
0
0
0
0
0
0
0
0
0
0
0
0
0
0
0
0
0
0
0
0
0
0
0
0
0
0
0
0
0
0
0
0
0
0
0
0
0
0
0
0
0
0
0
0
0
0
0
0
0
0
0
0
0
0
0
0
0
0
0
0
0
0
0
0
0
0
0
0
0
0
0
0
0
0
0
0
0
0
0
0
0
0
0
0
0
0
0
0
0
0
0
0
0
0
0
0
0
0
0
0
0
0
0
0
0
0
0
""
