0
0
0
0
0
0
0
0
0
0
0
0
0
0
0
0
0
0
0
0
0
0
0
0
0
0
0
0
0
0
0
0
0
0
0
0
0
0
0
0
0
0
0
0
0
0
0
0
0
0
0
0
0
0
0
0
0
0
0
0
0
0
0
0
0
0
0
0
0
0
0
0
0
0
0
0
0
0
0
0
0
0
0
0
0
0
0
0
0
0
0
0
0
0
0
0
0
0
0
0
0
0
0
0
0
0
0
0
0
0
0
0
0
0
0
0
0
0
0
0
0
0
0
0
0
0
0
0
0
0
0
0
0
0
0
0
0
0
0
0
0
0
0
0
0
0
0
0
0
0
0
0
0
0
0
0
0
0
0
0
0
0
0
0
0
0
0
0
0
0
0
0
0
0
0
0
0
0
0
0
0
0
0
0
0
0
0
0
0
0
0
0
0
0
0
0
0
0
0
0
0
0
0
0
0
0
0
0
0
0
0
0
0
0
0
0
0
0
0
0
0
0
0
0
0
0
0
0
0
0
0
0
0
0
0
0
0
0
0
0
0
0
0
0
0
0
0
0
0
0
0
0
0
0
0
0
0
0
0
0
0
0
0
0
0
0
0
0
0
0
0
0
0
0
0
0
0
0
0
0
0
0
0
0
0
0
0
0
0
0
0
0
0
0
0
0
0
0
0
0
0
0
0
0
0
0
0
0
0
0
0
0
0
0
0
0
0
0
0
0
0
0
0
0
0
0
0
0
0
0
0
0
0
0
0
0
0
0
0
0
0
0
0
0
0
0
0
0
0
0
0
0
0
0
0
0
0
0
0
0
0
0
0
0
0
0
0
0
0
0
0
0
0
0
0
0
0
0
0
0
0
0
0
0
0
0
0
0
0
0
0
0
0
0
0
0
0
0
0
0
0
0
0
0
0
0
0
0
0
0
0
0
0
0
0
0
0
0
0
0
0
0
0
0
0
0
0
0
0
0
0
0
0
0
0
0
0
0
0
0
0
0
0
0
0
0
0
0
0
0
0
0
0
0
0
0
1.54174707783679E-29
2.2550926216492E-16
9.47012582254807E-12
2.179800906799E-09
5.93984639873557E-08
5.41258528104435E-07
3.08986173497764E-06
9.96290960889776E-06
2.59474070034898E-05
5.61743647149825E-05
9.4744998503543E-05
1.405492424497E-04
2.09391526189488E-04
4.51371613091612E-04
5.61663391744291E-04
7.63586295142461E-04
9.92010820283903E-04
1.25359057979518E-03
1.62307634217816E-03
1.25621991145745E-03
1.19564269640583E-03
1.72016594967011E-03
3.31783697195008E-03
3.83872520485996E-03
4.34907271581458E-03
3.48855493856268E-03
1.67437570406476E-03
1.85250908000566E-03
1.96393934566411E-03
2.14690773357415E-03
2.24836024281861E-03
2.24651626876356E-03
2.62313608013663E-03
2.81626025308233E-03
2.78103742547044E-03
2.96532958365115E-03
3.28359943111631E-03
3.62005228840006E-03
3.97475050088573E-03
4.81356822569204E-03
5.06587830540046E-03
5.66356068146868E-03
5.7565676546348E-03
5.64655351175895E-03
1.35650261754037E-02
1.47611477254168E-02
1.53703950118632E-02
1.08767954409864E-02
1.12947410589825E-02
1.07578064513235E-02
1.53539391062336E-02
1.66560574120615E-02
2.25137672422262E-02
2.54358481444149E-02
2.82152042833046E-02
2.90810256733047E-02
2.99476063767216E-02
3.08147299399631E-02
3.16821944102071E-02
2.92948301178643E-02
2.97414898190965E-02
3.11991760873371E-02
3.23397213025356E-02
3.31369706496375E-02
3.50401799197269E-02
3.01996839940051E-02
3.08911542059275E-02
2.76341111474181E-02
2.62207249227452E-02
2.71924419845025E-02
2.73393168596875E-02
3.94854274121449E-02
4.02738771320863E-02
1.11578603697034E-02
1.13713334271425E-02
1.89983999190868E-02
1.93471034242682E-02
0.018253969072637
2.59083147540438E-02
2.48642787311673E-02
2.32629093029134E-02
0.02262150703142
0.026648230177633
3.02602989065863E-02
0.030736057885618
2.95679079141309E-02
3.00162421552445E-02
3.27198976714761E-02
3.60607578371234E-02
3.30957068316173E-02
3.12083185220265E-02
0.029254075705879
2.54177025996948E-02
2.51461295187781E-02
2.54787194861212E-02
2.64397969722248E-02
2.74159550413564E-02
2.96983384559441E-02
3.59494213603416E-02
3.50653026034883E-02
3.81653045343572E-02
3.86173524715852E-02
3.49554645648249E-02
0.033277348863551
0.032953002666116
3.26116960894851E-02
3.29702473105866E-02
1.08676695889031E-02
1.09837519731077E-02
0.013319294526754
1.34575768809433E-02
1.28400493762378E-02
1.37326001140454E-02
1.00167420356086E-02
1.01151184282425E-02
1.17843647739892E-02
1.18969998348313E-02
1.20091934422394E-02
1.21209434017753E-02
1.30477307273464E-02
1.23431037869527E-02
1.07930420047171E-02
1.17258998809872E-02
1.09832356589169E-02
1.10777404418782E-02
1.11718482485039E-02
1.03989760593223E-02
0.010485107289089
1.05708674831899E-02
1.06562551475808E-02
8.95105733814215E-03
9.0215891650394E-03
8.18262621056502E-03
7.32936748373703E-03
9.23129534921448E-03
9.30056371808463E-03
8.4325619757824E-03
7.55051437620548E-03
7.60516126085662E-03
7.65955040035335E-03
7.71368090373594E-03
8.73849587350009E-03
8.79880778507564E-03
9.84313974846387E-03
9.90949874329644E-03
9.97552900931804E-03
0.010041229484826
1.01065991158983E-02
1.01716368561841E-02
9.21270750003695E-03
8.24057001254943E-03
8.29179870268966E-03
8.34275858947165E-03
8.39344886395485E-03
8.44386872246411E-03
8.4940173664884E-03
9.61188075291021E-03
1.07418723028774E-02
1.08035351275986E-02
1.08648550039899E-02
1.09258309645943E-02
1.20851082526097E-02
1.21514220276933E-02
1.22173543412486E-02
0.011166276504055
1.01029667192957E-02
1.12844110504029E-02
1.24772482962741E-02
1.02610291440992E-02
0.010313083461745
1.03648198297021E-02
1.04162374326316E-02
9.30429818668478E-03
9.34943387214352E-03
9.39428406234437E-03
8.25899204340489E-03
8.29773448917013E-03
9.52711460574749E-03
9.57081578040736E-03
9.61422796367536E-03
1.08645192776029E-02
9.70018261396314E-03
9.74272372047732E-03
9.78497311459076E-03
9.82693012658891E-03
9.8685940909792E-03
8.67121880318449E-03
8.70716020659637E-03
8.74284346865198E-03
0.00877826802188
8.81343330253648E-03
8.84833875061384E-03
7.61398612272905E-03
7.64345822377832E-03
7.67270619046993E-03
7.70172955569568E-03
7.73052785559629E-03
7.75910062957193E-03
9.08535532367533E-03
7.81556777371206E-03
7.84346123907396E-03
6.55927280744084E-03
6.58213809928701E-03
6.60481320743049E-03
7.95275732078369E-03
6.64959141719859E-03
6.67169379811683E-03
8.0323254647293E-03
8.05838799763885E-03
8.08421973590852E-03
8.10982026239774E-03
9.49105402396555E-03
1.08804347048687E-02
8.18523045135436E-03
6.84158502348349E-03
8.2343403592888E-03
8.25854504834062E-03
9.66293498626206E-03
9.69062725458378E-03
0.011106337803406
9.74518951054995E-03
9.77205861055423E-03
8.39884494894283E-03
7.01783611915837E-03
7.03643754325997E-03
8.46580971148281E-03
7.07304746759319E-03
7.09105536988032E-03
5.68709187095671E-03
4.27588534962031E-03
2.85755492545096E-03
2.86443989851718E-03
4.30686755916438E-03
4.31695535495096E-03
4.32692306961297E-03
4.33677053950285E-03
4.34649760285417E-03
5.80813879971687E-03
5.82078649642297E-03
5.83327301914125E-03
5.84559816229578E-03
5.8577617228584E-03
5.8697635003564E-03
7.35200412110009E-03
7.3666011463628E-03
0.007380995210282
7.3951860751376E-03
7.40917350645005E-03
5.93836581839135E-03
5.94922971742647E-03
7.44991290312665E-03
7.46308432059016E-03
7.47605118102773E-03
8.9865759235026E-03
1.05019185245939E-02
9.0164667457867E-03
9.03104256599212E-03
1.05529336130655E-02
1.05693627840591E-02
1.05855035670631E-02
1.06013556938547E-02
9.10021620077665E-03
9.11330822519558E-03
1.06471775252137E-02
0.01066187243898
1.06762774260455E-02
9.16319335414742E-03
9.17504285589174E-03
9.18664324436545E-03
9.19799432617929E-03
7.67424659336664E-03
7.68328984729777E-03
7.69212488270945E-03
7.70075155213245E-03
7.70916971153389E-03
7.71737922032266E-03
7.72537994135474E-03
9.27980608912597E-03
1.08370562843744E-02
1.08473792815975E-02
1.08574092563553E-02
1.39720449097033E-02
1.39841864643491E-02
1.24408450200005E-02
1.40073372622503E-02
1.40183461179711E-02
1.09114265791396E-02
1.09194009720889E-02
1.09270811370226E-02
9.37240023879907E-03
7.81539876646618E-03
7.82025357252389E-03
9.38987744295152E-03
9.39519789409272E-03
1.09669764764474E-02
1.09725937176455E-02
9.40964214784748E-03
9.41395093003005E-03
9.41800660367243E-03
9.4218091007275E-03
9.42535835738924E-03
9.42865431409519E-03
9.43169691552859E-03
9.43448611062046E-03
9.43702185255152E-03
1.10125214485462E-02
1.10148882793981E-02
1.25908106066233E-02
0.012592839334818
1.25945298984038E-02
1.25958822689936E-02
1.25968964238786E-02
1.25975723460288E-02
1.25979100240936E-02
1.41726481339529E-02
1.25975706309652E-02
1.25968935654713E-02
1.25958782672906E-02
1.25945247534723E-02
1.41669371775874E-02
1.25908031755131E-02
1.25884351738616E-02
1.25857290815487E-02
1.25826849440076E-02
1.25793028123438E-02
0.011003634900417
1.10000841994945E-02
9.42534678654034E-03
9.42179667375241E-03
9.41799332077969E-03
0.010982926256683
9.40962715380239E-03
7.8375537334661E-03
6.26683256469953E-03
7.82931694603446E-03
7.82488252477877E-03
6.25619001316987E-03
6.25230559916777E-03
7.81031605366224E-03
9.36604771856987E-03
9.35946386737585E-03
9.35262782111988E-03
9.34553969431379E-03
7.78183300472473E-03
7.77550639841283E-03
9.32276403869008E-03
9.31466881873931E-03
1.24084295382803E-02
1.23969655776618E-02
1.23851667348833E-02
1.23730332072525E-02
1.23605651976238E-02
1.38912332786903E-02
1.54182832143507E-02
1.54014454854257E-02
1.38457716636778E-02
1.53665192584219E-02
1.53484313433937E-02
1.68629200235743E-02
1.68421081613285E-02
1.98791736449786E-02
2.13806900469749E-02
0.021352458443569
2.13236465085574E-02
2.12942547217822E-02
2.12642835725721E-02
2.27504288139902E-02
2.12026051914848E-02
2.26831060559259E-02
2.26485165738744E-02
0.024120863060821
0.022577484277699
2.10383064670491E-02
2.10037191663344E-02
2.24663114259371E-02
2.54184261603143E-02
2.53743364826256E-02
0.025329551313537
2.52840713947823E-02
0.028207061888585
3.40819822125372E-02
2.81015261045916E-02
2.95237875858183E-02
3.09395190134811E-02
3.38189904016662E-02
3.52183392223238E-02
3.51463252740945E-02
3.21505622455576E-02
2.77078476438391E-02
2.76485340714128E-02
2.46844070389324E-02
2.31811462701381E-02
2.31292664267807E-02
2.45190409442493E-02
2.44625549261188E-02
2.44053884514351E-02
2.43475424581951E-02
1.71451891023426E-02
1.56781160547303E-02
1.42176099445526E-02
1.13455917315321E-02
1.13167780154516E-02
9.87669136865166E-03
1.26654749960562E-02
1.26319912316569E-02
1.11983577257117E-02
9.77196824889623E-03
9.74509821914149E-03
9.71795335830753E-03
1.10748961235966E-02
9.66284091457559E-03
9.63487422765619E-03
8.2342581442142E-03
9.57812219466684E-03
9.54933776931699E-03
9.52028169202771E-03
9.49095443336129E-03
9.46135646793238E-03
0.012126199209933
1.47735505270783E-02
1.33870616252474E-02
1.20089149352212E-02
1.32990327607877E-02
1.19289997522431E-02
1.18885263839511E-02
1.18477100310111E-02
0.011806551349633
1.56867346680518E-02
1.69335250520871E-02
0.016872595959617
1.55180088519742E-02
1.67492669259467E-02
1.92540795685909E-02
2.30178231066346E-02
0.019108397442736
2.03036963178773E-02
2.14885371968784E-02
2.14037646876645E-02
2.00643399162868E-02
2.12323279770981E-02
2.23895292405011E-02
2.72520187470091E-02
2.59046910923526E-02
2.82520177809621E-02
2.81313885267791E-02
2.43564510265241E-02
2.54626005878116E-02
2.53501636277915E-02
0.030044005330907
2.99083392018485E-02
2.97717699819653E-02
2.60781838504026E-02
2.83160936811669E-02
2.70081321962545E-02
2.92165055668077E-02
0.027912435396212
0.027776171105536
2.76390546207025E-02
6.64609629158816E-02
5.58646421927864E-02
5.55795029295473E-02
5.75494840930317E-02
5.72491264437715E-02
5.47137707214474E-02
5.77537154539989E-02
5.85466837324746E-02
5.60299141668494E-02
0.072109127832366
6.62743546567622E-02
9.83102781306249E-02
9.45266369059439E-02
9.39809845111197E-02
0.093432331385304
8.02151380832985E-02
8.18344602237965E-02
8.23830444966064E-02
6.32236481561228E-02
5.25325269881322E-02
5.22042298922095E-02
0.051874229610136
5.15425314041247E-02
5.22132413686271E-02
5.08740624535102E-02
5.25191574174445E-02
2.95287446406148E-02
2.83510586494887E-02
2.71857957933275E-02
0.026997244274408
2.68077844474272E-02
2.56667972829522E-02
2.54823611119119E-02
2.43601300169469E-02
2.23207922589795E-02
2.03083334595299E-02
2.01552419138112E-02
2.00014541659075E-02
2.16512430626294E-02
2.23770459737863E-02
0.022199931546904
2.46646825048668E-02
2.44645724529253E-02
2.33970396392756E-02
2.14837130929286E-02
1.95985152392396E-02
2.02761517568966E-02
2.01009491937764E-02
0.016604183415758
1.64569730915805E-02
1.63091627612993E-02
1.69687929674577E-02
1.76129285823094E-02
2.06208077211429E-02
2.04255710356683E-02
2.17856940543172E-02
2.15738036896695E-02
2.13611020468797E-02
2.11475935470865E-02
2.31761344227694E-02
2.21980437122947E-02
2.19667205838161E-02
2.24590380686472E-02
2.15015461667849E-02
2.19766291250164E-02
3.43539601952564E-02
3.39693245364828E-02
3.28979805183221E-02
3.45510030966574E-02
3.01292951902931E-02
2.97712143201767E-02
0.030065545328962
3.22794466988203E-02
2.93274445870412E-02
2.89566173984498E-02
0.032934454619925
1.41057336902436E-02
1.57340520624118E-02
0.01432786377173
1.76642546248663E-02
1.79985579635303E-02
0.017170953310614
1.69232465151793E-02
1.66748492830119E-02
1.69732981735845E-02
1.45584245250875E-02
1.32713546574168E-02
1.25396638726245E-02
1.13101288725676E-02
1.11251130755597E-02
1.14369120546153E-02
1.17313807988466E-02
1.15281347875604E-02
1.13244444485281E-02
1.15836707228419E-02
1.18254370209307E-02
9.81828151422649E-03
9.81828151422649E-03
9.44152954982222E-03
8.83209249269733E-03
9.47548503814639E-03
8.87406608225383E-03
9.86859625312011E-03
9.26664543397965E-03
8.30426998567079E-03
9.95799796422198E-03
1.00843450580624E-02
1.01931928347476E-02
0.010627381965988
9.69019682528018E-03
9.76406351948368E-03
7.60302282672482E-03
7.08671357111558E-03
7.18672225416851E-03
6.6879624363199E-03
6.48882419539142E-03
5.7429651173681E-03
5.56161232582998E-03
5.6367943525752E-03
4.95230265893457E-03
5.25873471273904E-03
5.0704728427101E-03
5.32671928134622E-03
5.12277701732144E-03
4.91969768161881E-03
4.71758854997912E-03
4.51656526051389E-03
4.4966171925258E-03
5.1478559643336E-03
4.90163392934349E-03
4.96796820121292E-03
4.56276170945588E-03
4.31538461174333E-03
4.33347669764322E-03
4.07646532532268E-03
3.93892720855338E-03
3.89852520171343E-03
3.93373407768031E-03
3.46247759587135E-03
3.02580506756154E-03
2.86170755615249E-03
2.61777298346671E-03
2.51328811689375E-03
2.33134247382491E-03
1.98504161026742E-03
1.57649531070576E-03
2.27692704412229E-03
2.02660637429575E-03
1.65560389511703E-03
1.3850811125395E-03
1.18696890048371E-03
9.61870681610917E-04
7.63811732782477E-04
6.04379592603723E-04
4.74468456963568E-04
6.0262876612439E-04
4.35963291434816E-04
3.03531512196061E-04
1.94289909049349E-04
1.12452726949884E-04
4.57922093773936E-05
1.08605266825053E-05
4.09499604862412E-06
1.14868687262113E-06
2.46520808860334E-07
2.74174368118527E-08
1.00122867697167E-09
4.30460843514507E-12
9.9578280474827E-17
5.78561307976587E-30
0
0
0
0
0
0
0
0
0
0
0
0
0
0
0
0
0
0
0
0
0
0
0
0
0
0
0
0
0
0
0
0
0
0
0
0
0
0
0
0
0
0
0
0
0
0
0
0
0
0
0
0
0
0
0
0
0
0
0
0
0
0
0
0
0
0
0
0
0
0
0
0
0
0
0
0
0
0
0
0
0
0
0
0
0
0
0
0
0
0
0
0
0
0
0
0
0
0
0
0
0
0
0
0
0
0
0
0
0
0
0
0
0
0
0
0
0
0
0
0
0
0
0
0
0
0
0
0
0
0
0
0
0
0
0
0
0
0
0
0
0
0
0
0
0
0
0
0
0
0
0
0
0
0
0
0
0
0
0
0
0
0
0
0
0
0
0
0
0
0
0
0
0
0
0
0
0
0
0
0
0
0
0
0
0
0
0
0
0
0
0
0
0
0
0
0
0
0
0
0
0
0
0
0
0
0
0
0
0
0
0
0
0
0
0
0
0
0
0
0
0
0
0
0
0
0
0
0
0
0
0
0
0
0
0
0
0
0
0
0
0
0
0
0
0
0
0
0
0
0
0
0
0
0
0
0
0
0
0
0
0
0
0
0
0
0
0
0
0
0
0
0
0
0
0
0
0
0
0
0
0
0
0
0
0
0
0
0
0
0
0
0
0
0
0
0
0
0
0
0
0
0
0
0
0
0
0
0
0
0
0
0
0
0
0
0
0
0
0
0
0
0
0
0
0
0
0
0
0
0
0
0
0
0
0
0
0
0
0
0
0
0
0
0
0
0
0
0
0
0
0
0
0
0
0
0
""
