0
0
0
0
0
0
0
0
0
0
0
0
0
0
0
0
0
0
0
0
0
0
0
0
0
0
0
0
0
0
0
0
0
0
0
0
0
0
0
0
0
0
0
0
0
0
0
0
0
0
0
0
0
0
0
0
0
0
0
0
0
0
0
0
0
0
0
0
0
0
0
0
0
0
0
0
0
0
0
0
0
0
0
0
0
0
0
0
0
0
0
0
0
0
0
0
0
0
0
0
0
0
0
0
0
0
0
0
0
0
0
0
0
0
0
0
0
0
0
0
0
0
0
0
0
0
0
0
0
0
0
0
0
0
0
0
0
0
0
0
0
0
0
0
0
0
0
0
0
0
0
0
0
0
0
0
0
0
0
0
0
0
0
0
0
0
0
0
0
0
0
0
0
0
0
0
0
0
0
0
0
0
0
0
0
0
0
0
0
0
0
0
0
0
0
0
0
0
0
0
0
0
0
0
0
0
0
0
0
0
0
0
0
0
0
0
0
0
0
0
0
0
0
0
0
0
0
0
0
0
0
0
0
0
0
0
0
0
0
0
0
0
0
0
0
0
0
0
0
0
0
0
0
0
0
0
0
0
0
0
0
0
0
0
0
0
0
0
0
0
0
0
0
0
0
0
0
0
0
0
0
0
0
0
0
0
0
0
0
0
0
0
0
0
0
0
0
0
0
0
0
0
0
0
0
0
0
0
0
0
0
0
0
0
0
0
0
0
0
0
0
0
0
0
0
0
0
0
0
0
0
0
0
0
0
0
0
0
0
0
0
0
0
0
0
0
0
5.08715549298215E-153
8.53309970111168E-33
1.77107209268309E-19
2.29399161497259E-14
1.07570548407486E-11
4.87574801072698E-10
6.71170661663466E-09
5.06614709985167E-08
2.13478257417427E-07
5.57704510541925E-07
1.3190649593536E-06
2.91392467738159E-06
5.68714273233332E-06
9.24229147673134E-06
1.32517508623008E-05
1.96884128281355E-05
2.78605896933147E-05
3.78697129544086E-05
5.47497141466519E-05
6.04062149043463E-05
7.53266658550748E-05
9.68441231868472E-05
1.04558918885807E-04
1.30344158150727E-04
1.19873594340676E-04
1.47163147436379E-04
1.57097566766339E-04
1.53562331581083E-04
1.71731967892123E-04
1.90589993825424E-04
2.10068337459751E-04
2.47801692557338E-04
2.89185360553935E-04
3.13369008865199E-04
3.15455982248948E-04
3.62983817048744E-04
3.62412068437117E-04
3.58696710126389E-04
4.39681949563358E-04
4.65657321325269E-04
4.58981348149498E-04
4.48906727096404E-04
4.35386638781323E-04
4.56420754166294E-04
4.37666692055129E-04
5.40005859259317E-04
6.06011757565497E-04
5.85381592760422E-04
6.07957926584389E-04
6.78934053682297E-04
7.03026367440786E-04
6.75059737393161E-04
6.97176193835819E-04
6.63830382423522E-04
6.83973245826847E-04
6.45304534758195E-04
7.23809992011454E-04
7.43491857101303E-04
7.63009286482259E-04
7.82358049529766E-04
9.35123607674762E-04
9.57291566471824E-04
9.79251939712411E-04
1.00100227106382E-03
1.02644601017059E-03
1.08262916561833E-03
1.22141238011143E-03
1.36970186941134E-03
1.25811812280672E-03
1.50725524661336E-03
1.57789322974497E-03
2.0621713207963E-03
2.15345114896648E-03
2.24617423545866E-03
2.34030927910651E-03
2.67940801958262E-03
2.91259638355761E-03
3.02551266772448E-03
3.1399144536627E-03
3.39732379041382E-03
3.37304267767573E-03
3.4917046429716E-03
3.61172315890301E-03
3.73306742833465E-03
3.68806777664912E-03
3.97961286749025E-03
4.28322287156843E-03
4.59902804875078E-03
3.97962462595167E-03
4.48731982132682E-03
4.41638407280848E-03
4.74803697323428E-03
4.03131951949303E-03
3.92325457236601E-03
4.25195169135679E-03
4.36351486429657E-03
4.71145559195753E-03
4.83056425823977E-03
4.95047941156873E-03
5.32474036745917E-03
5.45228307930178E-03
5.04912473622413E-03
5.43781541549898E-03
6.11762145779788E-03
5.6858260775039E-03
5.2297684596101E-03
5.63971302723084E-03
5.75972424229644E-03
5.57083793557829E-03
5.68564248978248E-03
8.70147004282297E-03
9.20396760045888E-03
9.72015130592765E-03
1.02500823863381E-02
1.07938194284154E-02
1.09966866087405E-02
1.15616318825067E-02
1.47157808909225E-02
1.23588862339249E-02
1.29591630226546E-02
1.12466145360476E-02
1.14404524668452E-02
1.16348985695182E-02
1.18299341765532E-02
1.20255409229419E-02
1.18002627823805E-02
1.19901752964421E-02
0.012180587743196
1.19296447945639E-02
1.39088653975332E-02
1.32101832057698E-02
1.47964663550387E-02
1.50166580262678E-02
1.47611453193648E-02
1.44922582801407E-02
1.61699314736567E-02
1.68957354101867E-02
1.71319598007406E-02
1.78794259406706E-02
1.81234060872791E-02
1.83677640348363E-02
1.86124826502218E-02
1.88575450379631E-02
1.80113382756831E-02
3.53803606024883E-02
3.75097190079324E-02
3.34460926529106E-02
3.38616815117832E-02
3.31157314165957E-02
3.41060476094395E-02
0.033920645851052
3.49257762053009E-02
0.02802519624609
4.31426209756475E-02
4.36385196432996E-02
4.85481757959701E-02
5.29197917879954E-02
0.046417191558284
0.047580048525916
4.80984061968115E-02
4.79509345998574E-02
4.30777527099231E-02
4.69335206952014E-02
4.94858182015923E-02
0.050691985149485
4.91063135399852E-02
5.45642559635451E-02
6.08374078003889E-02
6.14414799455247E-02
6.13155100217886E-02
6.19122578638988E-02
6.25088540598717E-02
5.33389785848017E-02
5.38429168772075E-02
5.97047773432244E-02
7.49361529007112E-02
7.48440966112279E-02
7.55242164152888E-02
7.06474067721792E-02
7.36797817726712E-02
3.15096052478372E-02
3.09701896189911E-02
3.61709071530935E-02
3.64813478006778E-02
3.67915284168356E-02
0.041317508317607
6.20683459471156E-02
6.00096971546801E-02
5.70440897240399E-02
5.83784424134729E-02
5.44563388188435E-02
0.052234360222782
4.99699223242722E-02
4.94616912950666E-02
5.61892470211211E-02
5.84476077765153E-02
5.98130190234472E-02
6.11917136733673E-02
6.16495612919014E-02
7.33988804772191E-02
0.07488631181721
7.25673942607959E-02
0.072129708504702
7.84577082034125E-02
6.43821149490316E-02
6.77820068488374E-02
6.33086362834829E-02
4.98017448321772E-02
4.81372823131079E-02
4.84642875451111E-02
4.77742068494682E-02
3.06977789843899E-02
3.09009859013119E-02
3.21405813227067E-02
0.03234971882285
3.15081524370249E-02
3.17097003705604E-02
3.08471226736719E-02
0.029970728018692
2.90805542683431E-02
2.81766402146889E-02
2.83493865931352E-02
2.85217302063262E-02
2.97972679819156E-02
2.77549873243671E-02
2.90362887578398E-02
3.03303106566248E-02
2.82473197769342E-02
0.028410599635065
8.68633044418369E-02
8.50582106904054E-02
8.66936229268794E-02
8.95030361794649E-02
5.72722506728768E-02
5.52366475883565E-02
6.49910817765042E-02
0.057026202258876
5.01655211804147E-02
5.16330975740984E-02
5.19054422849862E-02
5.58172176248896E-02
5.61067942539439E-02
5.39434963598479E-02
5.29865132124908E-02
5.57316248647794E-02
5.60113446405551E-02
5.37883687219297E-02
5.78251103440643E-02
5.55817824547577E-02
5.07742501648935E-02
4.33659533255172E-02
4.22915141947121E-02
4.50671039439673E-02
6.59777083920718E-02
5.19883163935888E-02
5.61456774520916E-02
5.50912716556248E-02
5.40239897191204E-02
0.051620294155179
5.18510373374851E-02
5.34163038257539E-02
4.69447501142246E-02
4.58023027522984E-02
4.46473950057277E-02
4.61975969083995E-02
4.23004563715179E-02
4.52194118011007E-02
3.99044569959488E-02
0.10639262102507
0.101280552427542
7.52254038441847E-02
8.11244153537968E-02
7.86411372350355E-02
9.58725539616162E-02
9.20042563761456E-02
8.95220341206534E-02
8.70161378117292E-02
0.081622753548837
7.61841468002852E-02
4.61718309152395E-02
0.044896585146053
4.79707226155254E-02
5.10654737764283E-02
5.12519918786574E-02
5.14375885350114E-02
4.86724155070014E-02
4.73654839288364E-02
4.75326182933207E-02
4.62083021644314E-02
4.48727834898852E-02
4.50270407733831E-02
4.21684476468296E-02
4.07997864564916E-02
4.09363975387296E-02
4.10722613837435E-02
4.12073744950811E-02
3.67482074685922E-02
3.68669641424141E-02
3.69850443112534E-02
3.86483801653355E-02
3.87699615532818E-02
4.04464620489806E-02
4.05714182785176E-02
3.91304091675882E-02
3.61091867473397E-02
3.77924128312917E-02
3.47462264146067E-02
0.033264728760977
3.17733215122869E-02
3.34586265244513E-02
3.35546431469978E-02
3.68548002942045E-02
3.85654855452718E-02
3.86730687815356E-02
0.032316608285536
3.24050553072032E-02
3.08682513753001E-02
3.09511223003897E-02
2.94000757229351E-02
2.94774842146799E-02
0.034480062662971
3.78613726407529E-02
3.79581553291234E-02
0.038054223837063
4.31256074288872E-02
4.82209590274943E-02
5.16731192856715E-02
4.84568680353512E-02
6.19730240672076E-02
6.04416619703829E-02
5.72183198943428E-02
5.73517650987227E-02
5.74841242246843E-02
5.59208236396504E-02
5.43487730770975E-02
5.44702617316566E-02
5.45907162449534E-02
5.47101337001497E-02
5.31151202333216E-02
5.49458459097721E-02
6.02242101248782E-02
6.03502545504066E-02
6.39308720155673E-02
6.23302879675801E-02
6.93959739454506E-02
6.43196420346765E-02
0.062704975310758
6.45726872888569E-02
6.81945149570534E-02
7.70841902682451E-02
7.89847204763565E-02
6.85809155417052E-02
7.57539749241736E-02
7.23617992522143E-02
7.07235878129289E-02
6.02216009951734E-02
6.03269972491464E-02
0.177738929110717
0.178042101367274
0.178341854424991
0.178638181175349
0.178931074596373
0.129038779981866
0.129244704332395
0.129448141891911
0.127848406077803
8.83684630021903E-02
9.03079764350944E-02
9.04423118159061E-02
9.41979001595512E-02
8.16351748773113E-02
0.119901997154186
0.11825084746681
0.112948845911617
0.113102395388781
0.047493512623735
4.20688321391191E-02
3.66290082916592E-02
3.48419297434651E-02
3.48856280660802E-02
3.86053520137226E-02
4.04927368471893E-02
4.23837603858671E-02
4.42783145735832E-02
4.24821878769374E-02
4.25301684780776E-02
4.62797016122846E-02
4.26236577925524E-02
4.26691643255125E-02
4.27138440216036E-02
4.27576958399825E-02
4.83834212064345E-02
5.02938529578271E-02
4.84778748619983E-02
5.03899875509747E-02
4.85685671592551E-02
4.86125001496934E-02
0.037427299743499
3.18406957729623E-02
3.18675685865691E-02
3.18938225992471E-02
0.028164226942957
2.81862986474749E-02
2.82078227777337E-02
2.82287988349598E-02
3.01325080887796E-02
3.01537117861075E-02
2.82884337734731E-02
2.83072128078512E-02
0.028325441468087
2.45640367548381E-02
2.26881967938235E-02
2.27014568411429E-02
2.46071315765769E-02
2.46205395350758E-02
2.65283506674868E-02
2.65417579576749E-02
2.65546487525497E-02
2.65670227544645E-02
2.46803882722067E-02
2.27916164989443E-02
2.47009668339602E-02
2.66113452991697E-02
2.85226406690985E-02
3.80434270800685E-02
3.80559258287174E-02
3.99710676923583E-02
3.80786998724221E-02
3.80889746424222E-02
3.80985075896886E-02
3.62019335697757E-02
4.00211145119741E-02
0.038122653383494
3.81292170138468E-02
3.81350378940891E-02
3.81401158901126E-02
4.00516734291778E-02
4.00554449176151E-02
4.19659806374822E-02
4.19682966440417E-02
0.04196979502288
4.00627268422343E-02
4.00625961064377E-02
3.81539855837296E-02
4.38752305738646E-02
0.043872522950313
4.00542683857854E-02
4.19573895725159E-02
4.19523472691639E-02
4.00398291734299E-02
4.19398110165123E-02
4.19323173560355E-02
3.62070968653583E-02
3.81044362091777E-02
0.038095396696784
0.039989895974317
3.42675827866692E-02
0.039967018616723
4.18570034078234E-02
4.37449354903864E-02
4.56307040722226E-02
4.94147663789903E-02
5.12951275075253E-02
5.69710245778648E-02
0.056946354048449
5.50232225972274E-02
6.44795134398745E-02
6.63433100812332E-02
6.44148063351416E-02
6.05934799048071E-02
6.05600808640398E-02
6.61997697041998E-02
6.61606632973971E-02
6.80094207037599E-02
6.60785911319708E-02
4.52815729860451E-02
4.52512316850113E-02
5.27566791711025E-02
5.27192292759497E-02
5.45622103432473E-02
5.82813913208152E-02
0.142773425686202
0.120135298422941
0.12191360415619
0.138678764518649
0.110474220706985
0.10850727743958
0.140186214352658
0.112046858804617
0.115673991103726
8.76049556530098E-02
8.37956144782127E-02
8.18522405628187E-02
8.17694044159845E-02
7.98285063089511E-02
0.077889934385942
7.78063301225999E-02
7.77212185768016E-02
7.57861588349615E-02
7.38537920125713E-02
7.37684383554399E-02
7.36816569584868E-02
7.54332860956325E-02
7.53414145674723E-02
7.52480859467894E-02
6.96542802895174E-02
7.13957458969042E-02
6.03331591470611E-02
6.20792273524593E-02
6.19958190354554E-02
6.19112137033157E-02
6.18254133426561E-02
6.53700917322653E-02
6.34634778529656E-02
5.97502487949588E-02
6.32782524414976E-02
6.31838093892875E-02
6.12856305193057E-02
0.066590775077296
5.03145485191784E-02
5.02351097297468E-02
5.19459439325059E-02
5.18616680730705E-02
4.82056093314267E-02
4.09956182482348E-02
3.73675930289394E-02
3.73036866514494E-02
3.54657754889711E-02
3.89439048953566E-02
3.71076776149996E-02
3.52770633140629E-02
3.69734455843275E-02
3.69052665368379E-02
3.33281542052544E-02
3.15143918653614E-02
0.033201592376731
3.66255016284872E-02
3.65538065822645E-02
0.03648141341662
3.81420535757192E-02
3.80647558658435E-02
3.97134019573126E-02
3.96310749928074E-02
3.78285151678699E-02
3.77483253985274E-02
0.037667417402114
3.75857931323651E-02
3.92081570424651E-02
3.91213311247376E-02
3.73366425107078E-02
3.89454536662993E-02
3.20987704985702E-02
3.03390962367238E-02
0.030268256540303
2.85192417078952E-02
3.01248608412913E-02
3.00523083378416E-02
2.83136779565036E-02
2.99055028909849E-02
2.81739616793821E-02
2.97564422019662E-02
3.13300190786908E-02
2.96051409093641E-02
2.95286546818363E-02
7.36290347747307E-02
7.50669412677924E-02
6.99845935248488E-02
6.33038974412067E-02
5.50383380489175E-02
5.00446072400351E-02
5.15161449376025E-02
4.97669920534617E-02
4.80259264345553E-02
4.78893529325011E-02
4.61601585191672E-02
4.60264176024874E-02
0.045891821773912
4.41785684017205E-02
4.40469727681145E-02
4.39145615780441E-02
5.78539111603224E-02
5.61179647672475E-02
5.28365685750464E-02
5.57702081001111E-02
0.038607491277538
4.77213522145051E-02
3.98961938588472E-02
4.12968074008846E-02
4.42112469652977E-02
4.71048794119022E-02
4.69485997317031E-02
4.52820614167434E-02
4.51291690286683E-02
4.34762737088154E-02
4.33268941616377E-02
3.87101704957397E-02
0.040058485776141
0.041395639563542
4.27215553223875E-02
3.96325413839332E-02
3.80265679660074E-02
7.57755663347449E-02
7.40447790680694E-02
7.08769515385582E-02
6.77294688662029E-02
6.74737145415037E-02
7.43674775614739E-02
7.40818639306177E-02
0.13623680495131
9.61241481114825E-02
0.128130044194568
0.127621101382829
0.127109912911492
0.12381415210644
7.62027141838331E-02
7.45099193560467E-02
8.24459210966576E-02
7.93648881792536E-02
7.76680772723527E-02
7.32678458864475E-02
7.29541426883178E-02
6.99488427017395E-02
0.069644346264113
6.93386565534827E-02
6.37216450070295E-02
6.87237314562927E-02
4.21012389466868E-02
0.041910237714146
4.04148247188712E-02
3.11445880928928E-02
3.22914135341101E-02
3.47112083052279E-02
3.45471113437709E-02
3.43824404387944E-02
3.67518077608824E-02
0.034051395786202
3.13750292727879E-02
2.99716556907295E-02
2.98227944620818E-02
2.59642676789817E-02
2.33728682263479E-02
2.08061028164976E-02
1.94816993528515E-02
1.93808731489926E-02
2.40996735167164E-02
2.63701616427049E-02
2.62302670990547E-02
2.60899614632262E-02
2.35902263553077E-02
2.46350369690996E-02
2.68332852874605E-02
2.78451420698758E-02
2.76899093546631E-02
2.75342565296079E-02
3.53634934007956E-02
0.036295613284455
3.49587336045955E-02
3.47555745009919E-02
3.12081718059388E-02
3.10237562084551E-02
3.19402798794092E-02
3.06535818813805E-02
0.029379698121639
2.81186811066692E-02
2.79454058218508E-02
2.77717409879823E-02
2.86591420414199E-02
0.026368524654759
2.62004487699091E-02
2.49907397892465E-02
2.68977757018316E-02
3.18607215156372E-02
3.06296154540564E-02
2.94116834811754E-02
3.02217553648241E-02
3.10178252540733E-02
2.88186255416002E-02
2.96071255775373E-02
2.94015204871144E-02
2.72491924093861E-02
3.38208049435054E-02
3.35797258734963E-02
3.71483491411472E-02
3.78244826204109E-02
3.66089829824598E-02
3.72704578644747E-02
5.36396208847251E-02
6.42509658943487E-02
7.56056448977741E-02
7.50272394322221E-02
7.35511289460122E-02
0.072978252108928
7.32876726027088E-02
5.25588738456911E-02
5.21382379088153E-02
6.63703417284449E-02
6.24096773778602E-02
5.59610507725394E-02
5.38147610387677E-02
5.92005224281923E-02
5.70463435968282E-02
5.65593841912123E-02
5.44467677955459E-02
4.83342131694378E-02
4.79098324107302E-02
3.79881405350944E-02
3.45108584717966E-02
3.41990798273297E-02
3.46573024205044E-02
3.35750534850903E-02
3.02389400497054E-02
0.029206121636516
3.11545065093099E-02
3.08561814342559E-02
2.83750863390809E-02
0.028097951475206
6.70552068069289E-02
7.06245572954862E-02
6.99137572771377E-02
6.92029618626801E-02
6.84922069766633E-02
6.77815289489484E-02
6.43881259421423E-02
6.43697343388541E-02
5.44897702239369E-02
3.89641960072168E-02
3.72537437510954E-02
2.85845231264805E-02
5.40183849987627E-02
5.65140683357612E-02
5.58695333001185E-02
5.52254208739335E-02
5.27823697562912E-02
5.21604188985164E-02
5.27103280079227E-02
5.20753428950857E-02
5.08694005254852E-02
5.02427146208851E-02
5.57491124148225E-02
5.50465473374616E-02
5.43448390195189E-02
5.36440339987638E-02
5.29441794516038E-02
5.22453232078871E-02
0.051547513766108
5.08508003090403E-02
5.01552327198019E-02
4.94608615983605E-02
0.048767738278505
4.80759148452785E-02
4.73854441528914E-02
4.66963798431382E-02
4.60087763643047E-02
4.53226889906122E-02
4.32990286269149E-02
0.042636629268368
4.19758663830426E-02
4.25946360727525E-02
0.041916988674227
4.12412075277334E-02
4.05673542795203E-02
3.98954915774759E-02
3.92256830958305E-02
3.85579935604959E-02
3.78924887750552E-02
3.72292356474322E-02
3.65683022172384E-02
3.59097576838129E-02
3.52536724349641E-02
3.46001180764188E-02
3.39491674619923E-02
3.33008947244748E-02
3.26553753072531E-02
2.30491339175948E-02
2.16473044189861E-02
2.05931948756005E-02
2.04696234401331E-02
1.65042160770271E-02
1.24031250241538E-02
8.74834263327788E-03
8.83195247935013E-03
9.44395891375999E-03
1.13387625884202E-02
0.011076529253119
1.08159184645162E-02
1.17845261769132E-02
1.22159587062735E-02
1.21465188792459E-02
2.18579398285131E-02
2.06301481068493E-02
2.13855822973882E-02
1.89222521102531E-02
1.37031369146883E-02
1.59078924069184E-02
7.1491789403067E-03
6.94278292751727E-03
7.28460095347889E-03
6.8889202926415E-03
7.70471471023175E-03
1.04483594670968E-02
1.49296187970109E-02
1.44407479720438E-02
9.30485284184155E-03
8.98622531313751E-03
1.39860771119774E-02
1.34844628546132E-02
1.29892112903613E-02
0.012500467220256
1.20183779803196E-02
1.15430934352455E-02
1.10747659637413E-02
1.06135504344136E-02
1.01596041709517E-02
9.71308690523118E-03
8.90319428812607E-03
6.80910226691174E-03
6.48320069017004E-03
4.24242894252665E-03
4.25470401941563E-03
3.7712961953648E-03
3.05219970517075E-03
3.33229200408238E-03
3.52815649658626E-03
3.90938816539146E-03
4.65537143228823E-03
4.47589644351036E-03
4.36008941942489E-03
4.60190904245723E-03
5.81072493426694E-03
0.005643678992568
5.47542311502203E-03
5.30602036465181E-03
5.13554183417213E-03
4.96406735332368E-03
4.79168624918722E-03
4.61849816170336E-03
4.44461391621972E-03
4.05664863158777E-03
3.80859349561485E-03
1.72483529836888E-03
1.64770192947196E-03
1.49920443071538E-03
2.30829498195951E-03
2.38283455615968E-03
1.46220410608308E-03
1.35052000324883E-03
1.3779658810836E-03
1.18999579576762E-03
1.11099260698303E-03
1.0110685220268E-03
9.35995229417627E-04
8.8106942780545E-04
8.2461250918459E-04
7.19999439714005E-04
6.51785098875064E-04
5.98581235150427E-04
6.92779810470382E-04
6.12348651870204E-04
5.44710233120809E-04
0.000486654556407
4.1592629306771E-04
4.76355033528693E-04
3.90276345529408E-04
2.10390668805752E-04
1.35115330544513E-04
9.11446513218507E-05
6.34691741228111E-05
4.61063793086884E-05
3.38231437873881E-05
4.69821551800939E-05
2.91089986595408E-05
1.70487386046368E-05
8.79842545533897E-06
3.9734573255974E-06
1.53708832417489E-06
4.59427432402418E-07
9.43042249318857E-08
5.75408072187867E-09
2.84419157342221E-10
3.24952333183688E-12
1.89260011508108E-15
3.20422577299812E-22
1.40613449718557E-43
0
0
0
0
0
0
0
0
0
0
0
0
0
0
0
0
0
0
0
0
0
0
0
0
0
0
0
0
0
0
0
0
0
0
0
0
0
0
0
0
0
0
0
0
0
0
0
0
0
0
0
0
0
0
0
0
0
0
0
0
0
0
0
0
0
0
0
0
0
0
0
0
0
0
0
0
0
0
0
0
0
0
0
0
0
0
0
0
0
0
0
0
0
0
0
0
0
0
0
0
0
0
0
0
0
0
0
0
0
0
0
0
0
0
0
0
0
0
0
0
0
0
0
0
0
0
0
0
0
0
0
0
0
0
0
0
0
0
0
0
0
0
0
0
0
0
0
0
0
0
0
0
0
0
0
0
0
0
0
0
0
0
0
0
0
0
0
0
0
0
0
0
0
0
0
0
0
0
0
0
0
0
0
0
0
0
0
0
0
0
0
0
0
0
0
0
0
0
0
0
0
0
0
0
0
0
0
0
0
0
""
