0
0
0
0
0
0
0
0
0
0
0
0
0
0
0
0
0
0
0
0
0
0
0
0
0
0
0
0
0
0
0
0
0
0
0
0
0
0
0
0
0
0
0
0
0
0
0
0
0
0
0
0
0
0
0
0
0
0
0
0
0
0
0
0
0
0
0
0
0
0
0
0
0
0
0
0
0
0
0
0
0
0
0
0
0
0
0
0
0
0
0
0
0
0
0
0
0
0
0
0
0
0
0
0
0
0
0
0
0
0
0
0
0
0
0
0
0
0
0
0
0
0
0
0
0
0
0
0
0
0
0
0
0
0
0
0
0
0
0
0
0
0
0
0
0
0
0
0
0
0
0
0
0
0
0
0
0
0
0
0
0
0
0
0
0
0
0
0
0
0
0
0
0
0
0
0
0
0
0
0
0
0
0
0
0
0
0
0
0
0
0
0
0
0
0
0
0
0
0
0
0
0
0
0
0
0
0
0
0
0
0
0
0
0
0
0
0
0
0
0
0
0
0
0
0
0
0
0
0
0
0
0
0
0
0
0
0
0
0
0
0
0
0
0
0
0
0
0
0
0
0
0
0
0
0
0
0
0
0
0
0
0
0
0
0
0
0
0
0
0
0
0
0
0
0
0
0
0
0
0
0
0
0
0
0
0
0
0
0
0
0
0
0
0
0
0
0
0
0
0
0
3.40161856339397E-41
7.3637789232985E-23
3.18408794279146E-16
8.48687037987662E-13
1.04723735864495E-10
2.68839084893024E-09
2.77847533452216E-08
1.61701741225768E-07
6.39925388284557E-07
1.9303340792603E-06
4.77522584697393E-06
1.01744470819128E-05
1.9319434917329E-05
3.35015125402535E-05
5.4017406037861E-05
8.20877416498873E-05
1.18796155366934E-04
1.6505042975995E-04
2.21563350791223E-04
2.22413962578127E-04
3.04802794640779E-04
3.79194993989719E-04
4.51762036917411E-04
4.62094084610445E-04
5.70616522804609E-04
6.66614990015947E-04
8.98197860613061E-04
1.01454559604202E-03
1.13531642666891E-03
1.25980678716959E-03
1.40466390825827E-03
1.55559584060863E-03
1.7332949127847E-03
2.12838989864897E-03
2.34270469876485E-03
2.51157210748815E-03
2.82793734661021E-03
3.0393181728442E-03
3.35617949498899E-03
3.61770756185099E-03
3.54055452101788E-03
3.79612742389888E-03
4.23127669197726E-03
4.41874019083691E-03
4.55511300907419E-03
4.93497627413993E-03
3.53600890946922E-03
4.58193246420409E-03
4.78393204920556E-03
4.68586487839715E-03
4.81359988185266E-03
4.93643440035972E-03
5.59335389140132E-03
5.72546980454261E-03
5.99679623115688E-03
2.76285195343035E-03
3.00631008597092E-03
3.02058131659591E-03
3.02966821822606E-03
3.11783172388459E-03
3.20554981644279E-03
3.38178686453659E-03
3.47087119544568E-03
3.46574523556831E-03
3.83936062061168E-03
4.02963800710298E-03
3.82157731273386E-03
4.01058441440566E-03
3.99328684570279E-03
4.07817841682175E-03
8.98204813252558E-03
9.16237713321433E-03
6.60722490556159E-03
6.38445952968815E-03
6.38422502539882E-03
6.86014770798847E-03
6.98034672134602E-03
7.47315485074424E-03
7.34422051794698E-03
4.63240535710382E-03
4.83637639379507E-03
4.51279776348675E-03
4.58073029719246E-03
4.78474363749497E-03
5.13072325922521E-03
5.34322299773595E-03
5.98650540023523E-03
6.21102390542135E-03
9.07251876133724E-03
9.18849555029504E-03
9.15331281811755E-03
8.35391528741876E-03
6.45568759967144E-03
6.68679566059547E-03
7.07803153743486E-03
7.47559111333951E-03
7.39696751918439E-03
7.31408728965054E-03
8.04825861413451E-03
8.13147670251837E-03
8.04625991038354E-03
7.78761905950083E-03
6.59063674805838E-03
6.67010118951398E-03
6.36438785361793E-03
6.79633671499554E-03
1.81126041079861E-02
1.87557171960902E-02
1.87586638541947E-02
1.89473289796141E-02
1.95733194817698E-02
1.97298747430981E-02
2.03527170031956E-02
0.020981194631549
2.60424169589907E-02
2.68128327150651E-02
2.75896759451675E-02
2.83728291878283E-02
2.91621765714599E-02
2.99576037933086E-02
3.07589980979987E-02
3.15662482557438E-02
3.23792445402928E-02
3.31978787066759E-02
3.40220439688023E-02
3.48516349769667E-02
3.56865477953063E-02
3.65266798792542E-02
3.73719300530255E-02
3.82221984871716E-02
3.90773866762324E-02
3.99373974165172E-02
4.08021347840356E-02
4.16715041126035E-02
0.042545411972145
4.34237661472037E-02
0.044306475615684
4.51934505278337E-02
4.60846021854792E-02
4.69798430215268E-02
4.78790865797357E-02
4.87822474947735E-02
4.96892414725582E-02
5.05999852708938E-02
5.15143966804038E-02
5.24323945057646E-02
5.33538985472434E-02
5.42788295825415E-02
5.52071093489434E-02
5.61386605257744E-02
0.057073406717165
5.80112724351214E-02
5.89521830829023E-02
5.98960649387005E-02
0.060842845139625
6.17924516659862E-02
6.27448133258769E-02
0.059240869558246
2.39232828910213E-02
2.49347371297631E-02
2.33031454586858E-02
2.56672949305854E-02
2.60349228593805E-02
2.91827237289625E-02
2.88863900349748E-02
2.92857642914683E-02
3.04100422515395E-02
3.00870522011307E-02
2.75143862100557E-02
2.93846499459631E-02
2.97683661530374E-02
2.93796272952721E-02
3.13208762106907E-02
3.25094044398691E-02
2.56901982420595E-02
2.11312530002256E-02
2.05669285948339E-02
0.022480957556107
2.02222242795098E-02
1.96091203060083E-02
1.98388987356052E-02
2.00689543071849E-02
1.94166974028049E-02
1.69594389423386E-02
0.018955385059164
2.00790178684017E-02
2.03002198845619E-02
2.05216171135178E-02
1.98003256315888E-02
2.00119998399014E-02
2.31129467325162E-02
2.43283342964389E-02
0.025564074975168
2.68201746046131E-02
2.60897345237821E-02
3.14206003809376E-02
3.17343466553577E-02
3.30820287052978E-02
8.03835086286619E-02
7.16769610500796E-02
0.070237648385095
7.09066197789821E-02
6.94067387612429E-02
7.22448573639876E-02
0.102742545209357
0.103685546455134
0.111378762629723
0.105571469056805
7.10095397389506E-02
6.23943965721621E-02
0.061776087389481
9.17060845590995E-02
9.24962066948345E-02
9.20901097395113E-02
9.28695892616046E-02
0.093648764886567
9.44276052796358E-02
9.02603089835705E-02
0.092244513742797
9.80184520135363E-02
0.116540099020915
0.11874493415423
0.119682402889227
0.121916190224988
0.122862364654272
0.125124902141417
0.132715377035121
0.133719466854648
0.134722655447604
0.135724905754993
0.136726180973411
0.137726444551974
0.138725660189308
0.13972379183061
0.140720803664769
0.141716660121549
0.142711325868834
0.143704765809937
0.144696945080953
0.145687829048191
0.146677383305641
0.147665573672507
0.148652366190793
0.149637727122937
0.1506216229495
0.127347377108198
0.128171304479577
0.122851350260779
0.108179324624072
0.108862577114059
0.104849894952773
0.111800220949611
0.102983460879904
0.111583731049794
0.125090766608626
0.124230572080202
0.123349658162519
0.12408069799709
0.149443892938473
0.151967529135032
0.152847109169765
0.138686545769828
0.137796286626523
0.138575257842193
0.120658883145863
0.129874757458993
0.135746835338917
0.13476282692178
0.133758288948461
0.108282401125856
0.114129429716841
0.112970334131981
0.131310212468945
0.130212996622486
0.134474492980533
0.117144477703632
0.119554240555216
0.120160156131521
0.12442395738837
0.115850358292665
0.116423977836911
0.111424741722348
0.143692198822607
0.11063441964856
0.111165462124004
0.123053732840692
0.125537367465642
0.122304066495658
0.124793060384975
0.12151173282453
0.124006020328729
9.53737076305826E-02
9.97142718351939E-02
9.62326989516461E-02
0.088769449914634
9.11419614430274E-02
0.111440561329029
0.111924025223935
0.108391316311767
9.07118845440908E-02
0.105266836684926
0.107742328565979
0.106150463177742
0.186532238781983
0.146133845317437
0.144662691966237
0.145247530920696
0.133330398203386
9.83041609204035E-02
0.10499178810217
0.10751110377307
7.61851064905974E-02
6.37323552043633E-02
0.151410147211025
0.181953471216892
0.182638394019178
0.183320419263882
0.186164229065025
0.193366325678542
0.191890654857679
0.190396103837667
0.197668004084549
0.196167213487057
0.194647663806816
0.179791551209663
0.180415861924043
0.178802214977278
0.168199701061207
0.18902193249387
0.19417275647418
0.203881268650651
0.218192154678549
0.21890736965257
0.205892793376956
0.204261458159219
0.204914444443889
0.203254329389064
0.201576283572467
0.202204596636975
0.202829544159449
0.205789628623912
0.211106150273157
0.209389413887962
0.214734227165006
0.217736761366956
0.211254966011137
0.214250285906103
0.238742603902587
0.239425304971078
0.240103959161592
0.24077854932744
0.241449058447958
0.242115469628344
0.242777766099492
0.243435931217836
0.244089948465201
0.244739801448653
0.245385473900355
0.246026949677434
0.246664212761843
0.247297247260235
0.247926037403834
0.248550567548318
0.249170822173699
0.249786785884212
0.250398443408205
0.251005779598033
0.25160877942996
0.252207428004053
0.252801710544097
0.253391612397494
0.253977119035185
0.254558216051555
0.255134889164361
0.255707124214646
0.256274907166668
0.256838224107827
0.257397061248592
0.257951404922439
0.258501241585784
0.259046557817919
0.259587340320961
0.260123575919786
0.260655251561982
0.261182354317794
0.261704871380077
0.262222790064246
0.236462488027411
0.236920303955204
0.237373947755756
0.264248231615312
0.264742972426791
0.230752745951953
0.260404057949811
0.266199116187205
0.266675098864201
0.267146363049287
0.267612897403543
0.2680746907102
0.268531731874619
0.268984009924268
0.269431514008706
0.26987423339956
0.270312157490509
0.270745275797273
0.271173577957591
0.271597053731211
0.272015692999882
0.272429485767335
0.272838422159279
0.273242492423391
0.273641686929307
0.274035996168616
0.274425410754854
0.2748099214235
0.27518951903197
0.275564194559617
0.275933939107723
0.276298743899505
0.276658600280108
0.229921204764784
0.224664381376387
0.224943799330551
0.225219182017571
0.22549052292084
0.228544949148725
0.214859520282389
0.215105898836551
0.215348411360984
0.229586211359627
0.213018934792396
0.227276212646298
0.227514996534849
0.227749684435272
0.227980270818833
0.197215710097444
0.279191143506629
0.279457893077321
0.21190879080409
0.113121725133518
0.10756221832245
0.101990706386901
0.104914037387894
0.107840301656533
0.284023957488507
0.284252516830415
0.284475940181753
0.267612568965245
0.267812916593832
0.171069205507302
0.168337720731636
0.285515837986181
0.285708339647476
0.285895671209138
0.28607782828699
0.286254806619015
0.286426602065368
0.286593210608383
0.226536156398541
0.226659572704504
0.215296407355216
0.215405774752887
0.229878654166985
0.229986981843079
0.230091140234952
0.247455461428949
0.256194220233828
0.262055630057506
0.265035938856465
0.256486108749833
0.262339812137306
0.262425023155074
0.262505472596542
0.262581158585505
0.26265207935705
0.26560524680984
0.271442683098935
0.271501165191481
0.271554718828826
0.277382137289601
0.257197725441871
0.242783052729642
0.242813282438778
0.254402870277569
0.242860515151955
0.242877517055424
0.263130951157792
0.277598045686194
0.289169119652325
0.289168357465227
0.248679616166441
0.245778418455165
0.225524961632398
0.222616857342909
0.222596056520198
0.225461749233571
0.228322650590255
0.234068336390892
0.234029452378034
0.239763759719227
0.251267749768954
0.277199777925458
0.288680790719848
0.288606573232094
0.288527117939454
0.288442426694595
0.288352501472488
0.288257344370398
0.288156957607882
0.288051343526782
0.28794050459122
0.287824443387593
0.287703162624563
0.287576665133056
0.28744495386625
0.287308031899574
0.287165902430693
0.287018568779508
0.286866034388146
0.286708302820951
0.286545377764476
0.286377263027477
0.286203962540906
0.286025480357897
0.285841820653763
0.285652987725986
0.285458985994208
0.28525982000022
0.285055494407959
0.284846014003494
0.284631383695018
0.28441160851284
0.284186693609378
0.283956644259145
0.283721465858746
0.283481163926864
0.283235744104253
0.282985212153733
0.282729573960174
0.282468835530495
0.282203002993649
0.281932082600619
0.281656080724411
0.281375003860039
0.281088858624527
0.280797651756893
0.280501390118149
0.280200080691287
0.279893730581278
0.279582347015064
0.27926593734155
0.278944509031602
0.278618069678038
0.278286626995627
0.277950188821083
0.277608763113059
0.277262357952148
0.276910981540877
0.276554642203706
0.276193348387027
0.275827108659162
0.275455931710361
0.275079826352807
0.274698801520614
0.274312866269827
0.27392202977843
0.273526301346343
0.117444046870036
0.114542486717195
0.108923943693739
0.114195756560623
0.130307814772411
0.121972381272258
0.124485216001328
0.12968904972462
0.15105787366916
0.150809172342226
0.139803665229398
0.136883765620499
0.147367615207183
0.21130757872305
0.208267830528411
0.207899175100982
0.220829844517028
0.231052859663855
0.156403839582912
0.16405189281824
0.158462239358651
0.187158116460743
0.186799285515241
0.144423156570573
0.154623016775065
0.183087558408642
0.193162055879377
0.190166002747815
0.187177228463845
0.18679018746649
0.183810988283932
0.204090247923214
0.219122298589352
0.221222349368724
0.220740629772508
0.217693955619556
0.237653557021694
0.239669858210904
0.23912657688158
0.241117216936155
0.243091980184187
0.247577044846299
0.226830677453121
0.211204705120594
0.170564340514384
0.180159350594767
0.24960841107038
0.246501288103354
0.240918611599828
0.240311616202816
0.247113910308887
0.246479646598212
0.245841158902609
0.245198463151615
0.22009641785955
0.219510460642862
0.218920759860112
0.242585922552946
0.241922429838428
0.241254827269898
0.240583131652937
0.239907359918868
0.239227529124924
0.23854365645441
0.237855759216883
0.237163854848325
0.203362446383745
0.200402880831003
0.235064275216619
0.234356519218887
0.2336448451731
0.232929271277874
0.232209815859666
0.231486497372995
0.230759334400681
0.230028345654075
0.229293549973314
0.22855496632757
0.227812613815306
9.76386000157571E-02
0.108632006031921
0.117292830724753
0.12813936391819
0.136667447430326
0.109407414825276
0.113481247253581
0.124174651565546
0.121530781798845
0.116698630720938
0.127254078381074
0.128984349565498
0.137231634436298
0.136732020360235
7.78458413026458E-02
7.75578591749262E-02
7.29759418989908E-02
7.48399211401724E-02
7.66865476694048E-02
7.63936813983684E-02
6.97579791955725E-02
7.36986759513012E-02
7.55079055944407E-02
7.72994557377865E-02
0.074911487477114
9.32644154736581E-02
0.132107420697594
0.137737429354703
0.143314852374357
0.154956111087202
0.15634128158064
0.153663293098079
0.144960046402625
0.164389673704497
0.131745246313408
0.125212383434304
0.156327295245036
0.124117903702613
0.129452082848167
0.152305606843783
0.153563997883502
0.139322283221507
0.13675928738927
0.136129338806753
0.152673153522964
0.151958941206894
0.151242554052011
0.158050213330007
0.170401296858308
0.186350688179931
0.185444589557004
0.184535902924051
0.183624654860705
0.182710872106145
0.181794581560101
0.180875810283876
0.179954585501398
0.179030934600289
0.10686293107978
0.104534114242478
0.096935135847034
0.103434447778567
7.14946759772702E-02
0.133548519193875
0.132824832467922
0.132099450981533
0.129666261972049
0.139127049598867
0.160282718450898
0.157701999026969
0.158474689368525
0.152591950787554
0.148413757321502
0.145911556278418
0.158095477727712
0.160402358703631
0.144952440733069
0.142481976395887
0.159124138156786
0.158154388337362
0.157182890363777
0.156209675946212
0.155234776994838
0.154258225621722
0.153280054142782
0.152300295079784
0.148292601539132
0.142819338063685
0.123962011210018
0.121660153409008
0.12085064792745
0.120040004275074
0.111958235085011
0.119859504652198
0.117601524195281
0.116786608686226
0.137184848122678
0.134814223639138
0.136645459514851
0.10244241232482
0.100328403184021
6.68534477883686E-02
6.50083419181114E-02
3.36078797908042E-02
4.26969808352329E-02
4.23755906038949E-02
4.33681126354953E-02
7.95516312637928E-02
0.122935433954059
0.123262262764172
0.104459767213727
0.102368664760447
0.100297241733926
0.087053017105706
9.62136315823632E-02
9.66483331305766E-02
9.58491599717326E-02
9.50496521818602E-02
0.100215021851686
9.93643037143017E-02
9.96861110966638E-02
9.88247903018687E-02
0.102573322403516
8.22507946106809E-02
8.71819979329808E-02
9.98664057699046E-02
4.33662334352258E-02
4.29707829091274E-02
4.25753490345152E-02
4.21799491354814E-02
4.28560006940967E-02
4.24505859136266E-02
4.20452601589997E-02
4.26810428334832E-02
4.12349493147676E-02
3.77677512991514E-02
3.94145864614503E-02
3.80195840012137E-02
3.86258087646505E-02
3.82317334786365E-02
4.07484996240798E-02
4.03246361713772E-02
4.08510919090874E-02
0.039477811663162
3.99847712078112E-02
3.86323313353678E-02
0.038210148827467
3.86880900885722E-02
4.09257706925542E-02
0.036946093894483
3.56559888065553E-02
0.034386371578024
3.39869009303491E-02
2.77100509488911E-02
2.48921344319974E-02
2.37739385642204E-02
2.42957577043617E-02
2.47981772104255E-02
2.76513787081172E-02
2.73053811109914E-02
2.77302546449558E-02
2.50942989374371E-02
1.87649923902254E-02
1.85196160204178E-02
2.04676849785648E-02
3.67818446290933E-02
3.34384760840963E-02
3.43843915203414E-02
3.46004646329688E-02
3.41159317033298E-02
5.78479819673038E-02
5.17145389746297E-02
3.07091970840272E-02
2.89706586405598E-02
2.53689327656973E-02
2.56119036555375E-02
2.52217603184387E-02
3.21008784471193E-02
3.57730493592828E-02
4.81165521147136E-02
4.79231108497466E-02
4.71454275545786E-02
4.02248832972373E-02
0.039005471703856
2.97054826598869E-02
3.55676362196963E-02
3.23426284991542E-02
3.22865958638497E-02
0.022650844397895
2.76783057906204E-02
2.76562040426948E-02
2.57135168522222E-02
2.75645247137971E-02
2.74952824401946E-02
1.84235642407434E-02
1.93819017571495E-02
2.02891114862666E-02
2.36830997186399E-02
2.40228167948253E-02
0.024330369193866
2.26217269794658E-02
2.17440270043162E-02
3.15191251874872E-02
0.029700822250332
2.17693518638404E-02
2.41016654909097E-02
2.11122508104983E-02
1.95936879350916E-02
1.87870005616568E-02
2.82855245956597E-02
2.85114850188013E-02
2.71679092037052E-02
0.02496989638584
0.022856590653212
2.25158657587353E-02
1.50499243298345E-02
1.48895652148317E-02
1.42009899445488E-02
1.40324999025133E-02
1.40956193368093E-02
0.013661536810538
1.30033561930709E-02
0.01368867838891
1.55864676170482E-02
1.52672886484087E-02
1.39433572774767E-02
1.63321470519847E-02
1.61099922655402E-02
1.55103982626966E-02
1.35460221896185E-02
1.33363205315035E-02
1.27029309751591E-02
1.30711162782305E-02
1.45741099300292E-02
1.44210527724291E-02
1.36253116806505E-02
0.013317724932997
1.23851328278606E-02
1.22439024715795E-02
0.012101301120828
1.19573181279524E-02
1.19614615323267E-02
1.21081477787276E-02
0.011808548477151
1.13673724387317E-02
9.79654829271462E-03
1.30245539619718E-02
1.17385617780596E-02
0.011843672488837
1.27441764294816E-02
1.18931270112849E-02
8.45806146615795E-03
8.06927354586257E-03
0.010334042346063
8.80028220663329E-03
8.5296352546521E-03
5.26846537182927E-03
5.05703509919187E-03
5.19547007891816E-03
4.87130876404631E-03
6.11048388939883E-03
5.98924992587133E-03
3.94692746356394E-03
3.65521648591158E-03
8.17431049895796E-03
7.99251482742028E-03
7.71180716095014E-03
7.62507639219541E-03
6.32358252861723E-03
7.0714476170444E-03
7.6830783119157E-03
7.5635582855311E-03
7.35461626866462E-03
7.14463693978791E-03
7.17007721640396E-03
6.11081560527651E-03
5.8435961385607E-03
3.64886590614703E-03
3.52496521735945E-03
3.6675498848733E-03
3.72622302206905E-03
3.77017509512435E-03
3.50267220741649E-03
3.18812086275704E-03
5.17735706171368E-03
4.79070896154964E-03
4.17114523655404E-03
4.01640805939041E-03
4.48618849597631E-03
3.95153512075832E-03
3.77300462354618E-03
3.51647279754731E-03
3.55128965079536E-03
3.32463625944675E-03
3.10160937731596E-03
2.88264765946697E-03
2.66821193668588E-03
2.45878429863187E-03
2.25486663158415E-03
2.0569784918293E-03
1.86565417786896E-03
1.68143884617818E-03
1.50488349727655E-03
1.33653864308005E-03
1.17694645546467E-03
0.001026631193517
8.86087718543315E-04
7.5576793920177E-04
6.36065094472938E-04
5.2729589319676E-04
4.2968070268974E-04
3.43322235788311E-04
2.68183547292991E-04
1.87741305402823E-04
1.17462983297628E-04
8.57542093210577E-05
5.99369621220327E-05
3.83415444048691E-05
2.33187248330617E-05
1.182878038894E-05
5.95920945376944E-06
2.91318600201944E-06
7.59876192124275E-07
3.10251026034655E-07
6.3986819817165E-08
9.68414997917332E-09
7.75456069218929E-10
2.31847506866704E-11
8.78851852657519E-14
7.87251946283497E-18
3.13198806102395E-26
9.56205462574263E-55
0
0
0
0
0
0
0
0
0
0
0
0
0
0
0
0
0
0
0
0
0
0
0
0
0
0
0
0
0
0
0
0
0
0
0
0
0
0
0
0
0
0
0
0
0
0
0
0
0
0
0
0
0
0
0
0
0
0
0
0
0
0
0
0
0
0
0
0
0
0
0
0
0
0
0
0
0
0
0
0
0
0
0
0
0
0
0
0
0
0
0
0
0
0
0
0
0
0
0
0
0
0
0
0
0
0
0
0
0
0
0
0
0
0
0
0
0
0
0
0
0
0
0
0
0
0
0
0
0
0
0
0
0
0
0
0
0
0
0
0
0
0
0
0
0
0
0
0
0
0
0
0
0
0
0
0
0
0
0
0
0
""
