0
0
0
0
0
0
0
0
0
0
0
0
0
0
0
0
0
0
0
0
0
0
0
0
0
0
0
0
0
0
0
0
0
0
0
0
0
0
0
0
0
0
0
0
0
0
0
0
0
0
0
0
0
0
0
0
0
0
0
0
0
0
0
0
0
0
0
0
0
0
0
0
0
0
0
0
0
0
0
0
0
0
0
0
0
0
0
0
0
0
0
0
0
0
0
0
0
0
0
0
0
0
0
0
0
0
0
0
0
0
0
0
0
0
0
0
0
0
0
0
0
0
0
0
0
0
0
0
0
0
0
0
0
0
0
0
0
0
0
0
0
0
0
0
0
0
0
0
0
0
0
0
0
0
0
0
0
0
0
0
0
0
0
0
0
0
0
0
0
0
0
0
0
0
0
0
0
0
0
0
0
0
0
0
0
0
0
0
0
0
0
0
0
0
0
0
0
0
0
0
0
0
0
0
0
0
0
0
0
0
0
0
0
0
0
0
0
0
0
0
0
0
0
0
0
0
0
0
0
0
0
0
0
0
0
0
0
0
0
0
0
0
0
0
0
0
0
0
0
0
0
0
0
0
0
0
0
0
0
0
0
0
0
0
0
0
0
0
0
0
0
0
0
0
0
0
0
0
0
0
0
0
0
0
0
0
0
0
0
0
0
0
0
0
0
0
0
0
0
0
0
0
0
0
0
0
0
0
0
0
0
0
0
0
0
0
0
0
0
0
0
0
0
0
0
0
0
0
0
0
0
0
0
0
0
0
0
0
0
0
0
0
0
0
0
0
0
0
0
0
0
0
0
0
0
0
0
0
0
0
0
0
0
0
0
0
0
0
0
0
0
0
0
0
0
0
0
0
0
0
0
0
0
0
0
0
0
5.69672716856597E-110
1.92448696456877E-24
6.03290782698159E-15
3.0327104620353E-11
2.66342600898945E-09
4.29899504566979E-08
2.87467475017001E-07
1.35482951914495E-06
4.18652304786513E-06
8.92817424250214E-06
1.75139960420622E-05
2.82464977878476E-05
4.89825615962687E-05
7.32635467980481E-05
1.03854414485499E-04
1.30147671381829E-04
1.70559366057543E-04
2.35168033948137E-04
2.92065368049266E-04
3.55284416725297E-04
4.24598429514499E-04
4.99749901400817E-04
6.25113910084164E-04
8.2024934990551E-04
8.15696193206924E-04
9.18742673208349E-04
1.17321127921345E-03
1.62694325704008E-03
1.88305264883689E-03
2.0637329181623E-03
2.35709894375517E-03
2.55763161057432E-03
2.76325599771664E-03
2.70331366356915E-03
2.60876595287502E-03
2.94284805961448E-03
3.46540582165124E-03
3.68167225061933E-03
4.08696662468315E-03
4.71287360238549E-03
5.17759746221567E-03
5.23115786793452E-03
5.2657244105666E-03
5.76084181400097E-03
6.02950315748721E-03
6.03797011343773E-03
6.2997495281107E-03
6.27810664822975E-03
7.71975983907604E-03
7.40479122211826E-03
7.36508132669846E-03
7.30340756647644E-03
7.90705553136808E-03
7.46870583892633E-03
7.35144179538352E-03
7.59079289774567E-03
7.83103714723771E-03
7.26489809709256E-03
7.06685446935818E-03
0.007273017133966
7.4797333487164E-03
8.13913227834672E-03
9.28782271374323E-03
9.53266593221873E-03
9.77796473685351E-03
1.05248598999582E-02
1.07832469820579E-02
1.31452181152747E-02
1.34536065441666E-02
1.37623196359904E-02
1.40713149392404E-02
1.49557739436264E-02
1.41023919300576E-02
1.43996130549268E-02
1.53093322539093E-02
1.56191633894299E-02
1.14689214325555E-02
1.10425085926357E-02
1.05913024980738E-02
1.07896378953326E-02
1.09879375157538E-02
1.32835935928922E-02
1.42304511550977E-02
1.52019682280456E-02
1.47255521784039E-02
1.57215387218081E-02
1.67420796380482E-02
1.70137767739278E-02
1.72852561797108E-02
1.99505679433319E-02
2.02585114724011E-02
1.89208560291327E-02
2.08734583720503E-02
2.03332078366417E-02
0.020627548378642
2.00497949554082E-02
2.03311587456533E-02
1.97159634443079E-02
2.08927349451533E-02
2.20934802518393E-02
2.33181311310776E-02
2.36217474270414E-02
2.39248764838341E-02
2.51966044766579E-02
2.64919865903362E-02
2.68176979891345E-02
2.81481145294975E-02
2.74673529811882E-02
2.77912692328888E-02
2.81145602337991E-02
0.028437213005244
2.66289026158613E-02
2.69264381644358E-02
2.50454802478778E-02
2.64188364350701E-02
2.55900270715963E-02
3.03590310773824E-02
3.18130536392801E-02
3.09939815983776E-02
0.035948915105855
3.51399486447456E-02
3.54897733860015E-02
0.035838735262364
3.85992776627135E-02
3.77518255578936E-02
3.68803299117074E-02
0.037225727380526
3.75702063329947E-02
3.66499642427569E-02
3.69811540042449E-02
3.47382236329248E-02
5.58121739680111E-02
6.54640923475587E-02
6.73492475505029E-02
6.65916054621965E-02
8.46126166018097E-02
8.93804374676441E-02
9.01168442648995E-02
9.49805789606979E-02
8.32571363468396E-02
4.47575313075366E-02
4.65198218208372E-02
4.26202437314049E-02
4.00854221533962E-02
3.89484062243592E-02
3.77886218785913E-02
3.95346647601438E-02
0.041301349816351
4.60601827644354E-02
4.48961695035815E-02
5.12457465946817E-02
6.07151458897899E-02
5.96111541487574E-02
6.92579262496652E-02
0.102273604580641
0.107646623603518
0.106797572858341
0.102763014561366
0.144812529393563
0.145753185286274
0.149914124877266
0.162223567557413
0.163245062240329
0.164262443301894
0.165275686461212
0.166284767638928
0.167289662953963
0.16829034872037
0.169286801444323
0.170278997821219
0.171266914732897
0.172250529244973
0.173229818604269
0.174204760236352
0.175175331743169
0.17614151090077
0.177103275657127
0.178060604130032
0.179013474605086
0.179961865533756
0.180905755531518
0.181845123376064
0.182779948005591
0.18371020851714
0.184635884165018
0.185556954359268
0.186473398664204
0.187385196797007
0.18829232862637
0.189194774171198
0.190092513599361
0.190985527226493
0.191873795514839
0.192757299072152
0.193636018650625
0.194509935145872
0.195379029595947
0.1962432831804
0.197102677219375
0.197957193172741
0.135188632594695
0.137759546975483
0.136334076653592
0.136901754917009
0.202155962429247
0.202980828249816
0.20380069005016
0.204615530380585
0.20542533192472
0.206230077498949
0.207029750051856
0.170415952784234
0.183580151520403
0.188458344936548
0.18915963625812
0.128680372230831
0.129149391278625
0.129615245206527
0.130077924247828
9.84380534564718E-02
0.105224462798912
0.204712253735874
0.205412891800072
0.208278074411891
0.204622264658719
0.207484635809679
0.201591477403882
0.178064016617653
0.17863554479715
0.181415100556949
0.18198486191699
0.195907525474182
0.116119225079377
0.114232241077909
0.114575542820535
9.68900123949972E-02
9.49148852595433E-02
9.29242650709387E-02
9.09183109772643E-02
9.11765976561464E-02
9.37184911753156E-02
0.114608169637041
0.117221175204339
0.126757938901339
0.152517381222064
0.143653574193856
0.148675893259817
0.139744343317702
0.140101660728776
0.138114668295967
0.171314135235383
0.174089051013956
0.18158785000713
0.17966065052494
0.191935260153384
0.180509819759176
0.164263476771494
0.159866936137019
0.143487589414203
0.150997671630171
0.158535921106747
0.17332362959066
0.168869960035921
0.236917490014548
0.22287595732162
0.160218031656136
0.14838059983266
0.180362671648332
0.163623345748231
0.149260108043123
0.147094553390568
0.144916154734914
0.137803528330272
0.120799192124999
0.121017404665086
0.128655131976013
0.131359023943346
0.131585636293927
0.136783029986732
0.132029415439584
0.129751354949677
9.74709861222838E-02
9.51228933275642E-02
9.52717845918225E-02
9.03963797735451E-02
9.30479302993067E-02
9.31862494759686E-02
8.57556684508892E-02
8.58786834839637E-02
8.59996502602006E-02
8.86514653661849E-02
0.152180169508895
0.124445929819676
0.122065393334296
0.114582807679808
0.117276059310961
0.132735916002016
0.130340047684864
0.125376290664869
0.197247166191112
0.197469753170561
0.195120269848623
0.195330687166007
0.187817914248911
0.193162085773872
0.18819980915929
0.196125857670351
0.209228335083367
0.175811752794268
0.18890988219224
0.191666273430849
0.194422606467446
0.194584236868377
0.181758496440455
0.176703559036261
0.176837526154921
0.208196817914614
0.20574023867204
0.203275144996404
0.190370461421383
0.206148572147616
0.198441680223479
0.193333283344933
0.230039669914407
0.230164032865678
0.230282936841286
0.175415425280879
0.17025890116707
0.170334621201517
0.131081771173107
0.125888450740161
0.12331176215932
0.139102251064942
0.147023789986982
0.141815698354153
0.139228148813463
0.134008289019998
0.128782708529293
0.215558425422681
0.207710096834427
0.199854150209009
0.199881192789006
0.205164117230653
0.215704310122654
0.213087445705993
0.213096072396424
0.215730509527249
0.263084169642528
0.263076118138471
0.263061832876367
0.263041314140428
0.263014562338887
0.262981578003995
0.262942361792018
0.262896914483231
0.262845236981912
0.262787330316334
0.262723195638757
0.26265283422542
0.26257624747653
0.262493436916249
0.194179259102586
0.215093503883858
0.207144066779546
0.207058993191982
0.22006831473064
0.217348758821533
0.217243909773819
0.217133908785548
0.217018758047189
0.224738163220098
0.224608185870342
0.227083029850978
0.229549277588277
0.198118120350582
0.197984435905197
0.14838453952462
0.14307452028982
0.106575832190026
0.114285796013802
0.140148181544743
0.137439987095706
0.204690289484103
0.204512339856065
0.256058527013753
0.255823354240754
0.258163739538214
0.224385105773117
0.229315583459699
0.223934413367219
0.223701077585337
0.215756820850757
0.20782407429145
0.225532032170198
0.227834456002977
0.222454692510348
0.217081704325849
0.186207926556776
0.191071791205068
0.246806176485681
0.246486956755597
0.24362411265071
0.190075441391507
0.189815013796097
0.204714065273599
0.171614398541988
0.221767741374746
0.14594973015401
0.140705672378243
0.148017309036721
0.25048747066571
0.237587555918831
0.137329985810434
0.137105999923255
0.214028570748828
0.208699072035446
0.208341991231975
0.212931829918163
0.219970796212776
0.214642336755177
0.211789237143533
0.208940100271636
0.208548623977665
0.208152150603051
0.173532927741554
0.175632771972522
0.180153285944497
0.19922763192423
0.232766242930981
0.232284792360262
0.229383203648581
0.226486309119357
0.177913738066866
0.170328488303466
0.16516448544665
0.169571147186053
0.15727182023441
0.159287766869013
0.154173181178306
0.108849970013688
0.108590142537044
0.120102446922258
0.11276101503905
0.117168450539677
0.102849720625582
9.32624740956571E-02
0.216278357556192
0.231952942706305
0.231342904548309
0.230727271704348
0.230106056759241
0.229479272420702
0.228846931519433
0.228209047009213
0.227565631967
0.226916699593039
0.226262263210971
0.225602336267963
0.224936932334827
0.224266065106169
0.223589748400522
0.222907996160512
0.222220822453013
0.221528241469323
0.220830267525347
0.14528376394078
0.127262555213722
0.107165025152335
0.128610992373798
0.130356007923225
0.129917993482317
0.10142349763848
0.109677585182968
0.109297203872398
0.106778577139979
0.125552494699977
5.51302209380676E-02
5.49308730658072E-02
5.26251717009023E-02
5.24309054454679E-02
4.80565242984657E-02
4.99569762987564E-02
4.76931707921721E-02
4.54440930707593E-02
4.52675138507842E-02
4.50898207500696E-02
4.69524274249117E-02
4.26978758263937E-02
5.06251090817634E-02
0.050418165162518
5.42267753900338E-02
5.40005936570171E-02
0.045806696089619
4.56117543371481E-02
4.93648746062536E-02
4.71845125674345E-02
5.08923754765204E-02
0.050666935017494
4.85002295984214E-02
5.40747756616883E-02
5.57503792965338E-02
5.54933568394426E-02
5.52349558845856E-02
0.054975182080282
6.03741143362579E-02
5.82068172618776E-02
5.23191399781022E-02
5.20630772106983E-02
5.36559209937878E-02
5.33880311046904E-02
5.49504921832347E-02
5.28482610084682E-02
5.43893719050049E-02
5.77138876670151E-02
6.09991898022188E-02
7.49525179628952E-02
0.071001161372824
0.102394931535504
9.48124676714865E-02
9.60354453867485E-02
0.10244569911401
8.97828352354797E-02
0.089272291843847
8.87595062607103E-02
0.081456452651547
7.92919430683103E-02
8.88848890819432E-02
9.66884328492226E-02
5.79938994195626E-02
5.43461636653109E-02
5.40109961924109E-02
5.04214698229178E-02
5.01040663579133E-02
4.81794190809026E-02
4.94654775934394E-02
4.75590074974526E-02
4.09473983279035E-02
5.63205556648721E-02
4.66194101575582E-02
4.78473087324355E-02
3.98554998798839E-02
3.65353778692921E-02
3.77918136901773E-02
4.05269870329326E-02
3.87475035798371E-02
3.99475816280992E-02
3.67188544970569E-02
3.64482809408799E-02
3.61767879008499E-02
3.44682072104074E-02
3.56310719785013E-02
3.95996872175655E-02
3.92915764612345E-02
4.03747079902564E-02
4.14347103208474E-02
8.90531196233123E-02
0.11686579286815
0.115904525786283
0.120286416282606
0.117949115815712
0.10643343703243
0.102911903252533
8.91023982054353E-02
9.47173166811085E-02
0.092604629052721
9.05124901261153E-02
7.34932411706958E-02
7.15805623408133E-02
0.073357001395236
7.26633425246386E-02
8.63614837143932E-02
8.43370015676738E-02
0.102329070376268
8.96679470899436E-02
8.76138055334876E-02
8.90042338595834E-02
9.37334993881342E-02
9.16375983786456E-02
9.17745602391319E-02
8.96979478437975E-02
9.08889726820995E-02
8.98901249564812E-02
8.99474020022261E-02
8.89324927552533E-02
8.27440540939156E-02
0.090985890169573
8.08242557297661E-02
7.48702983402319E-02
7.00213518756076E-02
7.20863934506868E-02
6.34948947346961E-02
6.26951812198127E-02
0.064707537060083
5.92406169119372E-02
4.01922536773483E-02
4.50634001437051E-02
4.00076246862406E-02
3.68269401446988E-02
4.06357014212183E-02
4.17642404881913E-02
3.94827601816156E-02
3.97330539190097E-02
3.83271767321948E-02
3.93547975342871E-02
3.79600599769881E-02
5.91659224497955E-02
6.05260975904396E-02
5.95500327343155E-02
0.056348990802932
5.39506359022339E-02
5.37513359665452E-02
0.05634404334423
5.60448577202886E-02
5.64001061204119E-02
4.87000656372822E-02
0.041247828429291
4.04668053029386E-02
4.09456970493187E-02
4.01400576254266E-02
4.65964094460943E-02
5.27557845198406E-02
5.22342986478263E-02
5.16887327657677E-02
5.27861817024426E-02
3.96602128043377E-02
1.43356344496523E-02
1.60772905196132E-02
1.56956399131307E-02
1.53145396662647E-02
1.63792828659131E-02
0.015023734023562
1.50897069489328E-02
1.24617477220899E-02
1.12551362081153E-02
1.26224620413219E-02
1.26678952152499E-02
1.11040121850692E-02
0.012305344416891
1.11766629336444E-02
1.15396961388517E-02
1.11592261312189E-02
1.07804852478719E-02
1.00784896861345E-02
9.7153164575429E-03
9.95771369613025E-03
1.04461981300064E-02
8.91751155913557E-03
8.01763636256465E-03
8.44552164290472E-03
8.31944214198591E-03
7.70731049163261E-03
7.12089894813421E-03
1.56596329702225E-02
1.74720865696089E-02
1.78762061241514E-02
1.74267557288395E-02
1.65907100761714E-02
1.54317202354191E-02
1.43096881255394E-02
1.33644419326279E-02
1.25676775642936E-02
1.17722582905378E-02
9.31657555257262E-03
8.66478860299808E-03
7.92392871498422E-03
7.29116400528598E-03
6.59034222914724E-03
5.77875589827876E-03
4.84188208770295E-03
0.004222738208641
3.69411051187113E-03
3.77014218898329E-03
3.1165972089958E-03
2.59568312564874E-03
2.10146723403944E-03
1.25082122801611E-03
7.41088468552429E-04
5.97181136410317E-04
4.92365993295253E-04
2.22914172688432E-04
1.57122922744236E-04
1.01178779096888E-04
5.85127927088731E-05
3.05089918977467E-05
1.38434195714886E-05
5.51399343443334E-06
1.71077950799634E-06
2.99250485656105E-07
3.38586120246478E-08
7.89234155163862E-10
1.30562003537326E-12
1.22672464205301E-18
1.18068168106692E-42
0
0
0
0
0
0
0
0
0
0
0
0
0
0
0
0
0
0
0
0
0
0
0
0
0
0
0
0
0
0
0
0
0
0
0
0
0
0
0
0
0
0
0
0
0
0
0
0
0
0
0
0
0
0
0
0
0
0
0
0
0
0
0
0
0
0
0
0
0
0
0
0
0
0
0
0
0
0
0
0
0
0
0
0
0
0
0
0
0
0
0
0
0
0
0
0
0
0
0
0
0
0
0
0
0
0
0
0
0
0
0
0
0
0
0
0
0
0
0
0
0
0
0
0
0
0
0
0
0
0
0
0
0
0
0
0
0
0
0
0
0
0
0
0
0
0
0
0
0
0
0
0
0
0
0
0
0
0
0
0
0
0
0
0
0
0
0
0
0
0
0
0
0
0
0
0
0
0
0
0
0
0
0
0
0
0
0
0
0
0
0
0
0
0
0
0
0
0
0
0
0
0
0
0
0
0
0
0
0
0
0
0
0
0
0
0
0
0
0
0
0
0
0
0
0
0
0
0
0
0
0
0
0
0
0
0
0
0
0
0
0
0
0
0
0
0
0
0
0
0
0
0
0
0
0
0
0
0
0
0
0
0
0
0
0
0
0
0
0
0
0
0
0
0
0
0
0
0
0
0
0
0
0
0
0
0
0
0
0
0
0
0
0
0
0
0
0
0
0
0
0
0
0
0
0
0
0
0
0
0
0
0
0
0
0
0
0
0
0
0
0
0
0
0
0
0
0
0
0
0
0
0
0
0
0
0
0
0
0
0
0
0
0
0
0
0
0
0
0
0
0
0
0
0
0
0
0
0
0
0
""
