0
0
0
0
0
0
0
0
0
0
0
0
0
0
0
0
0
0
0
0
0
0
0
0
0
0
0
0
0
0
0
0
0
0
0
0
0
0
0
0
0
0
0
0
0
0
0
0
0
0
0
0
0
0
0
0
0
0
0
0
0
0
0
0
0
0
0
0
0
0
0
0
0
0
0
0
0
0
0
0
0
0
0
0
0
0
0
0
0
0
0
0
0
0
0
0
0
0
0
0
0
0
0
0
0
0
0
0
0
0
0
0
0
0
0
0
0
0
0
0
0
0
0
0
0
0
0
0
0
0
0
0
0
0
0
0
0
0
0
0
0
0
0
0
0
0
0
0
0
0
0
0
0
0
0
0
0
0
0
0
0
0
0
0
0
0
0
0
0
0
0
0
0
0
0
0
0
0
0
0
0
0
0
0
0
0
0
0
0
0
0
0
0
0
0
0
0
0
0
0
0
0
0
0
0
0
0
0
0
0
0
0
0
0
0
0
0
0
0
0
0
0
0
0
0
0
0
0
0
0
0
0
0
0
0
0
0
0
0
0
0
0
0
0
0
0
0
0
0
0
0
0
0
0
0
0
0
0
0
0
0
0
0
0
0
0
0
0
0
0
0
0
0
0
0
0
0
0
0
0
0
0
0
0
0
0
0
0
0
0
0
0
0
0
0
0
0
0
0
0
0
0
0
0
0
0
0
0
0
0
0
0
0
0
0
0
0
0
0
0
0
0
0
0
0
0
0
0
0
0
0
0
0
0
0
0
0
0
0
0
0
0
0
0
0
0
0
0
0
0
0
0
0
0
0
0
0
0
0
0
0
0
0
0
0
0
0
0
0
0
0
0
0
0
0
0
0
0
0
0
0
0
0
0
0
0
0
0
0
0
0
0
0
0
0
0
0
0
0
0
0
0
0
0
0
0
0
0
0
0
0
0
0
0
0
0
0
0
0
0
0
0
0
0
0
0
0
0
0
0
0
0
0
0
0
0
0
0
0
0
0
0
0
0
0
0
0
0
0
0
0
0
0
0
0
0
0
0
0
0
0
0
0
0
0
0
0
0
0
0
0
0
0
0
0
0
0
0
0
0
0
0
0
0
0
0
0
0
0
0
0
0
0
0
0
0
0
0
0
0
3.41863467358051E-65
1.3131615244298E-21
1.83580905136054E-13
5.04615527869016E-10
3.79117364198837E-08
6.06638972461875E-07
4.34313449518642E-06
1.54527040123973E-05
4.52358433588326E-05
1.08734170795337E-04
2.01011288378695E-04
3.6571301087432E-04
6.33454041802153E-04
7.96191501638892E-04
9.28543552684253E-04
1.26321351387944E-03
1.52409621821029E-03
2.14969848054107E-03
2.71836917370262E-03
3.68023715389842E-03
4.08316643271754E-03
4.70067692368831E-03
5.43853689040699E-03
6.80385721369931E-03
7.69680163878191E-03
8.18030175574096E-03
9.25853968506851E-03
1.11286827687048E-02
1.11997072419674E-02
1.15513526317758E-02
1.15764532018533E-02
1.29979519958457E-02
1.31391094474555E-02
0.013762774838083
1.46690598657097E-02
1.49196462739979E-02
1.29913002576471E-02
1.44606922926487E-02
1.28876923752546E-02
1.31309459284894E-02
1.41961111679955E-02
1.48515773118603E-02
3.94727656773686E-02
4.11405928625977E-02
4.33160002458814E-02
4.23516185823224E-02
4.66772446114636E-02
4.83511394485473E-02
4.88426202780338E-02
5.16818250450256E-02
5.33373756488192E-02
5.49856777734984E-02
5.86248361049228E-02
5.96295031461115E-02
5.70646412377523E-02
5.86037337861504E-02
5.71645349284764E-02
5.86108369198237E-02
6.00484207742345E-02
6.30739122837435E-02
6.53472504402154E-02
6.76477862830236E-02
6.14414933038372E-02
6.18713846083367E-02
6.40352417209268E-02
6.44115077886355E-02
6.75180719165329E-02
6.88010394305973E-02
6.14354250019953E-02
6.54757682645477E-02
6.76222584936929E-02
6.87828461003492E-02
6.99347744122471E-02
6.27159192033741E-02
6.26550944360847E-02
4.96114126771631E-02
5.25571265625168E-02
5.44509785981457E-02
5.63711099942921E-02
6.51779978580299E-02
0.111302316404669
0.103417512459353
0.113132997531682
6.03211747186359E-02
6.10924469603188E-02
7.17547252220662E-02
7.26350493740137E-02
7.60430048926281E-02
7.82212665092817E-02
0.119335611421891
0.120686980541139
0.122027210609172
0.123356347461587
0.116543495538054
0.119134703483494
0.110676225007032
0.107601543088441
0.108668127169489
0.108300648258704
0.138108055654408
0.142308349387221
8.49995981836302E-02
8.13328424206465E-02
4.02821748704169E-02
3.91292492689037E-02
3.33937027572906E-02
3.36755367504097E-02
0.033954876515512
6.06835243233357E-02
5.96014656168126E-02
6.95560516524314E-02
8.12464384859827E-02
7.86550070805653E-02
7.27753576829018E-02
7.49406998091012E-02
7.38427969527489E-02
7.43691030597961E-02
7.65547222362555E-02
0.0737312610504
8.26668831947229E-02
8.49169875614924E-02
8.71841086190788E-02
9.29090145134411E-02
9.34996509074654E-02
9.75691235355387E-02
8.76514949543096E-02
0.097000622741244
0.152577711516092
0.153472627821331
0.159743072283129
0.158845397587165
0.152472749264955
0.153311555641228
0.154141593032296
0.154962882575864
0.155775444895264
0.156579300108592
0.155500962268399
0.156278098561022
0.157046688134889
9.50643066039419E-02
5.92205693426855E-02
5.94980960756915E-02
5.97724565076214E-02
5.03591959361784E-02
6.42027801133075E-02
7.42551868096343E-02
6.86884641868946E-02
6.30678406863966E-02
6.33315665384042E-02
5.36558043632049E-02
5.18775883868619E-02
5.00807788735435E-02
5.42988913180814E-02
5.45078346883951E-02
5.26876279912423E-02
5.69516025435972E-02
5.71598875088878E-02
0.063511671927853
7.19601086877199E-02
6.80837244391267E-02
7.24564369200994E-02
6.64680149286336E-02
6.87709421727963E-02
7.31749010759804E-02
5.87259713698002E-02
5.47014528942555E-02
5.69794312364199E-02
5.50341488567772E-02
5.51966562112769E-02
5.74857067104569E-02
5.55140020038038E-02
5.35277357324899E-02
0.053674171338667
5.59708832845395E-02
5.82764703538623E-02
5.40987866231485E-02
6.94213561332303E-02
8.91662099332266E-02
0.119903092324107
0.139854675010719
0.135798903483992
0.136107551171798
5.28039342307146E-02
5.29187396443473E-02
4.19830425770484E-02
0.037641790797355
3.54994407332292E-02
3.55697607552426E-02
3.34111206681565E-02
3.57057454151869E-02
4.91856910120795E-02
4.92738512179894E-02
4.93598815674755E-02
5.16912277128328E-02
0.040520909896171
4.28408571362204E-02
4.06495008650957E-02
4.29729202783121E-02
4.75663255001946E-02
4.76342382058072E-02
0.047700124400961
4.32150338407999E-02
0.045548399977051
5.24461668988291E-02
5.25094571418785E-02
5.48562066148135E-02
5.72058588043784E-02
5.72674282684422E-02
5.73265908874691E-02
0.061974015017516
6.20327137006711E-02
5.97892290402211E-02
6.21423187692304E-02
5.98897733766829E-02
4.37996004925234E-02
4.61387061126901E-02
4.38621148653471E-02
4.38906329492222E-02
3.92944489725486E-02
4.16294452705631E-02
4.16512742213951E-02
4.63015268878611E-02
4.40058423522302E-02
4.40234095023311E-02
0.041721302039143
3.94159051343777E-02
3.94267261342592E-02
2.78371164864706E-02
2.32020422831248E-02
1.62438692616115E-02
1.62456369624784E-02
0.018567694533192
1.85681788955027E-02
2.08888822508367E-02
2.08876993271895E-02
2.08856524759641E-02
1.62421324169388E-02
1.85590816978671E-02
1.85549583429289E-02
1.62313085779605E-02
1.62263565309817E-02
1.85379798453325E-02
2.08471320365084E-02
2.08381724554476E-02
2.08283485017143E-02
2.31307334289834E-02
2.31178967901472E-02
2.31040994123717E-02
3.00161435195216E-02
2.99957085003991E-02
2.99740239891695E-02
2.76471598003138E-02
0.029926905668952
2.53012450451974E-02
2.75767262647506E-02
3.21427631793209E-02
3.21113319254435E-02
0.03666120370675
3.43333144437122E-02
0.036581659774873
3.42558528853088E-02
3.42149545900527E-02
3.18944366932597E-02
3.18535661874115E-02
3.18113456828397E-02
2.94986479775211E-02
2.94569348557127E-02
3.16765797416614E-02
3.16289547159719E-02
3.15799773359177E-02
3.15296470733852E-02
3.14779633802474E-02
3.36695632370331E-02
4.48150477239548E-02
3.57883267723842E-02
3.12576826121092E-02
3.11992228101005E-02
2.89151625669076E-02
2.21987364311008E-02
2.21540696932673E-02
2.21084319938046E-02
2.86803696115554E-02
0.028618513914964
2.63588249836822E-02
2.84910082684313E-02
3.06119226022747E-02
3.05398565075272E-02
2.61140786249409E-02
0.023879135731362
0.025984681885904
2.37583725851047E-02
2.58505935946042E-02
2.57817878113734E-02
2.35691557896227E-02
2.35039274302846E-02
2.34376194686065E-02
2.33702309286414E-02
2.11834189135637E-02
3.16802837205292E-02
3.15839613168079E-02
0.027288005039753
2.51095017692508E-02
2.71146307293128E-02
2.70260150612059E-02
2.69361117879393E-02
2.68449194094082E-02
2.67524363821422E-02
2.66586611182629E-02
2.65635919844204E-02
2.85031678623032E-02
2.63695653395681E-02
2.62706043246467E-02
2.81834456934901E-02
0.028074068375517
3.19580411541987E-02
2.98404604939586E-02
3.16999971819771E-02
2.76224869746735E-02
2.75060624658864E-02
2.73882216284011E-02
3.50600940236012E-02
3.29657699388125E-02
3.66783822227504E-02
3.45891151523278E-02
0.034428451682269
3.23622833336285E-02
3.03125312045133E-02
2.82794996218952E-02
2.62634936752164E-02
2.98643929134447E-02
2.59977468510094E-02
0.025862699581476
2.38886130408843E-02
2.37605091933554E-02
2.36310491041384E-02
2.53079393993211E-02
2.51655888556899E-02
0.025021766715816
2.48764691229462E-02
2.82625052886523E-02
0.028093064784015
2.79219241817791E-02
2.77490786407049E-02
2.75745232073869E-02
2.73982528148631E-02
2.89215286738844E-02
2.87305804530834E-02
2.85377931998074E-02
2.33414267345954E-02
2.15239301989908E-02
2.30162782044872E-02
2.28514047798288E-02
2.59257046875415E-02
2.41253928237149E-02
2.23475244079357E-02
2.21764593399163E-02
1.88604277833286E-02
1.87111181496773E-02
0.018560459768811
1.53403729193219E-02
0.015212563441131
0.016591978644807
1.64488818496247E-02
1.48222948969797E-02
1.76278921887618E-02
1.60120070590765E-02
1.58638368322596E-02
1.42858047466941E-02
1.41487699103461E-02
1.40105604536744E-02
0.013871171453693
9.61141856892988E-03
1.08710679840207E-02
1.07567020247437E-02
1.06413764837748E-02
1.05250873601507E-02
1.04078306637431E-02
1.02896024251627E-02
1.01703987067499E-02
1.13064925665984E-02
9.92904931281873E-03
6.12931002305879E-03
6.05234506982348E-03
5.97475873063194E-03
5.8965488547256E-03
8.14479873844222E-03
8.03355051977591E-03
1.01846843838981E-02
8.9238953025903E-03
0.010992157149667
1.19109951272739E-02
1.27955131310729E-02
1.25956872644891E-02
1.34271949505201E-02
1.32074063291457E-02
1.39848822379869E-02
1.47263806735992E-02
1.63959926067173E-02
1.79940401381679E-02
1.58017184032577E-02
1.55013640157341E-02
1.60929294631244E-02
1.57704062856377E-02
1.37294718184376E-02
1.34388422416196E-02
1.56111964040349E-02
1.68679625170412E-02
1.33401134294906E-02
1.37893075778704E-02
1.41990583458967E-02
1.38406224055412E-02
1.27706481628077E-02
1.31176406171358E-02
1.14107849506874E-02
1.10830858936977E-02
8.85608742910293E-03
8.58371272480316E-03
8.31020706806547E-03
8.03566428376352E-03
7.20588983517883E-03
6.9493338754464E-03
7.20692100127566E-03
7.42435963045872E-03
6.65150226787451E-03
0.006373398682831
5.65991094097189E-03
5.81739066502949E-03
5.93565657347311E-03
6.01511104032945E-03
6.41251754849601E-03
6.05975906420438E-03
6.02636235454785E-03
6.25485439364949E-03
5.85278354682667E-03
5.97476169176926E-03
5.54512097743271E-03
4.89949956007827E-03
4.29772252851255E-03
4.3007030699721E-03
3.90442153191012E-03
3.97853489219697E-03
3.28407357799938E-03
3.27425406348272E-03
2.76599728175445E-03
2.95212231515011E-03
2.36844927962198E-03
2.06274285069525E-03
1.70809277029135E-03
9.38569804148651E-04
7.43003747009635E-04
5.44177651892533E-04
4.041431916204E-04
4.02724971260122E-04
2.33138407213962E-04
1.47416659259142E-04
8.21064019693509E-05
4.45927811407542E-05
2.50149696055188E-05
9.74709560295882E-06
2.72665017705958E-06
4.84141993849449E-07
4.09046404651629E-08
9.04433026868271E-10
1.22761844990166E-12
6.42693812789079E-19
1.61866681861861E-42
0
0
0
0
0
0
0
0
0
0
0
0
0
0
0
0
0
0
0
0
0
0
0
0
0
0
0
0
0
0
0
0
0
0
0
0
0
0
0
0
0
0
0
0
0
0
0
0
0
0
0
0
0
0
0
0
0
0
0
0
0
0
0
0
0
0
0
0
0
0
0
0
0
0
0
0
0
0
0
0
0
0
0
0
0
0
0
0
0
0
0
0
0
0
0
0
0
0
0
0
0
0
0
0
0
0
0
0
0
0
0
0
0
0
0
0
0
0
0
0
0
0
0
0
0
0
0
0
0
0
0
0
0
0
0
0
0
0
0
0
0
0
0
0
0
0
0
0
0
0
0
0
0
0
0
0
0
0
0
0
0
0
0
0
0
0
0
0
0
0
0
0
0
0
0
0
0
0
0
0
0
0
0
0
0
0
0
0
0
0
0
0
0
0
0
0
0
0
0
0
0
0
0
0
0
0
0
0
0
0
0
0
0
0
0
0
0
0
0
0
0
0
0
0
0
0
0
0
0
0
0
0
0
0
0
0
0
0
0
0
0
0
0
0
0
0
0
0
0
0
0
0
0
0
0
0
0
0
0
0
0
0
0
0
0
0
0
0
0
0
0
0
0
0
0
0
0
0
0
0
0
0
0
0
0
0
0
0
0
0
0
0
0
0
0
0
0
0
0
0
0
0
0
0
0
0
0
0
0
0
0
0
0
0
0
0
0
0
0
0
0
0
0
0
0
0
0
0
0
0
0
0
0
0
0
0
0
0
0
0
0
0
0
0
0
0
0
0
0
0
0
0
0
0
0
0
0
0
0
0
0
0
0
0
0
0
0
0
0
0
0
0
0
0
0
0
0
0
0
0
0
0
0
0
0
0
0
0
0
0
0
0
0
0
0
0
0
0
0
0
0
0
0
0
0
0
0
0
0
0
0
0
0
0
0
0
0
0
0
0
0
0
0
0
0
0
0
0
0
0
0
0
0
0
0
0
0
0
0
0
0
0
0
0
0
0
0
0
0
0
0
0
0
0
0
0
0
0
0
0
0
0
0
0
0
0
0
0
0
0
0
0
0
""
