0
0
0
0
0
0
0
0
0
0
0
0
0
0
0
0
0
0
0
0
0
0
0
0
0
0
0
0
0
0
0
0
0
0
0
0
0
0
0
0
0
0
0
0
0
0
0
0
0
0
0
0
0
0
0
0
0
0
0
0
0
0
0
0
0
0
0
0
0
0
0
0
0
0
0
0
0
0
0
0
0
0
0
0
0
0
0
0
0
0
0
0
0
0
0
0
0
0
0
0
0
0
0
0
0
0
0
0
0
0
0
0
0
0
0
0
0
0
0
0
0
0
0
0
0
0
0
0
0
0
0
0
0
0
0
0
0
0
0
0
0
0
0
0
0
0
0
0
0
0
0
0
0
0
0
0
0
0
0
0
0
0
0
0
0
0
0
0
0
0
0
0
0
0
0
0
0
0
0
0
0
0
0
0
0
0
0
0
0
0
0
0
0
0
0
0
0
0
0
0
0
0
0
0
0
0
0
0
0
0
0
0
0
0
0
0
0
0
0
0
0
0
0
0
0
0
0
0
0
0
0
0
0
0
0
0
0
0
0
0
0
0
0
0
0
0
0
0
0
0
0
0
0
0
0
0
0
0
0
0
0
0
0
0
0
0
0
0
0
0
0
0
0
0
0
0
0
0
0
0
0
0
0
0
0
0
0
0
0
0
0
0
0
0
0
0
0
0
0
0
0
0
0
0
0
0
0
0
0
0
0
0
0
0
0
0
0
0
0
0
0
0
0
0
0
0
0
0
0
0
0
0
0
0
0
0
0
0
0
0
0
0
0
0
0
0
0
0
0
0
0
0
0
0
0
0
0
0
0
0
0
0
0
0
0
0
0
0
0
0
0
0
0
0
0
0
0
0
0
0
0
0
0
0
0
0
0
0
0
0
0
0
0
0
0
0
0
0
0
0
0
0
0
0
0
0
0
0
0
0
0
0
0
0
0
0
0
0
0
0
0
0
0
0
0
0
0
0
0
0
0
0
0
0
0
0
0
0
0
0
0
0
0
0
0
0
0
0
0
0
0
0
0
8.09580456500605E-48
4.90711715400348E-20
3.74755738533472E-13
4.31942516083131E-10
2.46575463494752E-08
3.57300027755024E-07
1.04201423997533E-06
4.27536192651945E-06
1.15338137650748E-05
3.15899766359135E-05
6.27600549147603E-05
1.10979194015247E-04
1.7411558096907E-04
2.62826645349322E-04
4.45825893120149E-04
5.28900617260514E-04
6.96551682089084E-04
8.62908830514152E-04
1.07461868534573E-03
1.30961817752429E-03
1.51777677103463E-03
1.84466735518471E-03
2.14202130629145E-03
2.45738075804104E-03
2.87649781704796E-03
4.7047319167639E-03
5.35556863301167E-03
9.79880683318895E-03
1.07733481002334E-02
1.16284743382379E-02
1.29555581625456E-02
1.40129333579391E-02
1.14087262947692E-02
1.67734705092171E-02
1.81317818802831E-02
2.08774194323154E-02
2.28744371427552E-02
2.34524343205549E-02
2.42219222112506E-02
2.69044067189086E-02
2.85567957413149E-02
2.99340858233753E-02
2.90554818086375E-02
2.96655443159541E-02
3.09230258718819E-02
3.18157393262126E-02
2.92600345515088E-02
2.95722938636856E-02
3.14607824472533E-02
3.25592282424084E-02
3.40928693747726E-02
0.031590943183396
3.49106781127648E-02
3.59709971500859E-02
3.75218092168793E-02
3.80817225818404E-02
0.039131618593341
4.12489712035945E-02
3.46242756914803E-02
3.43689111669387E-02
3.11686943286564E-02
3.25000241836336E-02
0.033855218445635
5.50144850129954E-02
0.053690805149812
5.61241301193591E-02
5.99220781055879E-02
4.70255661379354E-02
5.41175529206879E-02
5.37613312615258E-02
5.26357162364343E-02
5.21506621150982E-02
6.48790930991599E-02
6.67621031623072E-02
6.79012186351592E-02
6.74823515366656E-02
6.85828135026358E-02
6.96767120332564E-02
6.99506488974266E-02
0.071018946190591
7.12425625388665E-02
7.22855144983433E-02
7.33219939881521E-02
6.64794325304092E-02
6.65078128421148E-02
4.49368039648341E-02
4.55312558538358E-02
4.88892132755678E-02
5.32479600625708E-02
9.08002019399959E-02
8.99974951018479E-02
9.10793258065577E-02
9.31343944855743E-02
9.42133444839085E-02
0.095285115696273
0.094321304493326
9.43311525416207E-02
7.04748238094162E-02
6.80793925925848E-02
7.09048378826659E-02
7.48378599566938E-02
7.88304211467298E-02
8.07007593086787E-02
8.25868866015369E-02
8.56002832494701E-02
8.52835106780089E-02
5.54943146786273E-02
5.71424435982932E-02
5.99605300639316E-02
6.04890995556594E-02
5.86671705471603E-02
4.73344699901934E-02
4.77322829347146E-02
4.69240013778557E-02
3.51763978463661E-02
3.54584841799306E-02
3.57384690648108E-02
9.06618625344456E-02
9.26075547030713E-02
9.20450786943601E-02
9.65395767772838E-02
9.85254936667134E-02
0.100524406286885
0.101238183437674
0.104560395900984
0.105281049026466
0.113945702693696
0.113374344024345
0.114121897618443
0.114863422164362
0.112878951426947
0.11906555712731
0.1349539615093
0.126082530395179
0.117087005974921
0.117784226764813
0.112833851136279
0.110649466260438
0.112707130680222
0.113340678666057
0.113968699043423
0.114591197552541
0.116666511141276
0.146607153192083
0.147374198184805
0.148134280273942
0.148887405614154
0.14963358014959
0.112779607213452
0.114839875661419
0.130574191554832
0.132717527328059
0.133336534582206
0.13394952201752
0.134556493623164
0.138264521124196
0.140433521930673
0.142609918921775
0.127481241288206
0.131179346969603
0.131724048298273
0.124295380493231
0.159995547062982
0.160631161226637
0.161259897396069
0.160262940839897
0.162496747029631
0.163104865800975
0.163706117199919
0.164300503565156
0.164888027115897
0.165468689955396
0.166042494074422
0.166609441354677
0.167169533572163
0.167722772400496
0.168269159414166
0.14855165256073
0.13039286554064
0.137592451352614
0.131197387490818
0.13159174168922
0.118268532207614
0.130645619252758
0.134467124150875
0.134845249993869
0.143885863054732
0.142538596929308
0.139433450728145
0.159021799852947
0.12614386271188
0.124706920496885
0.149668385063789
0.151799046099127
0.157471035179901
0.159615125347558
0.165316515940538
0.167472668594337
0.164273632228846
0.162842081346823
0.111184322332034
0.115011152594107
0.131453628315776
0.131717670186334
0.126553020589322
0.124985259778435
0.127035474442245
0.118178842537641
0.107463261721108
0.111301699197347
0.098698848234338
0.12266537554008
0.122866487552997
0.126736540843892
0.183962636490533
0.184242287960464
0.184515100247445
0.184781073029664
0.185040205977689
0.185292498755704
0.185537951022709
0.185776562433682
0.186008332640707
0.186233261294061
0.186451348043277
0.186662592538158
0.186866994429765
0.187064553371368
0.187255269019365
0.187439141034164
0.187616169081032
0.187786352830916
0.187949691961222
0.114744773555508
0.148722109736518
0.158254856357834
0.156483714764796
0.158477514361037
0.158580217037397
0.162455196360423
0.162548567909745
0.164527167808377
0.160825579608955
0.145756837230733
0.147713104984787
0.159138091988599
0.157299604102903
0.189578232851774
0.18963202201304
0.187782173038432
0.189719054699712
0.189752298024156
0.189778692561241
0.189798238249529
0.189810935043431
0.189816782913291
0.189815781845437
0.189807931842211
0.185997368263521
0.189771685119006
0.18974328848358
0.189708043081733
0.189665948995214
0.189617006321321
0.189561215172719
0.189498575677234
0.18942908797761
0.189352752231248
0.183591481551603
0.189179537299351
0.179628525574099
0.179529985800654
0.17942494132837
0.135900676332658
0.137697471177129
0.139486714427988
0.122432440780336
0.120456189834289
0.16737442045338
0.167233359731935
0.138925610397527
0.131295588750084
0.166773627239786
0.168480202849199
0.168306758297437
0.168127154871491
0.145549207163976
0.164021706581548
0.161966347980013
0.122721249685792
0.172707991075176
0.17248422264096
0.155584341436555
0.16646864553528
0.156998424861943
0.156770648497298
0.17863640808854
0.17836320691532
0.176247461072248
0.172298030688478
0.166524186173168
0.164416146400045
0.131305511075829
0.127432260366737
0.123567267533188
0.12696615160578
0.128536288784462
0.130094639781148
0.129837698233149
0.134974827589313
0.134696925624606
0.116492043610029
0.116242308131969
0.105281532568223
0.119290414378256
0.143888948601244
0.140011007557541
0.137912371776017
0.141108404596265
0.139003218654871
0.13514619542679
0.161063295939711
0.132708328863808
0.135842308540449
9.72667081759588E-02
0.162824407787305
0.162373268347845
0.161915698316095
0.166604410700638
0.166118963411267
0.163919384262049
0.163425800957765
0.151045650830464
0.150575871713712
0.148413481025789
0.147936926640511
0.149129961128445
0.146965730541759
0.144806641931864
0.140994144805277
0.12893373133851
0.118596230896746
7.54986306048809E-02
7.68596004868888E-02
7.98346250330456E-02
9.25210772778979E-02
9.86374160824493E-02
0.161076811566137
0.160446065068602
0.159808439717004
0.159163932479624
0.15851254018196
0.157854259502859
0.15718908697061
0.156517018958991
0.155838051683291
0.155152181196292
0.154459403384221
0.15375971396268
0.153053108472554
0.152339582275895
0.151619130551799
0.150891748292274
0.150157430298105
0.14941617117472
0.148667965328075
0.147912806960551
0.147150690066877
0.146381608430095
0.14414950006139
0.141926074477487
0.141151859440078
0.140370792432021
0.122491086723223
0.104799157559558
0.104193817196887
0.107782602304691
0.102967540243439
7.33022882895735E-02
7.01046182581799E-02
6.83034050258045E-02
6.78732588878824E-02
7.68811151681515E-02
7.90627701467562E-02
7.98738869642975E-02
7.80183481633622E-02
6.96095189412903E-02
6.78266231738148E-02
7.38296910261493E-02
5.14434333629023E-02
5.10736924758751E-02
4.94335550216259E-02
4.78093174321131E-02
4.62011906989099E-02
4.46093862214548E-02
4.30341158212828E-02
4.75749434851341E-02
0.047194758868467
0.049212343473048
0.042854663606071
5.07589487685334E-02
5.26680431559049E-02
5.91746905237169E-02
0.104659263446639
0.104865468907922
7.45475725213108E-02
7.38606998161364E-02
7.31689476417922E-02
7.68645672026757E-02
4.78471771853123E-02
2.58415696639559E-02
3.19786131500783E-02
4.11489314626942E-02
2.61043257734715E-02
2.68624278787907E-02
9.81208785308447E-02
0.087951731384757
8.79745717059435E-02
8.69798302605272E-02
7.13230207545142E-02
7.33835090930471E-02
7.72773596222403E-02
7.63371987186023E-02
0.075390881893867
7.81143736797301E-02
5.80580800437224E-02
6.44577256327384E-02
0.082143056064995
8.10211278206162E-02
4.38118031622814E-02
4.31887799057413E-02
4.42309672422339E-02
4.52198030673827E-02
4.29159016423373E-02
0.025510846928908
2.51077869593613E-02
2.54742624587655E-02
2.42944400686398E-02
2.23914113495235E-02
2.12710679455468E-02
2.16154757351765E-02
2.12241944724218E-02
2.22194415912261E-02
2.04350914117806E-02
1.93694010853779E-02
1.89828313715286E-02
1.92354205492695E-02
1.94590818381341E-02
1.71969412078321E-02
1.68160851146705E-02
1.64334178068395E-02
1.31830949183006E-02
1.28659026066515E-02
1.30928852450262E-02
1.22274835584842E-02
1.24240331029683E-02
1.20877102991425E-02
0.011260624908126
1.09361492675966E-02
1.10720486038098E-02
1.07315581754155E-02
1.12561255040244E-02
1.08856593069781E-02
1.05145964133111E-02
9.75297222283611E-03
9.39549324946725E-03
8.67641382896681E-03
7.6388245129575E-03
6.65869052593709E-03
6.37344819197647E-03
6.08886675432472E-03
5.80517401922702E-03
5.52261954416613E-03
3.93110740867457E-03
4.21773733820162E-03
5.15311328139643E-03
5.29157630272046E-03
4.96491438323729E-03
4.64210130524319E-03
4.14353691272689E-03
3.84318851054748E-03
3.39398718567435E-03
2.83428152266768E-03
2.45959801418538E-03
2.11538482980259E-03
1.69530898139164E-03
1.42195839916178E-03
1.34532952718984E-03
1.32942017530956E-03
1.1549084917246E-03
9.35716534460769E-04
8.37765762179754E-04
6.96700091848255E-04
5.68278909260903E-04
4.78303752088527E-04
3.51745764209156E-04
2.79120785165351E-04
2.01859766188103E-04
1.39224025556092E-04
8.57663577952841E-05
5.17699712349887E-05
2.83904368157927E-05
1.52413246859736E-05
6.51020730047468E-06
2.07900415470025E-06
5.314531832354E-07
6.82346980312898E-08
3.57744871520973E-09
2.94129920807386E-11
4.53819504844268E-15
1.86184895199359E-24
4.02342970879277E-85
0
0
0
0
0
0
0
0
0
0
0
0
0
0
0
0
0
0
0
0
0
0
0
0
0
0
0
0
0
0
0
0
0
0
0
0
0
0
0
0
0
0
0
0
0
0
0
0
0
0
0
0
0
0
0
0
0
0
0
0
0
0
0
0
0
0
0
0
0
0
0
0
0
0
0
0
0
0
0
0
0
0
0
0
0
0
0
0
0
0
0
0
0
0
0
0
0
0
0
0
0
0
0
0
0
0
0
0
0
0
0
0
0
0
0
0
0
0
0
0
0
0
0
0
0
0
0
0
0
0
0
0
0
0
0
0
0
0
0
0
0
0
0
0
0
0
0
0
0
0
0
0
0
0
0
0
0
0
0
0
0
0
0
0
0
0
0
0
0
0
0
0
0
0
0
0
0
0
0
0
0
0
0
0
0
0
0
0
0
0
0
0
0
0
0
0
0
0
0
0
0
0
0
0
0
0
0
0
0
0
0
0
0
0
0
0
0
0
0
0
0
0
0
0
0
0
0
0
0
0
0
0
0
0
0
0
0
0
0
0
0
0
0
0
0
0
0
0
0
0
0
0
0
0
0
0
0
0
0
0
0
0
0
0
0
0
0
0
0
0
0
0
0
0
0
0
0
0
0
0
0
0
0
0
0
0
0
0
0
0
0
0
0
0
0
0
0
0
0
0
0
0
0
0
0
0
0
0
0
0
0
0
0
0
0
0
0
0
0
0
0
0
0
0
0
0
0
0
0
0
0
0
0
0
0
0
0
0
0
0
0
0
0
0
0
0
0
0
0
0
0
0
0
0
0
0
0
0
0
0
0
0
0
0
0
0
0
0
0
0
0
0
0
0
0
0
0
0
0
0
0
0
0
0
0
0
0
0
0
0
0
0
0
0
0
0
0
0
0
0
0
0
0
0
0
0
0
0
0
0
0
0
0
0
0
0
0
0
0
0
0
0
0
0
0
0
0
0
0
0
0
0
0
0
0
0
0
0
0
0
0
0
0
0
0
0
0
0
0
0
0
0
0
0
0
0
0
0
0
0
0
0
0
0
0
0
0
0
0
0
0
0
0
0
0
""
