0
0
0
0
0
0
0
0
0
0
0
0
0
0
0
0
0
0
0
0
0
0
0
0
0
0
0
0
0
0
0
0
0
0
0
0
0
0
0
0
0
0
0
0
0
0
0
0
0
0
0
0
0
0
0
0
0
0
0
0
0
0
0
0
0
0
0
0
0
0
0
0
0
0
0
0
0
0
0
0
0
0
0
0
0
0
0
0
0
0
0
0
0
0
0
0
0
0
0
0
0
0
0
0
0
0
0
0
0
0
0
0
0
0
0
0
0
0
0
0
0
0
0
0
0
0
0
0
0
0
0
0
0
0
0
0
0
0
0
0
0
0
0
0
0
0
0
0
0
0
0
0
0
0
0
0
0
0
0
0
0
0
0
0
0
0
0
0
0
0
0
0
0
0
0
0
0
0
0
0
0
0
0
0
0
0
0
0
0
0
0
0
0
0
0
0
0
0
0
0
0
0
0
0
0
0
0
0
0
0
0
0
0
0
0
0
0
0
0
0
0
0
0
0
0
0
0
0
0
0
0
0
0
0
0
0
0
0
0
0
0
0
0
0
0
0
0
0
0
0
0
0
0
0
0
0
0
0
0
0
0
0
0
0
0
0
0
0
0
0
0
0
0
0
0
0
0
0
0
0
0
0
0
0
0
0
0
0
0
0
0
0
0
0
0
0
0
0
0
0
0
0
0
0
0
0
0
0
0
0
0
0
0
0
0
0
0
0
0
0
0
0
0
0
0
0
0
0
0
0
0
0
0
0
0
0
0
0
0
0
0
0
0
0
0
0
0
0
0
0
0
0
0
0
0
0
0
0
0
0
0
0
0
0
0
0
0
0
0
0
0
0
0
0
0
0
0
0
0
0
0
0
0
0
0
0
0
0
0
0
0
0
0
0
0
0
0
0
0
0
0
0
0
0
0
0
0
0
0
0
0
0
0
0
0
0
0
0
0
0
0
0
0
0
0
0
0
0
0
0
0
0
0
0
0
0
0
0
0
0
0
0
0
0
0
0
0
0
0
0
0
0
0
1.07944060866747E-47
6.54282287200465E-20
4.99674318044629E-13
5.75923354777508E-10
3.2876728465967E-08
4.76400037006698E-07
1.3893523199671E-06
5.7004825686926E-06
1.5378418353433E-05
4.21199688478846E-05
8.36800732196804E-05
1.47972258686996E-04
2.3215410795876E-04
3.5043552713243E-04
5.94434524160199E-04
7.05200823014018E-04
9.28735576118778E-04
1.1505451073522E-03
1.4328249137943E-03
1.74615757003238E-03
2.0237023613795E-03
2.45955647357962E-03
2.85602840838861E-03
3.27650767738806E-03
3.83533042273062E-03
6.27297588901853E-03
7.14075817734889E-03
1.30650757775853E-02
1.43644641336445E-02
1.55046324509839E-02
1.72740775500608E-02
1.86839111439188E-02
1.52116350596923E-02
2.23646273456228E-02
2.41757091737108E-02
2.78365592430872E-02
3.04992495236736E-02
3.12699124274066E-02
3.22958962816675E-02
3.58725422918781E-02
3.80757276550865E-02
0.039912114431167
3.87406424115167E-02
3.95540590879389E-02
4.12307011625092E-02
4.24209857682834E-02
3.90133794020117E-02
3.94297251515808E-02
0.041947709929671
4.34123043232112E-02
4.54571591663634E-02
4.21212575778614E-02
4.65475708170197E-02
4.79613295334479E-02
5.00290789558391E-02
5.07756301091205E-02
0.052175491457788
5.49986282714593E-02
4.61657009219738E-02
4.58252148892516E-02
4.15582591048751E-02
4.33333655781781E-02
4.51402912608467E-02
7.33526466839939E-02
7.15877401997493E-02
7.48321734924788E-02
7.98961041407838E-02
6.27007548505805E-02
7.21567372275839E-02
7.16817750153677E-02
7.01809549819124E-02
6.95342161534642E-02
8.65054574655465E-02
8.90161375497429E-02
9.05349581802123E-02
8.99764687155541E-02
9.14437513368477E-02
9.29022827110085E-02
9.32675318632355E-02
9.46919282541214E-02
9.49900833851553E-02
9.63806859977911E-02
9.77626586508695E-02
8.86392433738789E-02
8.86770837894864E-02
5.99157386197788E-02
6.07083411384478E-02
0.065185617700757
7.09972800834278E-02
0.121066935919994
0.119996660135797
0.12143910107541
0.124179192647432
0.125617792645211
0.127046820928364
0.125761739324435
0.125774870055494
9.39664317458882E-02
9.07725234567798E-02
9.45397838435545E-02
9.97838132755917E-02
0.10510722819564
0.107601012411572
0.110115848802049
0.114133710999293
0.113711347570679
0.073992419571503
7.61899247977242E-02
7.99473734185755E-02
8.06521327408792E-02
7.82228940628803E-02
6.31126266535912E-02
6.36430439129527E-02
6.25653351704743E-02
4.69018637951548E-02
4.72779789065742E-02
4.76512920864144E-02
0.120882483379261
0.123476739604095
0.12272677159248
0.128719435703045
0.131367324888951
0.134032541715846
0.134984244583565
0.139413861201312
0.140374732035288
0.151927603591594
0.15116579203246
0.152162530157925
0.153151229552482
0.150505268569263
0.158754076169747
0.179938615345733
0.168110040526905
0.156116007966562
0.157045635686417
0.150445134848372
0.147532621680584
0.150276174240296
0.151120904888076
0.15195826539123
0.152788263403388
0.155555348188367
0.195476204256111
0.196498930913074
0.197512373698589
0.198516540818872
0.199511440199453
0.150372809617936
0.153119834215226
0.174098922073109
0.176956703104079
0.177782046109608
0.178599362690027
0.179408658164219
0.184352694832261
0.187244695907564
0.190146558562366
0.169974988384275
0.17490579595947
0.175632064397698
0.165727173990974
0.213327396083976
0.214174881635515
0.215013196528091
0.213683921119863
0.216662329372841
0.2174731544013
0.218274822933225
0.219067338086874
0.219850702821196
0.220624919940528
0.22138999209923
0.222145921806236
0.222892711429551
0.223630363200662
0.224358879218887
0.198068870080973
0.173857154054187
0.183456601803485
0.174929849987758
0.175455655585626
0.157691376276819
0.174194159003678
0.179289498867834
0.179793666658492
0.191847817406309
0.190051462572411
0.185911267637526
0.212029066470597
0.168191816949173
0.166275893995846
0.199557846751718
0.202398728132169
0.209961380239869
0.212820167130078
0.22042202125405
0.223296891459116
0.219031509638461
0.217122775129097
0.148245763109378
0.153348203458809
0.175271504421034
0.175623560248445
0.168737360785763
0.166647013037913
0.16938063258966
0.157571790050188
0.143284348961478
0.148402265596463
0.131598464312451
0.16355383405344
0.163821983403996
0.168982054458522
0.245283515320711
0.245656383947286
0.24602013366326
0.246374764039551
0.246720274636918
0.247056665007605
0.247383934696946
0.24770208324491
0.248011110187609
0.248311015058748
0.248601797391036
0.248883456717544
0.249155992573019
0.249419404495157
0.24967369202582
0.249918854712218
0.250154892108043
0.250381803774554
0.250599589281629
0.152993031407344
0.198296146315357
0.211006475143779
0.208644953019728
0.211303352481382
0.211440289383196
0.216606928480564
0.21673142387966
0.219369557077836
0.214434106145273
0.194342449640977
0.196950806646382
0.212184122651466
0.209732805470538
0.252770977135698
0.252842696017386
0.25037623071791
0.252958739599616
0.253003064032208
0.253038256748321
0.253064317666039
0.253081246724575
0.253089043884388
0.25308770912725
0.253077242456282
0.247996491018029
0.253028913492008
0.25299105131144
0.25294405744231
0.252887931993619
0.252822675095095
0.252748286896959
0.252664767569645
0.252572117303481
0.25247033630833
0.244788642068804
0.252239383065801
0.239504700765465
0.239373314400872
0.239233255104493
0.181200901776878
0.183596628236173
0.185982285903984
0.163243254373781
0.160608253112386
0.22316589393784
0.222977812975913
0.185234147196702
0.175060785000112
0.222364836319715
0.224640270465599
0.224409011063249
0.224169539828655
0.194065609551968
0.218695608775397
0.215955130640018
0.163628332914389
0.230277321433569
0.22997896352128
0.207445788582074
0.22195819404704
0.209331233149257
0.209027531329731
0.238181877451386
0.237817609220426
0.234996614762998
0.229730707584637
0.22203224823089
0.219221528533393
0.175074014767773
0.169909680488983
0.164756356710918
0.16928820214104
0.171381718379283
0.173459519708197
0.173116930977532
0.17996643678575
0.179595900832807
0.155322724813372
0.154989744175959
0.140375376757631
0.159053885837674
0.191851931468326
0.186681343410055
0.183883162368023
0.188144539461687
0.185337624873162
0.18019492723572
0.214751061252948
0.176944438485077
0.181123078053932
0.129688944234612
0.217099210383073
0.216497691130459
0.215887597754793
0.222139214267517
0.221491951215023
0.218559179016065
0.217901067943686
0.201394201107285
0.200767828951616
0.197884641367718
0.197249235520681
0.198839948171261
0.195954307389011
0.193075522575819
0.187992193073703
0.171911641784681
0.158128307862328
0.100664840806508
0.102479467315852
0.106446166710728
0.123361436370531
0.131516554776599
0.214769082088183
0.213928086758136
0.213077919622672
0.212218576639499
0.211350053575947
0.210472346003813
0.209585449294146
0.208689358611988
0.207784068911055
0.206869574928389
0.205945871178961
0.20501295195024
0.204070811296739
0.203119443034527
0.202158840735732
0.201188997723033
0.20020990706414
0.199221561566293
0.198223953770767
0.197217075947401
0.196200920089169
0.195175477906794
0.192199333415186
0.189234765969982
0.188202479253437
0.187161056576029
0.163321448964297
0.139732210079411
0.13892508959585
0.143710136406255
0.137290053657918
0.097736384386098
9.34728243442398E-02
9.10712067010726E-02
9.04976785171765E-02
0.102508153557535
0.105417026862342
0.106498515952397
0.104024464217816
9.28126919217204E-02
9.04354975650864E-02
9.84395880348657E-02
6.85912444838697E-02
6.80982566345001E-02
6.59114066955012E-02
6.37457565761507E-02
6.16015875985465E-02
5.94791816286064E-02
5.73788210950438E-02
6.34332579801788E-02
0.062926345157956
0.065616457964064
5.71395514747613E-02
6.76785983580445E-02
7.02240575412065E-02
7.88995873649558E-02
0.139545684595519
0.139820625210563
9.93967633617477E-02
9.84809330881818E-02
9.75585968557229E-02
0.102486089603568
6.37962362470831E-02
3.44554262186079E-02
4.26381508667711E-02
5.48652419502589E-02
0.034805767697962
3.58165705050543E-02
0.130827838041126
0.117268975179676
0.117299428941258
0.115973107014036
0.095097361006019
9.78446787907295E-02
0.10303647949632
0.101782931624803
0.100521175858489
0.10415249823964
7.74107733916298E-02
8.59436341769845E-02
0.109524074753327
0.108028170427488
5.84157375497085E-02
5.75850398743217E-02
5.89746229896452E-02
6.02930707565102E-02
5.72212021897831E-02
3.40144625718774E-02
3.34770492791484E-02
0.033965683278354
3.23925867581864E-02
0.029855215132698
2.83614239273958E-02
2.88206343135687E-02
0.028298925963229
2.96259221216349E-02
2.72467885490408E-02
2.58258681138372E-02
2.53104418287047E-02
0.025647227399026
2.59454424508455E-02
2.29292549437762E-02
2.24214468195606E-02
2.19112237424526E-02
1.75774598910675E-02
1.71545368088687E-02
1.74571803267016E-02
1.63033114113123E-02
1.65653774706244E-02
1.61169470655234E-02
0.015014166544168
1.45815323567955E-02
1.47627314717464E-02
1.43087442338874E-02
1.50081673386992E-02
1.45142124093041E-02
1.40194618844148E-02
1.30039629637815E-02
0.012527324332623
1.15685517719557E-02
0.01018509935061
8.87825403458278E-03
8.49793092263529E-03
8.11848900576629E-03
7.74023202563602E-03
7.36349272555485E-03
5.24147654489942E-03
5.62364978426883E-03
6.87081770852857E-03
7.05543507029395E-03
6.61988584431639E-03
6.18946840699092E-03
5.52471588363585E-03
5.12425134739664E-03
4.52531624756579E-03
3.77904203022358E-03
3.27946401891384E-03
2.82051310640346E-03
2.26041197518885E-03
1.89594453221571E-03
1.79377270291978E-03
1.77256023374608E-03
1.53987798896614E-03
1.24762204594769E-03
1.11702101623967E-03
9.28933455797674E-04
7.5770521234787E-04
6.37738336118036E-04
4.68994352278874E-04
3.72161046887135E-04
2.6914635491747E-04
1.85632034074789E-04
1.14355143727045E-04
6.90266283133183E-05
3.78539157543903E-05
2.03217662479648E-05
8.68027640063291E-06
2.77200553960033E-06
7.08604244313866E-07
9.09795973750531E-08
4.76993162027963E-09
3.92173227743181E-11
6.0509267312569E-15
2.48246526932479E-24
5.36457294505703E-85
0
0
0
0
0
0
0
0
0
0
0
0
0
0
0
0
0
0
0
0
0
0
0
0
0
0
0
0
0
0
0
0
0
0
0
0
0
0
0
0
0
0
0
0
0
0
0
0
0
0
0
0
0
0
0
0
0
0
0
0
0
0
0
0
0
0
0
0
0
0
0
0
0
0
0
0
0
0
0
0
0
0
0
0
0
0
0
0
0
0
0
0
0
0
0
0
0
0
0
0
0
0
0
0
0
0
0
0
0
0
0
0
0
0
0
0
0
0
0
0
0
0
0
0
0
0
0
0
0
0
0
0
0
0
0
0
0
0
0
0
0
0
0
0
0
0
0
0
0
0
0
0
0
0
0
0
0
0
0
0
0
0
0
0
0
0
0
0
0
0
0
0
0
0
0
0
0
0
0
0
0
0
0
0
0
0
0
0
0
0
0
0
0
0
0
0
0
0
0
0
0
0
0
0
0
0
0
0
0
0
0
0
0
0
0
0
0
0
0
0
0
0
0
0
0
0
0
0
0
0
0
0
0
0
0
0
0
0
0
0
0
0
0
0
0
0
0
0
0
0
0
0
0
0
0
0
0
0
0
0
0
0
0
0
0
0
0
0
0
0
0
0
0
0
0
0
0
0
0
0
0
0
0
0
0
0
0
0
0
0
0
0
0
0
0
0
0
0
0
0
0
0
0
0
0
0
0
0
0
0
0
0
0
0
0
0
0
0
0
0
0
0
0
0
0
0
0
0
0
0
0
0
0
0
0
0
0
0
0
0
0
0
0
0
0
0
0
0
0
0
0
0
0
0
0
0
0
0
0
0
0
0
0
0
0
0
0
0
0
0
0
0
0
0
0
0
0
0
0
0
0
0
0
0
0
0
0
0
0
0
0
0
0
0
0
0
0
0
0
0
0
0
0
0
0
0
0
0
0
0
0
0
0
0
0
0
0
0
0
0
0
0
0
0
0
0
0
0
0
0
0
0
0
0
0
0
0
0
0
0
0
0
0
0
0
0
0
0
0
0
0
0
0
0
0
0
0
0
0
0
0
0
0
0
0
0
0
0
0
0
0
0
0
0
0
""
