0
0
0
0
0
0
0
0
0
0
0
0
0
0
0
0
0
0
0
0
0
0
0
0
0
0
0
0
0
0
0
0
0
0
0
0
0
0
0
0
0
0
0
0
0
0
0
0
0
0
0
0
0
0
0
0
0
0
0
0
0
0
0
0
0
0
0
0
0
0
0
0
0
0
0
0
0
0
0
0
0
0
0
0
0
0
0
0
0
0
0
0
0
0
0
0
0
0
0
0
0
0
0
0
0
0
0
0
0
0
0
0
0
0
0
0
0
0
0
0
0
0
0
0
0
0
0
0
0
0
0
0
0
0
0
0
0
0
0
0
0
0
0
0
0
0
0
0
0
0
0
0
0
0
0
0
0
0
0
0
0
0
0
0
0
0
0
0
0
0
0
0
0
0
0
0
0
0
0
0
0
0
0
0
0
0
0
0
0
0
0
0
0
0
0
0
0
0
0
0
0
0
0
0
0
0
0
0
0
0
0
0
0
0
0
0
0
0
0
0
0
0
0
0
0
0
0
0
0
0
0
0
0
0
0
0
0
0
0
0
0
0
0
0
0
0
0
0
0
0
0
0
0
0
0
0
0
0
0
0
0
0
0
0
0
0
0
0
0
0
0
0
0
0
0
0
0
0
0
0
0
0
0
0
0
0
0
0
0
0
0
0
0
0
0
0
0
0
0
0
0
0
0
0
0
0
0
0
0
0
0
0
0
0
0
0
0
0
0
0
0
0
0
0
0
0
0
0
0
0
0
0
0
0
0
0
0
0
0
0
0
0
0
0
0
0
0
7.63073323947322E-153
1.27996495516675E-32
2.65660813902464E-19
3.44098742245889E-14
1.61355822611229E-11
7.31362201609048E-10
1.0067559924952E-08
7.5992206497775E-08
3.20217386126141E-07
8.36556765812888E-07
1.9785974390304E-06
4.37088701607239E-06
8.53071409849998E-06
1.3863437215097E-05
1.98776262934512E-05
2.95326192422032E-05
4.17908845399721E-05
5.6804569431613E-05
8.21245712199779E-05
9.06093223565195E-05
1.12989998782612E-04
1.45266184780271E-04
1.5683837832871E-04
1.95516237226091E-04
1.79810391511014E-04
2.20744721154569E-04
2.35646350149508E-04
2.30343497371625E-04
2.57597951838185E-04
2.85884990738136E-04
3.15102506189627E-04
3.71702538836007E-04
4.33778040830902E-04
4.70053513297798E-04
4.73183973373422E-04
5.44475725573116E-04
5.43618102655676E-04
5.38045065189584E-04
6.59522924345036E-04
6.98485981987903E-04
6.88472022224246E-04
6.73360090644606E-04
6.53079958171985E-04
6.84631131249442E-04
6.56500038082694E-04
8.10008788888975E-04
9.09017636348246E-04
8.78072389140634E-04
9.11936889876583E-04
1.01840108052345E-03
1.05453955116118E-03
1.01258960608974E-03
1.04576429075373E-03
9.95745573635284E-04
1.02595986874027E-03
9.67956802137292E-04
1.08571498801718E-03
1.11523778565195E-03
1.14451392972339E-03
1.17353707429465E-03
1.40268541151214E-03
1.43593734970774E-03
1.46887790956862E-03
1.50150340659573E-03
1.53966901525588E-03
1.62394374842749E-03
1.83211857016715E-03
0.002054552804117
1.88717718421007E-03
2.26088286992004E-03
2.36683984461746E-03
3.09325698119445E-03
3.23017672344972E-03
3.36926135318799E-03
3.51046391865977E-03
4.01911202937393E-03
4.36889457533642E-03
4.53826900158672E-03
4.70987168049406E-03
5.09598568562074E-03
5.05956401651359E-03
5.23755696445741E-03
5.41758473835452E-03
5.59960114250198E-03
5.53210166497368E-03
5.96941930123538E-03
6.42483430735265E-03
6.89854207312617E-03
5.96943693892751E-03
6.73097973199023E-03
6.62457610921272E-03
7.12205545985142E-03
6.04697927923954E-03
5.88488185854902E-03
6.37792753703518E-03
6.54527229644485E-03
7.0671833879363E-03
7.24584638735966E-03
7.4257191173531E-03
7.98711055118875E-03
8.17842461895267E-03
7.5736871043362E-03
8.15672312324847E-03
9.17643218669682E-03
8.52873911625585E-03
7.84465268941515E-03
8.45956954084626E-03
8.63958636344466E-03
8.35625690336744E-03
8.52846373467373E-03
1.30522050642345E-02
1.38059514006883E-02
1.45802269588915E-02
1.53751235795072E-02
0.016190729142623
1.64950299131107E-02
0.01734244782376
2.20736713363837E-02
1.85383293508873E-02
1.94387445339819E-02
1.68699218040714E-02
1.71606787002678E-02
1.74523478542772E-02
1.77449012648299E-02
1.80383113844129E-02
1.77003941735708E-02
1.79852629446632E-02
0.018270881614794
1.78944671918458E-02
2.08632980962998E-02
1.98152748086546E-02
0.022194699532558
2.25249870394017E-02
2.21417179790473E-02
2.17383874202111E-02
2.42548972104851E-02
2.53436031152801E-02
2.56979397011109E-02
2.68191389110059E-02
2.71851091309187E-02
2.75516460522545E-02
2.79187239753327E-02
2.82863175569447E-02
2.70170074135246E-02
5.30705409037324E-02
5.62645785118985E-02
5.01691389793659E-02
5.07925222676748E-02
4.96735971248935E-02
5.11590714141592E-02
5.08809687765779E-02
5.23886643079514E-02
0.042037794369135
6.47139314634712E-02
6.54577794649494E-02
7.28222636939552E-02
7.93796876819932E-02
6.96257873374261E-02
7.13700727888739E-02
7.21476092952173E-02
7.19264018997861E-02
6.46166290648846E-02
7.04002810428021E-02
7.42287273023885E-02
7.60379777242275E-02
7.36594703099779E-02
8.18463839453176E-02
9.12561117005834E-02
9.21622199182871E-02
9.19732650326829E-02
9.28683867958482E-02
9.37632810898076E-02
8.00084678772026E-02
8.07643753158112E-02
8.95571660148366E-02
0.112404229351067
0.112266144916842
0.113286324622933
0.105971110158269
0.110519672659007
4.72644078717558E-02
4.64552844284866E-02
5.42563607296402E-02
5.47220217010167E-02
5.51872926252534E-02
6.19762624764105E-02
9.31025189206734E-02
9.00145457320201E-02
8.55661345860599E-02
8.75676636202094E-02
8.16845082282653E-02
0.078351540334173
7.49548834864083E-02
7.41925369425998E-02
8.42838705316817E-02
0.087671411664773
8.97195285351708E-02
9.17875705100509E-02
9.24743419378521E-02
0.110098320715829
0.112329467725815
0.108851091391194
0.108194562757053
0.117686562305119
9.65731724235474E-02
0.101673010273256
9.49629544252243E-02
7.47026172482657E-02
7.22059234696618E-02
7.26964313176667E-02
7.16613102742024E-02
4.60466684765848E-02
4.63514788519679E-02
4.82108719840601E-02
4.85245782342751E-02
4.72622286555374E-02
4.75645505558406E-02
4.62706840105078E-02
0.044956092028038
4.36208314025146E-02
4.22649603220333E-02
4.25240798897028E-02
4.27825953094892E-02
4.46959019728733E-02
4.16324809865506E-02
4.35544331367597E-02
4.54954659849372E-02
4.23709796654014E-02
4.26158994525975E-02
0.130294956662755
0.127587316035608
0.130040434390319
0.134254554269197
8.59083760093152E-02
8.28549713825348E-02
9.74866226647562E-02
0.085539303388314
7.52482817706221E-02
7.74496463611476E-02
7.78581634274793E-02
8.37258264373345E-02
8.41601913809158E-02
8.09152445397719E-02
7.94797698187362E-02
8.35974372971691E-02
8.40170169608327E-02
8.06825530828946E-02
8.67376655160965E-02
8.33726736821366E-02
7.61613752473402E-02
6.50489299882759E-02
6.34372712920682E-02
0.067600655915951
9.89665625881077E-02
7.79824745903832E-02
8.42185161781374E-02
8.26369074834372E-02
8.10359845786806E-02
7.74304412327685E-02
7.77765560062277E-02
8.01244557386309E-02
0.070417125171337
6.87034541284476E-02
6.69710925085915E-02
6.92963953625993E-02
6.34506845572769E-02
6.78291177016511E-02
5.98566854939231E-02
0.159588931537605
0.151920828641313
0.112838105766277
0.121686623030695
0.117961705852553
0.143808830942424
0.138006384564218
0.13428305118098
0.130524206717594
0.122434130323255
0.114276220200428
6.92577463728593E-02
6.73448777190795E-02
7.19560839232881E-02
7.65982106646425E-02
7.68779878179861E-02
7.71563828025172E-02
7.30086232605022E-02
7.10482258932546E-02
0.071298927439981
6.93124532466471E-02
6.73091752348279E-02
6.75405611600747E-02
6.32526714702445E-02
6.11996796847375E-02
6.14045963080944E-02
6.16083920756153E-02
6.18110617426216E-02
5.51223112028882E-02
5.53004462136212E-02
0.05547756646688
5.79725702480033E-02
5.81549423299228E-02
6.06696930734708E-02
6.08571274177763E-02
5.86956137513823E-02
5.41637801210095E-02
5.66886192469375E-02
0.05211933962191
4.98970931414655E-02
4.76599822684304E-02
5.01879397866769E-02
5.03319647204967E-02
5.52822004413067E-02
5.78482283179078E-02
5.80096031723034E-02
0.048474912428304
4.86075829608049E-02
4.63023770629502E-02
4.64266834505846E-02
4.41001135844027E-02
4.42162263220198E-02
5.17200939944565E-02
5.67920589611293E-02
0.056937232993685
5.70813357555944E-02
6.46884111433307E-02
7.23314385412414E-02
7.75096789285072E-02
7.26853020530268E-02
9.29595361008114E-02
9.06624929555743E-02
8.58274798415142E-02
8.60276476480841E-02
8.62261863370265E-02
8.38812354594757E-02
8.15231596156462E-02
0.081705392597485
8.18860743674301E-02
8.20652005502246E-02
7.96726803499825E-02
8.24187688646581E-02
9.03363151873173E-02
9.05253818256099E-02
9.58963080233509E-02
9.34954319513702E-02
0.104093960918176
9.64794630520148E-02
0.094057462966137
9.68590309332854E-02
0.10229177243558
0.115626285402368
0.118477080714535
0.102871373312558
0.11363096238626
0.108542698878321
0.106085381719393
9.03324014927601E-02
9.04904958737196E-02
0.266608393666076
0.26706315205091
0.267512781637486
0.267957271763023
0.26839661189456
0.193558169972799
0.193867056498592
0.194172212837866
0.191772609116705
0.132552694503285
0.135461964652642
0.135663467723859
0.141296850239327
0.122452762315967
0.179852995731279
0.177376271200216
0.169423268867425
0.169653593083172
7.12402689356025E-02
6.31032482086787E-02
5.49435124374888E-02
5.22628946151977E-02
5.23284420991204E-02
0.057908028020584
6.07391052707839E-02
6.35756405788006E-02
6.64174718603748E-02
6.37232818154062E-02
6.37952527171163E-02
6.94195524184269E-02
6.39354866888285E-02
6.40037464882687E-02
6.40707660324054E-02
6.41365437599738E-02
7.25751318096518E-02
7.54407794367406E-02
7.27168122929975E-02
0.075584981326462
7.28528507388827E-02
7.29187502245401E-02
5.61409496152485E-02
4.77610436594434E-02
4.78013528798537E-02
4.78407338988706E-02
4.22463404144355E-02
4.22794479712123E-02
4.23117341666006E-02
4.23431982524396E-02
4.51987621331694E-02
4.52305676791612E-02
4.24326506602097E-02
4.24608192117768E-02
4.24881622021304E-02
3.68460551322571E-02
3.40322951907353E-02
3.40521852617144E-02
3.69106973648653E-02
3.69308093026137E-02
3.97925260012302E-02
3.98126369365124E-02
3.98319731288245E-02
3.98505341316968E-02
0.03702058240831
3.41874247484164E-02
3.70514502509403E-02
3.99170179487545E-02
4.27839610036478E-02
5.70651406201028E-02
0.057083888743076
5.99566015385374E-02
5.71180498086332E-02
5.71334619636332E-02
5.71477613845328E-02
5.43029003546636E-02
6.00316717679611E-02
5.71839800752409E-02
5.71938255207702E-02
5.72025568411337E-02
5.72101738351688E-02
6.00775101437666E-02
6.00831673764226E-02
6.29489709562234E-02
6.29524449660626E-02
0.06295469253432
6.00940902633514E-02
6.00938941596565E-02
5.72309783755945E-02
6.58128458607969E-02
6.58087844254694E-02
6.00814025786781E-02
6.29360843587739E-02
6.29285209037458E-02
6.00597437601448E-02
6.29097165247684E-02
6.28984760340532E-02
5.43106452980374E-02
5.71566543137665E-02
0.057143095045176
5.99848439614755E-02
5.14013741800038E-02
5.99505279250845E-02
0.062785505111735
6.56174032355796E-02
6.84460561083339E-02
7.41221495684854E-02
0.076942691261288
8.54565368667972E-02
8.54195310726735E-02
8.25348338958412E-02
9.67192701598118E-02
9.95149651218498E-02
9.66222095027123E-02
9.08902198572106E-02
9.08401212960597E-02
9.92996545562997E-02
9.92409949460956E-02
0.10201413105564
9.91178866979562E-02
6.79223594790677E-02
6.78768475275169E-02
7.91350187566537E-02
7.90788439139245E-02
0.081843315514871
8.74220869812228E-02
0.214160138529304
0.180202947634411
0.182870406234285
0.208018146777973
0.165711331060477
0.16276091615937
0.210279321528988
0.168070288206925
0.173510986655589
0.131407433479515
0.125693421717319
0.122778360844228
0.122654106623977
0.119742759463427
0.116834901578913
0.1167094951839
0.116581827865202
0.113679238252442
0.110780688018857
0.11065265753316
0.11052248543773
0.113149929143449
0.113012121851208
0.112872128920184
0.104481420434276
0.107093618845356
9.04997387205917E-02
0.093118841028689
9.29937285531831E-02
9.28668205549735E-02
9.27381200139842E-02
0.098055137598398
9.51952167794484E-02
8.96253731924383E-02
9.49173786622464E-02
9.47757140839312E-02
9.19284457789585E-02
9.98861626159439E-02
7.54718227787675E-02
7.53526645946202E-02
7.79189158987589E-02
7.77925021096057E-02
7.23084139971401E-02
6.14934273723522E-02
5.60513895434091E-02
5.59555299771742E-02
5.31986632334566E-02
5.84158573430348E-02
5.56615164224994E-02
5.29155949710944E-02
5.54601683764912E-02
5.53578998052568E-02
4.99922313078816E-02
4.72715877980422E-02
4.98023885650965E-02
5.49382524427308E-02
5.48307098733968E-02
0.05472212012493
5.72130803635789E-02
5.70971337987653E-02
5.95701029359688E-02
5.94466124892111E-02
5.67427727518049E-02
5.66224880977911E-02
0.056501126103171
5.63786896985477E-02
5.88122355636977E-02
5.86819966871064E-02
5.60049637660617E-02
5.84181804994489E-02
4.81481557478552E-02
4.55086443550858E-02
4.54023848104545E-02
4.27788625618428E-02
0.045187291261937
4.50784625067623E-02
4.24705169347554E-02
4.48582543364773E-02
4.22609425190732E-02
4.46346633029493E-02
4.69950286180362E-02
4.44077113640461E-02
4.42929820227544E-02
0.110443552162096
0.112600411901689
0.104976890287273
0.09495584616181
8.25575070733763E-02
7.50669108600526E-02
7.72742174064038E-02
7.46504880801926E-02
7.20388896518329E-02
7.18340293987517E-02
6.92402377787508E-02
6.90396264037311E-02
6.88377326608681E-02
6.62678526025808E-02
6.60704591521717E-02
6.58718423670662E-02
8.67808667404836E-02
8.41769471508712E-02
7.92548528625696E-02
8.36553121501666E-02
0.057911236916307
7.15820283217576E-02
5.98442907882708E-02
6.19452111013269E-02
6.63168704479466E-02
7.06573191178533E-02
7.04228995975547E-02
6.79230921251151E-02
6.76937535430024E-02
6.52144105632231E-02
6.49903412424566E-02
5.80652557436096E-02
6.00877286642116E-02
0.062093459345313
6.40823329835813E-02
5.94488120758998E-02
5.70398519490111E-02
0.113663349502117
0.111067168602104
0.106315427307837
0.101594203299304
0.101210571812256
0.111551216342211
0.111122795895927
0.204355207426965
0.144186222167224
0.192195066291853
0.191431652074244
0.190664869367237
0.18572122815966
0.11430407127575
0.11176487903407
0.123668881644986
0.11904733226888
0.116502115908529
0.109901768829671
0.109431214032477
0.104923264052609
0.104466519396169
0.104007984830224
9.55824675105442E-02
0.103085597184439
6.31518584200302E-02
6.28653565712189E-02
6.06222370783069E-02
4.67168821393392E-02
4.84371203011651E-02
5.20668124578419E-02
5.18206670156564E-02
5.15736606581916E-02
5.51277116413236E-02
0.051077093679303
4.70625439091818E-02
4.49574835360942E-02
4.47341916931227E-02
3.89464015184725E-02
3.50593023395218E-02
3.12091542247463E-02
2.92225490292772E-02
2.90713097234888E-02
3.61495102750747E-02
3.95552424640573E-02
0.039345400648582
3.91349421948394E-02
3.53853395329615E-02
3.69525554536494E-02
4.02499279311907E-02
4.17677131048137E-02
4.15348640319946E-02
4.13013847944118E-02
5.30452401011934E-02
5.44434199266824E-02
5.24381004068933E-02
5.21333617514878E-02
4.68122577089083E-02
4.65356343126826E-02
4.79104198191139E-02
4.59803728220707E-02
4.40695471824585E-02
4.21780216600039E-02
4.19181087327762E-02
4.16576114819734E-02
4.29887130621299E-02
3.95527869821385E-02
3.93006731548637E-02
3.74861096838698E-02
4.03466635527473E-02
4.77910822734558E-02
4.59444231810845E-02
4.41175252217631E-02
4.53326330472362E-02
0.04652673788111
4.32279383124003E-02
0.044410688366306
4.41022807306716E-02
4.08737886140791E-02
5.07312074152581E-02
5.03695888102445E-02
5.57225237117209E-02
5.67367239306163E-02
5.49134744736896E-02
5.59056867967121E-02
8.04594313270876E-02
9.63764488415231E-02
0.113408467346661
0.112540859148333
0.110326693419018
0.109467378163392
0.109931508904063
7.88383107685366E-02
7.82073568632229E-02
9.95555125926674E-02
9.36145160667903E-02
8.39415761588092E-02
8.07221415581515E-02
8.88007836422884E-02
8.55695153952422E-02
8.48390762868184E-02
8.16701516933188E-02
7.25013197541567E-02
7.18647486160953E-02
5.69822108026415E-02
5.17662877076949E-02
5.12986197409946E-02
5.19859536307566E-02
5.03625802276354E-02
4.53584100745581E-02
0.043809182454774
4.67317597639648E-02
4.62842721513839E-02
4.25626295086214E-02
0.042146927212809
0.100582810210393
0.105936835943229
0.104870635915707
0.10380444279402
0.102738310464995
0.101672293423423
9.65821889132134E-02
9.65546015082812E-02
8.17346553359053E-02
5.84462940108251E-02
5.58806156266431E-02
4.28767846897207E-02
0.081027577498144
8.47711025036419E-02
8.38042999501777E-02
8.28381313109002E-02
7.91735546344369E-02
7.82406283477746E-02
7.90654920118841E-02
7.81130143426285E-02
7.63041007882278E-02
7.53640719313276E-02
8.36236686222338E-02
8.25698210061925E-02
8.15172585292784E-02
8.04660509981457E-02
7.94162691774057E-02
7.83679848118306E-02
0.077321270649162
7.62762004635604E-02
7.52328490797028E-02
7.41912923975408E-02
7.31516074177575E-02
7.21138722679178E-02
7.10781662293371E-02
7.00445697647073E-02
6.90131645464571E-02
6.79840334859182E-02
6.49485429403724E-02
6.39549439025521E-02
6.29637995745638E-02
6.38919541091287E-02
6.28754830113406E-02
0.0618618112916
6.08510314192805E-02
5.98432373662138E-02
5.88385246437458E-02
5.78369903407439E-02
5.68387331625828E-02
5.58438534711484E-02
5.48524533258576E-02
5.38646365257193E-02
5.28805086524462E-02
5.19001771146282E-02
5.09237511929884E-02
4.99513420867121E-02
4.89830629608797E-02
3.45737008763921E-02
3.24709566284791E-02
3.08897923134008E-02
3.07044351601997E-02
2.47563241155407E-02
1.86046875362307E-02
1.31225139499168E-02
1.32479287190252E-02
0.01416593837064
1.70081438826304E-02
1.66147938796785E-02
1.62238776967743E-02
1.76767892653699E-02
1.83239380594103E-02
1.82197783188689E-02
3.27869097427697E-02
3.09452221602739E-02
3.20783734460823E-02
2.83833781653796E-02
2.05547053720325E-02
2.38618386103776E-02
1.07237684104601E-02
1.04141743912759E-02
1.09269014302183E-02
1.03333804389623E-02
1.15570720653476E-02
1.56725392006452E-02
2.23944281955163E-02
2.16611219580657E-02
1.39572792627623E-02
1.34793379697063E-02
0.020979115667966
2.02266942819197E-02
1.94838169355419E-02
1.87507008303841E-02
1.80275669704794E-02
1.73146401528682E-02
0.016612148945612
1.59203256516204E-02
1.52394062564276E-02
1.45696303578468E-02
1.33547914321891E-02
1.02136534003676E-02
9.72480103525505E-03
6.36364341378998E-03
6.38205602912345E-03
5.65694429304721E-03
4.57829955775612E-03
4.99843800612357E-03
5.29223474487939E-03
5.86408224808719E-03
6.98305714843234E-03
6.71384466526554E-03
6.54013412913734E-03
6.90286356368584E-03
8.71608740140041E-03
8.46551848885199E-03
8.21313467253305E-03
7.95903054697772E-03
7.7033127512582E-03
7.44610102998552E-03
7.18752937378083E-03
6.92774724255505E-03
6.66692087432958E-03
6.08497294738165E-03
5.71289024342228E-03
2.58725294755332E-03
2.47155289420794E-03
2.24880664607307E-03
3.46244247293927E-03
3.57425183423952E-03
2.19330615912463E-03
2.02578000487324E-03
2.0669488216254E-03
1.78499369365143E-03
1.66648891047455E-03
1.5166027830402E-03
1.40399284412644E-03
1.32160414170818E-03
1.23691876377689E-03
1.07999915957101E-03
9.77677648312596E-04
8.9787185272564E-04
1.03916971570557E-03
9.18522977805306E-04
8.17065349681214E-04
7.29981834610499E-04
6.23889439601565E-04
7.1453255029304E-04
5.85414518294113E-04
3.15586003208628E-04
2.0267299581677E-04
1.36716976982776E-04
9.52037611842167E-05
6.91595689630326E-05
5.07347156810822E-05
7.04732327701408E-05
4.36634979893112E-05
2.55731079069552E-05
1.31976381830085E-05
5.9601859883961E-06
2.30563248626234E-06
6.89141148603627E-07
1.41456337397829E-07
8.63112108281801E-09
4.26628736013332E-10
4.87428499775532E-12
2.83890017262162E-15
4.80633865949718E-22
2.10920174577835E-43
0
0
0
0
0
0
0
0
0
0
0
0
0
0
0
0
0
0
0
0
0
0
0
0
0
0
0
0
0
0
0
0
0
0
0
0
0
0
0
0
0
0
0
0
0
0
0
0
0
0
0
0
0
0
0
0
0
0
0
0
0
0
0
0
0
0
0
0
0
0
0
0
0
0
0
0
0
0
0
0
0
0
0
0
0
0
0
0
0
0
0
0
0
0
0
0
0
0
0
0
0
0
0
0
0
0
0
0
0
0
0
0
0
0
0
0
0
0
0
0
0
0
0
0
0
0
0
0
0
0
0
0
0
0
0
0
0
0
0
0
0
0
0
0
0
0
0
0
0
0
0
0
0
0
0
0
0
0
0
0
0
0
0
0
0
0
0
0
0
0
0
0
0
0
0
0
0
0
0
0
0
0
0
0
0
0
0
0
0
0
0
0
0
0
0
0
0
0
0
0
0
0
0
0
0
0
0
0
0
0
""
