0
0
0
0
0
0
0
0
0
0
0
0
0
0
0
0
0
0
0
0
0
0
0
0
0
0
0
0
0
0
0
0
0
0
0
0
0
0
0
0
0
0
0
0
0
0
0
0
0
0
0
0
0
0
0
0
0
0
0
0
0
0
0
0
0
0
0
0
0
0
0
0
0
0
0
0
0
0
0
0
0
0
0
0
0
0
0
0
0
0
0
0
0
0
0
0
0
0
0
0
0
0
0
0
0
0
0
0
0
0
0
0
0
0
0
0
0
0
0
0
0
0
0
0
0
0
0
0
0
0
0
0
0
0
0
0
0
0
0
0
0
0
0
0
0
0
0
0
0
0
0
0
0
0
0
0
0
0
0
0
0
0
0
0
0
0
0
0
0
0
0
0
0
0
0
0
0
0
0
0
0
0
0
0
0
0
0
0
0
0
0
0
0
0
0
0
0
0
0
0
0
0
0
0
0
0
0
0
0
0
0
0
0
0
0
0
0
0
0
0
0
0
0
0
0
0
0
0
0
0
0
0
0
0
0
0
0
0
0
0
0
0
0
0
0
0
0
0
0
0
0
0
0
0
0
0
0
0
0
0
0
0
0
0
0
0
0
0
0
0
0
0
0
0
0
0
0
0
0
0
0
0
0
0
0
0
0
0
0
0
0
0
0
0
0
0
0
0
0
0
0
0
0
0
0
0
0
0
0
0
0
0
0
0
0
0
0
0
0
0
0
0
0
0
0
0
0
0
0
0
0
0
0
0
0
0
0
0
0
0
0
0
0
0
0
0
0
0
0
0
0
0
0
0
0
0
0
0
0
0
0
0
0
0
0
0
0
0
0
0
0
0
0
0
4.73437065845074E-38
2.58326376248803E-19
1.2439898180239E-13
7.33885062674552E-11
2.98575511079952E-09
3.01683623706834E-08
1.73480887893043E-07
6.66386785872052E-07
2.19754882657564E-06
5.08513367650504E-06
9.81858960352795E-06
1.69701459925592E-05
2.52034535595172E-05
2.71081847889472E-05
3.99978887897284E-05
4.90518114354834E-05
6.06730217746427E-05
7.26643968686576E-05
7.46747848868196E-05
8.41583288567472E-05
1.06933596970079E-04
1.33179853769954E-04
1.43824754646241E-04
1.74643442663934E-04
2.09053022422377E-04
2.19640052908825E-04
2.27992841249656E-04
2.50608384617513E-04
2.91919732720822E-04
3.16921763182166E-04
3.42245695175452E-04
3.90811127384413E-04
3.93588490642658E-04
4.45705548899595E-04
4.73310002491082E-04
5.3041999884365E-04
4.66401541993181E-04
4.90746615237332E-04
5.49355947928308E-04
6.11091164513886E-04
6.65745758037103E-04
8.08776069433676E-04
8.75916769095529E-04
8.95675243789129E-04
9.63733636534022E-04
1.14881956128591E-03
1.16769122883831E-03
1.18056914766084E-03
1.32671833174256E-03
1.33514747852111E-03
1.41528709298267E-03
1.33089718860633E-03
1.40534622667514E-03
1.48133670973373E-03
1.5588261081779E-03
1.63777276826153E-03
1.71813593316577E-03
1.79987575689522E-03
2.00063789405756E-03
1.72141426836797E-03
1.79634919722623E-03
1.87235728318205E-03
2.22789447635331E-03
2.02747027087057E-03
1.80558496168384E-03
2.03033597989018E-03
2.10548195961648E-03
2.18146316945553E-03
2.25825512504802E-03
2.33583398705306E-03
2.22847065718141E-03
2.49326020258426E-03
2.57306295863934E-03
2.85768365472608E-03
2.94510531781855E-03
3.03323399853391E-03
3.12204840085168E-03
3.21152778508516E-03
3.30165195122934E-03
3.39240122262027E-03
2.98607693992767E-03
3.06488476752404E-03
3.14418035821478E-03
3.22394850644411E-03
2.75347865813741E-03
3.66691385312988E-03
4.33242739394547E-03
2.09891130138526E-02
2.17762293934958E-02
2.22700582098548E-02
1.16992685352145E-02
1.19553231059392E-02
1.51830604582328E-02
1.61781374409177E-02
2.16751417391248E-02
1.54475905692718E-02
1.39674136743368E-02
1.46088236803543E-02
1.60100206604073E-02
1.89727179941777E-02
1.89436275178605E-02
2.55954456869461E-02
2.60629126002393E-02
2.69398304988944E-02
2.82478396414688E-02
3.25446351574779E-02
3.26741547146828E-02
3.36647963926305E-02
3.37822331529802E-02
1.17472199458144E-02
1.23968803753501E-02
1.21286125110717E-02
1.32675097240558E-02
1.20301670967146E-02
1.12374692249394E-02
1.09114679971887E-02
1.05709101837513E-02
0.010215751892362
1.08823678031294E-02
1.10383830690058E-02
1.11945734374764E-02
1.18914476175009E-02
1.26033791499117E-02
1.27749445416912E-02
1.29466520443948E-02
1.19777515274507E-02
1.09790641053212E-02
1.17065298342788E-02
1.12634216562852E-02
1.20060103742258E-02
1.03324737493903E-02
8.61402306807542E-03
8.7189819235955E-03
7.5633996338286E-03
7.01561909469635E-03
0.006452847365488
6.52786416559602E-03
5.94259350111126E-03
6.0101060956128E-03
6.07761179774391E-03
6.14510692606267E-03
6.90287539014351E-03
6.97783443799534E-03
6.34749282593992E-03
5.70214210243266E-03
5.76204326930825E-03
5.82191633412524E-03
5.88175832487725E-03
5.94156630837457E-03
6.75150456298048E-03
6.81870229806351E-03
6.88585212720325E-03
6.18040081343717E-03
6.23999605803206E-03
6.29954046139248E-03
6.35903133762125E-03
6.4184660329752E-03
6.47784192514405E-03
5.72001186973254E-03
5.77185609321772E-03
4.99169326230074E-03
5.03602955802266E-03
5.08031225351296E-03
5.12453951301962E-03
6.03016110784907E-03
0.006081623895393
4.38072551578009E-03
5.30085817517799E-03
5.34478141174912E-03
5.3886386081384E-03
6.33783273865214E-03
7.30153078307943E-03
6.43976318650377E-03
7.41783093288441E-03
7.47583333424832E-03
7.53373440222787E-03
8.54047350017122E-03
7.64922401215363E-03
6.74345729993678E-03
7.76428291664735E-03
8.79935138778356E-03
9.84861823819748E-03
9.92003454606676E-03
9.99130352275337E-03
9.05618042351522E-03
8.10671168261325E-03
9.18378164106334E-03
9.24737124980775E-03
9.31081732038359E-03
6.24941181531734E-03
6.29151356429329E-03
6.33351539866919E-03
7.43798525787439E-03
7.48674943682699E-03
7.53539224914583E-03
6.50049610465924E-03
6.54197785388498E-03
6.58335156426358E-03
6.62461592126786E-03
6.66576962122427E-03
5.58900947596611E-03
4.49849325910027E-03
5.65712825140037E-03
5.69104345708061E-03
4.57988891831564E-03
4.60686423131875E-03
5.79219985436777E-03
6.99086259023042E-03
7.03096342952633E-03
5.89245095016978E-03
7.11079452871458E-03
5.95876867564557E-03
4.79341574083555E-03
6.02466413672158E-03
6.05745109339114E-03
7.30815550696059E-03
7.34723840917734E-03
7.3861888878019E-03
7.42500582046738E-03
6.21974007772199E-03
6.25186216721854E-03
5.02709616360165E-03
5.05261062562311E-03
5.07803239921637E-03
5.1033607691175E-03
5.12859502536974E-03
6.44216807909136E-03
5.17877838333531E-03
6.50465761403018E-03
6.53572112215104E-03
6.56666264834357E-03
6.59748134369992E-03
5.30254109243107E-03
5.32699750188281E-03
5.35135363900863E-03
5.37560884436132E-03
5.39976246331449E-03
5.42381384602503E-03
5.44776234739658E-03
5.47160732704403E-03
6.86918518657358E-03
6.89873022871933E-03
1.10850296034766E-02
1.11318787673401E-02
1.11785146228809E-02
1.26280529375308E-02
1.26800342048932E-02
1.41464126601404E-02
1.42036257294415E-02
0.014260564614646
1.28855050552019E-02
1.43736139370809E-02
1.44297214536025E-02
1.44855489444856E-02
1.45410949762335E-02
1.60559939385851E-02
1.75816043777591E-02
1.61766331550117E-02
1.77125234556825E-02
1.62960091987607E-02
1.63552197406307E-02
1.49219181489124E-02
1.64726783833983E-02
1.50281122961672E-02
1.50807672077541E-02
1.66464381403563E-02
2.27777791651228E-02
2.28554212385665E-02
2.29326126597702E-02
2.45433082772479E-02
2.46246782774451E-02
2.62496590824287E-02
2.47859559137234E-02
2.33117433441379E-02
2.33861910764829E-02
2.50241867050077E-02
2.35336934069063E-02
2.20329614290735E-02
2.21007044472909E-02
2.53348661871762E-02
2.38230752014285E-02
2.23012896428229E-02
2.23672646644872E-02
0.024035136056319
2.41048660927738E-02
2.41741148493102E-02
2.42428806538092E-02
2.43111618482879E-02
2.43789567888652E-02
2.44462638457279E-02
2.45130814030983E-02
2.62180350498162E-02
2.62882577346564E-02
0.029652697356425
2.97305097739215E-02
2.98077253487104E-02
3.15445834778301E-02
2.99603586322173E-02
3.00357727134288E-02
3.34562029965098E-02
3.18617194106467E-02
3.19394045914595E-02
3.37015226873679E-02
3.37819405015623E-02
3.38616774320466E-02
3.56377681807715E-02
3.74210112624824E-02
3.75064626543255E-02
3.41737790275643E-02
3.08250753581095E-02
3.43256965547257E-02
3.09605541557466E-02
3.10273555513216E-02
3.10935295259149E-02
2.76969551427997E-02
2.60199908773477E-02
2.78117969474311E-02
0.027868373848315
2.79243863235507E-02
2.79798330725126E-02
2.97868823594294E-02
2.80890242605971E-02
2.81427661699137E-02
0.02819593729332
2.82485364015611E-02
2.29942068521916E-02
2.48080120108704E-02
2.30773477644566E-02
0.021339891446918
2.13771822655866E-02
1.78450323043417E-02
2.14504600984354E-02
2.14864454285367E-02
1.97284944352907E-02
0.030539231779541
3.05883510221483E-02
3.24390155321503E-02
2.70747543623275E-02
0.028924207765732
3.07785943437295E-02
3.08245913233326E-02
2.90540806020336E-02
2.36406539027587E-02
2.36743857666762E-02
2.37076353121289E-02
2.19142170293364E-02
0.021944016396677
2.38044825215185E-02
2.38357953340973E-02
2.93743041918225E-02
0.027573418023001
2.76078635048741E-02
0.027641745843883
2.58300599868503E-02
2.58606301640048E-02
2.77400063855158E-02
2.59201866939542E-02
2.40956594342053E-02
2.22665374148315E-02
2.41480124852932E-02
2.41734497057395E-02
2.23369784178353E-02
2.60861382521139E-02
2.61119355364345E-02
2.80041422409967E-02
0.028030638586809
2.99269997109189E-02
2.62097850776281E-02
2.81066890781428E-02
3.37570693869577E-02
3.56623898101461E-02
0.035691588530382
3.38400546009513E-02
3.19848705361568E-02
3.20090355590277E-02
3.20325460929057E-02
3.20554016093868E-02
3.20776015949343E-02
3.58755156156862E-02
4.15671015208824E-02
3.59214709187163E-02
3.78351017380415E-02
0.035964487110778
3.21970084735254E-02
0.032214606612117
3.22315456465723E-02
3.41447560910625E-02
3.22634448988256E-02
0.032278404401645
3.03931325838775E-02
2.85055954276356E-02
2.85170456814764E-02
3.23316339427946E-02
3.23432877202388E-02
3.04510865980383E-02
3.23646090672562E-02
3.42786453454016E-02
0.038097977142264
4.57293488468963E-02
4.19285066067667E-02
4.19375851254967E-02
4.95723151529321E-02
5.14879769879218E-02
0.051495957257435
5.15028832888548E-02
5.53242182552173E-02
7.44084929486369E-02
6.48736805109496E-02
6.29689405757377E-02
5.91545390232635E-02
5.72469927263275E-02
0.05533826915767
5.53366457284236E-02
5.53338893840149E-02
5.53300001860842E-02
6.10482518307397E-02
6.10414605273361E-02
6.48480082723638E-02
0.051489108911214
4.95735413254504E-02
4.38450441217685E-02
4.76474710347752E-02
4.76363100289973E-02
4.76241738864785E-02
3.80888503030224E-02
3.99814609314107E-02
0.038065533970629
3.80527069662656E-02
3.80391011134965E-02
3.80247167169462E-02
5.13128980332656E-02
5.31910590377339E-02
5.88641881381492E-02
0.056939100595654
5.12205234246481E-02
0.05119480824204
5.11680455646742E-02
4.73520703634806E-02
4.54323379104911E-02
4.72976654464011E-02
5.10505322618015E-02
8.12517514096138E-02
8.68641977296725E-02
8.68061405865654E-02
7.73173615910552E-02
6.40713012517718E-02
6.40244558878598E-02
6.58579573260465E-02
6.76872411650285E-02
0.073269609048692
7.50870519899137E-02
7.68998584723765E-02
7.30859209483187E-02
8.23834590678157E-02
0.168359980458873
0.168204899904852
0.171780746713013
0.106326807111157
0.126721061842212
0.121008511619914
0.141341438563845
0.141193115660578
0.141041909766173
0.148302972945659
0.153692915888789
0.149819122636554
0.151493193444283
0.151314554014969
0.151132827193636
0.150948017099268
0.150760127922811
0.150569163927186
0.139372071195071
0.124537877616208
0.12802988623687
0.13698900688885
0.131328330062772
0.123858729821033
0.141871245732283
0.143482587921357
0.14871286014184
0.146680527554893
0.148266913218771
0.149844768790373
0.149611441690871
0.142176271774808
0.122183432424711
0.147099322457806
0.145065871928005
0.146611309027539
0.146362829320323
0.146111375204715
0.147635695783911
0.14737517141789
0.147111654143859
0.146845150033581
0.144809693362239
8.46090829647277E-02
7.74123163177954E-02
7.55087197296156E-02
8.06208440015575E-02
7.87140819331846E-02
7.50668694051397E-02
7.49165396631591E-02
9.04131165793984E-02
0.104108834808167
0.060604095674278
6.39326291483294E-02
6.20725408983522E-02
6.88212292068395E-02
6.69547878259214E-02
7.02335509750041E-02
0.141863835675541
0.119375040668507
0.120804950899681
9.33660367241238E-02
0.137182910820629
0.136860346810998
0.136535024197549
0.136206950650335
0.12916620137428
0.127175755766634
0.116844952530831
0.133202274676687
0.14116883166919
0.137494294114717
0.087570440527545
0.117004733535863
8.21801227700796E-02
4.42588847167427E-02
4.25048153263028E-02
3.58677103869441E-02
0.112184871790845
0.119980077748438
0.119643545235091
0.130590193132918
0.125393762218323
0.125031501297022
8.79060383582682E-02
8.28663353894638E-02
9.05640725811227E-02
9.34602325939394E-02
9.15975770461984E-02
0.13067802103006
0.138121993904306
0.139255724468403
0.134137894124597
0.132156632685169
0.131732495129218
0.129760975427781
0.133955849473499
0.131979113735976
0.131539493291669
0.134146050512437
0.10482582277428
0.1090089198771
0.110141007685005
0.109756916708702
0.101879527609571
0.134361709262731
0.114541976879362
0.114127803315023
0.107804311046501
0.102993424751131
0.108474318364477
0.128513009375821
0.144030407172689
0.143480876383882
0.144372280054141
0.143811579756871
0.143248091701263
0.14268183042232
0.115111376556126
0.1146482479691
0.115592574460706
0.115119265006622
0.114643742442668
0.114166019227234
0.115072523860748
0.11596509482187
7.28554621564136E-02
8.21219796937297E-02
0.115833061592649
0.115324450297672
0.105358409100326
0.106232394124388
0.105753622255005
0.105272855242949
0.102137192021018
9.77037811006241E-02
9.85620701995388E-02
9.94061696852788E-02
9.76324858943747E-02
9.84604921845991E-02
9.15385270574719E-02
9.36585155157983E-02
9.19215337936917E-02
0.091465849681793
9.10084825833465E-02
8.92918141746736E-02
0.092591216275406
9.21160350387621E-02
9.28775448046319E-02
3.81889240467894E-02
3.79877721455191E-02
4.63182432404553E-02
4.48576294544845E-02
0.050644182607661
5.51649412390555E-02
5.60541035248702E-02
0.055743034388976
5.07134505923686E-02
4.92543403221451E-02
5.01397912558756E-02
4.86923042619275E-02
5.87835869588123E-02
0.112296062029575
7.40426230872849E-02
6.79402105033527E-02
6.41556137153065E-02
5.92920652008433E-02
2.55732501046011E-02
2.65205755250198E-02
2.41592790830799E-02
2.40076289955462E-02
2.49399267582225E-02
2.47805589055702E-02
0.025691255394056
2.55241194376579E-02
2.43000482366324E-02
2.41390929963561E-02
2.50202650811369E-02
2.58869964106342E-02
2.46823788211232E-02
0.02451285755466
2.43429584780878E-02
2.41726873659968E-02
3.30028188120902E-02
3.27676970436713E-02
3.35179088299006E-02
3.42533331863631E-02
3.40024374171851E-02
3.37510512682066E-02
3.82847813962576E-02
3.89463027909858E-02
3.86501620760654E-02
3.92889405823162E-02
4.08409033968007E-02
2.21025912077794E-02
2.10143660586103E-02
2.17531918148023E-02
3.41652788783885E-02
5.70738081243118E-02
5.92587645688484E-02
5.87676654318174E-02
5.65362868019974E-02
6.89950835120217E-02
6.75511761380783E-02
7.96845737856234E-02
8.06715844260928E-02
7.49646722245367E-02
3.63239331341329E-02
2.20897452779266E-02
2.18895873097018E-02
2.49024388896627E-02
2.38762833187753E-02
0.024441660897895
2.42109535618965E-02
2.32064978829435E-02
2.22167635759427E-02
2.42763182193946E-02
2.55397535858834E-02
2.75168439144034E-02
2.57678079473357E-02
4.29958596860694E-02
4.39968448158722E-02
4.35401258405542E-02
4.16706481101282E-02
4.19273389045149E-02
2.62691481359193E-02
2.32490549405852E-02
0.023670376214866
2.20702668024539E-02
0.021822723222247
2.54979237091038E-02
2.32664832541957E-02
2.29964373798775E-02
2.20951333961479E-02
1.99612939541221E-02
1.97213793518403E-02
1.76551415562461E-02
1.80391660827102E-02
1.66268543388733E-02
0.016417254855764
1.62077700763537E-02
1.59984137378158E-02
0.014661399819493
0.014467275159956
1.42733093309339E-02
1.35379961281148E-02
1.38859089650246E-02
1.42191371374805E-02
1.40185149971627E-02
1.33063485255754E-02
1.31136306904203E-02
1.24242042365066E-02
1.02811066035815E-02
1.06083125114095E-02
9.9713741735056E-03
1.02843639593847E-02
1.05829418605431E-02
1.08671627833449E-02
9.35515104335261E-03
9.20185115870983E-03
9.04888236049219E-03
8.04899671531119E-03
7.91123614776044E-03
6.54637167819922E-03
6.02901450271925E-03
5.52635763443957E-03
4.65078731273743E-03
4.56494927344825E-03
4.85265486124684E-03
5.12641585220144E-03
5.02722572552187E-03
4.92837792817613E-03
4.82988504688054E-03
4.05579425188485E-03
3.6410124534102E-03
3.24047586215339E-03
3.17123203320257E-03
3.1022899393203E-03
3.3370259238514E-03
2.96535261130668E-03
2.89737884650429E-03
3.39569972692221E-03
3.3149721654804E-03
3.23468597635611E-03
3.41776019229313E-03
3.84436961842094E-03
3.49605844893184E-03
3.64781076021914E-03
4.02388992777661E-03
4.37486201647154E-03
4.70102322536691E-03
5.00268181408488E-03
4.4353331435483E-03
4.30405647412032E-03
3.57760172823483E-03
3.27436460794062E-03
2.98430089165652E-03
3.06824001156447E-03
3.14116411197587E-03
3.03468870666049E-03
2.92933139233644E-03
2.82512594933869E-03
2.57087889918667E-03
2.03801918300351E-03
1.95982301804247E-03
1.61368722601376E-03
1.29034670933509E-03
1.23671761433423E-03
1.18387460192594E-03
1.24502485198857E-03
1.08063980883742E-03
8.24236765790831E-04
8.82750641995673E-04
7.45823579324982E-04
7.07726559008268E-04
7.54197056079786E-04
7.13089894608278E-04
6.72895688107991E-04
7.04044066719291E-04
7.27646857597914E-04
6.82054957450023E-04
6.37704879977585E-04
5.94629019371521E-04
5.52859962986257E-04
6.05599539169648E-04
5.16406783833327E-04
5.94163485739475E-04
5.44777377231212E-04
5.18271196336576E-04
4.94008210524234E-04
6.26227855580273E-04
6.23405215434621E-04
4.77017518675591E-04
4.75840878437601E-04
3.72240732770535E-04
3.48065185009521E-04
3.24060016833455E-04
3.00283418463401E-04
2.76799527566188E-04
2.3676682417476E-04
2.15598089899033E-04
2.08840703927502E-04
1.37351246184181E-04
1.22073500510922E-04
9.76288505746959E-05
8.48951994603119E-05
7.28489296535159E-05
5.54084973092961E-05
4.60056683920313E-05
3.74189682256322E-05
2.97055912527293E-05
2.54585541335024E-05
1.89698076202177E-05
1.49094416660394E-05
1.10364438422528E-05
5.85055728134383E-06
3.42828616660261E-06
1.80548605582225E-06
9.07191711580455E-07
3.40761312745111E-07
9.67978205135574E-08
1.9730474949358E-08
2.04384266361066E-09
4.65911111075029E-11
1.46286431907409E-13
1.3279866266998E-18
9.0376616573446E-34
0
0
0
0
0
0
0
0
0
0
0
0
0
0
0
0
0
0
0
0
0
0
0
0
0
0
0
0
0
0
0
0
0
0
0
0
0
0
0
0
0
0
0
0
0
0
0
0
0
0
0
0
0
0
0
0
0
0
0
0
0
0
0
0
0
0
0
0
0
0
0
0
0
0
0
0
0
0
0
0
0
0
0
0
0
0
0
0
0
0
0
0
0
0
0
0
0
0
0
0
0
0
0
0
0
0
0
0
0
0
0
0
0
0
0
0
0
0
0
0
0
0
0
0
0
0
0
0
0
0
0
0
0
0
0
0
0
0
0
0
0
0
0
0
0
0
0
0
0
0
0
0
0
0
0
0
0
0
0
0
0
0
0
0
0
0
0
0
0
0
0
0
0
0
0
0
0
0
0
0
0
0
0
0
0
0
0
0
0
0
0
0
0
0
0
0
0
0
0
0
0
0
0
0
0
0
0
0
0
0
0
0
0
0
0
0
0
0
0
0
0
0
0
0
0
0
0
0
0
0
0
0
0
0
0
0
0
0
0
0
0
0
0
0
0
""
