0
0
0
0
0
0
0
0
0
0
0
0
0
0
0
0
0
0
0
0
0
0
0
0
0
0
0
0
0
0
0
0
0
0
0
0
0
0
0
0
0
0
0
0
0
0
0
0
0
0
0
0
0
0
0
0
0
0
0
0
0
0
0
0
0
0
0
0
0
0
0
0
0
0
0
0
0
0
0
0
0
0
0
0
0
0
0
0
0
0
0
0
0
0
0
0
0
0
0
0
0
0
0
0
0
0
0
0
0
0
0
0
0
0
0
0
0
0
0
0
0
0
0
0
0
0
0
0
0
0
0
0
0
0
0
0
0
0
0
0
0
0
0
0
0
0
0
0
0
0
0
0
0
0
0
0
0
0
0
0
0
0
0
0
0
0
0
0
0
0
0
0
0
0
0
0
0
0
0
0
0
0
0
0
0
0
0
0
0
0
0
0
0
0
0
0
0
0
0
0
0
0
0
0
0
0
0
0
0
0
0
0
0
0
0
0
0
0
0
0
0
0
0
0
0
0
0
0
0
0
0
0
0
0
0
0
0
0
0
0
0
0
0
0
0
0
0
0
0
0
0
0
0
0
0
0
0
0
0
0
0
0
0
0
0
0
0
0
0
0
0
0
0
0
0
0
0
0
0
0
0
0
0
0
0
0
0
0
0
0
0
0
0
0
0
0
0
0
0
0
0
4.53549141785863E-41
9.81837189773133E-23
4.24545059038862E-16
1.13158271731688E-12
1.39631647819326E-10
3.58452113190699E-09
3.70463377936288E-08
2.11290275201671E-07
8.36169174025155E-07
2.44508983372971E-06
3.94752003349845E-06
6.51164613242418E-06
1.23644383470906E-05
2.23343416935023E-05
4.10532285887744E-05
5.91031739879188E-05
8.55332318641926E-05
1.21036981823963E-04
1.47708900527482E-04
2.15674145530305E-04
2.59510813107812E-04
3.35031721597342E-04
4.09002667168026E-04
3.83962234555539E-04
4.86080741648371E-04
5.8020193575462E-04
1.34016823647028E-03
1.5320045948265E-03
1.73528039198175E-03
1.97006822684956E-03
1.94225132993736E-03
2.15094733516255E-03
2.39561085506829E-03
0.002591083354877
2.82132178775981E-03
2.91196766085583E-03
3.14215260734468E-03
3.37702019204911E-03
4.52010706395824E-03
4.82361008246799E-03
4.10499074900624E-03
4.35398127472272E-03
3.6843769834904E-03
3.88727659400086E-03
6.39314106536728E-03
4.56569233525871E-03
4.6443102094521E-03
5.1523738553299E-03
2.22865910726042E-03
2.32290737561568E-03
2.33386660938311E-03
2.42491514403635E-03
1.70720841665261E-03
1.76884432985869E-03
1.83034744404788E-03
1.89168241856493E-03
1.95281680798111E-03
2.22569149643909E-03
2.07436742869532E-03
1.79766874169922E-03
1.84824493921026E-03
1.77988782344031E-03
1.94855926761863E-03
1.99826752321055E-03
2.04765899765956E-03
2.09672221507797E-03
2.14544691241199E-03
2.05670995610547E-03
1.82149926295215E-03
1.86022173398887E-03
1.89864432069646E-03
2.08574438804879E-03
1.97457296028278E-03
2.01207209420475E-03
1.8916222297478E-03
1.76518420556428E-03
1.63282964242012E-03
1.82677118573748E-03
1.85715921143487E-03
1.54413511903461E-03
1.5685545060957E-03
1.76972461313206E-03
1.79636482242841E-03
1.82275948095046E-03
1.84890928260368E-03
1.87481508692489E-03
1.71043011435292E-03
1.73330899686177E-03
1.95107930351339E-03
1.77841849360549E-03
1.80065170192476E-03
1.82267242634591E-03
1.8444821713347E-03
1.86608250993362E-03
1.8874750766493E-03
1.90866156085264E-03
1.9296437006568E-03
1.95042327724014E-03
1.97100210958396E-03
2.21264672177371E-03
2.45857941706164E-03
2.25728088681183E-03
2.08125370991317E-03
2.16327606146399E-03
2.24625453657103E-03
2.33017258799847E-03
2.68334875673868E-03
3.61221220072848E-03
3.73735831577826E-03
3.86376904682326E-03
0.004605486936887
4.75418668508388E-03
4.90426915739653E-03
5.05570954977083E-03
4.86125116567827E-03
5.00506210681214E-03
4.78221049716237E-03
5.29626144839462E-03
5.44360629333919E-03
4.39378188968526E-03
5.33155967031978E-03
0.005050599720919
5.61240238698409E-03
5.75429897582382E-03
5.89715428792574E-03
6.04095006267423E-03
6.18566828451975E-03
5.84426878068067E-03
5.48121640777707E-03
5.09629313162288E-03
5.73135004584742E-03
5.85748495442253E-03
7.07237002923283E-03
7.22306071285127E-03
7.3745380751718E-03
7.52678613218198E-03
7.67978910671857E-03
7.23095208445339E-03
7.98799771214972E-03
7.51677488344428E-03
7.66065385275771E-03
7.80515959916376E-03
7.95027863560931E-03
6.74666470278584E-03
5.49486897924308E-03
4.19459156046117E-03
4.26831188377948E-03
4.34230636660332E-03
4.41656874791547E-03
5.23960831573895E-03
4.5658725373732E-03
6.18786905974628E-03
6.28823286217625E-03
6.38891359346139E-03
7.30114141675499E-03
8.23899355546482E-03
9.20257262112861E-03
1.01919775584079E-02
8.62100284361129E-03
9.62393362903138E-03
1.06528664953992E-02
9.00606839669664E-03
9.13506065241422E-03
9.26435673935319E-03
8.45455318096825E-03
8.57144320725902E-03
9.65398166715541E-03
1.17412886638559E-02
1.18981129556998E-02
0.011050637586516
1.22126630371435E-02
0.012370369387483
1.35723796912993E-02
1.48010296636803E-02
1.60563739012872E-02
1.73384640001851E-02
1.86473485926494E-02
1.77627318961833E-02
1.79753104706753E-02
1.70514089617464E-02
1.61011352057085E-02
1.62878469739472E-02
1.64747735538951E-02
1.78520409919353E-02
1.68492311637014E-02
1.70367424337954E-02
1.59941126363215E-02
0.016168546816711
1.63431259181367E-02
1.77884443021346E-02
2.05448415400144E-02
1.68676451121977E-02
0.017042716650112
1.58934368027337E-02
1.73931563491881E-02
1.62170840675807E-02
1.63790176285717E-02
1.65410143526489E-02
1.67030667280336E-02
1.82705979147262E-02
1.84462510910351E-02
1.86219405480155E-02
1.87976584145033E-02
1.89733968834715E-02
0.017676136810212
1.93249047156522E-02
1.95006587769213E-02
0.01967640283496
1.83250425132776E-02
1.69466262294761E-02
1.70952694662715E-02
1.88115045249435E-02
1.89735808604789E-02
1.91356072185998E-02
1.92975769894243E-02
2.75676017847903E-02
2.61617607701155E-02
2.63774418947421E-02
2.65930129708964E-02
2.51329364137273E-02
2.53348041349816E-02
2.72389813113647E-02
2.74540279029052E-02
2.76689226042527E-02
2.78836572265014E-02
2.45859456839276E-02
2.65430754070242E-02
2.67438933709295E-02
2.87408331621555E-02
3.43836427912649E-02
3.28142834336188E-02
2.75452889103948E-02
2.77451320378616E-02
2.98077422571968E-02
2.81441607329538E-02
0.030232887492597
0.030445082852018
3.25730802502523E-02
2.89393890161907E-02
2.91375658096383E-02
2.93354766611281E-02
2.75642404188679E-02
0.027748441688948
2.79323757296149E-02
2.61077479779133E-02
2.62780301969297E-02
2.84825121065727E-02
2.66177925565022E-02
2.88478198997525E-02
2.69564476663385E-02
2.71253459579313E-02
2.72939506543652E-02
2.53497749858226E-02
2.76302572123299E-02
2.56596444325387E-02
2.58141448478341E-02
2.38043199962757E-02
2.61222522099137E-02
2.84655034168521E-02
3.30364193771808E-02
2.87972814377818E-02
3.34184447638139E-02
3.58494404231604E-02
3.83053558262973E-02
3.85202068259093E-02
0.04101308130284
0.036657373256079
3.68582090726235E-02
3.01100910187011E-02
2.79438454518337E-02
2.80933980841454E-02
2.82425835329951E-02
2.83913972905827E-02
2.85398348761613E-02
3.10785494888344E-02
0.033641491032838
3.38133205610711E-02
2.91297348197626E-02
3.17159107068394E-02
3.43260320867155E-02
3.20319939022188E-02
3.21893698309005E-02
3.23462958388552E-02
3.25027673543793E-02
4.27076351662841E-02
4.03868661630989E-02
4.05777349383893E-02
4.58640249358716E-02
4.86372953295288E-02
5.40052145886801E-02
5.68360926506673E-02
4.93088556457434E-02
4.43174541489751E-02
4.71343831599899E-02
4.99739125445347E-02
5.54777156609732E-02
5.30669339662041E-02
5.32971548685405E-02
5.35265759564284E-02
5.37551908409427E-02
5.39829931717568E-02
4.33679813095765E-02
4.08271012222083E-02
0.038263023339894
4.11644634697006E-02
4.13321977046392E-02
4.14992945487702E-02
0.041665749438558
4.18315578384696E-02
0.044796496256926
4.49719649769706E-02
4.51467297722058E-02
4.81533350432967E-02
4.83375117856793E-02
5.13750977553578E-02
5.15684877230619E-02
5.17610595568608E-02
4.90665409938826E-02
4.63499806869913E-02
3.77966441386338E-02
3.50153754184216E-02
3.51409785039198E-02
3.23271812488035E-02
0.026542863246384
2.95953170715494E-02
2.96980842673321E-02
3.27804060791676E-02
3.28923859853027E-02
3.90045257527034E-02
3.61251639951963E-02
0.033225095631958
3.03044659275763E-02
3.04038013406347E-02
3.05026360558453E-02
3.06009675144898E-02
3.06987931751144E-02
3.07961105134946E-02
2.78036253203403E-02
3.09892102125633E-02
3.10849876106436E-02
2.80622220850789E-02
2.81474867030876E-02
3.13692005824663E-02
3.14628904271071E-02
4.10228680836294E-02
4.11432892605959E-02
4.12630180263607E-02
0.041382051343115
3.51157113957581E-02
3.52152473437002E-02
3.21038065769919E-02
3.21932077930611E-02
0.02582565009369
0.029133331931939
2.92123117461404E-02
3.25453264620268E-02
2.93687761738383E-02
2.29026442306998E-02
2.29625153032271E-02
2.63108493612633E-02
3.29729663013647E-02
3.30568049871779E-02
0.03645408324042
3.65450539188091E-02
3.66353952630177E-02
3.67251050332033E-02
3.34674372797378E-02
3.69026209830608E-02
4.03531884806485E-02
4.04482736870555E-02
4.39212128155657E-02
4.40227006327653E-02
0.047517533662957
4.42233807884892E-02
4.43225681972053E-02
4.44209839088892E-02
4.45186255120233E-02
4.80474514330706E-02
4.81509289188554E-02
0.048253565096013
0.044901403355106
4.49951389889665E-02
0.04855640083836
4.86556469582366E-02
5.22364708635588E-02
0.04536217770588
5.94371657478957E-02
5.95535155031998E-02
6.66886781503536E-02
0.059783068323672
6.34195755876749E-02
6.70682196814538E-02
7.07288110197558E-02
6.73153347081145E-02
8.16343956307429E-02
9.24473676062562E-02
9.97346422050672E-02
0.103476986996037
0.10722987628408
0.121734385116494
0.118352964366678
0.122142286350613
0.1223429858078
0.122541511395698
0.12273785836143
0.11931637430134
0.115881409591983
0.116060029013283
0.112604187450498
0.116411060121292
0.109296996969356
0.109456674771723
0.113268211749694
0.113429169778673
0.12091636542634
0.113745001199881
0.113899867084642
0.139806529147913
0.143675346827743
0.140173690808588
0.136659993193526
0.129436269105737
0.122191693463509
0.151999777164122
0.159606460668249
0.170944189607176
0.167423002817446
0.15644065369931
0.17526191054487
0.175456129006544
0.171910017551758
0.17957626678226
0.127333496003043
0.101222081971232
0.10132456480837
0.101425222335828
0.105284202265126
0.112912280031241
0.113018021762181
0.109351000962401
0.13586806524941
0.128432741376097
0.128543325087871
0.136219328408252
0.143905471794177
0.140231241636338
0.144134476358755
0.144245072633749
0.132956767103321
0.129252288605517
0.129344237398319
0.114206335194472
0.118092780387623
0.118170210766444
9.15449050518368E-02
8.39680766082444E-02
8.40184699391745E-02
9.17098273946826E-02
9.55848761175279E-02
7.65095604065836E-02
7.27223420399839E-02
7.27592839165308E-02
7.27949071528786E-02
7.28292109169752E-02
7.28621944077346E-02
6.90573380731951E-02
6.52479662018739E-02
6.14342868999281E-02
4.99343073207832E-02
4.99523507677577E-02
4.99694880261535E-02
0.053830773980528
8.46171486758083E-02
6.54048307099427E-02
6.15741138419458E-02
6.54389738516997E-02
6.54542640096722E-02
5.39151250025636E-02
5.39257597674264E-02
0.053935415584089
5.39440922275084E-02
5.39517894954759E-02
5.01043281222875E-02
5.39642452103935E-02
0.053969003367101
5.39727815678721E-02
5.39755797246753E-02
5.39773977723155E-02
0.065545000454527
6.16892495925817E-02
6.16879668009775E-02
6.16855638475708E-02
5.39717856898046E-02
5.39677229922204E-02
0.050108203199352
4.62485639453479E-02
4.62425621448618E-02
5.00886974992856E-02
5.00803766405669E-02
5.00711466080314E-02
5.77627010963112E-02
5.38999568188391E-02
5.77361581439696E-02
5.77213146464188E-02
6.15524518270835E-02
7.30720814292975E-02
7.30493003730304E-02
7.30251939071676E-02
6.53155770577866E-02
6.14509532857135E-02
0.061427307646127
5.75648886775185E-02
5.75406325249126E-02
4.98466219563963E-02
4.21585932337167E-02
4.21385113452708E-02
4.21176656898349E-02
0.034442228253541
3.44239241265776E-02
3.05822189675681E-02
4.58472604423161E-02
4.58203620843964E-02
4.57926340065449E-02
4.57640768572635E-02
4.19234670292186E-02
3.80870650301315E-02
0.038061198132561
3.04277141333568E-02
3.42066593289551E-02
3.79794685337992E-02
3.79508511593357E-02
3.41293930215408E-02
3.41024032331254E-02
3.40747973110974E-02
2.64806701468163E-02
2.26784931141491E-02
2.26588595283403E-02
2.64119531343484E-02
2.63880935696163E-02
3.01300091232528E-02
2.63389469460739E-02
2.25545666080496E-02
2.25324864579528E-02
2.25100003088031E-02
2.24871086899621E-02
1.87198434504596E-02
1.49600741396346E-02
1.49440043035353E-02
1.49276656310015E-02
1.86388231343376E-02
0.022341274987324
1.85963006021068E-02
0.022289445574243
2.22629301596502E-02
2.22360151056866E-02
2.22087010490447E-02
2.21809886361718E-02
2.21528785232701E-02
2.21243713762965E-02
2.20954678709622E-02
2.20661686927329E-02
1.83637287806907E-02
2.20063861082246E-02
2.19759041216491E-02
2.19450293015862E-02
2.19137623822744E-02
2.18821041077074E-02
2.18500552316346E-02
1.81813470979674E-02
1.81539906156232E-02
1.81263105651782E-02
2.17179691287351E-02
1.80699824107049E-02
2.16496027828396E-02
0.02161484162077
2.15796962384515E-02
2.15441674774609E-02
2.50929655539945E-02
0.028629284312784
0.025007837732128
2.49646084567316E-02
1.78006692759325E-02
0.014215328212033
1.41898695271986E-02
1.77051999742418E-02
1.76727502353573E-02
1.76399884750795E-02
1.40855323874356E-02
1.40588256496332E-02
1.75398390155156E-02
1.75058371600694E-02
1.74715273192164E-02
1.74369103246326E-02
1.39215896129281E-02
2.08401098901715E-02
2.07974698293161E-02
2.42135428197301E-02
2.41629468166671E-02
2.75564891710669E-02
2.40604876882426E-02
2.40086270632724E-02
2.39563474171714E-02
0.023903650028814
2.72577556440652E-02
2.71965796551381E-02
3.05267970487123E-02
3.04569116129879E-02
3.03864975230234E-02
2.69471613438149E-02
2.68836358462958E-02
3.01721007315134E-02
0.026755190668923
2.66902741621877E-02
2.99530093284456E-02
2.98789440125277E-02
2.98043643216282E-02
2.97292721075649E-02
2.96536692370664E-02
2.95775575917854E-02
2.95009390683131E-02
2.94238155781938E-02
3.26068767199334E-02
3.90240818920643E-02
4.54057872302455E-02
4.20482265758439E-02
4.51588535698399E-02
4.50342344237143E-02
4.17010761531757E-02
4.15839423859372E-02
4.14661050483202E-02
4.13475671187645E-02
4.75711518433766E-02
0.06324369462622
6.62110290551727E-02
6.28714920254127E-02
6.26838067244318E-02
5.93703182021181E-02
5.91900274438519E-02
5.90087487237281E-02
5.57303558063198E-02
6.17297326327988E-02
6.46126136321906E-02
0.058273847565699
0.058087699326573
6.70427901227538E-02
6.98625349033606E-02
6.66061767549351E-02
6.33686701852873E-02
6.01501696024376E-02
5.99482404295624E-02
5.97453322099784E-02
5.95414502450479E-02
6.23034298647111E-02
5.91307864597837E-02
5.89240154176217E-02
6.45879214052992E-02
6.14330033563804E-02
4.08086077721349E-02
4.06612250181625E-02
4.05131912178473E-02
4.03645103050756E-02
4.02151862388506E-02
4.29270246464652E-02
4.27656692229557E-02
4.26036375941138E-02
5.65879121469396E-02
5.91885884083646E-02
6.17665093687096E-02
5.31351928257176E-02
5.29257534781241E-02
4.99409916514094E-02
0.049741021585951
4.67880448303978E-02
4.65977372941284E-02
5.18663275259579E-02
5.43705652937549E-02
5.14369584421154E-02
5.39169449466945E-02
5.63733513787985E-02
5.61330593137307E-02
5.58919226784156E-02
5.56499481930242E-02
5.54071426184936E-02
0.055163512756717
5.49190654507377E-02
5.72773222318499E-02
5.70195435179246E-02
5.93409724832346E-02
8.47522344384211E-02
8.43618437675654E-02
7.88811293201979E-02
0.078512119623562
7.81419862602058E-02
7.52620063476223E-02
7.49016689487068E-02
7.45402752719726E-02
8.40682139325086E-02
7.87353185809286E-02
0.075898190675758
6.82120589196275E-02
0.067869977115771
5.78802592908403E-02
5.27866784137433E-02
4.77415825600771E-02
4.51199042336847E-02
3.77976458277886E-02
3.28991976208115E-02
3.27250230259872E-02
2.79003613569835E-02
2.77503416506754E-02
2.98999622871512E-02
3.20241093288566E-02
3.18478538176964E-02
3.16711982826689E-02
3.14941481868432E-02
3.13167090266322E-02
0.04225991716494
4.20180734052686E-02
3.95770019524004E-02
4.15328774425461E-02
4.34626742894054E-02
4.75266248010758E-02
5.58335327268119E-02
5.12294746591955E-02
5.09197242101717E-02
4.85006790901244E-02
4.61069811733745E-02
4.58215049442222E-02
0.136606603755457
0.152201449280099
0.128755245479937
0.117778894861699
0.123072771345402
0.130291325952836
0.109524668538972
0.104845335458169
0.108077815219671
0.154197729068794
0.151216317517418
0.144409041749637
0.141504273015461
0.142422693519788
0.147084785616067
0.153538421366796
0.152447995649222
0.153202166179461
0.141101133245107
8.91379303844915E-02
7.58430655711299E-02
7.52816507314014E-02
7.82777981979269E-02
0.130658071028676
0.101630324559949
9.38970073933292E-02
9.48975279645371E-02
0.095870648816578
9.85149024129459E-02
9.77346922815786E-02
0.105312103820623
0.107779925940398
6.74317759808016E-02
8.97157522731091E-02
7.92676597234582E-02
7.53980363299144E-02
7.47635877306229E-02
6.62428691428678E-02
6.56755555460373E-02
6.66582899291036E-02
6.91505544293366E-02
0.056357025936948
4.98182845331319E-02
4.78760297323887E-02
4.29955818674033E-02
3.81962514747799E-02
3.93003221857063E-02
3.60512385773346E-02
3.71418672682172E-02
3.67905077918097E-02
3.50377167991664E-02
3.60880362169289E-02
3.71114543832909E-02
3.67470012640392E-02
3.36876807362823E-02
3.33505122817664E-02
3.16929712940722E-02
2.87554918471796E-02
2.97528727413916E-02
0.032003679501093
3.16675131078197E-02
0.031331596558065
3.09959466727219E-02
3.43398500758825E-02
3.39645767355262E-02
3.23900289113628E-02
3.55876266891775E-02
3.40138642203177E-02
3.47863305429808E-02
0.034386371578024
3.39869009303491E-02
3.58271365803845E-02
3.87210980053293E-02
3.49777486921863E-02
3.34741550593428E-02
3.51974128147975E-02
3.16015756664196E-02
3.32865598305419E-02
3.80007193282728E-02
3.04173320453783E-02
0.031024787418506
5.92627712653371E-02
5.94537516044025E-02
5.48121606237469E-02
5.50193365355343E-02
5.33308929703255E-02
5.35153852989918E-02
4.18488762227512E-02
4.39465289364014E-02
4.24324422355936E-02
3.48473158400309E-02
2.66100864550327E-02
2.45233016735074E-02
2.49872230785731E-02
2.46065954326231E-02
2.50346473424075E-02
2.46436562252837E-02
2.42538717976605E-02
2.23256259380345E-02
2.12059754462362E-02
1.93675364023735E-02
2.05099193935769E-02
1.51227911723061E-02
1.41562731222672E-02
1.39108079566255E-02
1.57162265580644E-02
0.014764994866776
1.44981601760393E-02
1.35855037402711E-02
1.26980330134431E-02
1.24585422435241E-02
1.16091192525266E-02
1.01853851087037E-02
9.9846160567134E-03
9.78481972387323E-03
1.01498998794171E-02
1.10449732390002E-02
0.010813497419496
1.00541008797626E-02
9.31886871613552E-03
0.010126626566261
1.03952877876162E-02
9.67526749504019E-03
7.56130682067755E-03
7.38351940913602E-03
6.30601450784558E-03
6.59193002163395E-03
6.42852831719539E-03
7.51951253243111E-03
7.32617776279691E-03
7.13425611023999E-03
6.17224388947496E-03
6.75475972762058E-03
6.93208635798437E-03
6.73575569242387E-03
6.54106203506488E-03
5.67982138911251E-03
5.5086328442703E-03
4.39681644477084E-03
4.56258112037576E-03
0.0044157027061
4.27026510056115E-03
4.12629422929966E-03
3.71822860732712E-03
3.58666758788684E-03
3.45655006463699E-03
3.09019428988592E-03
2.97212301206819E-03
2.9261125216801E-03
2.89715969608893E-03
2.86792424670035E-03
2.6200647065221E-03
2.37650307860256E-03
1.92357341373889E-03
1.90253213328529E-03
2.09031777685411E-03
2.06648142980244E-03
2.65513779866269E-03
2.62354659347479E-03
2.79100769087622E-03
3.15008722698604E-03
3.30444977961428E-03
3.26152458157703E-03
2.8395792152796E-03
2.98771130310465E-03
2.94614883841496E-03
3.08570777486942E-03
3.21958141376377E-03
3.52388948482517E-03
3.12297654135063E-03
2.56167414154367E-03
2.5204981331861E-03
2.97474328111548E-03
2.76197713007782E-03
3.51231024788618E-03
3.44976037774329E-03
3.07879708380335E-03
1.19328183677414E-02
1.17025024790911E-02
1.40838119468974E-02
6.25819129357886E-03
5.98759271977896E-03
5.31330182432267E-03
6.52722044239322E-03
2.99361290636039E-03
2.5416921307318E-03
2.35584447144563E-03
2.41758892890407E-03
2.35496653238796E-03
2.40658672721444E-03
2.22867159656504E-03
2.05678942206016E-03
2.10112152861655E-03
2.03693853509217E-03
2.16977409364279E-03
1.90790374177622E-03
2.0274309746904E-03
1.86711630502641E-03
1.71320598715819E-03
1.48334757840958E-03
1.42481581318637E-03
1.44224515219961E-03
1.67128719185143E-03
1.59690298718321E-03
1.45659040006649E-03
1.32305206662272E-03
1.25613277887337E-03
1.24636233199546E-03
1.17739151373072E-03
1.15955375402994E-03
1.18376321693179E-03
1.15254056994154E-03
1.11657937583375E-03
1.03775315740811E-03
9.60556297206917E-04
9.17946138155899E-04
8.71881764212538E-04
7.95365016840661E-04
7.46261671147583E-04
6.72575538471274E-04
5.81888285613601E-04
5.34615457232019E-04
4.86471201592062E-04
4.10652477406802E-04
3.30806081589504E-04
2.72076458112637E-04
2.28983434010258E-04
1.82795909641543E-04
1.60414129004169E-04
1.23596004883792E-04
8.93945157643304E-05
7.07431005865709E-05
5.01978561100976E-05
3.57309205504407E-05
2.43646187487938E-05
2.33520517362989E-05
1.38185036047773E-05
6.91362506750828E-06
3.75209484126224E-06
1.64333569344687E-06
6.69073376713198E-07
2.00924474003396E-07
4.60434259001822E-08
6.85960623524777E-09
5.16970712812619E-10
1.48213018088304E-11
6.29625207874044E-14
5.17228331857757E-18
1.8269930355973E-26
5.5090026650369E-55
0
0
0
0
0
0
0
0
0
0
0
0
0
0
0
0
0
0
0
0
0
0
0
0
0
0
0
0
0
0
0
0
0
0
0
0
0
0
0
0
0
0
0
0
0
0
0
0
0
0
0
0
0
0
0
0
0
0
0
0
0
0
0
0
0
0
0
0
0
0
0
0
0
0
0
0
0
0
0
0
0
0
0
0
0
0
0
0
0
0
0
0
0
0
0
0
0
0
0
0
0
0
0
0
0
0
0
0
0
0
0
0
0
0
0
0
0
0
0
0
0
0
0
0
0
0
0
0
0
0
0
0
0
0
0
0
0
0
0
0
0
0
0
0
0
0
0
0
0
0
0
0
0
0
0
0
0
0
0
0
0
""
