0
0
0
0
0
0
0
0
0
0
0
0
0
0
0
0
0
0
0
0
0
0
0
0
0
0
0
0
0
0
0
0
0
0
0
0
0
0
0
0
0
0
0
0
0
0
0
0
0
0
0
0
0
0
0
0
0
0
0
0
0
0
0
0
0
0
0
0
0
0
0
0
0
0
0
0
0
0
0
0
0
0
0
0
0
0
0
0
0
0
0
0
0
0
0
0
0
0
0
0
0
0
0
0
0
0
0
0
0
0
0
0
0
0
0
0
0
0
0
0
0
0
0
0
0
0
0
0
0
0
0
0
0
0
0
0
0
0
0
0
0
0
0
0
0
0
0
0
0
0
0
0
0
0
0
0
0
0
0
0
0
0
0
0
0
0
0
0
0
0
0
0
0
0
0
0
0
0
0
0
0
0
0
0
0
0
0
0
0
0
0
0
0
0
0
0
0
0
0
0
0
0
0
0
0
0
0
0
0
0
0
0
0
0
0
0
0
0
0
0
0
0
0
0
0
0
0
0
0
0
0
0
0
0
0
0
0
0
0
0
0
0
0
0
0
0
0
0
0
0
0
0
0
0
0
0
0
0
0
0
0
0
0
0
0
0
0
0
0
0
0
0
0
0
0
0
0
0
0
0
0
0
0
0
0
0
0
0
0
0
0
0
0
0
0
0
0
0
0
0
0
0
0
0
0
0
0
0
0
0
0
0
5.3125705043776E-140
9.53378055087194E-33
1.92423343067783E-19
2.60627754503E-14
1.38849044085018E-11
7.11772885788996E-10
1.0093814137634E-08
6.67486679245061E-08
2.88659019381589E-07
9.68586606097669E-07
2.44320124515971E-06
5.23040235711422E-06
9.89172774258755E-06
1.6995482066744E-05
2.70691744721448E-05
4.05658354609996E-05
5.78449214652338E-05
7.9165566216262E-05
1.04688902948795E-04
1.34486256707347E-04
1.68550574015349E-04
2.06809147771105E-04
2.49136326513998E-04
2.95365401929783E-04
3.45299238984478E-04
3.98719467444206E-04
4.55394217322576E-04
4.42972651571896E-04
5.14018803544144E-04
5.65443475655878E-04
5.89176420540671E-04
6.46759089022741E-04
7.05883544965615E-04
7.66377813393303E-04
8.18102154763906E-04
8.69367793854611E-04
9.31497879832586E-04
1.04348970371245E-03
1.12320763977836E-03
1.19120208272629E-03
1.25963791860789E-03
1.32841224401197E-03
1.28368595868536E-03
1.1255340285007E-03
1.16082167366286E-03
1.62377555750345E-03
1.77164674512798E-03
1.84473050929097E-03
1.64367829014349E-03
1.70595096187601E-03
1.76797437605062E-03
1.8531691378633E-03
1.91537342382878E-03
2.30258886385475E-03
2.37417140314355E-03
2.15291013471444E-03
2.13303828827094E-03
2.19246216900005E-03
2.28029209826506E-03
2.39876313357393E-03
3.03580341059225E-03
3.10953391631408E-03
3.11896311857467E-03
2.08322416817934E-03
2.0958792502739E-03
2.14065975619449E-03
2.35842551047989E-03
2.40583242090334E-03
2.48884228776564E-03
2.71976477516378E-03
3.25641692840524E-03
3.31467242717943E-03
3.37232851357697E-03
3.31113184934054E-03
3.32557961651332E-03
2.72752907451549E-03
2.81144401042845E-03
3.06405748334178E-03
1.66121702611162E-03
1.7284226619004E-03
1.70894940051067E-03
1.86569496486059E-03
1.75565921502213E-03
1.82424228590539E-03
1.84755329497683E-03
1.77708107981754E-03
1.79615780965584E-03
1.93063348808648E-03
3.18597584614817E-03
2.49410413689794E-03
2.94679747480821E-03
3.12865318194901E-03
3.25427082501655E-03
3.44642701086106E-03
3.44251059279418E-03
3.78007611372631E-03
6.09251738590381E-03
6.30716803609574E-03
6.52402474613241E-03
7.22468857505155E-03
7.29580521894485E-03
7.35851475033496E-03
7.58911751128858E-03
9.09506607487581E-03
9.3678959134955E-03
9.25727664789704E-03
9.72191400430989E-03
1.00978227626412E-02
1.04814523113754E-02
1.07651693166905E-02
1.10509276242693E-02
1.13386836044826E-02
1.16283943477379E-02
1.19200176502025E-02
1.22135119996483E-02
1.22586598302044E-02
1.28059511646384E-02
1.31048162883754E-02
1.34053930482711E-02
1.37076431831471E-02
1.40115290418965E-02
1.43170135705699E-02
1.46240602996733E-02
0.014932633331685
1.52426973287941E-02
1.47765066258212E-02
1.50738016139434E-02
1.55342302820044E-02
1.20429378479659E-02
1.22743533342923E-02
1.55905569813678E-02
1.44851899122778E-02
1.70619061384267E-02
1.48377343194459E-02
1.32609188468584E-02
1.33069787885816E-02
1.37286798225541E-02
0.013963734306087
1.08468737657697E-02
1.20300733950289E-02
1.22277891239837E-02
1.32544894913817E-02
1.74645023478552E-02
1.75266058700098E-02
1.75827793256571E-02
0.016971738778483
1.70058638115584E-02
0.017261014998752
1.75167611466076E-02
1.77730835001524E-02
1.70810180959811E-02
1.73248891636329E-02
1.90333586727474E-02
2.05356942325504E-02
2.00659984653201E-02
2.00848118143006E-02
2.11278909864131E-02
2.14087245264407E-02
2.16900087283973E-02
2.27755693534226E-02
2.30680234089762E-02
0.018413877776556
2.44890027701567E-02
2.50747425212744E-02
9.12631885020175E-03
8.94846841351596E-03
9.05593393571252E-03
7.38992886705872E-03
7.47677088888085E-03
7.86624148648941E-03
7.6506926068679E-03
7.73776274554657E-03
6.57291553867784E-03
6.64616237889571E-03
5.75953487977705E-03
4.85199761015717E-03
5.55833333672075E-03
5.94822263359225E-03
5.67722507246332E-03
5.73670811837266E-03
6.13716566195258E-03
7.2335535724248E-03
7.30709912786082E-03
9.13795967894568E-03
9.58401246044755E-03
1.03955501575159E-02
1.04971674482923E-02
1.02333110920288E-02
1.07004026273762E-02
1.04295281122443E-02
1.09036078188306E-02
1.10051877835213E-02
1.14897379355068E-02
1.23677572846136E-02
1.28697536214376E-02
1.14112526461875E-02
1.23066613470457E-02
1.20145560473391E-02
1.05034722407844E-02
0.011001755619356
1.15069708266356E-02
1.32624639700799E-02
1.29560951870757E-02
0.013485528619539
1.40218486492025E-02
1.45650431372615E-02
1.55469594150933E-02
1.39306705515571E-02
1.53581364906957E-02
1.54794914721832E-02
1.56007312133066E-02
1.57218511036339E-02
1.26742772549584E-02
1.41392887186862E-02
1.33271124844576E-02
1.25010317801125E-02
1.30603951339251E-02
0.013156639890189
1.18328247595793E-02
1.14417970169367E-02
1.15239726976408E-02
1.16060358816331E-02
1.26619822991319E-02
1.22602220291644E-02
1.33329616620872E-02
1.14358930618396E-02
1.15139564976084E-02
1.20958911672788E-02
1.26844652241206E-02
1.07258785203415E-02
1.13108134492319E-02
0.01190235711212
1.30213429372469E-02
1.31051890512233E-02
1.31888802477017E-02
1.38033103150715E-02
0.013355786858315
1.34389968045962E-02
1.46038041690429E-02
1.46933097644244E-02
1.36876207887722E-02
1.54225694181594E-02
1.49607056666083E-02
1.44920673188289E-02
1.45773402001118E-02
1.80460571266975E-02
1.81505332891048E-02
2.16775358250798E-02
2.40958660046672E-02
2.36550706835679E-02
0.024367850371498
2.68369936936831E-02
2.69850178670519E-02
0.024183463207883
2.55008076153633E-02
2.56381110639047E-02
0.025175630772338
3.43479640135166E-02
3.39227439550691E-02
3.34907078600174E-02
3.24398051215694E-02
3.13758473326946E-02
2.47337825103152E-02
4.28812445781832E-02
4.30960787459689E-02
5.33532324810835E-02
5.42470741891906E-02
5.19769541949709E-02
5.22291691237568E-02
3.39203826290955E-02
4.05130071015516E-02
3.68282788714874E-02
3.63522199704067E-02
3.26086703590119E-02
3.40698766680946E-02
3.22516180268827E-02
4.76058508974452E-02
6.04402083539231E-02
6.07109615223297E-02
0.060980757945498
0.067307241885894
6.76015940380587E-02
6.78948702291472E-02
6.81870623653904E-02
6.84781624044526E-02
6.87681623551632E-02
6.90570542772564E-02
6.93448302811153E-02
6.96314825275238E-02
0.069917003227423
7.02013846416747E-02
7.04846190808302E-02
7.07666989049041E-02
7.10476165231547E-02
7.13273643938689E-02
7.16059350241525E-02
7.18833209697263E-02
7.21595148347263E-02
0.072434509271509
7.27082969804624E-02
7.29808707098202E-02
7.32522232554822E-02
7.35223474608376E-02
7.37912362165943E-02
7.40588824606109E-02
7.43252791777343E-02
0.067877281653673
6.88659525083059E-02
6.91075505003089E-02
6.93479735412287E-02
6.95872153911496E-02
7.28611511504995E-02
7.61544899676491E-02
7.64106435120706E-02
7.66654864827559E-02
7.69190123263293E-02
0.077171214534863
7.74220866457574E-02
7.76716222416253E-02
7.79198149501788E-02
7.81666584441199E-02
5.48885025087227E-02
3.53953227164756E-02
3.47155736566757E-02
3.64045910363951E-02
3.73087971063508E-02
3.66247571186698E-02
3.51367556316281E-02
6.56755139297067E-02
6.58677409590504E-02
6.52532164940548E-02
6.46328990662625E-02
0.064006826573856
6.50000381343442E-02
6.51818901979452E-02
6.86307207896389E-02
6.30843066016867E-02
6.24344961270397E-02
0.062602856164958
6.27701058340505E-02
6.37643494291137E-02
6.55920966547213E-02
6.57624600071374E-02
6.00896070267201E-02
6.35895549199788E-02
6.20724235308365E-02
0.062227592791108
7.16545974602693E-02
3.38024811043497E-02
3.55787735358893E-02
0.036513454218258
3.66003661288344E-02
0.037539798030982
3.93377195904418E-02
3.77142930774351E-02
4.20960372911031E-02
4.21913079831451E-02
3.96968903338242E-02
4.06497867826901E-02
3.98721866521074E-02
4.08274236604648E-02
4.17856704726667E-02
4.18744924931482E-02
3.84656764873771E-02
3.67936269533796E-02
3.68693500114614E-02
3.60647753333119E-02
5.55281806730361E-02
5.29892822453634E-02
5.84029813730652E-02
0.073589170394818
6.66242417755508E-02
6.85310591359893E-02
6.59849167644489E-02
7.14676889437305E-02
6.89140650411976E-02
6.81426079786664E-02
7.27560053817689E-02
7.28850066349047E-02
7.30126749833266E-02
7.31390073919112E-02
7.77864700483944E-02
7.79177544202362E-02
7.71400805762103E-02
7.81760365173262E-02
0.077392527795325
7.20448608935625E-02
7.21588732068054E-02
7.13567302034614E-02
7.14666793656186E-02
6.97400501613206E-02
7.44396578251983E-02
7.45497345821957E-02
7.46584390333162E-02
7.47657686186375E-02
7.48717208121302E-02
8.14557258605618E-02
8.06409262807243E-02
0.080750272607395
8.08581290245832E-02
7.91032402884269E-02
7.82738667992861E-02
0.079306693834285
8.40771781244514E-02
8.13749751497008E-02
0.081473840228072
8.06335984603537E-02
6.66478203868123E-02
6.57850225821011E-02
7.43273854721342E-02
7.44102976574594E-02
7.26059623820839E-02
7.26840868426209E-02
6.99260253477845E-02
6.81066633078744E-02
7.29103705581827E-02
0.073930928465929
0.093927172481562
9.49668613053172E-02
0.095056028024949
9.51434298849242E-02
9.23721929078965E-02
9.43598016313203E-02
9.53950261984372E-02
9.54753487202548E-02
9.55538966415948E-02
9.56306681396621E-02
9.57056614334541E-02
9.57788747837606E-02
9.58503064931658E-02
9.59199549060488E-02
9.59878184085853E-02
9.60538954287487E-02
9.61181844363112E-02
9.32952634245601E-02
0.093354150726674
9.34112994468855E-02
9.63574311990383E-02
9.64127586532402E-02
0.09646628979133
9.65180233757117E-02
0.096567958210599
9.66160931420177E-02
9.66624270578063E-02
9.67069588876176E-02
9.67496876029204E-02
9.67906122170006E-02
9.68297317849623E-02
9.68670454037296E-02
9.20574246014451E-02
9.30588013348637E-02
0.09308941647497
9.11783303617488E-02
9.70264955795262E-02
9.70529568805895E-02
8.25159660196827E-02
7.96223654044807E-02
7.96396070020051E-02
7.86839553461221E-02
7.96696306419586E-02
0.097173673161212
9.71874462906211E-02
9.71994052194696E-02
9.72095496721028E-02
9.72178794147003E-02
9.72243942552758E-02
7.58386933540691E-02
0.075840943363841
7.00077946122237E-02
7.87581647997049E-02
7.77837929094042E-02
7.77802919009997E-02
5.63871206538963E-02
5.34661420008665E-02
5.05447000552447E-02
5.34543408987026E-02
4.76163678591225E-02
0.045665668686975
4.46862031470146E-02
4.37062632147609E-02
4.27259034777618E-02
4.65992690501932E-02
5.43521905872773E-02
5.04562992220745E-02
4.85016977614461E-02
5.33355000372773E-02
5.23487167577479E-02
5.62070408766816E-02
7.16863948040318E-02
5.90702740631415E-02
4.45269498740572E-02
5.22488416503295E-02
4.73902064027237E-02
4.35017233925767E-02
8.69620352752774E-02
8.69190026768771E-02
8.68743499841902E-02
8.58633218043188E-02
0.086780188481066
8.57670076045111E-02
8.47533470397012E-02
7.50765795337482E-02
5.96388142282566E-02
5.96002623849988E-02
5.85999460362863E-02
5.27998497785768E-02
4.89254126551217E-02
0.04984868267063
5.07696207771647E-02
5.16881743571214E-02
6.02558241009822E-02
0.060207657652736
6.49328458127269E-02
6.48784414933879E-02
6.29162776183445E-02
5.04793956657111E-02
3.52087644871355E-02
3.51765422688539E-02
3.60934957529808E-02
3.22633711541393E-02
3.22319631404087E-02
3.40940722237965E-02
3.40595510598635E-02
3.49695204589262E-02
3.58768710894203E-02
3.67815512888515E-02
3.57993340289068E-02
3.48185289966385E-02
3.57191443930562E-02
3.56780571893629E-02
3.56363096695761E-02
3.65305844622393E-02
3.64863859581677E-02
3.64415128141859E-02
3.73291959800375E-02
3.54177020334118E-02
2.88561164084175E-02
2.97479344316321E-02
3.06367471593801E-02
3.33767690464579E-02
3.14792933219808E-02
2.86617813444208E-02
0.032314400096051
3.13461825721017E-02
3.13006563281312E-02
3.12545538619659E-02
3.02899975463092E-02
0.031160624622193
2.56223059348408E-02
2.64961090496541E-02
0.026454343079857
2.82336149100485E-02
2.81879311126417E-02
2.90495279717981E-02
2.90013040871373E-02
2.89525487020342E-02
3.07097169086795E-02
3.06567885738099E-02
3.06032992484905E-02
3.23462649220727E-02
5.74016804265615E-02
4.02875445650249E-02
3.84265170735144E-02
4.28152697871705E-02
3.91737884331109E-02
7.02014327174476E-02
7.00668300157167E-02
3.89488844463982E-02
4.15228941364462E-02
8.28810860042908E-02
6.24761309173753E-02
4.39080675040352E-02
3.94362565366587E-02
4.02290823296655E-02
3.66539640091998E-02
3.83180944417695E-02
3.91051068536155E-02
6.24328739311118E-02
8.13314744623586E-02
8.02885766416767E-02
8.01094583556412E-02
7.56316430476049E-02
0.076316918567503
6.92972015245873E-02
6.91361855879961E-02
4.00219082244384E-02
3.90775278833715E-02
3.64415430414093E-02
3.21262951657581E-02
0.02783103677703
2.69211388053088E-02
7.13312674389343E-02
7.11519856481939E-02
7.01364759355961E-02
6.91239788370373E-02
6.89452084957462E-02
6.87652112714991E-02
6.19734863916273E-02
6.18086331142283E-02
6.82179029047334E-02
6.80330429318495E-02
0.067846978647253
6.68445373879419E-02
6.74712556679023E-02
6.89028498519033E-02
4.44577400698302E-02
4.19124733825056E-02
4.98282524539023E-02
5.60937837656984E-02
5.27329435332451E-02
5.17799246199188E-02
0.059567289277074
0.057803805300264
6.31537249848802E-02
6.37467103141174E-02
5.25653588437866E-02
5.39652544749411E-02
4.36597903745676E-02
4.04122985223559E-02
0.02866266493709
3.16585713296562E-02
3.07856248118787E-02
2.76158777889004E-02
3.13470268101399E-02
2.89560921584139E-02
2.88583464365889E-02
3.02737971347192E-02
2.86613772218666E-02
2.78105230664118E-02
2.84624546615043E-02
2.76158918674031E-02
2.97490520207261E-02
2.89015181456459E-02
2.80588324424333E-02
2.86924423255176E-02
2.85871795635655E-02
3.06723170420705E-02
5.60228666683259E-02
5.79867182723706E-02
5.84889805459131E-02
5.03528461397902E-02
5.15919336000855E-02
6.49531640192493E-02
6.46987839055791E-02
6.37351695524825E-02
0.062776133830104
6.18217183172019E-02
6.15716420830063E-02
6.06237374991873E-02
5.89866049022268E-02
5.80510807712583E-02
5.78085781498501E-02
0.057565143600046
5.39088323683519E-02
5.43576241970183E-02
5.41231573488832E-02
5.45614264319405E-02
0.054992935493219
5.54176592507689E-02
5.51708635941065E-02
5.55849262739356E-02
5.53334093424649E-02
5.44253025183047E-02
5.87440634040944E-02
6.23699506914512E-02
6.27252570243351E-02
5.72810537453799E-02
5.70091908882682E-02
5.67364591436514E-02
5.51940378689903E-02
5.49257591682034E-02
5.46566541674914E-02
5.37615958172228E-02
5.28719505621518E-02
5.26066558028846E-02
4.98774981299292E-02
4.96232151832022E-02
4.93682071137609E-02
4.36555390688975E-02
4.64434015426896E-02
4.61989616599233E-02
4.65506647705635E-02
4.63017198287615E-02
4.60521208379835E-02
4.63890788650288E-02
4.43830167800314E-02
2.03266875831052E-02
3.98495663359294E-02
3.73288172159689E-02
3.88308048903616E-02
3.91771860891365E-02
4.00810455647357E-02
0.032552542851528
3.34783391410879E-02
0.033281196735968
3.03266547321751E-02
2.90489689600343E-02
0.026694553796814
2.38248121318573E-02
4.62811092441666E-02
3.42288134262963E-02
3.61414180050794E-02
3.11609229427658E-02
4.09347669575338E-02
4.06732525992339E-02
0.04092935512781
4.06635322177731E-02
2.60792339372642E-02
2.64150137224396E-02
2.57345431352991E-02
2.65641935414215E-02
2.68821768965111E-02
0.027193082238536
0.027987916309903
2.77936220691916E-02
2.75990456684878E-02
2.74041939553945E-02
2.57770173105472E-02
2.51179945338636E-02
2.35246106807306E-02
2.38198387360881E-02
2.36443595665252E-02
2.25483317212369E-02
2.23793394394484E-02
1.63176679712893E-02
0.016193238795448
1.56223285599598E-02
1.59439986971638E-02
1.53797750641842E-02
0.016566185618882
1.68666931543058E-02
1.88761520182544E-02
1.74465175731717E-02
1.60376545291067E-02
1.54867110135888E-02
1.45275763033282E-02
0.013993897996039
1.22428433442234E-02
1.41610833080843E-02
1.44398946720116E-02
1.43140441883087E-02
1.37940245200634E-02
1.48434184932874E-02
1.39361888536324E-02
1.68790766867786E-02
1.71051072440057E-02
2.03369861794084E-02
2.05209188879142E-02
1.99586123784163E-02
1.75727982088548E-02
1.74046014715115E-02
0.016877314455279
1.74238082295688E-02
1.61958826525366E-02
2.47492800316423E-02
2.45006160659551E-02
2.59599010371315E-02
1.35230886207208E-02
1.33831192631645E-02
1.29121245354765E-02
2.03101952457012E-02
1.45840136374671E-02
1.57092278856338E-02
2.18803043999848E-02
1.44264047270538E-02
1.36457891178574E-02
1.34925241881065E-02
1.30362154096671E-02
1.37857551928722E-02
1.39221547720225E-02
2.22486336978304E-02
2.40100648782474E-02
2.37225941053051E-02
2.31530994084353E-02
2.23119635926699E-02
2.20358891271082E-02
2.17601828638591E-02
2.14848615898112E-02
0.02014944517448
2.01503630658075E-02
2.24692491756158E-02
2.21716989036973E-02
2.01146316238227E-02
1.95939593337839E-02
1.93252218358628E-02
1.88157765818043E-02
1.92650049012263E-02
1.82877461119534E-02
1.87178279155519E-02
1.98114525171463E-02
1.95192485733812E-02
1.87857264635186E-02
1.58896326466403E-02
1.05022874600604E-02
1.24494363465279E-02
1.26691790233349E-02
1.16499367298181E-02
1.24674468607122E-02
1.20658443204471E-02
1.14769015323201E-02
1.45355486544827E-02
1.42881068196016E-02
1.45957717108123E-02
0.015792510445628
0.017830121790803
1.68087585414575E-02
1.61579858608749E-02
1.58585731705635E-02
0.015560367760918
0.014126763683198
1.36938532665052E-02
0.012331815639133
1.20855125130739E-02
1.18403549111601E-02
1.20367387316484E-02
1.12098700602301E-02
1.11120314954475E-02
6.88084457486804E-03
0.006056615125355
3.81589740564573E-03
3.72913722527135E-03
3.14041609700367E-03
3.06650446144436E-03
2.99304857689839E-03
2.92005862219808E-03
2.61974134935551E-03
2.99755951024433E-03
2.92030777240754E-03
2.52764895297961E-03
2.56246606665762E-03
2.59219495044408E-03
2.42306632813864E-03
2.35419124570636E-03
2.28588172341453E-03
2.21814978837753E-03
2.15100767236086E-03
2.08446781533635E-03
2.01854286898912E-03
2.34389484019345E-03
2.26630727305825E-03
2.33547169062329E-03
2.25440361535247E-03
2.17420781160388E-03
2.09490218758782E-03
1.95348917058864E-03
1.87843977702081E-03
1.80430653906159E-03
1.95447675121556E-03
1.8729097495053E-03
1.84365346757291E-03
1.90887399547236E-03
1.82782787771251E-03
1.75909756997257E-03
1.59986387810733E-03
1.57928343437343E-03
3.07242798687809E-03
2.98703675832135E-03
2.94572836560613E-03
2.64773842431264E-03
2.39882966219479E-03
3.73115739233365E-03
3.67408213509879E-03
3.53603207734007E-03
3.32089070102603E-03
3.26590291187004E-03
3.13390138057175E-03
3.07909466661993E-03
3.24497035759279E-03
3.61924923881509E-03
3.55034297771411E-03
3.48074921639612E-03
3.41047070827173E-03
3.33951138081807E-03
3.26787644943111E-03
3.19557254093807E-03
3.12260782753555E-03
3.04899217196764E-03
2.97473728480757E-03
2.89985689475532E-03
2.82436693290939E-03
2.74828573201372E-03
2.67163424171657E-03
2.5944362609065E-03
2.51671868820505E-03
2.43851179169435E-03
2.35984949893355E-03
2.28076970826411E-03
2.20131462231151E-03
2.12153110444879E-03
2.04147105878181E-03
1.96119183393028E-03
1.82433395097641E-03
1.72822564949314E-03
1.56493007122779E-03
1.49171317314044E-03
1.09126645701024E-03
1.16834965765505E-03
1.10542205615441E-03
1.04288250690699E-03
1.08015672770246E-03
1.00084359325318E-03
7.8256068183848E-04
6.9764115094885E-04
6.64912089780632E-04
5.87069844367827E-04
3.72143505283348E-04
2.74387073813924E-04
2.48665671725221E-04
2.2380327691988E-04
1.8936789831134E-04
1.63036829687441E-04
1.43006379425321E-04
1.27645948126065E-04
1.18560137269714E-04
1.00267353793469E-04
1.19873549524441E-04
1.26047242531205E-04
9.81726907551439E-05
7.34897730064922E-05
4.67061825830958E-05
3.43522196666569E-05
2.47151327509598E-05
2.01566302071569E-05
1.35483344952722E-05
8.11268700787576E-06
4.37149440183459E-06
1.97974373531698E-06
1.11237959688729E-06
3.65208556190326E-07
8.44393863651818E-08
1.39664756651599E-08
1.24108379196725E-09
3.29902761579073E-11
1.07576186412876E-13
3.32233652142374E-18
6.64945356004515E-29
2.34311162788405E-86
0
0
0
0
0
0
0
0
0
0
0
0
0
0
0
0
0
0
0
0
0
0
0
0
0
0
0
0
0
0
0
0
0
0
0
0
0
0
0
0
0
0
0
0
0
0
0
0
0
0
0
0
0
0
0
0
0
0
0
0
0
0
0
0
0
0
0
0
0
0
0
0
0
0
0
0
0
0
0
0
0
0
0
0
0
0
0
0
0
0
0
0
0
0
0
0
0
0
0
0
0
0
0
0
0
0
0
0
0
0
0
0
0
0
0
0
0
0
0
0
0
0
0
0
0
0
0
0
0
0
0
0
0
0
0
0
0
0
0
0
0
0
0
0
0
0
0
0
0
0
0
0
0
0
0
0
0
0
0
0
0
0
0
0
0
0
0
0
0
0
0
0
0
0
0
0
0
0
0
0
0
0
0
0
0
0
0
0
0
0
0
""
