0
0
0
0
0
0
0
0
0
0
0
0
0
0
0
0
0
0
0
0
0
0
0
0
0
0
0
0
0
0
0
0
0
0
0
0
0
0
0
0
0
0
0
0
0
0
0
0
0
0
0
0
0
0
0
0
0
0
0
0
0
0
0
0
0
0
0
0
0
0
0
0
0
0
0
0
0
0
0
0
0
0
0
0
0
0
0
0
0
0
0
0
0
0
0
0
0
0
0
0
0
0
0
0
0
0
0
0
0
0
0
0
0
0
0
0
0
0
0
0
0
0
0
0
0
0
0
0
0
0
0
0
0
0
0
0
0
0
0
0
0
0
0
0
0
0
0
0
0
0
0
0
0
0
0
0
0
0
0
0
0
0
0
0
0
0
0
0
0
0
0
0
0
0
0
0
0
0
0
0
0
0
0
0
0
0
0
0
0
0
0
0
0
0
0
0
0
0
0
0
0
0
0
0
0
0
0
0
0
0
0
0
0
0
0
0
0
0
0
0
0
0
0
0
0
0
0
0
0
0
0
0
0
0
0
0
0
0
0
0
0
0
0
0
0
0
0
0
0
0
0
0
0
0
0
0
0
0
0
0
0
0
0
0
0
0
0
0
0
0
0
0
0
0
0
0
0
0
0
0
0
0
0
0
0
0
0
0
0
0
0
0
0
0
0
0
0
0
0
0
0
0
0
0
0
0
0
0
0
0
0
0
0
0
0
0
0
0
0
0
0
0
0
0
0
0
0
0
0
0
0
0
0
0
0
0
0
0
0
0
0
0
0
0
0
0
0
0
0
0
0
0
0
0
0
0
0
0
0
0
0
0
0
0
0
0
0
0
0
0
0
0
0
0
0
0
0
0
0
0
0
0
0
0
0
0
0
0
0
0
0
0
0
0
0
0
0
0
0
0
0
0
0
0
0
0
0
0
0
0
0
0
0
0
0
0
0
0
0
0
0
0
0
0
0
0
0
0
0
0
0
0
0
0
0
0
0
0
0
0
0
0
0
0
0
0
0
0
0
0
0
0
0
0
0
0
0
0
0
0
0
0
0
0
0
0
0
0
0
0
0
0
0
0
0
0
0
0
0
0
0
0
0
0
0
0
0
0
0
0
0
0
0
0
0
0
0
0
0
0
1.30004417164329E-65
3.98935146662217E-22
6.27428409958665E-14
1.82044842332493E-10
1.51646945679535E-08
2.66921147883225E-07
1.93791760702938E-06
7.72635200619864E-06
2.26179216794163E-05
9.41852324494823E-05
1.89590192448087E-04
3.34788748925389E-04
5.40171426057315E-04
7.83139181939894E-04
1.1142522632211E-03
1.44006340582256E-03
1.8388552197972E-03
2.33937775823587E-03
2.62688559574148E-03
3.23607060084171E-03
3.57277062862785E-03
6.38582525482186E-03
6.84947806480503E-03
7.91828210215006E-03
8.36031902143552E-03
9.37016382930328E-03
1.05398554450557E-02
1.14935576135803E-02
1.27496667263468E-02
1.42212407400636E-02
1.77190610232448E-02
1.91146352880084E-02
2.01192613414163E-02
1.27378873501407E-02
1.02995526716685E-02
7.45982313699897E-03
8.69012652369635E-03
8.89888756470689E-03
9.95867138087859E-03
9.23269635596914E-03
9.67916670545146E-03
1.01260754399048E-02
1.05730622350094E-02
1.06524749376369E-02
1.03194000585776E-02
1.03232070294411E-02
1.27675992613709E-02
0.013652086432531
1.72126101582227E-02
1.68725958235231E-02
1.74130844029969E-02
1.94067098024112E-02
1.94860960916931E-02
2.15899925184197E-02
2.48336864645774E-02
1.95345779287168E-02
2.06015044709769E-02
2.16936214573373E-02
2.28106013980047E-02
2.33533156240443E-02
2.26673274964497E-02
2.38019988773601E-02
2.36805755441872E-02
2.35285547102125E-02
2.66813507170528E-02
2.92573398054013E-02
1.59546128843862E-02
1.55509198712994E-02
1.58388205083269E-02
1.53916917935317E-02
1.49166746677264E-02
1.59313209717721E-02
1.61981278969543E-02
1.72468777809279E-02
1.59292612973097E-02
1.29421076549121E-02
1.23180765380899E-02
1.25015001883498E-02
1.26834997487157E-02
1.28640785246112E-02
1.21736908567607E-02
1.14581903008942E-02
1.42904838987388E-02
1.35722643116931E-02
1.37458005660717E-02
1.29900795660637E-02
1.31494485935715E-02
1.42580634173678E-02
1.44260532496626E-02
1.36198252166289E-02
1.18063350529375E-02
1.19374445161147E-02
1.10618463756314E-02
1.01636769364582E-02
1.12972563648141E-02
9.33830648496836E-03
9.43260280320751E-03
9.52610205706558E-03
9.6188075756086E-03
9.71072266320053E-03
9.80185059554841E-03
9.89219461619834E-03
0.01109084214827
1.11894930195603E-02
0.011287283442953
1.13842168490763E-02
1.37763559433494E-02
1.73632891272505E-02
1.75048627855776E-02
1.64688260256982E-02
2.13410613024505E-02
2.03116096214957E-02
2.04663538832083E-02
2.18326073048705E-02
0.025659043956377
2.33835523683705E-02
2.23107309179388E-02
2.24671467432489E-02
2.51356571762727E-02
2.27755698597706E-02
0.022927586641603
2.30781463991679E-02
2.32272536283603E-02
1.94790939390553E-02
1.82942106629135E-02
1.70920415160904E-02
1.58728291758399E-02
1.72980545032779E-02
1.47226648782091E-02
1.48076443408518E-02
1.48917560237967E-02
1.63363659926737E-02
1.64262381044173E-02
1.78914349055343E-02
1.66031659902712E-02
1.66902262387783E-02
1.67763535830635E-02
1.40512917712409E-02
1.41215149302128E-02
1.41909657953213E-02
1.42596459905913E-02
1.43275570990368E-02
1.43947006634737E-02
2.02455094622589E-02
2.17900367031541E-02
1.89690032152954E-02
1.75867547707029E-02
1.91346435949206E-02
1.92159827091365E-02
2.07806702704139E-02
2.08661461412463E-02
2.24470334366229E-02
2.25363504930946E-02
2.26245380492006E-02
2.27115977868313E-02
2.12776959195401E-02
2.13568509538489E-02
1.99038894004163E-02
0.021512017911047
0.021588032606316
2.63050753514808E-02
2.79474828120383E-02
2.95990378979071E-02
2.65705912940349E-02
0.02665657110625
2.67412905344626E-02
0.028402677464325
3.16552395757888E-02
3.33379940190093E-02
3.34364359741389E-02
3.51301541008348E-02
3.52300397331832E-02
4.01458017993674E-02
3.86454033638403E-02
3.87490730431427E-02
0.040469771079071
4.05740899673614E-02
3.90495128249421E-02
4.07772301523902E-02
3.43358855291762E-02
2.95005955100736E-02
2.95691160811919E-02
3.12827839386794E-02
3.30024588941966E-02
4.63038971888039E-02
4.80595355816212E-02
5.14806844728531E-02
4.82570522467334E-02
5.00199760620599E-02
5.34577930690504E-02
5.35586181227803E-02
4.02428381007923E-02
0.040314969178355
4.03853576461163E-02
3.87684207846246E-02
4.22092811418447E-02
3.72039022498756E-02
0.037262042459671
3.22296902087341E-02
3.05783521072679E-02
2.89207874820973E-02
2.72572139434063E-02
2.89995621826421E-02
0.02903710498537
2.73632175124326E-02
2.91085034156066E-02
2.74281033074067E-02
2.74588122261016E-02
0.025770342720799
2.57969658993611E-02
2.75440066744516E-02
2.92932259142058E-02
2.93197180870315E-02
2.41664572991451E-02
2.41862546328912E-02
2.59339739758362E-02
2.42228207091623E-02
2.25081905230071E-02
2.42553497877281E-02
2.42701008359859E-02
2.42838430744952E-02
2.77675161475967E-02
2.60446088744219E-02
2.60560908664521E-02
2.95420247976169E-02
0.029552588944393
2.60840548683382E-02
2.60912158241421E-02
2.43574769256617E-02
2.43621443972811E-02
2.61062184561613E-02
2.43684554437176E-02
0.027851541799788
2.61115015718006E-02
2.43703626259762E-02
2.61096241589869E-02
2.43665945552914E-02
2.26229701521648E-02
2.08789669101005E-02
2.26138554804447E-02
2.26078940907307E-02
2.43395347964726E-02
2.43310985469989E-02
2.60589150456355E-02
2.43112011980222E-02
2.42997399186667E-02
2.60220751076064E-02
2.08061071111325E-02
1.90608820152067E-02
2.07804070519765E-02
2.24967813752993E-02
2.07512473771173E-02
2.07353698502353E-02
1.72655225013185E-02
1.72508488944528E-02
1.72354539154692E-02
1.72193374174934E-02
1.72024992457733E-02
0.018903433161293
1.88833229440417E-02
1.88624183214189E-02
1.71279264426544E-02
1.53967295655237E-02
1.53776748342502E-02
1.53579694117877E-02
1.53376130970834E-02
0.015316605680636
1.52949469443124E-02
1.52726366611582E-02
0.018638491171912
1.86096295015229E-02
2.02690588328905E-02
2.02358336015876E-02
2.02017379422198E-02
1.84862071861314E-02
1.84533559920106E-02
1.67451871136299E-02
1.50424824262985E-02
1.50136421020482E-02
1.33192418586605E-02
1.32924418159604E-02
1.16069267967474E-02
1.32370936668717E-02
1.48596129943082E-02
1.64742656148014E-02
1.80808321703507E-02
1.80391686763404E-02
1.63606374147467E-02
0.016321299140588
1.62812289077468E-02
0.014616383560821
1.45790013590415E-02
1.45409588969648E-02
1.61136173821083E-02
0.022497830526458
2.24355670925444E-02
2.23722731291244E-02
2.23079477046122E-02
2.22425898592419E-02
2.21761986043705E-02
2.21087729217656E-02
2.36146197459401E-02
0.026678845629829
2.50288899039811E-02
2.18287044725124E-02
2.17560902902587E-02
2.32311802581417E-02
0.024694556660439
2.46079948783965E-02
2.14552089104934E-02
1.98504204755326E-02
1.97771740046761E-02
0.019702953243485
2.26474117179831E-02
0.025567455127703
0.023968530865649
2.23803453704689E-02
0.025260935254388
2.81157456706498E-02
2.65237030921047E-02
2.49428446972939E-02
2.48342332667175E-02
2.47243274541093E-02
2.46131249126351E-02
2.59418363642458E-02
2.58213387617018E-02
0.025699460294352
2.69970981040196E-02
2.54515496597057E-02
2.95464303846185E-02
2.93977617741721E-02
3.20329380842795E-02
3.18665405557473E-02
2.89419734918406E-02
3.01575693607972E-02
2.86299248761676E-02
2.84714318242363E-02
2.83112874626511E-02
2.94899393436403E-02
0.030651363740773
2.91457085789227E-02
2.89709730585154E-02
2.35591235283761E-02
2.21125470418117E-02
2.58511155069252E-02
2.56858620139341E-02
2.80708954775937E-02
2.66180377727096E-02
2.51804057645359E-02
2.12573707761494E-02
2.23517736681827E-02
2.34272831724245E-02
2.81561951751462E-02
2.91664177734842E-02
2.89504713884579E-02
2.51409649589277E-02
2.49485167574059E-02
2.47543114656188E-02
2.57277874558063E-02
2.55206321821151E-02
2.18600314100338E-02
2.16779029036117E-02
2.03628828822631E-02
2.13087787597411E-02
0.021121770228196
2.20348652359523E-02
2.29262828345868E-02
2.37957552483893E-02
2.57144485440494E-02
2.33454703520711E-02
2.31174247485628E-02
2.18470950395665E-02
2.36852814734344E-02
2.34407403405447E-02
2.01688162963945E-02
2.19478389977856E-02
0.022694719620325
2.14661507439701E-02
2.02576547745391E-02
2.00229724539138E-02
2.16707774193136E-02
2.23403609538422E-02
2.29849125864705E-02
2.36041457723116E-02
1.79242761918958E-02
1.76896465641768E-02
1.74531401538047E-02
1.72147511138055E-02
1.69744739731635E-02
1.84055340615925E-02
1.81370592969505E-02
1.62422660826462E-02
1.67941109845332E-02
1.49573786265808E-02
1.54929172506001E-02
1.52393149951681E-02
1.49838023978432E-02
1.47263806735992E-02
0.012296994455038
1.20749479874548E-02
1.25484234378811E-02
1.29937904249535E-02
1.27402358249735E-02
1.11707044523267E-02
1.02971038638282E-02
1.00791316812147E-02
9.85970299202202E-03
9.03640849127206E-03
9.41655065611098E-03
8.61831723616903E-03
8.40733717849149E-03
8.19510537170203E-03
8.51376544187182E-03
8.80262725623585E-03
8.05467172989701E-03
8.80127409205409E-03
8.53979859234925E-03
8.27715155606019E-03
6.67784496540975E-03
6.45723022802425E-03
6.23586620352014E-03
5.2120004065848E-03
4.63302064367721E-03
4.82583375979817E-03
4.63229622226975E-03
4.78004901212325E-03
4.24493320572892E-03
4.0513970702884E-03
4.15495960143118E-03
4.22937495023165E-03
4.27501169899734E-03
3.78734941512773E-03
3.56824086782439E-03
3.3508148537408E-03
3.13541975722857E-03
2.92243778401757E-03
2.53146827230624E-03
1.67028394093577E-03
1.68839099334422E-03
1.12192253999272E-03
1.01854474745481E-03
8.03358007078235E-04
8.21018394499846E-04
7.27612014107272E-04
7.18095448147791E-04
6.91903667613306E-04
6.51323551896045E-04
4.99050689684334E-04
3.71923425789245E-04
3.01683151333495E-04
2.6535848107487E-04
1.8365995751373E-04
1.36398327171885E-04
9.70854841430651E-05
6.5570177028927E-05
4.14609354166337E-05
2.40964440562226E-05
1.950934174908E-05
8.75523936193159E-06
3.19826574472086E-06
8.05601188676695E-07
1.38834836471533E-07
1.22713921395489E-08
2.4495061144349E-10
4.11898295690688E-13
2.34124174658879E-19
5.87419409982559E-43
0
0
0
0
0
0
0
0
0
0
0
0
0
0
0
0
0
0
0
0
0
0
0
0
0
0
0
0
0
0
0
0
0
0
0
0
0
0
0
0
0
0
0
0
0
0
0
0
0
0
0
0
0
0
0
0
0
0
0
0
0
0
0
0
0
0
0
0
0
0
0
0
0
0
0
0
0
0
0
0
0
0
0
0
0
0
0
0
0
0
0
0
0
0
0
0
0
0
0
0
0
0
0
0
0
0
0
0
0
0
0
0
0
0
0
0
0
0
0
0
0
0
0
0
0
0
0
0
0
0
0
0
0
0
0
0
0
0
0
0
0
0
0
0
0
0
0
0
0
0
0
0
0
0
0
0
0
0
0
0
0
0
0
0
0
0
0
0
0
0
0
0
0
0
0
0
0
0
0
0
0
0
0
0
0
0
0
0
0
0
0
0
0
0
0
0
0
0
0
0
0
0
0
0
0
0
0
0
0
0
0
0
0
0
0
0
0
0
0
0
0
0
0
0
0
0
0
0
0
0
0
0
0
0
0
0
0
0
0
0
0
0
0
0
0
0
0
0
0
0
0
0
0
0
0
0
0
0
0
0
0
0
0
0
0
0
0
0
0
0
0
0
0
0
0
0
0
0
0
0
0
0
0
0
0
0
0
0
0
0
0
0
0
0
0
0
0
0
0
0
0
0
0
0
0
0
0
0
0
0
0
0
0
0
0
0
0
0
0
0
0
0
0
0
0
0
0
0
0
0
0
0
0
0
0
0
0
0
0
0
0
0
0
0
0
0
0
0
0
0
0
0
0
0
0
0
0
0
0
0
0
0
0
0
0
0
0
0
0
0
0
0
0
0
0
0
0
0
0
0
0
0
0
0
0
0
0
0
0
0
0
0
0
0
0
0
0
0
0
0
0
0
0
0
0
0
0
0
0
0
0
0
0
0
0
0
0
0
0
0
0
0
0
0
0
0
0
0
0
0
0
0
0
0
0
0
0
0
0
0
0
0
0
0
0
0
0
0
0
0
0
0
0
0
0
0
0
0
0
0
0
0
0
0
0
0
0
0
0
0
0
0
0
""
