0
0
0
0
0
0
0
0
0
0
0
0
0
0
0
0
0
0
0
0
0
0
0
0
0
0
0
0
0
0
0
0
0
0
0
0
0
0
0
0
0
0
0
0
0
0
0
0
0
0
0
0
0
0
0
0
0
0
0
0
0
0
0
0
0
0
0
0
0
0
0
0
0
0
0
0
0
0
0
0
0
0
0
0
0
0
0
0
0
0
0
0
0
0
0
0
0
0
0
0
0
0
0
0
0
0
0
0
0
0
0
0
0
0
0
0
0
0
0
0
0
0
0
0
0
0
0
0
0
0
0
0
0
0
0
0
0
0
0
0
0
0
0
0
0
0
0
0
0
0
0
0
0
0
0
0
0
0
0
0
0
0
0
0
0
0
0
0
0
0
0
0
0
0
0
0
0
0
0
0
0
0
0
0
0
0
0
0
0
0
0
0
0
0
0
0
0
0
0
0
0
0
0
0
0
0
0
0
0
0
0
0
0
0
0
0
0
0
0
0
0
0
0
0
0
0
0
0
0
0
0
0
0
0
0
0
0
0
0
0
0
0
0
0
0
0
0
0
0
0
0
0
0
0
0
0
0
0
0
0
0
0
0
0
0
0
0
0
0
0
0
0
0
0
0
0
0
0
0
0
0
0
0
0
0
0
0
0
0
0
0
0
0
0
0
0
0
0
0
0
0
0
0
0
0
0
0
0
0
0
0
0
0
0
0
0
0
0
0
0
0
0
0
0
0
0
0
0
0
0
0
0
0
0
0
0
0
0
0
0
0
0
0
0
0
0
0
0
0
0
0
0
0
0
0
0
0
0
0
0
0
0
0
0
0
0
0
0
0
0
0
0
0
0
0
0
0
0
0
0
0
0
0
0
0
0
0
0
0
0
0
0
0
0
0
0
0
0
0
0
0
0
0
0
0
0
0
0
0
0
0
0
0
0
0
0
0
0
0
0
0
0
0
0
0
0
0
0
0
0
0
0
0
0
0
0
0
0
0
0
0
0
0
0
0
0
0
0
0
0
0
0
0
0
0
0
0
0
0
0
0
0
0
0
0
0
0
0
0
0
0
0
0
0
0
0
0
0
0
0
0
0
0
0
0
0
0
0
0
0
0
0
0
0
0
0
0
0
0
0
1.70931733679026E-65
6.56580762214898E-22
9.17904525680269E-14
2.52307763934508E-10
1.89558682099418E-08
3.03319486230937E-07
2.17156724759321E-06
7.72635200619864E-06
2.26179216794163E-05
5.43670853976687E-05
1.00505644189348E-04
1.8285650543716E-04
3.16727020901076E-04
3.98095750819446E-04
4.64271776342126E-04
6.31606756939719E-04
7.62048109105147E-04
1.07484924027054E-03
1.35918458685131E-03
1.84011857694921E-03
2.04158321635877E-03
2.35033846184416E-03
2.71926844520349E-03
3.40192860684965E-03
3.84840081939095E-03
4.09015087787048E-03
4.62926984253426E-03
5.56434138435239E-03
5.59985362098368E-03
5.7756763158879E-03
5.78822660092664E-03
6.49897599792285E-03
6.56955472372776E-03
6.88138741904151E-03
7.33452993285487E-03
7.45982313699897E-03
6.49565012882353E-03
7.23034614632435E-03
6.44384618762732E-03
6.56547296424472E-03
7.09805558399774E-03
7.42578865593017E-03
1.97363828386843E-02
2.05702964312988E-02
2.16580001229407E-02
2.11758092911612E-02
2.33386223057318E-02
2.41755697242737E-02
2.44213101390169E-02
2.58409125225128E-02
2.66686878244096E-02
2.74928388867492E-02
2.93124180524614E-02
2.98147515730557E-02
2.85323206188761E-02
2.93018668930752E-02
2.85822674642382E-02
2.93054184599119E-02
3.00242103871173E-02
3.15369561418717E-02
3.26736252201077E-02
3.38238931415118E-02
3.07207466519186E-02
3.09356923041683E-02
3.20176208604634E-02
3.22057538943178E-02
3.37590359582665E-02
3.44005197152987E-02
3.07177125009977E-02
3.27378841322739E-02
3.38111292468465E-02
3.43914230501746E-02
3.49673872061236E-02
0.031357959601687
3.13275472180424E-02
2.48057063385816E-02
2.62785632812584E-02
2.72254892990729E-02
0.028185554997146
3.25889989290149E-02
5.56511582023347E-02
5.17087562296763E-02
5.65664987658412E-02
3.01605873593179E-02
3.05462234801594E-02
3.58773626110331E-02
3.63175246870069E-02
3.80215024463141E-02
3.91106332546409E-02
5.96678057109456E-02
6.03434902705696E-02
6.10136053045862E-02
6.16781737307935E-02
5.82717477690272E-02
5.95673517417472E-02
5.53381125035162E-02
5.38007715442206E-02
5.43340635847444E-02
5.41503241293521E-02
6.90540278272038E-02
7.11541746936107E-02
4.24997990918151E-02
4.06664212103232E-02
2.01410874352085E-02
1.95646246344518E-02
1.66968513786453E-02
1.68377683752049E-02
0.016977438257756
3.03417621616678E-02
2.98007328084063E-02
3.47780258262157E-02
4.06232192429914E-02
3.93275035402827E-02
3.63876788414509E-02
3.74703499045506E-02
3.69213984763744E-02
0.037184551529898
3.82773611181278E-02
0.0368656305252
4.13334415973614E-02
4.24584937807462E-02
4.35920543095394E-02
4.64545072567205E-02
4.67498254537327E-02
4.87845617677694E-02
4.38257474771548E-02
0.048500311370622
7.62888557580462E-02
7.67363139106657E-02
7.98715361415645E-02
7.94226987935825E-02
7.62363746324773E-02
7.66557778206142E-02
7.70707965161478E-02
7.74814412879322E-02
7.78877224476321E-02
7.82896500542961E-02
7.77504811341997E-02
7.81390492805109E-02
7.85233440674445E-02
4.75321533019709E-02
2.96102846713427E-02
2.97490480378457E-02
2.98862282538107E-02
2.51795979680892E-02
3.21013900566538E-02
3.71275934048172E-02
3.43442320934473E-02
3.15339203431983E-02
3.16657832692021E-02
2.68279021816024E-02
2.59387941934309E-02
2.50403894367717E-02
2.71494456590407E-02
2.72539173441976E-02
2.63438139956211E-02
2.84758012717986E-02
2.85799437544439E-02
3.17558359639265E-02
0.03598005434386
3.40418622195633E-02
3.62282184600497E-02
3.32340074643168E-02
3.43854710863981E-02
3.65874505379902E-02
2.93629856849001E-02
2.73507264471278E-02
2.84897156182099E-02
2.75170744283886E-02
2.75983281056384E-02
2.87428533552285E-02
2.77570010019019E-02
2.67638678662449E-02
2.68370856693335E-02
2.79854416422697E-02
2.91382351769311E-02
2.70493933115743E-02
3.47106780666152E-02
4.45831049666133E-02
5.99515461620537E-02
6.99273375053597E-02
6.78994517419962E-02
6.80537755858991E-02
2.64019671153573E-02
2.64593698221736E-02
2.09915212885242E-02
1.88208953986775E-02
1.77497203666146E-02
1.77848803776213E-02
1.67055603340783E-02
1.78528727075934E-02
2.45928455060398E-02
2.46369256089947E-02
2.46799407837378E-02
2.58456138564164E-02
2.02604549480855E-02
2.14204285681102E-02
2.03247504325478E-02
2.14864601391561E-02
2.37831627500973E-02
2.38171191029036E-02
2.38500622004805E-02
0.0216075169204
2.27741999885255E-02
2.62230834494146E-02
2.62547285709393E-02
2.74281033074067E-02
2.86029294021892E-02
2.86337141342211E-02
2.86632954437346E-02
0.030987007508758
3.10163568503356E-02
2.98946145201105E-02
3.10711593846152E-02
2.99448866883414E-02
2.18998002462617E-02
0.023069353056345
2.19310574326736E-02
2.19453164746111E-02
1.96472244862743E-02
2.08147226352816E-02
2.08256371106976E-02
2.31507634439305E-02
2.20029211761151E-02
2.20117047511655E-02
2.08606510195715E-02
1.97079525671889E-02
1.97133630671296E-02
1.39185582432353E-02
1.16010211415624E-02
8.12193463080574E-03
8.1228184812392E-03
9.28384726659599E-03
9.28408944775133E-03
1.04444411254184E-02
1.04438496635948E-02
0.010442826237982
8.1210662084694E-03
9.27954084893356E-03
9.27747917146447E-03
8.11565428898025E-03
8.11317826549086E-03
9.26898992266623E-03
1.04235660182542E-02
1.04190862277238E-02
1.04141742508571E-02
1.15653667144917E-02
1.15589483950736E-02
1.15520497061859E-02
1.50080717597608E-02
1.49978542501996E-02
1.49870119945847E-02
1.38235799001569E-02
0.014963452834476
1.26506225225987E-02
1.37883631323753E-02
1.60713815896605E-02
1.60556659627217E-02
0.018330601853375
1.71666572218561E-02
1.82908298874365E-02
1.71279264426544E-02
1.71074772950263E-02
1.59472183466298E-02
1.59267830937058E-02
1.59056728414198E-02
1.47493239887606E-02
1.47284674278564E-02
1.58382898708307E-02
0.015814477357986
1.57899886679588E-02
1.57648235366926E-02
1.57389816901237E-02
1.68347816185165E-02
2.24075238619774E-02
1.78941633861921E-02
1.56288413060546E-02
1.55996114050503E-02
1.44575812834538E-02
1.10993682155504E-02
1.10770348466337E-02
1.10542159969023E-02
1.43401848057777E-02
0.014309256957482
1.31794124918411E-02
1.42455041342157E-02
1.53059613011373E-02
1.52699282537636E-02
1.30570393124704E-02
0.011939567865681
0.012992340942952
1.18791862925524E-02
1.29252967973021E-02
1.28908939056867E-02
1.17845778948113E-02
1.17519637151423E-02
1.17188097343032E-02
1.16851154643207E-02
1.05917094567819E-02
1.58401418602646E-02
0.015791980658404
1.36440025198765E-02
1.25547508846254E-02
1.35573153646564E-02
1.35130075306029E-02
1.34680558939697E-02
1.34224597047041E-02
1.33762181910711E-02
1.33293305591314E-02
1.32817959922102E-02
1.42515839311516E-02
1.31847826697841E-02
1.31353021623233E-02
1.40917228467451E-02
1.40370341877585E-02
1.59790205770993E-02
1.49202302469793E-02
1.58499985909885E-02
1.38112434873367E-02
1.37530312329432E-02
1.36941108142006E-02
1.75300470118006E-02
1.64828849694062E-02
1.83391911113752E-02
1.72945575761639E-02
1.72142258411345E-02
1.61811416668143E-02
1.51562656022566E-02
1.41397498109476E-02
1.31317468376082E-02
1.49321964567223E-02
1.29988734255047E-02
0.012931349790738
1.19443065204422E-02
1.18802545966777E-02
1.18155245520692E-02
1.26539696996606E-02
0.012582794427845
0.012510883357908
1.24382345614731E-02
1.41312526443262E-02
1.40465323920075E-02
1.39609620908896E-02
1.38745393203525E-02
1.37872616036934E-02
1.36991264074315E-02
1.44607643369422E-02
1.43652902265417E-02
1.42688965999037E-02
1.16707133672977E-02
1.07619650994954E-02
1.15081391022436E-02
1.14257023899144E-02
1.29628523437708E-02
1.20626964118575E-02
1.11737622039679E-02
1.10882296699582E-02
9.4302138916643E-03
9.35555907483864E-03
9.2802298844055E-03
7.67018645966097E-03
7.60628172056552E-03
8.2959893224035E-03
8.22444092481236E-03
7.41114744848984E-03
8.81394609438092E-03
8.00600352953826E-03
7.93191841612978E-03
7.14290237334704E-03
7.07438495517305E-03
7.0052802268372E-03
6.9355857268465E-03
4.80570928446494E-03
5.43553399201036E-03
5.37835101237186E-03
5.32068824188742E-03
5.26254368007537E-03
5.20391533187154E-03
5.14480121258137E-03
5.08519935337493E-03
5.65324628329919E-03
4.96452465640937E-03
3.0646550115294E-03
3.02617253491174E-03
2.98737936531597E-03
2.9482744273628E-03
4.07239936922111E-03
4.01677525988795E-03
5.09234219194904E-03
4.46194765129515E-03
5.49607857483349E-03
5.95549756363693E-03
6.39775656553645E-03
6.29784363224454E-03
6.71359747526005E-03
6.60370316457286E-03
6.99244111899347E-03
7.36319033679958E-03
8.19799630335867E-03
8.99702006908395E-03
7.90085920162883E-03
7.75068200786703E-03
8.04646473156219E-03
7.88520314281884E-03
6.8647359092188E-03
6.71942112080982E-03
7.80559820201743E-03
8.43398125852059E-03
6.67005671474528E-03
6.89465378893522E-03
7.09952917294837E-03
6.9203112027706E-03
6.38532408140386E-03
6.55882030856788E-03
5.70539247534371E-03
5.54154294684887E-03
4.42804371455146E-03
4.29185636240158E-03
4.15510353403274E-03
4.01783214188176E-03
3.60294491758941E-03
3.4746669377232E-03
3.60346050063783E-03
3.71217981522936E-03
3.32575113393726E-03
3.1866993414155E-03
2.82995547048595E-03
2.90869533251475E-03
2.96782828673655E-03
3.00755552016473E-03
0.003206258774248
3.02987953210219E-03
3.01318117727393E-03
3.12742719682475E-03
2.92639177341334E-03
2.98738084588463E-03
2.77256048871636E-03
2.44974978003913E-03
2.14886126425628E-03
2.15035153498605E-03
1.95221076595506E-03
1.98926744609849E-03
1.64203678899969E-03
1.63712703174136E-03
1.38299864087723E-03
1.47606115757505E-03
1.18422463981099E-03
1.03137142534762E-03
8.54046385145675E-04
4.69284902074325E-04
3.71501873504818E-04
2.72088825946266E-04
2.020715958102E-04
2.01362485630061E-04
1.16569203606981E-04
7.3708329629571E-05
4.10532009846755E-05
2.22963905703771E-05
1.25074848027594E-05
4.87354780147941E-06
1.36332508852979E-06
2.42070996924724E-07
2.04523202325814E-08
4.52216513434136E-10
6.1380922495083E-13
3.21346906394539E-19
8.09333409309304E-43
0
0
0
0
0
0
0
0
0
0
0
0
0
0
0
0
0
0
0
0
0
0
0
0
0
0
0
0
0
0
0
0
0
0
0
0
0
0
0
0
0
0
0
0
0
0
0
0
0
0
0
0
0
0
0
0
0
0
0
0
0
0
0
0
0
0
0
0
0
0
0
0
0
0
0
0
0
0
0
0
0
0
0
0
0
0
0
0
0
0
0
0
0
0
0
0
0
0
0
0
0
0
0
0
0
0
0
0
0
0
0
0
0
0
0
0
0
0
0
0
0
0
0
0
0
0
0
0
0
0
0
0
0
0
0
0
0
0
0
0
0
0
0
0
0
0
0
0
0
0
0
0
0
0
0
0
0
0
0
0
0
0
0
0
0
0
0
0
0
0
0
0
0
0
0
0
0
0
0
0
0
0
0
0
0
0
0
0
0
0
0
0
0
0
0
0
0
0
0
0
0
0
0
0
0
0
0
0
0
0
0
0
0
0
0
0
0
0
0
0
0
0
0
0
0
0
0
0
0
0
0
0
0
0
0
0
0
0
0
0
0
0
0
0
0
0
0
0
0
0
0
0
0
0
0
0
0
0
0
0
0
0
0
0
0
0
0
0
0
0
0
0
0
0
0
0
0
0
0
0
0
0
0
0
0
0
0
0
0
0
0
0
0
0
0
0
0
0
0
0
0
0
0
0
0
0
0
0
0
0
0
0
0
0
0
0
0
0
0
0
0
0
0
0
0
0
0
0
0
0
0
0
0
0
0
0
0
0
0
0
0
0
0
0
0
0
0
0
0
0
0
0
0
0
0
0
0
0
0
0
0
0
0
0
0
0
0
0
0
0
0
0
0
0
0
0
0
0
0
0
0
0
0
0
0
0
0
0
0
0
0
0
0
0
0
0
0
0
0
0
0
0
0
0
0
0
0
0
0
0
0
0
0
0
0
0
0
0
0
0
0
0
0
0
0
0
0
0
0
0
0
0
0
0
0
0
0
0
0
0
0
0
0
0
0
0
0
0
0
0
0
0
0
0
0
0
0
0
0
0
0
0
0
0
0
0
0
0
0
0
0
0
0
""
