0
0
0
0
0
0
0
0
0
0
0
0
0
0
0
0
0
0
0
0
0
0
0
0
0
0
0
0
0
0
0
0
0
0
0
0
0
0
0
0
0
0
0
0
0
0
0
0
0
0
0
0
0
0
0
0
0
0
0
0
0
0
0
0
0
0
0
0
0
0
0
0
0
0
0
0
0
0
0
0
0
0
0
0
0
0
0
0
0
0
0
0
0
0
0
0
0
0
0
0
0
0
0
0
0
0
0
0
0
0
0
0
0
0
0
0
0
0
0
0
0
0
0
0
0
0
0
0
0
0
0
0
0
0
0
0
0
0
0
0
0
0
0
0
0
0
0
0
0
0
0
0
0
0
0
0
0
0
0
0
0
0
0
0
0
0
0
0
0
0
0
0
0
0
0
0
0
0
0
0
0
0
0
0
0
0
0
0
0
0
0
0
0
0
0
0
0
0
0
0
0
0
0
0
0
0
0
0
0
0
0
0
0
0
0
0
0
0
0
0
0
0
0
0
0
0
0
0
0
0
0
0
0
0
0
0
0
0
0
0
0
0
0
0
0
0
0
0
0
0
0
0
0
0
0
0
0
0
0
0
0
0
0
0
0
0
0
0
0
0
0
0
0
0
0
0
0
0
0
0
0
0
0
0
0
0
0
0
0
0
0
0
0
0
0
0
0
0
0
0
0
0
0
0
0
0
0
0
0
0
0
0
0
0
0
0
0
0
0
0
0
0
0
0
0
0
0
0
0
0
0
0
0
0
0
0
0
0
0
0
0
0
0
0
0
0
0
0
0
0
0
0
0
0
0
0
0
0
0
0
0
0
0
0
0
0
0
0
0
0
0
0
0
0
0
0
0
0
0
0
0
0
0
0
0
0
0
0
0
0
0
0
0
0
0
0
0
0
0
0
0
0
0
0
0
0
0
0
0
0
0
0
0
0
0
0
0
0
0
0
0
0
0
0
0
0
0
0
0
0
0
0
0
0
0
0
0
0
0
0
0
0
0
0
0
0
0
0
0
0
0
0
0
0
0
1.41452533303964E-231
6.00341575584633E-26
9.80981834696604E-15
9.89193257656679E-11
1.15622075424857E-08
2.13374444733568E-07
1.62840991520709E-06
6.81257112828971E-06
1.97812525504158E-05
4.55676073131351E-05
8.91903545042275E-05
1.5499405221858E-04
2.46278281929569E-04
3.65201645908544E-04
3.89774595453713E-04
6.13618911551096E-04
8.0504656843092E-04
1.01425900536125E-03
1.38546051413537E-03
1.66841494196175E-03
1.97409468584691E-03
2.30072978348895E-03
2.64655900062919E-03
3.00986870814017E-03
3.18567767192911E-03
3.55551130207668E-03
3.93741272408236E-03
4.60650354159367E-03
5.03451135001384E-03
5.47161287733971E-03
5.91675627326979E-03
6.36898014424328E-03
6.82740780804621E-03
7.2912413108354E-03
4.42306059745939E-03
4.69240635233381E-03
6.00869491385844E-03
5.6041305901552E-03
8.41145519358057E-03
7.51213206564331E-03
8.8281036446568E-03
9.34264384972492E-03
9.86763147856748E-03
1.02818736372503E-02
1.06963640609017E-02
6.92797073384484E-03
1.11185096497211E-02
1.16584332807371E-02
1.24982982658723E-02
1.29161643479283E-02
1.36433716702424E-02
1.31100617006911E-02
1.35060746354678E-02
1.37315669712253E-02
1.41207060934394E-02
0.014329593090863
1.45277332169027E-02
1.49037707867788E-02
1.89531199533336E-02
1.96145090084551E-02
2.02836322011123E-02
2.07528625465597E-02
2.10080820420246E-02
1.99509930966011E-02
2.10420827735045E-02
7.91397301279957E-03
8.99777094703256E-03
9.41164222129888E-03
9.83386007281394E-03
1.02643573662593E-02
1.02052500827388E-02
1.06431080542704E-02
1.03154289348941E-02
1.04937438042666E-02
1.14715767477227E-02
1.24750813068045E-02
1.26772881260093E-02
1.37184416125735E-02
1.25101811011201E-02
0.012412185785574
1.25976119311467E-02
1.30793950659684E-02
1.80917544663659E-02
2.07929374057822E-02
2.01504367416525E-02
1.88528351325685E-02
2.16512060324706E-02
2.12893051911366E-02
0.02025597956435
1.81957846865055E-02
1.30624471677701E-02
0.012204563077422
1.16645757327232E-02
1.11076769532665E-02
1.12362592220963E-02
1.10090412021316E-02
1.04140944278899E-02
0.011617988738806
1.28448848888332E-02
0.014094595675917
1.53669341349314E-02
1.51470123051535E-02
9.94569003961598E-03
1.66133504784416E-02
0.01521650014218
1.57582242428696E-02
1.67044001703414E-02
1.72632663676807E-02
2.06651038935901E-02
2.08541164819156E-02
2.14546651804241E-02
1.29038908136387E-02
1.38566584950169E-02
1.39762368738584E-02
1.83663886850527E-02
1.37826471046911E-02
1.25938170555697E-02
1.18208922820994E-02
1.19159518052762E-02
1.11207933408471E-02
1.12077847794597E-02
1.03907221971691E-02
1.00146015124698E-02
9.63117302973955E-03
1.01645482385995E-02
1.07042474852922E-02
0.01125020944461
1.22744677091247E-02
1.23606762264566E-02
0.014361176016613
1.44594193303281E-02
1.16456389891895E-02
1.12347826208713E-02
1.13086906145375E-02
1.13821280237728E-02
1.19531424478435E-02
1.70407867904346E-02
1.31126101241404E-02
1.26860560376871E-02
1.17422557265676E-02
1.23264720985595E-02
1.23996642535648E-02
1.29920468239447E-02
1.30672646668255E-02
1.31419703315666E-02
1.37448102251579E-02
0.013821438336341
1.44320538200232E-02
1.45105216878962E-02
1.40481230946593E-02
1.52089727048469E-02
1.41965779945986E-02
1.48188506380068E-02
1.37912463909632E-02
1.38608207066913E-02
1.50442711565807E-02
1.51183002085008E-02
1.63170897721064E-02
1.41339721738227E-02
1.42009722623205E-02
1.36967584130065E-02
0.015480099145705
1.61267426061062E-02
1.56209179859317E-02
1.62716194945069E-02
1.63431892209459E-02
1.64141793198276E-02
1.64845894215072E-02
1.59631898950362E-02
1.60299656922652E-02
1.84808005267499E-02
1.79575952804538E-02
1.86309187746831E-02
1.99117859430942E-02
1.99899715571568E-02
2.18917853391376E-02
2.25860114332831E-02
2.20586212213689E-02
2.21409123880847E-02
2.96299355313415E-02
2.97376512741385E-02
3.17096357003996E-02
2.62063112567583E-02
2.75502072264128E-02
3.01584668038159E-02
2.71089514553017E-02
2.40372449271363E-02
0.022847630854391
2.29223780136498E-02
2.29963676848694E-02
2.37104215041167E-02
2.31420722956887E-02
0.025148268275539
2.58719334979674E-02
3.56811489701277E-02
3.57872269075756E-02
3.39343883338381E-02
3.53414211425822E-02
3.60984772381219E-02
3.88326164040124E-02
3.82801574181306E-02
3.97082555640572E-02
3.98150735666038E-02
2.46177131555501E-02
0.048696939433061
3.94590722081964E-02
5.96738769461109E-02
5.37733474418116E-02
3.03218707437179E-02
0.027018020197439
2.50512308547551E-02
2.64672993151677E-02
2.44877656072284E-02
2.24981232819048E-02
2.18651355749126E-02
2.25980113392586E-02
2.26468936455618E-02
2.40705261527096E-02
2.68775383948138E-02
2.62422105469468E-02
2.69872128137133E-02
2.56540839609735E-02
2.63988237878694E-02
2.57533545045484E-02
2.64991390577994E-02
3.00412338579711E-02
0.03359516822352
3.92640488463816E-02
4.21419904368008E-02
4.01033565809152E-02
4.22848304013178E-02
0.068472788630533
6.92900414938718E-02
6.86911095589961E-02
6.87971154353578E-02
6.89010167912687E-02
6.68687049480916E-02
6.69653108912579E-02
6.70598743335426E-02
6.71523942881034E-02
6.79582194650744E-02
6.87638807273679E-02
6.81348930346084E-02
6.46295937516229E-02
4.60148483439078E-02
4.60694793902671E-02
4.75640496180599E-02
4.61745539487075E-02
3.90023406607565E-02
4.84431371015899E-02
4.92167941771677E-02
3.47759531297963E-02
3.69851900540527E-02
2.54057552600767E-02
2.47022160572866E-02
2.54509826156635E-02
2.47446631831518E-02
2.47647703283641E-02
2.33262427295516E-02
2.33437653524824E-02
0.021900550134077
2.19156627345595E-02
1.97371058882419E-02
2.04809870835833E-02
2.12251520252508E-02
2.12372169437028E-02
2.19813574451719E-02
2.49248579450343E-02
2.49367644536494E-02
2.34803995281852E-02
2.27561316663512E-02
1.83588269942082E-02
1.83653857779114E-02
1.69016837349773E-02
1.83768556860696E-02
1.76464960158172E-02
1.69152380366795E-02
1.54475500118959E-02
1.47145625676572E-02
1.47167331376669E-02
1.32466176703312E-02
1.25117920643455E-02
1.32485462984715E-02
1.32489170586983E-02
0.013984941671019
1.39844976425255E-02
1.39836359258702E-02
1.39823565306521E-02
1.47164836538114E-02
1.25071190013139E-02
1.25048532352122E-02
1.10313651464564E-02
1.02934595012878E-02
1.02906705503758E-02
1.10224006945944E-02
1.10187533886672E-02
0.01174909500751
1.32125643376012E-02
1.39407237909321E-02
1.17342607917382E-02
1.17286134375317E-02
1.17226148764031E-02
0.010983998601206
1.09777166271151E-02
1.02396985540326E-02
1.09641655734747E-02
1.02264368668415E-02
8.75943910572404E-03
9.48252272425971E-03
9.47536824506117E-03
9.46792900519019E-03
8.73249700235793E-03
9.45219657136868E-03
1.01703576679439E-02
8.70953179228526E-03
7.97623905938985E-03
7.96850014109111E-03
7.96052080498486E-03
8.6752376041252E-03
8.66600861010682E-03
9.37789410086861E-03
9.3673285010507E-03
9.35647930776347E-03
1.07830922731116E-02
9.33393060627106E-03
7.88804190105726E-03
7.16172996502293E-03
6.4370655577952E-03
6.42837832169339E-03
5.70621809011795E-03
5.69814821316434E-03
7.11238064631164E-03
7.10185885937536E-03
7.80023201618405E-03
8.49619706792674E-03
7.77589075764526E-03
8.46912270373243E-03
9.86439482765279E-03
7.73759126045968E-03
7.72434858372567E-03
7.71086803966741E-03
7.69714976400164E-03
6.98472172206566E-03
6.97181869983295E-03
6.95869993793565E-03
8.33443867945043E-03
7.62499728762217E-03
7.60985557226118E-03
7.59447712451178E-03
8.26784955677591E-03
7.56301063072901E-03
8.23300678682814E-03
8.89979884076864E-03
8.88022812123268E-03
9.54194630541616E-03
7.48021221554957E-03
7.46294540827283E-03
8.79916022138895E-03
8.10295194007048E-03
8.08334576009133E-03
8.06348338156007E-03
7.37308456892029E-03
8.02299074910748E-03
8.66922426275462E-03
1.06419673247474E-02
0.010613779786294
1.12468303646764E-02
1.05563845367315E-02
0.010527177320704
8.52932495082057E-03
7.19657465335688E-03
7.82814022191465E-03
6.50434812262444E-03
7.13353802054038E-03
7.75861160010819E-03
7.73492830560844E-03
9.63873972823014E-03
0.010249069626966
1.08550097275742E-02
0.010820025039945
1.07846826833554E-02
1.07489829250214E-02
1.07129260316628E-02
1.13045424028728E-02
1.25173434159161E-02
1.12262984455684E-02
1.05651324180518E-02
1.05272938242519E-02
1.04890996782669E-02
1.10652884891603E-02
9.79919601586331E-03
1.03723865159676E-02
9.72496258041115E-03
9.68734559681085E-03
9.04630820400262E-03
9.01041775908603E-03
8.37593435380171E-03
8.34185452657777E-03
8.90087566936245E-03
1.06364865134519E-02
1.05915489129103E-02
1.17180424958128E-02
1.28340113664734E-02
1.33585260840988E-02
1.32992008618568E-02
1.32394001452376E-02
1.26061188201522E-02
1.02665530723931E-02
1.02186374616402E-02
1.41254869364625E-02
1.40579064930933E-02
1.39898109768344E-02
0.013364352630454
1.32979927619022E-02
1.32311391744456E-02
1.37122834396008E-02
1.41872810839962E-02
1.46560706934123E-02
0.013498741856076
2.14824555503408E-02
2.13661033777175E-02
2.12489307470796E-02
0.039092235181741
0.037821825367658
0.036039550067121
3.27159644532221E-02
2.68460007358144E-02
2.25815475563822E-02
2.34666360561618E-02
1.97749915324599E-02
1.96535586547502E-02
1.90305244079364E-02
1.89106500006705E-02
1.87899980787879E-02
1.76860124212963E-02
1.75702374631436E-02
1.50295973167662E-02
1.82996153892019E-02
0.020566533137486
2.04247267024093E-02
1.50936112209936E-02
1.49867706791691E-02
1.58092295238022E-02
1.56943187771427E-02
1.55787114063312E-02
1.59171838692506E-02
1.66994122723818E-02
1.70192021514664E-02
1.73312683161492E-02
1.71946601100437E-02
1.70572508787579E-02
2.08234340917042E-02
1.89313132147331E-02
1.92002453878199E-02
1.64995948374528E-02
0.016358173596018
1.66317419378118E-02
2.30790626580304E-02
1.75628359116064E-02
1.78080895977412E-02
1.84459952156486E-02
2.14514885595338E-02
2.08543852946739E-02
2.06534330985203E-02
2.16090065548768E-02
0.020248228613932
2.08003507086222E-02
1.79670496302428E-02
1.70392301974249E-02
1.64925772554128E-02
1.70405325236993E-02
1.68545028556663E-02
1.66674908075935E-02
1.71807506540391E-02
1.76769430945765E-02
1.71282468111915E-02
0.012863082662505
1.13702266274203E-02
1.18912927651146E-02
1.20689536761528E-02
1.12714409085459E-02
1.36685551635557E-02
1.41158049401952E-02
1.33074122142658E-02
1.55674349996547E-02
1.53505880780537E-02
1.51326696177796E-02
0.019300057015735
0.018439054528566
1.81615617207529E-02
1.92798189268455E-02
1.73275238229971E-02
1.24495153646253E-02
9.31778608602278E-03
9.16239086504044E-03
8.74895247792021E-03
8.84944071403956E-03
8.44355328438614E-03
9.50890891518858E-03
9.57105734713124E-03
7.98030107147396E-03
7.13413156410085E-03
1.66893874135047E-02
1.63474831548457E-02
1.36251713603304E-02
1.39665532863345E-02
1.40717784975306E-02
1.27413319498438E-02
1.46173088139093E-02
1.54241516856178E-02
1.50444779707914E-02
1.46635214033713E-02
1.42813337206612E-02
1.51140449888596E-02
1.46959326334541E-02
1.49330899263555E-02
0.014652748646394
1.25086038063339E-02
1.21156314433384E-02
1.11431174670061E-02
1.39849030615886E-02
1.34976993436778E-02
1.30101513586481E-02
1.25224598642809E-02
1.20348470212669E-02
1.15475586363353E-02
0.010839649304144
9.62331533607017E-03
9.28326620297868E-03
8.26248374360896E-03
7.84885518906166E-03
8.56158499696603E-03
8.00905489999946E-03
7.46942843217001E-03
7.16015537744058E-03
4.80619372831928E-03
4.41811722292806E-03
3.86774190215352E-03
3.46625976943804E-03
2.88840938656349E-03
3.00513478714028E-03
2.68894976176146E-03
2.38855043686632E-03
2.37167681665675E-03
1.80752140984416E-03
1.48311283143477E-03
1.42282209829842E-03
1.85698316598825E-03
1.56618834114533E-03
7.70344427772331E-04
7.67322798427499E-04
6.32986855157998E-04
5.79078616664806E-04
4.23673567231776E-04
2.61476578182974E-04
1.72625975014343E-04
1.03198125317378E-04
5.86091215920683E-05
2.61026025846803E-05
1.12299334002325E-05
3.67254046909769E-06
9.28333550619298E-07
1.17844159589766E-07
5.22331932370508E-09
2.98337451056704E-11
1.05313645803417E-15
3.73574664664157E-29
0
0
0
0
0
0
0
0
0
0
0
0
0
0
0
0
0
0
0
0
0
0
0
0
0
0
0
0
0
0
0
0
0
0
0
0
0
0
0
0
0
0
0
0
0
0
0
0
0
0
0
0
0
0
0
0
0
0
0
0
0
0
0
0
0
0
0
0
0
0
0
0
0
0
0
0
0
0
0
0
0
0
0
0
0
0
0
0
0
0
0
0
0
0
0
0
0
0
0
0
0
0
0
0
0
0
0
0
0
0
0
0
0
0
0
0
0
0
0
0
0
0
0
0
0
0
0
0
0
0
0
0
0
0
0
0
0
0
0
0
0
0
0
0
0
0
0
0
0
0
0
0
0
0
0
0
0
0
0
0
0
0
0
0
0
0
0
0
0
0
0
0
0
0
0
0
0
0
0
0
0
0
0
0
0
0
0
0
0
0
0
0
0
0
0
0
0
0
0
0
0
0
0
0
0
0
0
0
0
0
0
0
0
0
0
0
0
0
0
0
0
0
0
0
0
0
0
0
0
0
0
0
0
0
0
0
0
0
0
0
0
0
0
0
0
0
0
0
0
0
0
0
0
0
0
0
0
0
0
0
0
0
0
0
0
0
0
0
0
0
0
0
0
0
0
0
0
0
0
0
0
0
0
0
0
0
0
0
0
0
0
0
0
0
0
0
0
0
0
0
0
0
0
0
0
0
0
0
0
0
0
0
0
0
0
0
0
0
0
0
0
0
0
0
0
0
0
0
0
0
0
0
0
0
0
0
0
0
0
0
0
0
0
0
0
0
0
0
0
0
0
0
0
0
0
0
0
0
0
0
0
0
0
0
0
0
0
0
0
0
0
0
0
0
0
0
0
0
0
0
0
0
0
0
0
0
0
0
0
0
0
0
0
0
0
0
0
0
0
0
0
0
0
0
0
0
0
0
0
0
0
0
0
0
0
0
0
0
""
