0
0
0
0
0
0
0
0
0
0
0
0
0
0
0
0
0
0
0
0
0
0
0
0
0
0
0
0
0
0
0
0
0
0
0
0
0
0
0
0
0
0
0
0
0
0
0
0
0
0
0
0
0
0
0
0
0
0
0
0
0
0
0
0
0
0
0
0
0
0
0
0
0
0
0
0
0
0
0
0
0
0
0
0
0
0
0
0
0
0
0
0
0
0
0
0
0
0
0
0
0
0
0
0
0
0
0
0
0
0
0
0
0
0
0
0
0
0
0
0
0
0
0
0
0
0
0
0
0
0
0
0
0
0
0
0
0
0
0
0
0
0
0
0
0
0
0
0
0
0
0
0
0
0
0
0
0
0
0
0
0
0
0
0
0
0
0
0
0
0
0
0
0
0
0
0
0
0
0
0
0
0
0
0
0
0
0
0
0
0
0
0
0
0
0
0
0
0
0
0
0
0
0
0
0
0
0
0
0
0
0
0
0
0
0
0
0
0
0
0
0
0
0
0
0
0
0
0
0
0
0
0
0
0
0
0
0
0
0
0
0
0
0
0
0
0
0
0
0
0
0
0
0
0
0
0
0
0
0
0
0
0
0
0
0
0
0
0
0
0
0
0
0
0
0
0
0
0
0
0
0
0
0
0
0
0
0
0
0
0
0
0
0
0
0
0
0
0
0
0
0
0
0
0
0
0
0
0
0
0
0
0
0
0
0
0
0
0
0
0
0
0
0
0
0
0
0
0
0
0
0
0
0
0
0
0
0
0
0
0
0
0
0
0
0
0
0
0
0
0
0
0
0
0
0
0
0
0
0
0
0
0
0
0
0
0
0
0
0
0
0
0
0
0
0
0
0
0
0
0
0
0
0
0
0
0
0
0
0
0
0
0
0
0
0
0
0
0
0
0
0
0
0
0
0
0
0
0
0
0
0
0
0
0
0
0
0
0
0
0
0
0
0
0
0
0
0
0
0
0
0
0
0
0
0
0
0
0
0
0
0
0
0
0
0
0
0
0
0
0
0
0
0
0
0
4.93035057805959E-31
2.31483648688607E-16
1.92020705995755E-11
5.5006235112884E-09
1.74506872715943E-07
1.69968469389355E-06
8.87138583533907E-06
1.33310016431482E-05
3.55192565352584E-05
7.04533448054711E-05
1.31933259929524E-04
2.35212467256864E-04
3.57278536718861E-04
4.95320348931874E-04
7.10283422680964E-04
1.00365135775729E-03
1.29932536594367E-03
1.50667087237843E-03
1.90571321287452E-03
2.23327815077791E-03
2.64614344350894E-03
3.26572588013671E-03
3.45849539547064E-03
4.40469813411229E-03
4.70802066055902E-03
5.26521157716632E-03
5.68008520122828E-03
6.07990603251669E-03
6.85309317620346E-03
7.88788859993168E-03
8.08244645663035E-03
7.96749704792567E-03
9.08888369281521E-03
9.43469162762805E-03
1.00548119324886E-02
1.03572935677559E-02
9.25547670141235E-03
1.01375912722794E-02
1.06799638536605E-02
1.00221602217131E-02
8.82872865627617E-03
9.67995813617698E-03
8.7327488688253E-03
8.62672404862965E-03
8.98051733853952E-03
1.08900193147497E-02
1.23789703545125E-02
1.28303052995303E-02
1.50132703832212E-02
1.49247651767588E-02
1.60290948053723E-02
1.65351200813537E-02
1.57289354896846E-02
1.61932041831058E-02
1.38798995945245E-02
1.35508460967113E-02
1.39143706740955E-02
1.12708514826422E-02
1.15554551623434E-02
1.10495448462387E-02
1.13127858852841E-02
1.15747827127864E-02
1.35262934894467E-02
1.38227802220791E-02
1.32353975490636E-02
1.35105018461402E-02
1.28652069022774E-02
1.40563259238129E-02
1.05064769813404E-02
1.16769613969828E-02
1.09001770012816E-02
1.21040258528181E-02
1.23157257658468E-02
0.012526196297367
1.06128606192301E-02
1.07861926942333E-02
0.010958490544252
1.22427273581081E-02
1.35599711783604E-02
1.26160771142407E-02
0.012801037270517
1.29848537738809E-02
1.07734309542136E-02
1.09219553557447E-02
1.10695450718157E-02
1.12162009183682E-02
1.13619239055586E-02
1.15067152157915E-02
1.03560677188027E-02
9.17272866034382E-03
9.28317684245261E-03
9.39290511271689E-03
9.50191485195973E-03
8.23732071386452E-03
8.32952960930621E-03
8.42112644239702E-03
8.5121125536703E-03
8.60248930683698E-03
8.69225808349624E-03
8.78142027833309E-03
8.8699772947632E-03
1.04509189644859E-02
1.05528283308299E-02
0.013698047037733
1.07545453629569E-02
1.08543562924584E-02
9.38868941944656E-03
9.47304947624175E-03
9.55681549460936E-03
9.63998881827789E-03
1.13429992362878E-02
1.30727502267287E-02
1.31812877272604E-02
1.16279116550145E-02
1.17215125842873E-02
0.011814430978293
1.36076208452734E-02
1.19982257436682E-02
1.20891048381878E-02
0.012179306842804
1.22688330487176E-02
1.41230682496626E-02
1.06678826448839E-02
1.07428880187298E-02
1.08173183165751E-02
1.27063702749483E-02
1.27918671899158E-02
1.10371684600251E-02
1.11093080363953E-02
1.30443567392972E-02
1.12518768266587E-02
9.43525644798555E-03
0.009493475625619
9.55122221298283E-03
1.15301962184024E-02
1.35314202131456E-02
1.36102858143461E-02
1.36884932070102E-02
1.76991983754973E-02
1.77980612154307E-02
1.78960807375312E-02
1.79932578622535E-02
1.60796386484388E-02
1.61645230659177E-02
2.03108262241493E-02
2.04150663765289E-02
1.43628626042046E-02
1.44345273588131E-02
1.45055412863316E-02
1.24936327929262E-02
1.46456187932181E-02
1.26125857621649E-02
1.26712278790213E-02
1.27293142822211E-02
1.27868453506287E-02
1.28438214477435E-02
1.07502024350629E-02
1.29561101075171E-02
1.30114233237117E-02
1.30661828764184E-02
0.013120389057872
1.31740421471402E-02
1.32271424104744E-02
0.013279690101658
1.11097378852904E-02
8.9220858149441E-03
6.71701005013826E-03
6.7421799016096E-03
6.7670740138655E-03
6.7916924799072E-03
6.8160353876504E-03
6.84010282007938E-03
6.86389485539864E-03
6.88741156718194E-03
6.91065302451877E-03
6.93361929215834E-03
6.95631043065102E-03
6.9787264964872E-03
1.40017350844674E-02
1.17045560277794E-02
1.40886495298157E-02
1.17760683809061E-02
1.18111374096026E-02
1.18457484191151E-02
9.50392116988837E-03
9.53087726975377E-03
1.19468338365949E-02
9.58369059910025E-03
0.012011934857849
1.20437986930239E-02
1.20752047797791E-02
1.21061531395411E-02
1.45639725479462E-02
1.21666767450541E-02
1.21962520154223E-02
1.46704435300289E-02
1.47048354336331E-02
0.014738678130751
1.23099763495204E-02
1.23372632454023E-02
1.23640924564294E-02
1.23904639733666E-02
0.012416377784724
1.24418338768904E-02
9.97346578741199E-03
9.99309827150789E-03
1.00123645384401E-02
1.00312645715566E-02
1.00497983530082E-02
7.5509743978811E-03
0.010085767084089
1.01032019928576E-02
0.010120270568414
1.26712159853357E-02
0.015229962943885
1.52539171014266E-02
0.015277321618609
1.27501470486229E-02
1.27687346525011E-02
0.010229491302986
1.02436283562281E-02
0.012821748569921
0.012838503470277
1.28548001139436E-02
1.28706384685405E-02
1.28860185017905E-02
1.29009401815905E-02
1.03323227808645E-02
1.03435266829685E-02
1.03543638266432E-02
1.29560427341203E-02
1.55624066110973E-02
2.33655175421901E-02
2.33865997456983E-02
2.60076183066785E-02
2.34262876832494E-02
2.08399051723616E-02
2.08557096319369E-02
1.82619326468417E-02
1.82744771483555E-02
1.82863793996438E-02
2.09115878505451E-02
2.09237223166155E-02
2.35520130143238E-02
2.61822361349069E-02
2.88141163378691E-02
2.88267634149343E-02
2.88384009444927E-02
2.62263899036821E-02
2.36116204639926E-02
2.36186639480535E-02
2.36248813455349E-02
2.36302726387469E-02
2.36348378122972E-02
2.62650853923491E-02
3.41488185284501E-02
3.41518327164064E-02
3.67808576856447E-02
3.67815334596833E-02
4.20353418190643E-02
4.20331766667385E-02
0.042029542788903
3.41448576592699E-02
0.034139518483508
3.67586003120268E-02
3.41252602395282E-02
3.41163412120784E-02
3.14826728742067E-02
3.14722370521196E-02
2.62172498632319E-02
2.62067177149024E-02
2.88147945739799E-02
2.88011901472841E-02
2.87865762438285E-02
3.13864940766927E-02
2.87543201691628E-02
2.61242528047651E-02
2.61072969990923E-02
3.13073084288703E-02
2.86776962191312E-02
2.86560172305645E-02
3.12363590723273E-02
3.12105076731854E-02
3.11835555732244E-02
3.11555028388562E-02
3.37202119997263E-02
0.031096095741004
0.028476013058561
2.58602391191751E-02
2.32490490663473E-02
2.32230577721716E-02
2.31962413814889E-02
2.57428888351348E-02
2.57112594892607E-02
2.56787135619052E-02
2.30807260060396E-02
2.30497849996473E-02
2.55755769386656E-02
2.04314922662562E-02
1.78515662278688E-02
2.03713547271009E-02
2.28827098953673E-02
2.28468212593558E-02
2.28101082146381E-02
2.02422851686574E-02
1.76821626425535E-02
1.76516846774079E-02
1.76205656652436E-02
1.75888056427034E-02
2.00644624512203E-02
1.75233627048506E-02
1.74896798541418E-02
1.99489784250797E-02
1.99090188974403E-02
1.98683269927614E-02
2.72619912622247E-02
2.96771192243904E-02
3.20805180338773E-02
3.20096335929508E-02
3.19375591884305E-02
0.031864294831869
2.93444681795795E-02
2.19559820356691E-02
2.43364323531081E-02
2.42764137424794E-02
2.17939317682323E-02
1.69075412277869E-02
1.44545192738153E-02
1.44163110557241E-02
1.67738124292288E-02
0.016727954371097
0.016681455343592
1.42579845372135E-02
1.89560390408395E-02
0.021263286701459
2.12002050525931E-02
1.87878212178867E-02
0.018730282702227
1.86720110560089E-02
1.62863803894841E-02
1.62341093975128E-02
1.61811965759025E-02
1.61276417933231E-02
1.83696513245575E-02
1.83069780255193E-02
2.05240168577192E-02
2.04518572571418E-02
1.81145522160819E-02
1.80489409487728E-02
2.02304189670023E-02
1.79155130344772E-02
1.78476958789485E-02
0.017779142895118
0.017709853792542
1.76398282655272E-02
0.019765199241772
1.96847624660491E-02
0.017425329842801
1.73523552404294E-02
1.72786424406455E-02
1.93547149163032E-02
1.92701256788386E-02
1.70530706965436E-02
1.69764008524478E-02
1.68989905875038E-02
1.89234443223337E-02
0.018834690102502
1.87451011366115E-02
1.86546767850943E-02
2.06260182034116E-02
2.05236880441861E-02
2.04204273754861E-02
0.022347858907334
2.02111111709157E-02
0.02211555927706
1.99980626011709E-02
1.98901363559733E-02
1.78031467490465E-02
1.77043275082038E-02
2.34728853971925E-02
2.33388738486944E-02
1.93364450114421E-02
2.69120419131244E-02
2.48409025136405E-02
0.0322880017038
3.20901395812508E-02
3.37665902106006E-02
3.54177728755786E-02
2.96347203662194E-02
0.029442426817649
2.92486099464339E-02
2.72374381236838E-02
2.70528717075955E-02
2.68668701842129E-02
2.84580598392834E-02
3.00226255282309E-02
2.80535787924037E-02
2.78490272027055E-02
2.76429310809827E-02
0.030864698414205
2.89277242212222E-02
2.87038048274005E-02
2.84782314284313E-02
3.32364713193131E-02
3.13188276376157E-02
3.10611473037952E-02
3.08016027386317E-02
3.21475682777396E-02
3.02769045393309E-02
3.15913079649559E-02
9.54961411212951E-02
9.46327404573271E-02
0.126042433025198
0.12791096656156
0.125188605265178
0.123980681386867
0.121285336389891
0.118611148840446
0.121756321899702
0.119065474524135
0.114976765344872
0.120770414070259
0.116679886391553
0.114015721687357
0.112732119170586
6.84751898745234E-02
6.50220505558836E-02
6.42491739063824E-02
7.12432388403908E-02
7.16437344225362E-02
8.33758082674142E-02
9.22841961435081E-02
8.49247857518736E-02
6.07200251575945E-02
6.46867706440074E-02
5.78837930725191E-02
5.59006406655183E-02
8.60840619627681E-02
8.59464513238285E-02
8.35393005942516E-02
8.77389232289492E-02
8.63609684312637E-02
8.39125546525505E-02
0.083580255116091
8.21775426400963E-02
8.07666325216144E-02
7.83557174040456E-02
7.40243560219829E-02
7.26608662188993E-02
7.50418641425902E-02
7.81900854497669E-02
7.84431304992841E-02
6.27150012744378E-02
5.79468742472508E-02
4.99348350496798E-02
4.96640841495917E-02
4.85415195760367E-02
7.11204240129486E-02
2.62256219576258E-02
2.48282931619695E-02
0.019799689745934
1.78548230383266E-02
1.52897632107179E-02
1.62171515827715E-02
1.44402156433913E-02
1.40133475462939E-02
1.35852333460936E-02
1.25580005468266E-02
1.15689001087518E-02
1.11770523110947E-02
1.07846131664576E-02
9.87216701692173E-03
9.49873340900806E-03
9.12528019109594E-03
9.21265888856151E-03
8.82022235199282E-03
8.84995339487872E-03
8.43977317745897E-03
0.017209384628335
0.017426652237998
1.65018092419406E-02
6.16835595767699E-03
5.80768195684004E-03
5.16358467813233E-03
4.82894047086509E-03
5.24842961340727E-03
4.63705368282273E-03
4.28188994116002E-03
4.13052066117318E-03
3.77344112409823E-03
3.58887360146541E-03
3.23556613696479E-03
3.02596311478782E-03
2.68330137205515E-03
2.15116338771587E-03
1.95666289368049E-03
1.60098987467834E-03
0.001287906895021
1.12296717496263E-03
8.27141888766181E-04
6.57861751822751E-04
5.35742857703908E-04
4.81158132676205E-04
3.02681786932368E-04
2.07116007996191E-04
1.33243785139092E-04
9.43512439168732E-05
5.06906948256404E-05
2.18811989421842E-05
9.26672534194621E-06
2.88138016611787E-06
6.02141773150126E-07
6.44940168499888E-08
2.30675076481238E-09
2.74871486824559E-11
5.36845583972154E-16
1.33332725163512E-29
0
0
0
0
0
0
0
0
0
0
0
0
0
0
0
0
0
0
0
0
0
0
0
0
0
0
0
0
0
0
0
0
0
0
0
0
0
0
0
0
0
0
0
0
0
0
0
0
0
0
0
0
0
0
0
0
0
0
0
0
0
0
0
0
0
0
0
0
0
0
0
0
0
0
0
0
0
0
0
0
0
0
0
0
0
0
0
0
0
0
0
0
0
0
0
0
0
0
0
0
0
0
0
0
0
0
0
0
0
0
0
0
0
0
0
0
0
0
0
0
0
0
0
0
0
0
0
0
0
0
0
0
0
0
0
0
0
0
0
0
0
0
0
0
0
0
0
0
0
0
0
0
0
0
0
0
0
0
0
0
0
0
0
0
0
0
0
0
0
0
0
0
0
0
0
0
0
0
0
0
0
0
0
0
0
0
0
0
0
0
0
0
0
0
0
0
0
0
0
0
0
0
0
0
0
0
0
0
0
0
0
0
0
0
0
0
0
0
0
0
0
0
0
0
0
0
0
0
0
0
0
0
0
0
0
0
0
0
0
0
0
0
0
0
0
0
0
0
0
0
0
0
0
0
0
0
0
0
0
0
0
0
0
0
0
0
0
0
0
0
0
0
0
0
0
0
0
0
0
0
0
0
0
0
0
0
0
0
0
0
0
0
0
0
0
0
0
0
0
0
0
0
0
0
0
0
0
0
0
0
0
0
0
0
0
0
0
0
0
0
0
0
0
0
0
0
0
0
0
0
0
0
0
0
0
0
0
0
0
0
0
0
0
0
0
0
0
0
0
0
0
0
0
0
0
0
0
0
0
0
0
0
0
0
0
0
0
0
0
0
0
0
0
0
0
0
0
0
0
0
0
0
0
0
0
0
0
0
0
0
0
0
0
0
0
0
0
0
0
0
0
0
0
0
0
0
0
0
0
0
0
0
0
0
0
0
0
0
0
0
0
0
0
0
0
0
0
0
0
0
0
0
0
0
0
0
0
0
0
0
0
0
0
0
0
0
0
0
0
0
0
0
0
0
0
0
0
0
0
0
0
0
0
0
0
0
0
0
""
