0
0
0
0
0
0
0
0
0
0
0
0
0
0
0
0
0
0
0
0
0
0
0
0
0
0
0
0
0
0
0
0
0
0
0
0
0
0
0
0
0
0
0
0
0
0
0
0
0
0
0
0
0
0
0
0
0
0
0
0
0
0
0
0
0
0
0
0
0
0
0
0
0
0
0
0
0
0
0
0
0
0
0
0
0
0
0
0
0
0
0
0
0
0
0
0
0
0
0
0
0
0
0
0
0
0
0
0
0
0
0
0
0
0
0
0
0
0
0
0
0
0
0
0
0
0
0
0
0
0
0
0
0
0
0
0
0
0
0
0
0
0
0
0
0
0
0
0
0
0
0
0
0
0
0
0
0
0
0
0
0
0
0
0
0
0
0
0
0
0
0
0
0
0
0
0
0
0
0
0
0
0
0
0
0
0
0
0
0
0
0
0
0
0
0
0
0
0
0
0
0
0
0
0
0
0
0
0
0
0
0
0
0
0
0
0
0
0
0
0
0
0
0
0
0
0
0
0
0
0
0
0
0
0
0
0
0
0
0
0
0
0
0
0
0
0
0
0
0
0
0
0
0
0
0
0
0
0
0
0
0
0
0
0
0
0
0
0
0
0
0
0
0
0
0
0
0
0
0
0
0
0
0
0
0
0
0
0
0
0
0
0
2.4056510790563E-298
7.2511045510224E-41
6.04283340128873E-23
2.10066550910018E-16
4.88121914692124E-13
4.55288112630685E-11
9.87497170083623E-10
9.2676697684443E-09
5.55523976616408E-08
2.18053827351398E-07
5.49123060030959E-07
1.2875474811629E-06
3.55278183118932E-06
6.72522801265257E-06
1.16322741405525E-05
1.79956297962337E-05
2.72972048383008E-05
3.78644494370299E-05
4.59687154421991E-05
6.16347927898216E-05
9.17349518344513E-05
1.21374641966191E-04
1.44837494824848E-04
1.91407260577878E-04
2.38513093508626E-04
2.92530558874133E-04
3.04959409530136E-04
3.6610403163151E-04
4.02225217625547E-04
4.73615464028241E-04
5.3182633733558E-04
6.61156075728182E-04
7.31949196588353E-04
7.49819220687617E-04
7.90029512911465E-04
8.93070819798226E-04
8.60092721573228E-04
1.00517998877007E-03
0.001038530028038
1.15628673026194E-03
1.2336800449542E-03
1.26164663001133E-03
1.39145317078164E-03
1.47157883989255E-03
1.55237379177103E-03
1.63372962737933E-03
1.64956251146072E-03
1.72858211557634E-03
1.73555330205933E-03
1.88734152692856E-03
1.96692957912879E-03
2.12842707241517E-03
2.46637303206526E-03
2.55864587912409E-03
2.65077147757987E-03
3.21557093595191E-03
3.42077647426061E-03
3.53103872656477E-03
3.64088018429565E-03
3.85740234384949E-03
0.003969371001984
4.08076981158095E-03
4.19156108576088E-03
4.18221872236441E-03
4.28865478284612E-03
4.64551916838206E-03
4.88512825374359E-03
4.60378378033101E-03
4.30387330724474E-03
4.39787535762552E-03
4.49116622773794E-03
4.29725062557874E-03
4.52945686714638E-03
5.06457685037969E-03
5.16056584513141E-03
5.56491375122804E-03
5.66484320320418E-03
5.44369520347512E-03
6.35062854080345E-03
6.12499984683793E-03
6.39237410021537E-03
6.49329275100095E-03
6.76680469794815E-03
5.45957955618033E-03
5.53967364202734E-03
5.07524990492486E-03
5.33005162702853E-03
5.21659957656784E-03
4.90869010003395E-03
6.1203503238094E-03
6.39219207890567E-03
6.47200784757861E-03
7.34513212685356E-03
7.43292482270488E-03
7.9263580492087E-03
9.66167410425835E-03
9.97789431683488E-03
1.05077966643517E-02
0.011045691002111
0.011806113100698
1.19280995754966E-02
1.00772728208293E-02
9.95609888539376E-03
9.60625285335922E-03
9.69801025962378E-03
1.00165355429995E-02
9.87889233090388E-03
9.96803549322978E-03
0.011927270110762
1.20309859693509E-02
1.21337123217447E-02
1.03573512039513E-02
1.50179702628586E-02
1.48102777325864E-02
1.50895760872744E-02
1.73091393647936E-02
1.70508009940178E-02
0.016738733559655
2.44035770124042E-02
2.52006268306294E-02
2.66629398106301E-02
3.39434944728228E-02
3.49782288232913E-02
3.60212614330549E-02
3.70724430527203E-02
3.81316264164108E-02
3.91986662132677E-02
4.02734190587259E-02
0.041355743465629
4.24454998152462E-02
4.35425503282504E-02
4.46467590357027E-02
4.57579917500958E-02
4.68761160364928E-02
4.80010011838033E-02
4.91325181762266E-02
0.050270539664897
5.14149399397532E-02
5.25655949016617E-02
5.37223820348105E-02
5.48851803793964E-02
0.05605387050462
5.72283344820056E-02
5.84084558590548E-02
5.95941196332512E-02
6.07852122264186E-02
6.19816214594467E-02
6.31832365273872E-02
0.064389947974927
6.56016476722428E-02
6.68182287912417E-02
6.80395857821863E-02
6.92656143507101E-02
7.04962114352225E-02
7.17312751847007E-02
7.29707049368733E-02
7.42144011967892E-02
7.47076429596144E-02
7.67142009707593E-02
7.79701111440231E-02
7.92299011032649E-02
8.04934768820905E-02
0.081760745560851
8.13709829428965E-02
8.43059950609341E-02
8.55837951093896E-02
0.086864926476262
8.81493012009751E-02
8.94368322623124E-02
9.07274335617379E-02
9.20210199070485E-02
9.33175069963584E-02
9.46168114024065E-02
9.59188505571827E-02
9.72235427368709E-02
9.85308070470962E-02
9.58469408721404E-02
0.098118150566214
9.73438741597022E-02
0.100670476057569
0.105102935518677
0.106423978495842
0.10774704939067
0.10907207344862
0.110398976624864
7.70921030449123E-02
6.44431327491213E-02
7.89292592599877E-02
8.10067466557757E-02
4.91648370807906E-02
5.09101927619187E-02
5.14855503565803E-02
5.69043992451456E-02
6.36551679342449E-02
7.92035547458926E-02
7.75610280347655E-02
7.58654113008745E-02
0.05878213409527
5.81098745941758E-02
4.82774917116627E-02
5.00943139233946E-02
5.19383649568183E-02
5.38096411252528E-02
5.43494013972579E-02
5.76338425940159E-02
0.115016283073816
0.116137453927501
0.117258913137075
0.116954338419259
0.118062708437564
0.117717909193651
0.118812988127509
0.116947414910336
0.112040023053476
0.141694311287504
0.14144410957774
0.144235550574933
0.103711629602361
0.103055429802113
0.111821706062672
0.111192012646461
8.65056517120055E-02
8.40034330486144E-02
7.98180185736742E-02
0.133036144580795
0.135783575120871
0.136887994660709
0.168282661003336
0.169627920477544
0.167552859794363
0.167146293311993
0.166711920948299
0.167999721279609
0.10933085727166
0.111937990176868
0.128892550838044
0.135265717586702
0.136267407036016
0.135437864497997
9.21785188146021E-02
9.84149143433636E-02
9.91198229457557E-02
9.98239308177273E-02
0.178293547919535
0.12987954510379
0.134626117362765
0.120059914022778
0.122828125726309
0.157026998791493
0.160056312924394
0.163110421162364
0.16418695047629
0.165261868548804
0.168363616735572
0.167406727376011
0.156149041021672
0.16127423889464
0.151885437765537
0.154926709563255
0.153779118661485
0.116572460037587
0.18551982470287
0.148025725454275
0.142438865795709
0.11289221639882
0.117926201502412
0.180121805397047
0.185587102574397
0.222210680388521
0.223481659069757
0.224749923393189
0.226015434069394
0.227278152042516
0.228538038488489
0.229795054813298
0.231049162651282
0.232300323863469
0.233548500535953
0.2347936549783
0.236035749721997
0.237274747518931
0.238510611339895
0.239743304373144
0.240972790022964
0.242199031908282
0.243421993861311
0.227516725131382
0.245857934357817
0.247070841620309
0.248280326386034
0.24948635353425
0.250688888149958
0.251887895522727
0.253083341145573
0.254275190713837
0.255463410124109
0.256647965473166
0.257828823056936
0.259005949369488
0.260179311102038
0.261348875141992
0.262514608571992
0.263676478669001
0.2648344529034
0.265988498938105
0.267138584627712
0.268284678017655
0.269426747343384
0.186689685110404
0.192906068259415
0.188251662325147
0.186288825617278
0.178799162393534
0.182287315900131
0.180248854594833
0.19210613332663
0.195663398206446
0.176790135805523
0.250726372181217
0.251697692414446
0.258342945741225
0.176685026214878
0.180213939528004
0.178018981022606
0.242084950404826
0.242979060368179
0.24677251877932
0.253496958134877
0.257335204788972
0.261190300686859
0.285678020329846
0.200973909455231
0.100837727750883
0.104162958218147
0.10452068882282
9.58872921041849E-02
9.92178562688944E-02
0.12670041769971
0.127121498141112
0.124503823392218
0.124910813254173
0.122259273037571
0.110387096572897
0.113815114829398
0.129603995372747
0.136201281716852
0.136624695749782
0.137045845451231
0.12184372913351
0.169217969941807
0.166583337817353
0.185994263841581
0.183381835510936
0.190260810817723
0.187632868016961
0.191362158999571
0.19830494942808
0.192450642063063
0.196206525191265
8.70867675618381E-02
8.40922353511183E-02
8.43217158121108E-02
0.084549767352492
0.088037014422471
8.17322700578329E-02
7.53916040452498E-02
9.20204607344286E-02
9.22582691436571E-02
0.112314753025483
0.115911443628389
0.119522854989928
0.12647715565883
0.10343323650085
0.103685964921154
0.110642518436835
0.10754691026037
0.134752816697375
0.138446414115418
0.131999591932857
0.125519153905003
0.125805755233169
0.126090179039086
0.140034301412262
0.13692158512885
0.133791414029783
0.140957956168122
0.130924782226549
0.134656045774545
0.124559607657164
0.114417559289626
0.118127830002338
0.125331712287186
0.111630852085259
0.108358354687824
0.129586442715482
0.126330495840111
0.112510818619293
0.133861993940538
0.116468325110898
0.113150090347088
0.120444160415945
0.134860023110713
0.138658968946403
0.13178311299223
0.164127565721888
0.153691134699895
0.325813782311494
0.329954946450269
0.290992420116979
0.291475883960502
0.2919541914963
0.292427331272797
0.296511283228589
0.296979766872063
0.297442984975303
0.352394998393461
0.269245914063292
0.266005711401114
0.270048545410239
0.2850611874574
0.28547154091436
0.285876814688519
0.278936563267387
0.235218120834209
0.257619799388549
0.257965186511084
0.261996058161341
0.280811477446008
0.233076339787814
0.270413531630483
0.252205151641244
0.167104680169894
0.211920812503961
0.215894220449657
0.208692550985184
0.279819340519217
0.272664459128281
0.276705810351689
0.35561718920199
0.322271485947402
0.258838298715309
0.244084700338129
0.244331841133804
0.240811910417948
0.233513901050601
0.346835652375261
0.343387091048232
0.343702311784371
0.340231009879378
0.340530539080279
0.340823943872625
0.337321092731784
0.371738339747128
0.379630381841127
0.379929092671663
0.380220961965359
0.380505982881727
0.380784148742712
0.381055453032712
0.381319889398589
0.381577451649684
0.381828133757836
0.382071929857388
0.382308834245213
0.382538841380715
0.382761945885856
0.382978142545158
0.383187426305724
0.383389792277249
0.38358523573203
0.383773752104985
0.383955336993657
0.384129986158235
0.384297695521556
0.384458461169126
0.384612279349122
0.384759146472409
0.384899059112546
0.3850320140058
0.38515800805115
0.385277038310301
0.385389102007689
0.385494196530491
0.385592319428631
0.38568346841479
0.385767641364411
0.385844836315704
0.304872890661026
0.30878262815202
0.308827628802694
0.308867042079215
0.301178345386707
0.359130082198973
0.386189686415129
0.386211006289311
0.386225337834451
0.386232680716689
0.386233034764968
0.386226399971043
0.386212776489472
0.386192164637621
0.316654943214443
0.347516980115914
0.347479564028513
0.374458650205717
0.378264616281716
0.374344122755332
0.374276700109663
0.37034474908956
0.377978467975729
0.377889834538007
0.373939321892735
0.36998406458656
0.369877161182957
0.304284604165481
0.308036077119032
0.307930277299977
0.384773638782671
0.38462747611914
0.384474362044333
0.384314300130903
0.372622875290762
0.383973347892203
0.383792465525629
0.383604651237801
0.383409909414693
0.383208244604915
0.382999661519692
0.382784165032855
0.38256176018083
0.38233245216262
0.382096246339797
0.381853148236485
0.377787131903953
0.381346298097569
0.373460906764396
0.346538873762347
0.338675685628138
0.330817631853206
0.315365949926969
0.311321985427606
0.299691322642389
0.314606871322989
0.310555255351257
0.310288496692307
0.310016157374842
0.309738243793497
0.305680923909237
0.294084465445039
0.30510440239193
0.372543011691241
0.281949964991929
0.27790977737692
0.266368911522904
0.303567328128373
0.295756057973747
0.373968323713041
0.373555189106733
0.373135362855203
0.372708854865948
0.37227567520861
0.371835834114973
0.371389341978941
0.370936209356538
0.370476446965888
0.358909763716597
0.229112987468949
0.23250621920217
0.257999923829544
0.143550644238115
0.139680121888173
0.143158630321533
0.161286846972436
0.161058521624114
0.168137663453283
0.156943431143532
0.160356371555059
0.14556055948136
0.334282032862776
0.315629234174205
0.315138337744875
0.325491572596879
0.328583002221944
0.310027201754404
0.31311899330565
0.359310664236294
0.358708086647152
0.358099170535173
0.357483930508018
0.356862381335488
0.356234537949544
0.35560041544433
0.266220021807146
0.262191911755147
0.353660526587713
0.35300144179131
0.352336155779929
0.351664684621341
0.350987044545698
0.350303251945568
0.349613323375979
0.348917275554453
0.348215125361061
0.34750688983846
0.34679258619195
0.346072231789521
0.345345844161913
0.344613441002672
0.343875040168209
0.343130659677868
0.342380317713993
0.341624032621996
0.340861822910432
0.340093707251079
0.339319704479014
0.338539833592701
0.337754113754079
0.336962564288652
0.336165204685588
0.325301192959878
0.321171008488436
0.310376770031329
0.30961379618515
0.305524592340097
0.301446733057935
0.317205768112538
0.316396373469422
0.299145036121654
0.29508881033875
0.327016518015443
0.326151016637519
0.325279973425608
0.324403410172614
0.323521348837075
0.322633811543338
0.321740820581733
0.317633974424673
0.319938567647284
0.319029351086718
0.318114771683241
0.317194852559999
0.316269617007323
0.315339088482951
0.31440329061226
0.313462247188501
0.312515982173044
0.31156451969563
0.310607884054631
0.309646099717314
0.308679191320119
0.307707183668944
0.306730101739429
0.305747970677264
0.304760815798494
0.303768662589837
0.302771536709009
0.301769463985063
0.300762470418731
0.29975058218278
0.298733825622377
0.297712227255466
0.296685813773147
0.295654612040078
0.294618649094876
0.29357795215054
0.292532548594872
0.291482465990925
0.290427732077448
0.289368374769351
0.288304422158184
0.28723590251262
0.286162844278958
0.285085276081638
0.284003226723765
0.282916725187651
0.28182580063537
0.280730482409321
0.279630800032819
0.278526783210685
0.277418461829861
0.276305865960036
0.275189025854292
0.274067971949761
0.270213307519615
0.269095211963005
0.270679834589797
0.26954223356641
0.268400573714862
0.267254886591356
0.266105203941233
0.264951557699772
0.263793979993003
0.26263250313855
0.235320443681836
0.234268183998187
0.233212503381612
0.232153431615607
0.238794031948817
0.242804414355468
0.246763872012358
0.235479962753062
0.234368535714795
0.220713266502356
0.219655349140764
0.216110328483437
0.239777734163555
0.243521168484655
0.244765025401974
0.243545717293393
0.242323089665496
0.241097178452716
0.239868019801306
0.238635650070667
0.237400105834702
0.236161423883207
0.234919641223289
0.231338047130006
0.225454115214842
0.221929019860242
0.223024583789682
0.228665527943443
0.227405930538661
0.226143497686023
0.224878268186211
0.223610281071514
0.222339575607608
0.221066191295365
0.219790167872702
0.181364582612678
0.178128898352437
0.170597864494554
0.171728388992092
0.134424279212404
0.131490134251174
0.115933123615081
0.113125583248955
0.110342753063931
0.107584723128549
9.66279284686409E-02
9.80576798294223E-02
9.33709052315024E-02
9.68023525447888E-02
9.41696200091975E-02
9.15621950404837E-02
0.100844177437774
8.44594095437862E-02
8.77945254669385E-02
8.72004906645513E-02
8.46810996708171E-02
0.177754174238017
0.178419841377027
0.177172661158444
0.17592401240847
0.185823339394556
0.184492005550034
0.183159250477704
0.181825121811795
0.180489667502913
0.179152935821678
0.177814975362445
0.176475835047096
0.175135564128928
0.156414790976951
0.14313501821795
0.142020026236784
0.140904262193859
0.153261288240967
0.155377887136495
0.154125384199183
0.154515994982084
0.148357795801988
0.147130394941909
0.149109127149943
0.128775845013119
0.127682079090102
0.134402059243379
0.131690825504972
0.132077946620417
0.135482380714228
0.131261770281002
0.130085598120155
0.128909365803026
0.127733123161183
0.128011597656824
0.126821966872257
0.125632479213514
0.141412712130491
0.140061524616578
0.138710678410699
0.137360234023256
0.136010252454332
0.13466079520112
0.133311924265505
0.13196370216183
0.130616191924818
0.129269457117674
0.127923561840352
0.126578570738024
6.51219654850525E-02
6.93792749535966E-02
6.86278192844736E-02
8.60583619931666E-02
9.34981941675491E-02
0.08415722501857
7.61764241494328E-02
7.53084387779407E-02
3.77933445375885E-02
3.62217660751286E-02
3.69145937686499E-02
3.53707256065644E-02
5.46032140299088E-02
5.39406051272408E-02
5.32789690390495E-02
5.36707099685034E-02
5.29979403312108E-02
5.23262783372476E-02
5.67200537057187E-02
0.048986966485161
4.63717963906732E-02
4.77043793106976E-02
4.41834230587184E-02
0.04358435969509
0.042986550489476
4.23900333835032E-02
3.99776794649393E-02
4.20967037649729E-02
3.88430278647289E-02
3.91477096437465E-02
3.77139163957404E-02
3.54628279956994E-02
3.65906527060094E-02
6.22359021131502E-02
6.44973657553702E-02
3.72981439315651E-02
5.38873269262148E-02
0.052252062023889
5.14004691698101E-02
4.68346056978445E-02
4.60508081907384E-02
4.31139926411759E-02
4.23726862413209E-02
4.23279545836761E-02
5.18043309606364E-02
5.08757363360708E-02
4.99507633002109E-02
4.96746168677877E-02
4.93781087995884E-02
4.84404424210605E-02
4.81158897922366E-02
4.71744970777685E-02
5.15049341888611E-02
0.049892452170758
2.97714799733626E-02
3.57521601190369E-02
5.16863256587692E-02
5.05752200680202E-02
2.62809319372412E-02
2.41853757520635E-02
2.26538619665129E-02
2.16519049036302E-02
2.81938687880443E-02
0.031650966615303
3.08837301172968E-02
2.79386257353514E-02
2.55337924714291E-02
1.94889350076999E-02
1.89798856590941E-02
1.92605324371685E-02
2.29436287761266E-02
0.013384582326066
1.26445887189099E-02
1.26300712783391E-02
1.22572617711307E-02
1.22176965558688E-02
1.18408291092242E-02
0.011157272107659
1.19966015226926E-02
1.07298683010844E-02
1.06464618161617E-02
9.7357498733333E-03
8.86721513947984E-03
5.77899322400146E-03
4.3527525951414E-03
4.04802185183004E-03
4.0138129477308E-03
3.97927458028321E-03
4.40845049662667E-03
4.36910002617269E-03
4.55723054353531E-03
3.83775301736784E-03
3.80151227473007E-03
3.76492009975648E-03
3.94726540333447E-03
4.12486315735546E-03
4.29764590134184E-03
4.04025535502103E-03
3.99733454187817E-03
3.74589224531321E-03
3.49863589466645E-03
3.45910555342559E-03
3.4191929299716E-03
3.37889495536303E-03
3.53457388651187E-03
3.29713123953134E-03
3.06415055326945E-03
3.02474568757726E-03
3.17152585064668E-03
3.12885844157023E-03
3.08578807593375E-03
3.04231298821264E-03
3.17480999184656E-03
3.30168905446544E-03
3.25173328471106E-03
3.20132030711843E-03
3.15044980527924E-03
3.09912188963764E-03
3.2077233000143E-03
3.46800661369681E-03
3.56185502221205E-03
3.19338756824777E-03
2.98490507310434E-03
2.78161874105383E-03
2.87067000395521E-03
2.95350437587247E-03
2.75459998413326E-03
2.6958933672571E-03
2.90042487467815E-03
3.73690974845954E-03
3.3982091695672E-03
3.19384081259545E-03
3.11482438931827E-03
3.15206321717167E-03
3.06901739847018E-03
3.09608777962857E-03
2.90157865682211E-03
2.81724454354185E-03
2.73254474081261E-03
2.64751637300173E-03
2.65709635308112E-03
2.4766401341258E-03
2.83364142021215E-03
2.81720644555933E-03
2.71211562935756E-03
2.76499575358185E-03
2.80519373490201E-03
2.97809703930286E-03
3.05642379376591E-03
2.91729519914569E-03
2.58930721100233E-03
2.46093480159766E-03
3.0163853445357E-03
3.60650069595616E-03
4.01110920717509E-03
3.82025104846014E-03
3.53700261434193E-03
3.2632063121316E-03
2.99915928872988E-03
2.78127922789869E-03
2.53485297942679E-03
1.80864693795157E-03
1.85013336446827E-03
1.5805112560439E-03
1.42857287022862E-03
1.4274486888062E-03
1.12470834075084E-03
1.01055107004532E-03
8.71005069500349E-04
7.92525739616896E-04
7.1145649069054E-04
5.84410545808425E-04
4.20246324539114E-04
5.23826363567236E-04
4.96781776812393E-04
3.92025313512893E-04
3.01836897850244E-04
2.23572365432237E-04
1.60105816489227E-04
1.101642414805E-04
7.22624204839143E-05
4.52072646484197E-05
2.63481268014326E-05
1.06919601883122E-05
5.45243566085583E-06
2.31025742963008E-06
7.88349039784407E-07
2.0987984909778E-07
3.81760246703173E-08
3.82624064661714E-09
1.51218988242539E-10
1.54590982531098E-12
9.50729382934508E-16
8.17879244586813E-22
1.38639119044585E-37
1.14975334317363E-178
0
0
0
0
0
0
0
0
0
0
0
0
0
0
0
0
0
0
0
0
0
0
0
0
0
0
0
0
0
0
0
0
0
0
0
0
0
0
0
0
0
0
0
0
0
0
0
0
0
0
0
0
0
0
0
0
0
0
0
0
0
0
0
0
0
0
0
0
0
0
0
0
0
0
0
0
0
0
0
0
0
0
0
0
0
0
0
0
0
0
0
0
0
0
0
0
0
0
0
0
0
0
0
0
0
0
0
0
0
0
0
0
0
0
0
0
0
0
0
0
0
0
0
0
0
0
0
0
0
0
0
0
0
0
0
0
0
0
0
0
0
0
0
0
0
0
0
0
0
0
0
0
0
0
""
