0
0
0
0
0
0
0
0
0
0
0
0
0
0
0
0
0
0
0
0
0
0
0
0
0
0
0
0
0
0
0
0
0
0
0
0
0
0
0
0
0
0
0
0
0
0
0
0
0
0
0
0
0
0
0
0
0
0
0
0
0
0
0
0
0
0
0
0
0
0
0
0
0
0
0
0
0
0
0
0
0
0
0
0
0
0
0
0
0
0
0
0
0
0
0
0
0
0
0
0
0
0
0
0
0
0
0
0
0
0
0
0
0
0
0
0
0
0
0
0
0
0
0
0
0
0
0
0
0
0
0
0
0
0
0
0
0
0
0
0
0
0
0
0
0
0
0
0
0
0
0
0
0
0
0
0
0
0
0
0
0
0
0
0
0
0
0
0
0
0
0
0
0
0
0
0
0
0
0
0
0
0
0
0
0
0
0
0
0
0
0
0
0
0
0
0
0
0
0
0
0
0
0
0
0
0
0
0
0
0
0
0
0
0
0
0
0
0
0
0
0
0
0
0
0
0
0
0
0
0
0
0
0
0
0
0
0
0
0
0
0
0
0
0
0
0
0
0
0
0
0
0
0
0
0
0
0
0
0
0
0
0
0
0
0
0
0
0
0
0
0
0
0
0
0
0
0
0
0
0
0
0
0
0
0
0
0
0
0
0
0
0
0
0
0
0
0
0
0
0
0
0
0
0
0
0
0
0
0
0
0
0
0
0
0
0
0
0
0
0
4.76650765486025E-87
4.18862703918539E-28
1.81996531705331E-17
5.17854805810907E-13
1.37957099128506E-10
5.18501353374108E-09
6.05550216046841E-08
3.65297543540668E-07
1.3963195832706E-06
4.24244402252684E-06
1.01650122373392E-05
2.09057425072394E-05
3.82900211097866E-05
6.4091982368076E-05
9.98949152168177E-05
1.4700214552249E-04
2.06395000721468E-04
2.78727538804574E-04
3.64346349897881E-04
4.63325162414362E-04
5.75506385916148E-04
7.00544130477337E-04
7.20632915008035E-04
9.8710646497561E-04
1.1473466702969E-03
1.31793421853807E-03
1.49810938261713E-03
1.68710242846239E-03
1.88414782990721E-03
2.0884951819221E-03
2.2994173461487E-03
2.51621631602891E-03
2.73822723135155E-03
2.96482091218786E-03
3.19540522482005E-03
3.4294255399312E-03
3.66636449711669E-03
3.90574124990845E-03
4.14711033169589E-03
3.42424699861518E-03
3.2439483511501E-03
3.4642440564625E-03
3.79231943769616E-03
4.13531331938168E-03
5.16698918814419E-03
5.04113122044316E-03
4.76328810591653E-03
5.01736087287863E-03
5.80318597742592E-03
6.28998059852046E-03
7.07816012644033E-03
6.14717989197856E-03
6.3475024217981E-03
6.46859838405583E-03
6.26246548150053E-03
6.44466958374464E-03
4.50192796766031E-03
4.36207903600784E-03
4.56562405567879E-03
4.77271248815319E-03
4.98326369860265E-03
5.10095440995677E-03
4.92221893834813E-03
5.13179707953091E-03
5.44742015197605E-03
5.24591763091669E-03
5.24466044278052E-03
8.07547526731728E-03
8.34005912736433E-03
8.60716053472572E-03
8.06974253596147E-03
8.09305174652051E-03
1.00193424040085E-02
1.01844931060581E-02
9.60873806018415E-03
9.75881079084812E-03
9.90725809257535E-03
0.010054091560743
1.00685631271869E-02
9.94516130666557E-03
1.11571555694427E-02
0.011306673198747
1.15925541105877E-02
1.17405637412032E-02
1.20284555528288E-02
1.23823068921249E-02
1.23572934351047E-02
1.27633477651896E-02
1.33296198764756E-02
1.39033965723625E-02
1.44845263514835E-02
1.50728602137347E-02
1.58641047862617E-02
1.64739385302666E-02
1.70906288019196E-02
1.57458085687964E-02
0.02060871100436
2.13237055003619E-02
2.15612628528837E-02
0.022274258426838
2.29938973080573E-02
0.021054866877224
2.28040625619543E-02
2.37760488203203E-02
2.71017985821998E-02
2.78863517835605E-02
0.028677008489178
3.07413205766477E-02
0.031903856669209
2.40652617076179E-02
0.025038273841792
3.13101250902983E-02
3.20992531456007E-02
2.80887335382216E-02
0.02347111708832
2.51938666703343E-02
2.97511514030378E-02
1.54210620208441E-02
1.57701133988728E-02
1.69695020927036E-02
1.73407996244605E-02
0.017713967279252
1.85411851177152E-02
2.90835370228232E-02
2.11997866547647E-02
2.25887525038558E-02
2.45079284658591E-02
2.69862730108199E-02
2.90342289229378E-02
2.95851379092176E-02
3.06669221397446E-02
3.06933070819986E-02
2.57679225318029E-02
2.67870195964021E-02
5.67905870945218E-02
5.77781659554806E-02
5.87689387775754E-02
5.97628182090654E-02
6.07597181493165E-02
6.17595537211837E-02
6.27622412440559E-02
5.16518355481155E-02
4.85818824343804E-02
5.92079365013542E-02
6.01198898909766E-02
2.91607122131065E-02
3.02868348219616E-02
3.07358122586063E-02
3.26033025112763E-02
3.16366683349642E-02
3.06299148827219E-02
4.06764720694069E-02
4.19932840711654E-02
4.25715664889216E-02
6.01029733582619E-02
6.01302682962382E-02
6.09293894201357E-02
6.17297342889568E-02
6.49675345724483E-02
6.90915189440496E-02
0.06996829706141
7.08461921097236E-02
0.052086121684311
7.51981620135989E-02
7.61105546072892E-02
7.87945526606652E-02
8.06256326054456E-02
7.70404551486482E-02
9.16885264836349E-02
9.27420687382958E-02
9.37963988042218E-02
9.48514597571948E-02
0.095907195283126
9.69635496662975E-02
9.80204677779063E-02
9.90778950648791E-02
0.100135777538981
0.10119406176618
0.102252694856284
0.103311624452831
0.104370798723231
0.10543016634915
0.10648967651713
0.107549278909448
0.108608923695185
0.109668561521535
0.097440766284671
9.83731066776926E-02
8.80206184345599E-02
7.17608256378732E-02
5.97817746912978E-02
6.03322390947662E-02
4.68327129529928E-02
5.19814426991409E-02
5.24467115301676E-02
3.72787477068488E-02
0.038819346397259
4.64992036252629E-02
0.046900202123775
4.73009528264301E-02
4.01696331436841E-02
5.18991438098205E-02
5.23306252379942E-02
0.055335514378161
0.054489939084
5.49308559940408E-02
5.40530093832135E-02
5.44826356514356E-02
5.62511539288907E-02
5.66903791793107E-02
0.057129139505269
9.73163500996936E-02
0.116010398723322
0.10853600866301
0.10794520502092
9.32099031879383E-02
0.069709524374545
6.87840809320806E-02
7.36106399760209E-02
0.084313183160174
0.139079086872502
0.128263227071187
0.136580802872714
0.142009986439095
0.142983898107352
0.122741624325712
0.123569283035724
0.122859787317157
0.125220351117758
0.126043704536148
0.125299325663304
0.126109542446299
0.126918232812333
6.86523863720356E-02
6.74787368912253E-02
0.075984241217153
7.48288885891488E-02
0.085109607708636
8.56289422372638E-02
8.61471652983261E-02
9.16641214842668E-02
9.89160084214628E-02
9.95000966543678E-02
8.65122934729489E-02
8.36025111202908E-02
8.58002328657269E-02
8.45647907726549E-02
8.33085883176307E-02
0.083777037851084
0.147427547587924
0.157067198465236
0.154380199395967
0.128458422809113
0.134533411686554
0.135254020784021
0.112404067865178
0.14580193712033
0.146564223305924
0.123384137126342
0.114763761744651
0.120930868580866
5.23570170453438E-02
5.44992311691553E-02
5.09934347034691E-02
0.055041387596941
5.53112076258678E-02
5.94132942104004E-02
6.35515050754818E-02
5.80505602582801E-02
5.44377144529862E-02
4.88339789781083E-02
4.70996071087527E-02
4.53462765244766E-02
4.15934344168353E-02
4.57624296883906E-02
4.59694180991864E-02
4.61756733196904E-02
4.63811895892224E-02
5.46878674768793E-02
4.67899824169683E-02
4.49500629576195E-02
4.30917728633912E-02
4.12152066262791E-02
0.041389957619009
0.04156403186926
4.38242958505563E-02
4.19101311432463E-02
4.20821467441404E-02
4.22534667565748E-02
4.45452908724195E-02
4.89831017303691E-02
5.13158484718618E-02
5.15180383985796E-02
5.60293133476594E-02
6.05731307932349E-02
6.29776249264623E-02
6.53976535859139E-02
0.150983352013137
0.191084209801938
0.182976710959052
0.183651583633469
0.182102566143287
0.182763111411354
0.178946860911968
0.181829997229262
0.184725933049521
0.185373878582713
0.186018631754197
0.188936519431722
0.205571517988861
0.206268552740427
0.195464121447409
0.19611565946749
0.19676378599994
0.197408484402696
0.200379735070332
0.194012530111071
0.215736586441257
0.211714589617023
0.214738567023619
0.215406385709078
0.125843207604909
0.138136007366354
0.128998894893453
0.126990084751654
0.100933049765858
8.91793903923025E-02
8.94399884551378E-02
8.96989981556793E-02
9.23876674079997E-02
9.26503948388616E-02
9.53565098441034E-02
7.60078311255586E-02
7.13008074800553E-02
7.39616275800342E-02
7.16903927703644E-02
7.68407272657863E-02
7.20748398744235E-02
0.077248926381911
8.24477811447077E-02
0.157808033672414
0.165746864594944
0.148544156791572
8.32931086001509E-02
7.84400451837331E-02
0.078633631284347
8.13685625492012E-02
7.39186907908874E-02
7.15407553831598E-02
7.17104429474554E-02
8.47143341453204E-02
8.49112503083691E-02
0.252740880078453
0.255901341359772
0.256478154927409
0.257050295356459
0.249811150329706
0.250356849889717
0.250897977945183
0.248815411819844
0.251966467353321
0.21830193377458
0.176584443046535
0.124126310783392
0.119085009817363
0.121975128152213
0.119559789728138
0.154401011894436
0.173370579420409
0.184391729584901
6.96123729796137E-02
6.97425228167327E-02
6.71840269088039E-02
6.99989654091566E-02
0.070125252046183
7.29521773824939E-02
7.30806309916322E-02
7.32077348959971E-02
7.06174310339201E-02
0.065295894699719
6.81304799382862E-02
0.161053815520773
0.161316716766397
0.169792391019033
0.161833549558477
0.15659297840378
0.176095872116259
0.157074883894873
0.11591371188023
0.113321933604482
0.119023895618811
0.130283722922416
0.113813503206198
0.116752963876459
0.119697987380266
0.133798270458866
0.133977691800572
0.139744393559935
0.139926087872064
0.120490449897817
0.120642217834104
0.160119277718053
0.165939558634516
0.171770336932724
0.169153612119764
0.211687044897488
0.206276704175212
0.198020887874509
0.184078603107671
0.184277226348455
0.175958292882466
0.170459197841782
0.170632987734661
0.17365031095627
0.168121467900184
0.171135183111061
0.188425794856829
0.174311528698106
0.177328820507556
0.254777175376445
0.269322583071016
0.260946969979033
0.266901686762166
0.26998851801153
0.172468323972152
0.181230331369593
0.230305424526828
0.233353682191995
0.233518741694196
0.230794485940224
0.230948843881413
0.251320015158819
0.205229533122463
0.159077792539198
0.164960043680429
0.162158854194696
0.168043247746613
0.153638862754166
0.147917394337192
0.11607124542042
0.121932999047827
0.119084399913614
0.116230953974943
0.116279819440914
0.125050984945632
0.113461712759476
0.116413287878815
0.113542062998056
0.107754467969081
0.113613867249993
0.113646562528301
0.113677118885619
0.125367641833943
0.110815611756874
9.91718517779812E-02
9.91910261360514E-02
0.090454656696693
9.33870799287135E-02
9.63185981991177E-02
9.63299567638114E-02
9.63395016086143E-02
9.34276194069441E-02
9.63531492999246E-02
9.92771685538883E-02
0.099279526075217
0.102200014630594
0.105118552540283
9.63555181471935E-02
7.88322672189113E-02
7.88267170671359E-02
7.88196827021821E-02
7.29733002650626E-02
7.58826004596983E-02
7.29534038162776E-02
7.00237394385728E-02
6.70937723990639E-02
6.70801981062508E-02
6.70653610633314E-02
6.99644469001061E-02
7.57751914462344E-02
0.233089659139762
0.23302049625693
0.230035111314852
0.229958153860355
0.244426038420402
0.25306126102469
0.255869833130653
0.264484097806246
0.267275723310631
0.290386851396351
0.290251151254434
0.290109993265358
0.289963380691933
0.289811316923702
0.289653805476941
0.289490849994652
0.289322454246562
0.251559301252334
0.251403341168977
0.251242658554836
0.251077257130549
0.250907140726992
0.250732313285277
0.250552778856747
0.250368541602979
0.253055233448603
0.264352985921613
0.2612721460978
0.269666175102913
0.269441779709293
0.272076293566608
0.271839305423069
0.274456140831266
0.274206367344212
0.282512440178851
0.273691416157986
0.207917877939039
0.207712349270187
0.190447897548894
0.187412546222788
0.190052804070742
0.280524514034733
0.283049990591175
0.282736595608569
0.282417917354133
0.282093963271965
0.281764740932891
0.281430258034471
0.281090522401012
0.280745541983572
0.260767652119774
0.25763668889602
0.237727331423528
0.237416335542255
0.234311494450021
0.233995423408306
0.236456841678464
0.225016284731327
0.260761712970547
0.257618476552552
0.257244512384241
0.248579775967071
0.239935011643477
0.239571785318849
0.247452530724771
0.249812785241112
0.079485155142624
8.48311464593778E-02
8.46938313588153E-02
0.100920421723004
0.103475838053058
9.78648262747674E-02
0.094984265400831
8.94021068544626E-02
9.46548156521341E-02
9.44874672134342E-02
9.70131857429561E-02
9.68374729267694E-02
9.93449741760963E-02
0.101840734476111
9.89746300449392E-02
0.104126546196194
0.157222242366303
0.140959176720334
0.233585579214002
0.135104473134207
0.129545437444713
0.131920653685291
0.11321871420791
0.14451389743826
0.138966496519829
0.149137385956156
0.114876675773258
0.114627656959467
0.111777078807502
0.236027833864674
0.25879106943468
0.25820617926093
0.257616589684084
0.257022315033517
0.256423369767894
0.255819768475296
0.255211525873335
0.254598656809287
0.160008141043939
0.179884960526525
0.176912708885566
0.191596925241772
0.201172354644519
0.208184861668244
0.175126214819809
0.177166993124363
0.171725239433254
7.19834723404811E-02
6.43645930555583E-02
6.66600154214154E-02
5.41678155241472E-02
5.15636804915955E-02
5.38694067920665E-02
5.37187580827909E-02
5.60020219988238E-02
5.58425267046194E-02
5.56820379197313E-02
5.55205596633264E-02
4.81374747698059E-02
4.55955812329619E-02
4.30671355181239E-02
7.15628261501375E-02
7.37240236127057E-02
7.11275741381739E-02
0.077998872799314
0.08246852949614
8.69072208348115E-02
8.66319004042011E-02
9.10229038412114E-02
9.30559076140836E-02
9.27533657224685E-02
9.24492065253297E-02
9.21434378254014E-02
8.49483624195997E-02
7.77980378937544E-02
7.52536566916108E-02
6.59057088418372E-02
5.88839736902997E-02
6.09359422491539E-02
6.29710605403003E-02
5.82661954883059E-02
5.80582644290379E-02
5.56243652906434E-02
0.064290130539803
0.066263691200093
6.38185827849407E-02
6.35811806429992E-02
5.67900080962323E-02
5.87512097219034E-02
5.20241681642033E-02
5.39835032603785E-02
5.16232877571575E-02
4.92789829349767E-02
5.12189474898215E-02
4.88898478714863E-02
4.86940577597252E-02
4.63888744195418E-02
4.62000562111152E-02
4.81018605442545E-02
4.79028703369377E-02
6.42954739307787E-02
7.43517949627833E-02
7.40366642384259E-02
7.37203281341759E-02
7.34027953517683E-02
6.69937350951642E-02
0.066700493604602
6.64061793997799E-02
7.01175158573879E-02
6.78087403558543E-02
7.14729628499086E-02
6.52183599284132E-02
0.104263536885603
0.10182266424948
0.116939342153404
9.11715135003222E-02
0.111975937994895
0.10759783170871
0.152970431573228
0.150324479680804
0.149588354973252
0.145081595232612
0.159358087436734
0.158558758208718
0.161468973837522
0.158799472028103
0.157983569531612
0.155337821451259
0.152708838660445
0.150096725567897
0.145702785774045
0.109139935707124
0.104992442398089
0.146898467989333
0.14081311852259
0.1382849165388
0.137514933220119
0.136743028218263
0.129084707585268
0.128348305521662
0.131013084544049
0.130253462734051
0.127810369990644
0.133744391138539
0.132949776754019
0.13380533133132
0.134639210456571
0.133819431765922
0.132997939339199
0.133786647081116
0.132951748113367
0.132115195813476
0.131277017659194
0.130437241320137
0.134280083623579
0.122548041606645
0.114038995280517
7.50129277472703E-02
0.104926029650372
0.148023209309957
0.147019391419695
0.141544141364822
0.143527276307109
0.143998374290162
0.128397655099062
0.133284291092355
0.128018100915408
0.118528534508588
0.117668243371544
0.121028758236645
0.134104262325315
5.96201376956394E-02
9.77029450850259E-02
0.136566874918727
0.135522801247702
0.134477600011159
8.93989781918625E-02
9.00211018146594E-02
0.122142133797733
0.11595482005352
0.113727745870955
0.114084605008612
0.11314835214577
0.126080208160505
0.125026676296112
0.123972426885665
0.122917502830452
0.121861947399066
0.120805804233346
0.11974911735445
0.118691931169101
0.110576233047409
0.108415903639158
0.108586757154592
0.111025322493758
0.109998089907696
0.108970639653338
0.111281461449027
0.110221927904457
0.109162313172433
0.108102665894195
0.107043035176253
0.082667107067036
7.13483351124035E-02
8.41304398906721E-02
8.32725982057412E-02
8.24149747126478E-02
8.15576115975377E-02
0.081696854579307
8.08295637821458E-02
7.99626673318005E-02
2.41146980850015E-02
0.022896654410078
2.26433535550466E-02
2.33231469130662E-02
2.21372704395526E-02
2.18845154968621E-02
2.07306380048252E-02
4.89950272675403E-02
4.66567042784333E-02
2.78343096854765E-02
2.66395489991948E-02
2.37683634934505E-02
2.59907812995561E-02
0.029806827915179
3.02488388295663E-02
2.90562900662806E-02
2.86818135331689E-02
2.67352357554731E-02
2.63826432476262E-02
2.60306247985825E-02
2.41686621803309E-02
2.45834499707199E-02
2.35089382061663E-02
2.31800086080119E-02
2.35658476670511E-02
2.39318868681366E-02
2.49718785430737E-02
2.25545147137985E-02
2.22189108989648E-02
2.18841024629203E-02
2.22031487780988E-02
2.18599130347163E-02
2.34161866712412E-02
2.11761679619199E-02
1.77716383659449E-02
1.74820897342776E-02
1.83791561622383E-02
1.80715102910724E-02
1.60456622580947E-02
1.52063770308112E-02
1.54944212131894E-02
1.46766433355726E-02
1.70822930689724E-02
0.020439897898358
2.21198533063897E-02
2.12002711749353E-02
2.07967379356885E-02
1.89381028989069E-02
1.85665441022499E-02
2.09961001848904E-02
1.91997847999665E-02
2.10437554085542E-02
1.62202933624655E-02
1.58759346271423E-02
1.59531450247052E-02
2.79213649354821E-02
0.027298366381068
2.90328298708422E-02
2.83624546027401E-02
2.65731977641338E-02
2.22844403242493E-02
2.31674667353433E-02
2.18977459676143E-02
3.28638029464666E-02
3.23478734946197E-02
3.14990961408696E-02
3.06564056065823E-02
3.01242218871457E-02
0.029581456166622
2.87410366774787E-02
2.79073934875762E-02
2.70806741314262E-02
0.01995838183331
1.85774853211714E-02
1.77433728956578E-02
8.82304856361693E-03
8.53082439942968E-03
8.0187667574137E-03
8.38517692173135E-03
8.08655496032574E-03
7.79119870006602E-03
7.11460341219237E-03
6.84078596260108E-03
6.7478395956259E-03
0.006643817009126
5.71293284667927E-03
5.62297487072111E-03
6.8658451628834E-03
6.69373511800189E-03
6.47133020941036E-03
9.16932892301962E-03
8.91526145020752E-03
7.71590849365258E-03
7.61268461141081E-03
8.82556438695823E-03
0.010519757205424
1.02401446113148E-02
1.00887569322121E-02
9.93570823587091E-03
9.78098710849329E-03
1.20307290345874E-02
1.18331093647815E-02
1.16333652016905E-02
1.14314887655622E-02
1.12274743809421E-02
1.10213187049458E-02
1.08130209758667E-02
0.010602583283856
1.03900108655479E-02
1.01753124246518E-02
9.95850048068677E-03
9.73959174819574E-03
8.85230502051939E-03
8.55192831901043E-03
8.4355871331436E-03
8.22444956374831E-03
8.01151285923826E-03
7.71298844904936E-03
4.32003710457762E-03
4.03746057980878E-03
5.14592759033321E-03
5.2099602470033E-03
4.82642745488782E-03
3.41190368508264E-03
3.62948164885982E-03
3.49830527221102E-03
6.23446604170403E-03
5.98980300818389E-03
5.74454415178761E-03
5.49889938358086E-03
5.25309990788679E-03
5.00739983212928E-03
4.76207783950545E-03
4.51743891085879E-03
4.27381607643704E-03
4.03157217102069E-03
3.79110155686341E-03
3.55283176758979E-03
3.31722501217841E-03
3.08477946088036E-03
2.85603021377867E-03
2.63154982702888E-03
1.80896118072735E-03
1.64840393823593E-03
1.49250146430847E-03
1.35967866501858E-03
1.22873350661967E-03
1.17103167263348E-03
8.02874254303017E-04
6.20283107054212E-04
5.12073953917373E-04
7.70794177122556E-04
6.39230474183596E-04
5.20281665917113E-04
4.14375448486726E-04
3.21773052127121E-04
2.4252693007996E-04
1.76437902086398E-04
1.23016103129327E-04
8.14523133367181E-05
5.06087274768546E-05
2.90403230788738E-05
1.50583615566291E-05
6.84391855155771E-06
2.60867690507459E-06
7.80432980278145E-07
1.65091173288971E-07
2.07420466698756E-08
1.1296518993994E-09
1.41635021089696E-11
9.23961366261383E-15
3.4220561438598E-21
5.53764253737909E-41
0
0
0
0
0
0
0
0
0
0
0
0
0
0
0
0
0
0
0
0
0
0
0
0
0
0
0
0
0
0
0
0
0
0
0
0
0
0
0
0
0
0
0
0
0
0
0
0
0
0
0
0
0
0
0
0
0
0
0
0
0
0
0
0
0
0
0
0
0
0
0
0
0
0
0
0
0
0
0
0
0
0
0
0
0
0
0
0
0
0
0
0
0
0
0
0
0
0
0
0
0
0
0
0
0
0
0
0
0
0
0
0
0
0
0
0
0
0
0
0
0
0
0
0
0
0
0
0
0
0
0
0
0
0
0
0
0
0
0
0
0
0
0
0
0
0
0
0
0
0
0
0
0
0
0
0
0
0
0
0
0
0
0
0
0
0
0
0
0
0
0
0
0
0
0
0
0
0
0
0
0
0
0
0
0
0
0
0
0
0
""
