0
0
0
0
0
0
0
0
0
0
0
0
0
0
0
0
0
0
0
0
0
0
0
0
0
0
0
0
0
0
0
0
0
0
0
0
0
0
0
0
0
0
0
0
0
0
0
0
0
0
0
0
0
0
0
0
0
0
0
0
0
0
0
0
0
0
0
0
0
0
0
0
0
0
0
0
0
0
0
0
0
0
0
0
0
0
0
0
0
0
0
0
0
0
0
0
0
0
0
0
0
0
0
0
0
0
0
0
0
0
0
0
0
0
0
0
0
0
0
0
0
0
0
0
0
0
0
0
0
0
0
0
0
0
0
0
0
0
0
0
0
0
0
0
0
0
0
0
0
0
0
0
0
0
0
0
0
0
0
0
0
0
0
0
0
0
0
0
0
0
0
0
0
0
0
0
0
0
0
0
0
0
0
0
0
0
0
0
0
0
0
0
0
0
0
0
0
0
0
0
0
0
0
0
0
0
0
0
0
0
0
0
0
0
0
0
0
0
0
0
0
0
0
0
0
0
0
0
0
0
0
0
0
0
0
0
0
0
0
0
0
0
0
0
0
0
0
0
0
0
0
0
0
0
0
0
0
0
0
0
0
0
0
0
0
0
0
0
0
0
0
0
0
0
0
0
0
0
0
0
0
0
0
0
0
0
0
0
0
0
0
0
0
0
0
0
0
0
0
0
0
0
0
0
0
0
0
0
0
0
0
0
0
0
0
0
0
0
0
0
0
0
0
0
0
0
0
0
0
0
0
0
0
0
0
0
0
0
0
0
0
0
0
0
0
0
0
0
0
0
0
0
0
0
0
0
0
0
0
0
0
0
0
0
0
0
0
0
0
0
0
0
0
0
0
0
0
0
0
0
1.75573028767577E-40
1.6451247213781E-19
6.40786307793797E-14
3.97411770238221E-11
1.66895914065102E-09
2.21581213258965E-08
1.36328415735417E-07
5.18251245853839E-07
1.38358064531586E-06
3.00329232783326E-06
5.95282515095945E-06
1.08439035991539E-05
1.62358027338571E-05
2.3357367568102E-05
3.47343844932584E-05
5.06266916617265E-05
5.56370346012344E-05
6.80448351241038E-05
8.3730480934651E-05
9.14398921161098E-05
1.1196676232973E-04
2.56652803351895E-04
3.05160376997461E-04
3.69596675659743E-04
4.41375066628502E-04
4.92038975057641E-04
6.46615538015946E-04
4.50180258718851E-04
3.11632673213938E-04
3.37960886003412E-04
3.64597023575865E-04
6.99899841833588E-04
7.2288643251233E-04
7.42783338606276E-04
7.3082595827799E-04
7.12289876704091E-04
7.82992194011736E-04
7.89683643232514E-04
6.34361257308103E-04
7.20591664808868E-04
7.86132545504199E-04
8.54262309686686E-04
8.06341872787826E-04
8.18913073711599E-04
8.80892968520476E-04
1.00385027562506E-03
8.21100905210873E-04
9.7711923020733E-04
1.11173392997421E-03
1.56149185889705E-03
1.93731093084025E-03
1.92093169511789E-03
2.07294069710623E-03
2.04202376243774E-03
2.14832291384578E-03
2.25658904698491E-03
2.14660184254963E-03
2.30585995602654E-03
2.41175403827785E-03
2.45629477748543E-03
3.94257100490586E-03
4.45090735098799E-03
4.41928178822062E-03
4.07649806677969E-03
6.23640532644147E-03
7.75042007892853E-03
8.03575910126129E-03
6.86532763692446E-03
6.75042925196477E-03
6.98109205435747E-03
8.3530305718104E-03
8.42916447263203E-03
8.89977735039014E-03
1.04280848223019E-02
1.07453773609311E-02
1.10651820484221E-02
1.13874220651994E-02
1.17120226283893E-02
1.20389109291222E-02
1.23680160711162E-02
1.26992690106988E-02
1.30326024982285E-02
1.33679510210408E-02
1.37052507479133E-02
1.40444394750703E-02
1.43854565737468E-02
1.47282429392979E-02
1.50727409418574E-02
1.12557928963206E-02
1.13519868674716E-02
4.51246588828563E-03
4.28135388369672E-03
4.03655659204554E-03
4.29315503716521E-03
4.20662404546607E-03
4.64980840819296E-03
4.56035218161757E-03
4.27803349210982E-03
4.55041078140506E-03
4.63705521358258E-03
4.72395809569744E-03
4.81110950227105E-03
5.10260387955902E-03
4.98611926279499E-03
4.86254387051893E-03
4.73184185910651E-03
6.12530542434818E-03
5.78359986927746E-03
5.8796162681464E-03
5.74598436106322E-03
5.83866671541917E-03
6.1687765029583E-03
6.26550455266686E-03
6.60709643491622E-03
6.70786142294881E-03
6.80877209479143E-03
7.42165877789158E-03
9.60766366110935E-03
0.003951276045839
4.27479093599763E-03
3.79308152123926E-03
4.39516813293206E-03
4.17697504212625E-03
4.23352665178164E-03
4.29012100628953E-03
4.34675422543303E-03
4.40342249419044E-03
4.46012206091131E-03
4.51684923555436E-03
3.96378700292057E-03
4.32168048324293E-03
3.74972831631525E-03
3.7951698200874E-03
3.52056773131511E-03
3.88607420245601E-03
3.93153175500475E-03
4.30840518094694E-03
4.35764828014095E-03
4.06789473346471E-03
3.77055929150768E-03
4.15877013785974E-03
5.25523812530029E-03
4.95786212817015E-03
5.01081538244322E-03
5.06374597191251E-03
5.48212631286186E-03
5.53878054342066E-03
5.96842881919342E-03
5.65198798656446E-03
5.70853573467028E-03
5.38070641038637E-03
5.43340549206688E-03
5.87792302729858E-03
6.32991085965975E-03
6.38998244947596E-03
6.44999664601802E-03
6.10307887084712E-03
0.006159227133619
7.04402277631762E-03
7.10751607338203E-03
7.1709346189765E-03
6.80873012079567E-03
6.43900309997441E-03
6.49474879259009E-03
6.55041929673692E-03
6.60601236780667E-03
6.66152578542524E-03
7.61255166668165E-03
7.6752788832761E-03
7.28273735145033E-03
5.5061914676875E-03
6.01277906102899E-03
5.5942497269697E-03
6.10801339752361E-03
6.1555058701323E-03
6.20291286877395E-03
6.25023265739609E-03
6.78188378736921E-03
7.32069662831991E-03
7.37498267793778E-03
7.42916027948434E-03
6.9843456888954E-03
7.53718251959379E-03
8.0970916191661E-03
8.66404805892083E-03
8.21157905363228E-03
8.2686323160703E-03
8.32555603315642E-03
6.8106579895021E-03
7.38413130670264E-03
6.90261885231516E-03
8.01742265336954E-03
8.60816516870969E-03
8.12275507693809E-03
9.26525120065689E-03
8.77605639744719E-03
8.83173021958302E-03
8.88725612307126E-03
8.94263235511108E-03
8.43549110378909E-03
8.4871208116921E-03
9.10784571041343E-03
9.1626060150912E-03
8.06505708524167E-03
7.53321585939446E-03
7.57731888282617E-03
7.62128931497857E-03
0.007665125831936
8.30181382175796E-03
7.7523918765792E-03
7.19614043817733E-03
7.83910663154964E-03
8.48858131055172E-03
8.53489524716621E-03
8.58105529382941E-03
8.6270601108748E-03
8.67290836884514E-03
9.34135580183638E-03
8.76412994011004E-03
9.43875069058386E-03
8.85470957197649E-03
8.89975544237525E-03
1.02224422689068E-02
1.02735462168802E-02
1.09697382087184E-02
1.03751806702128E-02
1.10773151183135E-02
1.37498039714496E-02
1.31577220064543E-02
1.32201455258186E-02
1.52746682868782E-02
1.53458811519438E-02
1.54168040122039E-02
1.61608016809148E-02
1.62341969098783E-02
1.63072835479845E-02
1.50150546626732E-02
1.50814796120164E-02
1.51476163270056E-02
1.59049840948947E-02
1.59735188447581E-02
1.53442795267526E-02
1.54092458293602E-02
1.54739152239484E-02
1.97760003811591E-02
1.98575446548597E-02
1.99387046146141E-02
1.71595526984627E-02
1.65106018805946E-02
4.75668071193063E-02
4.84779919030007E-02
6.68270464780586E-02
6.85443856629033E-02
6.80756282180157E-02
6.68651710019979E-02
6.26920739193651E-02
6.95892403427149E-02
6.98470570949983E-02
6.93577200056703E-02
6.96100729897274E-02
0.075119414927477
7.53878089963794E-02
7.56547163144584E-02
2.35352403594197E-02
2.28552131967457E-02
0.022933935335683
2.30122035131503E-02
2.30900157831394E-02
2.47118615623877E-02
2.47938825515448E-02
2.56527677056759E-02
2.57363341348342E-02
2.58193886105507E-02
2.66868360330714E-02
2.67713460821185E-02
2.68553224028045E-02
2.53541298271985E-02
2.46374010436197E-02
2.55096739201965E-02
2.47870981424887E-02
2.72671267792817E-02
1.85000217098636E-02
1.93609706979935E-02
2.02262321820743E-02
0.021095756189296
2.11558076248895E-02
2.12154343307431E-02
2.12746348737901E-02
2.62565019486309E-02
2.79738292777893E-02
2.80495624196518E-02
2.89519289048174E-02
3.06875094773049E-02
3.15996453955611E-02
3.83515947104521E-02
5.68394462141587E-02
6.28500924369605E-02
5.46072370832329E-02
5.39010867717915E-02
4.89682751588306E-02
4.90877006760594E-02
4.32674623216474E-02
4.33707264013301E-02
4.43255267931766E-02
4.69922363482533E-02
4.71007523043888E-02
4.03416501847399E-02
3.18300364532608E-02
3.19011072473488E-02
3.19715310783532E-02
3.37732688037583E-02
3.38461302753162E-02
3.65274050220715E-02
3.57328564553287E-02
7.59813060755945E-02
7.78879816854445E-02
6.92771216370173E-02
6.94163117513875E-02
7.57171108348146E-02
7.58655572447898E-02
7.51285941660817E-02
7.52722596475004E-02
7.18654801289113E-02
7.28883434162188E-02
7.30224939446057E-02
7.31551567725398E-02
6.97113859749774E-02
6.98347385043845E-02
3.76689746958241E-02
3.68354352698291E-02
0.032398265757618
3.78613218159285E-02
3.43120949012676E-02
3.25591653685442E-02
3.07997225553091E-02
3.17558020601245E-02
2.99879098170182E-02
3.00340223476761E-02
4.01060284519382E-02
3.28629880941363E-02
0.033825483604824
3.47899520392277E-02
4.21741400948321E-02
4.59057233206333E-02
4.68884323352827E-02
4.60314391508581E-02
0.046092885428715
5.35379309472684E-02
7.67134932397334E-02
0.0768107913254
7.87596864659723E-02
7.60729503066332E-02
0.076164410440258
7.62543111568941E-02
8.37907138787289E-02
0.083885955630004
8.39794792491317E-02
8.22030318984332E-02
8.22911111536497E-02
8.23775043768227E-02
8.15251390550063E-02
8.16072110494251E-02
7.98097344021326E-02
7.98866497360616E-02
7.99619274785122E-02
8.00355659345277E-02
8.67046569069877E-02
8.67808057922692E-02
8.49670191499721E-02
0.085038029267579
8.79442051357606E-02
7.57109472612361E-02
6.62982357952278E-02
7.58263230646894E-02
7.58816781655251E-02
7.59354763976215E-02
0.077887409467817
7.79393573993992E-02
7.89407999122809E-02
7.89901424160435E-02
7.80856003541234E-02
7.62255064232009E-02
7.62683747530668E-02
7.91712904536473E-02
4.39009129788047E-02
3.24647227133532E-02
3.34355803370878E-02
3.44066469188067E-02
3.53778632575379E-02
3.15663845864596E-02
3.06219555217379E-02
3.15907502481455E-02
3.06443250136725E-02
2.58647900299984E-02
2.68311552254959E-02
2.58804780042079E-02
0.023969930396357
2.30169244407337E-02
2.11037227393314E-02
2.01487026164856E-02
2.01525287959243E-02
0.021115747785166
2.11188888485832E-02
2.30417412484292E-02
2.30442213950495E-02
2.59270067466979E-02
0.025928731885863
2.59299244483991E-02
3.16929364982675E-02
2.97722986747181E-02
3.16925967959077E-02
3.07311034998721E-02
2.49676055737403E-02
2.59258950555889E-02
2.49632350760925E-02
2.59202914919571E-02
0.025916691093695
2.87917315419192E-02
2.78269966860973E-02
2.20652599251056E-02
0.024937820465219
2.58907065114719E-02
2.87599043217342E-02
3.06685507463629E-02
3.06592403949087E-02
2.96915097918027E-02
2.87238103824129E-02
0.027756201386287
0.028702223577614
2.58214914238173E-02
7.55194690515033E-02
7.54856163557505E-02
7.54502138731616E-02
9.54598258176566E-02
8.20535391974427E-02
3.43297439091234E-02
3.33577124738257E-02
3.52436632067741E-02
3.42707697364889E-02
3.32983236565904E-02
3.32771600280417E-02
3.51556171277497E-02
3.41822926902416E-02
3.13118837889003E-02
3.03411945019792E-02
3.31611084091966E-02
3.31358550350267E-02
3.40559197004796E-02
3.40285470990286E-02
3.49449342431577E-02
3.30280501414846E-02
4.14849651502966E-02
4.05060999920565E-02
3.01166470192388E-02
3.00886021825287E-02
0.02818119425054
2.72152880889615E-02
2.71881972659997E-02
2.71605492505406E-02
5.70714836077154E-02
5.51417746468593E-02
3.17422456482325E-02
3.45049214885733E-02
3.53976205170083E-02
3.53570291383959E-02
3.99625181522893E-02
4.36279666751445E-02
4.07936904669252E-02
3.61134176828084E-02
3.51432305285767E-02
3.50983092395093E-02
3.59751084433498E-02
2.57941254725553E-02
2.66794203203021E-02
0.030317840476117
0.030275720584827
2.93168306891915E-02
0.02927478752832
2.55781277332719E-02
2.46281402965086E-02
2.36803706955938E-02
2.45536656769468E-02
2.45156756311407E-02
2.35706225097056E-02
2.53433127160595E-02
1.98804262923629E-02
0.019847843961119
2.07155319006328E-02
2.06806224651192E-02
2.06452911805145E-02
0.020609538857517
0.018784377941699
4.01806455466554E-02
6.50644680916864E-02
7.74010091613141E-02
7.72578563553994E-02
7.62267723245997E-02
7.69668338612406E-02
7.85849242441364E-02
0.088125913387239
8.79523661923369E-02
0.08777703012322
0.08759990924282
8.74210076591562E-02
6.80474570297965E-02
6.79051456510591E-02
6.77614551478997E-02
7.88857870098662E-02
7.95799412435996E-02
8.02687083910147E-02
8.00908480439337E-02
7.90521017456963E-02
7.97302596226355E-02
7.95475399905085E-02
8.10699447892945E-02
8.08800083242491E-02
8.06884348438945E-02
8.04952288555685E-02
8.36814641696101E-02
8.43199343184593E-02
8.41114332325192E-02
8.39012331553118E-02
0.083689339061731
8.34757559729675E-02
8.32604889565922E-02
8.30435431266408E-02
8.28249236437025E-02
8.26046357150101E-02
0.082382684594534
8.21590755830783E-02
8.19338140283803E-02
8.17069053252123E-02
8.14783549154876E-02
8.12481682883685E-02
8.10163509803782E-02
8.07829085755159E-02
7.81314113042143E-02
7.62956124968039E-02
6.48590387408182E-02
6.46647310819396E-02
6.60609606676184E-02
6.50657255794318E-02
6.48651062513152E-02
6.30860413547052E-02
6.13155992215228E-02
6.11210861603074E-02
5.38955071483168E-02
5.37212886609662E-02
5.58740890090064E-02
5.64635442217327E-02
5.39631433262087E-02
5.60870384086162E-02
0.054365687894328
5.41798919871443E-02
5.32325589935614E-02
4.01643621808235E-02
4.30439041987738E-02
4.28913243242805E-02
6.74808931631879E-02
6.72373138325242E-02
6.55036915533962E-02
6.45213201884133E-02
6.42820423611167E-02
6.33053947684673E-02
3.59331707043425E-02
3.43352126609112E-02
3.42032436599513E-02
2.97211678535898E-02
3.03269545126583E-02
3.16456843585362E-02
2.93705905505307E-02
2.85391089475936E-02
2.91340154828706E-02
2.61841600607026E-02
2.60761412337609E-02
2.87749289968269E-02
2.72563576881124E-02
2.36613119895513E-02
5.89005407320585E-02
5.93366319301897E-02
5.01481468052104E-02
6.15553068587558E-02
6.19638777266636E-02
5.96536717812575E-02
5.80354348124161E-02
5.77718610190661E-02
6.21880102212271E-02
6.12350241994498E-02
6.29370564716916E-02
6.46192491130573E-02
6.43127410262726E-02
6.53112516496445E-02
6.49960350593606E-02
6.46796048855943E-02
0.064361969904554
6.40431389579872E-02
0.063723120953799
6.34019248666867E-02
6.18179685440158E-02
0.054597750171921
0.05369096862861
4.40949345059547E-02
4.44805862837692E-02
0.044244374234103
3.48391604629982E-02
2.55322387836333E-02
2.53930576657751E-02
2.58546929837103E-02
2.51133330456672E-02
2.49727977708814E-02
2.42405855964034E-02
1.58724013512395E-02
0.016365700086667
1.62708451578459E-02
1.67534099357119E-02
1.78031737124495E-02
1.76972218022037E-02
1.81584155188409E-02
1.74844066809537E-02
1.73775500436305E-02
1.67132888217939E-02
0.018823886405819
1.87057293682476E-02
1.85872599595796E-02
1.90116725978341E-02
1.94287755709323E-02
1.87661923139185E-02
1.81103345427273E-02
1.69321040088722E-02
0.016293323942789
1.56613664721378E-02
1.60732436466034E-02
1.64777522623364E-02
1.73862315679248E-02
0.016249018654552
1.61342759419996E-02
1.55186851238926E-02
1.44130529412707E-02
1.43084111405102E-02
1.42035579042233E-02
1.26400317407669E-02
1.20631310321494E-02
1.29299898275549E-02
1.37821053224626E-02
1.46194410061822E-02
1.45060850216687E-02
1.43925315937686E-02
1.42787849673519E-02
1.50787106839454E-02
0.014957227980184
3.19189180255707E-02
3.12108613867719E-02
3.36050070128318E-02
3.33235270344259E-02
3.91282689480736E-02
3.31904297674242E-02
3.16220949310414E-02
3.47353550012579E-02
1.25962063665727E-02
1.20680811313165E-02
0.012372107909691
1.06252200530111E-02
1.01229256989394E-02
0.036105112317306
3.37802864478551E-02
3.30673438191534E-02
3.27515365379783E-02
0.033593873257776
3.25015109722682E-02
2.99095697796806E-02
2.96116448254712E-02
3.15398697618222E-02
3.67281363776853E-02
3.63503349136152E-02
3.59723434447621E-02
3.31025882636396E-02
3.20464385888987E-02
3.13536778950194E-02
0.034458860587703
3.40802087255537E-02
3.37014846141042E-02
3.16565734207024E-02
2.43784877660257E-02
2.44238148019289E-02
2.44615746619103E-02
2.41737094179447E-02
2.38858868046355E-02
2.32876223227641E-02
2.33104382653212E-02
0.023022847415206
2.27353693625853E-02
2.92415028084019E-02
2.91589801991567E-02
2.87813105273327E-02
2.84038877381392E-02
2.80267374903164E-02
2.76498858837544E-02
2.56369579039732E-02
2.55523260132358E-02
2.51953212601697E-02
2.61460040388899E-02
2.31939481504535E-02
2.28569113957862E-02
2.27705457648573E-02
2.24306921653844E-02
2.20913442215159E-02
2.17525304139719E-02
1.95317057323231E-02
1.71392310156339E-02
1.59535285002912E-02
0.018609517527449
1.85238554775947E-02
1.27936193531084E-02
1.10847445985437E-02
1.04751967312266E-02
1.15275265896536E-02
1.21321687303095E-02
1.29068352112461E-02
1.11116221562823E-02
8.80096625922924E-03
8.63516395655224E-03
9.57465463733216E-03
9.93007651719882E-03
1.38042855022559E-02
1.30066464363619E-02
1.27409335837278E-02
1.33079988252153E-02
1.28639694846804E-02
1.27467865925211E-02
1.24679862510772E-02
1.21904458075664E-02
1.35524122874809E-02
1.32397254434229E-02
1.30706961753641E-02
1.15097826288228E-02
1.10937778170006E-02
1.08180205185964E-02
1.06724743804636E-02
1.03967018400056E-02
1.04885652830092E-02
1.02065222175485E-02
7.50252466576713E-03
7.06794963725536E-03
7.30165265480729E-03
5.92451191021629E-03
2.87378983826853E-03
2.68655881336005E-03
2.69909244294889E-03
2.51958971683136E-03
2.43726255815669E-03
2.3557389034455E-03
2.35930438502626E-03
2.27650560765887E-03
2.19461927669966E-03
2.11367325480811E-03
2.17896018062633E-03
1.95471742546048E-03
1.80973982856767E-03
1.47847006159509E-03
1.41620640861131E-03
1.53158777252137E-03
1.51960307102092E-03
1.3961620100558E-03
1.43246070634945E-03
1.7519471994117E-03
1.57139583905451E-03
1.92797587516708E-03
1.86601068788632E-03
1.52750295674057E-03
2.25203345626028E-03
2.15288047362524E-03
2.34605634565147E-03
1.95205089142457E-03
1.87937876912764E-03
1.80265083953931E-03
1.6731225292689E-03
1.41127482134664E-03
1.00725002998053E-03
6.74516849312799E-04
6.66430146740915E-04
5.84596103429396E-04
5.07561884304704E-04
4.66483509479268E-04
3.97562215762387E-04
4.1698175534784E-04
4.44563360681585E-04
4.04383225942516E-04
3.65984192541778E-04
3.40037416428994E-04
3.14355141426857E-04
2.79978924507654E-04
2.47578600005736E-04
2.24684024951051E-04
2.02353060538974E-04
1.74659464554578E-04
1.70426341843939E-04
1.44397836617082E-04
1.20691886421886E-04
9.93233127238112E-05
1.14702694191234E-04
1.41286795923354E-04
1.15300272106829E-04
1.07811405535119E-04
8.49158014701947E-05
6.178308177245E-05
5.63837995437609E-05
3.53722264176296E-05
1.49610050353582E-05
9.69855661740474E-06
4.74660047859064E-06
1.87640193981514E-06
6.24109850046052E-07
1.36855520283761E-07
1.75034694816572E-08
8.1174907689598E-10
5.77583628929099E-12
5.3293628400833E-16
2.33400833528735E-26
8.76472256688268E-112
0
0
0
0
0
0
0
0
0
0
0
0
0
0
0
0
0
0
0
0
0
0
0
0
0
0
0
0
0
0
0
0
0
0
0
0
0
0
0
0
0
0
0
0
0
0
0
0
0
0
0
0
0
0
0
0
0
0
0
0
0
0
0
0
0
0
0
0
0
0
0
0
0
0
0
0
0
0
0
0
0
0
0
0
0
0
0
0
0
0
0
0
0
0
0
0
0
0
0
0
0
0
0
0
0
0
0
0
0
0
0
0
0
0
0
0
0
0
0
0
0
0
0
0
0
0
0
0
0
0
0
0
0
0
0
0
0
0
0
0
0
0
0
0
0
0
0
0
0
0
0
0
0
0
0
0
0
0
0
0
0
0
0
0
0
0
0
0
0
0
0
0
0
0
0
0
0
0
0
0
0
0
0
0
0
0
0
0
0
0
0
0
0
0
0
0
0
0
0
0
0
0
0
0
0
0
0
0
0
0
0
0
0
0
0
0
0
0
0
0
0
0
0
0
0
0
0
0
0
0
0
0
0
0
0
0
0
0
0
0
0
""
