0
0
0
0
0
0
0
0
0
0
0
0
0
0
0
0
0
0
0
0
0
0
0
0
0
0
0
0
0
0
0
0
0
0
0
0
0
0
0
0
0
0
0
0
0
0
0
0
0
0
0
0
0
0
0
0
0
0
0
0
0
0
0
0
0
0
0
0
0
0
0
0
0
0
0
0
0
0
0
0
0
0
0
0
0
0
0
0
0
0
0
0
0
0
0
0
0
0
0
0
0
0
0
0
0
0
0
0
0
0
0
0
0
0
0
0
0
0
0
0
0
0
0
0
0
0
0
0
0
0
0
0
0
0
0
0
0
0
0
0
0
0
0
0
0
0
0
0
0
0
0
0
0
0
0
0
0
0
0
0
0
0
0
0
0
0
0
0
0
0
0
0
0
0
0
0
0
0
0
0
0
0
0
0
0
0
0
0
0
0
0
0
0
0
0
0
0
0
0
0
0
0
0
0
0
0
0
0
0
0
0
0
0
0
0
0
0
0
0
0
0
0
0
0
0
0
0
0
0
0
0
0
0
0
0
0
0
0
0
0
0
0
0
0
0
0
0
0
0
0
0
0
0
0
0
0
0
0
0
0
0
0
0
0
0
0
0
0
0
0
0
0
0
0
0
0
0
0
0
0
0
0
0
0
0
0
0
0
0
0
0
0
0
0
0
0
0
0
0
0
0
0
0
0
0
0
0
0
0
0
0
0
0
0
0
0
0
0
0
0
0
0
0
0
0
0
0
0
0
0
0
0
0
0
0
0
0
0
0
0
0
0
0
0
0
0
0
0
0
0
0
0
0
0
4.1685817916815E-137
4.40143674193109E-31
2.58737070253977E-18
2.51486320652312E-13
1.07524604666467E-10
4.62044080258573E-09
5.59611448137135E-08
3.58526888718254E-07
1.48527286136425E-06
4.40655583064249E-06
1.08964201020136E-05
2.20824260990647E-05
4.10271427704969E-05
2.89731369176859E-05
5.53673488927759E-05
7.98245920945352E-05
1.12034574981564E-04
1.60640881629753E-04
2.09791940624086E-04
2.56048521570757E-04
4.08440544262777E-04
6.30579643358354E-04
7.25082454736029E-04
8.08784858659152E-04
9.5179199971856E-04
1.15101757623161E-03
1.44086979249617E-03
1.67732177675776E-03
1.87113986968644E-03
2.07183866852079E-03
2.22749029280771E-03
2.51901491453125E-03
1.91702074615023E-03
2.00787354040457E-03
2.09118123867166E-03
2.12834853031252E-03
1.82689928092386E-03
2.03101851950736E-03
2.29238072892607E-03
2.2308483800307E-03
2.14856748822051E-03
3.01408194112598E-03
3.10710822197044E-03
4.91054790133645E-03
5.07015256583514E-03
6.06243832310005E-03
5.64056652310017E-03
5.86284458625396E-03
3.83882409905197E-03
4.05283672690323E-03
4.34895536994852E-03
4.41382939743767E-03
4.30694697879746E-03
4.52525796743013E-03
5.45100680459374E-03
5.42620729373071E-03
5.3901412575539E-03
4.86585282331842E-03
4.99098605892724E-03
5.11498304737967E-03
5.44322874173884E-03
4.93913973725511E-03
5.05017224727221E-03
4.94052311412414E-03
5.12553180772924E-03
5.52388386590841E-03
9.35318191552648E-03
9.43077380268864E-03
9.89613276916084E-03
1.02238366729281E-02
0.010546181775819
1.13418838347245E-02
0.011673004781227
1.37363520668946E-02
1.48505629884861E-02
1.62053672828185E-02
0.014885799236785
1.52546978357988E-02
1.54046669645852E-02
1.75148953158983E-02
1.90308559970286E-02
1.92258540988861E-02
2.06085529277632E-02
2.15457134669916E-02
2.14715684221082E-02
2.24227692018258E-02
2.31220099684141E-02
2.35441609094202E-02
2.42479164795526E-02
2.52585609104974E-02
2.56738547770596E-02
2.63957444556302E-02
3.26787837727024E-02
3.35622331447235E-02
3.44522850701349E-02
3.53487779461468E-02
3.62515532983948E-02
3.71604557127012E-02
3.80753327672464E-02
3.89960349652904E-02
0.039922415668566
2.45125986188701E-02
2.38212347635223E-02
2.69225484746115E-02
3.75664229521708E-02
4.15101373574146E-02
0.04559208052474
0.046554331414145
4.75211829072614E-02
0.048492511247121
4.94681949228889E-02
5.04481146149326E-02
5.14321531411052E-02
5.24201954042458E-02
5.34121283408951E-02
5.44078408712214E-02
5.54072238501416E-02
5.64101700196334E-02
0.057416573962223
5.84263320556306E-02
5.88449490042734E-02
5.98509498684345E-02
0.055941996133035
6.06219870628437E-02
6.09810510644087E-02
5.55127679918674E-02
5.63989786565184E-02
0.05662127948551
5.88544800359038E-02
5.83837738383184E-02
5.92680169784052E-02
0.060154160465932
6.10421329702742E-02
6.84893557492444E-02
6.94751623279276E-02
6.52155350337554E-02
6.53710523406226E-02
4.39282291518615E-02
4.37488574610899E-02
6.01771413336274E-02
5.85748074406912E-02
6.01619449599965E-02
5.02406777286254E-02
3.25357165429044E-02
3.12610400599234E-02
0.033366390318286
6.06350458992079E-02
5.69979613357178E-02
5.85801556604363E-02
0.054794683001685
5.45386313683831E-02
4.59844283335182E-02
7.16413381735848E-02
6.87026236700909E-02
7.04378230617491E-02
7.31574713085046E-02
8.37071304807402E-02
8.26629835406062E-02
8.45606307968346E-02
0.081452108326439
8.23230915596065E-02
0.08216712165357
8.30275754898634E-02
8.49366751225187E-02
8.68672882111104E-02
8.77492568652753E-02
8.53885354036572E-02
8.29631646224556E-02
8.70873496797971E-02
9.23889434856997E-02
9.44046542804069E-02
7.26148095694021E-02
6.98659657731394E-02
9.71104125213361E-02
8.86770904956378E-02
9.30245273256278E-02
9.74357929522588E-02
9.71149897185982E-02
9.43528972222632E-02
9.51870678768221E-02
0.099713714623059
9.56117885206565E-02
0.096433309736924
0.111147553803304
0.112084747126369
0.113021037973373
0.111366469964764
0.121418642721209
0.121088845105421
0.123390299543216
7.75668410556341E-02
7.27881348830268E-02
0.120905101481368
0.123212385548
0.122780366219472
0.126496223944181
0.134454457130546
0.138282986339292
0.139308848292667
0.138901168559855
0.142798228092976
0.142376857924923
0.143396210707283
0.144413843212472
0.142461765414824
0.146443801372506
0.147456054761787
7.42332216671282E-02
7.32122114360904E-02
7.52407423399169E-02
4.01901811684896E-02
4.51241910196548E-02
4.54202688767284E-02
0.045715733265201
4.60105741923573E-02
4.79014983544376E-02
4.98120251163367E-02
4.85081973413419E-02
5.36915759214505E-02
5.56604415615285E-02
5.76485930184293E-02
6.46272769984967E-02
6.50166080187459E-02
4.02492210213417E-02
4.04876264393701E-02
4.07254289637501E-02
4.43761727941572E-02
0.046349094568384
4.83410012321395E-02
4.86155365208019E-02
5.06353723290307E-02
5.09181567011752E-02
5.64967173085866E-02
5.14813437330011E-02
5.71163907356259E-02
5.92194076392772E-02
5.41241801342213E-02
5.44116726155578E-02
4.37586351282439E-02
4.21544271546813E-02
4.78997034561227E-02
4.99975604851723E-02
4.65299134503565E-02
4.86356292180252E-02
3.94794745793302E-02
4.15649922992524E-02
3.98712175324083E-02
3.62502792177314E-02
3.64259951840437E-02
3.46747277752018E-02
3.09689206264929E-02
3.30600478876499E-02
3.32150587257939E-02
2.94436819947119E-02
2.76074944380673E-02
2.57527659198734E-02
2.38795943347896E-02
2.39869948530291E-02
2.40939824672406E-02
0.024200554184681
2.22811481138032E-02
2.23780682228624E-02
2.65608896990961E-02
2.66745081971296E-02
2.67876602620372E-02
3.10388570580724E-02
2.70125526733731E-02
2.50378032590141E-02
2.51405005932706E-02
2.52427532168277E-02
2.32325118272226E-02
1.90844349452206E-02
1.70312101284028E-02
1.49609025059738E-02
1.50192287599898E-02
1.29233880537607E-02
1.29729195972563E-02
1.08518483017489E-02
8.71418789186677E-03
8.74673994876658E-03
0.008779133950781
6.60852678204112E-03
6.63258328162626E-03
6.65651932958349E-03
6.68033429819309E-03
6.70402756425476E-03
6.72759850906943E-03
9.00139535789553E-03
9.03249464341638E-03
0.011329285493653
0.011367744764073
1.14059951214486E-02
1.14440355790342E-02
1.60746112203531E-02
1.61272760381358E-02
1.84910204721777E-02
1.85505262910931E-02
1.86096885510693E-02
1.86685057429278E-02
1.87269763689662E-02
1.87850989429245E-02
2.11982309886967E-02
2.12628308024003E-02
2.36967045758441E-02
2.37675992392943E-02
0.026221854737838
2.86896652441738E-02
3.11708946977029E-02
3.12607344714938E-02
3.13499877525014E-02
2.90202944388807E-02
2.91015931629173E-02
0.02918234437828
3.17010915809016E-02
3.42325623014726E-02
3.67766161903783E-02
3.68747927446626E-02
0.036972272555665
3.70690532137591E-02
3.46874568411921E-02
3.47764736996432E-02
3.23744862844567E-02
0.032455918596686
0.037542386308797
3.76349225944965E-02
3.77267434327849E-02
0.042860226120957
4.04354451221396E-02
4.30642763544824E-02
0.038086827688705
3.81750379996275E-02
3.31608503966872E-02
3.32360345460974E-02
0.035872936138152
2.56803812476763E-02
2.57367453475925E-02
0.023213355074511
2.32631946930182E-02
2.59028760726958E-02
2.85529874676311E-02
2.34100337201316E-02
2.60645365071531E-02
2.87291662223372E-02
2.87867902319623E-02
2.88438608041603E-02
2.62730696099197E-02
2.89563361787492E-02
2.90117382887463E-02
2.90665815765053E-02
2.64735133928609E-02
3.44790567258087E-02
3.45418810219235E-02
0.037265887941073
3.73321077099219E-02
3.47263489155737E-02
3.47864983404525E-02
3.48459754341601E-02
3.49047787855045E-02
2.95839982310684E-02
2.96326112090677E-02
3.23788915654896E-02
4.05383390080516E-02
4.06022783177734E-02
4.06654308756836E-02
4.07277951910653E-02
4.07893697928195E-02
4.35734967780877E-02
3.81828011311524E-02
3.82380515061358E-02
3.28221938622168E-02
3.56073007168558E-02
3.56565330381265E-02
3.57050724917624E-02
4.40035913090445E-02
4.68154738737785E-02
4.41187967260919E-02
4.96970018319549E-02
5.25238009143866E-02
5.81242787775858E-02
5.54236227976464E-02
5.54897103756177E-02
4.99992454515644E-02
5.00567774920809E-02
5.28974082342884E-02
5.01689140059038E-02
5.02235158636151E-02
5.30703127736432E-02
5.03297804171709E-02
4.75824717134975E-02
5.32339022030524E-02
5.60909010603487E-02
5.61450207947735E-02
6.18178489220912E-02
5.62499708677136E-02
5.91158387061924E-02
5.63505269946365E-02
5.92191121136213E-02
6.20913478210748E-02
5.93177573336435E-02
5.93653414967013E-02
5.65826335384845E-02
0.050963166354896
4.81675790357334E-02
4.82023367826701E-02
4.82361517713428E-02
4.82690232191599E-02
4.83009503655836E-02
0.045488877620827
0.042672325431495
0.042697992989909
4.55710131749661E-02
4.27468204425779E-02
0.048472643103218
4.84979406970976E-02
4.85222886990796E-02
4.85456865470612E-02
4.57111846597495E-02
4.28732026260286E-02
0.045750751883891
5.14903403948391E-02
5.15100762491492E-02
4.86660917006656E-02
4.58191290196642E-02
0.042969356125443
4.01169410462189E-02
3.72620519126455E-02
3.72719283639409E-02
4.01488493360842E-02
4.01579120498912E-02
4.01661877091824E-02
4.01736761233165E-02
4.30504040569299E-02
4.30567398688858E-02
4.30622317077839E-02
4.59380047436226E-02
0.045942061845269
0.040202066070671
3.73323228155901E-02
4.30770275602477E-02
4.59492838243516E-02
4.59488375043709E-02
4.30757722949367E-02
4.30736650181761E-02
4.01993324866837E-02
4.01957896145365E-02
3.73206403286244E-02
0.037315887318481
3.44403718744239E-02
3.73041870913737E-02
3.72972401438916E-02
4.01579900416507E-02
4.01489344104901E-02
0.040139091931644
4.01284628318888E-02
4.01170473561503E-02
4.01048457675043E-02
4.00918583471763E-02
3.72153650092178E-02
3.72018467109052E-02
3.43270150119539E-02
3.43131913789915E-02
4.00151448837404E-02
0.037140488724389
3.42676890448923E-02
4.56682386066438E-02
4.84981640665615E-02
0.048472875016509
5.12964391270773E-02
4.84194504830813E-02
4.83913162337415E-02
4.83622348554195E-02
5.11752780214429E-02
4.83012334224232E-02
4.82693147781698E-02
3.97241367976997E-02
3.96962961504841E-02
3.68342734576408E-02
3.39756740000741E-02
3.39498158628933E-02
3.10963528282881E-02
3.38961090094398E-02
3.38682615378541E-02
3.38397522254432E-02
3.38105817334862E-02
3.37807507388392E-02
0.033750259933937
3.09091841912277E-02
3.08800265959219E-02
3.64594054670649E-02
3.64235224229479E-02
3.63869285882862E-02
3.35534998287844E-02
3.07252101284323E-02
3.06924461798761E-02
2.78718943279208E-02
2.78410214987003E-02
3.05905666353777E-02
3.05554135273675E-02
0.030519665145079
3.04833223233605E-02
3.32142391760427E-02
3.04088567725906E-02
2.76097598043715E-02
2.75745671274023E-02
3.02927218450328E-02
3.02528307202492E-02
0.030212351400894
3.29141289124429E-02
4.10858618053154E-02
3.82930467073567E-02
3.82385453948525E-02
3.81833016955327E-02
3.81273169090905E-02
4.07899203787505E-02
4.07283528910988E-02
4.06659956766686E-02
4.06028502063824E-02
0.043241512502166
4.58707605440342E-02
4.31026125481954E-02
3.49634270890111E-02
0.03490530495672
3.48465076754636E-02
2.14074071625974E-02
2.67129948146383E-02
2.66662145869213E-02
2.39570274435998E-02
2.65711103240339E-02
2.65227885516705E-02
2.64739552158294E-02
2.90670726289057E-02
2.63747585241441E-02
2.63243975364723E-02
2.36461767495182E-02
2.35999406671876E-02
2.35532506431083E-02
2.61178975516242E-02
0.026065014731495
2.60116313019814E-02
3.37450731102849E-02
3.36743780896052E-02
3.61878863589872E-02
3.61103642971127E-02
3.34584255117911E-02
4.36575142274504E-02
4.09984635252007E-02
4.34633878135311E-02
4.33650775442381E-02
4.32659390731772E-02
4.06267998199194E-02
4.55984334866432E-02
4.04363093144904E-02
3.78186632470232E-02
3.77275665719293E-02
3.76357521829518E-02
3.75432223262556E-02
3.74499792683012E-02
2.73944185503088E-02
2.73249993251578E-02
2.72550621614937E-02
2.71846087811535E-02
2.95785173683384E-02
4.17924296052861E-02
4.16811699383576E-02
0.041569123358371
4.14562926426903E-02
4.37746029798473E-02
4.12282900307416E-02
4.35315428538149E-02
4.58203830008527E-02
4.80946775025195E-02
5.03542940998235E-02
4.54264965350743E-02
4.29096272394116E-02
0.045159647037074
4.26552202954368E-02
4.01642196590806E-02
4.00422045155467E-02
4.22676460477352E-02
4.91596902061402E-02
5.13398422095801E-02
5.35043809226447E-02
0.053334298334626
5.31632279754594E-02
5.52951383132118E-02
5.51145823968091E-02
5.72218849499754E-02
4.56253537039264E-02
4.09251238319899E-02
4.07866772113979E-02
4.06474820502143E-02
2.92554469663433E-02
2.69112403683385E-02
2.68169610038641E-02
2.67221923322099E-02
2.66269368280104E-02
2.87421300658966E-02
3.08408045290428E-02
3.29228429212351E-02
3.28013707626741E-02
3.26793058693277E-02
3.25566514709293E-02
3.24334108202978E-02
3.23095871934435E-02
3.00395049636974E-02
2.99228572829335E-02
2.98056747947503E-02
2.96879606443735E-02
0.027457595284977
2.52436714705211E-02
2.72365414338471E-02
2.71252903109108E-02
2.70135604155425E-02
0.031040024761747
0.03709201363182
3.07794561450576E-02
0.028605138525402
2.64478367013827E-02
2.63332988815487E-02
2.62183040608345E-02
2.40949434799583E-02
2.19889629625729E-02
2.38805627800545E-02
2.57538190507508E-02
0.027608632835177
2.74819124828125E-02
0.02735472458682
3.30614454959611E-02
3.09702407380309E-02
3.08233050338171E-02
3.25930924195707E-02
3.24358777595545E-02
0.028480696025109
0.026451624871715
2.25607104602255E-02
2.05775418930396E-02
0.018612813162211
1.85184655049532E-02
1.84238160813912E-02
1.83288676978945E-02
1.82336231806133E-02
1.81380853756583E-02
1.62380314343564E-02
1.61515272492744E-02
0.014279792799335
0.015977753019348
1.41248784564076E-02
0.014047089159559
1.39690816307742E-02
1.38908582803208E-02
1.38124215359026E-02
1.37337738428441E-02
1.70686470803484E-02
1.69698193516784E-02
1.34965897933726E-02
1.34171231181091E-02
1.00030934939284E-02
8.28599810621078E-03
8.23596414151831E-03
8.18581097179468E-03
8.13554023015807E-03
8.08515356206042E-03
8.03465262543838E-03
9.58084690904175E-03
9.51997757006881E-03
9.45897716920946E-03
9.39784775781914E-03
9.3365914032116E-03
9.27521018886935E-03
1.07493239171026E-02
1.06774285298967E-02
1.06053948809191E-02
1.05332254789349E-02
1.19553404033104E-02
1.33566294242951E-02
1.32633361891598E-02
0.010243241228837
1.16233501828539E-02
1.15400015141977E-02
1.14565184342236E-02
9.95129100374093E-03
1.12891613116232E-02
0.011205293469863
0.011121303619326
9.65754556156184E-03
9.58384926577447E-03
8.15147537122585E-03
1.07841878956195E-02
9.36218156295386E-03
9.28810895884096E-03
9.21394951872327E-03
9.1397061916137E-03
9.06538195359517E-03
1.15598311820799E-02
0.011464075012253
1.13682265081593E-02
1.12722896415308E-02
1.11762684220469E-02
1.23112965533488E-02
1.09839891570628E-02
1.08877393268648E-02
9.59237473410403E-03
8.31836453314783E-03
8.24335492842462E-03
8.16830241902643E-03
8.09321037996747E-03
6.87264190377767E-03
7.94292138765445E-03
6.74376973816164E-03
6.67929913717213E-03
7.71727784015363E-03
8.73373885241178E-03
8.64771458352557E-03
8.56167749447176E-03
6.35672387240863E-03
6.29218641138941E-03
7.26559049208876E-03
7.19030072881636E-03
7.11501874225149E-03
7.03974846294641E-03
6.96449386750997E-03
7.87343883381285E-03
7.78748328098293E-03
8.66425456554498E-03
7.6156725990553E-03
7.52982706198033E-03
7.44402788770724E-03
7.3582800224983E-03
8.18166203450925E-03
8.08532810801201E-03
7.98906902605962E-03
7.89289064404484E-03
7.79679889421586E-03
8.55644420825257E-03
8.44988823882308E-03
8.34344883363991E-03
9.06084624025046E-03
8.94404238597804E-03
8.02490001403185E-03
7.91899736373986E-03
7.8132470221376E-03
7.70765644363851E-03
7.60223319017134E-03
6.74728644037453E-03
6.65272751320231E-03
6.55834019980286E-03
6.46413171675392E-03
6.37010938963014E-03
6.97364517295495E-03
7.55657597011094E-03
8.1189790544255E-03
9.99338686272666E-03
9.83842409805099E-03
9.68384892070681E-03
1.01649866056008E-02
1.06260381299416E-02
1.04522642948685E-02
1.02789929596676E-02
1.01062405901989E-02
9.34966957978048E-03
9.18810352924069E-03
7.89868974553471E-03
7.75827285954074E-03
8.16252287813605E-03
8.54737170224974E-03
8.91294796787033E-03
8.74497474515207E-03
8.07311245477746E-03
7.91631928977336E-03
7.27519098479754E-03
8.08008387638673E-03
8.38134230789716E-03
1.00321583929145E-02
9.37506205270262E-03
1.00488010186227E-02
9.83082341989015E-03
7.52401797368907E-03
7.35529374712703E-03
7.18754013164675E-03
7.02078252411089E-03
7.23588274627525E-03
7.43373265156414E-03
7.61453834316119E-03
7.77851254646362E-03
7.92587477077873E-03
7.38544718559049E-03
7.19107508996149E-03
6.99819148252501E-03
6.80683333108202E-03
6.01548939704042E-03
5.8444044989958E-03
5.95855181727461E-03
6.60809522205006E-03
6.14128274491772E-03
6.72795318281977E-03
6.26511597702105E-03
6.0631471402574E-03
5.86332933778434E-03
5.89234218273574E-03
5.68916617383254E-03
5.06620583283594E-03
4.47621208580958E-03
5.0942609641334E-03
4.71252343725694E-03
4.52924849452791E-03
4.34856112861162E-03
4.33734127740344E-03
4.63441646871837E-03
3.8226207037751E-03
3.79900022850685E-03
3.62548374190085E-03
3.58792887021741E-03
3.16129262054209E-03
3.1236572344316E-03
2.84889475309075E-03
2.63544830443751E-03
2.57931909121321E-03
2.52262668731879E-03
4.62258013960851E-03
4.41388485338114E-03
5.18787604837886E-03
4.96241509152117E-03
4.74074807310129E-03
4.61342693273889E-03
4.30916832291403E-03
4.7826882642391E-03
5.46803353320578E-03
5.53895372982941E-03
2.95196592802849E-03
2.77781442251565E-03
2.31853762842386E-03
2.23422515175513E-03
2.14955078747671E-03
2.00005679232073E-03
2.16492923789852E-03
2.01236663552396E-03
2.0911257779872E-03
0.002800039387388
2.66137780583087E-03
2.42602998808712E-03
2.43118407662147E-03
2.16183961046959E-03
1.99043888201951E-03
2.05358901985436E-03
1.8797333159874E-03
1.87749665077557E-03
1.70526070127244E-03
1.62462539732989E-03
2.51120546305417E-03
2.26007166186695E-03
2.02022463980887E-03
1.20739471251703E-03
1.12377227310462E-03
1.18193345125291E-03
9.78775111987485E-04
8.54297006790523E-04
8.48795266098249E-04
7.10591558858199E-04
6.04049181186242E-04
4.8172621940138E-04
3.83431170463531E-04
2.93678437100355E-04
2.17689082831544E-04
1.56831814554577E-04
1.00939929700919E-04
6.3288172456494E-05
3.77616794442622E-05
2.07965126555117E-05
8.34550600239693E-06
3.40509598183947E-06
7.42995446077235E-07
1.05589281694144E-07
1.67424443053208E-08
1.32159872298428E-09
3.18529358045678E-11
7.04055897711898E-14
9.09884744261748E-19
2.60094902504107E-31
3.24211682643366E-133
0
0
0
0
0
0
0
0
0
0
0
0
0
0
0
0
0
0
0
0
0
0
0
0
0
0
0
0
0
0
0
0
0
0
0
0
0
0
0
0
0
0
0
0
0
0
0
0
0
0
0
0
0
0
0
0
0
0
0
0
0
0
0
0
0
0
0
0
0
0
0
0
0
0
0
0
0
0
0
0
0
0
0
0
0
0
0
0
0
0
0
0
0
0
0
0
0
0
0
0
0
0
0
0
0
0
0
0
0
0
0
0
0
0
0
0
0
0
0
0
0
0
0
0
0
0
0
0
0
0
0
0
0
0
0
0
0
0
0
0
0
0
0
0
0
0
0
0
0
0
0
0
0
0
0
0
0
0
0
0
0
0
0
0
0
0
0
0
0
0
0
0
0
0
0
0
0
0
0
0
0
0
0
0
0
0
0
0
0
0
0
0
0
0
0
0
0
0
0
0
0
0
0
0
0
0
0
""
