0
0
0
0
0
0
0
0
0
0
0
0
0
0
0
0
0
0
0
0
0
0
0
0
0
0
0
0
0
0
0
0
0
0
0
0
0
0
0
0
0
0
0
0
0
0
0
0
0
0
0
0
0
0
0
0
0
0
0
0
0
0
0
0
0
0
0
0
0
0
0
0
0
0
0
0
0
0
0
0
0
0
0
0
0
0
0
0
0
0
0
0
0
0
0
0
0
0
0
0
0
0
0
0
0
0
0
0
0
0
0
0
0
0
0
0
0
0
0
0
0
0
0
0
0
0
0
0
0
0
0
0
0
0
0
0
0
0
0
0
0
0
0
0
0
0
0
0
0
0
0
0
0
0
0
0
0
0
0
0
0
0
0
0
0
0
0
0
0
0
0
0
0
0
0
0
0
0
0
0
0
0
0
0
0
0
0
0
0
0
0
0
0
0
0
0
0
0
0
0
0
0
0
0
0
0
0
0
0
0
0
0
0
0
0
0
0
0
0
0
0
0
0
0
0
0
0
0
0
0
0
0
0
0
0
0
0
0
0
0
0
0
0
0
0
0
0
0
0
0
0
0
0
0
0
0
0
0
0
0
0
0
0
0
0
0
0
0
0
0
0
0
0
0
0
0
0
0
0
0
0
0
0
0
0
0
0
0
0
0
0
0
0
0
0
0
0
0
0
0
0
0
0
0
0
0
0
0
0
0
0
0
0
0
0
0
0
0
0
0
6.62014952063924E-87
5.64124853762342E-28
2.45113174013914E-17
6.9744754991368E-13
1.95683828551072E-10
6.91335137832144E-09
8.07400288062455E-08
4.87063391387557E-07
1.91933963336165E-06
5.65659203003579E-06
1.35533496497856E-05
2.78743233429858E-05
5.10533614797154E-05
8.5455976490768E-05
1.3319322028909E-04
1.96002860696654E-04
2.7519333429529E-04
3.71636718406099E-04
4.85795133197174E-04
6.1776688321915E-04
7.67341847888197E-04
9.3405884063645E-04
8.82635663343174E-04
9.47622206376586E-04
1.04026098106919E-03
1.12463719981915E-03
1.3383110484713E-03
1.41716603990841E-03
1.58268417712205E-03
1.78218255524019E-03
1.96216946871356E-03
2.21427035810545E-03
2.33662057075332E-03
2.41138767524612E-03
2.59892958285364E-03
1.23459319437523E-03
1.31989121896201E-03
1.40606684996704E-03
1.54825452383313E-03
1.63895582839701E-03
1.60652680247434E-03
1.69146188672347E-03
1.9132422388377E-03
2.07660755432154E-03
2.17163313704611E-03
2.18839804918463E-03
2.19844066426917E-03
2.7097982773353E-03
2.81366592844893E-03
2.82593331237876E-03
2.73688858222359E-03
2.92722851998979E-03
6.54901043518851E-03
7.68957880192983E-03
7.92175120736819E-03
5.61842989352097E-03
5.54954642554352E-03
5.93242748897066E-03
5.96813602049515E-03
6.4859938941569E-03
6.51898647364371E-03
8.21285741477317E-03
7.74429112966772E-03
8.0498777718132E-03
1.06892772793492E-02
1.06317263986578E-02
1.08461005075189E-02
1.04762922386819E-02
1.31958268859631E-02
1.29862422102879E-02
1.33727162024504E-02
1.34493227091935E-02
1.38362347483927E-02
1.40643000036041E-02
1.39614142754812E-02
1.41794686704631E-02
1.35483871351458E-02
1.49522387313613E-02
9.41476032672021E-03
9.54735485439895E-03
9.32003356804849E-03
0.010716364959455
9.75246615652613E-03
1.04360566588473E-02
9.43408278653235E-03
8.35198739390386E-03
8.95013845505525E-03
9.14706589838585E-03
9.55289424480754E-03
1.01958241530658E-02
1.06219859910879E-02
2.33629333312887E-02
2.40246525158202E-02
1.68129084588729E-02
1.82862694999962E-02
1.95364661872103E-02
1.96273438136762E-02
2.31202081615645E-02
2.51951835584259E-02
3.33696755458248E-02
3.44477862292993E-02
3.55356402991122E-02
0.036633032228039
3.77397600322544E-02
3.53586189387839E-02
3.67819980514347E-02
0.038236011318904
3.92981830051992E-02
4.03681451732849E-02
3.83261575343544E-02
3.93295260345956E-02
4.03396368204592E-02
3.41430258177925E-02
3.10454423317186E-02
3.17995779906271E-02
4.03101866725348E-02
5.28909358276227E-02
5.41089895468213E-02
5.53337312241152E-02
5.65650069756785E-02
5.78026654148684E-02
5.66846952936065E-02
5.78846754894522E-02
4.43177707014449E-02
6.09297572003607E-02
6.15183046913521E-02
6.27402968725992E-02
0.063967461951573
6.58788352169582E-02
4.70594006509192E-02
4.79390966782215E-02
0.049540074588489
5.04393377218269E-02
5.20858714374485E-02
5.52761714386678E-02
4.46817816722383E-02
4.15300500694866E-02
5.49817927523402E-02
5.91394589986681E-02
5.35249465583592E-02
5.43939424115151E-02
0.053564866494342
4.40475734071716E-02
4.56120399714136E-02
4.89865769482031E-02
2.89346601804467E-02
2.93690519485688E-02
2.98044240083455E-02
9.45023261196415E-02
9.58686919241341E-02
9.72378250245138E-02
9.86096292591682E-02
9.99840096932509E-02
0.10136087259267
0.102740125398738
0.104121676703443
0.105505436225343
0.106891314786072
0.108279224287414
0.109669077688968
0.111060788986365
0.112454273190037
0.111572457378415
8.98920557403941E-02
9.09827319443458E-02
9.91571898651067E-02
9.79452129429116E-02
9.90951736813985E-02
9.16885264836349E-02
0.106344238819913
0.107553203962174
0.118880496229018
0.120203684754851
0.124113343572861
0.130693957037208
0.132103860086505
0.133514370051975
0.13492541568824
0.136336926475046
0.137748832603775
0.139161064964308
0.12651619961898
0.127787611820556
0.133361105847715
0.137571303347234
8.91970967041819E-02
5.01967583890729E-02
0.050677054955175
0.051157282508975
5.16374195066178E-02
4.75188465494931E-02
4.64094146882817E-02
4.37105320894599E-02
0.047255856999219
4.92681229525816E-02
5.13083839406091E-02
5.49940740627836E-02
5.54727341494365E-02
0.0493686338145
5.14501592147134E-02
5.52332455725656E-02
0.057384419171834
5.44578864265305E-02
3.94640877735722E-02
0.041516144064
4.01082440591409E-02
4.21877146405569E-02
4.60666187621894E-02
0.051786776632947
6.11896156221132E-02
6.16631981961634E-02
5.84811869143699E-02
6.07673517122161E-02
0.064936073559066
5.60754311796985E-02
5.08417653752391E-02
4.93183029588618E-02
4.96773917842804E-02
4.61870682202484E-02
4.26411501039961E-02
4.09917308676847E-02
3.93143991022796E-02
3.76092065881386E-02
3.78693297170921E-02
3.81290394952939E-02
0.0363678886891
3.66131208994738E-02
0.036857936195147
3.71023262571133E-02
3.94210763158321E-02
3.55014756046027E-02
0.046240165563643
0.046536685364522
4.25751233314949E-02
4.07014603470883E-02
4.09560449113732E-02
3.90411592639037E-02
3.92813574039858E-02
3.95210502633525E-02
3.75513284633729E-02
3.77767288541221E-02
4.02370203748323E-02
3.37288463235145E-02
3.39263895972349E-02
3.41234739266493E-02
3.43200931462907E-02
2.99140756474698E-02
3.47119117990128E-02
3.25799591643105E-02
3.51017970447437E-02
3.05898663677613E-02
2.83917608084537E-02
3.09251758614531E-02
0.031092166256448
3.36632229506897E-02
2.90075013845621E-02
0.029160387424066
3.17555817162834E-02
2.94648685674847E-02
3.20844925307626E-02
2.97675984199054E-02
2.74251041666086E-02
2.25514060010298E-02
2.26637487570974E-02
3.03676621224502E-02
2.54304402877553E-02
2.55541050367313E-02
2.56773757880735E-02
0.023220224103312
2.33304490512798E-02
0.023440309909492
2.35498035543763E-02
2.10301572287428E-02
2.37676768096201E-02
2.38760502722038E-02
2.13191504228111E-02
2.14148050178274E-02
2.15101169109437E-02
0.021605083447656
1.89872392416683E-02
1.90697236789901E-02
1.91518990503961E-02
1.92337630922636E-02
2.20746440634715E-02
2.21674836636054E-02
0.022259959797108
2.79400874288308E-02
2.80547644960936E-02
3.09858756214882E-02
0.031110996799785
3.12356011034238E-02
3.13596851772489E-02
3.14832456880209E-02
2.87329812039279E-02
2.88443479967785E-02
0.028955229851247
2.90656238159617E-02
2.91755269590603E-02
2.63564427313018E-02
2.64544642350436E-02
2.36018099448634E-02
2.36881386853056E-02
2.67458211821493E-02
1.78946860911968E-02
1.79585182448653E-02
1.50183685406114E-02
0.015071047039245
1.81481591955314E-02
1.82107488608888E-02
1.82730238212321E-02
2.13908128767851E-02
1.83966231950502E-02
2.46105925606261E-02
0.024691926086267
2.78694330921453E-02
2.79599630330696E-02
2.80500043534079E-02
3.12661719480083E-02
3.13651243877072E-02
2.83171736734443E-02
2.52491001563754E-02
2.53269348638811E-02
2.22287827945857E-02
1.91109473916227E-02
2.55577529059932E-02
3.20422380209072E-02
3.53503889843361E-02
4.18998144114159E-02
4.52535486190815E-02
4.53834155688419E-02
4.55124746576864E-02
4.89007742790274E-02
0.052306464430492
4.91729706759002E-02
4.60205682720213E-02
4.61455401740277E-02
4.62696852353122E-02
4.30792146375864E-02
4.31929480845094E-02
4.66371287283195E-02
0.050097788467433
3.68326365766543E-02
3.35693009698467E-02
3.70191593778449E-02
3.37376538424658E-02
3.72030083495835E-02
3.72939245017172E-02
4.41812864497258E-02
4.42871342848132E-02
4.43921789674724E-02
4.44964179349158E-02
4.80306062350371E-02
4.81411200149434E-02
4.13577925429934E-02
3.79967636929495E-02
3.80815252379939E-02
3.12263937912132E-02
2.78174277655241E-02
2.78775531050204E-02
3.14293151772435E-02
0.027996274150369
2.80548669911107E-02
2.81129461566623E-02
2.81705102487132E-02
2.82275578826342E-02
2.82840876874696E-02
2.83400983059289E-02
3.19450369436763E-02
0.032006876200691
2.85050016749606E-02
2.85589222480466E-02
2.50357774213912E-02
2.14988886108172E-02
2.15381432028174E-02
1.79808338579956E-02
1.80128833043195E-02
1.80446002448475E-02
2.16911807099251E-02
2.53498470378175E-02
2.53928479387796E-02
2.90690047736688E-02
2.91170739924562E-02
2.91646041611565E-02
2.92115941538121E-02
2.56007875007759E-02
2.56409555281043E-02
2.20119840145323E-02
2.57198640295698E-02
2.57586026400512E-02
1.84263306673954E-02
1.84533171502032E-02
2.21759528378581E-02
2.22075128207215E-02
2.22386597859921E-02
1.85578275008164E-02
1.85830931192869E-02
1.86080127500795E-02
2.23591029695896E-02
2.23881740595303E-02
2.24168278879659E-02
0.022445063783089
2.62183612637748E-02
3.00003721825113E-02
2.62818001864276E-02
2.63127841075188E-02
2.63432766983541E-02
2.63732772461458E-02
2.64027850499345E-02
3.39837421121854E-02
3.40204110181764E-02
0.034056443783703
3.40918395683564E-02
3.41265975469321E-02
3.41607169094302E-02
3.79935520678382E-02
3.42270366222122E-02
3.80658171427938E-02
0.041910968648725
4.57622762600145E-02
4.58026382699227E-02
0.042021963316045
3.44105894477846E-02
3.06123798436893E-02
3.06369949516629E-02
2.68284059512237E-02
2.30133754120118E-02
2.30305424526828E-02
2.30472772535303E-02
2.69075093310184E-02
3.07725981253632E-02
3.07931791841884E-02
3.08131819351808E-02
3.08326059151118E-02
3.08514506742686E-02
2.70110013043978E-02
3.08874007989896E-02
3.09045053327104E-02
3.09210289819706E-02
3.09369713646415E-02
3.48213736261261E-02
3.48379997279505E-02
3.48539707064237E-02
2.71205559274867E-02
2.71319578695466E-02
3.10203993663584E-02
0.031032263318831
3.10435434343506E-02
3.49360193840172E-02
0.038830438907777
4.27265825555529E-02
0.034968173085631
3.49775750417288E-02
3.49863186513329E-02
3.49944037126971E-02
0.0311127378127
3.50085974597828E-02
3.50147058180747E-02
3.50201549732676E-02
3.50249447996792E-02
3.50290751868405E-02
3.50325460394961E-02
2.72497223270254E-02
2.33583392242241E-02
2.33593337773855E-02
2.72532032363341E-02
0.027253337234825
3.11462377897135E-02
3.11452179869716E-02
3.11436117408045E-02
3.11414190882512E-02
3.50309700898587E-02
0.03502718412723
3.11313232655173E-02
2.72359374247437E-02
2.72314542261116E-02
2.72264583648375E-02
0.031109657092754
3.11027761453131E-02
3.10953097333805E-02
3.10872580292243E-02
3.49634488709642E-02
3.49530744385395E-02
3.88244913611564E-02
4.26926530373654E-02
4.26775622638798E-02
0.038783335022941
3.87681565349474E-02
3.10017990102559E-02
3.09884896592036E-02
3.09745974822774E-02
3.48301381505321E-02
3.48131991918429E-02
3.09294272738061E-02
3.09132071385282E-02
3.08964059175404E-02
3.08790239994296E-02
0.0308610617863
2.69872047320511E-02
2.69704733821125E-02
2.69532354005188E-02
2.69354911864191E-02
2.30719209863901E-02
2.30558448997956E-02
2.68792253179652E-02
0.023022394630159
1.91708510188336E-02
2.29872161670968E-02
2.29689798767297E-02
2.67753649038353E-02
3.05749537258772E-02
3.05489171723911E-02
3.05223079773271E-02
3.04951267590296E-02
2.66589523806873E-02
2.66341694444708E-02
3.04101573508873E-02
3.03806944933756E-02
2.27629971802945E-02
2.65300553799455E-02
3.02888963592385E-02
2.64750174824914E-02
3.02248634650217E-02
0.026417999121843
3.01585701982474E-02
3.01245778511076E-02
3.38512755926358E-02
3.38117689119469E-02
3.00192275236769E-02
2.99829890561079E-02
2.62029172518001E-02
3.36474389831967E-02
2.98709204517125E-02
2.98324494335408E-02
2.97934224994203E-02
0.029753840565082
3.34279176297579E-02
3.33821423546067E-02
3.33357458861225E-02
3.32887293153889E-02
3.32410937487164E-02
0.033192840307644
3.31439701289427E-02
3.30944843646175E-02
2.93727859394757E-02
2.56617439270133E-02
2.56218241272935E-02
2.19269393496894E-02
2.18919087637104E-02
2.18564726087265E-02
2.18206317238928E-02
2.17843869585386E-02
2.17477391721705E-02
1.80922410287297E-02
1.80610316877702E-02
1.80294886956446E-02
2.15971353630707E-02
2.15584857206569E-02
0.021519438428171
2.14799944164532E-02
2.14401546265497E-02
2.49665733446693E-02
2.49191734486618E-02
2.84243602018174E-02
2.83691424845955E-02
2.47742280984548E-02
2.47250016193321E-02
2.82003673349034E-02
0.024625188687921
1.75532890244821E-02
1.75168360531224E-02
1.74800624553244E-02
1.74429691176791E-02
1.74055569353421E-02
1.38942614496323E-02
1.38638237280623E-02
1.72914164003424E-02
1.38021903698496E-02
1.03282471704372E-02
1.03046635873634E-02
1.02808926013407E-02
1.02569347907158E-02
1.02327907390118E-02
1.02084610349334E-02
1.01839462723715E-02
1.01592470504088E-02
6.75624264888356E-03
1.01092976506038E-02
1.00840486969353E-02
1.00586177322259E-02
1.00330053816021E-02
1.00072122754177E-02
9.9812390492599E-03
9.95508634395675E-03
1.32383397407781E-02
9.90224508547051E-03
9.87555784020968E-03
9.84869373166313E-03
9.82165342697058E-03
9.79443759855754E-03
9.7670469241438E-03
6.49298805783465E-03
6.47449584981095E-03
6.4558884544616E-03
6.43716633777697E-03
6.41832996930746E-03
9.59906973325513E-03
9.57047455958309E-03
9.54171015335167E-03
9.51277724034912E-03
9.48367655175652E-03
9.45440882415927E-03
9.42497479955886E-03
9.39537522538503E-03
1.24874811393443E-02
1.24475765936699E-02
1.24074543485445E-02
1.23671154296625E-02
1.84898413050659E-02
1.84286875650803E-02
1.83672134961297E-02
1.83054206808834E-02
2.12838624986374E-02
2.12110327307062E-02
2.11378367093383E-02
2.10642763330409E-02
2.09903535134334E-02
2.09160701752893E-02
2.67961220441713E-02
2.37330625240079E-02
2.66028126371598E-02
2.94505294222635E-02
2.93418771425015E-02
3.21559994056548E-02
0.03203538918249
2.61116487652904E-02
2.31218525174237E-02
0.020153841217208
2.00757230166724E-02
1.99972684373818E-02
1.13819883310714E-02
1.13367763180258E-02
0.0112913757124
1.68686816071061E-02
1.96000238471398E-02
1.67310819284363E-02
1.66618679432827E-02
1.65923803692332E-02
1.65226211028407E-02
1.64525920529835E-02
0.016382295140928
0.016311732300393
1.62409054776156E-02
1.61698166314187E-02
0.01609846773328
0.016026860767403
1.86141640192541E-02
1.85300274055319E-02
0.01844559674743
1.83608744201062E-02
1.82758628140092E-02
1.81905643349739E-02
1.81049814043193E-02
2.31674354472196E-02
2.30566782232949E-02
2.29455647359842E-02
0.027908342219221
2.77716777165531E-02
3.01468249833999E-02
2.99968164586793E-02
2.98463544863468E-02
2.72208231756741E-02
2.70820805009168E-02
2.69429343387245E-02
0.026803388799433
2.42394982000707E-02
2.41119237860075E-02
2.63823974241069E-02
3.10124407473796E-02
3.08452373146928E-02
3.30374064554323E-02
3.28563943219376E-02
3.03409943460658E-02
3.24929800013784E-02
3.23105889460875E-02
3.44225886894047E-02
3.19444671520581E-02
3.17607477682543E-02
3.15765970264366E-02
3.13920206994564E-02
2.00616586707809E-02
1.99424665131029E-02
2.20255689434272E-02
2.62710654549407E-02
0.023935182917482
2.37882493127022E-02
0.025790197027685
0.02776502370239
2.54679895544051E-02
3.16330163034203E-02
2.93352831884645E-02
3.12279264240882E-02
4.34347489238741E-02
4.31498901061414E-02
4.89880344471969E-02
4.46062348272111E-02
4.22923455171307E-02
4.40058042344665E-02
4.56914421247846E-02
4.14305539855572E-02
0.041142392654332
4.27992183663539E-02
4.44280970307851E-02
4.60289801044163E-02
4.37936754007636E-02
4.53660697336074E-02
4.50339565531704E-02
0.044701420775105
4.06711016838471E-02
4.03655359975694E-02
4.37013999739926E-02
4.51742670825673E-02
4.48258666703863E-02
4.80352718642843E-02
4.76582303724667E-02
4.55296842830259E-02
4.34287715556253E-02
0.043078691617786
4.44374491419313E-02
4.23776599796891E-02
4.87510138220619E-02
4.83436481678299E-02
4.62830393706481E-02
3.93336009057445E-02
3.89958231677013E-02
0.037047113298226
3.67230626553647E-02
3.48162998096029E-02
3.60745157459634E-02
3.57500470781453E-02
3.69657045632653E-02
0.035100789242013
3.32640271885816E-02
3.29533205824527E-02
3.85775733023294E-02
3.82102683402117E-02
0.03784293523311
3.74755908433211E-02
3.99627331324679E-02
3.95671623568719E-02
4.05706219266608E-02
4.29307594503841E-02
4.66052401480692E-02
4.61252533371198E-02
4.83304365022446E-02
4.64941448825325E-02
4.60005647540667E-02
0.046807415023493
0.047586337554403
4.70653451762714E-02
5.03185634556592E-02
4.85121455791778E-02
0.047964085952364
4.74164502432012E-02
4.68692685326484E-02
4.63225712347654E-02
4.34288819698624E-02
5.56686193709531E-02
6.18725009013556E-02
8.26233588105659E-02
0.108434657464815
3.31186976835322E-02
3.37914956294254E-02
2.90562900662806E-02
2.86818135331689E-02
2.83078966822656E-02
2.58653365172805E-02
2.55202203907672E-02
0.025175689771178
2.38384969413042E-02
2.25293991142427E-02
2.22141749160114E-02
2.09474201484899E-02
0.019708612714936
1.84976878096842E-02
2.00484575233764E-02
2.06478767949975E-02
3.35998340844837E-02
3.56991803883157E-02
3.17183051876276E-02
3.29092353217444E-02
3.07262044937662E-02
3.10492992140646E-02
3.05434211449447E-02
3.00390509318304E-02
2.79816933539185E-02
2.82709287404526E-02
3.07882201611485E-02
3.17266720079593E-02
3.18899904575404E-02
3.48763483491519E-02
3.14459967667046E-02
3.42943462114569E-02
2.75940037515031E-02
2.77289839142513E-02
3.10779124494883E-02
4.25284941829314E-02
5.10127471158818E-02
5.05899091554674E-02
4.47739476777748E-02
4.50076608616159E-02
4.40521429293679E-02
4.36612390149827E-02
4.16083085313066E-02
4.06799185286504E-02
3.92335538795165E-02
3.73055709189194E-02
3.79260662924727E-02
3.60447777922284E-02
3.27908759946397E-02
3.66121043691329E-02
3.61388898380389E-02
3.38882484229349E-02
3.29990530999586E-02
0.040041019567781
3.85427754785029E-02
3.78642638932762E-02
3.75549545919055E-02
3.53493650842632E-02
3.43021872331398E-02
3.32639697221834E-02
3.35921652382825E-02
2.53007354252898E-02
2.67076064628404E-02
2.52082018289454E-02
2.46502829950125E-02
2.40805080829208E-02
2.29464636481038E-02
2.23747244719845E-02
2.10233326053973E-02
2.04607291854375E-02
1.72839400168663E-02
1.77168453576693E-02
1.63226652762265E-02
0.015619374640892
9.35347022189912E-03
8.92498015733585E-03
6.94026718110676E-03
4.26049626726164E-03
4.02329747496544E-03
3.79027083898723E-03
3.56148987668342E-03
3.68829556469896E-03
3.63645928088732E-03
3.41338153710494E-03
3.19477302853382E-03
3.14630760802579E-03
3.09731258435621E-03
3.04778468876214E-03
3.1554958306084E-03
2.94711918442826E-03
2.74355730373492E-03
2.84429350983866E-03
2.93901832131888E-03
2.73929864721957E-03
2.54461998812544E-03
2.07800217310957E-03
2.03506248493036E-03
1.99170009613735E-03
2.2076407962577E-03
2.15755104442767E-03
2.10699683221996E-03
2.17692571177899E-03
2.12243859709634E-03
2.06748718948084E-03
2.12386638452084E-03
1.7388828597042E-03
1.68887239939714E-03
1.74091082658039E-03
1.58779740861053E-03
1.72886953607922E-03
1.5782955822151E-03
1.52348612421276E-03
1.46842443524907E-03
1.41314563611958E-03
1.35768868185502E-03
1.22550275238136E-03
1.09977987671617E-03
1.05061998157736E-03
1.00147996642586E-03
9.5241556790109E-04
8.43255263360308E-04
9.11747429639902E-04
8.06314434204137E-04
7.07672290614503E-04
7.10566353517957E-04
7.07674669264728E-04
6.5808628498781E-04
5.71206042755733E-04
5.26309965405776E-04
4.82389648193961E-04
4.1026942462761E-04
3.44933671751291E-04
1.74134285169046E-03
1.48937394741778E-03
1.33563451818437E-03
1.03756057479159E-03
9.26859815138478E-04
7.19341982883929E-04
5.34417296138306E-04
4.68769014401304E-04
3.67665710581426E-04
3.03875328890266E-04
3.6467612574407E-04
2.71630161689555E-04
2.11725482503677E-04
1.45979109046802E-04
9.4484683470593E-05
5.93809069061761E-05
2.67170972325639E-05
7.02723539309357E-06
3.1025764100395E-06
1.18260019696715E-06
3.53796284392759E-07
7.26401162471471E-08
7.74369742342024E-09
1.44595443123123E-09
1.83181293942674E-11
1.20730951858154E-14
4.5627415251464E-21
7.38352338317212E-41
0
0
0
0
0
0
0
0
0
0
0
0
0
0
0
0
0
0
0
0
0
0
0
0
0
0
0
0
0
0
0
0
0
0
0
0
0
0
0
0
0
0
0
0
0
0
0
0
0
0
0
0
0
0
0
0
0
0
0
0
0
0
0
0
0
0
0
0
0
0
0
0
0
0
0
0
0
0
0
0
0
0
0
0
0
0
0
0
0
0
0
0
0
0
0
0
0
0
0
0
0
0
0
0
0
0
0
0
0
0
0
0
0
0
0
0
0
0
0
0
0
0
0
0
0
0
0
0
0
0
0
0
0
0
0
0
0
0
0
0
0
0
0
0
0
0
0
0
0
0
0
0
0
0
0
0
0
0
0
0
0
0
0
0
0
0
0
0
0
0
0
0
0
0
0
0
0
0
0
0
0
0
0
0
0
0
0
0
0
0
""
