0
0
0
0
0
0
0
0
0
0
0
0
0
0
0
0
0
0
0
0
0
0
0
0
0
0
0
0
0
0
0
0
0
0
0
0
0
0
0
0
0
0
0
0
0
0
0
0
0
0
0
0
0
0
0
0
0
0
0
0
0
0
0
0
0
0
0
0
0
0
0
0
0
0
0
0
0
0
0
0
0
0
0
0
0
0
0
0
0
0
0
0
0
0
0
0
0
0
0
0
0
0
0
0
0
0
0
0
0
0
0
0
0
0
0
0
0
0
0
0
0
0
0
0
0
0
0
0
0
0
0
0
0
0
0
0
0
0
0
0
0
0
0
0
0
0
0
0
0
0
0
0
0
0
0
0
0
0
0
0
0
0
0
0
0
0
0
0
0
0
0
0
0
0
0
0
0
0
0
0
0
0
0
0
0
0
0
0
0
0
0
0
0
0
0
0
0
0
0
0
0
0
0
0
0
0
0
0
0
0
0
0
0
0
0
0
0
0
0
0
0
0
0
0
0
0
0
0
0
0
0
0
0
0
0
0
0
0
0
0
0
0
0
0
0
0
0
0
0
0
0
0
0
0
0
0
0
0
0
0
0
0
0
0
0
0
0
0
0
0
0
0
0
0
0
0
0
0
0
0
0
0
0
0
0
0
0
0
0
0
0
0
0
0
0
0
0
0
0
0
0
0
0
0
0
0
0
0
0
0
0
0
0
0
0
0
0
0
0
0
0
0
0
0
0
0
0
0
0
0
0
0
0
0
0
0
0
0
0
0
0
0
0
0
0
0
0
0
0
0
0
0
0
0
0
0
0
0
0
0
0
0
0
0
0
0
0
0
0
0
0
0
0
0
0
0
0
0
0
0
0
0
0
0
0
0
0
0
0
0
0
0
0
0
0
0
0
0
0
0
0
0
0
0
0
0
0
0
0
0
0
0
0
0
0
0
0
0
0
0
0
0
0
0
0
0
0
0
0
0
0
0
0
0
0
0
0
0
0
0
0
0
0
0
0
0
0
0
0
0
0
0
0
0
0
0
0
0
5.88360075423005E-46
1.30917884806238E-18
2.48688366109916E-12
1.60453922850985E-09
6.03210360025872E-08
6.22476349931043E-07
3.17527397762524E-06
1.05760495810658E-05
2.6690575823463E-05
5.27316392212362E-05
9.59112770305277E-05
1.6638274424276E-04
2.66427666694328E-04
3.81597942240892E-04
5.20994341267579E-04
8.21169688338365E-04
1.17550699798933E-03
1.6187676630195E-03
1.30826160231712E-03
1.55653185076003E-03
1.73135357696951E-03
1.89413110549037E-03
2.16126088729888E-03
2.44035402028812E-03
3.03357303481074E-03
3.19804707085344E-03
3.70872951865502E-03
4.46556349858822E-03
4.63891162880969E-03
4.78306131104824E-03
5.41163769666039E-03
5.80640486978353E-03
6.50132550902824E-03
6.92394053400989E-03
7.68423628110041E-03
7.42576473531584E-03
8.21114537779398E-03
9.43091961828114E-03
9.4933138890031E-03
9.51743490423522E-03
9.95530186382178E-03
1.08663135208338E-02
1.18176621063451E-02
1.02473054527249E-02
1.06465316223442E-02
1.10455520653371E-02
9.72757530046886E-03
1.00659970981854E-02
1.10158665527163E-02
1.13729360502918E-02
1.17292281336502E-02
1.14132875532646E-02
1.31302108293847E-02
0.01279262821968
1.24147588738718E-02
1.27465275288029E-02
0.012307939323929
1.34066907014233E-02
1.37350052897652E-02
1.32349134639787E-02
1.18488846655844E-02
1.21161648734535E-02
1.14979152180944E-02
1.17440916201233E-02
1.10669901795232E-02
1.41153989322141E-02
1.63152917445118E-02
0.016631742098853
1.79436620558601E-02
1.82757509781489E-02
1.86063376520426E-02
1.89354143418335E-02
2.03331396825226E-02
2.06772907978902E-02
2.21261370526963E-02
2.36092541993334E-02
2.39842749398473E-02
2.20377410134336E-02
0.022373799996224
0.022708233772297
2.06156686012753E-02
1.96818713983315E-02
2.24543144406329E-02
2.27649825314506E-02
2.30741100690053E-02
2.33816977754479E-02
2.23717606679146E-02
2.13264512334477E-02
2.15957619618566E-02
2.32301899602084E-02
0.024896577724273
2.37952323011963E-02
0.02124316317424
2.29218767849907E-02
2.31830225730591E-02
2.19776372523282E-02
2.07385937028182E-02
1.94661470962208E-02
2.11873108827317E-02
2.14098987421275E-02
2.16313080658124E-02
2.34123646062268E-02
2.36470680720183E-02
2.86566160765931E-02
2.89352424626682E-02
3.57039986954393E-02
3.76790830970242E-02
3.63758885314638E-02
3.67090799464789E-02
3.87240944912091E-02
3.73699651237109E-02
3.76976624269368E-02
3.97518741386163E-02
4.00906463731853E-02
4.04275108320519E-02
4.07624690295182E-02
4.28822842460833E-02
3.78243529788252E-02
4.35713948177676E-02
5.30615102834203E-02
4.97841421275906E-02
4.83060350163597E-02
5.05415488589855E-02
4.90310999006666E-02
4.93904167190812E-02
4.78342220571993E-02
4.81755993468731E-02
5.04555145394508E-02
4.88521780683668E-02
4.91873805686423E-02
4.95205257475993E-02
0.049851613951461
4.81734196355148E-02
4.84873156379953E-02
5.28658406549535E-02
5.52478335362142E-02
5.35352557440194E-02
5.80103519448351E-02
5.62805822502784E-02
4.61351322652961E-02
0.0443006475553
4.66834617324178E-02
4.69549105312059E-02
0.047224548218546
0.047492374367529
5.86125677097932E-02
5.89368151340933E-02
5.92588373955879E-02
5.73720176846686E-02
5.98962033996881E-02
6.24416027413462E-02
6.50079672441908E-02
6.08355434327757E-02
5.88795974369951E-02
0.059174670963249
0.059467594705017
5.74599688384618E-02
5.77374889579097E-02
4.87308685769943E-02
4.66290537418198E-02
4.45037934626257E-02
4.47084097882069E-02
4.49114490989053E-02
4.74872741478138E-02
4.53127928376461E-02
4.79064161005719E-02
4.57078168000517E-02
4.34870112495268E-02
4.36703805499156E-02
4.14160130605133E-02
4.15863595024317E-02
3.92990933099632E-02
2.95925601071324E-02
3.46614297867382E-02
3.72825372795227E-02
3.49314676348744E-02
0.035064727454698
0.042738987690435
4.03745423754686E-02
4.55881630355859E-02
4.82953117601822E-02
0.043366272461448
3.83995759539778E-02
0.038533530444341
3.09329764484549E-02
3.36246259561459E-02
0.036332616873099
3.38491356331408E-02
3.39597421476082E-02
3.66899600825065E-02
3.94357549431983E-02
3.69222626817213E-02
3.70366333691973E-02
0.037149815758265
3.99233667119941E-02
4.00420842543371E-02
4.01595256718355E-02
4.02756899838521E-02
0.040390576211396
4.05041833774907E-02
3.52009757731984E-02
3.52972157457093E-02
0.032669856620066
3.54863617146266E-02
3.28423994224299E-02
3.56710568208779E-02
3.57617332282936E-02
3.58512944412214E-02
3.31751442849348E-02
3.32557550931889E-02
3.61132787598565E-02
0.041767351229575
4.74461423332709E-02
0.047554488623175
4.48577592799459E-02
4.49569723747674E-02
4.50548040948059E-02
3.95073468084718E-02
3.95905296851026E-02
4.25062515009825E-02
4.54322984590184E-02
4.55232093038545E-02
4.56127332346183E-02
4.57008693598412E-02
4.86493428476136E-02
4.87400355937913E-02
0.048829251017802
0.037407108635065
2.88254389954725E-02
2.59877776063548E-02
0.026031876125615
0.023177946843791
2.32157505593307E-02
2.61594632239925E-02
2.62004212985215E-02
2.62405931745431E-02
2.62799784305509E-02
2.63185766519178E-02
2.34278999386554E-02
2.63934103671632E-02
0.026429645066996
2.64650911442681E-02
2.64997482200761E-02
2.94817954699011E-02
2.95185487652624E-02
2.95544241789593E-02
3.25483634556987E-02
3.55482477832694E-02
3.26224572262493E-02
0.035626967271846
3.86368056831304E-02
0.03867658605408
4.76495038624268E-02
4.47146685708848E-02
4.77403793985814E-02
0.044797220754727
5.08147151052328E-02
4.78661151699741E-02
4.79052045495205E-02
4.49464518014511E-02
4.49804501880791E-02
4.50131240466063E-02
4.80474378803157E-02
4.20695302875822E-02
4.20963152238543E-02
3.91131581790053E-02
0.042146172292687
4.21692438662607E-02
4.21910771159291E-02
4.22116717962427E-02
4.52475296522705E-02
4.82847366120595E-02
4.83040253397912E-02
5.13420161943448E-02
5.13595002483782E-02
4.23092179078501E-02
4.53440752349049E-02
4.83792180885106E-02
5.74631312586114E-02
5.74742578213678E-02
6.05091589919533E-02
5.74914608145842E-02
5.74975370501115E-02
5.75019296800593E-02
5.44780787254348E-02
6.05322778348356E-02
6.35581640110834E-02
0.066582031345005
6.65773699349654E-02
6.35448154782367E-02
6.95877533247463E-02
6.95767660986655E-02
6.95637411128901E-02
6.65248229273468E-02
6.34853542601508E-02
5.44010409295608E-02
0.054384469723207
4.83256040049444E-02
0.048308040428334
4.22529277918659E-02
3.62014979510888E-02
3.31697103801025E-02
3.31537409230703E-02
3.61492344696069E-02
3.91404976096979E-02
4.21272652326439E-02
3.60874178524149E-02
3.60646904459824E-02
3.90443110636157E-02
3.90173922029927E-02
3.89893250351992E-02
4.49539729306321E-02
0.047913534821356
4.78747530833195E-02
4.18552397162802E-02
3.88317759733366E-02
4.17811971926268E-02
3.87607300962976E-02
3.87234887664275E-02
3.27335481717263E-02
2.97273625945274E-02
0.029696073972338
2.66975149867551E-02
2.66677718859816E-02
2.66372375966479E-02
2.95621249449588E-02
2.95264408743485E-02
3.24388667205731E-02
3.23976831495093E-02
3.23555346915232E-02
3.23124217986993E-02
3.22683449321807E-02
3.22233045620717E-02
3.21773011673375E-02
3.50512748025836E-02
3.20824072635397E-02
3.78577937113661E-02
3.77988794486115E-02
3.48358431219713E-02
4.34742070824797E-02
4.91892755377702E-02
5.48835130306443E-02
5.19054836477542E-02
4.89359100093752E-02
6.03422585766166E-02
5.73642372290601E-02
6.01208144323767E-02
6.57223419902836E-02
6.84480847149516E-02
6.83142523118369E-02
6.81783392450134E-02
7.08753613154402E-02
7.07294547161847E-02
0.070581385015628
6.76139075142725E-02
6.18453106582958E-02
0.061709306420866
6.15714038166559E-02
7.81856780267593E-02
7.24335285712693E-02
0.075043209726846
0.058228070964691
5.53213288948278E-02
5.79449153270682E-02
3.85337548259309E-02
3.84363649295238E-02
3.83377747463839E-02
3.82379851651925E-02
3.81369970787951E-02
4.07515836256139E-02
0.043350204549493
0.043230686597752
4.04154403575705E-02
4.29875549394327E-02
4.82219362275894E-02
5.07525259414322E-02
4.52759232917698E-02
5.04508636115183E-02
5.02976105129542E-02
5.27818362655494E-02
4.99862666750958E-02
4.72056427200895E-02
4.44402197989676E-02
4.69015346779016E-02
4.15530638254197E-02
4.40029302635084E-02
4.12746304142618E-02
4.11333883029645E-02
4.09907973011195E-02
4.08468584387347E-02
3.81577244449152E-02
4.05549412289705E-02
4.04069649165965E-02
0.037741542011812
3.50936091788581E-02
3.49606050756034E-02
3.48264277644091E-02
3.22131439509001E-02
0.032086374294921
3.19585175925375E-02
3.18295746145548E-02
3.16995461228231E-02
3.39967738596822E-02
0.029018063628492
3.13029550380581E-02
2.87710079186646E-02
2.14844863347059E-02
2.37666313713191E-02
2.36607801230807E-02
2.35540982538336E-02
2.34465862682677E-02
2.10044201937675E-02
0.020906166518815
1.61833521413557E-02
1.84065974797746E-02
2.51862505829813E-02
2.73409304219383E-02
2.49378789024181E-02
0.020300996511694
2.01975303916488E-02
2.00933210734931E-02
1.99883688739782E-02
0.019882674094451
1.97762370203407E-02
2.18545088007133E-02
1.73876773754586E-02
1.94524746351377E-02
2.14923010004586E-02
2.13699178235452E-02
1.91220402363496E-02
1.90104136451267E-02
1.88980464065731E-02
0.018784938639005
1.65965248350716E-02
1.85565018831248E-02
1.84411730228322E-02
2.03612265427442E-02
2.02314383182868E-02
2.21109103101429E-02
2.19663336256042E-02
2.18208520143606E-02
0.021674465362999
2.34841893013218E-02
2.33225196285733E-02
2.31598620567818E-02
2.29962163191762E-02
2.09289502690474E-02
2.64436189411245E-02
2.43742924543994E-02
2.60537025680086E-02
2.58570120268195E-02
3.66559511757867E-02
3.63716618982956E-02
3.42814338224562E-02
3.75880300830099E-02
3.72843166766143E-02
3.87397626619229E-02
4.01642120086411E-02
3.98258556133782E-02
3.77688254130241E-02
4.25471892733819E-02
4.55470344806359E-02
4.17970902355555E-02
3.97621610131111E-02
3.93971140069449E-02
3.90300635115999E-02
3.70501320569015E-02
0.036694529030531
3.63369995947097E-02
3.75417824403808E-02
4.02617375759111E-02
0.039851025396656
4.24718270263571E-02
4.20248058095464E-02
3.71209127672949E-02
3.81862682922427E-02
0.040669556599057
3.30321634329795E-02
2.98156548214737E-02
2.94697255893317E-02
3.74425863592425E-02
3.83633478323853E-02
3.78949619247501E-02
4.54436576624813E-02
4.48691027447205E-02
4.03835574577779E-02
0.039854400730529
4.31280045614235E-02
4.37930512638219E-02
4.19527272173508E-02
4.13607220497464E-02
4.19648001272451E-02
4.84378574729225E-02
4.07309866619379E-02
4.35475559536989E-02
0.046254099669471
5.55111990189274E-02
0.053518491131478
5.26318482216363E-02
5.70207584276814E-02
2.80172590907907E-02
2.54832145305837E-02
2.50224335568515E-02
0.026524341787311
2.69860136143404E-02
2.64630099557632E-02
3.14958203543966E-02
0.029947747988195
2.75462286499126E-02
0.026087707568461
2.55154627240294E-02
2.57723120811235E-02
0.025988487585378
2.77495101027583E-02
2.39777426263218E-02
2.41292695205182E-02
2.27706742714632E-02
2.28791326259007E-02
2.01650842733753E-02
2.09456385204554E-02
2.03338521427588E-02
2.09928433288507E-02
2.03385122844065E-02
2.02793417465343E-02
2.01792680859597E-02
0.018368551878779
1.66369280205685E-02
0.015501459092157
1.39090591070632E-02
1.23966748617577E-02
1.23350919035091E-02
1.17974937710574E-02
1.12610318925541E-02
1.19178902972044E-02
1.20807582263527E-02
1.14520089636737E-02
1.18418185652667E-02
1.05247861920248E-02
9.88961800839816E-03
9.26052861171048E-03
9.94736494359098E-03
9.48364229670254E-03
8.76918749535485E-03
9.10159967280229E-03
7.75821522105403E-03
6.88037871895551E-03
1.07129962277615E-02
9.5934436783414E-03
5.42935228351046E-03
4.66133504805102E-03
4.04764186020075E-03
2.98410195228163E-03
2.72155396798747E-03
2.14203265610399E-03
1.78295001967223E-03
1.40984508726889E-03
1.08139910969045E-03
8.40315650139939E-04
5.78929857458303E-04
3.76430834997542E-04
2.63265628599026E-04
1.51724291827321E-04
8.02568626953349E-05
2.36222193465596E-05
8.95167076524106E-06
2.00891948688777E-06
2.46485391218637E-07
9.40806416655563E-09
3.70976359855193E-11
3.57083177840987E-16
7.40962286583759E-34
0
0
0
0
0
0
0
0
0
0
0
0
0
0
0
0
0
0
0
0
0
0
0
0
0
0
0
0
0
0
0
0
0
0
0
0
0
0
0
0
0
0
0
0
0
0
0
0
0
0
0
0
0
0
0
0
0
0
0
0
0
0
0
0
0
0
0
0
0
0
0
0
0
0
0
0
0
0
0
0
0
0
0
0
0
0
0
0
0
0
0
0
0
0
0
0
0
0
0
0
0
0
0
0
0
0
0
0
0
0
0
0
0
0
0
0
0
0
0
0
0
0
0
0
0
0
0
0
0
0
0
0
0
0
0
0
0
0
0
0
0
0
0
0
0
0
0
0
0
0
0
0
0
0
0
0
0
0
0
0
0
0
0
0
0
0
0
0
0
0
0
0
0
0
0
0
0
0
0
0
0
0
0
0
0
0
0
0
0
0
0
0
0
0
0
0
0
0
0
0
0
0
0
0
0
0
0
0
0
0
0
0
0
0
0
0
0
0
0
0
0
0
0
0
0
0
0
0
0
0
0
0
0
0
0
0
0
0
0
0
0
0
0
0
0
0
0
0
0
0
0
0
0
0
0
0
0
0
0
0
0
0
0
0
0
0
0
0
0
0
0
0
0
0
0
0
0
0
0
0
0
0
0
0
0
0
0
0
0
0
0
0
0
0
0
0
0
0
0
0
0
0
0
0
0
0
0
0
0
0
0
0
0
0
0
0
0
0
0
0
0
0
0
0
0
0
0
0
0
0
0
0
0
0
0
0
0
0
0
0
0
0
0
0
0
0
0
0
0
0
0
0
0
0
0
0
0
0
0
0
0
0
0
0
0
0
0
0
0
0
0
0
0
0
0
0
0
0
0
0
0
0
0
0
0
0
0
0
0
0
0
0
0
0
0
0
0
0
0
0
0
0
0
0
0
0
0
0
0
0
0
""
