0
0
0
0
0
0
0
0
0
0
0
0
0
0
0
0
0
0
0
0
0
0
0
0
0
0
0
0
0
0
0
0
0
0
0
0
0
0
0
0
0
0
0
0
0
0
0
0
0
0
0
0
0
0
0
0
0
0
0
0
0
0
0
0
0
0
0
0
0
0
0
0
0
0
0
0
0
0
0
0
0
0
0
0
0
0
0
0
0
0
0
0
0
0
0
0
0
0
0
0
0
0
0
0
0
0
0
0
0
0
0
0
0
0
0
0
0
0
0
0
0
0
0
0
0
0
0
0
0
0
0
0
0
0
0
0
0
0
0
0
0
0
0
0
0
0
0
0
0
0
0
0
0
0
0
0
0
0
0
0
0
0
0
0
0
0
0
0
0
0
0
0
0
0
0
0
0
0
0
0
0
0
0
0
0
0
0
0
0
0
0
0
0
0
0
0
0
0
0
0
0
0
0
0
0
0
0
0
0
0
0
0
0
0
0
0
0
0
0
0
0
0
0
0
0
0
0
0
0
0
0
0
0
0
0
0
0
0
0
0
0
0
0
0
0
0
0
0
0
0
0
0
0
0
0
0
0
0
0
0
0
0
0
0
0
0
0
0
0
0
0
0
0
0
0
0
0
0
0
0
0
0
0
0
0
0
0
0
0
0
0
0
0
0
0
0
0
0
0
0
0
0
0
0
0
0
0
0
0
0
0
0
0
0
0
0
0
0
0
0
0
0
0
0
0
0
0
0
0
0
0
0
0
0
0
0
0
0
0
0
0
0
0
0
0
0
0
0
0
0
0
0
0
0
0
0
0
0
0
0
0
0
0
0
0
0
0
0
0
0
0
0
0
0
0
0
0
0
0
0
0
0
0
0
0
0
0
0
0
0
0
0
0
0
0
0
0
0
0
0
0
0
0
0
0
0
0
0
0
0
0
0
0
0
0
0
0
0
0
0
0
0
0
0
0
0
0
0
0
0
0
0
0
0
0
0
0
0
0
0
0
0
0
0
0
0
0
0
0
0
0
0
0
0
0
0
0
0
0
0
0
0
0
0
0
0
0
0
0
0
0
0
0
0
0
0
0
0
0
0
0
0
0
0
0
0
0
0
0
0
0
0
0
0
0
0
0
0
0
0
0
1.23887350903633E-50
2.36276523656527E-20
1.80374169389456E-13
2.18595213121002E-10
1.17136626291264E-08
1.51485972181118E-07
9.02958375838973E-07
3.36902778094665E-06
9.7298965952531E-06
2.17025273292844E-05
4.36389515799246E-05
8.17447022089284E-05
1.4506445362741E-04
1.98319342285385E-04
2.66711744158431E-04
3.58106083926543E-04
4.83729080655354E-04
5.85058123263916E-04
7.79415437948691E-04
9.38999999648124E-04
1.11159171092956E-03
1.29617248462015E-03
1.37696838697705E-03
1.63193427921435E-03
1.83815829249724E-03
2.21628994679747E-03
2.54573507757893E-03
6.89984219278021E-03
7.21322976278099E-03
7.83901953928123E-03
8.21874226918079E-03
8.9831989098628E-03
9.18268704905009E-03
1.05935895725788E-02
1.11013377863623E-02
1.12365944746414E-02
1.18798321942838E-02
0.0163032094114
1.69370704103437E-02
1.77712641061042E-02
1.69982626597502E-02
1.80011191979432E-02
1.72718511237859E-02
1.77211165369357E-02
1.81484683197118E-02
0.016304679333296
1.95189215578084E-02
1.26631804599122E-02
6.23285032600781E-03
6.11302772195223E-03
6.3039813564135E-03
6.49401533550345E-03
7.03482345733241E-03
7.59441817608221E-03
7.05815220043351E-03
7.24408550686488E-03
6.64692086943759E-03
6.81127847905161E-03
6.97460356825158E-03
7.1368793193422E-03
6.8687918021794E-03
8.33566567020578E-03
8.96150189922573E-03
1.00620635998532E-02
9.79845566415924E-03
9.99084577356361E-03
1.06667125364867E-02
1.13592621354536E-02
1.35768313661988E-02
0.012793610561321
1.30144345148814E-02
1.21749233309345E-02
1.23750536023354E-02
1.25736725016013E-02
1.33260340736353E-02
1.40938992348279E-02
1.65936615617304E-02
1.62559425036719E-02
1.64886013257828E-02
1.61223257432059E-02
1.63431885018339E-02
1.47220600550156E-02
1.49153064621074E-02
1.51070241754623E-02
1.72093721029572E-02
1.74216368973482E-02
1.69791595157054E-02
1.71803005815745E-02
0.0167113670111
1.69016637465318E-02
1.64068004957068E-02
3.52463744062503E-02
3.28310470869695E-02
3.24713807893078E-02
3.35206661307726E-02
3.38612176694794E-02
3.41989481877652E-02
3.37991075565449E-02
4.15424661099985E-02
4.86744115238799E-02
5.51723430934268E-02
4.65231921798344E-02
4.69399051214983E-02
5.20107505242441E-02
3.28857978524499E-02
0.034744726544328
3.50351395233202E-02
3.53230377672333E-02
3.64177142274824E-02
3.50756194295389E-02
3.69938324192406E-02
3.64496887562424E-02
3.67251656519554E-02
3.61573194886784E-02
0.038115780545058
4.77742391049942E-02
3.52251622149092E-02
3.46053679407014E-02
3.65846588992851E-02
3.50775124896015E-02
3.53103159251036E-02
0.034652426050351
3.66636566671813E-02
3.50958434106767E-02
3.44089084093872E-02
3.55308797687197E-02
2.19970898219969E-02
0.022127745025761
2.31845063023278E-02
2.42506728366502E-02
2.53260897193939E-02
0.024524130912616
2.37103942043713E-02
2.57456704229743E-02
2.58827043046092E-02
2.60183308369377E-02
2.61525533834451E-02
2.53118428059332E-02
2.64167995443321E-02
2.45803976502842E-02
2.46995074121373E-02
1.78684787488095E-02
1.79523884597554E-02
1.80353763343828E-02
1.91239688651816E-02
1.81985937878384E-02
1.62478460919625E-02
1.63183511630867E-02
1.53637916927164E-02
0.015428369463378
1.85906265739565E-02
1.76292844514923E-02
1.76998981635779E-02
0.016724382552115
0.013641252259779
1.47466216359429E-02
1.48019625840162E-02
1.59177891274722E-02
0.014910544397828
1.38949452112096E-02
0.013943737179647
1.29155835993953E-02
1.07995239708205E-02
1.08355651821647E-02
9.78399948719193E-03
9.81554454549579E-03
6.56442955084523E-03
6.5848662017746E-03
6.60500662262226E-03
7.7289929622792E-03
7.75179994611532E-03
7.77426233760412E-03
7.7963804533528E-03
7.81815460045324E-03
7.83958507672343E-03
7.86067217094335E-03
7.88141616308535E-03
7.90181732453899E-03
7.92187591833057E-03
7.94159219933739E-03
7.96096641449667E-03
7.9799988030095E-03
6.85601965417685E-03
6.87174773092064E-03
6.88718339038163E-03
8.05271461484848E-03
8.0700412010216E-03
8.0870272440861E-03
9.26134049643893E-03
9.27997537825955E-03
9.29822169920863E-03
9.31607965583451E-03
1.05002431178013E-02
1.16882890365996E-02
1.17091565083359E-02
1.05565854838485E-02
1.05744941975981E-02
9.41508193582317E-03
8.25144801996857E-03
7.08373774793441E-03
7.09451560833813E-03
7.10500341552464E-03
7.11520126854199E-03
7.1251092626681E-03
7.13472748950132E-03
8.33473204322267E-03
9.5374599864093E-03
9.54912590513502E-03
1.07554566478599E-02
1.19641251223791E-02
1.07795346370044E-02
9.59193140501447E-03
9.60166870102374E-03
9.61102053701456E-03
0.009619986991835
9.62856814049968E-03
9.63676405426515E-03
9.6445748007019E-03
9.65200044376283E-03
1.08664211743294E-02
1.08739087401014E-02
1.20899591741232E-02
1.20973164227994E-02
1.33146118895134E-02
1.08995290565269E-02
9.6932016915151E-03
8.48535484621716E-03
8.48882161651445E-03
8.49195181792069E-03
8.49474547469005E-03
9.71108869531789E-03
8.49932323798975E-03
7.28666346835593E-03
7.28790432631248E-03
8.50366625192316E-03
7.28952085879039E-03
8.50487930328043E-03
8.50498115934451E-03
8.50474657089182E-03
8.50417553613165E-03
8.50326805070324E-03
8.50202410767115E-03
8.50044369751795E-03
8.49852680813421E-03
7.28252007840487E-03
7.28030016874103E-03
7.27779180371806E-03
8.48749412459276E-03
9.69587950359679E-03
9.69138102797204E-03
9.6864978232152E-03
9.68122985099986E-03
9.67557706979276E-03
0.010878231864162
9.66311689797409E-03
9.65630940785748E-03
8.4429772959319E-03
9.64153934503143E-03
9.63357665224807E-03
8.42207517017495E-03
8.41443366488689E-03
8.4064549912138E-03
7.19840492760226E-03
8.38948586751917E-03
8.38049527337761E-03
9.56704825424816E-03
8.36150163387523E-03
8.35149842300777E-03
8.34115750150597E-03
9.52054717389698E-03
9.50795674722131E-03
8.3081075312975E-03
9.4816169203212E-03
9.46786727682669E-03
9.45373097627932E-03
0.008259306899023
8.2462606296861E-03
8.23287566969442E-03
8.21915188772438E-03
8.20508914754624E-03
9.36078549474108E-03
9.34393853983775E-03
1.04925416646949E-02
8.14544570129551E-03
8.12968594589883E-03
6.95450254677694E-03
8.09714660300463E-03
9.23470475526394E-03
1.03670309463521E-02
1.14939790034189E-02
1.14685478483374E-02
1.14426295141054E-02
1.25578460662006E-02
1.25282630895644E-02
1.24981431785872E-02
0.01246748596459
1.35668629821022E-02
1.12768709933367E-02
1.23722866362863E-02
1.12177057084578E-02
0.011187387809067
1.11565792026568E-02
1.11252794716302E-02
1.10934881853471E-02
1.65918073496755E-02
1.43369579043396E-02
1.20946765342762E-02
1.31536780788614E-02
1.31125708753187E-02
1.19816311565712E-02
1.08571465603853E-02
1.08214056477733E-02
9.70665179251986E-03
9.6735915098846E-03
1.17823245179863E-02
0.011740822864222
1.06352480483324E-02
1.05965216061441E-02
1.16130248659967E-02
1.36728390977598E-02
1.36205426589145E-02
1.66985768180284E-02
1.66326044754734E-02
1.55304623854104E-02
1.64982417508309E-02
0.016429848784495
1.73831866919915E-02
1.73087974642113E-02
2.23022348839935E-02
2.11944700770676E-02
2.41135693080324E-02
2.70041195688525E-02
2.88701364632323E-02
2.77435217842317E-02
2.76109910178836E-02
2.55143749772573E-02
2.53886315962323E-02
2.91479357108323E-02
2.70664261648823E-02
2.69266584161599E-02
2.58288106983551E-02
2.56912206522436E-02
2.55522184193741E-02
2.16470892492342E-02
2.15262647729866E-02
2.14042279455368E-02
2.12809754802716E-02
2.29962000083214E-02
4.02328540541226E-02
3.99900507001596E-02
3.79383088768614E-02
3.77020444371187E-02
3.38955664864418E-02
3.36777090076647E-02
2.46531117435657E-02
2.44895488102213E-02
2.51931908355427E-02
2.58834004908701E-02
2.39896845086989E-02
2.29692730089142E-02
2.44933397613312E-02
2.51527969976111E-02
0.02413378663035
2.31256655855438E-02
2.29481732893652E-02
2.19559217347691E-02
2.17817210657566E-02
0.022406209223175
2.30160268084516E-02
2.28239624544418E-02
0.023410583669977
2.39820542317147E-02
2.37713743636637E-02
2.27989247834679E-02
2.18384873579123E-02
0.022382389532543
1.77371755528176E-02
1.68350572030216E-02
1.81202364987589E-02
1.79400014544742E-02
1.70479325804929E-02
1.68720138287529E-02
0.016694638328177
1.72039575263557E-02
1.76967804400747E-02
1.81729154955034E-02
1.73013006811645E-02
1.71011413626921E-02
1.62493838072963E-02
1.34851877088878E-02
1.39538356144902E-02
1.37789399792029E-02
1.48392508429526E-02
1.64760745547681E-02
1.68583461189086E-02
1.84102269263937E-02
0.018153855383591
1.78954758259784E-02
1.76350816645815E-02
1.79330754313674E-02
1.76601040707006E-02
1.79283185973055E-02
1.81771094160916E-02
1.78803823940989E-02
1.91327190363775E-02
1.88049382201392E-02
1.74760873390145E-02
1.96130474502864E-02
1.92507955198452E-02
1.88859216543399E-02
1.80554736900044E-02
1.76946370616702E-02
1.82200614361173E-02
1.78354351759382E-02
2.80873431050165E-02
3.16204055314633E-02
3.61774208280144E-02
3.01610885615252E-02
0.029037350843583
2.83060374518716E-02
2.75703960984201E-02
2.43263615004159E-02
2.67822651568123E-02
2.60144788831262E-02
2.52428465854326E-02
2.41498089178511E-02
2.39965221436886E-02
2.32045094929383E-02
2.44206978148652E-02
2.35516062076736E-02
2.29469099180048E-02
9.23572637853941E-03
8.37262811516174E-03
8.02224624206571E-03
7.89736784842098E-03
7.10601316696723E-03
6.97140189029279E-03
4.86928531104135E-03
4.42884412739723E-03
4.35861445724531E-03
4.10532444159867E-03
3.85387778017402E-03
3.60468091805182E-03
5.37309018758701E-03
5.35757794656555E-03
4.94549654924974E-03
4.96324568827014E-03
8.38582663015227E-03
7.60405848322448E-03
6.29388800836189E-03
5.68887994176685E-03
5.03139308662166E-03
4.40305684304319E-03
3.43096203599303E-03
3.24627056716804E-03
2.79145755926721E-03
2.29926414389654E-03
1.83054117292511E-03
1.43739564212218E-03
1.09420357436337E-03
8.12021728669229E-04
5.68530451871308E-04
3.75840633496727E-04
2.50500597265941E-04
1.38578704804427E-04
6.22729555363993E-05
2.59261140113861E-05
8.47698898445884E-06
1.93653560226156E-06
2.54412951380632E-07
1.26719175522443E-08
9.17340828785759E-11
8.07102397261518E-15
1.49613238490299E-25
1.57023013356682E-146
0
0
0
0
0
0
0
0
0
0
0
0
0
0
0
0
0
0
0
0
0
0
0
0
0
0
0
0
0
0
0
0
0
0
0
0
0
0
0
0
0
0
0
0
0
0
0
0
0
0
0
0
0
0
0
0
0
0
0
0
0
0
0
0
0
0
0
0
0
0
0
0
0
0
0
0
0
0
0
0
0
0
0
0
0
0
0
0
0
0
0
0
0
0
0
0
0
0
0
0
0
0
0
0
0
0
0
0
0
0
0
0
0
0
0
0
0
0
0
0
0
0
0
0
0
0
0
0
0
0
0
0
0
0
0
0
0
0
0
0
0
0
0
0
0
0
0
0
0
0
0
0
0
0
0
0
0
0
0
0
0
0
0
0
0
0
0
0
0
0
0
0
0
0
0
0
0
0
0
0
0
0
0
0
0
0
0
0
0
0
0
0
0
0
0
0
0
0
0
0
0
0
0
0
0
0
0
0
0
0
0
0
0
0
0
0
0
0
0
0
0
0
0
0
0
0
0
0
0
0
0
0
0
0
0
0
0
0
0
0
0
0
0
0
0
0
0
0
0
0
0
0
0
0
0
0
0
0
0
0
0
0
0
0
0
0
0
0
0
0
0
0
0
0
0
0
0
0
0
0
0
0
0
0
0
0
0
0
0
0
0
0
0
0
0
0
0
0
0
0
0
0
0
0
0
0
0
0
0
0
0
0
0
0
0
0
0
0
0
0
0
0
0
0
0
0
0
0
0
0
0
0
0
0
0
0
0
0
0
0
0
0
0
0
0
0
0
0
0
0
0
0
0
0
0
0
0
0
0
0
0
0
0
0
0
0
0
0
0
0
0
0
0
0
0
0
0
0
0
0
0
0
0
0
0
0
0
0
0
0
0
0
0
0
0
0
0
0
0
0
0
0
0
0
0
0
0
0
0
0
0
0
0
0
0
0
0
0
0
0
0
0
0
0
0
0
0
0
0
0
0
0
0
0
0
0
0
0
0
0
0
0
0
0
0
0
0
0
0
0
0
0
0
0
0
0
0
0
0
0
0
0
0
0
""
