0
0
0
0
0
0
0
0
0
0
0
0
0
0
0
0
0
0
0
0
0
0
0
0
0
0
0
0
0
0
0
0
0
0
0
0
0
0
0
0
0
0
0
0
0
0
0
0
0
0
0
0
0
0
0
0
0
0
0
0
0
0
0
0
0
0
0
0
0
0
0
0
0
0
0
0
0
0
0
0
0
0
0
0
0
0
0
0
0
0
0
0
0
0
0
0
0
0
0
0
0
0
0
0
0
0
0
0
0
0
0
0
0
0
0
0
0
0
0
0
0
0
0
0
0
0
0
0
0
0
0
0
0
0
0
0
0
0
0
0
0
0
0
0
0
0
0
0
0
0
0
0
0
0
0
0
0
0
0
0
0
0
0
0
0
0
0
0
0
0
0
0
0
0
0
0
0
0
0
0
0
0
0
0
0
0
0
0
0
0
0
0
0
0
0
0
0
0
0
0
0
0
0
0
0
0
0
0
0
0
0
0
0
0
0
0
0
0
0
0
0
0
0
0
0
0
0
0
0
0
0
0
0
0
0
0
0
0
0
0
0
0
0
0
0
0
0
0
0
0
0
0
0
0
0
0
0
0
0
0
0
0
0
0
0
0
0
0
0
0
0
0
0
0
0
0
0
0
0
0
0
0
0
0
0
0
0
0
0
0
0
0
0
0
0
0
0
0
0
0
0
0
0
0
0
0
0
0
0
8.18348909069598E-82
1.4215894896678E-30
1.27595597014506E-19
8.16014648821959E-15
3.79624334085454E-12
2.00845263338709E-10
3.10504853433005E-09
2.38102121771331E-08
1.03079005486113E-07
3.57757215302674E-07
1.30488603677103E-06
3.11869729040066E-06
5.97237838230447E-06
1.09164855353065E-05
1.74195369022385E-05
2.65227810697306E-05
3.37760180056335E-05
6.97575102613875E-05
9.03658183306669E-05
1.39617140650366E-04
1.93307748173037E-04
2.41949365831996E-04
3.0428060632638E-04
3.35583388861207E-04
3.98524130732586E-04
4.85618935521911E-04
5.62234618696313E-04
5.86249509296825E-04
6.93301173678063E-04
7.79960973887454E-04
8.82476562144582E-04
9.91344905381885E-04
1.0058344756477E-03
6.2950612665718E-04
6.68694802203492E-04
9.48117022606894E-04
7.62572049921148E-04
8.19817526135878E-04
8.78055694449416E-04
9.86496827881142E-04
1.10201168401251E-03
1.16894004163775E-03
1.23650100972365E-03
1.36671916568259E-03
2.97511758508726E-03
3.33038327391765E-03
3.34619887644259E-03
3.34926397094162E-03
2.00362891984488E-03
3.72582175774116E-03
3.91915731573357E-03
4.0714473638198E-03
3.94807771171582E-03
3.99482914665452E-03
4.13302528931845E-03
4.32161525066901E-03
4.46047660465397E-03
4.65284933244081E-03
1.28160464270687E-03
1.31865168135222E-03
1.23762539146535E-03
1.27106698439136E-03
1.42852034271584E-03
1.40100093878606E-03
1.56584308217365E-03
1.5362630205544E-03
1.57166609501131E-03
1.60680275342281E-03
1.71304451439921E-03
1.89489828509356E-03
1.93368139071563E-03
1.97214370069622E-03
2.01028199724154E-03
2.04809363680897E-03
2.0855765053812E-03
2.20437239904276E-03
1.9103710426918E-03
1.94264938410397E-03
2.06048702083299E-03
2.09355448088905E-03
2.03771858361307E-03
2.06882052431106E-03
0.001917053126309
1.66707142376234E-03
1.69072693138856E-03
1.71415596780495E-03
1.73735971214618E-03
1.76033945987069E-03
1.58497476600782E-03
1.60500681218899E-03
1.72639646411821E-03
1.74726743372409E-03
1.76793427807611E-03
2.10399845453253E-03
2.12783811650726E-03
2.04387157848944E-03
2.06607667525349E-03
2.08806357943242E-03
1.99879048661959E-03
1.90703430691028E-03
1.92613255723739E-03
1.94504327434193E-03
1.65554315927386E-03
1.47491171502163E-03
1.40380662732552E-03
0.001456186139508
1.50913064633825E-03
1.56262999262829E-03
1.61667416259334E-03
1.51932116242931E-03
1.56941600021555E-03
1.13398569594899E-03
1.00260194921856E-03
1.20573499189614E-03
1.06463827714932E-03
1.27872549130441E-03
1.50362491408516E-03
1.54618434245214E-03
1.78770658339171E-03
2.04035400409569E-03
2.09476280616567E-03
2.14955947260302E-03
2.20473652762677E-03
2.48631525978096E-03
2.54782266237181E-03
2.37247682140483E-03
2.42910273443103E-03
2.7346805072677E-03
3.30639570078923E-03
3.38132640716669E-03
3.45667856934626E-03
3.80417004242716E-03
3.60861307122986E-03
3.40170332698194E-03
3.47273720813559E-03
3.54412159438119E-03
3.31452832874858E-03
3.07326031725681E-03
3.13358689398109E-03
3.19418137527687E-03
3.25503791171916E-03
3.3161507295076E-03
3.71526554195923E-03
3.78303473195137E-03
3.85106726159503E-03
3.91935709717653E-03
3.9878982806579E-03
4.42547446718458E-03
4.12571122902672E-03
2.66952728224453E-03
2.71374721063982E-03
3.15212436744726E-03
3.60335390641716E-03
3.66074106286258E-03
4.13144107011686E-03
4.19557471079848E-03
4.25988619608944E-03
4.75680786461576E-03
4.38902379538061E-03
4.00845653348008E-03
4.0669349395183E-03
4.12555255974903E-03
3.25445972887647E-03
3.30025840182868E-03
3.82417835063601E-03
6.78429932673898E-03
6.87647244819215E-03
6.96882554795813E-03
8.07011743962014E-03
7.66505172796976E-03
7.7645425336523E-03
7.33992133329512E-03
7.43308756197383E-03
6.98879952248496E-03
5.9870262545246E-03
6.06055877648313E-03
6.13419292142596E-03
7.33663803534367E-03
7.99495369320285E-03
8.08902604753032E-03
8.18320668409492E-03
8.27749046711368E-03
8.96986318964031E-03
9.07108626017924E-03
8.56091007488715E-03
9.89206407289647E-03
1.06253402991836E-02
1.13722428492973E-02
1.14942134999925E-02
0.012261614265025
1.17383947192736E-02
1.18605932075412E-02
0.011982855651541
1.41227055025932E-02
1.49447819082118E-02
1.50944052298072E-02
0.015936990868663
1.67932297256185E-02
1.69565949793728E-02
1.64066588097307E-02
1.51229861824292E-02
1.52659942442433E-02
1.54090106340094E-02
1.62926018374531E-02
1.64424261560617E-02
1.65922394825197E-02
0.019786041778524
1.99630450474222E-02
0.019365396716002
1.95355162790034E-02
0.019705587194862
0.019875602402533
1.84419105041307E-02
1.94068202135692E-02
2.20160635023514E-02
2.30215628529708E-02
1.98956154969342E-02
2.00583697623354E-02
2.19061099081131E-02
2.20822045426984E-02
2.22581776215721E-02
2.76111044147989E-02
2.86969674509089E-02
2.89198034584647E-02
2.91424509965683E-02
0.027585210661569
0.026000826284541
0.024389328404012
0.025480839561645
0.025668847240376
2.58566530258007E-02
0.026974401880836
2.62316316595843E-02
2.54752627468348E-02
2.56555170806652E-02
2.58355442696679E-02
2.60153379536677E-02
2.71650729937329E-02
3.12583106132798E-02
3.14705244615715E-02
3.16824319139872E-02
3.18940256811399E-02
3.21052985217422E-02
3.33261258434094E-02
3.45597809890548E-02
7.36585195099156E-02
7.72196190187551E-02
7.25300596229499E-02
6.04755062096116E-02
7.13460761352855E-02
5.80646591480585E-02
5.52356037163735E-02
5.55730764587692E-02
5.48347127445531E-02
0.057327728272895
7.29031833458016E-02
7.22400445962388E-02
7.26641383603218E-02
6.86578079501066E-02
5.34615621548736E-02
5.71285286673038E-02
6.98453467259307E-02
7.59039121147502E-02
7.97465278107967E-02
8.36261250206407E-02
0.103668817478069
0.104235578748671
0.116445520568985
0.117072188327584
0.117697293921182
0.118320818390942
0.118942742893696
0.119563048701098
0.120181717198808
0.120798729885685
0.121414068373001
0.122027714383677
0.122639649751527
0.123249856420528
0.1238583164441
0.124465011984405
0.125069925311661
0.125673038803472
0.126274334944173
0.126873796324189
0.12747140563941
0.128067145690578
0.128660999382689
0.12925294972441
0.129842979827508
0.13043107290629
0.12839686803152
0.106597118899647
8.32756451099478E-02
6.10713216986685E-02
6.13372751713892E-02
5.75847514616664E-02
0.119697968169032
0.128310898606578
0.119357941964223
0.121219643622528
0.124458473710414
0.104371658532594
0.111692973299966
0.112145980736891
0.112597224927559
0.111651055358863
0.112093209246852
0.112533585377282
0.112972171807821
0.113408956671126
0.115266977276759
0.135704026087514
0.13334849675278
0.13672619178647
0.138678536805677
0.140639303021921
0.141153218541475
0.113916055124599
0.120188454302145
0.119146100904726
0.119567509042759
0.119986954734768
0.121890901336001
0.12231151853275
0.124226824441207
0.127652048320374
0.125068050204603
0.120949929602513
0.122867206911108
0.123270561266887
0.123671856314605
0.124071081650217
0.124468226940752
0.131029369920418
0.129895356276184
0.131851874362815
0.130703796193121
0.13110470698343
0.131503397935227
0.136610568089052
0.137018868136642
0.135845241751762
0.134659995609185
0.136640895767001
0.135441793555776
0.150211139584159
0.152239538089404
7.23161057199958E-02
0.106359005731212
0.137355570353843
0.139351635834754
0.138104590796193
0.146621148812343
0.137210614880422
0.139210217002731
0.139573947533817
0.108655611381539
0.103982713029771
0.15554299127893
0.147640079158965
0.149671171175635
0.150040775505984
0.15375015494367
0.152447362110608
0.154492364452319
0.158225924645774
0.15859818165157
0.147129639012402
0.147469015342071
0.146106882159322
0.146437224458091
0.146764987966537
0.145379813886176
0.15941145842062
0.158039659985746
0.163543708745222
0.163891398012489
0.157320978615513
0.155916062235054
0.154501215099379
0.149597509836032
0.149899054655508
0.150197936097731
0.148744214960054
0.143774299414559
0.144051619622917
0.146086450762313
0.146361950007755
0.148401522554616
0.150444989535702
0.175543403559715
0.177635863196989
0.177951979469843
0.178264910452761
0.178574648610179
0.178881186488986
0.179184516718508
0.179484632010489
0.179781525159074
0.180075189040794
0.180365616614553
0.180652800921613
0.180936735085579
0.181217412312392
0.181494825890315
0.181768969189924
0.182039835664098
0.182307418848009
0.182571712359118
0.182832709897164
0.183090405244159
0.139342042120931
0.132189022731151
0.126852095863128
0.112293706377085
0.112440773717759
0.118122811821956
0.120120849086971
0.118420716883066
0.129682055664357
0.137258477507599
0.13742200595151
0.135723810031562
0.135880204101953
0.139761092804424
0.139916696995988
0.140069758317976
0.140220273155538
0.142239814461584
0.142387164549435
0.142531923585644
0.137042216256259
0.137176273798602
0.188092921798556
0.188269713015276
0.188443073322104
0.18861299863955
0.188779484970398
0.188942528399709
0.189102125094825
0.189258271305371
0.189410963363266
0.189560197682717
0.189705970760234
0.189848279174628
0.189987119587016
0.190122488740829
0.190254383461812
0.190382800658033
0.190507737319885
0.19062919052009
0.190747157413707
0.190861635238133
0.190972621313108
0.191080113040722
0.191184107905418
0.191284603473996
0.191381597395615
0.191475087401805
0.191565071306461
0.191651547005855
0.191734512478636
0.191813965785836
0.19188990507087
0.191962328559547
0.192031234560064
0.192096621463017
0.192158487741401
0.192216831950615
0.192271652728461
0.192322948795151
0.19237071895331
0.192414962087973
0.192455677166594
0.192492863239045
0.192526519437617
0.192556644977026
0.192583239154409
0.188754175322343
0.136764340026884
7.70567310888719E-02
7.51351735178365E-02
7.32120238966455E-02
7.32140743238459E-02
7.12880770556106E-02
6.55073941753707E-02
7.89920761185386E-02
7.51353955259775E-02
0.071277757080375
8.28295152785274E-02
8.66733478799009E-02
8.85889009127791E-02
0.11360931596753
6.54595970829414E-02
6.54482184249013E-02
7.12093725001085E-02
0.178948031246553
0.178907061283754
0.178862811135596
0.180738026800845
0.18068667314149
0.180632007390086
0.180574030822941
0.188194138189301
0.18620713426801
0.188056005477626
0.18606358861182
0.172564981127147
0.172490481883114
0.181991313525076
0.181906007717879
0.181817371004928
0.183638304463646
0.183542009159135
0.185353212265572
0.133684937268283
0.139333408807791
0.139249976812489
0.137257641557351
0.131454899566179
0.178966221653879
0.180748298761391
0.167314099956896
0.169095083965439
0.168971681809877
0.115725356982896
0.12321927334674
0.121228201140859
0.130593924878822
0.130486311903032
0.12848680610112
0.10572146311276
0.135807858303767
0.139454690646793
0.13179537608136
0.131671751110521
0.133424951933217
0.137049477812905
0.135037537546633
0.144268621614177
0.144119473575942
0.15144654547574
0.15315184262864
0.152984644976958
0.15095107340841
0.150780425698637
0.150607039479173
0.176431324577543
0.111297828132608
0.101899716178192
0.127680830656488
0.133065934736695
0.129205695577039
0.114292032721409
0.114142665467108
0.12686120997534
0.132198661594176
0.166856105513665
0.166624775132794
0.159076568651519
0.146068648198152
0.182321693552426
0.18205428684398
0.181783596500476
0.18150962898232
0.181232390832216
0.180951888675168
0.180668129218493
0.180381119251831
0.180090865647154
0.176201427851602
0.177705648869144
0.177408705830398
0.173530628514969
0.173233453657303
0.167584725458614
0.177968863091415
0.177652917657868
0.177333794141282
0.17701150023776
0.176686043725918
0.176357432466913
0.176025674404464
0.175690777564877
0.175352750057074
0.175011600072619
0.174667335885751
0.174319965853409
0.173969498415271
0.173615942093783
0.173259305494197
0.172899597304609
0.172536826295992
0.172171001322245
0.171802131320227
0.171430225309806
0.171055292393901
0.170677341758534
0.170296382672872
0.169912424489288
0.169525476643406
0.16913554865416
0.158618091116419
0.116159285609362
0.157871101450453
0.157493454847643
0.157113052825685
0.15672990480345
0.15634402027854
0.154296308733452
0.153909143082795
0.148567063257056
0.138308064133624
0.101821075096955
0.103193858167574
9.47541192756455E-02
0.094502729282916
9.42497057454795E-02
7.61684066476282E-02
7.59607383373598E-02
7.41400222320915E-02
7.39342168534617E-02
0.131426643491252
0.131055254516778
0.127494263745971
0.130305750423635
0.129927654302812
0.134286878468508
0.13389036419981
0.13349157236547
0.133090513140224
0.129565145083341
0.129169124557054
0.130322377096303
0.153116670951473
0.154178314592421
0.153690731312454
0.153200566728616
0.152707833505407
0.152212544394873
0.091028827342079
0.14667791946013
0.137147438225079
0.136687539347731
0.137722355965986
0.138744711001625
0.14867504542244
0.148159778857258
0.147642075145597
0.147121947926204
0.146599410927737
0.146074477969022
0.145547162959306
0.145017479898525
0.14448544287757
0.143951066078568
0.143414363775164
0.142875350332816
0.142334040209091
0.141790447953972
0.141244588210175
0.140696475713471
0.140146125293011
0.139593551871671
0.139038770466398
0.13848179618856
0.137922644244317
0.13736132993499
0.136797868657444
0.136232275904481
0.135664567265237
0.135094758425598
0.121070578651756
0.119214524003703
0.118701871230718
0.118187405989808
0.132214767053633
0.131632691887356
0.129738142776765
0.130462595069768
0.12987460647114
0.120234752353304
0.120971262348763
0.121694126344128
9.30775120501122E-02
9.51794488366745E-02
0.111149781079895
0.1093636730686
0.107588025290427
0.105822907177495
0.104068387551148
0.089996277434373
0.055202606320027
5.24860646584365E-02
5.58656479980835E-02
5.19576795002111E-02
5.16924024992815E-02
5.74062285476079E-02
5.59187628213171E-02
5.56264989318371E-02
8.71208023660794E-02
8.66582866952573E-02
9.08537826055904E-02
8.92053315916286E-02
0.11061256951597
0.106568948815381
0.105980588744442
9.85914540570543E-02
9.80385178242606E-02
0.107568926811026
0.111412572038612
0.110772791387768
0.110131643635006
0.10948914906592
0.108845328093409
0.108200201258804
0.10755378923301
0.106906112817684
0.10625719294643
0.105607050686031
0.104955707237699
0.104303183938358
0.103649502261958
0.10299468382081
0.102338750366962
0.101681723793597
0.101023626136464
0.100364479575347
9.97043064355568E-02
9.90431291894667E-02
8.75590637076862E-02
8.69688891812157E-02
9.70537997761336E-02
9.63888338252862E-02
9.57229783919192E-02
9.50562568648822E-02
9.43886927918045E-02
9.37203098809181E-02
9.30511320029284E-02
9.23811831929227E-02
9.17104876523229E-02
0.090128679053372
9.03669540287195E-02
8.96941651984193E-02
8.90207281471509E-02
8.83466679388555E-02
8.76720098164755E-02
8.69967792042332E-02
8.63210017099612E-02
0.082218915002387
8.24188721558929E-02
8.26048338815155E-02
8.36129416305549E-02
8.29348204398264E-02
8.22563100071353E-02
8.15774372953866E-02
8.08982294717235E-02
8.02187139103723E-02
7.95389181955559E-02
0.078858870124465
7.81785977103026E-02
7.74981291853914E-02
7.68174930043599E-02
7.61367178473874E-02
7.54558326235342E-02
6.95406258209504E-02
6.89072793619625E-02
6.09326315915375E-02
5.74581041806634E-02
7.20507837746645E-02
0.071369858495278
7.06890322165511E-02
4.27050848426703E-02
4.29832362480794E-02
4.53073218787937E-02
2.65072619964646E-02
2.75878649653607E-02
2.86413973586766E-02
2.70307452235973E-02
2.67523960567537E-02
2.58284930813603E-02
2.81129811361627E-02
2.84469745045426E-02
4.06499252660421E-02
4.08287327264508E-02
4.46655190972715E-02
4.65928236318036E-02
4.60731851770274E-02
4.55540568664479E-02
4.38657140186755E-02
4.16266987466034E-02
3.14285793330997E-02
3.16241476037522E-02
3.57128695458735E-02
4.13489316191046E-02
4.03029017712432E-02
5.37958130330208E-02
0.053129244529685
5.24637145828733E-02
5.17992629206942E-02
5.11359296858427E-02
5.04737554431731E-02
4.98127811874406E-02
4.91530483512114E-02
0.048494598812949
4.78374749052761E-02
4.71817194234188E-02
4.65273756338338E-02
0.045874487283023
0.04522309860654
0.044573254338189
4.39249997194224E-02
4.32783805089381E-02
0.042633442992482
4.19902339928548E-02
4.13488008801326E-02
4.07091915820974E-02
0.040071454594885
0.039435638993853
3.88017944446679E-02
3.81699712146176E-02
3.75402201841513E-02
3.69125928586473E-02
3.62871413804102E-02
3.56639185409038E-02
3.50429777932144E-02
3.44243732647528E-02
3.27939149770828E-02
3.28624488963778E-02
3.19314660838631E-02
3.13349357392824E-02
3.10546538504587E-02
3.07649261070686E-02
3.01642501000166E-02
2.95663692090432E-02
2.89713442408664E-02
2.83792368164308E-02
2.77901093861455E-02
2.72040252453311E-02
2.66210485498701E-02
2.60412443320507E-02
2.54646785165951E-02
2.48914179368598E-02
1.58089947282786E-02
0.020191821790545
2.31921499196554E-02
2.26327973646514E-02
2.20770984190584E-02
2.15251257161126E-02
2.09769529146272E-02
2.04326547159537E-02
1.98923068809247E-02
1.93559862467443E-02
1.88237707437857E-02
0.018295739412255
1.77719724186735E-02
1.72525510721269E-02
1.67375578402233E-02
1.62270763646976E-02
1.57211914765951E-02
1.52199892109569E-02
1.47235568209218E-02
1.42319827911609E-02
0.013745356850537
1.32637699838856E-02
1.27873144427964E-02
1.23160837552634E-02
1.18501727340648E-02
1.14473729776075E-02
1.13361923708567E-02
1.12239092467144E-02
1.11105121140688E-02
1.09959895821053E-02
1.07715270786608E-02
1.03329824576444E-02
1.06455576654914E-02
0.010105365552221
1.04061072301869E-02
1.02846017520931E-02
0.010161896062447
1.00379805460105E-02
9.91284596739235E-03
9.7864835159505E-03
9.65888485426413E-03
9.53004217044395E-03
9.3999482345692E-03
9.2685964595619E-03
9.13598096683042E-03
9.00209665704046E-03
8.86693928639561E-03
8.73050554883909E-03
8.5927931646161E-03
8.45380097566862E-03
8.31352904836696E-03
8.17197878411675E-03
8.02915303841791E-03
7.8850562489895E-03
7.73969457361529E-03
7.59307603840578E-03
7.44521069721688E-03
7.29611080300811E-03
7.07433308204997E-03
6.92432579647802E-03
6.29423821897087E-03
6.21955953456678E-03
6.01008419032178E-03
5.93023656227605E-03
2.92313059536898E-03
4.42469277676602E-03
4.7216233395539E-03
4.53609493259818E-03
4.24145701994632E-03
4.1726325611499E-03
4.09997043610398E-03
3.92164197387596E-03
1.23227190813794E-03
1.14350275721264E-03
1.19591032787409E-03
1.15293592073089E-03
9.81834514052966E-04
9.84769081490036E-04
9.8439364235077E-04
9.43024010762466E-04
8.29591739746056E-04
7.57286675270634E-04
7.2119244928803E-04
7.16430907167607E-04
6.79126805201793E-04
6.7003001443667E-04
6.31764328303384E-04
5.6917065873194E-04
5.10173394202257E-04
4.98083410499899E-04
4.8354860471441E-04
4.48057101395499E-04
4.13344708711448E-04
4.42744315564297E-04
4.04361366989815E-04
4.32761683938096E-04
3.78678036234085E-04
3.39343742825604E-04
5.28099391121782E-04
4.57334405421396E-04
3.63139722872633E-04
3.13843744819572E-04
2.94844345475864E-04
2.39433192448711E-04
2.02488886079124E-04
1.43784089049165E-04
1.00326926384917E-04
1.05224758143126E-04
7.8663751364061E-05
6.77471959544958E-05
7.19383792278181E-05
5.21400203921671E-05
3.37033414205974E-05
2.04314863342679E-05
1.14396971282098E-05
5.79548649384045E-06
2.58244075272375E-06
9.72336071297719E-07
2.91692503303835E-07
6.37381158788741E-08
8.78346053412305E-09
5.96277099502405E-10
1.25650206425892E-11
3.09946176913004E-14
7.52368146157996E-19
3.08192978059036E-29
2.31181002220917E-74
0
0
0
0
0
0
0
0
0
0
0
0
0
0
0
0
0
0
0
0
0
0
0
0
0
0
0
0
0
0
0
0
0
0
0
0
0
0
0
0
0
0
0
0
0
0
0
0
0
0
0
0
0
0
0
0
0
0
0
0
0
0
0
0
0
0
0
0
0
0
0
0
0
0
0
0
0
0
0
0
0
0
0
0
0
0
0
0
0
0
0
0
0
0
0
0
0
0
0
0
0
0
0
0
0
0
0
0
0
0
0
0
0
0
0
0
0
0
0
0
0
0
0
0
0
0
0
0
0
0
0
0
0
0
0
0
0
0
0
0
0
0
0
0
0
0
0
0
0
0
0
0
0
0
0
0
0
0
0
0
""
