0
0
0
0
0
0
0
0
0
0
0
0
0
0
0
0
0
0
0
0
0
0
0
0
0
0
0
0
0
0
0
0
0
0
0
0
0
0
0
0
0
0
0
0
0
0
0
0
0
0
0
0
0
0
0
0
0
0
0
0
0
0
0
0
0
0
0
0
0
0
0
0
0
0
0
0
0
0
0
0
0
0
0
0
0
0
0
0
0
0
0
0
0
0
0
0
0
0
0
0
0
0
0
0
0
0
0
0
0
0
0
0
0
0
0
0
0
0
0
0
0
0
0
0
0
0
0
0
0
0
0
0
0
0
0
0
0
0
0
0
0
0
0
0
0
0
0
0
0
0
0
0
0
0
0
0
0
0
0
0
0
0
0
0
0
0
0
0
0
0
0
0
0
0
0
0
0
0
0
0
0
0
0
0
0
0
0
0
0
0
0
0
0
0
0
0
0
0
0
0
0
0
0
0
0
0
0
0
0
0
0
0
0
0
0
0
0
0
0
0
0
0
0
0
0
0
0
0
0
0
0
0
0
0
0
0
0
0
0
0
0
0
0
0
0
0
0
0
0
0
0
0
0
0
0
0
0
0
0
0
0
0
0
0
0
0
0
0
0
0
0
0
0
0
0
0
0
0
0
0
0
0
0
0
0
0
0
0
0
0
0
0
0
0
0
0
0
0
0
0
0
0
0
0
0
0
0
0
0
0
0
0
0
0
0
0
0
0
0
0
0
0
0
0
0
0
0
0
0
0
0
0
0
0
0
0
0
0
0
0
0
0
0
0
0
0
0
0
0
0
0
0
0
0
0
0
0
0
0
0
0
0
0
0
0
0
0
0
0
0
0
0
0
0
0
0
0
0
0
0
7.02292115070308E-40
6.5804988855124E-19
2.56314523117519E-13
1.58964708095289E-10
6.67583656260409E-09
8.86324853035858E-08
5.45313662941669E-07
2.07300498341536E-06
5.53432258126344E-06
1.2013169311333E-05
2.38113006038378E-05
4.33756143966157E-05
6.49432109354286E-05
9.34294702724082E-05
1.38937537973033E-04
2.02506766646906E-04
2.22548138404938E-04
2.72179340496415E-04
3.34921923738604E-04
3.65759568464439E-04
4.47867049318922E-04
1.02661121340758E-03
1.22064150798984E-03
1.47838670263897E-03
1.76550026651401E-03
1.96815590023056E-03
2.58646215206378E-03
1.8007210348754E-03
1.24653069285575E-03
1.35184354401365E-03
1.45838809430346E-03
2.79959936733435E-03
2.89154573004932E-03
2.9711333544251E-03
2.92330383311196E-03
2.84915950681636E-03
3.13196877604694E-03
3.15873457293006E-03
2.53744502923241E-03
2.88236665923547E-03
3.1445301820168E-03
3.41704923874674E-03
3.2253674911513E-03
3.2756522948464E-03
3.52357187408191E-03
4.01540110250024E-03
3.28440362084349E-03
3.90847692082932E-03
4.44693571989683E-03
6.24596743558821E-03
7.74924372336101E-03
7.68372678047157E-03
8.2917627884249E-03
8.16809504975097E-03
8.59329165538311E-03
9.02635618793965E-03
8.58640737019854E-03
9.22343982410616E-03
9.64701615311139E-03
9.82517910994173E-03
1.57702840196234E-02
0.017803629403952
1.76771271528825E-02
1.63059922671188E-02
2.49456213057659E-02
3.10016803157141E-02
3.21430364050452E-02
2.74613105476978E-02
2.70017170078591E-02
2.79243682174299E-02
3.34121222872416E-02
3.37166578905281E-02
3.55991094015605E-02
4.17123392892076E-02
4.29815094437244E-02
4.42607281936883E-02
4.55496882607975E-02
4.68480905135573E-02
4.81556437164886E-02
4.94720642844646E-02
5.07970760427951E-02
5.21304099929139E-02
5.34718040841632E-02
5.48210029916534E-02
5.61777579002814E-02
5.75418262949874E-02
5.89129717571917E-02
6.02909637674295E-02
4.50231715852824E-02
4.54079474698863E-02
1.80498635531425E-02
1.71254155347869E-02
1.61462263681822E-02
1.71726201486608E-02
1.68264961818643E-02
1.85992336327718E-02
1.82414087264703E-02
1.71121339684393E-02
1.82016431256202E-02
1.85482208543303E-02
1.88958323827897E-02
1.92444380090842E-02
2.04104155182361E-02
0.01994447705118
1.94501754820757E-02
0.018927367436426
2.45012216973927E-02
2.31343994771098E-02
2.35184650725856E-02
2.29839374442529E-02
2.33546668616767E-02
2.46751060118332E-02
2.50620182106674E-02
2.64283857396649E-02
2.68314456917952E-02
2.72350883791657E-02
2.96866351115663E-02
3.84306546444374E-02
0.015805104183356
1.70991637439905E-02
1.51723260849571E-02
1.75806725317282E-02
0.016707900168505
1.69341066071266E-02
1.71604840251581E-02
1.73870169017321E-02
1.76136899767617E-02
1.78404882436452E-02
1.80673969422174E-02
1.58551480116823E-02
1.72867219329717E-02
0.014998913265261
1.51806792803496E-02
1.40822709252604E-02
0.015544296809824
0.015726127020019
1.72336207237878E-02
1.74305931205638E-02
1.62715789338588E-02
1.50822371660307E-02
1.66350805514389E-02
2.10209525012012E-02
1.98314485126806E-02
2.00432615297729E-02
0.02025498388765
2.19285052514474E-02
2.21551221736827E-02
2.38737152767737E-02
2.26079519462578E-02
2.28341429386811E-02
2.15228256415455E-02
2.17336219682675E-02
2.35116921091943E-02
0.025319643438639
2.55599297979038E-02
2.57999865840721E-02
2.44123154833885E-02
0.024636908534476
2.81760911052705E-02
2.84300642935281E-02
0.028683738475906
2.72349204831827E-02
2.57560123998976E-02
2.59789951703604E-02
2.62016771869477E-02
2.64240494712267E-02
0.026646103141701
3.04502066667266E-02
3.07011155331044E-02
2.91309494058013E-02
0.02202476587075
0.024051116244116
2.23769989078788E-02
2.44320535900944E-02
2.46220234805292E-02
2.48116514750958E-02
2.50009306295844E-02
2.71275351494768E-02
2.92827865132797E-02
2.94999307117511E-02
2.97166411179373E-02
2.79373827555816E-02
3.01487300783752E-02
3.23883664766644E-02
3.46561922356833E-02
3.28463162145291E-02
3.30745292642812E-02
3.33022241326257E-02
2.72426319580084E-02
2.95365252268106E-02
2.76104754092607E-02
3.20696906134781E-02
3.44326606748388E-02
3.24910203077523E-02
3.70610048026276E-02
3.51042255897887E-02
3.53269208783321E-02
0.035549024492285
3.57705294204443E-02
3.37419644151563E-02
3.39484832467684E-02
3.64313828416537E-02
3.66504240603648E-02
3.22602283409667E-02
3.01328634375779E-02
3.03092755313047E-02
3.04851572599143E-02
0.030660503327744
3.32072552870318E-02
3.10095675063168E-02
2.87845617527093E-02
3.13564265261986E-02
3.39543252422069E-02
3.41395809886649E-02
3.43242211753176E-02
3.45082404434992E-02
3.46916334753806E-02
3.73654232073455E-02
3.50565197604402E-02
3.77550027623354E-02
0.035418838287906
0.035599021769501
4.08897690756274E-02
0.041094184867521
4.38789528348734E-02
4.15007226808513E-02
4.43092604732541E-02
5.49992158857983E-02
5.26308880258171E-02
5.28805821032745E-02
6.10986731475128E-02
6.13835246077751E-02
6.16672160488154E-02
6.46432067236591E-02
6.49367876395132E-02
6.52291341919381E-02
6.00602186506927E-02
6.03259184480658E-02
6.05904653080222E-02
6.36199363795788E-02
6.38940753790324E-02
6.13771181070104E-02
6.16369833174408E-02
6.18956608957935E-02
7.91040015246364E-02
7.94301786194387E-02
7.97548184584563E-02
6.86382107938506E-02
6.60424075223783E-02
0.190267228477225
0.193911967612003
0.267308185912234
0.274177542651613
0.272302512872063
0.267460684007992
0.25076829567746
0.27835696137086
0.279388228379993
0.277430880022681
0.27844029195891
0.300477659709908
0.301551235985518
0.302618865257834
9.41409614376789E-02
9.14208527869827E-02
9.17357413427319E-02
9.20488140526012E-02
9.23600631325578E-02
9.88474462495508E-02
9.91755302061793E-02
0.102611070822704
0.102945336539337
0.103277554442203
0.106747344132285
0.107085384328474
0.107421289611218
0.101416519308794
9.85496041744787E-02
0.102038695680786
9.91483925699549E-02
0.109068507117127
7.40000868394543E-02
7.74438827919741E-02
8.09049287282973E-02
8.43830247571842E-02
0.084623230499558
8.48617373229723E-02
8.50985394951604E-02
0.105026007794523
0.111895317111157
0.112198249678607
0.11580771561927
0.12275003790922
0.126398581582245
0.153406378841808
0.227357784856635
0.251400369747842
0.218428948332932
0.215604347087166
0.195873100635322
0.196350802704237
0.173069849286589
0.17348290560532
0.177302107172706
0.187968945393013
0.188403009217555
0.161366600738959
0.127320145813043
0.127604428989395
0.127886124313413
0.135093075215033
0.135384521101265
0.146109620088286
0.142931425821315
0.303925224302378
0.311551926741778
0.277108486548069
0.27766524700555
0.302868443339258
0.303462228979159
0.300514376664327
0.301089038590002
0.287461920515645
0.291553373664875
0.292089975778423
0.292620627090159
0.27884554389991
0.279338954017538
0.150675898783296
0.147341741079317
0.129593063030472
0.151445287263714
0.13724837960507
0.130236661474177
0.123198890221237
0.127023208240498
0.119951639268073
0.120136089390705
0.160424113807753
0.131451952376545
0.135301934419296
0.139159808156911
0.168696560379328
0.183622893282533
0.187553729341131
0.184125756603432
0.18437154171486
0.214151723789074
0.306853972958934
0.3072431653016
0.315038745863889
0.304291801226533
0.304657641761032
0.305017244627577
0.335162855514916
0.335543822520016
0.335917916996527
0.328812127593733
0.329164444614599
0.329510017507291
0.326100556220025
0.3264288441977
0.31923893760853
0.319546598944246
0.319847709914049
0.320142263738111
0.346818627627951
0.347123223169077
0.339868076599888
0.340152117070316
0.351776820543042
0.302843789044945
0.265192943180911
0.303305292258757
0.3035267126621
0.303741905590486
0.311549637871268
0.311757429597597
0.315763199649123
0.315960569664174
0.312342401416494
0.304902025692804
0.305073499012267
0.316685161814589
0.175603651915219
0.129858890853413
0.133742321348351
0.137626587675227
0.141511453030152
0.126265538345838
0.122487822086951
0.126363000992582
0.12257730005469
0.103459160119994
0.107324620901984
0.103521912016831
9.58797215854282E-02
9.20676977629348E-02
8.44148909573257E-02
8.05948104659426E-02
8.06101151836972E-02
8.44629911406639E-02
8.44755553943327E-02
9.21669649937166E-02
0.092176885580198
0.103708026986792
0.103714927543452
0.103719697793596
0.12677174599307
0.119089194698872
0.126770387183631
0.122924413999488
9.98704222949612E-02
0.103703580222356
9.98529403043702E-02
0.103681165967828
0.10366676437478
0.115166926167677
0.111307986744389
8.82610397004224E-02
9.97512818608761E-02
0.103562826045887
0.115039617286937
0.122674202985452
0.122636961579635
0.118766039167211
0.114895241529652
0.111024805545148
0.114808894310456
0.103285965695269
0.302077876206013
0.301942465423002
0.301800855492646
0.381839303270627
0.328214156789771
0.137318975636494
0.133430849895303
0.140974652827096
0.137083078945955
0.133193294626362
0.133108640112167
0.140622468510999
0.136729170760966
0.125247535155601
0.121364778007917
0.132644433636786
0.132543420140107
0.136223678801918
0.136114188396114
0.139779736972631
0.132112200565938
0.165939860601187
0.162024399968226
0.120466588076955
0.120354408730115
0.11272477700216
0.108861152355846
0.108752789063999
0.108642197002162
0.228285934430862
0.220567098587437
0.12696898259293
0.138019685954293
0.141590482068033
0.141428116553584
0.159850072609157
0.174511866700578
0.163174761867701
0.144453670731234
0.140572922114307
0.140393236958037
0.143900433773399
0.103176501890221
0.106717681281208
0.121271361904468
0.121102882339308
0.117267322756766
0.11709915011328
0.102312510933088
9.85125611860345E-02
0.094721482782375
9.82146627077874E-02
9.80627025245628E-02
9.42824900388224E-02
0.101373250864238
7.95217051694515E-02
7.93913758444761E-02
8.28621276025311E-02
8.27224898604769E-02
0.082581164722058
0.082438155430068
7.51375117667959E-02
0.160722582186622
0.260257872366745
0.309604036645256
0.309031425421598
0.304907089298399
0.307867335444962
0.314339696976546
0.352503653548956
0.351809464769348
0.35110812049288
0.35039963697128
0.349684030636625
0.272189828119186
0.271620582604236
0.271045820591599
0.315543148039465
0.318319764974398
0.321074833564059
0.320363392175735
0.316208406982785
0.318921038490542
0.318190159962034
0.324279779157178
0.323520033296997
0.322753739375578
0.321980915422274
0.33472585667844
0.337279737273837
0.336445732930077
0.335604932621247
0.334757356246924
0.33390302389187
0.333041955826369
0.332174172506563
0.33129969457481
0.33041854286004
0.329530738378136
0.328636302332313
0.327735256113521
0.326827621300849
0.325913419661951
0.324992673153474
0.324065403921513
0.323131634302064
0.312525645216857
0.305182449987216
0.259436154963273
0.258658924327758
0.264243842670474
0.260262902317727
0.259460425005261
0.252344165418821
0.245262396886091
0.24448434464123
0.215582028593267
0.214885154643865
0.223496356036026
0.225854176886931
0.215852573304835
0.224348153634465
0.217462751577312
0.216719567948577
0.212930235974245
0.160657448723294
0.172175616795095
0.171565297297122
0.269923572652752
0.268949255330097
0.262014766213585
0.258085280753653
0.257128169444467
0.253221579073869
0.14373268281737
0.137340850643645
0.136812974639805
0.118884671414359
0.121307818050633
0.126582737434145
0.117482362202123
0.114156435790374
0.116536061931482
0.10473664024281
0.104304564935044
0.115099715987308
0.109025430752449
9.46452479582053E-02
0.235602162928234
0.237346527720759
0.200592587220842
0.246221227435023
0.247855510906654
0.23861468712503
0.232141739249664
0.231087444076264
0.248752040884908
0.244940096797799
0.251748225886767
0.258476996452229
0.25725096410509
0.261245006598578
0.259984140237442
0.258718419542377
0.257447879618216
0.256172555831949
0.254892483815196
0.253607699466747
0.247271874176063
0.218391000687684
0.21476387451444
0.176379738023819
0.177922345135077
0.176977496936412
0.139356641851993
0.102128955134533
0.1015722306631
0.103418771934841
0.100453332182669
9.98911910835257E-02
9.69623423856134E-02
6.34896054049581E-02
6.54628003466679E-02
6.50833806313835E-02
6.70136397428476E-02
7.12126948497981E-02
7.07888872088149E-02
7.26336620753637E-02
6.99376267238146E-02
6.95102001745218E-02
6.68531552871755E-02
7.52955456232758E-02
7.48229174729904E-02
7.43490398383185E-02
7.60466903913364E-02
7.77151022837292E-02
0.075064769255674
7.24413381709094E-02
6.77284160354889E-02
6.51732957711558E-02
6.26454658885512E-02
6.42929745864134E-02
6.59110090493457E-02
6.95449262716991E-02
6.49960746182082E-02
6.45371037679985E-02
6.20747404955705E-02
5.76522117650827E-02
5.72336445620406E-02
5.68142316168934E-02
5.05601269630677E-02
4.82525241285975E-02
5.17199593102195E-02
5.51284212898506E-02
5.84777640247288E-02
5.80243400866746E-02
5.75701263750745E-02
5.71151398694077E-02
6.03148427357815E-02
0.059828911920736
0.127675672102283
0.124843445547088
0.134420028051327
0.133294108137704
0.156513075792295
0.132761719069697
0.126488379724165
0.138941420005032
5.03848254662907E-02
4.82723245252662E-02
4.94884316387639E-02
4.25008802120444E-02
4.04917027957575E-02
0.144420449269224
0.135121145791421
0.132269375276614
0.131006146151913
0.134375493031104
0.130006043889073
0.119638279118722
0.118446579301885
0.126159479047289
0.146912545510741
0.145401339654461
0.143889373779049
0.132410353054559
0.128185754355595
0.125414711580078
0.137835442350812
0.136320834902215
0.134805938456417
0.126626293682809
9.75139510641028E-02
9.76952592077155E-02
9.78462986476412E-02
9.66948376717788E-02
9.55435472185421E-02
9.31504892910563E-02
9.32417530612847E-02
9.20913896608239E-02
9.09414774503413E-02
0.116966011233608
0.116635920796627
0.115125242109331
0.113615550952557
0.112106949961266
0.110599543535017
0.102547831615893
0.102209304052943
0.100781285040679
0.10458401615556
9.27757926018138E-02
9.14276455831448E-02
9.10821830594293E-02
8.97227686615375E-02
8.83653768860636E-02
8.70101216558875E-02
7.81268229292922E-02
6.85569240625356E-02
6.38141140011646E-02
7.44380701097962E-02
7.40954219103787E-02
5.11744774124338E-02
4.43389783941749E-02
4.19007869249062E-02
4.61101063586145E-02
4.85286749212379E-02
5.16273408449842E-02
4.44464886251294E-02
0.035203865036917
3.45406558262089E-02
3.82986185493287E-02
3.97203060687953E-02
5.52171420090237E-02
5.20265857454476E-02
5.09637343349113E-02
5.32319953008611E-02
5.14558779387214E-02
5.09871463700846E-02
4.98719450043087E-02
4.87617832302657E-02
5.42096491499237E-02
5.29589017736915E-02
5.22827847014563E-02
4.60391305152912E-02
4.43751112680023E-02
4.32720820743857E-02
4.26898975218546E-02
4.15868073600224E-02
4.19542611320366E-02
4.08260888701942E-02
3.00100986630685E-02
2.82717985490214E-02
2.92066106192292E-02
2.36980476408652E-02
1.14951593530741E-02
1.07462352534402E-02
1.07963697717956E-02
1.00783588673254E-02
9.74905023262676E-03
9.42295561378199E-03
9.43721754010503E-03
9.10602243063548E-03
8.77847710679866E-03
8.45469301923243E-03
8.71584072250532E-03
7.81886970184192E-03
7.23895931427067E-03
5.91388024638038E-03
5.66482563444523E-03
6.12635109008549E-03
6.07841228408369E-03
5.5846480402232E-03
5.72984282539781E-03
7.00778879764678E-03
6.28558335621804E-03
7.71190350066832E-03
7.46404275154527E-03
6.11001182696229E-03
9.00813382504112E-03
8.61152189450094E-03
9.3842253826059E-03
7.8082035656983E-03
7.51751507651055E-03
7.21060335815722E-03
6.69249011707561E-03
5.64509928538658E-03
4.02900011992214E-03
2.6980673972512E-03
2.66572058696366E-03
2.33838441371759E-03
2.03024753721882E-03
1.86593403791707E-03
1.59024886304955E-03
1.66792702139136E-03
1.77825344272634E-03
1.61753290377007E-03
1.46393677016711E-03
1.36014966571598E-03
1.25742056570743E-03
1.11991569803062E-03
9.90314400022943E-04
8.98736099804205E-04
8.09412242155898E-04
6.98637858218313E-04
6.81705367375756E-04
5.77591346468327E-04
4.82767545687546E-04
3.97293250895245E-04
4.58810776764935E-04
5.65147183693415E-04
4.61201088427315E-04
4.31245622140475E-04
3.39663205880779E-04
2.471323270898E-04
2.25535198175044E-04
1.41488905670518E-04
5.98440201414326E-05
3.8794226469619E-05
1.89864019143626E-05
7.50560775926055E-06
2.49643940018421E-06
5.47422081135043E-07
7.00138779266288E-08
3.24699630758392E-09
2.31033451571639E-11
2.13174513603332E-15
9.33603334114938E-26
3.50588902675307E-111
0
0
0
0
0
0
0
0
0
0
0
0
0
0
0
0
0
0
0
0
0
0
0
0
0
0
0
0
0
0
0
0
0
0
0
0
0
0
0
0
0
0
0
0
0
0
0
0
0
0
0
0
0
0
0
0
0
0
0
0
0
0
0
0
0
0
0
0
0
0
0
0
0
0
0
0
0
0
0
0
0
0
0
0
0
0
0
0
0
0
0
0
0
0
0
0
0
0
0
0
0
0
0
0
0
0
0
0
0
0
0
0
0
0
0
0
0
0
0
0
0
0
0
0
0
0
0
0
0
0
0
0
0
0
0
0
0
0
0
0
0
0
0
0
0
0
0
0
0
0
0
0
0
0
0
0
0
0
0
0
0
0
0
0
0
0
0
0
0
0
0
0
0
0
0
0
0
0
0
0
0
0
0
0
0
0
0
0
0
0
0
0
0
0
0
0
0
0
0
0
0
0
0
0
0
0
0
0
0
0
0
0
0
0
0
0
0
0
0
0
0
0
0
0
0
0
0
0
0
0
0
0
0
0
0
0
0
0
0
0
0
""
