0
0
0
0
0
0
0
0
0
0
0
0
0
0
0
0
0
0
0
0
0
0
0
0
0
0
0
0
0
0
0
0
0
0
0
0
0
0
0
0
0
0
0
0
0
0
0
0
0
0
0
0
0
0
0
0
0
0
0
0
0
0
0
0
0
0
0
0
0
0
0
0
0
0
0
0
0
0
0
0
0
0
0
0
0
0
0
0
0
0
0
0
0
0
0
0
0
0
0
0
0
0
0
0
0
0
0
0
0
0
0
0
0
0
0
0
0
0
0
0
0
0
0
0
0
0
0
0
0
0
0
0
0
0
0
0
0
0
0
0
0
0
0
0
0
0
0
0
0
0
0
0
0
0
0
0
0
0
0
0
0
0
0
0
0
0
0
0
0
0
0
0
0
0
0
0
0
0
0
0
0
0
0
0
0
0
0
0
0
0
0
0
0
0
0
0
0
0
0
0
0
0
0
0
0
0
0
0
0
0
0
0
0
0
0
0
0
0
0
0
0
0
0
0
0
0
0
0
0
0
0
0
0
0
0
0
0
0
0
0
0
0
0
0
0
0
0
0
0
0
0
0
0
0
0
0
0
0
0
0
0
0
0
0
0
0
0
0
0
0
0
0
0
0
0
0
0
0
0
0
0
0
0
0
0
0
0
0
0
0
0
0
0
0
0
0
0
0
0
0
0
0
0
0
0
0
0
0
0
0
0
0
0
0
0
0
0
0
0
0
0
0
0
0
0
0
0
0
0
0
0
0
0
0
0
0
0
0
0
0
0
0
0
0
0
0
0
0
0
0
0
0
0
0
0
0
0
0
0
0
0
0
0
0
0
0
0
0
0
0
0
0
0
0
0
0
0
0
0
0
0
0
0
0
0
0
0
0
0
0
0
0
0
0
0
0
0
0
0
0
0
0
0
0
0
0
0
0
0
0
0
0
0
0
0
0
0
0
0
0
0
0
0
0
0
0
0
0
0
0
0
0
0
0
0
0
0
0
0
0
0
0
0
0
0
0
0
0
0
0
0
0
0
0
0
0
0
0
0
0
0
0
0
0
0
0
0
0
0
0
0
0
0
0
0
0
0
0
0
0
0
0
0
0
0
0
0
0
0
0
0
0
0
0
0
0
0
0
0
6.57481135688932E-49
2.80291810536508E-20
2.96701413324359E-13
4.46600764816375E-10
2.94665458039395E-08
4.80658037820009E-07
3.224506784688E-06
9.00589144550466E-06
1.90885047634146E-05
3.03155905280643E-05
6.59780467757413E-05
1.17378680777646E-04
2.28978900686237E-04
3.8163654871099E-04
5.46766341305402E-04
6.57934563921017E-04
7.48347778146113E-04
9.574133733387E-04
1.24135177196729E-03
1.51402957362442E-03
5.43691480089494E-03
4.26914272826487E-03
5.05360771969746E-03
5.68847733586374E-03
6.45634423187339E-03
6.70012969329614E-03
7.15795790525454E-03
8.60829514196882E-03
9.46019429902663E-03
1.03334344969389E-02
0.012123584289192
1.86866915960967E-02
1.98471429094344E-02
9.5151900136288E-03
9.26230311537058E-03
1.01724749847266E-02
0.010788666727828
1.10522514078515E-02
1.16559926329426E-02
1.22620298409858E-02
1.24545602736499E-02
1.30436594597409E-02
1.45421415065507E-02
1.70674590399832E-02
2.02432111630907E-02
0.021047403531998
0.022382964212536
2.32031314238697E-02
2.40208547077341E-02
2.42444435953653E-02
2.50368988503081E-02
2.77157159982179E-02
2.92077581776473E-02
2.87294344425974E-02
2.95449918713884E-02
3.38858933262143E-02
3.18873350700977E-02
3.19643670450329E-02
3.12374301353561E-02
3.51136268051352E-02
3.83326894253615E-02
4.16553192909949E-02
4.84196002449735E-02
2.13186298347745E-02
2.08930321493344E-02
2.39817477328492E-02
2.35495973619458E-02
0.023079117631687
2.25706803792568E-02
0.022024663610618
2.04668391298674E-02
2.08214285948815E-02
2.01649888592317E-02
2.04973948852536E-02
1.97857908748535E-02
9.09632697829392E-02
5.69185482155083E-02
6.10413902535316E-02
6.96768955367976E-02
7.51611371085185E-02
6.02875915849201E-02
6.68777062244638E-02
0.113344001882557
0.11127672830006
0.113901640697862
0.115330403345711
0.111831195128646
0.11441994415447
0.115767937449031
0.119649874855854
0.117141307738181
0.130153596532524
0.131567805017548
0.132969387675366
0.134358395295378
0.135734878908889
0.137098889673876
0.138450478770897
0.139789697309209
0.141116596242217
0.142431226291488
0.143733637878582
0.145023881064051
0.146302005493004
0.147568060346664
0.148822094299421
0.150064155480902
0.151294291442641
0.152512549128935
0.153718974851549
0.154913614267909
0.154535547238881
0.155695036296898
0.158427261068245
0.159575198155592
0.160711566854595
0.161836408599576
9.93993560968977E-02
0.100071520715407
0.100736727033012
0.132977047255787
0.133831289506381
0.132993040537012
0.130430971840151
8.86209491535497E-02
9.42962596862971E-02
9.31280947153541E-02
9.88722028346718E-02
0.125603631764254
0.15788512571561
0.164047650415233
0.166710631777222
0.139071805225884
0.138008411414535
0.13871959291646
0.137611718959678
0.138297152818941
0.146288801798463
0.158017492575902
0.166149691266061
0.185469520151229
0.18631755108232
0.187154884705924
0.18798154429879
0.18879755258514
0.187706902429146
0.190397703432151
0.191181888767841
0.191955508366667
0.192718582338192
0.193471130298143
0.1942131713779
0.194944724233876
0.195665807056783
0.196376437580778
0.19707663309249
0.19776641043991
0.19844578604115
0.199114775893075
0.19977339557978
0.200421660280935
0.201059584779986
0.20168718347221
0.202304470372613
0.2029114591237
0.203508163003071
0.204094594930892
0.204670767477197
0.205236692869049
0.205792382997552
0.206337849424706
0.206873103390121
0.207398155817576
0.207913017321431
0.208417698212897
0.208912208506146
0.209396557924292
0.209870755905215
0.210334811607244
0.210788733914698
0.19644625424226
0.196849577667206
0.197243500343048
0.189127899258076
0.191615973275322
0.191969937721443
0.19445166303298
0.19265066101173
0.199410013091024
0.165374739772307
0.197906128815525
0.19605793404806
0.209298025563695
0.216084006564926
0.216386823089444
0.21667961509055
0.216962387509838
0.217235145091638
0.217497892386072
0.217750633752007
0.217993373359878
0.218226115194406
0.148545226878891
0.146503285781368
9.84889760279151E-02
0.105147445505138
0.100850392892871
0.109706406668097
0.107592076950656
0.112061559920064
0.158307451633976
0.145202907113699
0.145284072975627
0.151965874803175
0.14763011243197
0.187371062637679
0.194057316974048
0.183092069634881
0.176524860176386
0.172153285257885
0.136866643227139
0.14792662453302
0.112612798991326
0.114827887091243
0.121454496341652
0.119242746768268
0.112609781432578
0.108180794424661
0.110370408218854
0.105933382714104
0.119144694643683
0.178663436516728
0.220496007597052
0.220409913481193
0.220313860162687
0.220207846146307
0.220091869778143
0.219965929244508
0.219830022570725
0.219684147619824
0.219528302091115
0.219362483518669
0.219186689269686
0.219000916542752
0.218805162365991
0.218599423595111
0.218383696911329
0.218157978819196
0.217922265644309
0.217676553530897
0.217420838439316
0.217155116143409
0.216879382227761
0.216593632084836
0.216297860911995
0.215992063708398
0.215676235271779
0.215350370195112
0.215014462863145
0.214668507448815
0.214312497909538
0.213946427983373
0.21357029118506
0.21318408080193
0.212787789889685
0.212381411268046
0.211964937516272
0.211538360968544
0.211101673709213
0.210654867567919
0.210197934114563
0.209730864654146
0.209253650221473
0.208766281575704
0.20826874919478
0.207761043269685
0.207243153698585
0.181909261671112
0.179373800088295
0.166558904832696
0.166106332525438
0.165645466819996
0.165176298004274
0.164698816092375
0.164213010818883
0.175846195457698
0.175306490484792
0.174757810662881
0.200230050231357
0.199578709168327
0.198917008649482
0.114982061357965
0.114586231232
0.118121757195017
0.137316409917237
0.13486226939056
0.12267887389597
0.129975780876501
0.141071434651053
0.117420648210116
0.130374128410641
0.187130903356249
0.173047940091914
0.157172658752893
0.1565015736359
0.163331138554047
0.119620550985691
0.139549950054139
0.13891153867121
0.136421546617538
0.13577575124721
0.135121980085999
0.134460214068013
0.101246814676304
0.111526788850892
0.103793938759224
9.61293436632662E-02
9.91584145295007E-02
9.15766384862407E-02
8.93205030377499E-02
0.132358962611423
0.12294626542094
0.172159882092886
0.171144880748788
0.170118716438914
0.169081354810651
0.168032760795381
0.166972898602968
0.165901731716985
0.095595149276649
9.65979471452211E-02
9.43196155224686E-02
9.52869241639985E-02
9.30174985811841E-02
0.149681082941733
0.148598782188878
0.142797931493096
0.155746130522208
0.154559747086162
0.153361609028397
0.152151671162633
0.150929887634866
0.149696211942889
0.148450596959099
0.147192994956905
0.145923357641071
0.144641636182377
0.143347781256991
0.117894646765527
0.116800481353767
0.124059695238464
0.124245023180575
0.114823589812075
0.113674711011832
0.112515342239831
9.27878671212188E-02
8.65581853025015E-02
7.52438607946139E-02
7.56970779947514E-02
8.37254411688133E-02
8.40183591240589E-02
8.79913685196308E-02
7.10207615370532E-02
6.89442029187822E-02
4.53898296243886E-02
5.07082147185118E-02
5.23764826402583E-02
5.16803358661468E-02
4.64468774734803E-02
5.02703010409613E-02
5.06576386592796E-02
0.046666010738201
6.52167315565103E-02
6.31718946971979E-02
4.97505821662256E-02
4.99772248118201E-02
9.53119469817941E-02
8.87842297479266E-02
9.40479922187522E-02
9.14409995586048E-02
8.41790058730035E-02
8.26202765796716E-02
8.01492539356166E-02
7.41698245715319E-02
7.26823507837387E-02
7.20315900927806E-02
7.13342984968871E-02
7.05902297410908E-02
6.10742686429354E-02
7.05105953713806E-02
5.89986078738313E-02
5.60748542863413E-02
7.19148519754448E-02
7.00360201574535E-02
6.81465812740762E-02
6.62469544728354E-02
6.43376088243604E-02
6.24190682493724E-02
4.23443418419057E-02
3.51340830941901E-02
4.81222875412851E-02
4.31858808095518E-02
4.11148477076606E-02
3.95869155655328E-02
3.75683777202789E-02
3.55873683679321E-02
3.40935539272839E-02
3.13133025872084E-02
0.040113450508626
0.038973196252188
2.44333390970805E-02
2.45527062491047E-02
1.35877354304159E-02
1.37365273407626E-02
1.14323927063873E-02
9.87381772623132E-03
9.20271914194759E-03
9.96451611656212E-03
7.89014860804824E-03
7.4531268883702E-03
6.62733347767779E-03
1.47128562816295E-02
1.26660914869752E-02
1.11996780101082E-02
9.93505779732649E-03
8.6215726711752E-03
7.58009186204432E-03
6.57905632876221E-03
5.49416796687533E-03
4.62076299335405E-03
3.72048820852206E-03
3.28401083632686E-03
2.54494409847384E-03
1.90908631725128E-03
1.49661914075103E-03
1.02868133879892E-03
6.66002815556854E-04
2.07894777927637E-04
1.1538347203649E-04
5.83681455292617E-05
2.34595522663597E-05
6.7124881039851E-06
1.46760317585167E-06
1.75097078764542E-07
9.04550260833861E-09
7.20149078190158E-11
9.3284661349605E-15
2.58884527197551E-24
1.34086264129293E-88
0
0
0
0
0
0
0
0
0
0
0
0
0
0
0
0
0
0
0
0
0
0
0
0
0
0
0
0
0
0
0
0
0
0
0
0
0
0
0
0
0
0
0
0
0
0
0
0
0
0
0
0
0
0
0
0
0
0
0
0
0
0
0
0
0
0
0
0
0
0
0
0
0
0
0
0
0
0
0
0
0
0
0
0
0
0
0
0
0
0
0
0
0
0
0
0
0
0
0
0
0
0
0
0
0
0
0
0
0
0
0
0
0
0
0
0
0
0
0
0
0
0
0
0
0
0
0
0
0
0
0
0
0
0
0
0
0
0
0
0
0
0
0
0
0
0
0
0
0
0
0
0
0
0
0
0
0
0
0
0
0
0
0
0
0
0
0
0
0
0
0
0
0
0
0
0
0
0
0
0
0
0
0
0
0
0
0
0
0
0
0
0
0
0
0
0
0
0
0
0
0
0
0
0
0
0
0
0
0
0
0
0
0
0
0
0
0
0
0
0
0
0
0
0
0
0
0
0
0
0
0
0
0
0
0
0
0
0
0
0
0
0
0
0
0
0
0
0
0
0
0
0
0
0
0
0
0
0
0
0
0
0
0
0
0
0
0
0
0
0
0
0
0
0
0
0
0
0
0
0
0
0
0
0
0
0
0
0
0
0
0
0
0
0
0
0
0
0
0
0
0
0
0
0
0
0
0
0
0
0
0
0
0
0
0
0
0
0
0
0
0
0
0
0
0
0
0
0
0
0
0
0
0
0
0
0
0
0
0
0
0
0
0
0
0
0
0
0
0
0
0
0
0
0
0
0
0
0
0
0
0
0
0
0
0
0
0
0
0
0
0
0
0
0
0
0
0
0
0
0
0
0
0
0
0
0
0
0
0
0
0
0
0
0
0
0
0
0
0
0
0
0
0
0
0
0
0
0
0
0
0
0
0
0
0
0
0
0
0
0
0
0
0
0
0
0
0
0
0
0
0
0
0
0
0
0
0
0
0
0
0
0
0
0
0
0
0
0
0
0
0
0
0
0
0
0
0
0
0
0
0
0
0
0
0
0
0
0
0
0
0
0
0
0
0
0
0
0
0
0
0
0
0
0
0
0
0
0
0
0
0
0
""
