0
0
0
0
0
0
0
0
0
0
0
0
0
0
0
0
0
0
0
0
0
0
0
0
0
0
0
0
0
0
0
0
0
0
0
0
0
0
0
0
0
0
0
0
0
0
0
0
0
0
0
0
0
0
0
0
0
0
0
0
0
0
0
0
0
0
0
0
0
0
0
0
0
0
0
0
0
0
0
0
0
0
0
0
0
0
0
0
0
0
0
0
0
0
0
0
0
0
0
0
0
0
0
0
0
0
0
0
0
0
0
0
0
0
0
0
0
0
0
0
0
0
0
0
0
0
0
0
0
0
0
0
0
0
0
0
0
0
0
0
0
0
0
0
0
0
0
0
0
0
0
0
0
0
0
0
0
0
0
0
0
0
0
0
0
0
0
0
0
0
0
0
0
0
0
0
0
0
0
0
0
0
0
0
0
0
0
0
0
0
0
0
0
0
0
0
0
0
0
0
0
0
0
0
0
0
0
0
0
0
0
0
0
0
0
0
0
0
0
0
0
0
0
0
0
0
0
0
0
0
0
0
0
0
0
0
0
0
0
0
0
0
0
0
0
0
0
0
0
0
0
0
0
0
0
0
0
0
0
0
0
0
0
0
0
0
0
0
0
0
0
0
0
0
0
0
0
0
0
0
0
0
0
0
0
0
0
0
0
0
0
0
0
0
0
0
0
0
0
0
0
0
0
0
0
0
0
0
0
0
0
0
0
0
0
0
0
0
0
0
0
0
0
0
0
0
0
0
0
0
0
0
0
0
0
0
0
0
0
0
0
0
0
0
0
0
0
0
0
0
0
0
0
0
0
0
0
0
0
0
0
0
0
0
0
0
0
0
0
0
0
0
0
0
0
0
0
0
0
0
0
0
0
0
0
0
0
0
0
0
0
0
0
0
0
0
0
0
0
0
0
0
0
0
0
0
0
0
0
0
0
0
0
0
0
0
0
0
0
0
0
0
0
0
0
0
0
0
0
0
0
0
0
0
0
0
0
0
0
0
0
0
0
0
0
0
0
0
0
0
0
0
0
0
0
0
0
0
0
0
0
0
0
0
0
0
0
0
0
0
0
0
0
0
0
0
0
0
0
0
0
0
0
0
0
0
0
0
0
0
0
0
0
0
0
0
0
0
0
2.43721455470897E-49
9.81021336877778E-21
1.08790518218932E-13
2.38187074568733E-10
1.52163310299032E-08
2.43916019192243E-07
2.13386478398471E-06
8.6226620222917E-06
2.35799176489239E-05
5.20637315590669E-05
1.04245313905671E-04
1.8545831562868E-04
2.97672570892108E-04
3.93201292611323E-04
5.38482002800775E-04
7.25996760188709E-04
8.98017333775336E-04
1.16804431547321E-03
1.48007326657638E-03
1.77607315367479E-03
2.40478923885738E-03
2.8324120024065E-03
3.0989103941541E-03
3.71938902729552E-03
1.86240698996348E-03
2.09379052915504E-03
2.33411670823517E-03
2.58248854259064E-03
2.93266023269826E-03
3.61670207392861E-03
3.81668394289376E-03
4.36831751597066E-03
4.70063911012919E-03
4.8975242717207E-03
5.07932751488064E-03
5.40412733563602E-03
5.22576044629169E-03
5.16960146496278E-03
5.8279963164713E-03
5.14214154621987E-03
6.4348561413858E-03
6.52182972987043E-03
5.90774498703621E-03
6.4002971399937E-03
6.66544757809085E-03
6.41689132073111E-03
6.66159649182621E-03
7.18192163119777E-03
7.72098901320025E-03
8.57425444226332E-03
7.32787283423651E-03
7.5588316358776E-03
7.78873551403929E-03
8.01751658863182E-03
5.15319625663751E-03
5.29467083222099E-03
5.79769728547231E-03
6.6902163582627E-03
7.23794112892397E-03
8.19317958786487E-03
7.18737926725528E-03
8.16770966490096E-03
7.93079659184911E-03
7.67470674051882E-03
8.27015855911155E-03
8.43802235044692E-03
8.15178370221201E-03
1.20011411684772E-02
1.64577877765414E-02
1.53215051204299E-02
1.51064765006164E-02
2.18129251946377E-02
2.11732383021933E-02
2.76714830950924E-02
5.20678707232988E-02
5.28856219668251E-02
5.36967435995361E-02
5.45012412977961E-02
5.52991234419028E-02
5.60904008272526E-02
0.056875086400868
5.76531950210895E-02
5.84247432384317E-02
5.91897490957764E-02
5.99482319462432E-02
6.07002122872161E-02
6.14457116091459E-02
6.21847522578641E-02
6.29173573092562E-02
6.36435504552415E-02
6.43633559000993E-02
0.065076798266262
6.57839025087741E-02
6.64846938376829E-02
6.71791976476889E-02
4.34351612508446E-02
4.59281280407485E-02
4.22273960251237E-02
4.33348061658547E-02
4.86852257035649E-02
4.62901485447337E-02
3.80894140378241E-02
3.98815672926139E-02
0.038770031455646
4.13190568970659E-02
4.09260759323406E-02
3.60153973154165E-02
3.93365157750865E-02
5.79547686689954E-02
5.84132104435885E-02
3.33064270676005E-02
3.19997850343137E-02
0.032239881253398
3.16854522136489E-02
3.59044195850082E-02
3.61601025422838E-02
4.61233764508791E-02
0.045625933946117
4.18331766925062E-02
0.039634122111349
4.40486469034795E-02
4.26587235301591E-02
4.29281333378962E-02
4.23477181299191E-02
4.60147235989585E-02
4.54336523943068E-02
4.48394530110964E-02
4.24977012184116E-02
5.75683312252831E-02
4.99969564766097E-02
4.40988307567832E-02
4.16776579443054E-02
3.38764653755358E-02
3.58463406271521E-02
3.60310630951844E-02
3.71189505088606E-02
3.27545888255386E-02
3.29149804046543E-02
3.21547223264916E-02
3.13838305724782E-02
3.15298184257089E-02
0.032605571439406
2.99447815529479E-02
3.38366779737822E-02
2.35996940731425E-02
2.37003664683265E-02
2.18957358946974E-02
2.38977360959802E-02
2.30346610040001E-02
2.31262298805831E-02
2.32165356357772E-02
0.023305580565348
2.33933669080652E-02
0.02250156781153
2.35651725096934E-02
2.66053454674862E-02
2.66984654093878E-02
2.18290364645266E-02
2.09070514687729E-02
2.09762065358769E-02
1.90400577266888E-02
1.91006605540987E-02
0.020168718347221
2.02304470372613E-02
0.02029114591237
2.03508163003071E-02
1.83685135437803E-02
1.63736613981758E-02
1.74451188938692E-02
1.74923525547919E-02
0.0175387172011
2.37904068898639E-02
2.28137971399333E-02
2.18308668187503E-02
2.39680352944831E-02
2.40249039782068E-02
2.51275869509151E-02
2.41351369290997E-02
0.024188503334833
2.31867607306168E-02
2.95725544020607E-02
3.17499318818074E-02
3.28739167238414E-02
3.50630375029018E-02
3.61941282853387E-02
3.73274878902807E-02
0.036326134852315
3.63895693022157E-02
0.037523389560139
3.75851681300698E-02
3.76451875464314E-02
3.87806902512645E-02
4.31542320749888E-02
3.99755412145112E-02
4.00315622715472E-02
4.22525249426572E-02
5.20709730023612E-02
4.45332047437857E-02
4.78495363249358E-02
4.24613735816413E-02
4.68685752723738E-02
4.25540924629092E-02
4.36897726114387E-02
4.26390160109951E-02
4.26785562787632E-02
4.27161497364624E-02
4.82327966009381E-02
0.070212100267582
7.02642135187958E-02
6.37212791702327E-02
6.81601527868507E-02
8.69017398635018E-02
7.37426734042956E-02
6.93757254536235E-02
6.61030354172999E-02
6.50287805624887E-02
0.068361100297676
6.28689636698085E-02
6.06804206856328E-02
5.29702416178108E-02
5.29806360879248E-02
5.29886416237684E-02
5.63063994956631E-02
5.63098292466671E-02
7.61850931597634E-02
7.28705674694969E-02
0.065137030436491
0.06623313944367
6.40148367669356E-02
6.84153096695252E-02
6.06755389389126E-02
6.17602002773874E-02
6.39438422031451E-02
6.50209244769518E-02
6.49925887479927E-02
6.49613146131606E-02
6.49271015845523E-02
0.07368858629691
7.25439074483394E-02
9.00705005241278E-02
9.11042453678126E-02
9.10354306602477E-02
0.109593344634843
0.109500458271376
0.109402581182996
0.109299711797555
0.109191848455664
0.109078989409598
0.108961132822154
0.108838276765449
0.108710419219658
0.108577558071704
0.10843969111388
0.108296816042418
0.108148930455998
0.107996031854199
0.107838117635889
0.107675185097556
0.107507231431573
0.101967541038187
0.103941561486126
0.100554821152185
0.100378036856978
0.100196517976907
0.103202078096497
0.106190705634023
0.103862819382973
0.104711488679429
0.103439820117514
0.038971150500065
5.78044318815047E-02
5.34813704868072E-02
5.23134125553681E-02
5.32354018018046E-02
3.22816561251909E-02
3.11641564904527E-02
3.00502572862949E-02
2.79065344609092E-02
2.68029816223889E-02
3.08442416356844E-02
3.07604319491552E-02
3.06750864481473E-02
3.67058440009498E-02
3.55830775508218E-02
3.54781196213635E-02
2.62758682867825E-02
2.61952227161184E-02
2.51088808423679E-02
2.50287562789196E-02
6.68588675713895E-02
9.24964090220092E-02
9.21838940197481E-02
9.28543597914481E-02
9.84347976625143E-02
9.80831499408837E-02
9.77262821670725E-02
0.097364185631722
0.096996851400374
9.66242703089405E-02
9.62464329591117E-02
9.58633297137063E-02
0.095474950691964
9.50812857647877E-02
9.46823245499354E-02
9.42780564071685E-02
9.38684704333605E-02
9.34535554575713E-02
9.30333000360928E-02
9.26076924474732E-02
9.21767206875257E-02
9.17403724643312E-02
9.12986351932426E-02
9.08514959919005E-02
9.03989416752714E-02
8.99409587507193E-02
8.94775334131244E-02
8.90086515400613E-02
8.85342986870542E-02
8.80544600829237E-02
0.087569120625245
8.70782648759362E-02
8.65818770570003E-02
8.60799410464431E-02
8.55724403743939E-02
7.74040159797057E-02
7.69320164388461E-02
7.72950699658754E-02
8.01469913294248E-02
7.88033225655677E-02
0.07664093864421
8.18626670722213E-02
8.13100133814384E-02
8.07516306474564E-02
8.01874987768828E-02
7.96175973094324E-02
7.90419054196159E-02
7.84604019192833E-02
7.78730652611041E-02
7.72798735430811E-02
7.66808045141985E-02
7.60758355813165E-02
7.54649438174331E-02
7.48481059714445E-02
7.42252984795496E-02
7.35964974784523E-02
7.29616788205353E-02
7.23208180911885E-02
7.16738906284954E-02
0.071020871545498
7.03617357552813E-02
6.96964579991372E-02
0.068334762749316
6.83473748881401E-02
6.76635184594236E-02
6.69734179998994E-02
6.62770479437277E-02
5.11480185878418E-02
5.05950098446542E-02
5.00370515558526E-02
4.69369897461529E-02
2.50801072012116E-02
2.47863009914453E-02
2.26531739385428E-02
2.23766272631135E-02
2.15004456115525E-02
2.12266945333305E-02
2.09505930561033E-02
2.23948122086636E-02
2.09577373965704E-02
2.17837971177499E-02
4.23982410517883E-02
3.96118463242869E-02
3.90231262592234E-02
3.63238394508888E-02
3.52399957010765E-02
4.38575646307809E-02
4.31411970549173E-02
4.29123777114979E-02
3.92674606686543E-02
3.90529268948208E-02
3.83482137865905E-02
4.59001536553731E-02
3.69226900152841E-02
3.92923475408711E-02
3.76390745130076E-02
3.68632255180701E-02
3.56671492484436E-02
3.48894238950219E-02
3.45029959216583E-02
3.29307725635569E-02
0.03328126598011
3.32022163537547E-02
3.27212576488274E-02
3.18663891716413E-02
3.10066944797047E-02
2.55050774720416E-02
1.96229706914299E-02
2.55918179822427E-02
2.57090646897285E-02
2.45938581659331E-02
2.34949992113333E-02
0.010933134382165
1.02787119269152E-02
9.64296661211697E-03
9.27011917773117E-03
8.89684209198303E-03
9.19628757249106E-03
8.79346168544893E-03
8.39107893292687E-03
8.7689691567423E-03
7.95934531192774E-03
7.8919412943551E-03
7.29097998705243E-03
8.27313578477749E-03
1.20186692554328E-02
1.08337722273927E-02
1.02252434910529E-02
4.50775729082572E-03
4.38341589336013E-03
4.12943516788079E-03
3.7738982303443E-03
3.42742674742505E-03
3.01573606832744E-03
2.76618553261708E-03
2.27429033914703E-03
1.99768147258938E-03
1.6895385475641E-03
1.40979778473476E-03
1.19150630606935E-03
1.07267712345719E-03
8.5167802363758E-04
9.63785788922015E-04
4.70261409500601E-04
3.83892357273355E-04
3.59188593780247E-04
2.67457148087719E-04
2.89711224767232E-04
1.73911977689466E-04
9.470152893561E-05
4.53395416164801E-05
1.84325053521398E-05
5.72535750045788E-06
6.7624852220616E-07
9.46953589236807E-08
4.60808623443665E-09
6.66804702027924E-11
8.480423759055E-15
1.90356269998199E-24
9.6954683293489E-89
0
0
0
0
0
0
0
0
0
0
0
0
0
0
0
0
0
0
0
0
0
0
0
0
0
0
0
0
0
0
0
0
0
0
0
0
0
0
0
0
0
0
0
0
0
0
0
0
0
0
0
0
0
0
0
0
0
0
0
0
0
0
0
0
0
0
0
0
0
0
0
0
0
0
0
0
0
0
0
0
0
0
0
0
0
0
0
0
0
0
0
0
0
0
0
0
0
0
0
0
0
0
0
0
0
0
0
0
0
0
0
0
0
0
0
0
0
0
0
0
0
0
0
0
0
0
0
0
0
0
0
0
0
0
0
0
0
0
0
0
0
0
0
0
0
0
0
0
0
0
0
0
0
0
0
0
0
0
0
0
0
0
0
0
0
0
0
0
0
0
0
0
0
0
0
0
0
0
0
0
0
0
0
0
0
0
0
0
0
0
0
0
0
0
0
0
0
0
0
0
0
0
0
0
0
0
0
0
0
0
0
0
0
0
0
0
0
0
0
0
0
0
0
0
0
0
0
0
0
0
0
0
0
0
0
0
0
0
0
0
0
0
0
0
0
0
0
0
0
0
0
0
0
0
0
0
0
0
0
0
0
0
0
0
0
0
0
0
0
0
0
0
0
0
0
0
0
0
0
0
0
0
0
0
0
0
0
0
0
0
0
0
0
0
0
0
0
0
0
0
0
0
0
0
0
0
0
0
0
0
0
0
0
0
0
0
0
0
0
0
0
0
0
0
0
0
0
0
0
0
0
0
0
0
0
0
0
0
0
0
0
0
0
0
0
0
0
0
0
0
0
0
0
0
0
0
0
0
0
0
0
0
0
0
0
0
0
0
0
0
0
0
0
0
0
0
0
0
0
0
0
0
0
0
0
0
0
0
0
0
0
0
0
0
0
0
0
0
0
0
0
0
0
0
0
0
0
0
0
0
0
0
0
0
0
0
0
0
0
0
0
0
0
0
0
0
0
0
0
0
0
0
0
0
0
0
0
0
0
0
0
0
0
0
0
0
0
0
0
0
0
0
0
0
0
0
0
0
0
0
0
0
0
0
0
0
0
0
0
0
0
0
0
0
0
0
0
0
0
0
0
0
0
0
0
0
0
0
0
0
0
0
""
