0
0
0
0
0
0
0
0
0
0
0
0
0
0
0
0
0
0
0
0
0
0
0
0
0
0
0
0
0
0
0
0
0
0
0
0
0
0
0
0
0
0
0
0
0
0
0
0
0
0
0
0
0
0
0
0
0
0
0
0
0
0
0
0
0
0
0
0
0
0
0
0
0
0
0
0
0
0
0
0
0
0
0
0
0
0
0
0
0
0
0
0
0
0
0
0
0
0
0
0
0
0
0
0
0
0
0
0
0
0
0
0
0
0
0
0
0
0
0
0
0
0
0
0
0
0
0
0
0
0
0
0
0
0
0
0
0
0
0
0
0
0
0
0
0
0
0
0
0
0
0
0
0
0
0
0
0
0
0
0
0
0
0
0
0
0
0
0
0
0
0
0
0
0
0
0
0
0
0
0
0
0
0
0
0
0
0
0
0
0
0
0
0
0
0
0
0
0
0
0
0
0
0
0
0
0
0
0
0
0
0
0
0
0
0
0
0
0
0
0
0
0
0
0
0
0
0
0
0
0
0
0
0
0
0
0
0
0
0
0
0
0
0
0
0
0
0
0
0
0
0
0
0
0
0
0
0
0
0
0
0
0
0
0
0
0
0
0
0
0
0
0
0
0
0
0
0
0
0
0
0
0
0
0
0
0
0
0
0
0
0
0
8.32725373519489E-299
2.58320599630173E-41
2.15275939920911E-23
6.69587131025681E-17
1.63777747692752E-13
1.93497447868041E-11
4.84253419944854E-10
4.34422020395827E-09
2.49985789477384E-08
9.81242223081291E-08
2.7456153001548E-07
6.27679397066913E-07
1.22980909541169E-06
2.32796354284127E-06
4.02655643326818E-06
5.39868893887012E-06
8.18916145149023E-06
1.18326404490718E-05
1.6417398372214E-05
2.42136685960014E-05
2.8667172448266E-05
4.73361103668143E-05
5.88402322725945E-05
6.62563594308038E-05
8.61297282114485E-05
1.01863319607957E-04
1.28082952002657E-04
1.68971091522235E-04
2.05134860989029E-04
2.18591752628419E-04
2.45458309539499E-04
2.73581824439248E-04
2.65016088419921E-04
2.9159636360074E-04
3.19050380214245E-04
3.47305318810421E-04
3.76290565688287E-04
4.05938072387912E-04
5.29650314299378E-04
6.00379648405238E-04
6.76151563099898E-04
6.81289180206119E-04
8.02761444681716E-04
8.91437181857987E-04
8.95600264483286E-04
9.42536323488075E-04
8.9076375618879E-04
9.85291805878515E-04
1.08472081378708E-03
9.62544178733566E-04
1.06214197272955E-03
1.10514482606172E-03
1.27571018899927E-03
1.25726564750063E-03
1.23397982576994E-03
1.48956594827184E-03
1.53934941341727E-03
1.81596277366188E-03
1.79443380511714E-03
2.00906372075494E-03
0.0020673807302
2.12540094353174E-03
2.18310473216713E-03
2.06123637030817E-03
2.02179439762746E-03
2.16581636904299E-03
2.21759111518624E-03
2.17035521072748E-03
2.21918467404807E-03
2.26765448127566E-03
2.31575758617738E-03
2.25605657842884E-03
2.30125631153405E-03
2.23437213987339E-03
2.5043922483726E-03
2.43464976616227E-03
2.83242160160209E-03
2.76187477235135E-03
2.93105932652467E-03
2.60726344831615E-03
2.64947084416821E-03
2.81945606293462E-03
2.60261719151852E-03
2.77381864547872E-03
3.35060905767783E-03
3.39860484704789E-03
3.17046174366353E-03
3.35352829922219E-03
3.39832391540812E-03
3.15580563571422E-03
3.05081894675043E-03
3.08891283634434E-03
3.1266440810255E-03
3.01334790109657E-03
2.89616928721087E-03
2.77516171079761E-03
3.89761496751362E-03
3.78280679916662E-03
4.14213412579161E-03
4.34679618707516E-03
4.06639758255565E-03
4.10758403022932E-03
4.14837453558073E-03
4.52387489024475E-03
4.56708622691585E-03
4.78061923643157E-03
5.16918784756599E-03
5.56355469389569E-03
5.43743196225913E-03
5.48471419190997E-03
5.53154532314831E-03
5.78084718360074E-03
6.00718810514346E-03
6.04103433829181E-03
6.2648686433773E-03
7.11908151293929E-03
7.3694139889399E-03
7.39792242145465E-03
7.64542444375953E-03
7.65588663208994E-03
8.14700938658143E-03
8.14643867347747E-03
8.65711163376461E-03
9.45558112617691E-03
9.45347297844367E-03
7.72165434932319E-03
8.52570990138573E-03
9.06151928821332E-03
8.9948742037743E-03
9.86857870704474E-03
9.79707382385634E-03
9.71067009026535E-03
9.2659933293944E-03
9.4924134973898E-03
0.028800600710282
0.029479510905736
3.01623237989382E-02
3.08489639638519E-02
3.19335989027595E-02
3.62626078734971E-02
3.66358579032471E-02
3.74159585618339E-02
3.51954257064334E-02
3.59212003533187E-02
4.46955897249384E-02
3.73829055192474E-02
3.62592485537763E-02
3.60144448206107E-02
4.10485918340159E-02
0.041329038033513
4.20954841384823E-02
0.042354642149411
4.36373370409474E-02
0.043883891618426
4.46527188024762E-02
4.48769835361771E-02
0.048424896780905
4.92391283142913E-02
5.29327986698239E-02
5.20450491886354E-02
5.28859589864293E-02
5.37293958187954E-02
5.45752976618681E-02
5.29326547205067E-02
5.37450718513455E-02
5.52015478455563E-02
5.66793645257609E-02
5.68562992746289E-02
5.56744280832895E-02
5.71582831438949E-02
5.79732425414406E-02
6.01897920126512E-02
6.10278433545522E-02
4.60410482674477E-02
5.32298896484368E-02
5.39456168582851E-02
6.73923803007237E-02
7.05540309483858E-02
7.14708970804129E-02
4.43676582624854E-02
3.86253288031136E-02
4.78907903231288E-02
4.20213492623613E-02
4.25381086449619E-02
3.80876469355781E-02
3.77080938806637E-02
3.90050540323629E-02
3.68908494367334E-02
3.81888948520085E-02
3.33618537333936E-02
3.55187391362223E-02
3.59201514115677E-02
3.63219569649866E-02
3.58060319630128E-02
4.08393329158509E-02
4.31589591483776E-02
3.60360703679154E-02
0.029710535167718
3.58344226664084E-02
3.71867165887132E-02
3.26272176211583E-02
3.29608854533655E-02
4.03572308439396E-02
4.38192048765392E-02
4.52837334667268E-02
4.57293655594689E-02
2.93841750900907E-02
2.43700753206572E-02
2.78123121850677E-02
3.02355716730346E-02
3.26994192204586E-02
3.30036078131969E-02
0.032197547775947
3.36120069160427E-02
3.39161915315834E-02
3.76423840005275E-02
3.91277291453275E-02
3.94723366397045E-02
4.45012083236398E-02
4.60673929906078E-02
4.64623767129854E-02
4.56557606257807E-02
5.20982829964964E-02
5.25332877347142E-02
6.89817045974493E-02
6.33380701021138E-02
8.63896795572158E-02
7.06787176214013E-02
6.99715171969867E-02
7.43729530719875E-02
6.46184123628837E-02
6.51218441204293E-02
7.08748824148352E-02
9.91913019601754E-02
6.12993755730466E-02
5.50478602537478E-02
4.73430011553457E-02
4.63309183922453E-02
4.25531128321408E-02
4.00976556843519E-02
4.03872525843049E-02
7.01319501974686E-02
8.33435648808384E-02
7.39728549878922E-02
7.87872240519313E-02
7.21211343014815E-02
8.13309094993012E-02
6.43385420471142E-02
7.06621494561719E-02
7.11361390775082E-02
6.86257259768485E-02
6.75769460801803E-02
7.40655325508358E-02
8.36746890402692E-02
8.57449091438107E-02
0.117111780766254
0.116303537664404
0.113914078324153
0.117765235309907
0.120074106352118
0.120811458584408
0.119948162523407
0.120673145750767
0.121396760621343
0.100951693510483
0.117926201502412
0.12191170975044
0.165702770155711
0.16665801029139
0.154202344758133
0.1550774471413
0.155950649507882
0.156821924909336
0.155977211268394
0.156835124910076
0.173286871988462
0.174225242897602
0.175161375401965
0.176095241233725
0.177026812291498
0.177956060639198
0.178882958504922
0.179807478279858
0.17892229659205
0.179832781191899
0.140576201454907
0.139445734757944
0.140139022583956
0.140830379723576
0.143381888487934
5.61344295452063E-02
5.82851664948651E-02
5.85639357090341E-02
5.88418768163457E-02
6.48401736320284E-02
6.51431695816478E-02
6.73700909367061E-02
6.76800660524458E-02
7.18741509500328E-02
7.41511036640809E-02
7.44844294154677E-02
7.28478038787278E-02
7.51477964206654E-02
0.109244211822652
0.11371008329604
0.144254835698965
0.154934401555196
0.155593946590804
0.158280385202299
0.158943732298251
0.161650883953116
0.143825931542751
8.66488248522512E-02
7.87149773205113E-02
9.98301348525229E-02
0.100229286953024
5.86990194619339E-02
5.89300452685076E-02
5.91601552337703E-02
5.30261992446163E-02
5.53592026588339E-02
5.34329716375639E-02
5.79259091340014E-02
5.81432962210933E-02
5.83597648297349E-02
6.07447650920449E-02
0.058789923591544
5.90036023244973E-02
5.26367464341079E-02
5.28250046332973E-02
5.08035654710293E-02
5.31989760322671E-02
5.33846793975266E-02
5.58015847597218E-02
6.04726842474887E-02
5.84313186259877E-02
5.86287332498013E-02
6.10877013909316E-02
0.061290722318036
6.37702510057701E-02
6.62636631287382E-02
6.18937569752702E-02
7.12916665366625E-02
7.15189572914462E-02
7.17450688670566E-02
7.19699954526545E-02
6.28784111121156E-02
6.30722356906232E-02
6.09218645667552E-02
6.81572378932277E-02
6.83620301420271E-02
6.85656820093964E-02
6.63968714780975E-02
5.94565033805384E-02
5.48587622591963E-02
5.02325667373874E-02
5.27747042832793E-02
5.29239265673423E-02
5.06598815043021E-02
5.32196912877899E-02
9.46037647700081E-02
9.24295731017369E-02
0.134141457818857
0.117382685896628
0.120146436985014
0.122921093552038
0.128171356022954
0.123560181888827
0.121399034520191
0.144061365652426
0.144423449779497
0.137294280813861
0.132628101642219
0.142986290334817
0.213741228798432
0.216774240993559
0.181916302541456
0.16461616312504
0.190384026826236
0.198455959552505
0.198909099490282
0.199358796588826
0.199805039819935
0.192545979087446
0.185249650195084
0.170180947081025
0.175714839304052
0.150193281825454
0.147914534092882
0.145622348186797
0.13289380875263
0.133164944305136
0.117735664308672
0.128457081767017
0.14709812416352
0.139489922490122
0.150307421749211
0.155878769259706
0.153526428555275
0.159117314550592
0.156754532306046
0.151717525999552
0.175990229816588
0.149591641774964
0.267599291937861
0.268065932616097
0.268527842564418
0.268985010693154
0.26943742603424
0.253691973076733
0.251404998232925
0.249104763676827
0.252215390307245
0.195572041598676
0.195877087666663
0.190729251707801
0.193747904376626
0.202237218941943
0.202536409057679
0.208313944680408
0.208613818360494
0.219905242068092
0.220213076263726
0.220516988282071
0.193214849541412
0.113320421217369
0.12177281576513
0.121931299417345
0.108214014901485
0.105572406184503
0.105703629731992
0.103047886104768
0.066922361843356
6.42099190130445E-02
6.42847590088289E-02
6.71566417246121E-02
0.07003367957062
7.01112695147861E-02
7.86101155078084E-02
7.86942000569236E-02
0.075963413753406
7.04090481744603E-02
6.76611252370534E-02
7.05503643802581E-02
7.06191233015931E-02
0.214887306362933
0.215088617469772
0.218118774786236
0.240996965331226
0.241209131848531
0.241416960243109
0.230250071724224
0.230439838159571
0.230625456968485
0.230806923798035
0.225280919964475
0.225449794857423
0.128514650200665
0.137179963091776
0.151574656035939
0.16312436058024
0.140321839156005
0.13754589474866
0.154835077869311
0.19796385041452
0.192337877807643
0.264254918356159
0.261525418453657
0.267414380113381
0.276181369727062
0.276317101515589
0.273568177607981
0.282335539826302
0.282458806208344
0.282576968959308
0.288459209511841
0.288569359854306
0.28867429433441
0.28877401050435
0.288868506038363
0.288957778732726
0.289041826505767
0.289120647397868
0.289194239571473
0.289262601311093
0.289325731023308
0.289383627236778
0.28943628860224
0.289483713892519
0.289525902002526
0.289562851949264
0.289594562871834
0.289621034031429
0.289642264811347
0.289658254716983
0.289669003375839
0.289674510537516
0.289674776073726
0.289669799978282
0.289659582367104
0.289644123478216
0.289623423671746
0.289597483429928
0.289566303357094
0.289529884179678
0.289488226746211
0.289441332027318
0.289389201115719
0.289331835226219
0.289269235695711
0.289201403983168
0.289128341669641
0.245692542889512
0.245621552348057
0.242657342562346
0.245466248954229
0.288684634968728
0.288580229087003
0.288470607089355
0.28835577153325
0.288235725098177
0.288110470585641
0.287980010919153
0.287844349144222
0.28770348842835
0.28755743206102
0.287406183453686
0.287249746139769
0.287088123774641
0.25822918812206
0.157712136517081
0.160480423462715
0.15751442364755
0.186031542225431
0.19448661202976
0.191493985356234
0.239911527989317
0.231174695527072
0.231001967069911
0.225125693170758
0.224949117519337
0.224768491981791
0.22458382079382
0.227235552696042
0.218526349804643
0.224005577127553
0.206806937167
0.203787282606158
0.251668436775082
0.251428627897053
0.251184303337276
0.267852466742332
0.267582049163588
0.270120586333086
0.269837625002998
0.272357635665698
0.272061955501238
0.28016639183005
0.279851522141402
0.279531641149461
0.279206756406458
0.27887687558623
0.278542006484206
0.278202157017403
0.277857335224416
0.27750754926541
0.277152807422116
0.276793118097822
0.276428489817369
0.276058931227144
0.275684451095079
0.275305058310641
0.274920761884834
0.274531570950194
0.274137494760787
0.273738542692208
0.273334724241578
0.272926049027551
0.272512526790306
0.261210400695894
0.239070463116802
0.225131671046175
0.227480539999807
0.221705498929022
0.221342736647097
0.204807078614688
0.204463609388876
0.196059295868007
0.18767906351671
0.19538215378118
0.192366650492754
0.200025233687436
0.199665016355359
0.201958634730316
0.198934046205589
0.190620778567308
0.243111947488151
0.253198572927366
0.252710672072903
0.262727438959176
0.262209992531984
0.26168795666584
0.261161344020796
0.260630167378845
0.260094439643962
0.259554173842141
0.259009383121435
0.258460080752004
0.257906280126156
0.257347994758401
0.256785238285495
0.256218024466497
0.255646367182824
0.255070280438309
0.25448977835926
0.253904875194526
0.253315585315559
0.252721923216489
0.244560186408765
0.241460679310425
0.205750177312904
0.202746115907562
0.159800668998787
0.249068961146818
0.248445109663133
0.247817006337921
0.247184666772986
0.189842042154127
0.191807726720188
0.188852039153919
0.185906079483386
0.156134387244292
0.148414560153971
0.148011017092962
0.108888911395876
0.113413639255061
0.122722217391351
0.124776041382441
0.12681416705697
0.164624394346077
0.1689062589882
0.1684135710564
0.170283107780794
0.167419752251028
0.159865746066135
0.154695411175657
0.123846896579013
9.08528060859795E-02
9.05714841673143E-02
9.02886634611349E-02
0.136160428773508
0.135728070019697
0.128414147684451
0.121142424279902
0.182261197553902
0.193016854651994
0.183324949370926
0.182713200779379
0.161865314378701
0.161316265836084
0.167463127831199
0.160210339437499
0.159653490501642
0.150255511038387
0.158532094161291
0.138221629211077
0.118050398726325
0.117623231491366
0.125875243024668
0.121087857306437
0.116330540517611
0.120188394597162
8.76637223951036E-02
9.37210648188424E-02
0.106093771945369
0.109912062247794
0.109484888139635
0.142611708016738
0.208895087408014
0.208063846372396
0.207229399470027
0.206391769390719
0.205550978962321
0.204707051151223
0.203860009062883
0.203009875942348
0.202156675174807
0.201300430286146
0.200441164943517
0.199578902955925
0.198713668274829
0.197845484994752
0.195004633580373
0.192178362340166
0.191319016931853
0.18462656517711
0.158638178270665
0.155986424095598
0.19168769554379
0.190796808256978
0.189903195768599
0.189006883640963
0.188107897587235
0.187206263472242
0.186302007313308
0.185395155281099
0.184485733700496
0.178066555979936
0.177179509330944
0.181742317249122
0.180822883839537
0.179901014850979
0.178976737553
0.178050079376027
0.177121067912406
0.176189730917467
0.173503535347505
0.170833788332896
0.173382046765814
0.172441688497177
0.171499145957582
0.170554447903996
0.169607623264518
0.168658701139658
0.167707710803635
0.166754681705706
0.165799643471524
0.164842625904527
0.155689476037992
0.162922772883326
0.161959997937868
0.160995364680086
0.16002890382429
0.159060646271582
0.158090623111474
0.157118865623549
0.156145405279147
0.155170273743099
0.154193502875491
0.153215124733472
0.152235171573102
0.151253675851232
0.150270670227443
0.149286187566006
0.148300260937903
0.147312923622883
0.146324209111564
0.145334151107585
0.140012500023908
0.139049636299094
0.140932693853663
0.139947554159729
0.137557605447048
0.137973829500458
0.138369004162525
0.137369437858278
0.136368841358846
0.135367250627184
0.134364701866259
0.133361231521834
0.132356876285322
0.131351673096696
0.130345659147459
0.12933887188369
0.128331349009142
0.123503434633774
0.123787963579243
0.12154560526
0.106893411622014
0.107257113538095
0.10637743050637
0.103072117335678
0.099806915753591
0.097774252695146
9.69438007906329E-02
9.61131005054398E-02
0.106901964233448
0.101362145080785
0.105036901902042
0.104104162636657
0.112142757000134
0.111128763623298
0.110114761345847
0.10910079345752
0.10808690358431
0.107073135693336
9.12111993241669E-02
9.03396833776926E-02
9.67506981914626E-02
0.100959772007093
9.89474586605266E-02
9.79657285088145E-02
9.49847460391721E-02
9.89727766213723E-02
9.79621439436138E-02
9.69520928382553E-02
9.59426713802638E-02
9.49339280535182E-02
9.39259117572872E-02
9.29186718128525E-02
9.19122579702771E-02
9.09067204153169E-02
8.99021097764895E-02
8.88984771322923E-02
8.78958740185763E-02
8.68943524360854E-02
8.58939648581557E-02
6.79158113908662E-02
6.62784751755306E-02
6.54911091309044E-02
6.47048086254419E-02
0.064728726152689
0.071127423667131
7.89275146595638E-02
7.79381475458983E-02
4.00142128461305E-02
3.95014659736256E-02
0.034490823341593
3.32988963443664E-02
3.50481154119411E-02
3.38579491917353E-02
4.54793318557461E-02
4.76590016296365E-02
0.046997645707797
5.72407683247995E-02
5.64274965360275E-02
5.49540564677131E-02
5.35018698464535E-02
5.33566203553373E-02
5.25609772079116E-02
4.98963445991037E-02
4.91336069314343E-02
4.83730243165277E-02
4.76146518275299E-02
5.33015951117994E-02
0.048986308147396
0.048187939846697
0.047949715357317
0.024670075816467
2.58683955847056E-02
2.80719046348751E-02
0.018214898488877
2.65838014140108E-02
2.71114121264588E-02
2.46467582073409E-02
2.32244961979267E-02
1.99411593229107E-02
1.95624863623513E-02
1.78150604610496E-02
0.017466506829427
1.75585002916572E-02
1.63440791593863E-02
1.85369592286975E-02
1.89761465247196E-02
3.10925552791034E-02
2.01510642458518E-02
2.04836675393203E-02
2.00285142946776E-02
2.03146044808404E-02
2.05693096584487E-02
1.93832847917804E-02
1.51374188160145E-02
1.54418650586484E-02
1.40784481244544E-02
1.50011030769646E-02
1.33727266808154E-02
1.18119501176277E-02
1.12025545808021E-02
1.14718143880633E-02
1.17115095353077E-02
1.08382189019228E-02
1.07881858835813E-02
1.04697444295075E-02
1.04015524732397E-02
9.60067225072236E-03
9.29772675638249E-03
9.44732369912042E-03
9.13488787795027E-03
9.03548404134774E-03
1.07498904851389E-02
1.03668176998331E-02
9.98760785452427E-03
1.21514343281031E-02
1.12511195587629E-02
1.20414388431924E-02
1.38689422871636E-02
1.37474048381647E-02
0.01103772638191
1.07664571591022E-02
9.31219482155432E-03
8.88883017179531E-03
9.13546788911499E-03
8.71687776569696E-03
8.46682437562437E-03
1.35375845892268E-02
0.013556119941189
1.34121093181439E-02
0.013266701702151
1.03415561004111E-02
9.00384827876954E-03
1.01067320430043E-02
0.00983854707591
1.04564477475976E-02
9.89139371859401E-03
1.12033004603914E-02
1.10592264202044E-02
9.37465729382326E-03
9.5246131971329E-03
1.22523938309134E-02
1.20797721590796E-02
1.20378212190849E-02
1.17296847987588E-02
1.14238524607612E-02
1.12467437105345E-02
1.13167473268583E-02
1.07653707745307E-02
8.6608529100386E-03
9.69465485192518E-03
9.52409060287136E-03
9.35206359272561E-03
9.17858309979584E-03
9.00366066183213E-03
1.05497122645354E-02
1.03372653155537E-02
1.03297499404997E-02
8.49206410685986E-03
8.30576214112379E-03
8.02147006350366E-03
8.21233882645408E-03
8.10744206274228E-03
7.99671261488442E-03
6.65435568069575E-03
7.67254349617544E-03
6.55154289082118E-03
6.2867537564479E-03
6.10402984434068E-03
5.92051360509399E-03
5.73628547483709E-03
5.55143345197305E-03
5.29725806465796E-03
5.31307766289778E-03
5.12219353738061E-03
4.93111932610465E-03
4.73999272042603E-03
4.49210077818768E-03
4.19475863462781E-03
4.01155622931776E-03
3.82894994887871E-03
2.36826879055091E-03
2.16082080140283E-03
2.17691961185831E-03
2.09930637525806E-03
2.74177085047411E-03
2.75774372560717E-03
2.6191728220127E-03
2.4474047340987E-03
2.24936946654741E-03
2.08595942092402E-03
1.92615473107759E-03
1.74733687225829E-03
1.68193942224389E-03
1.5486461097527E-03
1.15783526982239E-03
1.02403927675228E-03
8.57359636801873E-04
7.70137710639378E-04
4.71199463828058E-04
3.99358673478827E-04
3.26526672966181E-04
3.10187135852164E-04
2.58901753510704E-04
2.2647786895407E-04
1.86293166304647E-04
1.41129112864641E-04
1.15452613427718E-04
7.96053119342055E-05
4.53360857915924E-05
3.40714148908762E-05
2.37111067212844E-05
1.41272702026312E-05
8.64547910672006E-06
4.61365405386074E-06
2.20194517073024E-06
9.52981189722408E-07
2.95630889919153E-07
8.16199413158033E-08
1.48462318162345E-08
2.34792039678779E-09
1.08410671717997E-10
1.14212740825214E-12
6.80635808237205E-16
6.42163000632615E-22
1.36248789405886E-37
1.18940001017962E-178
0
0
0
0
0
0
0
0
0
0
0
0
0
0
0
0
0
0
0
0
0
0
0
0
0
0
0
0
0
0
0
0
0
0
0
0
0
0
0
0
0
0
0
0
0
0
0
0
0
0
0
0
0
0
0
0
0
0
0
0
0
0
0
0
0
0
0
0
0
0
0
0
0
0
0
0
0
0
0
0
0
0
0
0
0
0
0
0
0
0
0
0
0
0
0
0
0
0
0
0
0
0
0
0
0
0
0
0
0
0
0
0
0
0
0
0
0
0
0
0
0
0
0
0
0
0
0
0
0
0
0
0
0
0
0
0
0
0
0
0
0
0
0
0
0
0
0
0
0
0
0
0
0
0
""
