0
0
0
0
0
0
0
0
0
0
0
0
0
0
0
0
0
0
0
0
0
0
0
0
0
0
0
0
0
0
0
0
0
0
0
0
0
0
0
0
0
0
0
0
0
0
0
0
0
0
0
0
0
0
0
0
0
0
0
0
0
0
0
0
0
0
0
0
0
0
0
0
0
0
0
0
0
0
0
0
0
0
0
0
0
0
0
0
0
0
0
0
0
0
0
0
0
0
0
0
0
0
0
0
0
0
0
0
0
0
0
0
0
0
0
0
0
0
0
0
0
0
0
0
0
0
0
0
0
0
0
0
0
0
0
0
0
0
0
0
0
0
0
0
0
0
0
0
0
0
0
0
0
0
0
0
0
0
0
0
0
0
0
0
0
0
0
0
0
0
0
0
0
0
0
0
0
0
0
0
0
0
0
0
0
0
0
0
0
0
0
0
0
0
0
0
0
0
0
0
0
0
0
0
0
0
0
0
0
0
0
0
0
0
0
0
0
0
0
0
0
0
0
0
0
0
0
0
0
0
0
0
0
0
0
0
0
0
0
0
0
0
0
0
0
0
0
0
0
0
0
0
0
0
0
0
0
0
0
0
0
0
0
0
0
0
0
0
0
0
0
0
0
0
0
0
0
0
0
0
0
0
0
0
0
0
0
0
0
0
0
0
0
0
0
0
0
0
0
0
0
0
0
0
0
0
0
0
0
0
0
0
0
0
0
0
0
0
0
0
0
0
0
0
0
0
0
0
0
0
0
0
0
0
0
0
0
0
0
0
0
0
0
0
0
0
0
0
0
0
0
0
0
0
0
0
0
0
0
0
0
0
0
0
0
0
0
0
0
0
0
0
0
0
0
0
0
0
0
0
0
0
0
0
0
0
0
0
0
0
0
0
0
0
0
0
0
0
0
0
0
0
0
0
0
0
0
0
0
0
0
0
0
0
0
0
0
0
0
0
0
0
0
0
0
0
0
0
0
0
0
0
0
0
0
0
0
0
0
0
0
0
0
0
0
0
0
0
0
0
0
0
0
0
0
0
0
0
1.48369062497975E-45
4.58212596821834E-18
8.98041322063584E-12
5.82701088248313E-09
2.8573122317015E-07
3.01409601019242E-06
1.35366943256655E-05
4.62006376436031E-05
1.16595673334075E-04
2.43151447520145E-04
4.42257555196322E-04
7.35586869283781E-04
1.11899620011618E-03
1.60271135741175E-03
2.21422595038721E-03
2.94252471654581E-03
3.91835665996443E-03
5.0721386774611E-03
6.34506877123805E-03
7.39352629111015E-03
8.65676788484754E-03
9.99680305675471E-03
1.15267247322607E-02
1.27440709948379E-02
1.39544359601294E-02
8.92086814501222E-03
1.00135697003685E-02
1.07579484284171E-02
0.011265928241395
1.12401940809634E-02
1.26271546255409E-02
1.63132327293918E-02
1.71398581601654E-02
1.44773302074752E-02
0.01637076425104
1.73267843824036E-02
1.82884601596321E-02
2.31843440616078E-02
2.47651666669646E-02
2.59566406479142E-02
2.44357409384716E-02
2.78744564230085E-02
2.95441552658628E-02
3.12542816308111E-02
2.76809822180949E-02
2.92707129731434E-02
3.08993568367834E-02
5.38826903491102E-02
5.26313624185335E-02
4.48599144205954E-02
6.32075071646703E-02
6.37801363270666E-02
6.77242453305106E-02
6.75166489372002E-02
7.30279933757162E-02
7.49795736988403E-02
0.076924620774556
7.88628864789606E-02
8.07941487633247E-02
8.27182091498669E-02
7.19396568981908E-02
7.52933102850322E-02
7.69475864595545E-02
5.33001081220979E-02
0.054412701715989
0.082810340402323
8.34959048101486E-02
7.63103461006197E-02
7.77558689087269E-02
7.91949209053118E-02
0.079593777733738
8.20534621479453E-02
8.34728892229874E-02
7.83560493393733E-02
8.07604002423415E-02
8.09460143977146E-02
7.30949331500107E-02
0.074232390782092
7.41868105137953E-02
7.29053821110589E-02
7.27611832986188E-02
0.123011696239572
0.122251267510112
0.123942682671231
8.46050702530195E-02
0.12989832097471
0.131598592164203
0.133290320209048
0.134973512261604
0.13664817623652
0.103735740517804
0.137172515618661
0.141621087828267
0.143261729906192
0.144893891081619
0.146517581682188
0.148132812162987
0.149739593047852
0.151337934876655
0.152927848158054
0.154509343327232
0.156082430708178
0.157647120480122
0.159203422647739
0.160751347014823
0.162290903161088
0.163822100421844
0.16534494787029
0.166859454302177
0.168365628222648
0.169863477835049
0.171353011031531
0.172834235385288
0.174307158144284
0.175771786226313
0.177228126215297
0.17867618435868
0.180115966565834
0.181547478407365
0.182970725115242
0.184385711583669
0.185792442370614
0.187190921699946
0.188581153464102
0.189963141227236
0.191336888228797
0.192702397387492
0.19405967130558
0.103566617504938
0.108212237251013
0.108945156644718
0.103691357019039
8.22962585440045E-02
7.87918879117424E-02
7.31988562914741E-02
7.57099941051824E-02
0.166782912125599
0.132595090159623
0.137574756611792
0.144696551195701
0.143449715893352
0.152782238397004
0.181416699779659
0.182458481753473
0.18565200889125
0.178008538970483
0.216101655491676
0.21508763202843
0.198595445831545
0.201872389235986
0.209625380631662
0.208473825989991
0.216304154427647
0.212872390733751
0.216215143904179
0.214998227010446
0.202259090311386
0.221711957598373
0.169397781243837
0.170196046157642
0.159276734497818
8.94168195764138E-02
8.74591377189209E-02
9.02258208808461E-02
8.58558180081715E-02
8.62315489810294E-02
8.66042844632558E-02
8.93899675684718E-02
0.13343727390252
0.12424803918154
6.11564110329878E-02
6.14048332968175E-02
6.16511668898592E-02
0.061895410333461
6.46230646178394E-02
6.48727256076238E-02
7.51387016886384E-02
0.201124647954988
0.184208849588076
0.177287300693945
0.226225407718748
0.224484233918084
0.222717540533071
0.148996317718119
0.113420913644335
9.31143488016348E-02
8.56411683437334E-02
8.33209492508081E-02
8.09809235827579E-02
8.91041887718014E-02
8.93877112045829E-02
8.96683522270374E-02
0.111109900107592
0.103488772469453
0.101139195670385
9.87704744940315E-02
9.90601633238608E-02
0.104716793958016
0.113093613391909
0.108011155673309
0.105602927319595
0.105891647237128
9.52870818085258E-02
9.00807643525138E-02
9.03165984116822E-02
8.78056783283149E-02
8.80288817927228E-02
9.10071320431005E-02
9.12316467835708E-02
9.42246394307019E-02
0.102783947239592
0.103026133032952
0.092101335117526
8.39196858056029E-02
8.41082986498985E-02
9.27237555229578E-02
7.88459071659104E-02
7.90146936169435E-02
7.63531643926979E-02
6.51762523015064E-02
5.39508544200843E-02
5.40588110483273E-02
5.41651207161092E-02
5.71260866998016E-02
5.15110688974732E-02
4.87400355937913E-02
0.048829251017802
4.89169882150851E-02
4.90032462923032E-02
0.049088024367559
4.91713215706062E-02
4.92531370430559E-02
5.51374075784104E-02
0.055225533472873
4.65785267529272E-02
4.66499434214099E-02
4.37999640509181E-02
0.043864294419863
0.040998824892647
3.81238149747913E-02
3.81761539856609E-02
0.038227353875054
3.82774140956655E-02
3.83263341108714E-02
4.72296780244199E-02
5.02425211042308E-02
0.04734307411738
5.33223716749041E-02
5.63478806635214E-02
0.053440450907769
0.050525053585632
0.0446268300624
4.16933158796234E-02
4.47146685708848E-02
0.04475660568617
4.18107393710785E-02
4.18474124396035E-02
4.18828507737274E-02
4.79052045495205E-02
4.79428819215478E-02
4.49804501880791E-02
4.50131240466063E-02
4.50444730127959E-02
4.20695302875822E-02
4.20963152238543E-02
4.51305671296215E-02
3.61252905365888E-02
3.91571550186706E-02
4.21910771159291E-02
4.22116717962427E-02
3.92145256986344E-02
3.62135524590446E-02
3.62280190048434E-02
3.92615417956754E-02
4.83383531749442E-02
5.13754788881037E-02
4.53440752349049E-02
4.23318158274468E-02
0.045365629941009
4.23494531315342E-02
0.036305495395172
3.32845299452856E-02
0.033288047765854
3.93434255705669E-02
4.23718390086715E-02
4.23725944843849E-02
4.53986885793453E-02
0.042370383583185
3.93411731433886E-02
3.93372667246228E-02
3.02555449238027E-02
0.030250767868985
3.02451048316914E-02
0.03628626705128
3.62773452915148E-02
3.92896406713495E-02
3.92776725778717E-02
3.92645532540173E-02
3.62310303212505E-02
3.92348615210184E-02
4.22350809429369E-02
4.22159950292214E-02
4.21956702657258E-02
3.91616706754075E-02
0.030108075084383
3.30999941113631E-02
3.30801330313803E-02
2.70485178344868E-02
2.70306768901955E-02
0.027012040755918
2.09942519420303E-02
2.09785207009616E-02
0.023956767410678
2.69295486093672E-02
3.58759197568116E-02
3.28576565928233E-02
3.28280835084925E-02
3.87607300962976E-02
4.76596784817569E-02
4.76124337043292E-02
3.86455713728856E-02
3.86048961640394E-02
4.15294677571746E-02
0.041483200711527
3.84760098618247E-02
3.54745499339505E-02
3.83843731366531E-02
3.53878546042615E-02
0.035342927072192
3.23555346915232E-02
3.52499146894902E-02
3.22683449321807E-02
3.22233045620717E-02
3.21773011673375E-02
3.21303352357017E-02
3.49989897420434E-02
3.49456557335687E-02
3.77988794486115E-02
3.77388300488022E-02
3.76776461381491E-02
3.76153283524125E-02
3.75518773367566E-02
3.74872937456003E-02
3.74215782424634E-02
3.44812906152095E-02
0.034418542337436
4.00805429549178E-02
4.00049038201726E-02
4.27800529468447E-02
4.26964076948981E-02
4.54522261633422E-02
3.96902023366465E-02
4.24376728297108E-02
4.23488310093768E-02
4.22586921964203E-02
3.93561067825519E-02
3.92695586314602E-02
4.75779029492341E-02
4.74698759448181E-02
4.73603840658299E-02
0.04169067207047
4.15914792604936E-02
4.42570631158622E-02
4.96670702803442E-02
4.95433990619111E-02
0.04392727420517
4.10761872282685E-02
4.37005544745057E-02
4.90332819584508E-02
6.79193060426898E-02
0.078572245745956
7.56537015460661E-02
7.27477926436269E-02
9.13485542462945E-02
8.57278866268256E-02
8.54779384276754E-02
9.05518465835396E-02
8.49698755562414E-02
8.47117650744492E-02
7.91727543983241E-02
0.115757670194959
0.118014106800224
0.130706528820493
0.122465118325632
0.127256257965348
0.132008790790525
0.103186576035655
9.76917972195407E-02
8.96673690961989E-02
8.67995741823112E-02
8.90346903714687E-02
8.61792501115624E-02
8.58648004477676E-02
9.05797008283489E-02
9.27473956869822E-02
0.082407140535351
8.70660694110228E-02
8.67276952524234E-02
8.63863923324796E-02
8.35838152420211E-02
8.07981509446391E-02
8.53449318691391E-02
9.47052986091147E-02
0.094308706792599
8.66851062592377E-02
8.39154397627716E-02
8.35507801905229E-02
8.79365360738808E-02
8.99109644677068E-02
8.95055733645676E-02
9.14416864462441E-02
0.100354452036889
9.75621104211368E-02
9.24762979506042E-02
0.10123628613876
0.10532432061974
0.102528489082269
0.108819835210552
0.121805979070164
0.136894372654509
0.156281386127168
0.208767408239328
0.205454298975994
0.153815176824872
0.168279717765492
0.163009475394925
0.15345841101053
0.197729169204219
0.190192268629553
5.73661207090487E-02
5.06944363870046E-02
4.82950074834645E-02
4.80059542996795E-02
4.77150089008307E-02
4.74221714790967E-02
4.71274421694602E-02
4.27585757397627E-02
4.04628766365736E-02
4.42218206202858E-02
4.39326672512084E-02
4.56254178482086E-02
4.53193366680889E-02
5.08824101528639E-02
4.47014959547656E-02
4.43897356088318E-02
3.64106758386957E-02
3.61500050101728E-02
3.77765984873207E-02
0.039373857041722
4.09415326068707E-02
5.35609534841261E-02
5.49839267636801E-02
6.91061576067616E-02
7.03671536355679E-02
6.80164353883036E-02
7.10177460506938E-02
7.21968304154018E-02
6.11194530566277E-02
6.40676807693475E-02
5.83700029110372E-02
4.76528519861878E-02
4.89208888866089E-02
4.84846246732444E-02
4.97027012663889E-02
4.92463925086811E-02
4.55350740968666E-02
4.34936332841887E-02
4.14807719475568E-02
0.042656477785094
4.22345052454284E-02
4.18102659442153E-02
4.29164888887065E-02
4.55055289568111E-02
4.65274635748549E-02
4.30602588100621E-02
4.25923761721169E-02
0.042122040763309
4.45216115835811E-02
4.25937926021053E-02
4.20996079847595E-02
4.43763986479911E-02
3.97334673978276E-02
3.92483534220626E-02
3.87607668297635E-02
4.22297437597369E-02
3.90808620559141E-02
5.14250332006825E-02
4.94703581733976E-02
0.121369313502592
0.119688662943619
0.117999707024276
9.83175317266885E-02
0.096875714945845
9.54268830365403E-02
9.39710417948239E-02
9.25081993389421E-02
0.093258814351798
9.06537706920953E-02
0.091300144874267
9.60905373503521E-02
9.23531873733471E-02
6.42177006170709E-02
6.20556352209918E-02
5.69782156912607E-02
7.71028960409726E-02
7.18281698799287E-02
7.13287696261336E-02
6.62480485799465E-02
0.05775822136272
5.65233663983322E-02
8.07989652927596E-02
7.89796660550558E-02
7.63411822820479E-02
7.76986282877233E-02
7.73475568591026E-02
7.54039672516194E-02
6.68429470549405E-02
6.07726960375488E-02
4.86743413495265E-02
5.60802579741226E-02
5.50981799997335E-02
4.32579801927834E-02
4.19096616769588E-02
3.99622322652293E-02
3.74757835882109E-02
3.72937265417633E-02
4.50807081847662E-02
4.23706548518958E-02
4.17271773211895E-02
3.76668197722637E-02
3.65484204548418E-02
3.45185928856865E-02
3.29489451671028E-02
3.13837777826382E-02
3.02018955658818E-02
2.82721471290694E-02
2.80820268833467E-02
0.026152499022607
2.45742023238985E-02
2.21691442522766E-02
2.06800481722023E-02
1.92104549087051E-02
1.75383749907097E-02
1.57209448893858E-02
1.43810818731733E-02
1.30727195660155E-02
1.27313868213977E-02
1.14009040815072E-02
0.010241732716622
0.008997460674145
7.71875889619679E-03
6.61341513748902E-03
5.71526333277368E-03
4.84775811644587E-03
2.1486833570409E-03
1.77134382759424E-03
1.44186547958727E-03
1.06576619042139E-03
6.36822843204133E-04
4.15039125766521E-04
2.51299009117252E-04
1.82069150192785E-04
1.287453839071E-04
5.55816925801403E-05
1.76795497613511E-05
4.36082522763442E-06
5.61757403242475E-07
2.16604268020699E-08
8.16147991681426E-11
6.41427189825477E-16
1.45286722859561E-33
0
0
0
0
0
0
0
0
0
0
0
0
0
0
0
0
0
0
0
0
0
0
0
0
0
0
0
0
0
0
0
0
0
0
0
0
0
0
0
0
0
0
0
0
0
0
0
0
0
0
0
0
0
0
0
0
0
0
0
0
0
0
0
0
0
0
0
0
0
0
0
0
0
0
0
0
0
0
0
0
0
0
0
0
0
0
0
0
0
0
0
0
0
0
0
0
0
0
0
0
0
0
0
0
0
0
0
0
0
0
0
0
0
0
0
0
0
0
0
0
0
0
0
0
0
0
0
0
0
0
0
0
0
0
0
0
0
0
0
0
0
0
0
0
0
0
0
0
0
0
0
0
0
0
0
0
0
0
0
0
0
0
0
0
0
0
0
0
0
0
0
0
0
0
0
0
0
0
0
0
0
0
0
0
0
0
0
0
0
0
0
0
0
0
0
0
0
0
0
0
0
0
0
0
0
0
0
0
0
0
0
0
0
0
0
0
0
0
0
0
0
0
0
0
0
0
0
0
0
0
0
0
0
0
0
0
0
0
0
0
0
0
0
0
0
0
0
0
0
0
0
0
0
0
0
0
0
0
0
0
0
0
0
0
0
0
0
0
0
0
0
0
0
0
0
0
0
0
0
0
0
0
0
0
0
0
0
0
0
0
0
0
0
0
0
0
0
0
0
0
0
0
0
0
0
0
0
0
0
0
0
0
0
0
0
0
0
0
0
0
0
0
0
0
0
0
0
0
0
0
0
0
0
0
0
0
0
0
0
0
0
0
0
0
0
0
0
0
0
0
0
0
0
0
0
0
0
0
0
0
0
0
0
0
0
0
0
0
0
0
0
0
0
0
0
0
0
0
0
0
0
0
0
0
0
0
0
0
0
0
0
0
0
0
0
0
0
0
0
0
0
0
0
0
0
0
0
0
0
0
0
""
