0
0
0
0
0
0
0
0
0
0
0
0
0
0
0
0
0
0
0
0
0
0
0
0
0
0
0
0
0
0
0
0
0
0
0
0
0
0
0
0
0
0
0
0
0
0
0
0
0
0
0
0
0
0
0
0
0
0
0
0
0
0
0
0
0
0
0
0
0
0
0
0
0
0
0
0
0
0
0
0
0
0
0
0
0
0
0
0
0
0
0
0
0
0
0
0
0
0
0
0
0
0
0
0
0
0
0
0
0
0
0
0
0
0
0
0
0
0
0
0
0
0
0
0
0
0
0
0
0
0
0
0
0
0
0
0
0
0
0
0
0
0
0
0
0
0
0
0
0
0
0
0
0
0
0
0
0
0
0
0
0
0
0
0
0
0
0
0
0
0
0
0
0
0
0
0
0
0
0
0
0
0
0
0
0
0
0
0
0
0
0
0
0
0
0
0
0
0
0
0
0
0
0
0
0
0
0
0
0
0
0
0
0
0
0
0
0
0
0
0
0
0
0
0
0
0
0
0
0
0
0
0
0
0
0
0
0
0
0
0
0
0
0
0
0
0
0
0
0
0
0
0
0
0
0
0
0
0
0
0
0
0
0
0
0
0
0
0
0
0
0
0
0
0
0
0
0
0
0
0
0
0
0
0
0
0
0
0
0
0
0
0
0
0
0
0
0
0
0
0
0
0
0
0
0
0
0
0
0
0
0
0
0
0
0
0
0
0
0
0
0
0
0
0
0
0
0
0
0
0
0
0
0
0
0
0
0
0
0
0
0
0
0
0
0
0
0
0
0
0
0
0
0
0
5.02876533599672E-137
3.54954575962185E-31
1.44106722673101E-18
1.1754251943532E-13
4.75371936420169E-11
2.00060323410929E-09
2.67640257804717E-08
2.04321775291048E-07
8.75529265646294E-07
2.67206045049598E-06
6.81026256375849E-06
1.38602461685619E-05
2.3752556340814E-05
4.05623916847603E-05
7.23165373293399E-05
1.11421826465289E-04
1.40043218726955E-04
2.07888199756151E-04
2.87949722425216E-04
3.5010716214777E-04
4.40856460474108E-04
5.28110451312622E-04
6.49749212685533E-04
9.52815038968317E-04
9.5179199971856E-04
1.04772112708262E-03
1.07227519441575E-03
1.69616808885616E-03
1.89216391316606E-03
2.09511775468395E-03
2.30430030290453E-03
2.54700396913715E-03
3.04289007325433E-03
2.43578101622849E-03
2.62283748579157E-03
2.69844188664623E-03
2.96363661127648E-03
3.19777383922435E-03
4.58476145785214E-03
4.84967039137109E-03
5.11563687671551E-03
5.3822891805821E-03
5.64928767630989E-03
5.91632277269452E-03
6.1831128851648E-03
6.25592039724154E-03
6.4463617406859E-03
6.9097811195136E-03
6.8809111209422E-03
7.05493800609081E-03
7.61067189740991E-03
0.004654583728207
3.80999155816699E-03
3.75681793522502E-03
3.86845644196975E-03
3.97921868206919E-03
4.18200614810217E-03
4.77044394442982E-03
5.48029841764559E-03
5.31557061786514E-03
4.62160930902354E-03
4.83405165773905E-03
4.4054694071949E-03
4.39157610144368E-03
4.44212756669868E-03
1.20084431867574E-02
1.26394350209817E-02
1.32827800037868E-02
1.39382151678322E-02
1.46054809613259E-02
1.52843214142304E-02
1.59744842742598E-02
1.66757211160385E-02
1.73877874264489E-02
1.81104426688855E-02
1.58284982762414E-02
1.50816650162163E-02
1.54580938069427E-02
0.017303872480767
0.017303872480767
1.85777403780517E-02
1.40676981211362E-02
1.38198531397941E-02
1.40297669087387E-02
1.88846324676373E-02
1.73509523585557E-02
1.73415074763106E-02
2.63808068021215E-02
2.71693521999806E-02
2.73634409863722E-02
1.60848246796036E-02
1.36749037541217E-02
0.013398301346808
1.34248932578894E-02
1.27473454759499E-02
1.30790478400743E-02
1.30505591874221E-02
1.04049275995563E-02
1.18033531578464E-02
1.24787311888929E-02
1.39728454839981E-02
1.51161024816366E-02
1.58808231756815E-02
1.58116554533432E-02
0.013541385017643
1.47294035784374E-02
1.55013073784116E-02
1.58284726808093E-02
2.42358032827033E-02
3.73392336602831E-02
3.80905100906245E-02
3.98540105457967E-02
3.85741148558289E-02
3.98393485072268E-02
4.16614601058981E-02
4.24381158795527E-02
4.26635623646091E-02
0.043999932615314
4.53590934301562E-02
4.49882756828356E-02
4.75514739428472E-02
4.83644039340885E-02
4.91797768202505E-02
5.06224840421684E-02
4.51005690163856E-02
2.19469082758545E-02
0.020985666476844
0.022648511794204
2.36770896696165E-02
2.19797736803081E-02
2.30099360033808E-02
2.61847522028175E-02
2.51349959289364E-02
2.91444067018061E-02
0.031781191277669
3.14833617404337E-02
3.19253976547227E-02
0.03236816884874
3.20304134982979E-02
3.24639841405095E-02
3.37005741439593E-02
3.41459687610791E-02
2.71793830335187E-02
2.50274742637726E-02
2.53467892377757E-02
2.56664540909892E-02
2.51202333011004E-02
5.52441779100034E-02
5.50298431961674E-02
5.29981360180232E-02
4.27219279052334E-02
0.05058287116687
5.30331983882381E-02
8.18784693054508E-02
0.083763897695053
8.47086509887948E-02
8.76004853868212E-02
8.75833992275471E-02
8.85399545990386E-02
8.74855978321011E-02
8.02904226322088E-02
8.01129436122307E-02
8.09518861026168E-02
8.17908723402031E-02
8.36892166911917E-02
8.45389181994725E-02
7.89033301831263E-02
0.074230199925355
7.49612630155216E-02
7.56921464702119E-02
0.079794410165582
0.073749415968924
6.87206220719404E-02
6.58963513537637E-02
6.76746216940394E-02
0.067118962753934
0.118824137746657
0.119895049035306
0.120965252849055
0.122034702406182
0.123103351386493
0.124171153922931
0.125238064593408
0.126304038412845
6.36845154127099E-02
6.16478388945673E-02
5.30933170762247E-02
5.61398025485159E-02
5.79120563547667E-02
6.36853158932727E-02
6.95426850843616E-02
0.071440206459267
6.92826986016826E-02
6.98203518105333E-02
6.89777338311642E-02
6.95034197495502E-02
7.14289303506027E-02
7.76077984557251E-02
0.113721508810341
0.115989635601529
0.118277320238627
8.86223299328604E-02
0.115594904549749
0.138519400632372
0.146913695584038
7.47162251900543E-02
0.07673733462093
7.57481853746206E-02
0.077787974650846
7.52407423399169E-02
9.27465719272836E-02
9.33603952130789E-02
9.39729700897829E-02
0.113501130865327
8.88480053369658E-02
0.113366879438836
0.112478766391728
0.114802733707843
0.117145256555892
0.121143313986856
0.121885596667536
0.165710966662812
0.166709251330118
0.167705087588924
0.168698443497375
0.169689287348959
0.170677587669835
0.171663313216237
0.172646432971927
0.173626916145721
0.174604732169072
0.175579850693708
0.176552241589333
0.177521874941383
0.178488721048831
0.174069167909391
0.180413933780738
0.181372242051859
0.182327646367683
0.183280118063832
0.184229628677395
0.185176149945083
0.186119653801426
0.18706011237702
0.187997497996811
0.103912480748131
0.106323246753089
0.116382475383243
0.116946616117193
0.192637376528899
0.193555753915581
0.194470869927352
0.195382698387023
0.196291213298079
0.197196388843338
0.198098199383642
0.19899661945658
0.199891623775243
0.192751859737925
0.193604433477448
0.194453656265919
0.193265134651994
0.198185100062486
0.205188524593304
0.206058925092594
0.206925713720483
0.207788866718255
0.208648360491784
0.209504171610589
0.210356276806897
0.211204652974751
0.212049277169117
0.212890126605034
0.213727178656768
0.214560410856997
0.18738912677953
0.181620874361588
0.180140681809032
0.180819398756236
0.179308168949715
0.111933957872458
0.112344955294699
0.121597360163148
0.126473867262086
0.131379907864464
0.131845875430344
0.130066904508676
0.128269883850011
0.133229295990392
0.131419711726374
0.159148426697022
0.127747145360225
0.148772462527445
0.153856993109094
0.158968863804481
0.138682653541333
0.141447762969585
0.113984342375299
0.154015172379154
0.15215668299785
0.147932654175531
0.113057231939715
0.118126837791113
0.120853193336805
0.118837996196471
0.116806443832187
0.124321882724753
0.124683578790811
0.117828922238707
0.118165338451736
0.123336251365243
0.113981239888093
0.11672937751312
9.75418202489278E-02
9.53621378398166E-02
9.31674276822916E-02
8.60411830708794E-02
9.36630904743514E-02
0.103793348998525
0.116450747966859
0.111781522605996
0.112065529446196
0.107354192281346
0.107621507418551
0.102868788424957
8.04837193232745E-02
8.31992624700931E-02
7.83436749241454E-02
0.078528974528762
0.177738529213957
0.142520141865276
0.127541732294951
9.45948675542772E-02
9.99317506705663E-02
0.110425639365008
0.110668004994648
0.116066775372555
0.11114637464442
0.111382367112592
0.160935020272102
0.2054880737656
0.216335653009371
0.148869315879384
0.141316970229633
0.157330149840874
0.170774952464478
0.176370411270563
0.189895014253612
0.184969155486852
0.135014918303591
0.127307286372217
0.114253914149439
0.122445060377811
0.143995272595413
0.195001805448991
0.200691336579534
0.20907585260496
0.228223553597529
0.225914168309977
0.228979268433705
0.232048722886009
0.232419810312829
0.232786395688567
0.23314847035392
0.233506025762108
0.20938543160314
0.209697453244547
0.220914777973096
0.221234440856929
0.218814625748112
0.219121850565266
0.219424818696163
0.21972352302623
0.209017058717961
0.190015746899454
0.181990036495129
0.179461395504282
0.185215508487574
0.193747595925286
0.188440317511998
0.191439500795881
0.194441510089417
0.208569906217004
0.236646299995501
0.278716188921688
0.279019532575639
0.279317435650754
0.279609891206505
0.279896892432338
0.280178432647644
0.280454505301744
0.280725103973868
0.280990222373142
0.281249854338568
0.281503993839011
0.281752634973182
0.281995771969625
0.282233399186704
0.282465511112588
0.282692102365244
0.280084036015498
0.283128701971644
0.283338700210197
0.283543157545118
0.283742069243193
0.283935430700941
0.28412323744461
0.284305485130169
0.273102882761568
0.276113688001412
0.273426079049797
0.262180498714478
0.285133194724812
0.219667143157442
0.265445461706729
0.285562862041536
0.285694904123435
0.28582135084019
0.285942199274319
0.286057446637995
0.286167090273051
0.286271127650974
0.286369556372901
0.28646237416962
0.286549578901564
0.286631168558811
0.286707141261084
0.286777495257744
0.286842228927794
0.286901340779874
0.238172508445376
0.241082262718808
0.241117743265761
0.24114849756359
0.238303399607542
0.223967551495686
0.223982939536595
0.218250502614219
0.215385137801238
0.215387267926648
0.212513373457715
0.189533398097722
0.192395703747853
0.22109632867676
0.22394797070956
0.229665478945381
0.226765776781539
0.22099238619422
0.284085732465077
0.286901847260705
0.28684278601179
0.286778102932072
0.286707799511743
0.286631877370634
0.286550338258217
0.286463184053602
0.286370416765545
0.286272038532445
0.286168051622348
0.28605845843295
0.285943261491596
0.285822463455288
0.285696067110685
0.285564075374103
0.285426491291524
0.285283318038597
0.285134558920641
0.284980217372652
0.284820296959301
0.28465480137495
0.284483734443644
0.255876390107214
0.284124902484842
0.28393714575394
0.283743834269284
0.283544972503458
0.283340565058775
0.283130616667284
0.282915132190777
0.282694116620801
0.273993547826305
0.276590802559142
0.250978162338704
0.250761814523356
0.250540567979724
0.253126949504527
0.244463547694255
0.244232937622292
0.243997559664204
0.17651399328044
0.151145703366727
0.148194624243798
0.136866845117562
0.142301341379426
0.144933850505188
0.147557413943112
0.147390911970456
0.147221537904589
0.144274780685828
0.152416611616802
0.152231929556862
0.110577660991238
0.110439039217486
0.11581318193509
0.118417003576037
0.123761580219201
0.118102828203495
0.106970918965439
0.10682324069382
0.112143922500116
0.111984311513496
6.81844673134513E-02
6.80844944805188E-02
9.78958089090013E-02
9.77480469386372E-02
9.21762568671156E-02
9.20331271344668E-02
9.18882140671028E-02
9.44398011200704E-02
9.69808782334396E-02
9.68217980926462E-02
9.66608444955323E-02
0.09649802125513
8.83055545457143E-02
8.81528828883062E-02
9.33317510542247E-02
0.175684867919732
0.241797103948708
0.241357375820201
0.240912992464048
0.245748886771657
0.237372826717297
0.234287138074603
0.231207061550844
0.228132759782813
0.225064395034146
0.229837498454293
0.26065014731495
0.260116313019814
0.25957748546373
0.259033677612348
0.258484902564194
0.257931173550805
0.257372503936855
0.256808907220297
0.256240397032505
0.255666987138418
0.255088691436695
0.254505523959866
0.253917498874496
0.253324630481351
0.252726933215565
0.252124421646821
0.251517110479528
0.250905014553012
0.250288148841704
0.249666528455341
0.249040168639171
0.248409084774161
0.247773292377215
0.247132807101395
0.246487644736153
0.245837821207565
0.245183352578574
0.190728918938408
0.192649830516031
0.192121868633774
0.191590288966387
0.191055104747299
0.190516329319335
0.194783443885204
0.194223705813605
0.191269459095049
0.190709454397385
0.199653176374432
0.199057694712039
0.198458497138986
0.202566446372766
0.204293622564053
0.203661573711152
0.198358481264287
0.197733581670643
0.231888253628809
0.231144469458519
0.230396409638383
0.229644093320038
0.228887539799901
0.228126768519632
0.225088181075944
0.226592651174433
0.225819344723413
0.225041899741102
0.22426033640282
0.223474675032201
0.222684936101749
0.22189114023342
0.221093308199205
0.220291460921734
0.219485619474901
0.218675805084494
0.217862039128851
0.217044343139528
0.216222738801985
0.21539724795629
0.214567892597838
0.213734694878097
0.212897677105359
0.212056861745525
0.2112122714229
0.210363928921009
0.209511857183439
0.208656079314698
0.207796618581096
0.202794828443414
0.20194540755102
0.205196374300384
0.204322418038586
0.203444897702944
0.202563837550375
0.20167926200642
0.200791195666319
0.199899663296118
0.199004689833787
0.198106300390391
0.195232475048751
0.196299374877232
0.195390889905857
0.194479091152712
0.193564004612693
0.192645656461357
0.191724073056298
0.190799280938556
0.18987130683406
0.181382570548903
0.182365742886823
0.187068562663997
0.18612813162211
0.185184655049532
0.184238160813912
0.183288676978945
0.182336231806133
0.181380853756583
0.180422571492849
0.179461413880826
0.178497409991688
0.177530589103867
0.176560980705095
0.175588614494488
0.155406033142363
0.154535798368569
0.127764899207099
0.108153469012397
9.38775589419164E-02
8.65460786935597E-02
8.60407599327504E-02
8.55341598779453E-02
7.83575657024394E-02
0.155776764396763
0.158130511517152
0.15389324626974
0.157829480465067
0.153617917679148
0.152658399883329
8.30340065450285E-02
8.09198093455849E-02
0.129272687979196
7.04838581836436E-02
8.71415197633083E-02
8.34768916998242E-02
7.98521205270481E-02
8.08433874406467E-02
0.106053948809191
0.100818015298377
0.104609228528966
0.103884895522295
0.147370402101776
0.146332017554815
0.145291877285674
0.116842515331252
0.105972795516568
0.10946420104115
0.108658177624373
8.12383776565069E-02
0.079239288287698
7.58807151265573E-02
7.53016728025137E-02
8.01561744837208E-02
7.68373387562891E-02
6.68727254496704E-02
7.16511262539159E-02
6.97627606417619E-02
7.83403387852603E-02
5.18021825919724E-02
4.62393247283197E-02
4.71300861614845E-02
4.79991785900058E-02
4.88465884466333E-02
4.71886888930868E-02
4.30895379367209E-02
4.63768431075985E-02
5.08094501920358E-02
5.03599673540462E-02
5.82285517320348E-02
3.65062861115947E-02
3.15063093305305E-02
0.030060495697022
2.97814482497032E-02
3.40410916613762E-02
3.48428103138351E-02
3.67361452544467E-02
0.03638145267501
3.60266727661986E-02
3.45908583341023E-02
3.42467099778871E-02
3.28430733407779E-02
3.04122343217155E-02
2.59485374717456E-02
2.36252738232537E-02
2.13450562267545E-02
2.11192453888392E-02
2.08934816025299E-02
1.96835970845321E-02
1.84952727923345E-02
1.82912040828172E-02
1.90391814976383E-02
1.88245676549508E-02
2.41930906350485E-02
2.66737650815563E-02
2.63631332223076E-02
2.51543541138152E-02
2.66302300868654E-02
1.92937326854429E-02
1.73262197649241E-02
1.79685328373304E-02
1.94347429492931E-02
1.83555874340078E-02
1.89454057750691E-02
1.87011795343177E-02
0.021667230037886
2.05893931457236E-02
0.019533117555344
2.23522036865517E-02
2.20464762514969E-02
3.59855276819975E-02
3.32636375660116E-02
3.20629965323695E-02
3.23206585837696E-02
3.32661268125129E-02
3.34734968301838E-02
3.43480725914134E-02
4.05948952721275E-02
3.99735474509066E-02
3.80419065124638E-02
3.67986258986859E-02
3.55774531196027E-02
3.87537861209634E-02
2.95122756560992E-02
2.72090990108848E-02
0.036858053917196
3.62299696216494E-02
3.61781576463852E-02
3.78008723536304E-02
3.43580655208233E-02
3.42825960881714E-02
3.04500116892647E-02
3.14574634160129E-02
1.54323083737978E-02
1.51370858527077E-02
1.58326385795467E-02
1.50353947019149E-02
0.014734270598117
1.39689038464953E-02
1.14001799919483E-02
1.11607881579793E-02
1.04857054107367E-02
9.40339631467754E-03
8.36001997076563E-03
7.76392117752298E-03
8.7847712720127E-03
8.58095641835775E-03
2.78010231830575E-02
2.86198707085219E-02
2.79199739249244E-02
2.72247939126227E-02
2.79128633231773E-02
2.58490651495667E-02
2.54956298644089E-02
2.57660686402057E-02
2.47521212039346E-02
2.40619575881617E-02
2.54231595706317E-02
2.18480233300069E-02
2.12009721707439E-02
2.13609834605834E-02
1.86312549678086E-02
2.40580453517608E-02
2.25549073617575E-02
2.34533173511374E-02
2.26628545489836E-02
2.18814083608944E-02
2.11091909701497E-02
2.03464185718617E-02
1.95933114005131E-02
1.88500937490277E-02
1.81169939781116E-02
1.65245322887241E-02
1.56811569259971E-02
1.51817091216636E-02
1.46788635024964E-02
1.38809623733904E-02
1.28286347790338E-02
1.22255354096297E-02
1.16335568435949E-02
1.12932223090988E-02
1.04839326913739E-02
1.03221725257136E-02
1.05322196224539E-02
0.010300725639885
1.02724003102411E-02
1.00315564849571E-02
9.78844537429973E-03
9.54310594523303E-03
9.29558445706136E-03
9.04593516223311E-03
8.53039443515635E-03
8.28429931484272E-03
7.9535033210266E-03
7.54582102324586E-03
7.30223150617573E-03
4.50456392840375E-03
4.05744084974175E-03
3.90989401557148E-03
3.69454041597559E-03
2.38716455857635E-03
2.9071906908923E-03
2.72261368335594E-03
3.89966699138153E-03
3.23081467775539E-03
2.3031154088921E-03
2.2804681888019E-03
2.38531267894936E-03
2.29154998709776E-03
2.15292368871498E-03
1.90147131467996E-03
1.70239998429048E-03
1.58104981117942E-03
1.49210311361338E-03
1.4285499183418E-03
1.15310454936161E-03
2.14357312259546E-03
1.91500460648549E-03
1.71676435686015E-03
1.55986300595118E-03
1.37399763708151E-03
1.19771165019521E-03
1.10947663219548E-03
9.43105851220277E-04
7.8954617650911E-04
6.49515248587357E-04
4.92198528518801E-04
3.13341601669122E-04
2.3683744927448E-04
1.40444569568738E-04
7.00737894818325E-05
3.51588519182977E-05
2.1096057485498E-05
1.25872264814207E-05
1.81969485735728E-05
8.80279400252827E-06
3.59426798083055E-06
1.26467309970593E-06
3.16767845082432E-07
5.33277855650957E-08
2.54530124426602E-09
6.13463948828713E-11
2.22951034275434E-13
2.8813016901622E-18
8.02901655556156E-31
8.31673446780809E-133
0
0
0
0
0
0
0
0
0
0
0
0
0
0
0
0
0
0
0
0
0
0
0
0
0
0
0
0
0
0
0
0
0
0
0
0
0
0
0
0
0
0
0
0
0
0
0
0
0
0
0
0
0
0
0
0
0
0
0
0
0
0
0
0
0
0
0
0
0
0
0
0
0
0
0
0
0
0
0
0
0
0
0
0
0
0
0
0
0
0
0
0
0
0
0
0
0
0
0
0
0
0
0
0
0
0
0
0
0
0
0
0
0
0
0
0
0
0
0
0
0
0
0
0
0
0
0
0
0
0
0
0
0
0
0
0
0
0
0
0
0
0
0
0
0
0
0
0
0
0
0
0
0
0
0
0
0
0
0
0
0
0
0
0
0
0
0
0
0
0
0
0
0
0
0
0
0
0
0
0
0
0
0
0
0
0
0
0
0
0
0
0
0
0
0
0
0
0
0
0
0
0
0
0
0
0
0
""
