0
0
0
0
0
0
0
0
0
0
0
0
0
0
0
0
0
0
0
0
0
0
0
0
0
0
0
0
0
0
0
0
0
0
0
0
0
0
0
0
0
0
0
0
0
0
0
0
0
0
0
0
0
0
0
0
0
0
0
0
0
0
0
0
0
0
0
0
0
0
0
0
0
0
0
0
0
0
0
0
0
0
0
0
0
0
0
0
0
0
0
0
0
0
0
0
0
0
0
0
0
0
0
0
0
0
0
0
0
0
0
0
0
0
0
0
0
0
0
0
0
0
0
0
0
0
0
0
0
0
0
0
0
0
0
0
0
0
0
0
0
0
0
0
0
0
0
0
0
0
0
0
0
0
0
0
0
0
0
0
0
0
0
0
0
0
0
0
0
0
0
0
0
0
0
0
0
0
0
0
0
0
0
0
0
0
0
0
0
0
0
0
0
0
0
0
0
0
0
0
0
0
0
0
0
0
0
0
0
0
0
0
0
0
0
0
0
0
0
0
0
0
0
0
0
0
0
0
0
0
0
0
0
0
0
0
0
0
0
0
0
0
0
0
0
0
0
0
0
0
0
0
0
0
0
0
0
0
0
0
0
0
0
0
0
0
0
0
0
0
0
0
0
0
0
0
0
0
0
0
0
0
0
0
0
0
0
0
0
0
0
0
0
0
0
0
0
0
0
0
0
0
0
0
0
0
0
0
0
0
0
0
0
0
0
0
0
0
0
0
0
0
0
0
0
0
0
0
0
0
0
0
0
0
0
0
0
0
0
0
0
0
0
0
0
0
0
0
0
0
0
0
0
0
0
0
0
0
0
0
0
0
0
0
0
0
0
0
0
0
0
0
0
0
0
0
0
0
0
0
0
0
0
0
0
0
0
0
0
0
0
0
0
0
0
0
0
0
1.77819586205887E-98
1.08325687696807E-24
3.08886843022184E-15
1.49163952001846E-11
1.47131158808704E-09
2.58823498989831E-08
1.8462917974312E-07
7.73922588870639E-07
2.30996945937313E-06
5.47701267422992E-06
1.00271011501985E-05
1.79084238219015E-05
2.92054665113965E-05
4.43868879493353E-05
5.74188011418696E-05
7.0135922234143E-05
9.2901226906352E-05
1.34287412309605E-04
1.68196980160742E-04
2.06167993010849E-04
3.03221238225086E-04
3.91769976651751E-04
4.57636190512443E-04
5.28167389971376E-04
5.52876748118798E-04
6.25461356497068E-04
7.01700536318728E-04
8.52427445105968E-04
9.42915115497661E-04
1.03674829300905E-03
9.44774690779436E-04
1.02805926784803E-03
1.33639431697137E-03
1.56187449588462E-03
1.80777281389024E-03
2.07451457777928E-03
2.51014208607614E-03
2.67204066038062E-03
2.83663482376396E-03
3.00375786934608E-03
3.54657710494636E-03
3.73850004794488E-03
2.89781989204575E-03
3.04256739665501E-03
3.18882632873751E-03
3.3365022892955E-03
3.23654176349612E-03
3.63575550212774E-03
3.78717066026711E-03
2.81405569924147E-03
2.92371980188768E-03
3.03406724545309E-03
3.14505372474195E-03
3.2566374142796E-03
3.36877880292877E-03
3.48144054011002E-03
3.59458729287198E-03
3.33736705177491E-03
3.05776305123934E-03
3.54295067030286E-03
3.24110499125538E-03
4.58313339598666E-03
6.42284571952128E-03
6.15663092401212E-03
5.86761598516341E-03
6.0186707347477E-03
6.64462441090575E-03
7.78043416315745E-03
7.96729709395043E-03
7.13511391752443E-03
7.82040238176243E-03
8.52931016158255E-03
9.2618476490066E-03
8.34835002649457E-03
8.52460070316837E-03
8.70094933374397E-03
8.87737555812678E-03
9.05385981838032E-03
9.84574220156903E-03
1.00340564905495E-02
1.15001716169398E-02
1.17120140490751E-02
1.19238214515983E-02
0.01213557511535
1.02893808186462E-02
1.04657080098722E-02
9.9324836707192E-03
9.37567243196922E-03
9.52822452480392E-03
8.19133259916685E-03
7.56383505153776E-03
6.91281240053337E-03
9.35743333782479E-03
8.70617317886317E-03
8.8345627744746E-03
8.96280822257858E-03
9.09090194838759E-03
9.2188365828445E-03
8.49691359373557E-03
8.61290915779411E-03
9.60161513737295E-03
8.8444031894197E-03
8.95988973956858E-03
9.98271443580356E-03
1.01093445072962E-02
1.02357629028333E-02
7.53597362464265E-03
7.62759363111588E-03
7.71904712528794E-03
6.83403883609441E-03
6.91375879732762E-03
7.99236886219821E-03
8.08311704120857E-03
9.19538940318048E-03
0.010330065656583
1.14870699009621E-02
1.16107975115412E-02
1.06675003145082E-02
1.07794761637166E-02
1.19803132705885E-02
1.10026494108649E-02
1.11138387578974E-02
0.012347233797646
1.24689435954654E-02
1.14457707692172E-02
1.15558567579072E-02
1.16656575500018E-02
1.17751695160285E-02
1.18843890798877E-02
1.19933127171085E-02
1.21019369531846E-02
1.34312841981832E-02
0.012318273564235
9.9407833808557E-03
1.00266976461166E-02
1.01123590494558E-02
8.92304439801752E-03
7.7121847832086E-03
9.07182552695901E-03
9.14587207574451E-03
9.21968642401139E-03
7.96565696639417E-03
8.02852294248574E-03
8.09118452365868E-03
9.51257995533919E-03
9.58520211579426E-03
9.65757976398588E-03
9.72971092638942E-03
9.80159365041224E-03
1.12836868615899E-02
7.10329005329331E-03
7.15409426417195E-03
5.76377246622519E-03
5.80412214725768E-03
5.84432340480083E-03
5.88437519940262E-03
5.92427650157868E-03
4.47301971870485E-03
6.00362355932763E-03
7.55383412994791E-03
7.60294566738382E-03
7.65186283324965E-03
9.24070129246754E-03
7.74910919250794E-03
6.23794878718016E-03
4.70733815978523E-03
4.73609451879625E-03
4.7647299685869E-03
4.79324381630439E-03
4.82163537497908E-03
4.84990396343293E-03
4.87804890619142E-03
4.90606953339889E-03
4.93396518073719E-03
4.9617351893473E-03
6.65250520767223E-03
6.68919424239235E-03
6.72571316606124E-03
5.07154584626246E-03
5.09867796430765E-03
5.12568060109382E-03
5.15255313402224E-03
5.17929494542573E-03
5.20590542251352E-03
5.23238395731815E-03
7.01163992885918E-03
5.28494279202012E-03
5.31102189964903E-03
5.33696668036515E-03
5.36277654958902E-03
5.38845092728565E-03
5.41398923792393E-03
5.43939091043768E-03
5.46465537818811E-03
5.48978207892775E-03
5.51477045476568E-03
5.53961995213415E-03
5.56433002175643E-03
5.58890011861591E-03
7.48443960256841E-03
7.51682431347079E-03
7.54902024764792E-03
7.58102670074973E-03
7.61284297392256E-03
7.64446837377646E-03
7.67590221235393E-03
7.70714380709964E-03
1.16072887212472E-02
1.16535713425691E-02
1.16995625748376E-02
1.17452614262146E-02
0.011790666912764
9.86314838201353E-03
9.90049491244474E-03
7.95007564125212E-03
5.98466790328961E-03
6.00662999205184E-03
6.02844252861337E-03
6.05010504820197E-03
6.07161708987217E-03
6.09297819649246E-03
6.11418791473293E-03
6.13524579505346E-03
6.15615139169237E-03
6.17690426265564E-03
6.19750396970643E-03
6.2179500783552E-03
6.23824215785011E-03
6.25837978116797E-03
6.27836252500545E-03
6.2981899697708E-03
8.42381559943443E-03
8.44983640297105E-03
8.47564849229951E-03
1.06265641595718E-02
1.27899665612737E-02
1.06897838773801E-02
1.07209987321692E-02
8.60155950546553E-03
8.62610814575246E-03
8.65044439611587E-03
6.50592581319807E-03
6.52385828206581E-03
8.72217377565382E-03
8.74565545853341E-03
8.76892227179633E-03
8.79197373400609E-03
1.10185117106855E-02
1.10467858795336E-02
8.85983127225825E-03
8.88201661226901E-03
8.90398426629118E-03
8.92573378175889E-03
1.11840808886313E-02
1.12107207634477E-02
1.34845035647094E-02
1.35158123619907E-02
1.35467906650792E-02
1.58403441446257E-02
0.015875712128447
0.01818364838375
0.018223181771485
0.015979486563033
1.37256850070321E-02
1.14619437100404E-02
9.18842967853517E-03
9.20708041726161E-03
9.22550680338062E-03
9.24370846083098E-03
9.26168501832041E-03
9.27943610932495E-03
9.29696137208823E-03
9.31426044962108E-03
9.33133298970101E-03
9.34817864487195E-03
7.02359780433299E-03
7.03589095086989E-03
9.39735089786154E-03
1.17666070426961E-02
1.17862397746914E-02
1.18055864197376E-02
1.41895759022609E-02
1.42121038613659E-02
1.18619059367995E-02
1.18801043674592E-02
1.18980148076685E-02
1.19156368946048E-02
1.19329702714063E-02
1.19500145871724E-02
1.43601233963572E-02
1.43798815941672E-02
1.43992916984219E-02
1.68214122027736E-02
1.68432437408562E-02
1.92739060814199E-02
1.68856840111218E-02
1.93214764411871E-02
1.69264910298941E-02
1.45253837442396E-02
1.45419955729823E-02
0.01941100804511
1.94322197317278E-02
2.18845823205696E-02
2.19073889473921E-02
2.43662962432596E-02
2.68295070831638E-02
2.68554407135142E-02
2.44370238510925E-02
2.69053631419477E-02
2.69293509346314E-02
2.69526891312928E-02
3.18799913097956E-02
0.031906035756075
3.19313108789983E-02
3.68720955808089E-02
3.68994820802519E-02
3.44642472463199E-02
3.44881472923261E-02
3.45112162656756E-02
2.96001031736264E-02
2.71502464796862E-02
2.96360847391092E-02
3.21240886646515E-02
2.96692109114202E-02
2.96847023840926E-02
2.96994790279966E-02
2.72374121674292E-02
2.72496461017997E-02
2.72612239997217E-02
2.72721456286714E-02
0.027282410769323
2.72920192155496E-02
2.48190643403863E-02
2.48266047874762E-02
2.73169025244239E-02
0.027323882395706
3.22993328744931E-02
5.21866598214121E-02
0.05219621849195
5.22045212323991E-02
5.22115678761163E-02
5.22173582816732E-02
5.22218923328576E-02
5.22251699386735E-02
5.22271910333423E-02
4.97409100726692E-02
4.22793752565518E-02
4.22779597383816E-02
3.73019356197053E-02
3.72988916446123E-02
3.72949502579129E-02
3.48041041027959E-02
3.47987505451759E-02
2.98221940074074E-02
0.024846808298181
2.73253094028185E-02
2.98019695875933E-02
2.48281612933416E-02
2.73028254554196E-02
2.23314679504236E-02
0.019843309370787
1.98359473806735E-02
1.98281079111978E-02
2.22972650097613E-02
0.022287371820154
2.22769420299777E-02
0.022265975848731
2.22544734967073E-02
2.47138168944376E-02
2.46998457949671E-02
2.71538077320985E-02
2.71371309787926E-02
2.71198004497394E-02
2.46380149939233E-02
1.96968577971492E-02
1.72224753004005E-02
1.72097849262873E-02
1.71966797054071E-02
1.47284227726154E-02
1.71692257862266E-02
1.71548776403206E-02
1.71401157524335E-02
1.95713604796692E-02
1.95535450830552E-02
1.95352578859643E-02
1.95164992567057E-02
1.94972695731573E-02
1.94775692227635E-02
1.94573986025338E-02
2.18663528839213E-02
2.42695602355254E-02
2.42425865454574E-02
0.024215027122664
2.41868825231577E-02
2.41581533148947E-02
2.89546080933282E-02
0.031328626424722
2.88821566754967E-02
2.64411423884638E-02
2.40057588565293E-02
2.15761811322796E-02
2.15466570247658E-02
2.15166112454297E-02
2.14860444021002E-02
2.38388412370437E-02
2.14233500084412E-02
1.90144210910489E-02
0.018985403485386
1.89559255562763E-02
1.89259879012388E-02
1.88955911273269E-02
1.65066438697368E-02
1.41250670240713E-02
1.41012392294113E-02
1.17308908235454E-02
1.17104639930323E-02
9.35180209183387E-03
9.33500568795061E-03
1.16474779055405E-02
1.62762816084778E-02
1.39248841634205E-02
1.62147194372168E-02
1.61833459794208E-02
0.018458946807859
1.84221914486125E-02
1.83849872202238E-02
2.06407517425715E-02
2.28865440049155E-02
2.05545250843209E-02
2.05106590690125E-02
2.27403249511004E-02
2.49595208542662E-02
2.26400678672192E-02
2.48480199815789E-02
2.47913579866698E-02
2.69826434529332E-02
2.69195091195655E-02
2.90936924423032E-02
2.90238711830368E-02
2.89533392046748E-02
2.44386982730673E-02
2.43778183115978E-02
2.65269171245686E-02
0.019844400026412
1.97931253068101E-02
1.97413647438132E-02
1.96891194074517E-02
1.74545692254254E-02
0.017407269999116
1.95294856212636E-02
1.73113885412138E-02
1.94206593361929E-02
1.93655284385348E-02
2.14554672912237E-02
1.92538368640385E-02
1.91972785124436E-02
1.70135526101166E-02
1.69624378452449E-02
1.47970412971524E-02
1.47515840242645E-02
1.26049390690596E-02
1.25653516508411E-02
1.25254534534574E-02
1.24852453144844E-02
1.03706067324311E-02
8.2692683994585E-03
8.24184649012025E-03
8.21422023616769E-03
6.13979266562391E-03
6.11876777426294E-03
6.0975909479865E-03
8.10168351401909E-03
8.07304438580454E-03
8.04420448774636E-03
8.0151644333342E-03
1.19788872617344E-02
1.19347295023758E-02
1.18902743151842E-02
1.18455226511498E-02
9.83372955751941E-03
9.79594477945673E-03
7.80633228299488E-03
7.77571367912207E-03
7.74490067202783E-03
7.71389392708035E-03
7.68269411496071E-03
7.65130191168942E-03
5.71478849899053E-03
7.58794306263797E-03
9.44497224481295E-03
9.40477861994647E-03
9.36434883264207E-03
7.45894701499784E-03
7.42622745684567E-03
7.39332111148731E-03
0.007360228704385
7.32695096667237E-03
7.29348863519536E-03
7.25984245255464E-03
7.2260131671499E-03
7.19200153322565E-03
7.15780831091904E-03
7.1234342663094E-03
7.08888017146984E-03
7.05414680452082E-03
7.01923494968582E-03
6.98414539734923E-03
6.94887894411653E-03
6.91343639287677E-03
6.87781855286754E-03
8.5525327996782E-03
8.50757534455225E-03
8.46240186158059E-03
8.41701339493107E-03
1.00456931965967E-02
8.32559572933403E-03
8.2795686610977E-03
6.58666469665841E-03
6.54950675656407E-03
8.1402274818857E-03
9.71203690149313E-03
1.12648121154716E-02
1.43982350216693E-02
1.43127728688012E-02
1.42269454612626E-02
1.41407548737604E-02
1.09310469324572E-02
1.08634497590491E-02
0.012337800043028
1.37924028500604E-02
0.01370442811945
1.36161030431858E-02
1.35274298277097E-02
1.34384106996695E-02
1.48322754514543E-02
0.014732604128749
1.60958116220448E-02
1.45321336937047E-02
1.44313397429218E-02
1.43301767862103E-02
1.42286474679792E-02
0.014126754459106
1.40245004575379E-02
1.53140770078111E-02
1.65827044886944E-02
1.64587198746539E-02
1.76955083065685E-02
1.75602855527373E-02
2.01053253918376E-02
6.78241210562175E-02
0.126660536805583
0.126957763128382
0.129827200876716
0.128766816584714
0.127703169812577
0.126636291741233
0.12556621393984
0.124492968377249
0.12341658743398
0.122337103914755
0.121254551061601
0.120168962567569
0.119080372591084
0.117988815770972
0.116894327242194
0.115796942652322
0.114696698178805
0.113593630547063
0.112487777049445
0.111379175565118
0.110267864580921
0.109153883213235
0.108037271230951
0.105848888388769
0.10368039154835
9.83917360123344E-02
9.00844429770258E-02
8.91020877598259E-02
8.81176646737817E-02
8.11221637733623E-02
7.92117448781742E-02
7.83010430385685E-02
0.076421230980063
7.36066290931495E-02
0.071780648577301
5.31817851334452E-02
5.52915262391383E-02
5.27810289178902E-02
4.94170174964235E-02
5.23298409574982E-02
4.81461200190786E-02
4.31902221427494E-02
0.046019252759948
4.11892255840989E-02
3.97905236384212E-02
0.038414389618266
4.59232866220651E-02
5.16101752571802E-02
5.00685533445212E-02
5.31733160354932E-02
6.22317114033026E-02
6.12711000864931E-02
6.69290661955924E-02
2.82262985616524E-02
2.84804153646393E-02
3.01112888293686E-02
3.78679721574924E-02
3.58677221758365E-02
0.034579280510089
3.26609823114254E-02
3.14310967518467E-02
3.21137389794366E-02
3.39851249236689E-02
3.51562779116968E-02
3.20963273945832E-02
2.62176181602306E-02
2.85427963131742E-02
2.40414869132419E-02
2.46312179998968E-02
2.19606474086993E-02
2.14799537166679E-02
2.91947890325544E-02
2.85279939103049E-02
3.07949397032241E-02
3.00600363714574E-02
3.25848338465862E-02
0.031317246312769
3.18435875440179E-02
1.50743796318514E-02
1.59276609107709E-02
1.50823728488688E-02
1.42613022781607E-02
1.38491426802471E-02
1.38116516834718E-02
1.30290725471759E-02
1.22707877383338E-02
0.011876093231701
1.04989188953034E-02
9.19069228169589E-03
1.00916797262081E-02
9.72706368496455E-03
9.64844812199644E-03
9.27752065702968E-03
8.90920799549063E-03
1.00513971329216E-02
9.38425770880134E-03
8.97205172054443E-03
1.07595685647945E-02
1.04609958409857E-02
1.01474873696999E-02
9.63093359084009E-03
9.65749055530362E-03
9.12495367656556E-03
8.44107363610091E-03
7.48534209956008E-03
6.73511162432538E-03
5.89952005406044E-03
4.88301399293717E-03
6.45535890997886E-03
7.11574135953922E-03
4.52437455872073E-03
4.05382858731183E-03
2.64821733314032E-03
2.46998007563429E-03
4.50819266668151E-03
5.42521853868909E-03
4.18473890010649E-03
3.6723887270572E-03
3.22905241442114E-03
2.77192429899352E-03
2.34784685406263E-03
1.9582394140642E-03
1.60437931183929E-03
1.2873296000577E-03
9.95558576178804E-04
7.56940937313042E-04
5.48730053027656E-04
3.85823879408128E-04
2.25080050995115E-04
1.38347806514565E-04
8.26138232440355E-05
4.22350884954248E-05
1.80262591511772E-05
6.30448749101626E-06
1.66317093816022E-06
2.67739735527722E-07
1.82965422908935E-08
2.47166315896715E-10
1.67695912813591E-13
7.83146477939503E-21
3.36768153914319E-57
0
0
0
0
0
0
0
0
0
0
0
0
0
0
0
0
0
0
0
0
0
0
0
0
0
0
0
0
0
0
0
0
0
0
0
0
0
0
0
0
0
0
0
0
0
0
0
0
0
0
0
0
0
0
0
0
0
0
0
0
0
0
0
0
0
0
0
0
0
0
0
0
0
0
0
0
0
0
0
0
0
0
0
0
0
0
0
0
0
0
0
0
0
0
0
0
0
0
0
0
0
0
0
0
0
0
0
0
0
0
0
0
0
0
0
0
0
0
0
0
0
0
0
0
0
0
0
0
0
0
0
0
0
0
0
0
0
0
0
0
0
0
0
0
0
0
0
0
0
0
0
0
0
0
0
0
0
0
0
0
0
0
0
0
0
0
0
0
0
0
0
0
0
0
0
0
0
0
0
0
0
0
0
0
0
0
0
0
0
0
0
0
0
0
0
0
0
0
0
0
0
0
0
0
0
0
0
0
0
0
0
0
0
0
0
0
0
0
0
0
0
0
0
0
0
0
0
0
0
0
0
0
0
0
0
0
0
0
0
0
0
0
0
0
0
0
0
0
0
0
0
0
0
0
0
0
0
0
0
0
0
0
0
0
0
0
0
0
0
0
0
0
0
0
0
0
0
0
0
0
0
0
0
0
0
0
0
0
0
0
0
0
0
0
0
0
0
0
0
0
0
0
0
0
0
0
0
0
0
0
0
0
0
0
0
0
0
0
0
0
0
0
0
0
0
0
0
0
0
0
0
0
0
0
0
0
0
0
0
0
0
0
0
0
0
0
0
0
0
0
0
""
