0
0
0
0
0
0
0
0
0
0
0
0
0
0
0
0
0
0
0
0
0
0
0
0
0
0
0
0
0
0
0
0
0
0
0
0
0
0
0
0
0
0
0
0
0
0
0
0
0
0
0
0
0
0
0
0
0
0
0
0
0
0
0
0
0
0
0
0
0
0
0
0
0
0
0
0
0
0
0
0
0
0
0
0
0
0
0
0
0
0
0
0
0
0
0
0
0
0
0
0
0
0
0
0
0
0
0
0
0
0
0
0
0
0
0
0
0
0
0
0
0
0
0
0
0
0
0
0
0
0
0
0
0
0
0
0
0
0
0
0
0
0
0
0
0
0
0
0
0
0
0
0
0
0
0
0
0
0
0
0
0
0
0
0
0
0
0
0
0
0
0
0
0
0
0
0
0
0
0
0
0
0
0
0
0
0
0
0
0
0
0
0
0
0
0
0
0
0
0
0
0
0
0
0
0
0
0
0
0
0
0
0
0
0
0
0
0
0
0
0
0
0
0
0
0
0
0
0
0
0
0
0
0
0
0
0
0
0
0
0
0
0
0
0
0
0
0
0
0
0
0
0
0
0
0
0
0
0
0
0
0
0
0
0
0
0
0
0
0
0
0
0
0
0
0
0
0
0
0
0
0
0
0
0
0
0
0
0
0
0
0
0
0
0
0
0
0
0
0
0
0
0
0
0
0
0
0
0
0
0
0
0
0
0
0
0
0
0
0
0
0
0
0
0
0
0
0
0
0
0
0
0
0
0
0
0
0
0
0
0
0
0
0
0
0
0
0
0
0
0
0
0
0
0
0
0
0
0
0
0
0
0
0
0
0
0
0
0
0
0
0
0
0
0
0
0
0
0
0
0
0
0
0
0
0
0
0
0
0
0
0
0
0
0
0
0
0
0
0
0
0
0
0
0
0
0
0
0
0
0
0
0
0
0
0
0
0
0
0
0
0
0
0
0
0
0
0
0
0
0
0
0
0
0
0
0
0
0
0
0
0
0
0
0
0
0
0
0
0
0
0
0
0
0
0
0
0
0
0
0
0
0
0
0
0
0
0
0
0
0
0
0
0
0
0
0
0
0
0
0
0
0
0
0
0
0
0
0
0
0
0
0
0
0
0
0
0
0
0
0
0
0
0
0
0
0
0
0
0
0
0
0
0
0
0
0
0
0
0
0
0
2.66561670649E-93
3.41848708281793E-27
1.19024971560028E-16
2.51294119417918E-12
5.22426227845309E-10
1.55512721885525E-08
2.50122535295228E-07
1.31602838256849E-06
4.5115973449795E-06
1.252780510379E-05
4.95787266967889E-05
9.42314038418748E-05
1.69215814319935E-04
2.61001502169953E-04
3.86327657203162E-04
6.44810843279462E-04
9.00916844226162E-04
1.11108175181298E-03
1.50940944315648E-03
1.85084898522155E-03
2.27695216344246E-03
3.52376019691356E-03
4.18425813121428E-03
4.89788198590194E-03
5.60497950680557E-03
6.47221237367648E-03
7.32648058954799E-03
8.22114755438706E-03
9.1530102662268E-03
1.01189523744494E-02
1.11159707979078E-02
1.20197819977228E-02
1.31918932365717E-02
1.42654895586882E-02
0.015359555567304
1.64718150938546E-02
1.76001402665292E-02
1.87425470238213E-02
1.98971895023951E-02
2.10623536821666E-02
1.55655154094471E-02
0.016392606477311
1.82081955642536E-02
1.62528507694829E-02
1.67365086439195E-02
1.83255671351366E-02
1.88119206567423E-02
1.04022321444119E-02
1.39901828868125E-02
0.014518270538995
1.50456655274472E-02
1.48642615921648E-02
1.90240390486151E-02
1.88874625018923E-02
1.94806521264077E-02
2.08745533030154E-02
2.10735618863891E-02
2.16713971145005E-02
2.22664470529039E-02
2.37549625948169E-02
2.52865779698574E-02
2.87457442875964E-02
3.18556696352776E-02
3.55689803194294E-02
2.93071431405401E-02
2.94408255780542E-02
3.64073249330876E-02
3.66318799208879E-02
3.79285785475106E-02
0.033075250125817
3.19998992091165E-02
3.20197075095844E-02
3.55707461516375E-02
0.041636932006953
0.041133972627068
0.04308107690142
4.37945681973472E-02
5.99813523341573E-02
6.02722999555322E-02
6.31961170969431E-02
6.21208146667909E-02
6.44036605406661E-02
6.53280552299656E-02
6.55397072426227E-02
7.14391363689942E-02
7.23969198068785E-02
6.08773019531423E-02
7.42868136719446E-02
7.52189185070306E-02
0.076142462236163
7.70574477678896E-02
7.79638799247339E-02
7.88617652630838E-02
7.97511119069812E-02
8.06319293947564E-02
8.15042285375314E-02
0.08236802128869
0.083223320623488
8.07073348109149E-02
8.15121555810727E-02
8.23088649014557E-02
8.22318794357542E-02
6.11610499037459E-02
7.05420672213328E-02
7.11790858646377E-02
7.09117952599346E-02
7.06222362932047E-02
7.12237990954047E-02
7.36603901969799E-02
6.21961814991013E-02
4.49167120196003E-02
4.71572958790746E-02
0.052274456097102
5.45866905821768E-02
5.49933635375062E-02
5.53953749607133E-02
5.48139155693991E-02
5.61854557058832E-02
6.64987296465603E-02
6.69494763037347E-02
6.84006979409511E-02
7.08721046618925E-02
5.80798169254386E-02
8.20279478689015E-02
8.97556716858514E-02
5.91614083520587E-02
0.05220423452761
5.35586848754897E-02
3.16852923875516E-02
3.29251997153784E-02
3.41744276054074E-02
3.43590242690635E-02
3.45410978768964E-02
3.58056737160393E-02
3.38071423489349E-02
3.50722286641477E-02
3.63456409899052E-02
3.43071067961049E-02
3.78046237027769E-02
0.039096494325809
4.37621726829873E-02
3.71940927231758E-02
3.73560991528852E-02
4.20628940777068E-02
4.45220003886972E-02
0.044704430972927
4.48838603898952E-02
4.39049010172558E-02
6.61108415058226E-02
7.21810140230681E-02
0.105165357923031
0.105544948522722
0.110625124514882
0.102740754023754
0.103087804216232
0.103428242254286
9.89914061089098E-02
0.100500027546617
0.061205840896907
5.89825012001478E-02
5.31193935600389E-02
5.20608697186047E-02
5.09922614051145E-02
5.72182562403966E-02
5.85908501691368E-02
0.041609218684181
4.17140319230412E-02
3.93565122666663E-02
3.82175367601091E-02
3.58347673190754E-02
3.71539400259529E-02
3.72351880649796E-02
3.73141948554885E-02
4.11300583404607E-02
3.99631909920609E-02
4.12915632304794E-02
4.01150328420728E-02
3.01405349325167E-02
2.89349677914225E-02
3.02437005615377E-02
2.90304160828334E-02
3.53963557258848E-02
3.41832124508463E-02
3.29643619538233E-02
3.17400277081926E-02
3.81380412438422E-02
3.81858272766214E-02
3.82313923390058E-02
3.95505619520328E-02
4.08702541566627E-02
4.98612021455634E-02
4.60697531983488E-02
5.12345791659997E-02
4.87137095021265E-02
4.36199981575747E-02
4.49354043291668E-02
5.13888984424435E-02
5.01345950581644E-02
5.91655974337412E-02
5.91946898058519E-02
5.79329900436931E-02
5.92426980007538E-02
6.69913906313736E-02
6.57203080210784E-02
5.80003783518877E-02
6.05871076716757E-02
6.31709860091013E-02
5.93053387950662E-02
5.93039128366002E-02
5.92990967168147E-02
6.44466199338919E-02
0.06314533442216
8.88964591262736E-02
8.24291167630313E-02
0.082398828435196
0.128693470521035
0.128631397114676
0.128561947960364
0.128485121657092
0.128400916652748
0.128309331243396
0.128210363572484
0.128104011629984
0.127990273251472
0.12786914611713
0.127740627750685
0.127604715518278
0.127461406627274
0.127310698124991
0.127152586897379
0.126987069667619
8.87699000962676E-02
6.20505636031476E-02
6.06941024278416E-02
3.53502434349013E-02
3.52935148201922E-02
3.52347060386118E-02
3.51738158411821E-02
3.51108429295839E-02
3.75490563810105E-02
3.87263553263787E-02
3.98964733427012E-02
4.23034027921713E-02
0.114226834279308
0.115217664787243
0.114959946750083
0.117161835456448
9.35074827115751E-02
8.95977036141582E-02
9.05978282424926E-02
9.03650308382233E-02
8.28191039373356E-02
7.28779022405652E-02
7.02530860746167E-02
6.88453480498261E-02
6.86445688235622E-02
8.88512594386376E-02
0.07062412581163
6.56298364728458E-02
7.37455666864181E-02
7.11326160234383E-02
0.068530862222957
7.18283233390651E-02
0.11733842243588
0.116917867068258
0.116489673355308
0.116053830774576
0.115610328556797
0.115159155683636
0.114700300885503
0.114233752639498
0.113759499167461
0.113277528434174
0.112787828145709
0.112290385747956
0.111785188425346
0.111272223099784
8.63861516152629E-02
5.84181554493575E-02
6.36182189352329E-02
6.22111742580788E-02
6.29824321372611E-02
6.69789332397078E-02
7.09254531461057E-02
7.05455493570544E-02
7.54756175132145E-02
8.13984433030464E-02
8.19880715337439E-02
8.15143797164649E-02
7.58399598696836E-02
0.073319654092252
7.38978375411023E-02
7.64974799653674E-02
9.62818963028591E-02
0.100694041641938
0.100030653535932
9.93591822696284E-02
9.76928136309136E-02
9.79919176378706E-02
0.097296087581742
9.65921010172096E-02
0.095879939295261
9.51595836817102E-02
9.44310153805597E-02
9.36942155596521E-02
9.29491653788012E-02
9.21958460205978E-02
9.14342387241066E-02
9.06643248216872E-02
8.98860857791879E-02
6.23696522678497E-02
6.00471001687974E-02
4.81256794812928E-02
7.10854021075294E-02
7.21302791836521E-02
7.14342840986511E-02
7.07311936002438E-02
7.08545779264021E-02
7.17788060678353E-02
6.53135450712765E-02
6.46167867925076E-02
6.39132152974622E-02
6.32028217854106E-02
0.064047738418128
6.40775963229841E-02
6.40821686779583E-02
6.70758390168568E-02
6.62474754594592E-02
6.32066100407513E-02
6.16659614143598E-02
0.045102811617243
5.36763591170178E-02
0.058508747513482
5.83705411010818E-02
4.26388199584643E-02
0.041342602229849
5.18825383446041E-02
4.59072822284419E-02
0.043907311969651
4.13167020754932E-02
4.30920175777525E-02
4.23575057357378E-02
4.34008477205805E-02
3.44486686276874E-02
0.034388323715611
3.26146753443385E-02
3.08798830078766E-02
3.89126363461963E-02
0.037587654405837
0.036797788300404
3.60026888721244E-02
0.032723423944321
3.34283253620656E-02
2.83835511295617E-02
2.86181911829397E-02
2.79027588395568E-02
2.63066465418283E-02
2.85946241212295E-02
2.78097985681164E-02
2.70215094447697E-02
2.58385165831359E-02
2.58152095011119E-02
0.032728760996857
3.27343315464958E-02
3.33532548904742E-02
3.25227549651264E-02
3.10268952253502E-02
2.95540885218052E-02
2.27799088794431E-02
0.01277265474428
1.79417981697495E-02
1.22142965145169E-02
1.11576143204485E-02
1.06227843613971E-02
0.015472264705349
1.40238088508423E-02
7.02852847082707E-03
6.24527833725569E-03
5.86760354278796E-03
5.16147742803511E-03
4.81584341758726E-03
4.6201203970181E-03
4.27547903842854E-03
3.81497447001563E-03
3.49584617289837E-03
2.97981924608191E-03
2.7912497082138E-03
2.25900552087195E-03
2.09045282494386E-03
1.71730119994452E-03
1.56255474152123E-03
1.30412479397732E-03
1.03057938997494E-03
9.42488279090845E-04
8.1305550643174E-04
6.38464867164678E-04
3.72374113002431E-04
3.05055341533101E-04
2.30452749674633E-04
1.84828393423706E-04
1.52591301450725E-04
9.72771478797536E-05
5.31970760314497E-05
3.18539137613267E-05
1.50011095682347E-05
7.06307137477928E-06
2.75525994421454E-06
7.58185497374287E-07
1.49259963458259E-07
1.41409281221902E-08
6.18247322544188E-10
4.05489642415577E-12
5.29109317529765E-16
7.06211934871153E-25
1.21715084866938E-66
0
0
0
0
0
0
0
0
0
0
0
0
0
0
0
0
0
0
0
0
0
0
0
0
0
0
0
0
0
0
0
0
0
0
0
0
0
0
0
0
0
0
0
0
0
0
0
0
0
0
0
0
0
0
0
0
0
0
0
0
0
0
0
0
0
0
0
0
0
0
0
0
0
0
0
0
0
0
0
0
0
0
0
0
0
0
0
0
0
0
0
0
0
0
0
0
0
0
0
0
0
0
0
0
0
0
0
0
0
0
0
0
0
0
0
0
0
0
0
0
0
0
0
0
0
0
0
0
0
0
0
0
0
0
0
0
0
0
0
0
0
0
0
0
0
0
0
0
0
0
0
0
0
0
0
0
0
0
0
0
0
0
0
0
0
0
0
0
0
0
0
0
0
0
0
0
0
0
0
0
0
0
0
0
0
0
0
0
0
0
0
0
0
0
0
0
0
0
0
0
0
0
0
0
0
0
0
0
0
0
0
0
0
0
0
0
0
0
0
0
0
0
0
0
0
0
0
0
0
0
0
0
0
0
0
0
0
0
0
0
0
0
0
0
0
0
0
0
0
0
0
0
0
0
0
0
0
0
0
0
0
0
0
0
0
0
0
0
0
0
0
0
0
0
0
0
0
0
0
0
0
0
0
0
0
0
0
0
0
0
0
0
0
0
0
0
0
0
0
0
0
0
0
0
0
0
0
0
0
0
0
0
0
0
0
0
0
0
0
0
0
0
0
0
0
0
0
0
0
0
0
0
0
0
0
0
0
0
0
0
0
0
0
0
0
0
0
0
0
0
0
0
0
0
0
0
0
0
0
0
0
0
0
0
0
0
0
0
0
0
0
0
0
0
0
0
0
0
0
0
0
0
0
0
0
0
0
0
0
0
0
0
0
0
0
0
0
0
0
0
0
0
0
0
0
0
0
0
0
0
0
0
0
0
0
0
0
0
0
0
0
0
0
0
0
0
0
0
0
0
0
0
0
0
0
0
0
0
0
0
0
0
0
0
0
0
0
0
0
0
0
0
0
0
0
0
0
0
0
0
0
0
0
0
0
0
0
0
0
0
0
0
0
0
0
0
0
0
0
0
0
0
0
0
0
0
0
0
0
0
0
0
0
0
0
0
0
0
0
0
0
0
0
0
""
