0
0
0
0
0
0
0
0
0
0
0
0
0
0
0
0
0
0
0
0
0
0
0
0
0
0
0
0
0
0
0
0
0
0
0
0
0
0
0
0
0
0
0
0
0
0
0
0
0
0
0
0
0
0
0
0
0
0
0
0
0
0
0
0
0
0
0
0
0
0
0
0
0
0
0
0
0
0
0
0
0
0
0
0
0
0
0
0
0
0
0
0
0
0
0
0
0
0
0
0
0
0
0
0
0
0
0
0
0
0
0
0
0
0
0
0
0
0
0
0
0
0
0
0
0
0
0
0
0
0
0
0
0
0
0
0
0
0
0
0
0
0
0
0
0
0
0
0
0
0
0
0
0
0
0
0
0
0
0
0
0
0
0
0
0
0
0
0
0
0
0
0
0
0
0
0
0
0
0
0
0
0
0
0
0
0
0
0
0
0
0
0
0
0
0
0
0
0
0
0
0
0
0
0
0
0
0
0
0
0
0
0
0
0
0
0
0
0
0
0
0
0
0
0
0
0
0
0
0
0
0
0
0
0
0
0
0
0
0
0
0
0
0
0
0
0
0
0
0
0
0
0
0
0
0
0
0
0
0
0
0
0
0
0
0
0
0
0
0
0
0
0
0
0
0
0
0
0
0
0
0
0
0
0
0
0
0
0
0
0
0
0
0
0
0
0
0
0
0
0
0
0
0
0
0
0
0
0
0
0
0
0
0
0
0
0
0
0
0
0
0
0
0
0
0
0
0
0
0
0
0
0
0
0
0
0
0
0
0
0
0
0
0
0
0
0
0
0
0
0
0
1.99441732137092E-41
3.4016129451681E-22
9.10904618866362E-16
1.76207884483696E-12
1.55798198508437E-10
3.05642684871608E-09
2.65516079937023E-08
1.53763682692698E-07
5.21060420161026E-07
1.36969730886279E-06
3.27563380318348E-06
6.24545092968495E-06
1.11975057192662E-05
1.84717693721347E-05
2.72110937697419E-05
3.97796473875991E-05
5.29672185364991E-05
6.77818007937047E-05
8.38318156022699E-05
1.00645745160587E-04
1.17695719796215E-04
1.34419144008471E-04
1.71699972009302E-04
2.15209315865862E-04
2.50545209841758E-04
2.54377131966953E-04
2.7036632207605E-04
3.05043349089036E-04
3.16937456296887E-04
3.51980815613298E-04
3.88264436528966E-04
3.92927565663835E-04
4.64089572255346E-04
5.80858764838429E-04
5.43533262790901E-04
5.84359772478953E-04
6.25799306940698E-04
7.19133011208903E-04
6.55551723725749E-04
6.95048150557749E-04
6.12354263919718E-04
7.10254784107804E-04
6.11241176476215E-04
5.70179387818333E-04
5.2244465066711E-04
5.45997913355071E-04
5.69543867679928E-04
5.93061563316407E-04
6.16531857972961E-04
8.22776523266804E-04
7.58013704710422E-04
7.84561736866363E-04
9.12359327400816E-04
9.41932349465948E-04
1.07926369780907E-03
1.44525615791647E-03
1.48719307240047E-03
0.001411236303327
1.44939902745999E-03
1.48727144438282E-03
1.77898519858194E-03
1.69228594278052E-03
1.59906146470525E-03
1.78805279372311E-03
2.03014564584127E-03
1.98431653119195E-03
1.92512924846975E-03
2.02044554835127E-03
2.11758935533157E-03
2.2165246646346E-03
2.1241145213563E-03
2.21799201145308E-03
2.31341483186525E-03
2.62947433384263E-03
2.96491099693188E-03
3.32009018215708E-03
3.20265114379694E-03
3.32400659845202E-03
3.18182086678061E-03
3.2967831381105E-03
5.11975443660935E-03
5.29642478612158E-03
5.1709663203351E-03
5.65585831596167E-03
5.18980787896663E-03
5.01927063186646E-03
5.51963470537328E-03
5.68700933017195E-03
6.22197508350657E-03
6.40315731148818E-03
6.97336643675506E-03
6.37208326580757E-03
6.95626554760651E-03
6.30326775639797E-03
6.46995693433944E-03
5.7528632566721E-03
5.44570012515074E-03
5.11686726917135E-03
5.24271316377886E-03
5.3694091637836E-03
5.99665672321457E-03
5.11388370567475E-03
4.7081455902899E-03
4.81442784617723E-03
6.01495511627475E-03
6.1463451729272E-03
7.41998985044564E-03
5.82841894536676E-03
5.94977412515503E-03
6.67890803797036E-03
6.81371362657045E-03
6.94915187417122E-03
6.4410969363424E-03
7.22186201538108E-03
6.02108379636112E-03
6.13383748729284E-03
5.55292881217723E-03
6.36069392510377E-03
6.47477256937985E-03
5.85712807838406E-03
5.21435593192503E-03
6.06175080725579E-03
6.93515112181639E-03
7.8346725294445E-03
7.9640236307709E-03
7.28438840931172E-03
8.22388464423963E-03
8.3543713538005E-03
8.48521369043661E-03
7.75476043843885E-03
6.99833659482747E-03
7.10381089753136E-03
7.20953475493008E-03
8.22993721699751E-03
8.3494097785997E-03
8.4691350834497E-03
8.58910406144231E-03
7.74160690672956E-03
7.84865545915882E-03
7.95589709336394E-03
7.05540866244144E-03
8.17092921590126E-03
8.2787047653057E-03
7.33831307482539E-03
7.43289595941283E-03
9.67835453945999E-03
1.08892089989231E-02
9.92237338496755E-03
1.11606696489325E-02
1.12966315340202E-02
1.02894629545812E-02
1.04120789792654E-02
9.3642747728682E-03
9.47346322626676E-03
9.58274031240975E-03
9.69209974487522E-03
8.57634339792576E-03
9.91104087490349E-03
1.00206103668249E-02
1.01302377908023E-02
1.15199068709964E-02
1.29370534869293E-02
1.43816869742207E-02
1.32115115566364E-02
1.33487984161649E-02
1.34861144581231E-02
1.22611074772064E-02
1.23847257992918E-02
0.012508351874424
1.26319796629863E-02
1.27556031886461E-02
1.28792165371439E-02
1.30028138551148E-02
1.31263893489389E-02
1.47221525373572E-02
1.48593910907799E-02
1.64962451160102E-02
1.96738522348775E-02
1.83249876301221E-02
2.00302076197618E-02
2.17627388340262E-02
2.35225520844104E-02
2.37277648997038E-02
2.39328498697144E-02
2.41377983204269E-02
2.27197615473579E-02
2.29107679423575E-02
1.65011593395243E-02
1.83011078971797E-02
1.84508094628908E-02
1.86003739473206E-02
1.87497953802171E-02
1.88990678435011E-02
1.90481854704239E-02
1.91971424447447E-02
1.75872118181176E-02
1.59500875241199E-02
1.78572654823785E-02
1.61928402665271E-02
1.63139869596426E-02
1.64349744894754E-02
1.65557983690748E-02
1.48235147982221E-02
1.30642846536089E-02
1.31578562744261E-02
1.32512869321663E-02
1.33445732748858E-02
1.15180388374703E-02
1.15977426335635E-02
1.36235332873929E-02
1.37162093732631E-02
1.57813997408684E-02
1.78728123709603E-02
2.19894097413922E-02
2.41461856983806E-02
2.02530227146958E-02
1.83455747611344E-02
1.84631982670577E-02
1.85805870298659E-02
0.016620210797678
1.67241286631626E-02
1.47243490960002E-02
1.48148910260927E-02
1.70345547690666E-02
1.49953793601237E-02
1.50853199322354E-02
1.51750542545717E-02
1.52645794629357E-02
1.53538927134041E-02
1.76491327795498E-02
1.77507109314369E-02
1.78520372316568E-02
1.79531085202235E-02
2.25674020738961E-02
2.26930919150729E-02
0.022818451305366
2.52378240432656E-02
2.53749797316972E-02
2.31925084845102E-02
2.33165079157128E-02
2.34401579482628E-02
2.35634548697603E-02
2.60550344922691E-02
2.61898721211662E-02
0.023931190220091
2.40530380733649E-02
1.93396117013295E-02
1.94364930522479E-02
1.70914377189714E-02
1.71756766714717E-02
1.72596458327187E-02
1.73433427735399E-02
1.99163029496714E-02
0.020011326123531
2.26192837165454E-02
2.27254632602506E-02
2.02944688884034E-02
1.52911489557272E-02
1.53611987213506E-02
1.80028321541562E-02
1.55005477987144E-02
1.55698432018898E-02
1.82453638079547E-02
2.09435547505812E-02
0.023664284534384
2.37666783710776E-02
2.65207530873304E-02
2.39702799498598E-02
2.94207003401356E-02
2.41722814486374E-02
2.15757113377991E-02
2.16645873623899E-02
2.44722353169632E-02
2.18412410323199E-02
0.024670140637476
0.02201641429769
1.93405098919873E-02
1.94163272655771E-02
1.94918126036056E-02
1.95669638921528E-02
1.96417791309569E-02
1.97162563333523E-02
2.26175926013818E-02
1.98641887498736E-02
1.99376400581111E-02
1.71520675868992E-02
1.72144313229622E-02
1.72764953383037E-02
1.44485483418826E-02
1.44997647728636E-02
1.45507274080611E-02
1.16811479386643E-02
0.011721508803054
1.47020793439254E-02
1.47520136472831E-02
0.014801687626714
1.48511000042058E-02
0.017880299413057
2.09287888417543E-02
1.79973058581262E-02
1.80553299043814E-02
1.81130325239838E-02
2.72556183728831E-02
0.030379112701032
3.35210281876002E-02
0.036681199060623
3.67933464127938E-02
4.92064448178664E-02
5.24388486266587E-02
5.56887245217095E-02
5.27500172987276E-02
5.60161875770565E-02
6.55414721370057E-02
6.25995630822229E-02
6.27775442330423E-02
6.29543886719193E-02
6.31300919988272E-02
6.64698823408988E-02
6.66519607847522E-02
7.00153430109138E-02
7.65856888807045E-02
7.67896084568308E-02
8.02001332198014E-02
8.36260123761626E-02
8.06176525158897E-02
8.72901401051702E-02
9.39939602423949E-02
0.094230122586946
0.097721956201502
0.075104723237173
7.52879010961944E-02
7.21884044202229E-02
0.069071832361584
6.92352802336539E-02
0.105748499738901
0.119242879858787
0.129476206272619
0.129770236153025
0.203430102857455
0.19385547890484
0.170834197456586
0.181277052334807
0.198488542266189
0.21239696284272
0.304063706131111
0.304697537404049
0.291755679628668
0.292350514238515
0.306565026500185
0.293523865441582
0.294102353967265
0.304954739200872
0.271211489930142
0.278606946200385
0.265346840963468
0.307269785881666
0.304375427833048
0.325718389108411
0.322831090925877
0.323402845713921
0.323968550672079
0.272184935560997
0.279640221634227
0.147058363439099
0.150810065370616
0.144031617627037
0.144264889969113
0.144495455250398
0.14825314481865
0.137877787209349
0.145170854731274
0.141844427423666
0.14205608578966
0.135151818688275
0.146033166611016
0.121273758685526
0.117872660404849
0.118036217239391
0.143269757701744
0.168568569560059
0.13287880510277
0.244528344933667
0.266446120313558
0.266782837059738
0.267114517749646
0.227686388415688
0.235197001471771
0.177511946886657
0.15595677382315
0.159765851472514
0.152674778910507
0.134647319236284
0.134792881208373
0.1239951444841
0.12412421339433
0.127905371601043
0.135349589650789
0.124497309066452
0.117286551518966
0.113728288216532
0.121177143507715
0.132312428501119
0.136107687000149
0.132543261854707
0.114230615936371
0.114324589317195
0.114416393456075
0.114506026231463
0.114593485572654
0.118378084603647
0.118463871921369
0.125956622696271
0.200185923996159
0.204028908120598
0.219008932481734
0.19686026198883
0.19697994526037
0.197095884709712
0.182324449162699
0.178701755360962
0.178796571032433
0.175161153808629
0.14541800062122
0.138025887411095
0.123159997616049
0.115745998740352
0.115794040130698
0.11210310813146
0.119621690324436
0.123403969904477
0.112223384730055
0.101033285795333
9.35774095752503E-02
9.73478472279496E-02
9.73733354282577E-02
0.101143007280333
0.108659375358311
9.74386759707734E-02
9.74567464646226E-02
0.101221921441189
9.74873203679987E-02
9.74998230754794E-02
9.00096638983277E-02
9.00177771384908E-02
9.75261909042213E-02
9.75312660766075E-02
0.101285810273783
0.108789980406707
0.11629214527623
0.101284262402004
0.105030995866429
0.101273586684062
0.105015924725466
0.108755581924066
0.104992854662212
0.104978320668118
9.74645172385463E-02
8.99513626487689E-02
0.101175486729061
0.101153764219171
0.108621235649035
0.104849155145817
0.112307827050491
0.116017640339358
0.10101627679489
0.100983008757243
9.72090107759175E-02
0.100910707980056
0.093399700835633
9.33617838401512E-02
9.70549742320585E-02
0.100743071815448
9.69668742898333E-02
0.100647751849004
9.68713971494664E-02
8.93731337076676E-02
9.67685516002073E-02
9.67143686054127E-02
9.66583471134695E-02
9.28850850143199E-02
0.089114578931846
9.27685238202671E-02
0.103832510518207
0.107468098340286
9.62836849750499E-02
9.25142620433747E-02
8.87484490116556E-02
7.02062045409634E-02
7.01518875966646E-02
6.27176877255288E-02
6.26667069463399E-02
5.89313291451703E-02
5.52010409496788E-02
0.055152913905116
5.87773237903331E-02
5.50535235327766E-02
5.50022625058749E-02
5.86132897707527E-02
6.22161633349986E-02
6.21545277688244E-02
0.105921161073822
0.105812004579527
9.11214182127632E-02
8.01010026388863E-02
7.63766580026218E-02
7.62918233241193E-02
7.25767103908848E-02
6.52438523729862E-02
0.061547019332137
6.50897807142638E-02
0.068622616268303
6.49307907975192E-02
6.48494561070595E-02
6.47668974488464E-02
7.54636362084305E-02
7.17756844083997E-02
7.16798856529515E-02
7.15827356959449E-02
6.79100249697343E-02
6.42459521714596E-02
6.05907212824303E-02
5.69445358425523E-02
5.33075989421057E-02
4.25829541830171E-02
4.25190284521364E-02
3.89164448411157E-02
3.88563823426912E-02
4.23224618170218E-02
4.57766272849073E-02
0.059765542346733
5.61583247980367E-02
5.60656742796758E-02
5.59719728410066E-02
5.58772226958588E-02
5.57814260845034E-02
5.56845852736633E-02
5.90608714663084E-02
6.24237527843478E-02
6.23112982970625E-02
6.56531062269981E-02
6.89809992696038E-02
6.54095692092406E-02
6.52859688483921E-02
6.51611511671621E-02
6.84580201480994E-02
6.83240797639083E-02
6.81888674847801E-02
6.12471478880127E-02
6.11231761809966E-02
0.054220505407645
5.74900598667387E-02
0.053995073547725
5.38808538516216E-02
0.050405283090352
5.36494206541622E-02
4.68406861334596E-02
5.00756384358223E-02
4.99639015589736E-02
6.64683219969383E-02
6.96327253674833E-02
7.27806386944112E-02
7.26113660524676E-02
8.56118020896069E-02
7.88387034812908E-02
7.53726078725212E-02
0.107881408732322
9.45729800528924E-02
9.10862690760742E-02
9.08590250540151E-02
9.38669061714149E-02
9.36281037331037E-02
9.01673270949993E-02
8.02977303533877E-02
7.04769582671885E-02
6.70955996724853E-02
7.01030171886214E-02
6.99141297801834E-02
7.28932420672117E-02
7.90142551988311E-02
7.87952911728618E-02
8.17178941427781E-02
8.14872050748158E-02
8.12550413601185E-02
8.10214087882091E-02
8.70006449781508E-02
8.67458958777115E-02
0.083400670217578
8.31520114367627E-02
8.29018580742296E-02
9.18335738072434E-02
0.073241860300395
7.60578645376933E-02
6.97551031653928E-02
0.066512432628274
6.32877059422039E-02
6.00810897720167E-02
6.28814603507329E-02
6.26766594098127E-02
6.24707466730803E-02
6.52286668144917E-02
5.91005780414838E-02
5.59562581728089E-02
5.57659805877771E-02
6.14246919568171E-02
5.53824852372181E-02
6.09986750174216E-02
6.36785400703979E-02
7.21052190289144E-02
7.18472019797577E-02
6.87244156267147E-02
6.84743219610525E-02
7.10656661081171E-02
7.36347893024103E-02
8.46461680540159E-02
8.15167346997591E-02
0.179216410562276
0.214794795950653
0.22508128850769
0.224205756864695
0.256411787573664
0.186742463304165
0.175056812823253
0.20431997281742
0.19806533768658
0.194553755864484
0.18298811474984
0.136670956413786
0.136098537000566
0.138181173733618
0.137592909054261
0.142271679353137
0.146902577806305
0.135814461356441
0.135217148857052
0.116496013536336
8.24713098018514E-02
0.143674412046965
0.140467735935329
0.21354998803492
0.215094507053489
0.231724514035096
0.135373972304375
0.137228631926826
0.129124679986685
0.128503877723459
0.125421794037856
0.141939607145264
0.141240439618671
0.135692893084971
0.132602640951121
0.141528583086183
0.138421932387586
0.140086293661894
0.212585999765929
0.234975351732656
0.233740488771396
0.232502114529499
0.231260266266547
0.230014981497351
0.228766297994345
0.227514253790033
0.226258887179506
0.225000236723011
0.21255142418616
0.211349577862038
0.207932673598566
0.208936898218641
0.214285913353158
0.21738156668044
0.216101031832484
0.210521180866553
0.117442108710191
0.114610571432152
0.10336532838746
0.165627213931314
0.147933466766946
0.126304510843806
9.87616719331879E-02
0.100179403760565
0.101569728715227
0.104950877724438
9.82524811690403E-02
9.76077412769576E-02
9.30041963189817E-02
8.84523164365823E-02
8.78570193669583E-02
9.11389537338116E-02
6.16272926536717E-02
6.31143920508337E-02
0.060775694821494
0.060348888117166
5.43037958195056E-02
5.57750020011168E-02
5.53730816467493E-02
5.31382409629142E-02
5.27486356671131E-02
5.41639766629152E-02
4.30079013563973E-02
4.26842155064297E-02
4.41251416657335E-02
4.02841886909888E-02
3.82349416187535E-02
3.79368543309924E-02
3.76384519489371E-02
3.73397461589108E-02
3.70407487491274E-02
3.67414716113578E-02
3.80983779582127E-02
2.46423588047882E-02
2.60669689726398E-02
2.26175137600591E-02
2.24262905253323E-02
2.38231458574285E-02
2.20434586457032E-02
2.18518661979022E-02
2.32073217891504E-02
2.14683693527439E-02
2.12764816171568E-02
2.10845122480441E-02
2.08924697794345E-02
0.023657557519199
2.19730715368981E-02
2.46694168965656E-02
0.030185613842225
2.84735222843028E-02
2.81988122282748E-02
2.79240865707303E-02
0.031796762307126
3.14808376738584E-02
3.11649411789344E-02
2.95078237934975E-02
3.31883647067094E-02
3.28451937691244E-02
3.25021227529898E-02
3.34455362518786E-02
3.81796223324911E-02
4.02863211317614E-02
3.98479324435129E-02
3.57151206307966E-02
3.41004236867683E-02
3.13091434272001E-02
3.33349325344549E-02
3.29526259440546E-02
3.25706414488281E-02
3.10393942682173E-02
0.030671738367998
3.03044587052251E-02
2.88287785347257E-02
2.84758914965952E-02
0.02812343238217
2.88395553054969E-02
2.63652768848919E-02
2.81099579602991E-02
2.87735843184998E-02
2.83966859840561E-02
2.40174842697969E-02
2.36954978272821E-02
2.82436799467518E-02
2.97771193573344E-02
2.65218828110458E-02
2.52151535108443E-02
2.48563798398094E-02
0.025405726490953
2.59294146484419E-02
2.64275646424351E-02
2.60325498005606E-02
2.39292854818795E-02
0.021879440692026
1.98828384503111E-02
2.03855605403987E-02
2.08631943334301E-02
1.89474516433954E-02
1.94140850492813E-02
0.020619643475053
1.95223511437173E-02
1.91898750813629E-02
1.88585574320877E-02
1.71031674162106E-02
1.67995667081005E-02
1.78718893971574E-02
1.75455425909735E-02
1.78828535028656E-02
1.88465137734762E-02
1.78495968784022E-02
2.25052845203792E-02
2.26759979798992E-02
2.40256455452779E-02
2.35390913873361E-02
2.42077408439686E-02
2.53950835939636E-02
2.65132847733135E-02
2.64821050405813E-02
2.80163250726122E-02
2.79092587268485E-02
2.57620114659396E-02
2.41819756391475E-02
2.31339154491553E-02
2.49354332239815E-02
2.06586647102651E-02
2.41792091755247E-02
4.36526854146998E-02
4.25374533760741E-02
4.14308138915064E-02
4.03329672696229E-02
3.92441174726818E-02
3.81644721797362E-02
3.70942428482391E-02
3.60336447737145E-02
3.49828971470577E-02
3.39422231089965E-02
3.29118498011759E-02
3.18920084132775E-02
3.08829342255066E-02
2.92871693128058E-02
2.74531467783519E-02
0.027085047865611
1.59059044866158E-02
2.39269888329585E-02
0.021057371448386
0.020278887755122
1.92788800677861E-02
1.85311378127053E-02
1.80088667204745E-02
1.72747781869749E-02
1.71435344370945E-02
1.64076911331738E-02
1.55041775718174E-02
9.46638138511153E-03
1.05025157895592E-02
0.012030595688669
4.75322071100198E-03
1.04336158631824E-02
8.75406514302566E-03
0.008949547794465
8.73919940488584E-03
8.9032855059297E-03
9.04678610290001E-03
1.00031221910833E-02
9.73492504327762E-03
9.01410531484721E-03
9.19286586369125E-03
8.81300776368434E-03
7.30614336859738E-03
8.26747740754604E-03
8.37780651133546E-03
8.83220745491704E-03
8.33578205787961E-03
8.02433556011481E-03
7.79507510644375E-03
7.63815783995883E-03
6.70555497907213E-03
6.48235968494431E-03
5.07171952371884E-03
4.56252438029996E-03
3.7042177516553E-03
3.44864737936345E-03
2.75167141819396E-03
2.37959364123818E-03
1.83649032929459E-03
1.62496446856204E-03
1.51424988368416E-03
1.36516328425832E-03
1.22421874032863E-03
1.09148758235764E-03
9.67023381810131E-04
8.79221078661696E-04
7.94245672246008E-04
6.43440262306167E-04
5.72568142330349E-04
9.01842184015648E-04
9.92463029261416E-04
8.0285423339257E-04
6.26864287817227E-04
7.42078772905567E-04
6.14201805980464E-04
5.45025230077062E-04
4.33513636621322E-04
3.48539844632737E-04
2.6271164987808E-04
1.91342067745272E-04
1.33770424948536E-04
8.59063686817197E-05
5.57561161965103E-05
3.08966555290811E-05
1.63369838372647E-05
8.11619163335601E-06
3.20130853062316E-06
8.61224622640923E-07
1.58927609062681E-07
2.63580723415776E-08
1.92122939619085E-09
3.79775925168597E-11
8.66319705360788E-14
2.28048635505215E-18
4.12298986594184E-29
4.61739300048829E-84
0
0
0
0
0
0
0
0
0
0
0
0
0
0
0
0
0
0
0
0
0
0
0
0
0
0
0
0
0
0
0
0
0
0
0
0
0
0
0
0
0
0
0
0
0
0
0
0
0
0
0
0
0
0
0
0
0
0
0
0
0
0
0
0
0
0
0
0
0
0
0
0
0
0
0
0
0
0
0
0
0
0
0
0
0
0
0
0
0
0
0
0
0
0
0
0
0
0
0
0
0
0
0
0
0
0
0
0
0
0
0
0
0
0
0
0
0
0
0
0
0
0
0
0
0
0
0
0
0
0
0
0
0
0
0
0
0
0
0
0
0
0
0
0
0
0
0
0
0
0
0
0
0
0
0
0
0
0
0
0
0
0
0
0
0
0
0
0
0
0
0
0
0
0
0
0
0
0
0
0
0
0
0
0
0
0
0
0
0
0
0
0
0
""
