0
0
0
0
0
0
0
0
0
0
0
0
0
0
0
0
0
0
0
0
0
0
0
0
0
0
0
0
0
0
0
0
0
0
0
0
0
0
0
0
0
0
0
0
0
0
0
0
0
0
0
0
0
0
0
0
0
0
0
0
0
0
0
0
0
0
0
0
0
0
0
0
0
0
0
0
0
0
0
0
0
0
0
0
0
0
0
0
0
0
0
0
0
0
0
0
0
0
0
0
0
0
0
0
0
0
0
0
0
0
0
0
0
0
0
0
0
0
0
0
0
0
0
0
0
0
0
0
0
0
0
0
0
0
0
0
0
0
0
0
0
0
0
0
0
0
0
0
0
0
0
0
0
0
0
0
0
0
0
0
0
0
0
0
0
0
0
0
0
0
0
0
0
0
0
0
0
0
0
0
0
0
0
0
0
0
0
0
0
0
0
0
0
0
0
0
0
0
0
0
0
0
0
0
0
0
0
0
0
0
0
0
0
0
0
0
0
0
0
0
0
0
0
0
0
0
0
0
0
0
0
0
0
0
0
0
0
0
0
0
0
0
0
0
0
0
0
0
0
0
0
0
0
0
0
0
0
0
0
0
0
0
0
0
0
0
0
0
0
0
0
0
0
0
0
0
0
0
0
0
0
0
0
0
0
0
0
0
0
0
0
0
0
0
0
0
0
0
0
0
0
0
0
0
0
0
0
0
0
0
0
0
0
0
0
0
0
0
0
0
0
0
0
0
0
0
0
0
0
0
0
0
0
0
0
0
0
0
0
0
0
0
0
0
0
0
0
0
0
0
0
1.84100060434239E-41
3.10724259414393E-22
9.3160699656787E-16
1.74292581391482E-12
1.48716462212599E-10
3.05642684871608E-09
2.68676985650559E-08
1.37746632412209E-07
4.92741919065318E-07
1.26074411383962E-06
2.81277250490756E-06
4.54214613067996E-06
9.03435120531702E-06
1.44835464395147E-05
2.2351969882288E-05
3.03083027715041E-05
4.30358650609056E-05
5.351194799503E-05
6.05452001571949E-05
7.69643933580959E-05
7.35598248726343E-05
1.27698186808048E-04
1.23409354881686E-04
1.42417929617115E-04
1.36326070060957E-04
1.52626279180172E-04
1.73806921334604E-04
1.85204890518343E-04
2.13323287892136E-04
2.36910164355104E-04
3.2853144629374E-04
3.51997610907186E-04
3.83766377057305E-04
4.16282114800874E-04
4.70365323569049E-04
4.83220581088365E-04
3.97141867866212E-04
4.23774810176675E-04
4.50691810061453E-04
4.77845603508453E-04
4.89883411135774E-04
5.16548933896585E-04
5.4332549020108E-04
5.34543176079687E-04
5.41103388190936E-04
5.84997764309004E-04
6.71248129765629E-04
8.68411574856167E-04
9.46816781887047E-04
7.08502006146414E-04
7.10637848166021E-04
1.20136015957662E-03
0.001115105844601
1.30823937425826E-03
1.21417166003521E-03
2.25126439983142E-03
2.54538814314695E-03
1.29363327804975E-03
1.44939902745999E-03
1.5182562661408E-03
1.46130927026373E-03
1.46447821971391E-03
1.99882683088156E-03
2.92277860512431E-03
3.00896586794331E-03
3.09095459666439E-03
1.48395379569543E-03
1.5574267768541E-03
1.63230846140142E-03
1.70857109565584E-03
1.64136122104805E-03
1.46185837118498E-03
1.52475068463846E-03
3.28684291730329E-03
3.64912122699308E-03
3.2608028574757E-03
3.26424058886996E-03
3.51577620990118E-03
2.38636565008546E-03
2.54127033562685E-03
2.41766181728775E-03
2.50108948233519E-03
3.04174489431476E-03
3.14214350886759E-03
3.64908366489841E-03
4.3500345476176E-03
3.79474885994413E-03
3.02122370665385E-03
3.38548644249622E-03
2.63659418708337E-03
2.80871703702635E-03
2.9869140308473E-03
3.1712387055265E-03
3.15163387819898E-03
3.1271458515974E-03
3.20832758545175E-03
3.6304667501005E-03
3.48877313807138E-03
3.93203487283415E-03
3.90502484638807E-03
4.24763184561032E-03
4.47464824246541E-03
4.8389274122424E-03
5.08189605985374E-03
4.2378092864663E-03
4.74944854271647E-03
3.56730281271425E-03
3.78847231448839E-03
4.46233059386627E-03
3.79483411248316E-03
3.71657106903843E-03
3.79044647682067E-03
3.70363073839688E-03
3.77506423531284E-03
3.51229888121065E-03
1.38011343464089E-02
1.40558510558236E-02
1.50183051009394E-02
1.51078026618863E-02
1.53749612057581E-02
1.54568407982063E-02
1.57226661563197E-02
1.61820192842382E-02
1.62569454985973E-02
1.65253490338496E-02
1.15336149814102E-02
1.15134385019355E-02
1.16961198953207E-02
1.01822564285239E-02
1.09859106211217E-02
1.00601088550645E-02
9.76773998410561E-03
1.10396000934867E-02
1.21162964583574E-02
1.39156829643328E-02
1.36447176344467E-02
1.33608285400214E-02
0.013789737302612
1.91310976816996E-02
1.93924991650746E-02
1.91503949409125E-02
1.96612984257624E-02
2.01793428654326E-02
2.07045261754002E-02
2.12368455983224E-02
0.02096976816883
2.12339575478999E-02
2.37034475307558E-02
2.42744564864281E-02
2.51350051631949E-02
2.85818415405033E-02
2.34271777033472E-02
2.39959541054748E-02
2.42757495173086E-02
0.026053075224364
2.75619086494889E-02
2.75668180647613E-02
2.78748024606661E-02
2.78698225827317E-02
2.84912937866316E-02
2.84797697644078E-02
2.87849440084176E-02
2.90902304705828E-02
2.01475551238705E-02
2.10243575054598E-02
2.29263945788092E-02
2.31598696791677E-02
2.27053306320349E-02
2.95336085923899E-02
2.98255075376066E-02
2.97630741068408E-02
1.53835086415886E-02
1.48087602238808E-02
0.014949498980736
0.015826313977659
1.59738454225884E-02
2.88684289530179E-02
2.91324350401071E-02
2.55786285670454E-02
3.85196300380035E-02
3.88620336321897E-02
3.92042534740173E-02
3.95462748328397E-02
3.98880831161906E-02
4.02296638673781E-02
4.05710027631392E-02
4.09120856113527E-02
4.12528983488108E-02
4.15934270390448E-02
4.19336578702064E-02
4.22735771530014E-02
4.26131713186752E-02
4.29524269170481E-02
4.32913306145998E-02
4.36298691926016E-02
4.39680295452941E-02
4.43057986781109E-02
4.46431637059461E-02
4.49801118514643E-02
4.53166304434516E-02
4.56527069152095E-02
4.59883288029854E-02
0.046323483744444
4.66581594771747E-02
4.69923438372361E-02
4.73260247577368E-02
4.76591902674493E-02
4.79918284894595E-02
4.83239276398479E-02
4.86554760264034E-02
4.89864620473682E-02
4.93168741902137E-02
4.96467010304452E-02
4.84766532935236E-02
3.06857776583587E-02
3.13921852077785E-02
2.85375607395424E-02
2.92333972561747E-02
2.99353902147839E-02
3.27210400079286E-02
3.39708863470491E-02
3.41815246871433E-02
3.33335048087085E-02
2.98104708458665E-02
2.94552094573859E-02
2.96318784383196E-02
3.41438720727863E-02
3.59807944483484E-02
4.00297917170893E-02
5.12927921405666E-02
5.54709716607405E-02
5.57876163489275E-02
5.61034641256986E-02
0.054725950029198
5.50307478940519E-02
5.47642831328783E-02
5.33435826369022E-02
0.053633479887451
5.50822076507117E-02
5.59596189977107E-02
5.15683474861782E-02
1.70835047805762E-02
1.65804764950803E-02
1.60710578925338E-02
1.61535533985614E-02
1.56344747476872E-02
1.93396117013295E-02
1.70069314207169E-02
1.52602122490816E-02
1.65622596474906E-02
1.72596458327187E-02
1.73433427735399E-02
1.68043806137852E-02
1.75099103580897E-02
1.94777165336918E-02
1.95691489185491E-02
0.017757660277353
1.84768049881703E-02
1.85614484549653E-02
2.05746653190356E-02
2.00215409066728E-02
3.69783776044882E-02
0.035839107479911
4.31960816730738E-02
3.22097206162448E-02
3.16889044947701E-02
2.71837719145136E-02
2.72994854984514E-02
2.74147434987627E-02
2.75295427609481E-02
2.76438801515551E-02
2.91117892682115E-02
2.71913725744036E-02
5.25554862340197E-02
5.27666896968238E-02
5.29769969038165E-02
5.24956697068227E-02
5.61686610182765E-02
5.63870293175734E-02
5.87008916764583E-02
5.47163847219512E-02
5.84446169881513E-02
2.89787905205204E-02
2.97962831248104E-02
2.63461672196468E-02
2.64427708631362E-02
2.65389149562334E-02
4.89500701251938E-02
6.50184675384716E-02
6.52489414778862E-02
5.60203005210351E-02
5.62155244548222E-02
5.64097611146972E-02
5.66030054741126E-02
5.67952525420399E-02
5.77265817441847E-02
5.71767350161923E-02
5.73659606168911E-02
5.23219721043858E-02
3.89941626926067E-02
0.039119881459493
3.84901941134655E-02
3.93692265386089E-02
4.78471025041254E-02
3.88539190356276E-02
3.82095823548156E-02
3.21941781111946E-02
3.53671322128415E-02
5.62946463197953E-02
6.88374511448909E-02
7.60220837540486E-02
7.31322448922681E-02
7.72453064471852E-02
7.82494538527786E-02
7.84719302913029E-02
7.86929858398991E-02
7.89126149985341E-02
7.91308123105939E-02
7.93475723628002E-02
7.95628897851294E-02
7.97767592507339E-02
7.99891754758655E-02
8.02001332198014E-02
8.04096272847717E-02
8.06176525158897E-02
8.08242038010835E-02
8.10292760710301E-02
8.12328642990914E-02
8.14349635012517E-02
8.16355687360576E-02
8.18346751045591E-02
8.20322777502533E-02
8.22283718590286E-02
8.24229526591118E-02
8.26160154210162E-02
8.28075554574912E-02
8.29975681234738E-02
8.31860488160416E-02
8.33729929743668E-02
8.35583960796724E-02
8.37422536551893E-02
8.39245612661144E-02
8.41053145195715E-02
8.42845090645714E-02
8.44621405919753E-02
0.084638204834458
8.48126975664733E-02
8.49856146042194E-02
0.085156951805607
8.53267050702273E-02
8.54948703393213E-02
8.56614435957507E-02
8.58264208639691E-02
8.59897982099952E-02
8.61515717413856E-02
8.63117376072096E-02
8.04173715581633E-02
8.05633249656443E-02
8.67825513241605E-02
8.69362488478282E-02
8.70883200731396E-02
8.72387613977555E-02
8.73875692606959E-02
8.75347401423206E-02
8.76802705643118E-02
8.78241570896564E-02
8.79663963226298E-02
7.40098673233748E-02
2.82386942511713E-02
0.029166454986593
2.92112085739759E-02
2.83688854847332E-02
2.75233666217466E-02
2.57855443549999E-02
2.67133841361614E-02
2.40764079743323E-02
2.58962663010653E-02
2.32495579410923E-02
2.50722075978052E-02
2.95891638057551E-02
2.96283822188608E-02
3.14650443848468E-02
3.24056092273246E-02
3.69530281062474E-02
3.42917286300221E-02
3.25266269165269E-02
3.52795502207657E-02
3.62269279360525E-02
3.53622917389701E-02
3.08638576708266E-02
0.028172131822772
2.72933755208683E-02
2.45905931934194E-02
2.37049540925486E-02
2.46423070709332E-02
0.023753854725908
2.37776306143278E-02
2.65472203156405E-02
2.65727343285156E-02
2.65977448248341E-02
2.20322079104936E-02
2.20520714168531E-02
2.11518702770502E-02
2.20905436424512E-02
0.023951580760852
3.50349547907532E-02
3.59858011676365E-02
4.06311705982612E-02
6.28415888624232E-02
7.21366453053473E-02
7.31144209514701E-02
7.31659793603339E-02
7.69232948688944E-02
0.065845693075284
6.49602765835651E-02
8.54299250140207E-02
7.61903561856148E-02
7.62352006896056E-02
7.62785960782721E-02
7.63205413520776E-02
7.63610355451016E-02
7.64000777250402E-02
6.99125002986634E-02
6.99455510529197E-02
6.99772713727551E-02
0.079342015265564
8.12425926723449E-02
0.080340560827546
5.04654006056216E-02
4.58090494342379E-02
4.58245487647723E-02
4.58391759626975E-02
4.21098343088626E-02
4.21216646659397E-02
3.74512828570222E-02
3.74603730667899E-02
3.74687501235555E-02
0.046845517293641
4.68542050310686E-02
5.24854407472833E-02
7.49902464369221E-02
7.49998639042149E-02
0.075945653914214
7.68901846391276E-02
0.076895650520636
7.59618514635116E-02
7.59643577053369E-02
0.076903262011638
8.90947887196926E-02
9.37817244462999E-02
9.37776748807406E-02
9.37718395222793E-02
0.09376421850488
9.37548120035056E-02
9.37436202341177E-02
9.37306434536764E-02
9.37158819601407E-02
9.36993360924676E-02
9.36810062306124E-02
9.36608927955288E-02
0.093638996249168
9.36153170944793E-02
9.35898558754092E-02
9.35626131769018E-02
9.35335896248982E-02
9.35027858863365E-02
8.50578844289278E-02
8.50266150572697E-02
8.40597307520697E-02
8.58928411329391E-02
8.67895442652062E-02
6.62292416564521E-02
6.43337915961394E-02
9.31923628231517E-02
9.31455741821793E-02
9.30970142788204E-02
9.30466842309685E-02
9.29945851975122E-02
0.092940718378336
9.28850850143199E-02
9.28276863873396E-02
9.27685238202671E-02
9.27075986769706E-02
9.26449123623153E-02
9.25804663221633E-02
9.25142620433747E-02
9.24463010538079E-02
9.23765849223203E-02
9.13820641061815E-02
9.13095747768728E-02
9.12353527601126E-02
9.11593997714353E-02
9.20017349161313E-02
9.19215231751933E-02
9.00027770539475E-02
8.80856376524426E-02
8.89203243844978E-02
8.97515999614651E-02
9.14943578455862E-02
9.14037173070947E-02
9.13113457532947E-02
9.12172453271782E-02
9.11214182127632E-02
0.091023866635098
9.09245928602641E-02
9.08235991953801E-02
0.090720887988606
9.06164616291475E-02
9.05103225472603E-02
8.49783248213999E-02
8.48753411739537E-02
8.47707546523167E-02
8.37638808049519E-02
8.00590815687128E-02
7.99555193160752E-02
7.89532528492396E-02
6.63038942289801E-02
2.77383100821786E-02
2.68065888038425E-02
2.76614516293784E-02
2.76222405846373E-02
2.66927511761964E-02
2.75422594534213E-02
2.92757810008243E-02
2.92318320608438E-02
3.09562629417966E-02
3.00253863557159E-02
2.99784104537238E-02
2.90505519308066E-02
2.46093409663018E-02
2.36917932741717E-02
2.19006540154983E-02
2.18640518910182E-02
2.09539585109471E-02
2.09180347816888E-02
1.82715045429208E-02
1.73708445489142E-02
1.64729347625362E-02
1.55778245742656E-02
1.38217065741049E-02
1.46584623447908E-02
1.46310878494354E-02
1.20263626825985E-02
1.28607535198346E-02
1.45473292814711E-02
1.70810199409771E-02
1.78995777147548E-02
1.70130966355591E-02
1.86765260553045E-02
1.69439079398891E-02
1.77542831941399E-02
1.77171335078473E-02
1.76796551700633E-02
1.59616729786115E-02
1.59271717567044E-02
1.75652573000473E-02
2.08648493482593E-02
2.58146824721364E-02
2.57564747738136E-02
0.053053505041892
3.55632666347691E-02
4.29067163037309E-02
3.86899490212646E-02
3.44919327730647E-02
3.52285015056349E-02
3.51431861779534E-02
3.34266567428326E-02
3.09042698650966E-02
5.75981319538846E-02
5.98806125576267E-02
5.97282730711179E-02
0.061990037377812
6.18292523721085E-02
6.16673384837899E-02
7.98757138958159E-02
7.96625195325244E-02
7.94478747502085E-02
7.13086063700984E-02
5.37296935352051E-02
5.20048921740888E-02
6.20741695892257E-02
6.34659962601931E-02
6.32851764439385E-02
6.38822646214725E-02
6.36969007875747E-02
6.35103880533245E-02
4.78781625323133E-02
4.69654879411345E-02
4.75918074129837E-02
4.20903879949866E-02
4.50132266429511E-02
7.60578645376933E-02
7.58207643102095E-02
7.55823098048568E-02
7.53425070740523E-02
7.51013622150209E-02
7.48588813699202E-02
7.46150707259674E-02
7.43699365155718E-02
7.18997804659738E-02
6.57493930711508E-02
0.067736523051295
6.82399499297798E-02
6.80059089521904E-02
7.28716911016027E-02
7.26174702588352E-02
7.23619773527249E-02
7.21052190289144E-02
7.18472019797577E-02
7.15879329444945E-02
7.13274187094297E-02
7.10656661081171E-02
7.08026820215484E-02
7.05384733783466E-02
7.02730471549647E-02
7.00064103758891E-02
6.97385701138483E-02
6.94695334900277E-02
6.91993076742885E-02
6.89278998853934E-02
0.068655317391237
0.068381567509083
6.81066576058068E-02
0.067830595098144
6.75533874529459E-02
6.72750421874411E-02
6.69955668695029E-02
6.67149691179246E-02
6.64332566027012E-02
6.61504370453176E-02
0.065866518219045
6.55815079492435E-02
6.52954141136734E-02
6.50082446428134E-02
6.47200075201869E-02
6.44307107826964E-02
5.77263262688699E-02
5.74640737917254E-02
5.97431514145313E-02
5.94673048912587E-02
5.98201870471036E-02
6.01662099130555E-02
6.05053513495552E-02
5.89752144169958E-02
5.86916749217721E-02
5.96368334395689E-02
6.05690564973326E-02
6.08794998356339E-02
6.05771844129335E-02
6.02739277050549E-02
5.57718568941315E-02
0.042958530740975
3.73959173758447E-02
3.24784166309058E-02
3.17216724839086E-02
2.86332098744961E-02
3.83628488973673E-02
3.64234919369811E-02
5.34784831981342E-02
5.43319957736569E-02
5.51722065440831E-02
5.48677801410302E-02
5.51250579971377E-02
5.42565477527829E-02
4.95002958676878E-02
4.14759322337565E-02
4.01378778156864E-02
4.15452280990816E-02
4.23894055026858E-02
4.21397012073344E-02
4.18894186418141E-02
4.05709102817023E-02
4.03259418002015E-02
3.90256852075106E-02
3.98343932239868E-02
3.95878291348166E-02
3.88231078413339E-02
4.73233011346525E-02
4.14006719622743E-02
3.80886482682101E-02
2.97697201237589E-02
4.06043417076136E-02
3.68519023188514E-02
3.71027378932108E-02
3.43981230586709E-02
3.70951859549379E-02
3.53890618221715E-02
0.035628278565404
0.038251146697475
3.79848092634337E-02
3.72465793848134E-02
3.69827574977668E-02
3.53241679340407E-02
3.64539454174433E-02
2.97757384705985E-02
1.81891847127976E-02
1.53464600544926E-02
2.32959465680485E-02
2.22313622429321E-02
2.11800679995521E-02
1.92663511130816E-02
2.04209347281979E-02
2.06928296350868E-02
1.88192259744685E-02
1.78212424849347E-02
1.80994567751418E-02
1.62831521913972E-02
0.016150399351851
1.60175332231123E-02
1.54772628275049E-02
1.65592511457575E-02
1.60187789466659E-02
1.62791496692428E-02
1.61389607941756E-02
1.99008067159467E-02
1.85658574313203E-02
1.84014594452091E-02
1.36777381824579E-02
1.35543293023141E-02
1.26847137946567E-02
1.29377267683119E-02
1.31838429221389E-02
1.45114217038621E-02
0.014374101829631
1.53045182278128E-02
1.40994061141374E-02
3.07164952278033E-02
2.93774434359317E-02
2.90855565464996E-02
0.028116196933169
2.78312428961397E-02
2.75463427065688E-02
0.026933058890682
2.37265496096826E-02
2.57273355783682E-02
2.51349180355567E-02
0.024864213823509
2.45936458049806E-02
2.43232287054563E-02
2.37485093532851E-02
2.64923521307077E-02
2.73822660104451E-02
2.67740085795443E-02
2.64636461771728E-02
0.028740179877979
2.83997577481463E-02
2.80596839863195E-02
2.77199793603131E-02
2.73806649005723E-02
2.70417619059327E-02
2.67032919495342E-02
1.97739576636689E-02
2.10824684702243E-02
2.10663742331873E-02
2.07904308097553E-02
2.05149344804515E-02
2.07335605988718E-02
0.020452319961441
2.04117350433341E-02
1.87073994827913E-02
1.79774705586575E-02
1.72613748887565E-02
1.67859264315225E-02
1.63176488735884E-02
1.40947011426321E-02
1.34501507302896E-02
1.30329144142379E-02
1.32538919576696E-02
1.22196611309204E-02
1.79392932755509E-02
1.68510415770012E-02
0.016381650900019
1.63078314413963E-02
1.60375004805968E-02
0.015955767761692
1.40233702517652E-02
1.43252503570666E-02
1.49652714891843E-02
1.52246073292161E-02
1.06543956021516E-02
1.11346712596563E-02
6.95444302889217E-03
5.84891806763055E-03
5.57799902450067E-03
8.43948169514222E-03
8.12045873604497E-03
7.35785394824136E-03
1.01512331607887E-02
9.51018390298768E-03
8.32394406691029E-03
8.42349151652147E-03
9.86323299980832E-03
9.64713080330514E-03
9.30308624228283E-03
7.32449345600243E-03
7.03251332362964E-03
7.59081600675409E-03
7.41005798637187E-03
7.2305326485928E-03
7.16421012608139E-03
6.98442966635197E-03
7.01867980705223E-03
6.83608429209856E-03
6.3524423449656E-03
4.4149632156767E-03
4.10268075932164E-03
3.9876311061857E-03
3.51328036543716E-03
3.41083247183813E-03
3.30936675312716E-03
3.29118498011759E-03
3.26893086236094E-03
3.39712276480572E-03
3.36204749764352E-03
2.81755980093611E-03
2.58285250264847E-03
2.49372231357959E-03
2.47072167296854E-03
2.38148843761509E-03
2.4141533041812E-03
2.20661880293938E-03
2.17685052619129E-03
4.77020576822094E-03
4.57575969833562E-03
3.74399027936547E-03
3.34754617946936E-03
3.10984957109128E-03
2.62476938405365E-03
0.002379476233572
2.26550178552858E-03
2.15380313467277E-03
1.90342992098598E-03
1.31310977145385E-03
1.44772096675169E-03
1.41369402137859E-03
1.56747984259326E-03
1.65042719444797E-03
1.69695822884449E-03
1.70940648081363E-03
1.71831382564275E-03
1.86046094860418E-03
2.0174355121687E-03
1.87798755601271E-03
1.94235914996564E-03
1.80556174813264E-03
1.71995618858911E-03
1.65819320506207E-03
1.74723435583145E-03
1.59633187020258E-03
1.53160977520008E-03
1.33349104697457E-03
1.27462128636545E-03
1.21582317349424E-03
1.58696500184346E-03
7.22008544814168E-04
6.83783532115167E-04
6.45800434882256E-04
9.91497350515907E-04
9.67880038412015E-04
9.05337346770281E-04
8.43653506624031E-04
6.82581642129162E-04
6.30658138957172E-04
5.96907271601835E-04
5.22504569203861E-04
3.75796106202177E-04
3.45881179849068E-04
3.21720131153084E-04
5.06109340095576E-04
3.69755295446415E-04
3.26882664399593E-04
3.23182848187687E-04
2.11856912086378E-04
1.75755498846055E-04
1.45468848784847E-04
1.1327331588951E-04
1.20130284846872E-04
9.22009472720322E-05
7.10237890658763E-05
5.17291055241578E-05
3.53869438090603E-05
2.38053792732476E-05
9.88698572089281E-06
6.49960131556889E-06
3.28731991847399E-06
1.14279709780013E-06
2.23347106787663E-07
7.4759081826469E-08
1.56089616043705E-08
2.268522619562E-09
1.65623223809556E-10
4.24217788752157E-12
1.28777253499577E-14
3.38991214940185E-19
5.57160792694844E-30
6.09239354231094E-85
0
0
0
0
0
0
0
0
0
0
0
0
0
0
0
0
0
0
0
0
0
0
0
0
0
0
0
0
0
0
0
0
0
0
0
0
0
0
0
0
0
0
0
0
0
0
0
0
0
0
0
0
0
0
0
0
0
0
0
0
0
0
0
0
0
0
0
0
0
0
0
0
0
0
0
0
0
0
0
0
0
0
0
0
0
0
0
0
0
0
0
0
0
0
0
0
0
0
0
0
0
0
0
0
0
0
0
0
0
0
0
0
0
0
0
0
0
0
0
0
0
0
0
0
0
0
0
0
0
0
0
0
0
0
0
0
0
0
0
0
0
0
0
0
0
0
0
0
0
0
0
0
0
0
0
0
0
0
0
0
0
0
0
0
0
0
0
0
0
0
0
0
0
0
0
0
0
0
0
0
0
0
0
0
0
0
0
0
0
0
0
0
0
""
