0
0
0
0
0
0
0
0
0
0
0
0
0
0
0
0
0
0
0
0
0
0
0
0
0
0
0
0
0
0
0
0
0
0
0
0
0
0
0
0
0
0
0
0
0
0
0
0
0
0
0
0
0
0
0
0
0
0
0
0
0
0
0
0
0
0
0
0
0
0
0
0
0
0
0
0
0
0
0
0
0
0
0
0
0
0
0
0
0
0
0
0
0
0
0
0
0
0
0
0
0
0
0
0
0
0
0
0
0
0
0
0
0
0
0
0
0
0
0
0
0
0
0
0
0
0
0
0
0
0
0
0
0
0
0
0
0
0
0
0
0
0
0
0
0
0
0
0
0
0
0
0
0
0
0
0
0
0
0
0
0
0
0
0
0
0
0
0
0
0
0
0
0
0
0
0
0
0
0
0
0
0
0
0
0
0
0
0
0
0
0
0
0
0
0
0
0
0
0
0
0
0
0
0
0
0
0
0
0
0
0
0
0
0
0
0
0
0
0
0
0
0
0
0
0
0
0
0
0
0
0
0
0
0
0
0
0
0
0
0
0
0
0
0
0
0
0
0
0
0
0
0
0
0
0
0
0
0
0
0
0
0
0
0
0
0
0
0
0
0
0
0
0
0
0
0
0
0
0
0
0
0
0
0
0
0
0
0
0
0
0
0
0
0
0
0
0
0
0
0
0
0
0
0
0
0
0
0
0
0
0
0
0
0
0
0
0
0
0
0
0
0
0
0
0
0
0
0
0
0
0
0
0
0
0
0
0
0
0
0
0
0
0
0
0
0
0
0
0
0
0
0
0
0
0
0
0
0
0
0
0
0
0
0
0
0
0
0
0
0
0
0
0
0
0
0
0
0
0
0
0
0
0
0
0
0
0
0
0
0
0
0
0
0
0
0
0
0
0
0
0
0
0
0
0
0
0
0
0
1.89525545152529E-65
1.84875969124364E-24
7.78728902063679E-16
4.61613721767808E-12
5.10133947756909E-10
1.06094325907327E-08
1.03868156463453E-07
4.63282094414832E-07
1.42348248180517E-06
1.05777501358376E-05
1.86812637489752E-05
4.06192461968239E-05
6.72128937330467E-05
1.36389420408423E-04
1.9711833061906E-04
2.7098625606204E-04
4.41800483817408E-04
6.22872075157136E-04
7.48713443363661E-04
9.68038536513122E-04
8.57135204332593E-04
1.05214325579325E-03
1.21000776318012E-03
1.39227326915672E-03
1.66457512896012E-03
2.06569582104629E-03
2.79179159876852E-03
3.1835740216077E-03
3.45519627126065E-03
4.59054678974767E-03
5.06023005964835E-03
5.67903489966795E-03
6.26328460269079E-03
6.8731543596646E-03
7.50784600681141E-03
9.04154977682663E-03
1.05339357939755E-02
1.13724958240925E-02
1.22368575080988E-02
0.013126119544404
1.40394007861951E-02
1.49758419804087E-02
0.015137876659068
1.55616930260401E-02
1.63034548389717E-02
1.89368461551069E-02
1.99770305647631E-02
2.10357238699965E-02
2.21122364666801E-02
2.32059025139824E-02
2.43160794181497E-02
0.025442147250936
2.65835081199591E-02
2.77395855052143E-02
2.89098235734325E-02
3.00936864798361E-02
3.12906576650516E-02
2.40501769735506E-02
2.59659021605926E-02
2.72651573181522E-02
2.82359453329137E-02
2.88405967394912E-02
0.030976868993209
0.019598445084222
1.94026129594089E-02
1.87337474215958E-02
4.16860919602712E-02
4.29324015840007E-02
4.41864733507107E-02
4.49695987741288E-02
4.62249251143683E-02
4.69818650000783E-02
4.87556865828322E-02
3.93857749037177E-02
3.98482654491864E-02
4.64429988120234E-02
3.43980169885501E-02
3.46390413874571E-02
3.30526968327336E-02
3.56621771130442E-02
3.71004460006163E-02
4.56404974290053E-02
0.053206579314516
3.01932615706382E-02
2.74036778763038E-02
2.79704450711529E-02
2.92521471852083E-02
2.91083092020712E-02
2.81952971698445E-02
2.87388899642911E-02
2.85129861809507E-02
2.74744350199783E-02
2.79780477640776E-02
8.13786483255912E-02
8.28223396561864E-02
8.42682040880471E-02
8.57160961298158E-02
8.71658738887052E-02
8.86173989368537E-02
0.086467714736154
8.96946506776053E-02
9.11215004088422E-02
9.25495513769932E-02
8.53479877373678E-02
8.37260704217026E-02
8.59699560904743E-02
8.72409356171508E-02
0.082408161897963
6.60483414214284E-02
0.104663015814883
0.106125813103295
0.102209380992628
0.103599344571743
0.103884168297411
0.106379212048425
0.106634523320976
0.111456464991524
0.112874822106003
0.110757909972558
0.112131460079435
0.114711910871967
0.114876700944983
0.123668333089499
0.125126528016487
0.126583760379504
0.128039950827502
0.129495021342829
0.130948895201349
0.132401496934075
0.133852752290252
0.135302588201829
0.136750932749261
0.138197715128587
0.139642865619725
0.141086315555943
0.142527997294446
0.143967844188045
0.145405790557851
0.142436518516954
0.142344694747299
0.136233901179891
0.134512187801525
0.103744050626337
0.106253096777051
0.101018368793085
0.105078351695717
7.91256971539151E-02
8.30267976053166E-02
0.104701919828061
9.26194214115024E-02
9.34217872274481E-02
5.95090080489505E-02
6.00137793290453E-02
6.21985711910104E-02
6.10202373146375E-02
5.63950625225245E-02
6.02996114167878E-02
6.42586525829678E-02
6.12697289870256E-02
0.065281896454568
6.57917547089266E-02
6.98842192711068E-02
0.070419089372233
6.91333586341502E-02
6.41531202804602E-02
0.059089899452843
6.69649551681895E-02
7.86945891922961E-02
8.30362747004177E-02
0.16915867734912
0.170354362183046
0.156126820160777
0.157208996785724
8.01211398937643E-02
0.080665785244919
7.92281396056046E-02
8.17502963533352E-02
8.42972043804508E-02
8.28283215188789E-02
8.33648600344702E-02
0.147336106244145
0.175043830757195
0.176145670348572
0.179329167192491
0.193025329607814
0.196317161794502
0.203878074078019
0.200829042524702
0.202023348846162
0.196727961147402
0.197876069525148
0.144344239027005
0.142971415096017
0.161478983300905
0.164611185091735
0.223686370134662
0.22492051993442
0.226149962191142
0.154614770541969
0.157730265020186
0.15167440311027
0.20560777609987
0.206680577648517
0.210083268343273
0.204120615529656
0.207514530122944
0.17537817087338
0.138143269998446
0.131644427712598
0.132288121037593
0.108760083778999
0.097139651967918
0.1049217158434
0.105416059129961
0.224131185813726
0.227642133752964
0.183942453217524
0.187274489533737
0.170559220181432
0.173838629973054
0.174606068406738
0.175369739604179
0.18634003700212
0.199957750364206
0.182786881282559
0.21199538831161
0.114228405204483
0.106880208697542
8.89954101732707E-02
9.19846538285238E-02
0.100270478412875
0.100669725456449
0.109045740536054
0.10680173043103
0.107215048063674
0.107626031002608
0.110735535833905
0.108440952314155
0.114287114178897
0.122902215979477
0.117868991154205
0.118295513129046
0.129763120650539
0.149618671396168
0.144583620282416
0.147876970702531
0.145586883660796
0.148893044396349
0.143758605081548
0.144239622674367
0.150392675498799
0.145192166217147
0.139951368638389
0.137535979767666
0.13797372459767
0.219146700386103
0.237185209633823
0.20019883598425
0.186259107309199
0.169307845569951
0.184453850707602
0.185000299434578
0.182597560893944
0.177219988775859
0.180690910783787
0.172292511789071
0.122135297376404
0.197154758842772
0.188710907255473
0.165195977784551
0.165640702975004
0.16306211392644
0.178629694516025
0.185166015732708
0.155209734899018
0.152554040122154
0.134585716208965
0.16558475670757
0.1629185521004
0.166396560635085
0.219307124865195
0.222924934117896
0.15827637377091
0.17730810930516
0.190186428365156
0.187492997796676
0.206704569042952
0.204023461265189
0.254800756566125
0.255351274367813
0.259055373745052
0.259601275935128
0.263313910187984
0.26703384266362
0.270760850946472
0.191507938729467
0.217471193203836
0.275573415813376
0.276103655670615
0.276627804919025
0.190134944815848
0.132371734501184
0.132612875166659
0.139331631080233
0.136332383078354
0.133318721466354
0.133548127422764
0.140300176287268
0.111120370809094
0.085114262672131
0.081973313465135
8.21041808866931E-02
7.89439070693061E-02
8.89493157216115E-02
9.23842091432459E-02
0.095827024919083
9.92775413154396E-02
9.61074371005481E-02
0.102882012507852
9.63793655347234E-02
9.65121407689018E-02
9.66427860707391E-02
0.086760474556202
9.02150770398222E-02
0.100367496887967
9.37942172767386E-02
0.117387542656012
0.117529723014358
0.131117230616779
0.131269876153668
0.138159092526303
0.138313471241622
0.141841987594527
0.14537468076347
0.148911323639104
0.155839504176786
0.145821926111988
0.145964575741582
0.146104004000724
0.149641142886786
0.180413459603643
0.183980424013758
0.112529572571964
0.143339865921421
0.140041466926209
0.146989554783591
0.143682105167068
0.136942710851886
0.164450759271468
0.171423579496842
0.174971311718565
0.226582802478953
0.175198246420936
0.161556431947702
0.171970309742966
0.12388916146414
0.130843464040356
0.127467091462825
0.227488006260525
0.282772355410372
0.200101313401494
0.165673238287732
0.145024016936542
0.141626446504001
0.158956594224491
0.159011716353777
0.214389705049747
0.207536651339953
0.207594814858825
0.197265977528146
0.197312527897302
0.197354724206133
0.197392565532643
0.190498821188645
0.19399105406141
0.180157149034718
0.190570528507808
0.173260019145254
0.166339468823831
0.173276717421682
0.159416984699604
0.155950309159516
0.131687546672899
0.138611384498087
0.145531302140398
0.145517439175983
0.145500365132563
0.162799137571579
0.155846341468674
0.200831739888344
0.23540946986395
0.263044765767605
0.262979025352371
0.287122644601286
0.197122602513642
0.197060243765062
0.196993536470108
0.19692248208717
0.196847082169873
0.193315279799239
0.196683252422904
0.320759979551451
0.31716122217196
0.317004497829683
0.316840777916459
0.320112131951039
0.213288333518472
0.140963205822554
0.144313833636296
0.140789265213599
0.126971035081156
0.133744218860514
0.126797246685518
0.13013064481627
0.126612265401385
0.126515582460012
0.136666062119957
0.153624943688113
0.153497177132631
0.156774156870059
0.139610907869731
0.142887326172696
0.146154386159178
0.142620417185257
0.145874674143403
0.11522836220246
0.108340156006439
0.104845582178502
0.10473432431532
9.11213027370218E-02
9.10203764982971E-02
0.097652066756162
0.100902777668981
0.10414341400571
0.100662896134535
9.38369801924878E-02
0.103761265873379
0.106972180053494
0.106833595806245
0.106692653809476
0.103219689773963
0.103078593202803
0.102935221794029
0.106105371591647
0.112574731814825
0.115716199088013
0.112242831446853
0.105480624904146
0.108609816721579
0.105154271308493
0.104987612029076
0.111369800784341
0.104647347088656
0.101208944365697
0.101038538034538
9.76121635245716E-02
0.100691041050874
0.103756343923818
8.73882502135017E-02
8.39994106777575E-02
8.06204998330713E-02
9.01270238186139E-02
9.31698531549714E-02
9.29918049363213E-02
8.96113018137628E-02
8.94354360378641E-02
0.105196454327053
0.114528587844988
0.111120023631325
0.11405865445341
0.116981576430264
0.107268734542229
0.188891506043059
0.197905134525689
0.203738707828443
0.265834344471988
0.268355703091305
0.267743683702366
0.260913536088213
0.260304235608509
0.259689198891827
0.286825772866488
0.304592325527874
0.306916443756663
0.29391082658327
0.2656902003955
0.194955669197815
0.19445678296224
0.221228342290786
0.108813474791537
0.102496443264412
0.102222348896881
0.107942828821959
0.113628290687395
0.107350511639912
0.107050807655622
0.106748749367386
0.115314705810212
0.129723731063001
0.114647562791665
0.114310208070957
0.11397034174521
9.90602831122659E-02
9.29502410775387E-02
7.81862908174532E-02
7.50572808533546E-02
7.48224121479965E-02
8.03232787745006E-02
8.86454004091278E-02
0.088359512468604
0.125004975588679
0.127425385033487
0.129824246523914
0.104073430365103
0.103720731359097
0.111746769649975
0.11692860232179
0.110971941678324
0.116109927321755
5.50937037856636E-02
5.48957622277272E-02
5.19617906379491E-02
0.043597029704451
4.61505488408608E-02
5.13874525294042E-02
4.84993511653024E-02
4.56306404056479E-02
4.54553442127352E-02
4.52790585205884E-02
4.51017876961126E-02
4.49235361412284E-02
4.21122901581982E-02
4.19426904699126E-02
4.43829416430911E-02
4.42008118936924E-02
4.40177239564132E-02
4.64121343566788E-02
4.10811219028187E-02
4.09061245816498E-02
4.32758832142061E-02
0.053226444754743
5.55167871226227E-02
5.52713397055189E-02
5.25235786328018E-02
4.97971624042227E-02
5.20493378803618E-02
5.18105368720609E-02
5.15706237199773E-02
5.86624053645265E-02
8.27130727555319E-02
8.23193013273356E-02
8.43332930355484E-02
0.17264433257845
0.164641045935738
0.154330504828738
0.153561089488371
0.150437821181953
7.01596124435291E-02
6.98000099891722E-02
7.17535621323006E-02
7.82865703724562E-02
9.61973369140768E-02
9.79639398500003E-02
9.74380709981874E-02
9.69101577440053E-02
6.94834106771058E-02
7.13289354730944E-02
0.07314818326717
7.05327307948146E-02
7.01324242268019E-02
7.40888298341536E-02
7.36604259908218E-02
7.75381781198641E-02
7.27990689876455E-02
6.81093090274664E-02
6.55848124556492E-02
6.93930295372646E-02
6.26986854776545E-02
6.43885751466043E-02
6.19231004605462E-02
6.15334255378103E-02
5.70663439339666E-02
5.46753328368476E-02
5.43213116351566E-02
5.39662075236891E-02
5.36100315108859E-02
5.12804689787067E-02
5.28945083341891E-02
6.42096689811024E-02
6.57016406424901E-02
6.33275690275094E-02
6.47902680907025E-02
0.066224839189847
6.01166115325523E-02
5.96836514752061E-02
6.11011073151384E-02
7.16799859653589E-02
5.10807786142375E-02
4.88874058606085E-02
4.49235561278175E-02
6.24122361129494E-02
6.36997911422578E-02
6.14473446654337E-02
6.79304559785486E-02
0.058750081408939
5.65636480482549E-02
5.78042900927174E-02
5.90160479060383E-02
5.85266609407522E-02
5.63780944487966E-02
0.055900764579978
5.37924257403385E-02
5.97912566258157E-02
5.92688158756872E-02
5.39822760871428E-02
5.03533700483775E-02
4.83397536885314E-02
4.48086777141999E-02
4.59264951868045E-02
4.39818799975583E-02
4.35674990919938E-02
8.18409235462065E-02
8.25263532610812E-02
8.31819493479163E-02
7.80278465751909E-02
7.29589962960405E-02
8.63856622282966E-02
9.39159308859753E-02
8.87862381569204E-02
8.64878526837518E-02
8.96507876114825E-02
8.73503995215148E-02
7.84313475663117E-02
8.02042465715818E-02
7.93176631175744E-02
0.081001819031432
8.13558577056793E-02
0.100529334956226
9.81210161174123E-02
9.69685937706692E-02
9.58155157073896E-02
9.46618475483805E-02
9.35076560932331E-02
8.65078821835494E-02
8.19627384768532E-02
7.86448273655873E-02
5.73827705410028E-02
6.10787355987982E-02
6.24658074201781E-02
5.19004803147912E-02
4.37318051649606E-02
4.10280204862948E-02
4.04576025451515E-02
3.98873333479617E-02
3.83091198219501E-02
3.57668388164923E-02
3.81778393202183E-02
3.76085908020109E-02
3.41905002448502E-02
3.36657592393148E-02
3.31414431400202E-02
3.44296855610968E-02
3.38772811179076E-02
3.33254707716192E-02
3.01868602395238E-02
0.030527845714667
3.41747077982024E-02
3.19442914151743E-02
2.97724941112168E-02
2.92397605420313E-02
2.94838708460109E-02
2.81772101308183E-02
2.69002830398506E-02
2.34542277687691E-02
2.08420550067519E-02
1.97252346935822E-02
1.86378244875722E-02
1.89320549630356E-02
1.78750713226295E-02
1.68473855274428E-02
2.34564067040737E-02
2.35593733525707E-02
2.48483886987679E-02
2.25029707415812E-02
1.96642864345523E-02
2.65359380659261E-02
2.64424843590085E-02
2.52500874561687E-02
2.61824746610773E-02
3.77495145978865E-02
3.82440486024093E-02
2.51313157289718E-02
3.99489209493439E-02
4.06514061053019E-02
3.85938908000901E-02
3.74571825905822E-02
2.83943501109364E-02
3.23741142122611E-02
3.56613874387025E-02
3.52645435656944E-02
3.40934436008547E-02
3.50568957598395E-02
3.34899868636792E-02
3.16295114087751E-02
3.17333177566857E-02
3.05316597928211E-02
2.93429251534276E-02
2.81676234935636E-02
2.70062834956198E-02
2.58594535725403E-02
2.47277025686601E-02
2.36116204509849E-02
2.25118189820461E-02
2.07860643925751E-02
1.97527093019682E-02
1.85438939781478E-02
1.81055678812043E-02
1.72800356520529E-02
1.62920598908804E-02
1.53253037560926E-02
1.43805704571614E-02
1.34586873892132E-02
1.25605054319052E-02
1.16868978673721E-02
1.08387588349337E-02
1.00170012250111E-02
9.22255389694637E-03
8.45635808489128E-03
7.71936283235349E-03
7.01251926921145E-03
6.33677351500315E-03
5.12375216339883E-03
4.62487537778439E-03
4.14488737377714E-03
1.9814856570835E-03
1.65888221029967E-03
1.61193592089529E-03
1.27534648731335E-03
1.07663592416061E-03
9.14434562352552E-04
7.34944753778741E-04
9.94253843106291E-04
6.81571537190246E-04
2.58846162486011E-04
1.88425529770387E-04
1.32561985997925E-04
1.00392883923067E-04
6.90128910754296E-05
4.61044561372164E-05
2.64308930509525E-05
2.87673530603715E-05
1.38812061060881E-05
6.11683461264454E-06
2.01550948111449E-06
4.8992136005879E-07
7.37323691023469E-08
5.82446635054637E-09
1.05564512882788E-10
1.15633200047052E-13
8.54764566675968E-20
2.05297311662623E-39
0
0
0
0
0
0
0
0
0
0
0
0
0
0
0
0
0
0
0
0
0
0
0
0
0
0
0
0
0
0
0
0
0
0
0
0
0
0
0
0
0
0
0
0
0
0
0
0
0
0
0
0
0
0
0
0
0
0
0
0
0
0
0
0
0
0
0
0
0
0
0
0
0
0
0
0
0
0
0
0
0
0
0
0
0
0
0
0
0
0
0
0
0
0
0
0
0
0
0
0
0
0
0
0
0
0
0
0
0
0
0
0
0
0
0
0
0
0
0
0
0
0
0
0
0
0
0
0
0
0
0
0
0
0
0
0
0
0
0
0
0
0
0
0
0
0
0
0
0
0
0
0
0
0
0
0
0
0
0
0
0
0
0
0
0
0
0
0
0
0
0
0
0
0
0
0
0
0
0
0
0
0
0
0
0
0
0
0
0
0
0
0
0
0
0
0
0
0
0
0
0
0
0
0
0
0
0
0
0
0
0
0
0
0
0
0
0
0
0
0
0
0
0
0
0
0
0
0
0
0
0
0
0
0
0
0
0
0
0
0
0
0
0
0
0
0
0
0
0
0
0
0
0
0
0
0
0
0
0
0
0
0
0
0
0
0
0
0
0
0
""
