0
0
0
0
0
0
0
0
0
0
0
0
0
0
0
0
0
0
0
0
0
0
0
0
0
0
0
0
0
0
0
0
0
0
0
0
0
0
0
0
0
0
0
0
0
0
0
0
0
0
0
0
0
0
0
0
0
0
0
0
0
0
0
0
0
0
0
0
0
0
0
0
0
0
0
0
0
0
0
0
0
0
0
0
0
0
0
0
0
0
0
0
0
0
0
0
0
0
0
0
0
0
0
0
0
0
0
0
0
0
0
0
0
0
0
0
0
0
0
0
0
0
0
0
0
0
0
0
0
0
0
0
0
0
0
0
0
0
0
0
0
0
0
0
0
0
0
0
0
0
0
0
0
0
0
0
0
0
0
0
0
0
0
0
0
0
0
0
0
0
0
0
0
0
0
0
0
0
0
0
0
0
0
0
0
0
0
0
0
0
0
0
0
0
0
0
0
0
0
0
0
0
0
0
0
0
0
0
0
0
0
0
0
0
0
0
0
0
0
0
0
0
0
0
0
0
0
0
0
0
0
0
0
0
0
0
0
0
0
0
0
0
0
0
0
0
0
0
0
0
0
0
0
0
0
0
0
0
0
0
0
0
0
0
0
0
0
0
0
0
0
0
0
0
0
0
0
0
0
0
0
0
0
0
0
0
0
0
0
0
0
0
0
0
0
0
0
0
0
0
0
0
0
0
0
0
0
0
0
0
0
0
0
0
0
0
0
0
0
0
0
0
0
0
0
0
0
0
0
0
0
0
0
0
0
0
0
0
0
0
0
0
0
0
0
0
0
0
0
0
0
0
0
0
0
0
0
0
0
0
0
0
0
0
0
0
0
0
0
0
0
0
0
0
0
0
0
0
0
0
0
0
0
0
0
0
0
0
0
0
0
0
0
0
0
0
0
0
0
0
0
0
0
0
0
0
0
0
0
4.06126168183991E-65
4.26241817703394E-24
2.07661040550314E-15
1.05056915988536E-11
1.29495540584446E-09
2.80089020395344E-08
2.36389597468548E-07
1.13246734190292E-06
3.45906243078657E-06
8.81479177986471E-06
1.75730531875954E-05
3.13604474313714E-05
5.11734531831151E-05
7.94267801201993E-05
1.13996143008613E-04
1.54359259782175E-04
2.34106234631507E-04
3.6983029462455E-04
4.8496211672419E-04
6.19979736867955E-04
7.75503280110441E-04
9.51939136193896E-04
1.08900698686211E-03
1.4222791585782E-03
1.73510797340758E-03
2.01651258721185E-03
2.32020518005762E-03
2.71034004542277E-03
3.10237693370235E-03
3.44291009231075E-03
3.93234745599179E-03
4.36068751224503E-03
4.6974634520181E-03
5.21623321938832E-03
5.63088450510856E-03
6.12492081655998E-03
4.02923044119562E-03
4.2646859340347E-03
5.41480944733373E-03
5.02074072573452E-03
4.10652472996207E-03
6.51449126147779E-03
5.37792986572153E-03
5.5819116289057E-03
3.22485919891748E-03
2.98255326942934E-03
2.99655458471447E-03
3.15535858049947E-03
3.31683547000201E-03
3.30684110824249E-03
3.46504131708633E-03
3.81632208764039E-03
3.98752621799387E-03
4.16093782578215E-03
4.33647353601487E-03
4.51405297197542E-03
4.69359864975775E-03
5.36253946031871E-03
5.81703652298991E-03
6.02979440689904E-03
5.97298843580866E-03
5.89921296944138E-03
6.38897922984936E-03
7.49940500671758E-03
7.43078794190128E-03
8.62178148380262E-03
1.02021225060664E-02
1.15239604251791E-02
1.22094202679595E-02
1.39931996185454E-02
1.32773721073185E-02
1.36398962903453E-02
1.24482604041274E-02
1.27737648336382E-02
1.35101995872242E-02
1.93046199881302E-02
2.02088349807732E-02
1.98147058784182E-02
2.07330552859874E-02
2.21351444149929E-02
2.54672553055078E-02
2.41058965294042E-02
2.85739037059438E-02
1.61030728376737E-02
1.64422067257823E-02
0.01783115873286
1.81934086151906E-02
1.80107663187815E-02
0.017251069978918
1.47475882711494E-02
1.61830462108099E-02
1.47184473321312E-02
0.016187299063502
1.46481566986064E-02
0.015529188685535
1.58002882665088E-02
1.54288973033669E-02
1.50361132458016E-02
1.46218708245809E-02
1.48616384702765E-02
1.37287730628988E-02
1.39471684299248E-02
1.20408855107823E-02
1.00691446207007E-02
9.49219984432093E-03
1.03756843557469E-02
9.02492437418801E-03
8.39342389701475E-03
0.008514044011356
8.63469880472783E-03
8.75537958102182E-03
1.12968263202378E-02
0.011450453873719
1.24329456738922E-02
1.25975382688924E-02
1.27621105038403E-02
1.46502054499168E-02
1.39638955182685E-02
1.59067211130802E-02
0.016998652192893
0.012678684885849
1.37485413365006E-02
1.57677124689111E-02
1.68920812822257E-02
1.61394294483868E-02
1.82456929929191E-02
1.84530405413532E-02
1.86602175661923E-02
1.88672133131058E-02
2.00779128435379E-02
2.02953882302744E-02
1.94870079167697E-02
2.07296572692881E-02
1.88517868586629E-02
1.90466526000523E-02
2.03102396144586E-02
2.05154177967965E-02
2.39919554420455E-02
2.42288923250489E-02
2.22413585542655E-02
2.24561375571249E-02
0.02380412312218
2.51731887549199E-02
2.65632741942628E-02
2.44775278229398E-02
2.23487539054324E-02
2.25508236888658E-02
2.27525358822262E-02
2.29538824238442E-02
2.43735319503954E-02
2.58139148917949E-02
2.60351910214158E-02
2.37554543177471E-02
2.39548551208621E-02
0.024153843937044
3.07609431941043E-02
3.23033632589935E-02
3.12609661214438E-02
2.88843008081692E-02
2.77889153826877E-02
2.80059496396106E-02
2.68785458735026E-02
2.57300518860082E-02
2.72894836713751E-02
2.33700652450248E-02
2.35436318132422E-02
2.51118581880711E-02
0.019673647298074
0.018400083598388
1.85314281365609E-02
1.86624160818506E-02
2.16842805778856E-02
2.03789440277791E-02
0.024915720332817
3.39386535481671E-02
3.71381904401271E-02
3.43949417584154E-02
3.61273733059075E-02
0.037878805572658
3.65992068444016E-02
3.52992754543265E-02
2.93455833916475E-02
2.95303035584371E-02
2.81505088034724E-02
0.028324369018538
2.84976525185567E-02
2.86703541672214E-02
2.88424688732285E-02
2.57902147463186E-02
2.59421487227343E-02
3.42477812639679E-02
0.03772633520024
4.12417543546203E-02
0.041475766258794
4.17089151414869E-02
4.36188421762591E-02
0.04554640528672
4.40992426272727E-02
4.26327492303224E-02
4.45759444622266E-02
4.99836101158846E-02
5.19794939578323E-02
5.22507078324902E-02
5.77728987944001E-02
5.98284562759337E-02
5.83634615970779E-02
0.108426369154826
0.117898135602122
0.122070287515318
0.131686811396513
0.155889453416565
0.156637688798268
0.151892483982597
0.15260813211256
0.153320508976972
0.155885374200399
0.169649627460757
0.179783509952388
0.167423940398685
0.173838629973054
0.176503960454637
0.175369739604179
0.118696050967104
0.113437569918155
0.110058298237034
0.11633893261003
0.110983280056628
0.113397294593734
9.03041662052306E-02
0.155716878266858
0.156342785420075
0.156965295613016
0.199473915614733
0.200253244558181
0.201028215119389
0.173546974991705
0.178257204025311
0.174861035606575
0.175512353917591
0.172063102371267
0.195306177203188
0.144430568355231
0.1470188547796
0.153774745601617
0.158485891463418
0.159037496793288
0.163785244118396
0.164344209380875
0.169127770684174
0.171814844656231
0.168127660817054
0.196436460176141
0.184221699534206
0.186962972496672
0.142285403491347
0.185986344406627
0.206090807151341
0.20672705889678
0.20299332398151
0.203607279801794
0.206412642458507
0.213631298156596
0.207631097468114
0.208233486811634
0.206609688969986
0.202740757406967
0.19660803967909
0.197154758842772
0.116821037824817
0.1036229315194
0.103901895502502
0.115502330697895
0.165762301266989
0.166194087891242
0.102712324565527
0.153316810322765
0.149114856026978
0.147186450406729
0.147548877373947
0.140974863871392
0.227029206726645
0.232213473039475
0.232759373192515
0.16097709923758
0.23383577258011
0.234366247245845
0.234891555730627
0.235411686075218
0.235926626450115
0.236436365155382
0.236940890620474
0.23744019140408
0.237934256193962
0.238423073806803
0.238906633188064
0.239384923411834
0.239857933680702
0.240325653325618
0.240788071805769
0.241245178708452
0.241696963748959
0.242143416770459
0.242584527743889
0.243020286767847
0.243450684068489
0.238998195799439
0.239409447940808
0.237368321509274
0.237764911069459
0.24061147332314
0.241001541587497
0.241386291806878
0.24176571539975
0.237198175257631
0.240033971970398
0.225523946576807
0.228338345025511
0.231154956474594
0.199126475821648
0.15204675769702
0.182208265761979
0.167458620691539
0.17769212577376
0.182936128441862
0.18317068182054
0.115567874858839
0.115710577760926
0.125924703229669
0.121031289800104
0.123696614067879
0.121310422706023
0.121445974748742
0.134243309687677
0.131851454645938
0.131989582316478
0.127043074057163
0.114453255959991
0.11711111309499
0.112126328651718
0.107129454566676
8.16966609525933E-02
8.43243610063057E-02
8.43971794289732E-02
8.19084948122408E-02
8.19754928348543E-02
8.46044530440436E-02
9.74985713633678E-02
0.100139357310442
0.107920810771901
0.120853623545274
0.126082268738378
0.133889837828472
0.126245795215086
0.131479436638289
0.139295950891803
0.136794282449988
0.13686914988432
0.116270657753253
0.116329094110496
0.232769926709758
0.235464045511241
0.25368714612809
0.258971458815253
0.256482040315173
0.25657667654714
0.256665650853651
0.236001570478149
0.233478732757447
0.230949231530443
0.121993433471353
0.122022221199647
0.124645088972295
0.114279906361004
0.13767869349543
0.13510091264991
0.174094168057588
0.189704298832772
0.15333511694355
0.148146089421225
0.148151593395538
0.210534387402194
0.210532917365347
0.210526801588911
0.210516040206469
0.21569817995809
0.215677633064403
0.236438093340415
0.236405130622558
0.241561829276445
0.137638994147615
0.129821398822031
0.129791825214279
0.134949763009769
0.124535122959594
4.66869321742836E-02
4.92650609412655E-02
0.049248384117527
4.92306205217925E-02
4.66216773560226E-02
4.66027906658879E-02
4.65828755738458E-02
4.39751584868924E-02
4.65399619491463E-02
4.65169643554426E-02
4.64929402377413E-02
4.64678901219251E-02
4.90219153651327E-02
4.64147141123043E-02
4.63865893830953E-02
4.63574409849657E-02
4.37535323590471E-02
5.14400841771207E-02
5.14042891968316E-02
5.39357277856907E-02
6.15951561412142E-02
6.41126262466279E-02
6.91871939482285E-02
6.91312246596508E-02
7.16320159952276E-02
7.41269111287777E-02
7.15080259820574E-02
6.88921036904069E-02
6.88285190633337E-02
0.073857001756651
6.86967942186955E-02
6.60868547925876E-02
6.85590049728248E-02
6.84878399714409E-02
6.08134786347018E-02
5.82163878597639E-02
6.06802509988647E-02
6.31371121268289E-02
6.05416666013885E-02
5.79507706967255E-02
0.239074378319521
0.2362681108418
0.235973201421717
0.23316592371035
0.230359940957216
0.230056034776682
0.237238803109511
0.23691450857096
0.186777620190778
0.166618591327509
0.139062904006548
0.136379806068016
0.121321295755055
0.121137905163355
0.11354662657256
0.12322766168964
0.113189769218848
0.115464278754354
0.107917576685177
9.54955362160203E-02
0.100223711114905
0.107373379877029
0.2338630630859
0.199406723478588
0.199051014375198
0.198690913718542
0.241861499499214
0.241411670942716
0.240956516780098
0.240496047249107
0.240030272715436
0.23955920367285
0.239082850743302
0.238601224677059
0.238114336352839
0.237622196777937
0.237124817088373
0.236622208549034
0.236114382553824
0.23560135062582
0.235083124417434
0.234559715710577
0.234031136416836
0.233497398577645
0.232958514364476
0.162690147255318
0.201722859853472
0.180422663577307
0.182293891793197
0.181847992925823
0.174509553283817
0.125973801911659
0.109662563923771
0.227879042533875
0.227289392764507
0.226694739149035
0.226095095436204
0.225490475507826
0.22488089337908
0.224266363198806
0.223646899249816
0.223022515949213
0.22239322784872
0.221759049635023
0.221119996130115
0.220476082291663
0.219827323213379
0.219173734125404
0.218515330394704
0.217852127525481
0.158544423046502
0.168878881920048
0.166192088521031
0.165666762472408
0.165137802375069
0.166742950948817
0.166199797089494
0.159281731291859
0.124885280623548
0.122356600564378
0.12404438817946
0.155048642889341
0.160776828192461
0.16021574079808
0.157577758508096
0.136356916869517
0.133808420430085
0.141527508711256
0.161445250624295
0.160848236401235
0.164304617955858
0.163685310182896
0.161049319078757
0.160430626633183
0.159808441837371
0.157192995352628
0.156571736256928
0.155947074492078
0.157285089262172
0.156645676387381
0.144302650594113
0.114575546180664
0.160508631316847
0.161756917492348
0.159150390950481
0.16037533191147
0.157778389808702
0.155194654910968
0.154508517813155
0.153819051710348
0.153126274392985
0.152430203792488
0.140628600081308
0.139977407239938
0.13932321274075
0.145964246039174
0.181586694104417
0.180714199361889
0.134878384826914
0.130639090796835
0.117528615215731
0.11871453456601
0.128694854839249
0.128041292709441
0.129130018479969
0.114574236308028
8.11647531067377E-02
0.171780958775137
0.170867336947675
0.169950123834048
0.169029344902335
0.168105025831708
0.167177192515065
0.16624587106175
0.165311087800347
0.164372869281567
0.163431242281221
0.162486233803283
0.16153787108305
0.160586181590395
0.159631193033124
0.141218910690793
0.143517401997525
0.142639509461664
0.141758717863088
0.140875053547743
0.141526878736964
0.140627776122989
0.106313147182759
0.108642623270313
0.100437108446866
9.38175551440503E-02
9.46716350376123E-02
9.55039733811748E-02
8.60993288610236E-02
8.26101511019544E-02
0.14392629324434
0.142919709023608
0.141910369692529
0.116945595871918
0.116103353260362
0.115258906980829
0.103384595142345
0.112195281599129
0.120860531155393
0.121293601545107
0.120366455360688
0.124745424320255
0.123772508540374
0.125410072575782
0.129595767813836
0.128553745564216
0.127509463439818
0.126462959798653
0.125414273444469
0.12187617476431
0.107280143789517
0.106362296350215
0.104230704117976
0.104521357726719
0.102407553165315
0.100313354393252
8.77132627412869E-02
8.69133834973704E-02
8.49640160955882E-02
8.53096810297467E-02
0.084505924962919
8.48169571297049E-02
8.28947744809967E-02
8.42764486814415E-02
8.23627269404792E-02
7.72507019605135E-02
7.75346722458891E-02
7.98986277686656E-02
8.94798806425214E-02
9.78136429161479E-02
0.101875895013048
0.100788922524825
9.97008655503963E-02
9.86117785716169E-02
9.75217169478374E-02
0.096430736942181
0.095338895748843
9.42462515214621E-02
9.31528634026066E-02
9.20587915544328E-02
9.09640971905597E-02
0.089868842609222
0.088773091227753
8.76769076184622E-02
8.65803575459717E-02
8.54835080060731E-02
8.43864272661806E-02
0.083289184907452
8.21918518686553E-02
8.10945004918612E-02
7.99972045700499E-02
6.07530303354749E-02
5.91303421813753E-02
0.060598064124788
5.97319828802775E-02
5.96113980274872E-02
4.69881099325764E-02
4.55642542408978E-02
0.047011937836669
4.90958988906675E-02
4.41885908533602E-02
5.16445283416452E-02
5.41590744187602E-02
5.13036852668348E-02
5.95112387579184E-02
6.35996785722229E-02
6.25147093869556E-02
0.061431329644566
6.03496502254395E-02
0.057491691336021
5.58641763398101E-02
5.25466891628773E-02
5.15588758263803E-02
5.49708463330525E-02
4.47385491093208E-02
4.49101325612809E-02
3.10630408126204E-02
2.89051910596347E-02
2.58195474660204E-02
1.84673264435431E-02
0.020920578952282
2.04594558061798E-02
1.90908352197851E-02
1.99861911191675E-02
0.016049527898789
1.48206037070332E-02
1.32212421795043E-02
1.28936616797457E-02
1.37457991970656E-02
1.33908751107368E-02
1.26652368748239E-02
1.37738941976096E-02
1.33946382006624E-02
1.06196088982952E-02
9.98117865519572E-03
9.36429564764556E-03
8.76884341661272E-03
7.89119033923865E-03
7.3478133458865E-03
7.10978700921259E-03
6.59873101952027E-03
6.90514613451384E-03
4.86971747762683E-03
5.18921671550216E-03
5.23599742985314E-03
4.57974896892316E-03
4.84158265031556E-03
4.85891505263972E-03
4.45603677677727E-03
4.07286393767509E-03
3.89461315456397E-03
3.54174306764773E-03
3.7144501320376E-03
2.89290586906974E-03
2.90181554178398E-03
2.60773509067704E-03
2.46894107470967E-03
2.20320454563675E-03
1.71066628854244E-03
1.60915689438973E-03
1.61781417643065E-03
1.51410233128649E-03
1.41305686108933E-03
1.22712427607407E-03
1.13806967766804E-03
1.12691263781375E-03
8.99199004952271E-04
8.24494913276899E-04
6.94742654911814E-04
6.31126734229031E-04
5.2278381498776E-04
4.69677281644893E-04
4.57405257143511E-04
4.05478112652111E-04
3.26945133418778E-04
2.85120379895256E-04
2.68655986815881E-04
2.29562367716403E-04
1.61495388624092E-04
1.47923238027619E-04
1.32290055680173E-04
1.06527197475674E-04
9.8034262198597E-05
6.47115406215028E-05
5.24899690074651E-05
3.80140989258755E-05
3.45948451356514E-05
2.23825592677069E-05
1.54692583091976E-05
9.36094128887902E-06
3.34268539081782E-06
1.78472649935418E-06
8.67929235577942E-07
2.89902048653453E-07
7.04681408303739E-08
1.28779137815743E-08
8.42091520560921E-10
1.49032253481583E-11
1.32638082406913E-14
1.19667039334636E-20
2.67779102168639E-40
0
0
0
0
0
0
0
0
0
0
0
0
0
0
0
0
0
0
0
0
0
0
0
0
0
0
0
0
0
0
0
0
0
0
0
0
0
0
0
0
0
0
0
0
0
0
0
0
0
0
0
0
0
0
0
0
0
0
0
0
0
0
0
0
0
0
0
0
0
0
0
0
0
0
0
0
0
0
0
0
0
0
0
0
0
0
0
0
0
0
0
0
0
0
0
0
0
0
0
0
0
0
0
0
0
0
0
0
0
0
0
0
0
0
0
0
0
0
0
0
0
0
0
0
0
0
0
0
0
0
0
0
0
0
0
0
0
0
0
0
0
0
0
0
0
0
0
0
0
0
0
0
0
0
0
0
0
0
0
0
0
0
0
0
0
0
0
0
0
0
0
0
0
0
0
0
0
0
0
0
0
0
0
0
0
0
0
0
0
0
0
0
0
0
0
0
0
0
0
0
0
0
0
0
0
0
0
0
0
0
0
0
0
0
0
0
0
0
0
0
0
0
0
0
0
0
0
0
0
0
0
0
0
0
0
0
0
0
0
0
0
0
0
0
0
0
0
0
0
0
0
0
0
0
0
0
0
0
0
0
0
0
0
0
0
0
0
0
0
0
""
