0
0
0
0
0
0
0
0
0
0
0
0
0
0
0
0
0
0
0
0
0
0
0
0
0
0
0
0
0
0
0
0
0
0
0
0
0
0
0
0
0
0
0
0
0
0
0
0
0
0
0
0
0
0
0
0
0
0
0
0
0
0
0
0
0
0
0
0
0
0
0
0
0
0
0
0
0
0
0
0
0
0
0
0
0
0
0
0
0
0
0
0
0
0
0
0
0
0
0
0
0
0
0
0
0
0
0
0
0
0
0
0
0
0
0
0
0
0
0
0
0
0
0
0
0
0
0
0
0
0
0
0
0
0
0
0
0
0
0
0
0
0
0
0
0
0
0
0
0
0
0
0
0
0
0
0
0
0
0
0
0
0
0
0
0
0
0
0
0
0
0
0
0
0
0
0
0
0
0
0
0
0
0
0
0
0
0
0
0
0
0
0
0
0
0
0
0
0
0
0
0
0
0
0
0
0
0
0
0
0
0
0
0
0
0
0
0
0
0
0
0
0
0
0
0
0
0
0
0
0
0
0
0
0
0
0
0
0
0
0
0
0
0
0
0
0
0
0
0
0
0
0
0
0
0
0
0
0
0
0
0
0
0
0
0
0
0
0
0
0
0
0
0
0
0
0
0
0
0
0
0
0
0
0
0
0
0
0
0
0
0
0
0
0
0
0
0
0
0
0
0
0
0
0
0
0
0
0
0
0
0
0
0
0
0
0
0
0
0
0
0
0
0
0
0
0
0
0
0
0
0
0
0
0
0
0
0
0
0
0
0
0
0
0
0
0
0
0
0
0
0
0
0
0
0
0
0
0
0
0
0
0
0
0
0
0
0
0
0
0
0
0
0
0
0
0
0
0
0
0
0
0
0
0
0
0
0
0
0
0
0
0
0
0
0
0
0
0
0
0
0
0
0
0
0
0
0
0
0
0
0
0
0
0
0
0
0
0
0
0
0
0
0
0
0
0
0
0
0
0
0
0
0
0
0
0
0
0
0
0
0
0
0
0
0
0
0
0
0
0
0
0
0
0
0
0
0
0
0
0
0
0
0
0
0
0
0
0
0
3.26711043493115E-55
3.59160280153149E-22
1.3541856150668E-14
3.6307048400633E-11
2.67625968838648E-09
3.98437385099892E-08
2.84732088565866E-07
1.25948360752402E-06
3.98170394538231E-06
9.51348750491185E-06
2.35125125819531E-05
5.77254618999076E-05
9.6814872653863E-05
1.52492633751166E-04
2.22162608345488E-04
3.08885964939743E-04
4.13319559111719E-04
5.35746231610614E-04
6.76137760289794E-04
8.3421755186352E-04
9.18661569541594E-04
1.10531717293515E-03
1.29651145099308E-03
1.45266450036085E-03
1.64515279502164E-03
1.84464611070029E-03
2.07387079667916E-03
2.34002051793228E-03
2.5920943210579E-03
2.82084045126236E-03
3.12289209520075E-03
3.40037264228661E-03
3.68513133263254E-03
3.93143734939152E-03
4.46863616548835E-03
4.78589938109287E-03
5.10870291576012E-03
5.67298255380427E-03
5.95733207370054E-03
5.90700068557234E-03
6.30682181923014E-03
5.75797214931513E-03
5.9752384581023E-03
6.26885421721109E-03
6.56477418453481E-03
6.86278868104002E-03
7.16270236664941E-03
7.7551514111405E-03
8.67540263208793E-03
9.33006594245294E-03
9.79233823650075E-03
1.06022278790375E-02
1.05109411488616E-02
1.14758035437612E-02
1.17328258112727E-02
1.21114270023737E-02
1.28893288401067E-02
1.32812632580069E-02
1.40965539142844E-02
1.45014535471406E-02
1.49066252897849E-02
1.53119776426322E-02
1.57174247601871E-02
1.61228860510268E-02
1.63630029496638E-02
1.33775067629865E-02
1.19636479934789E-02
1.36624372852774E-02
1.34294517803166E-02
1.35429692240542E-02
1.38376513302907E-02
0.01471274907368
1.10664659889188E-02
1.14932750441852E-02
1.37786306343154E-02
7.96705961154442E-03
8.33277146737051E-03
9.57681454074187E-03
9.75221857323225E-03
9.25041386423687E-03
1.05611458409343E-02
1.02762822672016E-02
9.97520164919543E-03
0.010623740913203
0.010796860166606
9.97232584857407E-03
1.01289323736655E-02
6.17108293252769E-03
6.52558437018926E-03
7.15251238699175E-03
7.79467037390654E-03
7.90669927562008E-03
8.01840968195094E-03
8.41013446799688E-03
8.52502286535664E-03
8.06359589501193E-03
8.17017824742582E-03
8.5720177868182E-03
8.98108939112284E-03
8.7910722469545E-03
9.20697048788801E-03
9.00871372216658E-03
9.4313745725433E-03
9.22491309857403E-03
9.97608156114543E-03
1.20436825121173E-02
1.05340125714885E-02
1.13171671291084E-02
1.04319563548074E-02
1.08850683354186E-02
1.06574513084215E-02
1.11169831955872E-02
1.08812855496381E-02
1.09925727265235E-02
1.25361376991139E-02
1.26608248307903E-02
1.27850276293521E-02
9.58935207999559E-03
9.68089099425184E-03
9.39621515728383E-03
9.10418617184136E-03
9.57048342797106E-03
1.00433650398396E-02
8.57412198182351E-03
7.86335808196672E-03
6.74200380991882E-03
6.3999106057009E-03
6.05078542692331E-03
6.50819580740945E-03
6.56198358581991E-03
5.78859172223032E-03
5.41843590832287E-03
4.20119684283499E-03
3.81079386009389E-03
2.56024959943647E-03
2.57987881182549E-03
2.59941650977368E-03
2.61886233019438E-03
2.63821591420834E-03
2.65747690699105E-03
2.67664495762885E-03
2.69571971898328E-03
2.7147008475632E-03
2.73358800340427E-03
2.75238084995539E-03
2.30923254497636E-03
2.32473523784449E-03
2.34015851445943E-03
1.8844016839179E-03
1.89661259334525E-03
1.90875932777286E-03
1.92084167697885E-03
1.93285943254929E-03
1.94481238783402E-03
2.44587542238143E-03
2.46065384939743E-03
1.98028041107415E-03
1.99197213258746E-03
2.00359804565102E-03
2.01515795340708E-03
2.02665166051831E-03
2.03807897314104E-03
2.5617996236251E-03
2.06073364686515E-03
2.58995078441105E-03
2.6039005659824E-03
2.61776616989257E-03
2.63154736444467E-03
3.17429270355218E-03
3.72239784992943E-03
3.74133508019889E-03
3.22298816844742E-03
2.69917920432954E-03
2.16995933612509E-03
2.18050652073346E-03
2.19098474233151E-03
2.2013938272114E-03
1.65880020217954E-03
2.22200389818135E-03
2.23220454302881E-03
2.24233536865908E-03
2.25239620749585E-03
2.26238689317043E-03
1.70423044538757E-03
1.14107857278349E-03
1.14596819277373E-03
1.15082240943763E-03
1.15564114257746E-03
1.16042431258794E-03
1.7477577606825E-03
1.75482547163219E-03
2.34911931330573E-03
2.94799947475866E-03
2.95950992712255E-03
3.56511637025918E-03
3.57871251639989E-03
4.19090014733188E-03
4.20650880648856E-03
3.61884884735669E-03
3.63200951798641E-03
3.64506077124557E-03
3.6580023912652E-03
3.67083416394256E-03
3.68355587694277E-03
3.08013943308388E-03
2.47244552228185E-03
2.48070570739313E-03
2.48889196497229E-03
2.4970041593767E-03
2.5050421561516E-03
2.51300582203206E-03
2.52089502494497E-03
2.52870963401123E-03
2.53644951954788E-03
3.18014319133799E-03
3.18963075911877E-03
2.55921955614116E-03
2.56665927473388E-03
3.21752954925789E-03
3.22664065962787E-03
3.23565727297365E-03
3.89349508711373E-03
3.90408769197681E-03
3.91456636577676E-03
3.27077577830724E-03
3.27931768653976E-03
3.28776422046095E-03
3.29611523922718E-03
2.64349648283087E-03
2.65002414051402E-03
1.99235629160229E-03
1.9971368399849E-03
1.33457311378629E-03
1.3376831365125E-03
1.34075457618306E-03
1.34378738143975E-03
1.34678150155307E-03
1.34973688642362E-03
1.35265348658348E-03
1.35553125319759E-03
1.35837013806514E-03
1.3611700936209E-03
1.36393107293661E-03
1.36665302972231E-03
1.36933591832767E-03
1.37197969374335E-03
1.37458431160227E-03
1.37714972818092E-03
1.37967590040071E-03
1.38216278582916E-03
1.38461034268121E-03
1.38701852982049E-03
1.38938730676051E-03
1.3917166336659E-03
1.39400647135363E-03
1.39625678129419E-03
1.39846752561276E-03
1.40063866709034E-03
1.40277016916498E-03
1.40486199593278E-03
1.40691411214912E-03
1.40892648322966E-03
1.41089907525145E-03
1.41283185495397E-03
1.41472478974019E-03
1.41657784767754E-03
1.41839099749897E-03
2.13024631290582E-03
1.42189745105908E-03
2.13538604339965E-03
2.13786587044561E-03
2.1402856158385E-03
2.85686031826255E-03
2.85992626552977E-03
2.86291194443385E-03
3.58227163062852E-03
3.58580287076687E-03
2.87138687299303E-03
3.59256373402556E-03
3.59579324278511E-03
3.59892206287883E-03
2.88156011308866E-03
2.16292645618924E-03
2.16462232211526E-03
2.16625765388432E-03
2.89044323174291E-03
2.16934660521646E-03
2.1708001724675E-03
2.17219310093919E-03
0.002898033822713
2.89972926424331E-03
0.002901343763782
2.90287729396989E-03
4.35649474322602E-03
4.35855201555766E-03
4.36048772307763E-03
4.36230183297169E-03
2.90932954298967E-03
2.91037675928046E-03
2.91134285309711E-03
2.91222780805772E-03
3.6412895114442E-03
3.64219280344825E-03
2.91439569661189E-03
2.91495595983603E-03
2.91543502292843E-03
3.64479109720437E-03
4.37422427638928E-03
4.37457740556835E-03
3.64567391516037E-03
3.64576512528186E-03
3.64575480012421E-03
3.64564293986258E-03
4.37451545567333E-03
4.37413754800745E-03
5.10257744645567E-03
4.37301625387077E-03
4.37227288641938E-03
4.37140772150203E-03
3.64201731149384E-03
2.18465603001493E-03
2.18404079950843E-03
2.18336470581025E-03
2.18262776038531E-03
2.90910663430634E-03
3.63495227561744E-03
3.63341990644108E-03
3.63178621133229E-03
3.63005121798515E-03
4.35385794697009E-03
5.07678843829447E-03
5.07393425163672E-03
5.7953582017421E-03
0.005067801013718
5.7880252187104E-03
5.06110164003054E-03
5.05753979262996E-03
5.05383658449289E-03
5.0499920783283E-03
5.04600633922911E-03
4.32161094400293E-03
4.31795265814777E-03
4.31417349511543E-03
5.74703135847316E-03
6.45937919302337E-03
5.73614852348274E-03
5.73046584091784E-03
5.72462244219905E-03
5.00379112285643E-03
5.71245389417775E-03
5.70612895055328E-03
5.69964370212451E-03
5.69299825845474E-03
5.68619273179081E-03
5.6792272370596E-03
4.96308915538135E-03
4.24861261236089E-03
4.24302910039114E-03
4.23732597719654E-03
3.52625278248368E-03
2.8170408559593E-03
2.81299994150542E-03
2.80887955074039E-03
2.80467975310164E-03
2.8004006193468E-03
3.49505277693932E-03
3.48950579138376E-03
3.48385991089795E-03
3.47811523050208E-03
3.47227184685244E-03
3.46632985823855E-03
2.76823149166409E-03
2.76332037393924E-03
2.7583306159531E-03
2.75326230153933E-03
3.43514439478235E-03
3.42861293154066E-03
3.42198359683529E-03
3.41525650191077E-03
3.40843175961665E-03
3.40150948440423E-03
3.39448979232324E-03
3.38737280101846E-03
2.70412690378112E-03
2.69827791941748E-03
3.36543923206453E-03
3.35793425209557E-03
3.35033258493416E-03
3.34263435772398E-03
3.33483969917979E-03
2.66155899166713E-03
2.65516928862619E-03
2.64870275694657E-03
3.30269938074934E-03
3.29442455099868E-03
3.2860540949988E-03
3.93310578283661E-03
4.57663760995136E-03
5.86866667204249E-03
5.85291388304628E-03
3.24277236168949E-03
3.23383113397638E-03
3.22479528959592E-03
3.21566497889127E-03
3.84772842446971E-03
3.8365458809696E-03
3.18770877503192E-03
3.81384255935638E-03
4.4360425181474E-03
3.79068951849757E-03
3.77894483270557E-03
3.7670882959257E-03
4.38097345564799E-03
4.36688053424627E-03
4.97446607391871E-03
4.9580634659025E-03
6.17689132285812E-03
6.77162079716379E-03
8.58894740056557E-03
8.55921113437129E-03
8.52921816269368E-03
9.71310740779435E-03
9.07335438445922E-03
9.04039714098355E-03
9.00716700936168E-03
8.97366453898392E-03
7.7479049124944E-03
7.1246758412438E-03
5.91435243687586E-03
4.71303595303344E-03
4.69444620951806E-03
5.2601771543211E-03
5.82104589016324E-03
5.79727197442161E-03
6.35065192088048E-03
5.74919014678904E-03
5.72488302919763E-03
5.70039897689069E-03
5.10816455498733E-03
5.6509016893572E-03
6.18847819941911E-03
5.60070155648203E-03
6.13287285461447E-03
6.10478208838386E-03
5.52409079844509E-03
5.49820608412628E-03
5.4721481842851E-03
5.44591753071843E-03
5.41951455832935E-03
5.39293970514892E-03
5.90281275359579E-03
6.40713134918627E-03
5.84340711745983E-03
5.81342339159233E-03
5.78325305862431E-03
6.27588722362904E-03
6.76278269428955E-03
7.24388950290014E-03
7.20454734768564E-03
7.16497094141369E-03
6.6162208806266E-03
7.08511803782392E-03
7.04484288413577E-03
7.00433616681144E-03
6.4661986727056E-03
6.42815715807212E-03
5.8983715777552E-03
5.86286351742086E-03
5.82715995531582E-03
5.79126150219208E-03
5.75516877387443E-03
5.71888239137914E-03
5.68240298104014E-03
5.17525357675617E-03
5.14146197543724E-03
5.10749518486173E-03
5.07335379997552E-03
5.49713282323107E-03
5.45950871462611E-03
5.42169612379453E-03
5.83233703564325E-03
5.79096721689891E-03
5.74939542369409E-03
5.26857453212558E-03
4.79401063920026E-03
5.1909007168092E-03
5.15178803734236E-03
4.68645143792988E-03
4.22751231228151E-03
4.61390936803132E-03
4.57738960395287E-03
4.95349631216815E-03
5.3227390575871E-03
5.68507398242064E-03
5.63776033806308E-03
4.39233184875226E-03
4.3548336316206E-03
4.31717495058584E-03
3.89032416624681E-03
3.85579938051801E-03
3.82113087386697E-03
3.02905551172813E-03
3.00109254778944E-03
2.97301642405986E-03
4.04913818264799E-03
4.01022493347103E-03
4.33217316561841E-03
3.57449136932074E-03
2.83096086204106E-03
2.45194201117948E-03
2.42669835390946E-03
3.08746339974682E-03
3.05476569093691E-03
3.6934925841507E-03
3.65323767941527E-03
3.94127880957738E-03
3.57229741462092E-03
3.53161437158946E-03
3.8081356237652E-03
3.44982851005797E-03
3.40872821944162E-03
3.36749144005171E-03
3.3261195381383E-03
3.58321519123097E-03
3.24297606117274E-03
3.49222631604593E-03
3.1593096755528E-03
3.40067382622122E-03
3.35469069240003E-03
3.30857215098204E-03
2.7186001527316E-03
2.67994737518695E-03
2.64118691451294E-03
2.86255269711403E-03
2.56335047573777E-03
2.5242784683594E-03
2.73361740294873E-03
2.69042122279726E-03
2.88776762615416E-03
2.84041895584795E-03
2.79296201199641E-03
2.74539999675261E-03
2.92254762790208E-03
3.31246796215681E-03
3.25264750569385E-03
3.19271385669306E-03
3.55036178293002E-03
3.27736303385315E-03
3.01228662717672E-03
2.95195455077843E-03
3.08430719649292E-03
3.20851620702116E-03
2.95517742464855E-03
2.89050765431845E-03
2.82577919146969E-03
2.93356366286923E-03
2.86469441090523E-03
0.002795793478738
2.40606387198212E-03
2.34524416777074E-03
2.1321337212654E-03
2.2236305742422E-03
2.16286197358787E-03
2.52256450836856E-03
2.44976490768164E-03
2.37705456230182E-03
2.17642854956503E-03
1.98398593064275E-03
1.79972414764178E-03
1.9715589090749E-03
1.79164680640701E-03
1.94390646666177E-03
1.76844844057929E-03
1.10081908750312E-03
1.15369196250584E-03
1.10673677978384E-03
1.14839271897844E-03
1.01367485093157E-03
1.37080599912627E-03
1.45974895558741E-03
1.46111212165945E-03
1.45569840230017E-03
1.31244811162217E-03
1.42530021373961E-03
1.34238144698672E-03
1.31546711298658E-03
1.12891342967474E-03
1.00545047130712E-03
1.02371470068785E-03
9.06663549866704E-04
8.35832698393435E-04
6.97136294318887E-04
6.36236745410884E-04
5.7728850196014E-04
4.94415865954919E-04
4.425452255714E-04
3.72280093245626E-04
3.64022377302599E-04
4.28132300312291E-04
3.68747978783691E-04
3.13493665134658E-04
2.52849555549733E-04
2.00163666556838E-04
1.48612170555284E-04
1.17158969146089E-04
9.37503535587379E-05
7.24572403070018E-05
4.75272827987328E-05
3.36769422323183E-05
2.15261237117505E-05
1.43410230359229E-05
7.12678427243916E-06
3.62834463032793E-06
1.80615257048248E-06
5.57474278779025E-07
1.19627771263559E-07
1.6724669890229E-08
7.46389592402659E-10
6.15243875765467E-12
8.41576769440169E-16
2.33537285805403E-25
6.1348380891517E-83
0
0
0
0
0
0
0
0
0
0
0
0
0
0
0
0
0
0
0
0
0
0
0
0
0
0
0
0
0
0
0
0
0
0
0
0
0
0
0
0
0
0
0
0
0
0
0
0
0
0
0
0
0
0
0
0
0
0
0
0
0
0
0
0
0
0
0
0
0
0
0
0
0
0
0
0
0
0
0
0
0
0
0
0
0
0
0
0
0
0
0
0
0
0
0
0
0
0
0
0
0
0
0
0
0
0
0
0
0
0
0
0
0
0
0
0
0
0
0
0
0
0
0
0
0
0
0
0
0
0
0
0
0
0
0
0
0
0
0
0
0
0
0
0
0
0
0
0
0
0
0
0
0
0
0
0
0
0
0
0
0
0
0
0
0
0
0
0
0
0
0
0
0
0
0
0
0
0
0
0
0
0
0
0
0
0
0
0
0
0
0
0
0
0
0
0
0
0
0
0
0
0
0
0
0
0
0
0
0
0
0
0
0
0
0
0
0
0
0
0
0
0
0
0
0
0
0
0
0
0
0
0
0
0
0
0
0
0
0
0
0
0
0
0
0
0
0
0
0
0
0
0
0
0
0
0
0
0
0
0
0
0
0
0
0
0
0
0
0
0
0
0
0
0
0
0
0
0
0
0
0
0
0
0
0
0
0
0
0
0
0
0
0
0
0
0
0
0
0
0
0
0
0
0
0
0
0
0
0
0
0
0
0
0
0
0
0
0
0
0
0
0
0
0
0
0
0
0
0
0
0
0
0
0
0
0
0
0
0
0
0
0
0
0
0
0
0
0
0
""
