0
0
0
0
0
0
0
0
0
0
0
0
0
0
0
0
0
0
0
0
0
0
0
0
0
0
0
0
0
0
0
0
0
0
0
0
0
0
0
0
0
0
0
0
0
0
0
0
0
0
0
0
0
0
0
0
0
0
0
0
0
0
0
0
0
0
0
0
0
0
0
0
0
0
0
0
0
0
0
0
0
0
0
0
0
0
0
0
0
0
0
0
0
0
0
0
0
0
0
0
0
0
0
0
0
0
0
0
0
0
0
0
0
0
0
0
0
0
0
0
0
0
0
0
0
0
0
0
0
0
0
0
0
0
0
0
0
0
0
0
0
0
0
0
0
0
0
0
0
0
0
0
0
0
0
0
0
0
0
0
0
0
0
0
0
0
0
0
0
0
0
0
0
0
0
0
0
0
0
0
0
0
0
0
0
0
0
0
0
0
0
0
0
0
0
0
0
0
0
0
0
0
0
0
0
0
0
0
0
0
0
0
0
0
0
0
0
0
0
0
0
0
0
0
0
0
0
0
0
0
0
0
0
0
0
0
0
0
0
0
0
0
0
0
0
0
0
0
0
0
0
0
0
0
0
0
0
0
0
0
0
0
0
0
0
0
0
0
0
0
0
0
0
0
0
0
0
0
0
0
0
0
0
0
0
0
0
0
0
0
0
0
0
0
0
0
0
0
0
0
0
0
0
0
0
0
0
0
0
0
0
0
0
0
0
0
0
0
0
0
0
0
0
0
0
0
0
0
0
0
0
0
0
0
0
0
0
0
0
0
0
0
0
0
0
0
0
0
0
0
0
4.9860433034273E-42
8.50403236292024E-23
2.2772615471659E-16
4.4051971120924E-13
3.89495496271093E-11
7.64106712179019E-10
6.63790199842557E-09
3.84409206731745E-08
1.30265105040257E-07
3.42424327215698E-07
8.18908450795871E-07
1.56136273242124E-06
2.79937642981654E-06
4.61794234303369E-06
6.80277344243548E-06
9.94491184689978E-06
1.32418046341248E-05
1.69454501984262E-05
2.09579539005675E-05
2.51614362901467E-05
2.94239299490537E-05
3.36047860021178E-05
4.29249930023255E-05
5.38023289664655E-05
6.26363024604396E-05
6.35942829917382E-05
6.75915805190126E-05
7.62608372722589E-05
7.92343640742219E-05
8.79952039033245E-05
9.70661091322414E-05
9.82318914159588E-05
1.16022393063836E-04
1.45214691209607E-04
1.35883315697725E-04
1.46089943119738E-04
1.56449826735174E-04
1.79783252802226E-04
1.63887930931437E-04
1.73762037639437E-04
1.53088565979929E-04
1.77563696026951E-04
1.52810294119054E-04
1.42544846954583E-04
1.30611162666778E-04
1.36499478338768E-04
1.42385966919982E-04
1.48265390829102E-04
1.5413296449324E-04
2.05694130816701E-04
1.89503426177606E-04
1.96140434216591E-04
2.28089831850204E-04
2.35483087366487E-04
2.69815924452269E-04
3.61314039479116E-04
3.71798268100117E-04
3.5280907583175E-04
3.62349756864998E-04
3.71817861095705E-04
4.44746299645484E-04
4.23071485695129E-04
3.99765366176312E-04
4.47013198430778E-04
5.07536411460317E-04
4.96079132797988E-04
4.81282312117438E-04
5.05111387087816E-04
5.29397338832892E-04
5.54131166158651E-04
5.31028630339075E-04
5.5449800286327E-04
5.78353707966314E-04
6.57368583460658E-04
7.4122774923297E-04
8.3002254553927E-04
8.00662785949235E-04
8.31001649613006E-04
7.95455216695152E-04
8.24195784527626E-04
1.27993860915234E-03
1.3241061965304E-03
1.29274158008377E-03
1.41396457899042E-03
1.29745196974166E-03
1.25481765796661E-03
1.37990867634332E-03
1.42175233254299E-03
1.55549377087664E-03
1.60078932787204E-03
1.74334160918877E-03
1.59302081645189E-03
1.73906638690163E-03
1.57581693909949E-03
1.61748923358486E-03
1.43821581416803E-03
1.36142503128769E-03
1.27921681729284E-03
1.31067829094472E-03
1.3423522909459E-03
1.49916418080364E-03
1.27847092641869E-03
1.17703639757248E-03
1.20360696154431E-03
1.50373877906869E-03
1.5365862932318E-03
1.85499746261141E-03
1.45710473634169E-03
1.48744353128876E-03
1.66972700949259E-03
1.70342840664261E-03
1.73728796854281E-03
1.6102742340856E-03
1.80546550384527E-03
1.50527094909028E-03
1.53345937182321E-03
1.38823220304431E-03
1.59017348127594E-03
1.61869314234496E-03
1.46428201959601E-03
1.30358898298126E-03
1.51543770181395E-03
1.7337877804541E-03
1.95866813236113E-03
1.99100590769272E-03
1.82109710232793E-03
2.05597116105991E-03
2.08859283845012E-03
2.12130342260915E-03
1.93869010960971E-03
1.74958414870687E-03
1.77595272438284E-03
1.80238368873252E-03
2.05748430424938E-03
2.08735244464993E-03
2.11728377086242E-03
2.14727601536058E-03
1.93540172668239E-03
1.9621638647897E-03
1.98897427334099E-03
1.76385216561036E-03
2.04273230397531E-03
2.06967619132643E-03
1.83457826870635E-03
1.85822398985321E-03
0.002419588634865
2.72230224973076E-03
2.48059334624189E-03
2.79016741223312E-03
2.82415788350504E-03
2.5723657386453E-03
2.60301974481636E-03
2.34106869321705E-03
2.36836580656669E-03
2.39568507810244E-03
2.4230249362188E-03
2.14408584948144E-03
2.47776021872587E-03
2.50515259170622E-03
2.53255944770059E-03
2.87997671774911E-03
3.23426337173231E-03
3.59542174355517E-03
3.3028778891591E-03
3.33719960404123E-03
3.37152861453077E-03
3.06527686930161E-03
3.09618144982294E-03
3.12708796860599E-03
3.15799491574658E-03
3.18890079716152E-03
3.21980413428598E-03
3.25070346377871E-03
3.28159733723472E-03
3.6805381343393E-03
3.71484777269497E-03
4.12406127900256E-03
4.91846305871938E-03
4.58124690753052E-03
5.00755190494046E-03
5.44068470850655E-03
5.8806380211026E-03
5.93194122492596E-03
5.98321246742859E-03
6.03444958010672E-03
5.67994038683948E-03
5.72769198558938E-03
4.12528983488108E-03
4.57527697429493E-03
4.61270236572271E-03
4.65009348683016E-03
4.68744884505427E-03
4.72476696087529E-03
4.76204636760598E-03
4.79928561118618E-03
4.39680295452941E-03
3.98752188102998E-03
4.46431637059462E-03
4.04821006663178E-03
4.07849673991064E-03
4.10874362236886E-03
4.13894959226869E-03
3.70587869955552E-03
3.26607116340223E-03
3.28946406860653E-03
3.31282173304158E-03
3.33614331872145E-03
2.87950970936757E-03
2.89943565839087E-03
3.40588332184824E-03
3.42905234331578E-03
3.9453499352171E-03
4.46820309274007E-03
5.49735243534804E-03
6.03654642459516E-03
5.06325567867396E-03
4.58639369028359E-03
4.61579956676443E-03
4.64514675746647E-03
4.1550526994195E-03
4.18103216579066E-03
3.68108727400005E-03
3.70372275652317E-03
4.25863869226665E-03
3.74884484003093E-03
3.77132998305886E-03
3.79376356364292E-03
3.81614486573392E-03
3.83847317835103E-03
4.41228319488745E-03
4.43767773285924E-03
4.4630093079142E-03
4.48827713005589E-03
5.64185051847402E-03
5.67327297876823E-03
5.70461282634149E-03
6.30945601081639E-03
6.34374493292431E-03
5.79812712112755E-03
5.8291269789282E-03
5.8600394870657E-03
5.89086371744008E-03
6.51375862306728E-03
6.54746803029154E-03
5.98279755502275E-03
6.01325951834122E-03
4.83490292533237E-03
4.85912326306197E-03
4.27285942974286E-03
4.29391916786792E-03
4.31491145817967E-03
4.33583569338496E-03
4.97907573741785E-03
5.00283153088276E-03
5.65482092913634E-03
5.68136581506264E-03
5.07361722210085E-03
3.82278723893179E-03
3.84029968033764E-03
4.50070803853905E-03
3.8751369496786E-03
3.89246080047244E-03
4.56134095198867E-03
5.23588868764531E-03
5.91607113359599E-03
5.94166959276939E-03
6.6301882718326E-03
5.99256998746494E-03
7.3551750850339E-03
6.04307036215934E-03
5.39392783444978E-03
5.41614684059749E-03
6.1180588292408E-03
5.46031025807997E-03
6.16753515936901E-03
5.50410357442249E-03
4.83512747299683E-03
4.85408181639427E-03
4.8729531509014E-03
4.8917409730382E-03
4.91044478273921E-03
4.92906408333806E-03
5.65439815034545E-03
4.96604718746841E-03
4.98441001452778E-03
4.28801689672479E-03
4.30360783074054E-03
4.31912383457592E-03
3.61213708547065E-03
3.6249411932159E-03
3.63768185201527E-03
2.92028698466609E-03
2.93037720076349E-03
3.67551983598134E-03
3.68800341182077E-03
3.7004219066785E-03
3.71277500105145E-03
4.47007485326424E-03
5.23219721043858E-03
4.49932646453154E-03
4.51383247609534E-03
4.52825813099595E-03
6.81390459322077E-03
7.59477817525801E-03
8.38025704690006E-03
9.17029976515575E-03
9.19833660319844E-03
1.23016112044666E-02
1.31097121566647E-02
1.39221811304274E-02
1.31875043246819E-02
1.40040468942641E-02
1.63853680342514E-02
1.56498907705557E-02
1.56943860582606E-02
1.57385971679798E-02
1.57825229997068E-02
1.66174705852247E-02
0.016662990196188
1.75038357527285E-02
1.91464222201761E-02
1.91974021142077E-02
2.00500333049503E-02
2.09065030940406E-02
2.01544131289724E-02
2.18225350262925E-02
2.34984900605987E-02
2.35575306467365E-02
2.44304890503755E-02
1.87761808092932E-02
1.88219752740486E-02
1.80471011050557E-02
0.017267958090396
1.73088200584135E-02
2.64371249347252E-02
2.98107199646968E-02
3.23690515681548E-02
3.24425590382562E-02
5.08575257143637E-02
0.04846386972621
4.27085493641465E-02
4.53192630837018E-02
4.96221355665472E-02
0.05309924071068
7.60159265327778E-02
7.61743843510122E-02
0.072938919907167
7.30876285596287E-02
7.66412566250463E-02
7.33809663603955E-02
7.35255884918163E-02
7.62386848002181E-02
6.78028724825356E-02
6.96517365500961E-02
6.63367102408669E-02
7.68174464704166E-02
0.076093856958262
8.14295972771028E-02
8.07077727314693E-02
8.08507114284802E-02
8.09921376680198E-02
6.80462338902493E-02
6.99100554085567E-02
3.67645908597747E-02
3.77025163426541E-02
3.60079044067591E-02
3.60662224922782E-02
3.61238638125996E-02
3.70632862046624E-02
3.44694468023372E-02
3.62927136828185E-02
3.54611068559165E-02
0.035514021447415
3.37879546720688E-02
3.65082916527539E-02
3.03184396713814E-02
2.94681651012122E-02
2.95090543098479E-02
3.58174394254359E-02
4.21421423900148E-02
3.32197012756924E-02
6.11320862334167E-02
6.66115300783895E-02
6.66957092649344E-02
6.67786294374115E-02
5.69215971039221E-02
5.87992503679428E-02
4.43779867216643E-02
3.89891934557875E-02
3.99414628681285E-02
3.81686947276266E-02
0.033661829809071
3.36982203020932E-02
3.09987861210251E-02
3.10310533485825E-02
3.19763429002608E-02
3.38373974126973E-02
0.031124327266613
2.93216378797414E-02
0.028432072054133
3.02942858769287E-02
3.30781071252797E-02
3.40269217500372E-02
3.31358154636767E-02
2.85576539840928E-02
2.85811473292986E-02
2.86040983640187E-02
2.86265065578658E-02
2.86483713931635E-02
2.95945211509117E-02
2.96159679803423E-02
3.14891556740678E-02
5.00464809990398E-02
5.10072270301495E-02
5.47522331204335E-02
4.92150654972076E-02
4.92449863150925E-02
0.049273971177428
4.55811122906748E-02
4.46754388402405E-02
4.46991427581083E-02
4.37902884521572E-02
0.036354500155305
3.45064718527737E-02
3.07899994040123E-02
2.89364996850881E-02
2.89485100326746E-02
2.80257770328649E-02
2.99054225811091E-02
3.08509924761194E-02
2.80558461825136E-02
2.52583214488333E-02
2.33943523938126E-02
2.43369618069874E-02
2.43433338570644E-02
2.52857518200832E-02
2.71648438395777E-02
2.43596689926933E-02
2.43641866161557E-02
2.53054803602973E-02
2.43718300919997E-02
2.43749557688699E-02
2.25024159745819E-02
2.25044442846227E-02
2.43815477260553E-02
2.43828165191519E-02
2.53214525684456E-02
2.71974951016769E-02
2.90730363190576E-02
0.025321065600501
2.62577489666074E-02
2.53183966710154E-02
2.62539811813664E-02
2.71888954810166E-02
0.026248213665553
2.62445801670294E-02
2.43661293096366E-02
2.24878406621922E-02
2.52938716822654E-02
2.52884410547928E-02
2.71553089122587E-02
2.62122887864542E-02
2.80769567626228E-02
2.90044100848396E-02
2.52540691987225E-02
2.52457521893108E-02
2.43022526939794E-02
2.52276769950141E-02
2.33499252089082E-02
2.33404459600378E-02
2.42637435580146E-02
2.51857679538621E-02
2.42417185724583E-02
0.025161937962251
2.42178492873666E-02
2.23432834269169E-02
2.41921379000518E-02
2.41785921513532E-02
2.41645867783674E-02
0.02322127125358
2.22786447329615E-02
2.31921309550668E-02
2.59581276295518E-02
2.68670245850714E-02
2.40709212437625E-02
2.31285655108437E-02
2.21871122529139E-02
1.75515511352409E-02
1.75379718991661E-02
1.56794219313822E-02
0.015666676736585
1.47328322862926E-02
1.38002602374197E-02
0.013788228476279
1.46943309475833E-02
1.37633808831942E-02
1.37505656264687E-02
1.46533224426882E-02
1.55540408337497E-02
1.55386319422061E-02
2.64802902684555E-02
2.64530011448817E-02
2.27803545531908E-02
2.00252506597216E-02
1.90941645006555E-02
1.90729558310298E-02
1.81441775977212E-02
1.63109630932465E-02
1.53867548330342E-02
1.62724451785659E-02
1.71556540670757E-02
1.62326976993798E-02
1.62123640267649E-02
1.61917243622116E-02
1.88659090521076E-02
1.79439211020999E-02
1.79199714132379E-02
1.78956839239862E-02
1.69775062424336E-02
1.60614880428649E-02
1.51476803206076E-02
1.42361339606381E-02
1.33268997355264E-02
1.06457385457543E-02
1.06297571130341E-02
9.72911121027893E-03
9.71409558567279E-03
1.05806154542555E-02
1.14441568212268E-02
1.49413855866832E-02
1.40395811995092E-02
1.40164185699189E-02
1.39929932102516E-02
1.39693056739647E-02
1.39453565211259E-02
1.39211463184158E-02
1.47652178665771E-02
0.015605938196087
1.55778245742656E-02
1.64132765567495E-02
1.72452498174009E-02
1.63523923023101E-02
0.016321492212098
1.62902877917905E-02
1.71145050370249E-02
1.70810199409771E-02
0.017047216871195
1.53117869720032E-02
1.52807940452491E-02
1.35551263519112E-02
1.43725149666847E-02
1.34987683869312E-02
1.34702134629054E-02
0.012601320772588
1.34123551635405E-02
1.17101715333649E-02
1.25189096089556E-02
1.24909753897434E-02
1.66170804992346E-02
1.74081813418708E-02
1.81951596736028E-02
1.81528415131169E-02
2.14029505224017E-02
1.97096758703227E-02
1.88431519681303E-02
2.69703521830805E-02
2.36432450132231E-02
2.27715672690185E-02
2.27147562635038E-02
2.34667265428537E-02
2.34070259332759E-02
2.25418317737498E-02
2.00744325883469E-02
1.76192395667971E-02
1.67738999181213E-02
1.75257542971554E-02
1.74785324450459E-02
1.82233105168029E-02
1.97535637997078E-02
1.96988227932154E-02
2.04294735356945E-02
2.03718012687039E-02
2.03137603400296E-02
2.02553521970523E-02
2.17501612445377E-02
2.16864739694279E-02
2.08501675543945E-02
2.07880028591907E-02
2.07254645185574E-02
2.29583934518109E-02
1.83104650750987E-02
1.90144661344233E-02
1.74387757913482E-02
1.66281081570685E-02
0.015821926485551
1.50202724430042E-02
1.57203650876832E-02
1.56691648524532E-02
1.56176866682701E-02
1.63071667036229E-02
0.014775144510371
1.39890645432022E-02
1.39414951469443E-02
1.53561729892043E-02
1.38456213093045E-02
1.52496687543554E-02
1.59196350175995E-02
1.80263047572286E-02
1.79618004949394E-02
1.71811039066787E-02
1.71185804902631E-02
1.77664165270293E-02
1.84086973256026E-02
0.021161542013504
2.03791836749398E-02
0.044804102640569
5.36986989876632E-02
5.62703221269224E-02
5.60514392161737E-02
6.41029468934159E-02
4.66856158260412E-02
4.37642032058132E-02
5.10799932043551E-02
4.95163344216451E-02
4.86384389661211E-02
4.57470286874599E-02
3.41677391034465E-02
3.40246342501415E-02
3.45452934334046E-02
3.43982272635652E-02
3.55679198382843E-02
3.67256444515764E-02
3.39536153391102E-02
0.033804287214263
2.91240033840841E-02
2.06178274504628E-02
3.59186030117413E-02
3.51169339838322E-02
5.33874970087301E-02
5.37736267633723E-02
0.057931128508774
3.38434930760937E-02
3.43071579817066E-02
3.22811699966714E-02
3.21259694308647E-02
3.13554485094641E-02
3.54849017863161E-02
3.53101099046677E-02
3.39232232712427E-02
3.31506602377802E-02
3.53821457715458E-02
3.46054830968965E-02
3.50215734154736E-02
5.31464999414822E-02
5.87438379331641E-02
5.84351221928491E-02
5.81255286323747E-02
5.78150665666367E-02
5.75037453743378E-02
5.71915744985862E-02
5.68785634475083E-02
5.65647217948765E-02
5.62500591807528E-02
0.05313785604654
5.28373944655094E-02
5.19831683996414E-02
5.22342245546604E-02
5.35714783382894E-02
5.43453916701101E-02
5.40252579581211E-02
5.26302952166383E-02
2.93605271775477E-02
2.86526428580379E-02
2.58413320968651E-02
4.14068034828284E-02
3.69833666917365E-02
3.15761277109515E-02
0.024690417983297
2.50448509401412E-02
2.53924321788067E-02
2.62377194311095E-02
2.45631202922601E-02
2.44019353192394E-02
2.32510490797454E-02
2.21130791091456E-02
2.19642548417396E-02
2.27847384334529E-02
1.54068231634179E-02
1.57785980127084E-02
1.51939237053735E-02
1.50872220292915E-02
1.35759489548764E-02
1.39437505002792E-02
1.38432704116873E-02
1.32845602407286E-02
1.31871589167783E-02
1.35409941657288E-02
1.07519753390993E-02
1.06710538766074E-02
1.10312854164334E-02
1.00710471727472E-02
9.55873540468837E-03
9.4842135827481E-03
9.40961298723427E-03
9.3349365397277E-03
9.26018718728184E-03
9.18536790283945E-03
9.52459448955317E-03
6.16058970119705E-03
6.51674224315995E-03
5.65437844001477E-03
5.60657263133307E-03
5.95578646435712E-03
5.51086466142581E-03
5.46296654947555E-03
5.8018304472876E-03
5.36709233818598E-03
5.31912040428919E-03
5.27112806201103E-03
5.22311744485862E-03
5.91438937979975E-03
5.49326788422453E-03
6.16735422414141E-03
7.54640346055625E-03
7.11838057107571E-03
7.04970305706871E-03
6.98102164268257E-03
7.94919057678151E-03
7.87020941846459E-03
7.79123529473359E-03
7.37695594837438E-03
8.29709117667734E-03
8.21129844228111E-03
8.12553068824745E-03
8.36138406296965E-03
9.54490558312279E-03
1.00715802829404E-02
9.96198311087823E-03
8.92878015769914E-03
8.52510592169208E-03
7.82728585680001E-03
8.33373313361373E-03
8.23815648601364E-03
8.14266036220702E-03
7.75984856705433E-03
7.6679345919995E-03
7.57611467630627E-03
7.20719463368142E-03
7.1189728741488E-03
7.03085809554249E-03
7.20988882637423E-03
6.59131922122297E-03
7.02748949007478E-03
7.19339607962494E-03
7.09917149601401E-03
6.00437106744923E-03
5.92387445682053E-03
7.06091998668796E-03
7.4442798393336E-03
6.63047070276146E-03
6.30378837771109E-03
6.21409495995235E-03
6.35143162273825E-03
6.48235366211048E-03
6.60689116060879E-03
6.50813745014014E-03
5.98232137046988E-03
5.4698601730065E-03
4.97070961257778E-03
5.09639013509969E-03
5.21579858335753E-03
4.73686291084886E-03
4.85352126232032E-03
5.15491086876326E-03
4.88058778592933E-03
4.79746877034072E-03
4.71463935802193E-03
4.27579185405266E-03
4.19989167702512E-03
4.46797234928936E-03
4.38638564774338E-03
4.4707133757164E-03
4.71162844336905E-03
4.46239921960054E-03
5.62632113009481E-03
5.66899949497479E-03
6.00641138631948E-03
5.88477284683401E-03
6.05193521099216E-03
6.3487708984909E-03
6.62832119332837E-03
6.62052626014531E-03
7.00408126815305E-03
6.97731468171213E-03
6.44050286648489E-03
6.04549390978689E-03
5.78347886228883E-03
6.23385830599538E-03
5.16466617756629E-03
6.04480229388117E-03
0.010913171353675
1.06343633440185E-02
1.03577034728766E-02
1.00832418174057E-02
9.81102936817045E-03
9.54111804493404E-03
9.27356071205977E-03
9.00841119342862E-03
8.74572428676442E-03
8.48555577724912E-03
8.22796245029398E-03
7.97300210331938E-03
7.72073355637664E-03
7.32179232820144E-03
6.86328669458797E-03
6.77126196640275E-03
3.97647612165394E-03
5.98174720823961E-03
5.26434286209651E-03
5.06972193878051E-03
4.81972001694654E-03
4.63278445317633E-03
4.50221668011864E-03
4.31869454674373E-03
4.28588360927363E-03
4.10192278329344E-03
3.87604439295434E-03
2.36659534627788E-03
2.62562894738979E-03
3.00764892216725E-03
1.1883051777505E-03
2.6084039657956E-03
2.18851628575642E-03
2.23738694861625E-03
2.18479985122146E-03
2.22582137648243E-03
0.002261696525725
2.50078054777083E-03
2.4337312608194E-03
2.2535263287118E-03
2.29821646592281E-03
2.20325194092109E-03
1.82653584214934E-03
2.06686935188651E-03
2.09445162783387E-03
2.20805186372926E-03
2.0839455144699E-03
2.0060838900287E-03
1.94876877661094E-03
1.90953945998971E-03
1.67638874476803E-03
1.62058992123608E-03
1.26792988092971E-03
1.14063109507499E-03
9.26054437913824E-04
8.62161844840863E-04
6.87917854548491E-04
5.94898410309544E-04
4.59122582323648E-04
4.06241117140511E-04
3.7856247092104E-04
3.41290821064581E-04
3.06054685082157E-04
2.7287189558941E-04
2.41755845452533E-04
2.19805269665424E-04
1.98561418061502E-04
1.60860065576542E-04
1.43142035582587E-04
2.25460546003912E-04
2.48115757315354E-04
2.00713558348143E-04
1.56716071954307E-04
1.85519693226392E-04
1.53550451495116E-04
1.36256307519266E-04
1.08378409155331E-04
8.71349611581843E-05
6.567791246952E-05
4.7835516936318E-05
3.34426062371339E-05
2.14765921704299E-05
1.39390290491276E-05
7.72416388227028E-06
4.08424595931617E-06
2.029047908339E-06
8.00327132655791E-07
2.15306155660231E-07
3.97319022656704E-08
6.58951808539439E-09
4.80307349047711E-10
9.49439812921493E-12
2.16579926340197E-14
5.70121588763038E-19
1.03074746648546E-29
1.15434825012207E-84
0
0
0
0
0
0
0
0
0
0
0
0
0
0
0
0
0
0
0
0
0
0
0
0
0
0
0
0
0
0
0
0
0
0
0
0
0
0
0
0
0
0
0
0
0
0
0
0
0
0
0
0
0
0
0
0
0
0
0
0
0
0
0
0
0
0
0
0
0
0
0
0
0
0
0
0
0
0
0
0
0
0
0
0
0
0
0
0
0
0
0
0
0
0
0
0
0
0
0
0
0
0
0
0
0
0
0
0
0
0
0
0
0
0
0
0
0
0
0
0
0
0
0
0
0
0
0
0
0
0
0
0
0
0
0
0
0
0
0
0
0
0
0
0
0
0
0
0
0
0
0
0
0
0
0
0
0
0
0
0
0
0
0
0
0
0
0
0
0
0
0
0
0
0
0
0
0
0
0
0
0
0
0
0
0
0
0
0
0
0
0
0
0
""
