0
0
0
0
0
0
0
0
0
0
0
0
0
0
0
0
0
0
0
0
0
0
0
0
0
0
0
0
0
0
0
0
0
0
0
0
0
0
0
0
0
0
0
0
0
0
0
0
0
0
0
0
0
0
0
0
0
0
0
0
0
0
0
0
0
0
0
0
0
0
0
0
0
0
0
0
0
0
0
0
0
0
0
0
0
0
0
0
0
0
0
0
0
0
0
0
0
0
0
0
0
0
0
0
0
0
0
0
0
0
0
0
0
0
0
0
0
0
0
0
0
0
0
0
0
0
0
0
0
0
0
0
0
0
0
0
0
0
0
0
0
0
0
0
0
0
0
0
0
0
0
0
0
0
0
0
0
0
0
0
0
0
0
0
0
0
0
0
0
0
0
0
0
0
0
0
0
0
0
0
0
0
0
0
0
0
0
0
0
0
0
0
0
0
0
0
0
0
0
0
0
0
0
0
0
0
0
0
0
0
0
0
0
0
0
0
0
0
0
0
0
0
0
0
0
0
0
0
0
0
0
0
0
0
0
0
0
0
0
0
0
0
0
0
0
0
0
0
0
0
0
0
0
0
0
0
0
0
0
0
0
0
0
0
0
0
0
0
0
0
0
0
0
0
0
0
0
0
0
0
1.86442180914832E-299
5.31538331348804E-45
4.1657981982387E-25
7.1150688662278E-18
4.76739978649672E-14
1.03026085535834E-11
4.07536378398396E-10
5.65543806499823E-09
4.52872275318457E-08
1.95231442456236E-07
6.40959657399384E-07
1.76768593932112E-06
4.12606995310485E-06
8.46699597601903E-06
1.60756667514148E-05
2.61794876354566E-05
4.44520177667217E-05
6.65202808232395E-05
1.05271646401736E-04
1.46508441249556E-04
1.97316022252101E-04
2.77809769851812E-04
3.55009108072574E-04
4.44145218555357E-04
5.45439971719887E-04
6.58971624208845E-04
7.84690894103491E-04
9.22437864560342E-04
1.07195878161522E-03
1.23292210820582E-03
1.40493342987927E-03
1.58754898438526E-03
1.7802877163159E-03
1.98264184846241E-03
2.19408602219886E-03
2.41408509733055E-03
2.64210072346441E-03
2.87759680481983E-03
3.1200439821439E-03
3.36892325176625E-03
3.51501696979224E-03
3.7674512888602E-03
3.90022425563087E-03
3.53510957453214E-03
3.75413707173069E-03
3.97608938639517E-03
4.20064949280538E-03
4.42751623200448E-03
3.66691827897631E-03
4.82595526283179E-03
5.05518903801859E-03
5.41947750019854E-03
5.16796769834783E-03
5.31278641165601E-03
4.77074584806348E-03
4.72078531414642E-03
4.65328659524451E-03
4.99108388366593E-03
5.07801366375071E-03
5.79243446506642E-03
8.78500313907527E-03
9.64025029741704E-03
9.93404351840736E-03
1.02269959246047E-02
1.05189855769104E-02
8.75601883276243E-03
8.99070403593034E-03
5.35240431032895E-03
5.48733965274622E-03
5.50198789352202E-03
5.87758934049279E-03
6.38903867223794E-03
6.78846721684394E-03
6.93644259663219E-03
6.9498377551537E-03
7.50239498202622E-03
7.51384243663682E-03
6.80949620769392E-03
6.2162810580499E-03
6.47880000315294E-03
6.44598320376157E-03
6.40700963779645E-03
6.67226918052581E-03
5.83749112163112E-03
7.21577932494711E-03
7.33098617980089E-03
8.9343215848983E-03
9.07034613271072E-03
8.35291619097123E-03
8.47431901525289E-03
7.89309849608684E-03
7.64705084535434E-03
8.2916801277492E-03
8.40184460394684E-03
8.32603855469168E-03
8.43195711897252E-03
7.20898393384832E-03
6.91282782593279E-03
7.38399239106554E-03
7.27375539639144E-03
7.15825023302095E-03
7.23861373756557E-03
9.55439790570956E-03
9.24650026407911E-03
1.01748941051642E-02
9.86081370637788E-03
1.10208209469141E-02
1.15589158155795E-02
1.21044051205472E-02
1.24389560989969E-02
1.05737172549321E-02
1.06716324665777E-02
1.12173579698054E-02
1.13175192894741E-02
1.36182789034976E-02
0.014121640879258
1.46305455948046E-02
1.67116229842327E-02
1.72851257945546E-02
0.017585334918851
1.32606188885301E-02
1.36852190136096E-02
1.62615781137536E-02
2.52980285415222E-02
2.67084489266708E-02
2.74932219583558E-02
2.82846897728532E-02
0.024117398296946
2.44200958538019E-02
1.31028877961294E-02
2.34443677017675E-02
2.32681139758348E-02
3.39771377072398E-02
3.52475822101879E-02
3.61196206112164E-02
3.65623746297937E-02
3.74358776466221E-02
3.83150947480149E-02
4.05999262981439E-02
2.67268559460821E-02
2.09809618771813E-02
2.09435892044622E-02
2.13967655737997E-02
2.28931117393335E-02
2.33732131379002E-02
0.022771556522402
2.32347578630703E-02
2.25717661820122E-02
2.24419956413833E-02
2.34652956680393E-02
0.025111084384208
2.68042057813195E-02
2.42011381121062E-02
2.46459917483465E-02
2.70230115661201E-02
2.61964255090906E-02
2.73250387570155E-02
2.78006759111962E-02
2.62090722793285E-02
2.66533872837555E-02
2.49599650220226E-02
2.53722810893565E-02
2.65228349628052E-02
2.62013595605429E-02
2.50970285728796E-02
2.78086242595405E-02
3.05934221366011E-02
3.18587992275105E-02
0.035575351900908
3.44663812512049E-02
3.83070225330313E-02
6.42146507301957E-02
7.37133593927081E-02
7.56350138239265E-02
7.75840112843635E-02
0.035757474160677
3.53444631628413E-02
3.58265708013779E-02
3.63098305508897E-02
0.036794213014211
3.91914679904158E-02
3.97029595740704E-02
0.039234673577501
3.67556021155427E-02
0.035208165454536
3.56483723230461E-02
3.50582826914091E-02
3.23562499082329E-02
3.38046827146666E-02
2.99337999977036E-02
3.02890886504816E-02
0.024078170570875
2.87869663016282E-02
2.91184046065876E-02
2.60522039468535E-02
2.63462239684357E-02
2.66406338116006E-02
0.025764313496019
2.36787511281266E-02
2.51324846862123E-02
2.66122299502297E-02
2.56729709260565E-02
3.21206910293979E-02
3.37044376871057E-02
3.65755469285791E-02
3.69503597577372E-02
3.34642268448384E-02
4.03009639436567E-02
4.07025686911542E-02
3.97785011099972E-02
4.01676709041282E-02
3.92051721666031E-02
3.95818053207533E-02
3.99586314951431E-02
3.89447503607878E-02
3.79050183372304E-02
3.82563045218655E-02
3.57478796696381E-02
3.75162860004779E-02
4.07667761982205E-02
4.11314762045706E-02
4.14962391222186E-02
0.044851125004713
4.67500969368038E-02
4.41118548318706E-02
4.60238812594325E-02
4.64147976679062E-02
4.68056870236846E-02
4.56233161558339E-02
7.29672288908273E-02
9.11582751654022E-02
9.19004691968631E-02
9.10171612597153E-02
9.33842424483821E-02
9.41257653338839E-02
8.82096745444686E-02
0.085543950026789
8.78969180814502E-02
0.12945171083313
0.123573008677562
0.138341142502722
0.139378319666647
0.140414837013117
0.160900122701667
0.156734317954476
0.156078064240388
0.16804352187981
0.169243994334732
0.179607070094554
0.180869884712605
0.131952437881116
0.132865614146296
0.139430470001918
0.176423900669563
0.177616346768152
0.188420788873924
0.189674542906214
0.190926832901588
0.172567656247874
0.16974193338591
0.145012640081119
0.153937553491579
0.128760732807078
0.123498552820947
0.130382628116561
0.106593365608803
0.119624860060199
0.132806635235234
0.152401390360132
0.157519274850412
0.154234650812328
0.15514903141057
0.158199707877065
0.195678858267345
0.185998951850671
0.18706871896104
0.1859489067602
0.187002357267831
0.188053820543415
0.160181588741726
0.163305858514493
0.16645295938263
0.180930975967237
0.181910786912216
0.185174655580984
0.17926762636166
0.182527335570729
0.183486632233256
0.18444379085648
0.185398783200446
0.186351581179147
0.187302156859612
0.188250482461015
0.203565887089533
0.204581306455709
0.239456792929245
0.243064219919269
0.244249870246822
0.245432465363617
0.24661197142259
0.230443169927817
0.204148497157977
0.207609244220411
0.206064716350941
0.207018835129972
0.207970257503811
0.208918956761132
0.209864906336886
0.205666419328454
0.167849381819751
0.168592555827215
0.156307815810408
0.156989626372281
0.147158023196008
0.139873050562908
0.14046963222008
0.135741105687248
0.136311449523895
0.155667345608862
0.118581262794554
0.119068402756648
0.119553875780586
0.120037668752182
0.117780682980402
0.115500155066537
0.129761485316438
0.133042669539866
0.125213501235226
0.125697702646129
0.120572089858558
0.129475343987622
0.141265995090296
0.138959949687339
0.136630724516852
0.134278430557657
0.134770640410416
0.126627195315398
0.124195984784068
0.13043807560624
0.130901674132212
0.131363325709131
0.134752418731591
0.149918172042224
0.153384375708843
0.1568684852809
0.14849106825569
0.151970572434171
0.257119689010725
0.257971374822793
0.246781038660068
0.25966295713312
0.254444605415879
0.240066923456676
0.240831071371795
0.24464963794286
0.202468151882621
0.209251689030733
0.308671458284305
0.309615061619712
0.310553858249681
0.283453920266722
0.287423581789069
0.313341171629376
0.31426050593477
0.315174916557478
0.316084380565966
0.316988875182966
0.317888377785332
0.318782865903892
0.319672317223315
0.320556709581977
0.321436020971836
0.322310229538305
0.323179313580141
0.32404325154933
0.311905941168936
0.247574258920833
0.248219021636157
0.239036395480358
0.200253854171056
0.20076175090263
0.214464217107673
0.218306194530421
0.225476875402077
0.196113029962299
0.199920551257749
0.197060872466073
0.220965773458909
0.208063532313539
0.218640894849491
0.293319980090933
0.297371983315238
0.298047645618426
0.339452777966264
0.302786459055844
0.313683814383581
0.317786812055848
0.318474995438398
0.319157954568099
0.3060792999149
0.306722838114282
0.307361329793269
0.304534144290178
0.336364515524566
0.337043799269705
0.334235892798929
0.334897139709664
0.283122713635861
0.297679735438777
0.291232797245469
0.288269772181949
0.133839146694173
0.134087638589867
0.137869003414175
0.145202500544628
0.354788717062862
0.355419080129257
0.356043514537869
0.356662005426202
0.357274538083341
0.357881097949967
0.35848167061837
0.359076241832463
0.3596647974878
0.360247323631591
0.360823806462725
0.361394232331784
0.347480244231424
0.355266522157715
0.355807653269237
0.356342796539234
0.320456435321135
0.317279296101871
0.357912173716003
0.351108480763975
0.355265725078171
0.352091965192105
0.348902135294646
0.349374031565688
0.34984001827633
0.254428482411448
0.369214967760755
0.369686749787182
0.370152266043479
0.370611505614924
0.37106445773899
0.371511111805378
0.371951457356045
0.372385484085236
0.372813181839514
0.373234540617795
0.373649550571376
0.374058202003969
0.374460485371728
0.374856391283289
0.371493451394793
0.375629033934916
0.376005752654918
0.376376057878651
0.376739940977606
0.377097393475937
0.377448407050495
0.377792973530857
0.37813108489936
0.378462733291125
0.375000031884154
0.371524478240076
0.371830447764685
0.375927299691107
0.174810932372478
0.285237359966951
0.300676117306192
0.300897064337645
0.308735965390208
0.289880820713733
0.293895303864267
0.28263245328043
0.294280703053737
0.294465831486746
0.267859915201029
0.218244061057367
0.21453882256693
0.222325127048652
0.230116047296151
0.237911185330911
0.238031700923036
0.276559114290428
0.280532475274888
0.296038540688346
0.296167874028315
0.280900316615086
0.284862769436233
0.277270417107724
0.304339039240822
0.238931973668123
0.239011476295112
0.24679934550204
0.273874645232107
0.297102388094384
0.289461701851604
0.250928580635928
0.254847356472958
0.258763445667672
0.270402431235722
0.274313913724201
0.282086168485405
0.278261667226865
0.293757487968122
0.282192322814584
0.31314598600101
0.313169069208913
0.305453751597984
0.297732432023424
0.293872249972881
0.30934069539651
0.212669085453972
0.212662779384804
0.216519224750784
0.367285852216209
0.367255978736933
0.371085250744184
0.289876780253281
0.289838215684639
0.270475015372708
0.305199238171618
0.266517169355198
0.320528348840491
0.274126775833297
0.212301495953941
0.165939039916406
0.219906071225838
0.204415098571781
0.188929774014895
0.192723217061534
0.181098176121351
0.21955115964871
0.165564212136537
0.161650442905326
0.157736980576584
0.149978424562611
0.146067884998557
0.161368901830036
0.161291578144409
0.176564957102507
0.195656177743242
0.19938655067931
0.210773859189672
0.191504070751866
0.172253028752503
0.168323893852352
0.168219715156994
0.171933392041469
0.175639187252436
0.240387768791439
0.15633501353052
0.152414159379791
0.148496148613367
0.182628858413495
0.174886343763351
0.178549291015643
0.167019604116357
0.174469450110147
0.121269224798346
0.121166322979898
0.11727818202479
0.117174483801769
0.117068783129425
8.67775773141059E-02
0.135698381791489
0.143100266686253
0.131674522721191
0.127785524051758
0.12014727089832
0.11627302237089
0.116151394607901
0.119770620109908
0.11216342528379
0.112039985056917
0.115645126507679
0.111787388709623
0.107936297210075
0.100374471834346
9.65416825338287E-02
9.64248272489347E-02
9.63063356853791E-02
0.362548024642209
0.32883601858202
0.369004120317728
0.350097152400047
0.353314826730971
0.356516720032657
0.359702656852884
0.36653784076118
0.366025962318328
0.365507904118874
0.364983678361293
0.364453297395983
0.363916773725236
0.363374120003213
0.362825349035919
0.362270473781177
0.361709507348605
0.361142462999594
0.360569354147281
0.359990194356534
0.359404997343924
0.358813776977711
0.358216547277821
0.343308789519199
0.339153910879206
0.320750050185011
0.320191038762694
0.298318238471609
0.294241455153222
0.300788554419175
0.300240490180547
0.299687431059823
0.29209105166803
0.259928378859709
0.259433916066543
0.27643076978757
0.213031863697794
0.205642717736408
0.285241617084162
0.284669998014574
0.207873424010009
0.190160940776278
0.317430292203915
0.306438576825052
0.298921061039451
0.301713456224548
0.301065025047884
0.300411657446421
0.299753369225775
0.299090176325055
0.298422094816893
0.304516166837184
0.297071330936544
0.299756734574959
0.299061449846836
0.298361304261935
0.297656314886441
0.293610021405849
0.306217217762357
0.308793915436265
0.304724948646283
0.29075528065907
0.313100393483273
0.312312206571088
0.311519000257573
0.278013342054722
0.283819282790915
0.214749730673769
0.181732599135774
0.187723633912312
0.132346039825946
0.131988784175579
0.13162943140113
0.144074623640414
0.140482846115744
9.87001287057428E-02
7.93727003127283E-02
7.59813806380147E-02
7.57637732913048E-02
0.066101853742763
7.53249933650741E-02
7.82331581129713E-02
9.36018706664965E-02
0.096433241208235
0.117852768384281
0.120587195337527
9.86407082222923E-02
7.98984465223972E-02
9.80308715025012E-02
9.46698167328267E-02
9.74149882316124E-02
9.10357487700512E-02
9.37683360317024E-02
0.084419967904515
9.61653334586806E-02
0.101839817011455
0.10448778557857
0.104138881888003
0.100823020692218
9.75257107718472E-02
9.71923163305283E-02
9.97925376661074E-02
0.102370926786417
9.90980635226746E-02
0.113270461874691
0.112867932863842
0.118231102479542
0.106311311356871
0.103061865962046
0.102684185086513
0.105146805525031
0.101924320597103
0.101542157009108
0.272566010355346
0.274327636938299
0.270486823308027
0.269441381961303
0.27669286510198
0.275607157611544
0.274517527151572
0.273424002932305
0.272326614330506
0.271225390889971
0.270120362322049
0.269011558506187
0.267899009490472
0.266782745492203
0.252379657053542
0.253957626496057
0.255509609275679
0.115403705988861
0.101847240411841
9.88033669926341E-02
0.113901678903746
0.113397933669216
0.123155647524429
0.120048599187391
0.124591058340493
0.121492339962541
0.156207332634416
0.150469383594692
0.149768436176185
0.14409671184081
0.121161309304119
0.12304510415984
0.122454665313192
0.124299943206337
0.12369457730747
0.123087678321394
0.122479263741891
0.238959512075491
0.237760702464766
0.236559025137446
0.235354515152281
0.234147207759993
0.232937138404386
0.231724342723489
0.230508856550722
0.229290715916085
0.228069957047379
0.22684661637145
0.225620730515464
0.224392336308209
0.223161470781421
0.221928171171151
0.220692474919147
0.188730800919883
0.183299796366964
0.182255962430482
0.181210242871378
0.169438701569342
0.153525665485233
0.154744439438112
0.183330913426517
0.184333284402869
0.183226634188423
0.184187775255059
0.185121988093122
0.163542199045464
0.160498414285842
0.125175235645614
0.18457662348785
0.189388447762697
0.18817986764985
0.186969725664951
0.193579453680489
0.19231522776097
0.192979292294924
0.191699303760014
0.190417883099501
0.189135073450631
0.187850918205244
0.186565461012244
0.168603658659911
0.169271551345169
0.168085580694244
0.168712690240447
0.169312980349832
0.146638840550634
0.145578312804026
0.144517011643301
0.134707720291787
0.133709786777135
0.122370098992721
0.123159364799112
0.123922160806398
0.124658500896098
0.13539787316317
9.95146417127993E-02
0.103670964401175
9.63210207395512E-02
9.55531126844744E-02
0.109243712593104
0.105171189945906
0.104311538864432
8.93446864691021E-02
8.70476163070374E-02
0.086317930270336
8.71165673301298E-02
8.94044636474492E-02
0.088635659810949
8.48883691576975E-02
7.82407924498181E-02
0.128762924266378
0.120365870788143
0.122159484313424
0.109659793289897
5.92678812155731E-02
3.35551574988597E-02
3.46282078715456E-02
3.29311402776577E-02
3.26193531689158E-02
3.23077318365046E-02
9.06561549624673E-02
8.84540739855954E-02
8.88930001994719E-02
9.06009414643465E-02
8.71323528687111E-02
9.00583521989732E-02
9.91851207208953E-02
0.098165385532751
0.102065430457891
9.49120350636253E-02
9.39082073254444E-02
8.81410924148988E-02
0.084834359347199
0.087407208721255
8.64464891842366E-02
9.11861480749076E-02
9.01640865445878E-02
9.13720424411039E-02
8.59212014345545E-02
7.73071953255811E-02
7.64054775373457E-02
7.65686726820375E-02
5.56921519334706E-02
5.91750498411093E-02
5.84560552009158E-02
5.57124806856851E-02
5.30205413072321E-02
5.23558205666265E-02
5.07171188502166E-02
4.81419453856191E-02
4.75187748940393E-02
5.06487446346764E-02
4.90532120847243E-02
4.01787765222468E-02
5.40483358488496E-02
4.97553181593055E-02
5.78292965840675E-02
5.78844686514453E-02
5.79173747926899E-02
5.87677073616465E-02
5.79170077165409E-02
7.50046884372671E-02
6.98772757506211E-02
0.068829425726549
6.77848690782959E-02
7.36481975230825E-02
7.40135756932659E-02
7.35919288724249E-02
6.58355703401492E-02
6.47731804457452E-02
6.44226041928892E-02
6.26600999394046E-02
6.29786726929038E-02
6.25819311409255E-02
6.15049787040739E-02
6.10822641937866E-02
5.55344773151885E-02
5.45396755156493E-02
5.41647720535815E-02
5.37716775503604E-02
5.03961550824762E-02
5.00235457917542E-02
4.84922230797418E-02
4.75472807179706E-02
4.66071368820321E-02
0.046209196084997
4.57943423901781E-02
4.48473579918732E-02
5.04662672846226E-02
3.85242183705424E-02
0.034307246824227
3.59149441935768E-02
3.69595636431165E-02
3.74736921018638E-02
3.66074293815573E-02
3.31627455004867E-02
3.11085908321178E-02
4.10158622677295E-02
3.44002570246215E-02
3.27533367994589E-02
3.19126848418743E-02
3.10783996342333E-02
2.84499566594721E-02
2.83783049460353E-02
2.65708922633485E-02
2.11863294857698E-02
1.83256458937378E-02
2.90208620009383E-02
2.69391344532518E-02
2.84605559571736E-02
2.84216323576392E-02
2.75113885555209E-02
2.63440866678632E-02
2.49466292678494E-02
2.21035861780411E-02
0.021805675276764
2.12507971547357E-02
2.07428568091034E-02
2.05578182812567E-02
2.01496686527853E-02
1.99632911868659E-02
1.97752169827317E-02
1.95854319007918E-02
1.93939220453642E-02
1.73017060579519E-02
1.35754813150956E-02
1.38483177727926E-02
1.37021385837789E-02
1.39592580892852E-02
1.36059060048362E-02
1.24642792618847E-02
1.83849449098392E-02
1.79771972700466E-02
1.77631514598686E-02
1.77358939144003E-02
1.77020523048165E-02
1.69256598241519E-02
1.67063875397297E-02
0.016126843978732
1.57318607706614E-02
0.016037174662908
1.59821473544367E-02
1.55815132296023E-02
1.53508270394028E-02
1.52825696996766E-02
1.50455401203091E-02
1.59210775551487E-02
1.56621126864039E-02
0.015401117680336
1.51381072635105E-02
0.014873098919625
1.46061130893354E-02
1.43371733828383E-02
1.40663068059431E-02
1.37935440003954E-02
1.35189194992391E-02
1.32424719980284E-02
1.29642446427233E-02
0.012684285335116
1.24026470566465E-02
0.012119388211469
1.18345729896241E-02
1.15482717511507E-02
1.12605614319449E-02
1.09715259721139E-02
1.06812567675114E-02
1.03898531450349E-02
1.00974228621432E-02
9.80408263087971E-03
9.50995866648437E-03
9.21518726040529E-03
6.33313991781026E-03
6.12325390481856E-03
6.99595272089945E-03
6.74750140943322E-03
6.42185211471464E-03
5.80477522322078E-03
5.50358219566145E-03
5.41456580172992E-03
4.72420071786992E-03
4.45191980524904E-03
4.5455069010717E-03
4.09936307993594E-03
3.73188265244831E-03
3.63958309087482E-03
3.53821411543474E-03
3.83963718627583E-03
3.56813882570575E-03
3.58775987631731E-03
3.39131361698269E-03
3.08900386574053E-03
2.83444965503701E-03
2.62034689093122E-03
2.38431406549491E-03
2.18457871305677E-03
1.92200990551829E-03
1.74249889177059E-03
1.5892048054056E-03
1.45662410407147E-03
1.29467005530186E-03
1.16815745830066E-03
1.02104549967454E-03
8.83815458703887E-04
7.56791469213267E-04
6.25685833461752E-04
5.28267550760536E-04
4.09254280837958E-04
3.10460970997024E-04
2.58698270115436E-04
1.4593888639631E-04
1.13864878050101E-04
1.25751577218673E-04
8.88977278193222E-05
6.0944160063389E-05
3.59536874905849E-05
2.18662031218276E-05
1.3968857344955E-05
7.2239760099534E-06
3.47730452087629E-06
1.39133263364173E-06
4.61078854148966E-07
1.18613968568535E-07
2.14686067250855E-08
2.33705881526327E-09
1.17230747361226E-10
1.65692023009388E-12
2.37949248736955E-15
2.80257875021106E-20
6.39583593336484E-31
6.82650962491765E-71
0
0
0
0
0
0
0
0
0
0
0
0
0
0
0
0
0
0
0
0
0
0
0
0
0
0
0
0
0
0
0
0
0
0
0
0
0
0
0
0
0
0
0
0
0
0
0
0
0
0
0
0
0
0
0
0
0
0
0
0
0
0
0
0
0
0
0
0
0
0
0
0
0
0
0
0
0
0
0
0
0
0
0
0
0
0
0
0
0
0
0
0
0
0
0
0
0
0
0
0
0
0
0
0
0
0
0
0
0
0
0
0
0
0
0
0
0
0
0
0
0
0
0
0
0
0
0
0
0
0
0
0
""
