0
0
0
0
0
0
0
0
0
0
0
0
0
0
0
0
0
0
0
0
0
0
0
0
0
0
0
0
0
0
0
0
0
0
0
0
0
0
0
0
0
0
0
0
0
0
0
0
0
0
0
0
0
0
0
0
0
0
0
0
0
0
0
0
0
0
0
0
0
0
0
0
0
0
0
0
0
0
0
0
0
0
0
0
0
0
0
0
0
0
0
0
0
0
0
0
0
0
0
0
0
0
0
0
0
0
0
0
0
0
0
0
0
0
0
0
0
0
0
0
0
0
0
0
0
0
0
0
0
0
0
0
0
0
0
0
0
0
0
0
0
0
0
0
0
0
0
0
0
0
0
0
0
0
0
0
0
0
0
0
0
0
0
0
0
0
0
0
0
0
0
0
0
0
0
0
0
0
0
0
0
0
0
0
0
0
0
0
0
0
0
0
0
0
0
0
0
0
0
0
0
0
0
0
0
0
0
0
0
0
0
0
0
0
0
0
0
0
0
0
0
0
0
0
0
0
0
0
0
0
0
0
0
0
0
0
0
0
0
0
0
0
0
0
0
0
0
0
0
0
0
0
0
0
0
0
0
0
0
0
0
0
0
0
0
0
0
0
0
0
0
0
0
0
0
0
0
0
0
0
0
0
0
0
0
0
0
0
0
0
0
0
0
0
0
0
0
0
0
0
0
0
0
0
0
0
0
0
0
0
0
0
0
0
0
0
0
0
0
0
0
0
0
0
0
0
0
0
0
0
0
0
0
0
0
0
0
0
0
0
0
0
0
0
0
0
0
0
0
0
0
0
0
0
0
0
0
0
0
0
0
0
0
0
0
0
0
0
0
0
0
0
0
0
0
0
0
0
0
0
0
0
0
0
0
0
0
0
0
0
0
0
0
0
0
0
0
0
5.92731954019623E-99
3.61085625656023E-25
1.02962281007395E-15
4.97213173339488E-12
4.90437196029014E-10
8.6274499663277E-09
6.15430599143732E-08
2.57974196290213E-07
7.69989819791043E-07
1.82567089140997E-06
3.34236705006615E-06
5.9694746073005E-06
9.73515550379882E-06
1.47956293164451E-05
1.91396003806232E-05
2.33786407447143E-05
3.09670756354507E-05
4.47624707698682E-05
5.60656600535808E-05
6.87226643369498E-05
1.01073746075029E-04
1.3058999221725E-04
1.52545396837481E-04
1.76055796657125E-04
1.84292249372933E-04
2.08487118832356E-04
2.33900178772909E-04
2.84142481701989E-04
3.1430503849922E-04
3.45582764336349E-04
3.14924896926479E-04
3.4268642261601E-04
4.45464772323791E-04
5.2062483196154E-04
6.02590937963414E-04
6.91504859259762E-04
8.36714028692046E-04
8.90680220126873E-04
9.45544941254652E-04
1.00125262311536E-03
1.18219236831545E-03
1.24616668264829E-03
9.65939964015248E-04
1.01418913221834E-03
1.06294210957917E-03
1.11216742976517E-03
1.07884725449871E-03
1.21191850070925E-03
1.26239022008904E-03
9.38018566413825E-04
9.74573267295893E-04
1.01135574848436E-03
1.04835124158065E-03
1.08554580475987E-03
1.12292626764292E-03
1.16048018003667E-03
1.19819576429066E-03
1.11245568392497E-03
1.01925435041311E-03
1.18098355676762E-03
1.08036833041846E-03
1.52771113199555E-03
2.14094857317376E-03
2.05221030800404E-03
1.95587199505447E-03
2.00622357824923E-03
2.21487480363525E-03
2.59347805438582E-03
2.65576569798348E-03
2.37837130584148E-03
2.60680079392081E-03
2.84310338719418E-03
3.08728254966887E-03
2.78278334216486E-03
2.84153356772279E-03
2.90031644458132E-03
2.95912518604226E-03
3.01795327279344E-03
3.28191406718968E-03
3.34468549684983E-03
3.83339053897994E-03
3.90400468302504E-03
3.97460715053276E-03
4.04519170511668E-03
3.4297936062154E-03
3.48856933662408E-03
3.31082789023973E-03
3.12522414398974E-03
3.17607484160131E-03
2.73044419972228E-03
2.52127835051259E-03
2.30427080017779E-03
3.1191444459416E-03
2.90205772628772E-03
2.9448542581582E-03
2.98760274085953E-03
3.03030064946253E-03
3.07294552761483E-03
2.83230453124519E-03
2.8709697192647E-03
3.20053837912431E-03
2.94813439647323E-03
2.98662991318953E-03
3.32757147860119E-03
3.36978150243207E-03
3.41192096761109E-03
2.51199120821422E-03
2.54253121037196E-03
2.57301570842931E-03
2.2780129453648E-03
2.30458626577587E-03
2.66412295406607E-03
2.69437234706952E-03
3.06512980106016E-03
3.44335521886101E-03
3.82902330032071E-03
3.8702658371804E-03
3.55583343816942E-03
3.59315872123888E-03
3.99343775686284E-03
3.66754980362162E-03
3.70461291929915E-03
4.11574459921533E-03
4.15631453182181E-03
3.81525692307239E-03
3.85195225263573E-03
3.88855251666727E-03
3.92505650534284E-03
3.96146302662923E-03
3.99777090570284E-03
4.03397898439488E-03
4.47709473272772E-03
4.10609118807832E-03
3.31359446028523E-03
3.34223254870554E-03
3.37078634981861E-03
2.97434813267251E-03
2.57072826106953E-03
3.02394184231967E-03
3.04862402524817E-03
3.0732288080038E-03
2.65521898879806E-03
2.67617431416191E-03
2.69706150788623E-03
3.17085998511306E-03
3.19506737193142E-03
3.21919325466196E-03
3.24323697546314E-03
3.26719788347074E-03
3.7612289538633E-03
2.36776335109777E-03
2.38469808805732E-03
1.92125748874173E-03
1.93470738241923E-03
1.94810780160028E-03
1.96145839980087E-03
1.97475883385956E-03
1.49100657290162E-03
2.00120785310921E-03
2.51794470998264E-03
2.53431522246127E-03
2.55062094441655E-03
3.08023376415585E-03
2.58303639750265E-03
2.07931626239339E-03
1.56911271992841E-03
1.57869817293208E-03
1.5882433228623E-03
1.59774793876813E-03
1.60721179165969E-03
1.61663465447764E-03
1.62601630206381E-03
1.63535651113296E-03
1.64465506024573E-03
1.65391172978243E-03
2.21750173589074E-03
2.22973141413078E-03
2.24190438868708E-03
1.69051528208749E-03
1.69955932143588E-03
1.70856020036461E-03
1.71751771134075E-03
1.72643164847524E-03
1.73530180750451E-03
1.74412798577272E-03
2.33721330961973E-03
1.76164759734004E-03
1.77034063321635E-03
1.77898889345505E-03
1.78759218319634E-03
1.79615030909522E-03
1.80466307930798E-03
1.81313030347923E-03
1.82155179272937E-03
1.82992735964258E-03
1.83825681825522E-03
1.84653998404472E-03
1.85477667391881E-03
1.8629667062053E-03
2.49481320085614E-03
2.50560810449026E-03
2.5163400825493E-03
2.52700890024991E-03
2.53761432464085E-03
2.54815612459215E-03
2.55863407078464E-03
2.56904793569988E-03
3.86909624041575E-03
3.88452378085635E-03
3.89985419161252E-03
3.91508714207153E-03
3.93022230425468E-03
3.28771612733784E-03
3.30016497081491E-03
2.65002521375071E-03
1.99488930109654E-03
2.00220999735061E-03
2.00948084287112E-03
2.01670168273399E-03
2.02387236329072E-03
2.03099273216415E-03
2.03806263824431E-03
2.04508193168449E-03
2.05205046389746E-03
2.05896808755188E-03
2.06583465656881E-03
2.0726500261184E-03
2.0794140526167E-03
2.08612659372266E-03
2.09278750833515E-03
2.09939665659027E-03
2.80793853314481E-03
2.81661213432368E-03
2.82521616409984E-03
3.54218805319059E-03
4.26332218709122E-03
3.56326129246002E-03
3.5736662440564E-03
2.86718650182184E-03
2.87536938191749E-03
2.88348146537196E-03
2.16864193773269E-03
2.17461942735527E-03
2.90739125855127E-03
2.9152184861778E-03
2.92297409059878E-03
2.93065791133536E-03
3.67283723689518E-03
3.68226195984452E-03
2.95327709075275E-03
2.96067220408967E-03
2.96799475543039E-03
2.97524459391963E-03
3.7280269628771E-03
3.73690692114925E-03
4.4948345215698E-03
4.50527078733024E-03
4.51559688835975E-03
5.28011471487522E-03
5.29190404281567E-03
6.06121612791665E-03
6.07439392382834E-03
0.005326495521011
4.57522833567737E-03
3.82064790334679E-03
3.06280989284505E-03
3.06902680575387E-03
3.07516893446021E-03
3.08123615361033E-03
3.08722833944014E-03
3.09314536977498E-03
3.09898712402941E-03
3.10475348320703E-03
3.11044432990034E-03
3.11605954829065E-03
0.002341199268111
2.3452969836233E-03
3.13245029928718E-03
3.92220234756538E-03
3.92874659156381E-03
3.93519547324587E-03
4.72985863408696E-03
4.73736795378864E-03
3.95396864559983E-03
3.96003478915308E-03
3.9660049358895E-03
3.97187896486827E-03
3.97765675713544E-03
3.98333819572413E-03
4.78670779878572E-03
4.79329386472241E-03
4.79976389947396E-03
5.60713740092454E-03
5.6144145802854E-03
6.4246353604733E-03
5.6285613370406E-03
6.44049214706238E-03
5.64216367663137E-03
4.84179458141321E-03
4.84733185766076E-03
6.47033601503666E-03
6.4774065772426E-03
7.29486077352321E-03
7.30246298246404E-03
8.1220987477532E-03
8.94316902772126E-03
8.95181357117139E-03
8.14567461703084E-03
8.96845438064923E-03
8.97645031154379E-03
8.98422971043093E-03
1.06266637699319E-02
0.010635345252025
1.06437702929994E-02
1.22906985269363E-02
0.012299827360084
0.01148808241544
0.011496049097442
1.15037387552252E-02
9.86670105787547E-03
9.05008215989541E-03
9.8786949130364E-03
1.07080295548838E-02
9.88973697047339E-03
9.89490079469753E-03
9.89982634266555E-03
9.07913738914306E-03
9.08321536726658E-03
9.0870746665739E-03
9.09071520955713E-03
9.09413692310766E-03
9.09733973851654E-03
8.27302144679543E-03
8.27553492915874E-03
9.10563417480796E-03
9.10796079856867E-03
1.07664442914977E-02
0.017395553273804
1.73987394973167E-02
1.74015070774664E-02
1.74038559587054E-02
1.74057860938911E-02
1.74072974442859E-02
1.74083899795578E-02
1.74090636777808E-02
1.65803033575564E-02
1.40931250855173E-02
1.40926532461272E-02
1.24339785399018E-02
1.24329638815374E-02
0.012431650085971
1.16013680342653E-02
1.15995835150586E-02
9.94073133580246E-03
8.28226943272699E-03
9.10843646760618E-03
9.9339898625311E-03
8.2760537644472E-03
9.1009418184732E-03
7.44382265014121E-03
0.006614436456929
6.6119824602245E-03
6.6093693037326E-03
7.43242166992045E-03
7.42912394005133E-03
7.42564734332591E-03
0.007421991949577
7.41815783223576E-03
8.23793896481254E-03
8.23328193165571E-03
9.05126924403283E-03
9.04571032626421E-03
9.03993348324646E-03
8.21267166464109E-03
6.56561926571641E-03
5.74082510013349E-03
5.73659497542909E-03
5.73222656846905E-03
4.90947425753848E-03
5.72307526207554E-03
5.71829254677353E-03
5.71337191747785E-03
6.5237868265564E-03
6.51784836101841E-03
6.51175262865476E-03
6.50549975223525E-03
6.4990898577191E-03
6.4925230742545E-03
6.48579953417793E-03
7.28878429464044E-03
8.08985341184179E-03
8.08086218181914E-03
8.07167570755468E-03
8.06229417438589E-03
8.05271777163158E-03
9.65153603110941E-03
1.04428754749073E-02
9.6273855584989E-03
8.81371412948794E-03
8.00191961884309E-03
7.19206037742652E-03
7.18221900825528E-03
7.17220374847656E-03
7.16201480070005E-03
7.94628041234792E-03
7.1411166694804E-03
6.33814036368295E-03
0.006328467828462
6.3186418520921E-03
6.30866263374625E-03
6.29853037577562E-03
5.50221462324559E-03
4.70835567469043E-03
4.70041307647042E-03
3.91029694118181E-03
3.90348799767745E-03
3.11726736394462E-03
3.1116685626502E-03
3.88249263518017E-03
5.42542720282594E-03
4.64162805447349E-03
5.40490647907227E-03
5.39444865980694E-03
6.15298226928635E-03
6.14073048287085E-03
6.12832907340793E-03
6.88025058085715E-03
7.62884800163849E-03
6.85150836144029E-03
6.83688635633749E-03
7.58010831703346E-03
8.31984028475542E-03
7.54668928907307E-03
8.28267332719298E-03
8.2637859955566E-03
8.99421448431106E-03
8.97316970652183E-03
9.69789748076775E-03
9.67462372767892E-03
9.65111306822494E-03
8.14623275768909E-03
8.12593943719927E-03
8.84230570818954E-03
6.61480000880401E-03
6.59770843560336E-03
6.5804549146044E-03
6.56303980248389E-03
5.81818974180848E-03
5.80242333303868E-03
6.5098285404212E-03
5.77046284707125E-03
6.47355311206429E-03
6.45517614617826E-03
7.15182243040791E-03
6.41794562134618E-03
6.39909283748119E-03
5.6711842033722E-03
5.65414594841496E-03
4.93234709905079E-03
4.91719467475484E-03
4.20164635635321E-03
4.18845055028037E-03
4.17515115115248E-03
4.16174843816147E-03
3.45686891081038E-03
2.7564227998195E-03
2.74728216337342E-03
2.7380734120559E-03
2.04659755520797E-03
2.03958925808765E-03
2.0325303159955E-03
2.7005611713397E-03
2.69101479526818E-03
2.68140149591545E-03
2.67172147777807E-03
3.99296242057815E-03
3.97824316745859E-03
3.96342477172808E-03
3.94850755038326E-03
3.27790985250647E-03
3.26531492648558E-03
2.60211076099829E-03
2.59190455970736E-03
2.58163355734261E-03
2.57129797569345E-03
2.56089803832024E-03
2.55043397056314E-03
1.90492949966351E-03
2.52931435421266E-03
3.14832408160432E-03
3.13492620664882E-03
3.12144961088069E-03
2.48631567166595E-03
2.47540915228189E-03
2.46444037049577E-03
2.45340956812833E-03
2.44231698889079E-03
2.43116287839845E-03
2.41994748418488E-03
2.40867105571663E-03
2.39733384440855E-03
2.38593610363968E-03
2.3744780887698E-03
2.36296005715661E-03
2.35138226817361E-03
2.33974498322861E-03
2.32804846578308E-03
2.31629298137218E-03
2.30447879762559E-03
2.29260618428918E-03
2.8508442665594E-03
2.83585844818408E-03
2.82080062052686E-03
2.80567113164369E-03
3.34856439886556E-03
2.77519857644468E-03
2.7598562203659E-03
2.19555489888614E-03
2.18316891885469E-03
2.71340916062857E-03
3.23734563383104E-03
3.75493737182387E-03
4.79941167388977E-03
4.7709242896004E-03
4.74231515375421E-03
4.71358495792012E-03
3.64368231081908E-03
3.62114991968302E-03
4.11260001434265E-03
4.59746761668681E-03
4.56814270648334E-03
4.53870101439528E-03
4.50914327590324E-03
4.47947023322315E-03
4.94409181715143E-03
4.91086804291632E-03
5.36527054068159E-03
4.84404456456823E-03
4.81044658097394E-03
4.77672559540342E-03
4.74288248932639E-03
4.70891815303532E-03
4.67483348584595E-03
5.10469233593703E-03
5.52756816289813E-03
5.48623995821796E-03
5.89850276885616E-03
5.8534285175791E-03
6.70177513061252E-03
2.26080403520725E-02
4.22201789351942E-02
4.23192543761272E-02
4.32757336255721E-02
4.29222721949047E-02
0.042567723270859
4.22120972470776E-02
4.18554046466134E-02
4.14976561257498E-02
4.11388624779935E-02
4.07790346382516E-02
4.04181836872002E-02
4.00563208558562E-02
3.96934575303613E-02
3.93296052569908E-02
0.038964775747398
3.85989808841072E-02
3.82322327262683E-02
3.78645435156875E-02
3.74959256831482E-02
3.71263918550395E-02
3.67559548603069E-02
0.036384627737745
3.60124237436504E-02
3.52829627962563E-02
3.45601305161167E-02
3.27972453374448E-02
3.00281476590086E-02
0.029700695919942
2.93725548912606E-02
2.70407212577874E-02
2.64039149593914E-02
2.61003476795228E-02
0.025473743660021
2.45355430310498E-02
2.39268828591003E-02
1.77272617111484E-02
1.84305087463794E-02
1.75936763059634E-02
1.64723391654745E-02
1.74432803191661E-02
1.60487066730262E-02
1.43967407142498E-02
1.53397509199827E-02
1.37297418613663E-02
1.32635078794737E-02
0.012804796539422
0.015307762207355
1.72033917523934E-02
1.66895177815071E-02
1.77244386784977E-02
2.07439038011009E-02
0.020423700028831
2.23096887318641E-02
9.40876618721745E-03
9.4934717882131E-03
1.00370962764562E-02
1.26226573858308E-02
1.19559073919455E-02
1.15264268366963E-02
1.08869941038085E-02
1.04770322506156E-02
1.07045796598122E-02
1.13283749745563E-02
1.17187593038989E-02
1.06987757981944E-02
8.7392060534102E-03
9.51426543772473E-03
8.01382897108063E-03
8.2104059999656E-03
7.32021580289977E-03
7.15998457222262E-03
9.73159634418481E-03
9.50933130343496E-03
1.02649799010747E-02
1.00200121238191E-02
1.08616112821954E-02
1.04390821042563E-02
1.06145291813393E-02
5.02479321061714E-03
5.30922030359029E-03
5.02745761628959E-03
4.75376742605357E-03
4.6163808934157E-03
4.60388389449058E-03
4.34302418239196E-03
4.09026257944458E-03
3.95869774390034E-03
3.49963963176778E-03
3.06356409389863E-03
3.36389324206937E-03
3.24235456165485E-03
3.21614937399882E-03
3.09250688567656E-03
2.96973599849688E-03
3.35046571097388E-03
3.12808590293378E-03
2.99068390684814E-03
3.58652285493149E-03
3.4869986136619E-03
3.38249578989997E-03
3.2103111969467E-03
3.21916351843454E-03
3.04165122552185E-03
2.81369121203364E-03
2.49511403318669E-03
2.24503720810846E-03
1.96650668468681E-03
1.62767133097905E-03
2.15178630332629E-03
2.37191378651307E-03
1.50812485290691E-03
1.35127619577061E-03
8.82739111046774E-04
8.23326691878097E-04
1.50273088889384E-03
1.80840617956303E-03
1.39491296670216E-03
1.22412957568573E-03
1.07635080480705E-03
9.23974766331174E-04
7.82615618020877E-04
6.52746471354734E-04
5.3479310394643E-04
4.29109866685901E-04
3.31852858726268E-04
2.52313645771014E-04
1.82910017675885E-04
1.28607959802709E-04
7.50266836650383E-05
4.6115935504855E-05
2.75379410813452E-05
1.40783628318083E-05
6.00875305039241E-06
2.10149583033875E-06
5.54390312720072E-07
8.92465785092406E-08
6.09884743029782E-09
8.23887719655717E-11
5.58986376045303E-14
2.61048825979834E-21
1.12256051304773E-57
0
0
0
0
0
0
0
0
0
0
0
0
0
0
0
0
0
0
0
0
0
0
0
0
0
0
0
0
0
0
0
0
0
0
0
0
0
0
0
0
0
0
0
0
0
0
0
0
0
0
0
0
0
0
0
0
0
0
0
0
0
0
0
0
0
0
0
0
0
0
0
0
0
0
0
0
0
0
0
0
0
0
0
0
0
0
0
0
0
0
0
0
0
0
0
0
0
0
0
0
0
0
0
0
0
0
0
0
0
0
0
0
0
0
0
0
0
0
0
0
0
0
0
0
0
0
0
0
0
0
0
0
0
0
0
0
0
0
0
0
0
0
0
0
0
0
0
0
0
0
0
0
0
0
0
0
0
0
0
0
0
0
0
0
0
0
0
0
0
0
0
0
0
0
0
0
0
0
0
0
0
0
0
0
0
0
0
0
0
0
0
0
0
0
0
0
0
0
0
0
0
0
0
0
0
0
0
0
0
0
0
0
0
0
0
0
0
0
0
0
0
0
0
0
0
0
0
0
0
0
0
0
0
0
0
0
0
0
0
0
0
0
0
0
0
0
0
0
0
0
0
0
0
0
0
0
0
0
0
0
0
0
0
0
0
0
0
0
0
0
0
0
0
0
0
0
0
0
0
0
0
0
0
0
0
0
0
0
0
0
0
0
0
0
0
0
0
0
0
0
0
0
0
0
0
0
0
0
0
0
0
0
0
0
0
0
0
0
0
0
0
0
0
0
0
0
0
0
0
0
0
0
0
0
0
0
0
0
0
0
0
0
0
0
0
0
0
0
0
0
0
""
