0
0
0
0
0
0
0
0
0
0
0
0
0
0
0
0
0
0
0
0
0
0
0
0
0
0
0
0
0
0
0
0
0
0
0
0
0
0
0
0
0
0
0
0
0
0
0
0
0
0
0
0
0
0
0
0
0
0
0
0
0
0
0
0
0
0
0
0
0
0
0
0
0
0
0
0
0
0
0
0
0
0
0
0
0
0
0
0
0
0
0
0
0
0
0
0
0
0
0
0
0
0
0
0
0
0
0
0
0
0
0
0
0
0
0
0
0
0
0
0
0
0
0
0
0
0
0
0
0
0
0
0
0
0
0
0
0
0
0
0
0
0
0
0
0
0
0
0
0
0
0
0
0
0
0
0
0
0
0
0
0
0
0
0
0
0
0
0
0
0
0
0
0
0
0
0
0
0
0
0
0
0
0
0
0
0
0
0
0
0
0
0
0
0
0
0
0
0
0
0
0
0
0
0
0
0
0
0
0
0
0
0
0
0
0
0
0
0
0
0
0
0
0
0
0
0
0
0
0
0
0
0
0
0
0
0
0
0
0
0
0
0
0
0
0
0
0
0
0
0
0
0
0
0
0
0
0
0
0
0
0
0
0
0
0
0
0
0
0
0
0
0
0
0
0
0
0
0
0
0
0
0
0
0
0
0
0
0
0
0
0
0
0
0
0
0
0
0
0
0
0
0
0
0
0
0
0
0
0
0
0
0
0
0
0
0
0
0
0
0
0
0
0
0
0
0
0
0
0
0
0
0
0
0
0
0
0
0
0
0
0
0
0
0
0
0
0
0
0
0
0
0
0
0
0
0
0
0
0
0
0
0
0
0
0
0
0
0
0
0
0
0
0
0
0
0
0
0
0
0
0
0
0
0
0
0
0
0
0
0
0
0
0
0
0
0
0
0
0
0
0
0
0
0
0
0
0
0
0
0
0
0
0
0
0
0
0
0
0
0
0
0
0
0
0
0
0
0
0
0
0
0
0
0
0
0
0
0
0
0
0
0
0
0
0
0
0
0
0
0
0
0
0
0
0
0
0
0
0
0
0
0
0
0
0
0
0
0
0
0
0
0
8.11645133106237E-30
8.41055950753728E-16
4.03537136339872E-11
8.66960482307894E-09
2.09251646438414E-07
2.11870189313735E-06
9.9739014295976E-06
3.19652592589412E-05
7.92757035441413E-05
1.64298177613675E-04
2.98814232106964E-04
4.92731536261285E-04
7.5347203173984E-04
1.08586874989496E-03
1.49237844340441E-03
1.97344911267787E-03
2.52793354873313E-03
3.15348559037906E-03
3.84690807447055E-03
4.60444159779811E-03
5.42199448740656E-03
6.29531990795346E-03
7.22014814541549E-03
8.19228234151611E-03
9.2076652651216E-03
1.02624236470617E-02
1.13528954722134E-02
1.24756445651313E-02
1.36274658849182E-02
1.48053841769681E-02
1.60066480062481E-02
1.72287207014351E-02
0.018469269351209
1.97261526935554E-02
0.02099740850858
2.22812409501914E-02
2.35760081199566E-02
2.48802100876385E-02
2.61924774896978E-02
2.75115607832822E-02
0.011822891279647
1.35745723665141E-02
1.66943649160344E-02
1.67457033649781E-02
1.53776975835625E-02
1.56252494562774E-02
1.58463025172297E-02
2.17693672900443E-02
0.027671983980013
3.18785773274783E-02
3.29215511893667E-02
3.30922485587047E-02
3.27591458577957E-02
3.18822125236199E-02
3.08969761202165E-02
2.98036065475089E-02
3.61292633172156E-02
4.32575276393487E-02
4.64734420697526E-02
4.81671163714612E-02
5.32087258076106E-02
5.67267690555299E-02
5.80232467206893E-02
5.93150545373574E-02
6.06020701086217E-02
0.061884182097581
6.31612892686904E-02
6.44332996128729E-02
6.57001295488176E-02
6.69617031935852E-02
6.82179516962922E-02
6.94688126292198E-02
7.07142294312205E-02
0.071954150898777
7.31885307204889E-02
7.44173270511625E-02
7.56405021220227E-02
7.68580218838916E-02
7.80698556804615E-02
7.92759759490553E-02
8.04763579465015E-02
8.16709794979652E-02
7.45738386900935E-02
7.47981489986509E-02
7.66980841970095E-02
0.07775234574656
2.71426876028126E-02
2.92765331428876E-02
2.87585972962397E-02
0.030036136893482
3.31778519878846E-02
3.35868912178681E-02
3.11609929300312E-02
3.15320573404046E-02
2.99677709126986E-02
3.03126888707571E-02
9.69118096539341E-02
9.89905250898475E-02
0.101085348391681
0.102174357071603
0.103257454116725
0.104334638509858
0.105405909483308
0.106471266482303
0.107530709131614
0.108584237205111
0.109631850598027
0.110673549301715
0.11170933338069
0.112739202951797
0.113763158165307
0.114781199187817
0.11579332618679
0.116799539316622
0.117799838706098
0.118794224447142
9.58261572677985E-02
9.66122040864027E-02
9.86109389531137E-02
9.93972310625032E-02
9.89419583063121E-02
9.97090803690379E-02
0.101727364009984
0.102494492802142
0.101982054105087
0.102730246320959
0.103473704720083
8.07646321649618E-02
8.26453035256097E-02
9.51081026198723E-02
9.57601663684943E-02
9.10519676718188E-02
8.49200623383669E-02
0.135681621414342
0.136563565858594
0.137439581359176
0.138309666095583
0.13917381814488
0.140032035482917
0.140884315985714
0.141730657430964
0.142571057499673
0.143405513777905
0.144234023758632
0.145056584843658
0.145873194345639
0.133482303036043
0.134214578150255
0.127527065260526
0.126718050807853
0.128885506547838
0.144621798647712
0.134766090024317
0.118709341269675
0.117774867864386
0.124506154340406
0.125114416878616
0.125717827530885
0.143470460097841
0.142577992606049
0.149535768542234
0.153383215861889
0.154076713261106
0.159550905563544
0.160253822101466
0.160950718056521
0.161641589396767
0.162326432051977
0.159745137077574
0.157130894254519
0.156127509344128
0.165005433203566
0.165660070196782
0.166308653404292
0.163612154978719
0.16256001209568
0.168218037446259
0.16884236254825
0.160987581679219
0.112248036332904
0.107527687005479
0.109618474069485
0.108279845318982
0.118997798621111
0.124590444069353
0.125004875834345
0.125414908080945
0.136305582447677
0.13674024147439
0.107274071395245
0.104078440818961
0.109704665057915
0.110034960413978
0.096121261422315
0.133892087935153
0.148600778159819
0.149022537813986
0.149439186051868
0.180543035337957
0.181032691715668
0.181516177017711
0.181993487041286
0.182464617608232
0.182929564566328
0.183388323790574
0.183840891184447
0.184287262681127
0.184727434244706
0.185161401871366
0.18558916159054
0.186010709466044
0.186426041597189
0.186835154119866
0.187238043207619
0.187634705072679
0.188025135966992
0.188409332183214
0.188787290055693
0.189159005961421
0.189524476320973
0.18988369759942
0.190236666307226
0.190583379001119
0.190923832284946
0.143443517107883
0.126446725203734
0.124739941585159
0.132633859713449
0.134772464462798
0.125342698218009
0.131329397413799
0.131526775344475
0.164649847028843
0.153246874718929
0.16123146376519
0.161451491533526
0.167509651122589
0.167726795277077
0.165985744377522
0.164234472055348
0.16638818148647
0.139144424898724
0.196199010740472
0.196413641954252
0.196621954636792
0.196823946607225
0.197019615746456
0.197208959997607
0.197391977366433
0.197568665921738
0.197739023795762
0.197903049184569
0.126758873822978
0.17046240222636
0.170587117494026
0.176661254935667
0.18273787980662
0.178878713793657
0.182963877004925
0.177098508044519
0.17520276420627
0.177283252594846
0.169395593404444
0.171464092686385
0.171534241649242
0.199533638222725
0.199602504251116
0.199665017864664
0.199721178388592
0.199770985216356
0.199814437809765
0.199851535699081
0.199882278483113
0.199906665829286
0.199924697473713
0.199936373221239
0.199941692945481
0.199940656588853
0.199933264162573
0.199919515746664
0.199899411489939
0.199872951609971
0.199840136393052
0.19980096619414
0.199755441436789
0.19970356261307
0.199645330283475
0.193593322724508
0.195519611536282
0.199432518888352
0.199348879504594
0.199258890439539
0.199162552661495
0.149294900404624
0.153192143085857
0.149126593306638
0.145061027382213
0.142981683604606
0.130977835369059
0.138817363781786
0.198163435106828
0.198010013532834
0.197850256597823
0.197684165998099
0.197511743494384
0.197332990911468
0.183347556428192
0.18316954790653
0.173147719261937
0.172968152284265
0.145294815383941
0.168669782367107
0.193945600700625
0.195675327207532
0.195439696403768
0.195197757203731
0.134515163355394
0.130445625666175
0.101105739559275
0.114558510738841
0.13960333790248
0.139401928697863
0.135329435625817
0.137055172147882
0.131061063753909
0.163567185026904
0.163302704275605
0.16878699208802
0.166587339148959
0.166300266830554
0.16791587896152
0.133329702785256
0.127381908056203
0.166995173650946
0.151524786641944
0.141778856914785
0.145271837546649
0.124267922787821
0.122134026139983
0.108753502351622
0.101037966606614
9.33512133032531E-02
9.87343812905602E-02
0.131970487423646
0.124251735818152
0.118413163150114
0.162434427109067
0.163886720392674
0.16532459104193
0.144759128413571
0.144395114197148
0.144026212731236
0.114558264794271
0.114256290525862
9.22455835140172E-02
9.74062936720184E-02
9.89363056031606E-02
9.68653066398704E-02
8.40689216294338E-02
4.63719728981522E-02
0.04623613526478
4.43256732596758E-02
4.41919892333426E-02
4.58190422346144E-02
4.74336224523551E-02
4.55330080986057E-02
4.53876028075719E-02
0.048720653572603
4.85606385221092E-02
7.60554346346538E-02
7.57986084204346E-02
0.068671907375263
6.67227118223526E-02
7.33072140207851E-02
7.47444819597602E-02
7.44742545967686E-02
7.08285640216175E-02
7.39257784400541E-02
7.36475334742809E-02
0.091708274739283
0.097997711772532
9.76138826650213E-02
9.39306696728618E-02
0.113248313233079
0.119325280171287
0.105809954821732
0.119956788523943
0.106535193087301
0.106077921059284
9.92156631315054E-02
9.87786381648462E-02
0.103096168408548
6.63148853710293E-02
6.60112618608464E-02
6.57051168230897E-02
6.38393934718667E-02
6.35356192582795E-02
8.32777307316146E-02
7.51979117002564E-02
6.71907485567071E-02
0.113956039332409
0.119424731754551
0.123322860512816
0.115200428804271
0.114593088032829
0.113981154009099
7.36133955203079E-02
7.46742765773176E-02
7.42598520235776E-02
7.38423912137595E-02
0.142524856064645
0.141702711215017
0.142297656919428
0.141455319113542
0.140607040697855
0.139752823960019
0.138892671090449
0.138026584180734
0.137154565222158
0.136276616104382
0.127269174297414
0.126432758368808
0.133607205144763
0.132705552217165
0.131797977019886
0.130884480815077
0.129965064759447
0.129039729904755
0.128108477198645
0.127171307485848
0.126228221509789
0.125279219914635
0.124324303247828
0.123363471963139
0.122396726424293
0.121424066909223
0.120445493614998
0.119461006663488
0.118470606107838
0.117474291939805
0.116472064098055
0.115463922477481
0.114449866939649
0.113429897324461
0.11240401346313
0.11137221519261
0.110334502371565
0.109290874898048
0.108241332729014
0.107185875901824
0.106124504557931
0.105057218968911
0.103984019565059
9.87887106880943E-02
0.101819882018899
0.100728945828493
9.96320998059698E-02
9.85293457102597E-02
0.097420685698116
0.096306122378015
9.51856588690293E-02
9.40592988651148E-02
9.29270467052881E-02
9.17889074502088E-02
9.06448869657397E-02
8.94949920140977E-02
0.075088345800285
7.67162975440195E-02
7.56889263463125E-02
8.48368399789731E-02
8.36577129844181E-02
8.24727771651503E-02
7.55923054837371E-02
5.68607380801707E-02
3.86528124889886E-02
3.41771339797939E-02
3.28784937373863E-02
3.16017432627742E-02
0.030347065854332
2.91146449398014E-02
2.64736556206829E-02
2.67173066798073E-02
0.035911981968277
3.32263509463965E-02
3.06134081565879E-02
3.19909199267872E-02
3.26497225013093E-02
3.51374137723576E-02
0.030733315979212
3.37024292196336E-02
3.35697614041818E-02
4.49287593993253E-02
4.39163412125908E-02
4.34504272723505E-02
0.043491932511626
4.19062222830662E-02
4.08542612878031E-02
3.43268733373952E-02
3.24459524978696E-02
4.47461195676741E-02
4.16529836880372E-02
4.08857940302377E-02
3.87964910011148E-02
3.75941312814134E-02
3.59859049971967E-02
3.47942550334029E-02
3.17141365592949E-02
3.05884984854378E-02
2.94630777338947E-02
2.76636668017748E-02
2.65670264265425E-02
1.92595146079739E-02
1.57578286084963E-02
1.50539925621651E-02
1.46235953975446E-02
1.13360461309362E-02
1.14933616824889E-02
1.08817592028352E-02
1.02748139701006E-02
9.4674382328861E-03
7.72584533784359E-03
6.50261976591789E-03
6.22638393431995E-03
5.46437911058881E-03
4.90231445301555E-03
4.63709777548455E-03
4.35822188213472E-03
3.62788303841351E-03
3.17259857247486E-03
2.92777300570826E-03
2.43980063493212E-03
2.21221221748983E-03
1.86144573713073E-03
1.33875438083919E-03
1.13115924807103E-03
1.15633535718921E-03
8.23722760322505E-04
6.31576876782108E-04
4.88273984742571E-04
2.97353930593014E-04
3.29597944280807E-04
2.18049087753279E-04
3.75989369575093E-04
2.21481552154191E-04
1.14559274998727E-04
6.03090170567797E-05
2.16946306939308E-05
6.01426091193675E-06
9.77852616941777E-07
8.36775841210503E-08
1.92532103091701E-09
2.63289318813066E-12
1.37655911059879E-18
1.95401670179876E-43
0
0
0
0
0
0
0
0
0
0
0
0
0
0
0
0
0
0
0
0
0
0
0
0
0
0
0
0
0
0
0
0
0
0
0
0
0
0
0
0
0
0
0
0
0
0
0
0
0
0
0
0
0
0
0
0
0
0
0
0
0
0
0
0
0
0
0
0
0
0
0
0
0
0
0
0
0
0
0
0
0
0
0
0
0
0
0
0
0
0
0
0
0
0
0
0
0
0
0
0
0
0
0
0
0
0
0
0
0
0
0
0
0
0
0
0
0
0
0
0
0
0
0
0
0
0
0
0
0
0
0
0
0
0
0
0
0
0
0
0
0
0
0
0
0
0
0
0
0
0
0
0
0
0
0
0
0
0
0
0
0
0
0
0
0
0
0
0
0
0
0
0
0
0
0
0
0
0
0
0
0
0
0
0
0
0
0
0
0
0
0
0
0
0
0
0
0
0
0
0
0
0
0
0
0
0
0
0
0
0
0
0
0
0
0
0
0
0
0
0
0
0
0
0
0
0
0
0
0
0
0
0
0
0
0
0
0
0
0
0
0
0
0
0
0
0
0
0
0
0
0
0
0
0
0
0
0
0
0
0
0
0
0
0
0
0
0
0
0
0
0
0
0
0
0
0
0
0
0
0
0
0
0
0
0
0
0
0
0
0
0
0
0
0
0
0
0
0
0
0
0
0
0
0
0
0
0
0
0
0
0
0
0
0
0
0
0
0
0
0
0
0
0
0
0
0
0
0
0
0
0
0
0
0
0
0
0
0
0
0
0
0
0
0
0
0
0
0
0
0
0
0
0
0
0
0
0
0
0
0
0
0
0
0
0
0
0
0
0
0
0
0
0
0
0
0
0
0
0
0
0
0
0
0
0
0
0
0
0
0
0
0
0
0
0
0
0
0
0
0
0
0
0
0
0
0
0
0
0
0
0
0
0
0
""
