0
0
0
0
0
0
0
0
0
0
0
0
0
0
0
0
0
0
0
0
0
0
0
0
0
0
0
0
0
0
0
0
0
0
0
0
0
0
0
0
0
0
0
0
0
0
0
0
0
0
0
0
0
0
0
0
0
0
0
0
0
0
0
0
0
0
0
0
0
0
0
0
0
0
0
0
0
0
0
0
0
0
0
0
0
0
0
0
0
0
0
0
0
0
0
0
0
0
0
0
0
0
0
0
0
0
0
0
0
0
0
0
0
0
0
0
0
0
0
0
0
0
0
0
0
0
0
0
0
0
0
0
0
0
0
0
0
0
0
0
0
0
0
0
0
0
0
0
0
0
0
0
0
0
0
0
0
0
0
0
0
0
0
0
0
0
0
0
0
0
0
0
0
0
0
0
0
0
0
0
0
0
0
0
0
0
0
0
0
0
0
0
0
0
0
0
0
0
0
0
0
0
0
0
0
0
0
0
0
0
0
0
0
0
0
0
0
0
0
0
0
0
0
0
0
0
0
0
0
0
0
0
0
0
0
0
0
0
0
0
0
0
0
0
0
0
0
0
0
0
0
0
0
0
0
0
0
0
0
0
0
0
0
0
0
0
0
0
0
0
0
0
0
0
0
0
0
0
0
0
0
0
0
0
0
0
0
0
0
0
0
0
0
0
0
0
0
0
0
0
0
0
0
0
0
0
0
0
0
0
0
0
0
0
0
0
0
0
0
0
0
0
0
0
0
0
0
0
0
0
0
0
0
0
0
0
0
0
0
0
0
0
0
0
0
0
0
0
0
0
0
1.87935478359952E-41
3.4016129451681E-22
1.05582126277692E-15
1.99191521590265E-12
1.77043407395951E-10
4.3663240695944E-09
3.28734194207742E-08
1.79390963141481E-07
6.45661824982141E-07
1.52534473032447E-06
3.27563380318348E-06
6.9551612626037E-06
1.2469949551001E-05
2.14104599540653E-05
3.30420424346866E-05
3.97796473875991E-05
5.29672185364991E-05
7.13492639933733E-05
9.08178002357924E-05
1.18406759012455E-04
1.507976409889E-04
1.43380420275703E-04
1.71699972009302E-04
1.83560887062059E-04
2.06331349281448E-04
1.86543230109099E-04
2.02774741557038E-04
2.39676917141385E-04
3.53507162792682E-04
4.06131710323036E-04
4.62930674322997E-04
4.74787475177134E-04
5.53337566919835E-04
6.00220723666377E-04
6.4805889025069E-04
6.74261275937254E-04
7.46145327506217E-04
6.42083045722235E-04
7.92124999501947E-04
8.68810188197187E-04
9.49149109075562E-04
1.51736249332122E-03
1.76580784315351E-03
1.42544846954583E-03
1.94050870247784E-03
2.41799075914388E-03
2.56294740455967E-03
2.62641549468695E-03
2.51016542174705E-03
2.60545899034488E-03
4.07432366281852E-03
4.06991400999426E-03
4.20699023190376E-03
4.39568429750776E-03
4.53290753079811E-03
4.72487590088075E-03
1.71599200661592E-03
1.76404537915875E-03
1.81174878432499E-03
1.85908930547853E-03
1.7154500129183E-03
1.75737386365669E-03
1.73231658676402E-03
1.99436657761424E-03
2.17515604911564E-03
2.36591586411348E-03
5.85560146409549E-03
6.73481849450422E-03
6.97039829463308E-03
7.29606035442224E-03
7.33785016468541E-03
7.76297204008578E-03
7.5711758133772E-03
6.90237012633691E-03
7.7543826073603E-03
8.5373747541182E-03
8.37616452993046E-03
8.69355571902837E-03
9.28031086144344E-03
8.51668977345214E-03
6.9685546498294E-03
6.62053098265198E-03
5.93140254391379E-03
6.28428701773519E-03
6.48725984870829E-03
6.69236084248861E-03
6.8995433817166E-03
7.46419974585069E-03
7.68596922080223E-03
6.77981362392866E-03
6.77966181351187E-03
6.77033846992054E-03
7.16086159312434E-03
7.56392130767756E-03
7.76394832120733E-03
8.62929488500815E-03
8.62235853148868E-03
9.30339503485701E-03
1.23918674780228E-02
1.26913307507612E-02
2.14880199248522E-02
2.17340057491177E-02
2.22329097319245E-02
2.40721392308862E-02
2.46066345665785E-02
0.024864760017751
0.010273832100617
1.10739959961968E-02
1.21970369565678E-02
1.33578160759407E-02
1.26982844858813E-02
1.38983037483424E-02
1.44924681067704E-02
1.28023917545392E-02
1.33801862141358E-02
1.29492124731738E-02
1.42293800812041E-02
3.10967258560629E-02
0.031294734085336
3.11159929164153E-02
3.16585895866877E-02
3.22030511635464E-02
3.35198970887792E-02
3.40808255030836E-02
3.38471004307763E-02
3.48031890667116E-02
3.61850924346544E-02
3.63415153890322E-02
3.69106795533992E-02
3.74813421191211E-02
3.76160591971976E-02
0.044398818109571
0.045059592218313
4.57218734277639E-02
4.08193366953763E-02
1.45857326437189E-02
1.33608285400214E-02
1.25801112234355E-02
1.27540651211331E-02
1.19338456400459E-02
0.013102901801677
1.42991261278272E-02
1.50051523871166E-02
1.57249565889115E-02
1.59276341987418E-02
0.01774364998901
1.85116552981692E-02
0.018742260838272
2.12052723329717E-02
2.25932630680404E-02
2.11505627399724E-02
2.19810556228937E-02
2.34106869321705E-02
2.30915666140252E-02
2.27590082419732E-02
0.024230249362188
0.028179414021756
2.84942425153475E-02
2.37989496212091E-02
2.53255944770059E-02
5.43995602241498E-02
5.49824773194494E-02
0.054258182675469
5.41671973822092E-02
5.47300735062762E-02
5.66416807241169E-02
5.78996741979193E-02
5.77953870633615E-02
5.42028581225038E-02
5.33350252437201E-02
5.38569912409501E-02
5.43789142679409E-02
5.56231481579912E-02
5.68810205120686E-02
5.81525025225609E-02
5.79516252540415E-02
5.99863458764009E-02
6.05349299534693E-02
5.65020451928764E-02
5.70090524562452E-02
6.91744198652976E-02
7.21358263921919E-02
6.80195927124843E-02
6.86075029598479E-02
4.98847831955489E-02
0.048685203315767
5.15492278703044E-02
5.19786519195016E-02
7.57000372110615E-02
7.54805841663716E-02
7.60924388754025E-02
7.67037083736153E-02
7.73143684506865E-02
7.53269152694036E-02
7.59159723951268E-02
7.56250108179058E-02
7.62059737263508E-02
8.30362844930598E-02
8.99602237029285E-02
9.06332608869032E-02
0.091305413830419
9.19766576059709E-02
9.26469674888881E-02
9.14499925752623E-02
9.21049939209828E-02
9.37055290203188E-02
9.53183805348986E-02
0.095983656978919
8.50501126461323E-02
4.18437093827069E-02
3.91891696378946E-02
3.84671618683667E-02
3.67385587625295E-02
3.69821891105232E-02
8.75299231566298E-02
8.81006488089269E-02
8.35742850229455E-02
7.69299927794072E-02
0.043354703069687
4.67443428684694E-02
4.91271279480403E-02
0.048380004172572
5.39685315950519E-02
5.11036643071998E-02
4.60572366060943E-02
4.74110055013114E-02
4.76930276572253E-02
3.59807944483484E-02
3.50946119163523E-02
0.031989053162934
3.10637441300147E-02
2.90095605014423E-02
2.91738013453633E-02
3.49794732145389E-02
0.035174292468363
3.53685995233172E-02
3.78567360648983E-02
4.38295104456589E-02
4.40657661205694E-02
0.041969714248283
3.63322448198073E-02
3.65233550481285E-02
3.78982319887551E-02
0.038094359448969
0.034700225819132
3.60795571100474E-02
3.50530462086597E-02
3.52286436571993E-02
0.039066143357649
3.80318554868302E-02
3.69849553558257E-02
3.71643059432997E-02
3.73430680306339E-02
3.75212364816207E-02
3.76988061942422E-02
2.90380919436535E-02
2.79048947215547E-02
2.67595106725225E-02
2.30417980820258E-02
2.18605819014754E-02
2.32508216980716E-02
2.33547648028346E-02
0.022155084623945
2.22525269224926E-02
1.44615072154569E-02
0.015844452247385
1.72384895067648E-02
1.99752332915498E-02
2.00595684137288E-02
2.01435678738645E-02
1.88787474205742E-02
1.76024772319418E-02
1.76743921733623E-02
1.91110859032799E-02
2.19290138999787E-02
0.02201641429769
2.34849048688417E-02
2.49638493414562E-02
2.36686295900925E-02
2.65551652822073E-02
6.03283216165103E-02
6.19653770476785E-02
6.21983796537999E-02
6.24303074996028E-02
6.26611544683492E-02
6.00322365541471E-02
5.30778299124667E-02
5.32691939597697E-02
6.64633223726599E-02
7.39488003416044E-02
6.69333460770809E-02
7.30071746166522E-02
0.123075842432067
0.11614642681701
0.115065706448808
0.115453163488369
0.115838580032805
0.117711971135958
0.118098165607042
9.74854067315168E-02
9.77997036487324E-02
9.96216788819108E-02
0.102965669408669
0.103288983183509
0.103610450761673
6.87772482386682E-02
7.20536367250545E-02
7.22719658262413E-02
7.24889966309693E-02
7.42516326956126E-02
7.75735548510699E-02
7.78002605236895E-02
7.49045395851493E-02
0.076684464775723
0.080041368897129
0.084988424707091
0.074177858098622
7.59655798181701E-02
5.55433006539601E-02
5.88765384409957E-02
6.22258722155724E-02
7.19902579282789E-02
8.66161438773855E-02
9.32751676503352E-02
0.093516476918432
9.21395923332352E-02
6.32028353354035E-02
0.084482178871055
8.46923620413017E-02
7.67374346118941E-02
8.18346751045591E-02
0.103360669965319
0.101963181105195
0.100556002244116
9.74868981967991E-02
0.101025217658139
0.102916984473108
0.098159537602929
9.00428324123162E-02
4.34503659614297E-02
4.35459719006984E-02
4.53192630837018E-02
4.20526572597857E-02
4.21422545322857E-02
4.22310702959876E-02
3.89335742238507E-02
4.41026027345661E-02
4.24928073021097E-02
4.25784759028035E-02
4.43698866365182E-02
5.12969222035928E-02
5.31100950293654E-02
5.49289093529402E-02
5.15938789259971E-02
4.99679116100036E-02
6.90493900857677E-02
6.91762335984201E-02
6.75692402937662E-02
0.118024269800858
0.159962697880004
0.165467808138965
0.167498421883691
0.167784132980536
0.164565311467563
0.168346119483479
0.110658437932967
0.112596987292966
0.123349778872291
0.123544287348875
0.167928074165232
0.164644993780591
0.164894146880012
0.163364498658109
0.101363864016206
0.165622981644201
0.164076261751005
0.164307344806759
0.164535333121576
0.161178477414462
0.161395438940482
7.72133597218796E-02
7.91121115961863E-02
0.077413399820831
0.075708642949385
7.58027685505753E-02
7.40884279765335E-02
7.41775158487894E-02
0.072453855872105
7.25380343363489E-02
6.35432363811135E-02
6.54320481045028E-02
5.45867510417367E-02
5.46457626520431E-02
5.28802822064546E-02
6.02367506178366E-02
5.84710270176197E-02
0.135349589650789
0.139144051309564
0.131947370458836
0.132071560509521
0.111997056878343
0.13415010111919
0.123232635527162
0.121497990033481
0.106860898779186
0.114324589317195
0.134716076166024
0.134821611530594
0.158952254181423
0.162769866330015
0.162887823891883
0.183378024219571
0.185357337033481
0.18548082556418
0.185600790238757
0.185717228291349
0.185830137038085
0.185939513877087
0.186045356288468
0.186147661834336
0.186246428158784
0.186341652987903
0.186433334129769
0.186521469474453
0.186606056994014
0.186687094742504
0.186764580855965
0.186838513552433
0.186908891131932
0.186975711976481
0.187038974550091
0.187098677398765
0.187154819150501
0.187207398515288
0.187256414285111
0.18730186533395
0.187343750617778
0.185508248482818
0.181794315520546
0.174326642482048
0.174352322965844
0.1743746835773
0.168768119809364
0.161281850706463
0.161293315726212
0.118162880054351
0.121918104959183
0.123795494945564
0.11816782503875
0.12191624178019
0.150044279809185
0.125654264959854
0.129394621536734
0.135006929285048
0.131241068327765
0.157467481002176
0.159316999332239
0.161162858079044
0.161131330716653
0.157350299896488
0.157313513698602
0.157273732718725
0.153487363635671
0.134730162974739
0.136559040852351
0.147734401700412
0.14207470805711
0.15323477878453
0.153175509370438
0.143777147113833
0.145582461348088
0.110071134020582
0.110020107367311
9.50562100796147E-02
0.12481506940412
0.115440297705737
5.58280105385811E-02
5.76566428224576E-02
5.94820597621351E-02
5.57310510085919E-02
5.19835043769102E-02
5.00950028629442E-02
4.82079513120247E-02
4.63224561811576E-02
4.81418424875249E-02
5.55085572260249E-02
5.54677806322847E-02
5.54259509533922E-02
5.35369668500861E-02
5.90284119769683E-02
6.26667069463399E-02
5.70897251093837E-02
6.07211450446467E-02
5.88297748321237E-02
0.060614115158781
6.42291107882394E-02
4.40018100046999E-02
4.21283020227285E-02
4.20874046089696E-02
4.20457099612635E-02
4.56556728766474E-02
4.01355879439584E-02
4.19158523778711E-02
4.18709786521451E-02
4.00068208585162E-02
3.99623836459672E-02
4.17316084747588E-02
4.71205600471567E-02
4.88755741755205E-02
4.15851376785574E-02
3.97288831027017E-02
3.60726615541773E-02
3.78288493957847E-02
3.59816096938035E-02
3.59350648611574E-02
3.40934500939898E-02
3.40479456851519E-02
3.40017994555738E-02
3.39550124848671E-02
3.56921956508109E-02
3.38595207166522E-02
3.38108181565155E-02
3.55383992947371E-02
3.19372156372628E-02
0.033660897524608
3.36096569082363E-02
0.033557784750506
3.35052822718089E-02
3.16915111972435E-02
0.031640581242388
3.15890576988957E-02
3.15369417823176E-02
2.97351105717847E-02
2.27001217201927E-02
2.96338826073925E-02
2.95824359266336E-02
2.95304357331542E-02
2.77438901263768E-02
3.11556491485312E-02
2.93711264699728E-02
2.58678747261014E-02
0.041311306868994
3.43610362359959E-02
3.77248769915149E-02
3.59404605777522E-02
3.58701418760518E-02
3.75038771166291E-02
4.42340512524536E-02
4.58423821357474E-02
5.08317238196672E-02
5.24174075255558E-02
5.06203814509922E-02
5.72484072173479E-02
0.057125987502399
5.70025094450473E-02
5.18593310763302E-02
6.00907661229867E-02
5.99566818707684E-02
0.058159781747321
0.149212982930321
0.089321692943141
3.79559413456081E-02
3.62203778071414E-02
3.61344057622583E-02
3.93248388900111E-02
3.75950363764153E-02
4.07642155400398E-02
4.71696750572527E-02
4.54295125270076E-02
4.69334530857074E-02
4.68140518665519E-02
5.47444485933925E-02
4.97845928191004E-02
5.28577187003914E-02
5.27179711712385E-02
0.13064653203334
0.123938684610325
0.123601584374837
0.123262238110177
0.11976884258275
0.114719351392746
0.148870855425144
0.156259694923305
0.13867125734905
0.138268882197418
6.19613541983654E-02
5.71449036675997E-02
5.08151181002439E-02
5.06622466009181E-02
5.05084655939839E-02
5.03537789565216E-02
4.86770333041237E-02
4.70088738723299E-02
4.83726782751084E-02
4.52055042444314E-02
4.80648718176134E-02
4.64125064493505E-02
4.77536452646192E-02
5.20589555609002E-02
4.59565607102101E-02
4.43254335311129E-02
3.97583939648905E-02
0.120337116005203
0.106761964591611
0.100562933720212
0.103116807767546
6.07840609762889E-02
6.34525927454447E-02
6.17885937025916E-02
7.44514502622743E-02
7.41805154578069E-02
0.122232945705961
0.121780613077063
0.136844638353992
0.137735172423731
0.13861269254426
0.139477140227697
0.138939066980055
0.138398615348577
0.137855799770787
0.137310634782474
0.136763135018166
0.136213315211614
0.127521518784511
0.127000368411538
0.12513157846864
0.127291577052055
0.126758441324057
0.124894522413078
0.125685830386103
0.125146384616185
0.120669974626608
0.100554937735057
0.101412861642789
0.126851214739566
0.126284193134085
0.126997917791514
0.12769794175939
0.127113088116024
0.126526180619699
0.125937235888639
0.125346270652199
0.12475330175166
0.124158346141044
8.52573804126794E-02
5.77923952919534E-02
5.62863959369151E-02
6.08794998356339E-02
5.93656407246748E-02
5.90684491509538E-02
5.99697385958403E-02
5.84713335085493E-02
4.98612231677929E-02
5.19654666094492E-02
5.05197006225211E-02
5.02542050858502E-02
5.58005074870797E-02
5.31898612413057E-02
5.40535206518775E-02
6.17669004584731E-02
7.16669899438605E-02
7.01402550256469E-02
7.20000757513636E-02
0.105157020386837
0.105674788931019
0.102860311939716
0.101169445453237
9.40234109610794E-02
9.78217050061981E-02
6.69913198680701E-02
9.98901521458644E-02
0.100359620170527
9.97536455057616E-02
0.100201083640905
0.094344615530495
9.37606479508813E-02
9.42107416949702E-02
9.25890674373636E-02
9.20014932494984E-02
9.14127558437041E-02
6.15577263576031E-02
6.11571566460353E-02
6.17518363180752E-02
6.33220060044131E-02
6.48650320534937E-02
6.34522917650254E-02
0.096956333759374
9.62926447713621E-02
9.56278667436875E-02
9.49620231585844E-02
9.42951376830718E-02
9.36272341715614E-02
0.092958336668528
9.22884694112489E-02
9.16176568326108E-02
9.09459235639882E-02
0.090273294438192
8.95997944924944E-02
7.29188681568174E-02
7.58952436650616E-02
0.083195607079216
8.51596426963146E-02
8.36335197751423E-02
8.55419362475842E-02
0.08486305945207
8.41835198843804E-02
7.68230770055663E-02
7.45403047008509E-02
6.57129568127686E-02
6.10944585296245E-02
6.46214678858831E-02
6.40751157866636E-02
6.43224938150569E-02
4.56614500518138E-02
4.52645799813689E-02
4.40939113993858E-02
4.67703760899064E-02
4.86319579820726E-02
4.44280793798072E-02
4.32772588288286E-02
4.21400243310732E-02
2.71001215621743E-02
2.10415614706001E-02
2.44359731103726E-02
2.42024939416574E-02
2.39689903940336E-02
2.37354735851207E-02
2.35019547487453E-02
2.32684452371997E-02
1.89699641958731E-02
1.74364413325213E-02
1.79217169416231E-02
1.70795007599447E-02
1.69011038315547E-02
1.47932179575617E-02
1.46355218941216E-02
0.013848422889043
1.30751028330277E-02
1.47786706058468E-02
1.27876588825381E-02
1.26440771532923E-02
1.25005997004206E-02
1.29456744780214E-02
1.33772277379115E-02
1.20708755487512E-02
1.24958934091844E-02
1.23462609539806E-02
1.21967909185378E-02
1.25951058542633E-02
1.29800457148477E-02
1.28175801357764E-02
1.31826384424459E-02
1.24933146490218E-02
1.18177221308124E-02
1.21700082788812E-02
1.20087421348985E-02
0.010860436504171
9.25223998255664E-03
0.009125246254667
8.52489090355045E-03
7.93810388304359E-03
7.82515661623629E-03
8.16612637209204E-03
8.04705971848197E-03
9.69010703555955E-03
9.97914409021489E-03
9.82809939434337E-03
9.67744492147304E-03
9.52719342410741E-03
9.7850690593914E-03
1.04315971667151E-02
0.011052680125314
1.16484510295688E-02
1.14553574861406E-02
1.12628948906062E-02
2.43563799109606E-02
3.22771463741501E-02
2.38731711851274E-02
2.02994764389547E-02
1.89029599393011E-02
2.12570996775256E-02
2.08633290866765E-02
2.04712132367069E-02
1.91245680840023E-02
1.31280826368879E-02
1.28701610156184E-02
1.32141050499029E-02
1.26522616206931E-02
1.15274956399851E-02
0.017494390920286
1.93326034805411E-02
2.18882704927253E-02
2.16730061882472E-02
0.021190363107422
2.09632054085587E-02
0.02146767225108
0.020965110875797
2.11715942467768E-02
2.06586647102651E-02
0.020373222546044
2.00802352907619E-02
1.95672285529941E-02
2.07154069457532E-02
2.01664836348114E-02
1.96220587363409E-02
1.90822360898681E-02
1.85471214241195E-02
1.80168223868572E-02
1.74914485735288E-02
1.69711115544982E-02
0.016455924900588
1.59460042066388E-02
1.54414671127533E-02
1.49424333228601E-02
1.44490246201852E-02
1.39613648791809E-02
1.34795800734032E-02
1.30037982787818E-02
1.25341496716584E-02
0.012070766520906
1.16137831733651E-02
1.11633360317502E-02
1.03979766183692E-02
9.04869333603447E-03
9.16292357844707E-03
8.86392509493296E-03
8.38307275685474E-03
7.31493107031345E-03
5.41535970399144E-03
4.76536582473253E-03
4.45614441656436E-03
4.15934686437677E-03
4.1076767209582E-03
4.01413540781151E-03
3.53423505344648E-03
3.19765887889024E-03
3.11747358951284E-03
2.85803491173809E-03
4.63567859203696E-03
4.73240529029478E-03
4.54171349218079E-03
4.45959429005714E-03
4.37339567838575E-03
4.13373870377302E-03
3.99631000253358E-03
3.85828009872692E-03
3.67491467067811E-03
3.53761030069578E-03
3.10973740948554E-03
3.02343747831704E-03
3.1622787685397E-03
2.91342008312104E-03
2.74428659160129E-03
2.57881812799563E-03
2.47994239305736E-03
2.34864778422166E-03
2.21818410242166E-03
2.27383392384981E-03
2.13429957188291E-03
1.34639913109426E-03
1.81709986042099E-03
1.72653003597376E-03
1.61374288497865E-03
1.14265106278066E-03
7.95454717295431E-04
5.53058420448486E-04
4.99606148670876E-04
4.48110182677509E-04
3.57855088956468E-04
3.0662634256532E-04
2.67807484086414E-04
2.31330880808029E-04
1.91541865721931E-04
1.61109207275551E-04
1.37387246074577E-04
1.11631673630242E-04
9.14034776008812E-05
1.03346116722498E-04
7.63696656622326E-05
5.67351479942376E-05
4.43308966399217E-05
4.55407255662129E-05
2.75538946319963E-05
1.56367220055715E-05
8.76618644926398E-06
2.37888375460435E-06
9.30612944948595E-07
4.00708678589874E-07
9.3653769626223E-08
1.46913845838301E-08
7.28742184762045E-10
1.77767454334237E-11
5.15109013998306E-14
1.60250392517178E-18
1.33718590246762E-29
1.2826091668023E-84
0
0
0
0
0
0
0
0
0
0
0
0
0
0
0
0
0
0
0
0
0
0
0
0
0
0
0
0
0
0
0
0
0
0
0
0
0
0
0
0
0
0
0
0
0
0
0
0
0
0
0
0
0
0
0
0
0
0
0
0
0
0
0
0
0
0
0
0
0
0
0
0
0
0
0
0
0
0
0
0
0
0
0
0
0
0
0
0
0
0
0
0
0
0
0
0
0
0
0
0
0
0
0
0
0
0
0
0
0
0
0
0
0
0
0
0
0
0
0
0
0
0
0
0
0
0
0
0
0
0
0
0
0
0
0
0
0
0
0
0
0
0
0
0
0
0
0
0
0
0
0
0
0
0
0
0
0
0
0
0
0
0
0
0
0
0
0
0
0
0
0
0
0
0
0
0
0
0
0
0
0
0
0
0
0
0
0
0
0
0
0
0
0
""
