0
0
0
0
0
0
0
0
0
0
0
0
0
0
0
0
0
0
0
0
0
0
0
0
0
0
0
0
0
0
0
0
0
0
0
0
0
0
0
0
0
0
0
0
0
0
0
0
0
0
0
0
0
0
0
0
0
0
0
0
0
0
0
0
0
0
0
0
0
0
0
0
0
0
0
0
0
0
0
0
0
0
0
0
0
0
0
0
0
0
0
0
0
0
0
0
0
0
0
0
0
0
0
0
0
0
0
0
0
0
0
0
0
0
0
0
0
0
0
0
0
0
0
0
0
0
0
0
0
0
0
0
0
0
0
0
0
0
0
0
0
0
0
0
0
0
0
0
0
0
0
0
0
0
0
0
0
0
0
0
0
0
0
0
0
0
0
0
0
0
0
0
0
0
0
0
0
0
0
0
0
0
0
0
0
0
0
0
0
0
0
0
0
0
0
0
0
0
0
0
0
0
0
0
0
0
0
0
0
0
0
0
0
0
0
0
0
0
0
0
0
0
0
0
0
0
0
0
0
0
0
0
0
0
0
0
0
0
0
0
0
0
0
0
0
0
0
0
0
0
0
0
0
0
0
0
0
0
0
0
0
0
0
0
0
0
0
0
0
0
0
0
0
0
0
0
0
0
0
0
0
0
0
0
0
0
0
0
0
0
0
0
0
0
0
0
0
0
0
0
0
0
0
0
0
0
0
0
0
0
0
0
0
0
0
0
0
0
0
0
0
0
0
0
0
0
0
0
0
0
0
0
0
0
0
0
0
0
0
0
0
0
0
0
0
0
0
0
0
0
0
0
0
0
0
0
0
0
0
0
0
0
0
0
0
0
0
0
0
0
0
0
0
0
0
0
0
0
0
0
0
0
0
0
0
0
0
0
0
0
0
0
0
0
0
0
0
0
0
0
0
0
0
0
0
0
0
0
0
0
0
0
0
0
0
0
0
0
0
0
0
0
0
0
0
0
0
0
0
0
0
0
0
0
0
0
0
0
0
0
0
0
0
0
0
0
0
0
0
0
0
0
0
0
0
0
0
0
0
0
0
0
0
0
0
0
0
0
0
0
0
0
0
0
0
0
0
0
0
0
0
0
0
0
0
0
0
0
0
0
0
0
0
0
0
0
0
0
0
0
0
0
0
0
0
0
0
0
0
0
0
0
0
0
0
0
0
0
0
0
0
3.52931836616409E-79
4.60396949266253E-24
1.03259757208953E-14
6.49254825163476E-11
6.35433839138029E-09
1.3922732033898E-07
1.75871966013519E-06
8.06234896243198E-06
2.9790528524734E-05
7.54945508072573E-05
1.60208386576231E-04
2.71447519618832E-04
4.5768024711595E-04
7.14476602738116E-04
1.01475971539335E-03
1.48341487894966E-03
1.14789356427603E-03
1.49145596690324E-03
1.42236275541397E-03
1.53605335283008E-03
1.75190970575431E-03
2.01975359109309E-03
2.21775337175324E-03
4.70026039658396E-03
5.17631390795465E-03
5.96660908129124E-03
6.31820003900899E-03
6.3386231234108E-03
6.99999803730568E-03
7.68077410982342E-03
9.65401104234889E-03
6.72066226379949E-03
7.68533321915994E-03
9.18242438738467E-03
1.00807169507075E-02
1.07576935566206E-02
1.14417681342985E-02
0.012427784413735
1.28270727755279E-02
2.40836630914055E-02
0.018740860714576
3.42401135046446E-02
3.66246852317918E-02
3.90813743796825E-02
4.16089760867586E-02
4.33395075985592E-02
4.50693855828227E-02
4.67975502435245E-02
4.85230359599756E-02
5.02449634903497E-02
5.19625327755636E-02
5.36750163083351E-02
5.31664829101447E-02
0.055940499874407
5.76001280588803E-02
5.98571363747703E-02
6.21400349124112E-02
6.38100796005736E-02
6.54715227244096E-02
6.71240347125651E-02
6.87673186222437E-02
7.04011073425569E-02
7.20251610338438E-02
7.36392647831517E-02
7.52432264576517E-02
7.68368747392296E-02
7.84200573248745E-02
7.99926392787612E-02
8.15545015231093E-02
8.31055394559989E-02
8.46456616853201E-02
8.61747888689748E-02
8.76928526522834E-02
8.91997946943426E-02
9.06955657757814E-02
9.21801249810262E-02
9.36534389487725E-02
9.51154811849133E-02
9.65662314326644E-02
9.80056750950901E-02
9.94338027056336E-02
9.58080789705178E-02
9.81658508969014E-02
0.094321738056231
9.66304674355185E-02
0.088315875998847
8.83672453244714E-02
0.109113922003346
0.110451653020008
0.111778145436699
0.113093420060423
6.06306745959736E-02
6.24728196008782E-02
0.080710795392067
0.101688813888338
0.101576999453236
0.101430698153486
0.103690030808949
0.10596464390864
0.108254232506424
0.11935291870537
0.126828228827965
0.128010914882023
0.129182739438325
0.130343732551056
0.131493924264851
0.132633344563695
0.133762023324709
0.134879990276419
0.135987274961152
0.137083906701238
0.138169914568701
0.139245327358156
0.140310173562663
0.141364481352301
0.125319285128595
0.127663017450493
0.131462650142555
0.136748266693571
0.137690170907334
0.138622320658861
0.138060221403543
0.132986311164273
0.135345141203642
0.14679386483433
0.149228538091246
0.14707576813921
0.143334970548755
0.128677504745607
0.127864641143653
0.153685264742519
0.15454677222282
0.158569777749089
0.159428688341781
0.160277539661081
0.161116351186451
0.161945141980096
0.141604619701238
0.143944007292557
0.103554091886028
0.104051092770892
0.131092144551443
0.131699689228234
0.130624737882543
0.13120916269667
0.133475453808459
0.134051793057548
0.134620360881596
0.135181168684933
0.137452382375356
0.11902897271454
0.135085279342548
0.135608448355868
0.136124007876465
0.157652270303246
0.165262047107116
0.165855920085105
0.16644066761474
0.170569838527415
0.139058091459733
0.139520642466276
0.136386535533286
0.129621356843572
0.180593711769523
0.181148125798073
0.181692913639463
0.107514569743021
0.104169578549056
0.104463677109
0.135994225015416
0.176901856307877
0.181064778921444
0.183385245635818
0.181991590358747
0.182440948757207
0.18288095141596
0.15525370621998
0.168734310347988
0.167233624549343
0.169482428879833
0.164182185545806
0.166414153387746
0.166750606435766
0.167078700990075
0.161691676580935
0.167709832808649
0.158466692493686
0.160657238997339
0.159014749774619
0.12473498981228
0.109557686434873
0.123202233114552
0.125314184884737
0.152524639929758
0.152736881945923
0.14132583881489
0.143446639742216
0.139742741807046
0.143795346139471
0.142013831454907
0.14411612748725
0.130619262696186
0.122942797135896
0.128918490924386
0.195505375124347
0.187843472619641
0.186034486653696
0.180294103239379
0.182380917563374
0.182499260105775
0.182608850799042
0.184674311285996
0.18476739232677
0.184851631058016
0.188861646105984
0.192865652948602
0.192925826377356
0.196915086458148
0.18317064449107
7.87963504048137E-02
6.30446938044312E-02
6.10790082615502E-02
6.69915764862729E-02
6.69900765595381E-02
9.06272791360535E-02
9.06166006616123E-02
8.46927976103498E-02
8.66439097708103E-02
0.188991894304648
0.190901561285269
0.190833440998518
0.155358140806595
0.15135646457131
0.139492559121479
0.147270406003749
0.137370296314129
0.141203958522256
0.14894519949368
0.146876271438477
0.144803285919666
0.142726524029477
0.150413368711754
0.171739802805106
0.175469645432103
0.175287827294154
0.178988579552926
0.180728689327849
0.18245551361101
0.178352910842892
0.178123655605536
0.179819253132375
0.158330483730374
0.158102909409506
0.161718012159956
0.161469002382829
0.151616090247635
0.15328298818031
0.153023119655746
0.150846226296389
0.163916690354139
0.190247532347061
0.189884774221393
0.189512523333562
0.189130774482933
0.188739522291641
0.169504885080989
0.169135636921576
0.172507994029707
0.155275873913958
0.151178813218409
0.147091770533421
0.113297845407505
0.118570673802694
0.147831698008462
0.162186639580401
0.161749985123003
0.117312652778092
0.116982814437434
0.136695506839594
0.123573745375959
0.119580053915286
0.119214531464617
0.115241357568626
0.118464403219705
0.132392485866234
0.133737258835976
0.129731403227945
0.136368903229672
0.137655177201837
0.144196847374884
0.171704734372013
0.171067115270075
0.1738979065703
0.173227777266035
0.172547880249003
0.1718582024672
0.171158730536827
0.17044945073645
0.169730349001171
0.169001410916793
0.168262621714025
0.167513966262709
0.166755429066102
0.165986994255219
0.165208645583264
0.164420366420145
0.163622139747121
0.162813948151579
0.161995773821978
0.161167598542973
0.160329403690762
0.159481170228663
0.158622878702985
0.157754509239184
0.125500833230712
0.11387084205824
0.116316546067897
0.114093081302815
0.107282537162715
0.10663204227455
0.112030066288077
9.32741773717495E-02
0.092678955005234
9.05922279210874E-02
8.85187125718304E-02
0.105508926827778
0.098966376636782
0.12284795068233
0.120544019192739
0.122526018329531
0.093343115236711
9.40514521630044E-02
8.49797736217725E-02
8.57065320503978E-02
8.22905918510283E-02
0.104762356719078
0.103910252510788
4.28259425871338E-02
4.11379459024713E-02
3.81536447688918E-02
3.78202814846973E-02
4.39465081111502E-02
4.35483144881347E-02
4.06084033730917E-02
0.040226673124153
4.10864938821285E-02
0.102330493342204
6.95764779049145E-02
6.76632508656234E-02
7.29434549665705E-02
6.86259306904827E-02
6.32073312645396E-02
7.52501993219771E-02
7.44102554552019E-02
8.48804433766644E-02
8.38945041697572E-02
8.40054879850078E-02
8.84491628802147E-02
8.73570431317856E-02
8.51909053105903E-02
8.09406852641996E-02
7.88390659655822E-02
9.72250348287603E-02
9.89186056674004E-02
9.75308172704914E-02
7.16084816467958E-02
8.02237017585983E-02
7.71160556167129E-02
7.59323633567457E-02
7.47395398445362E-02
7.44454778970769E-02
4.28602009685556E-02
4.03814812605189E-02
3.88208012765767E-02
2.71167995099108E-02
2.74561815331776E-02
2.53115560524348E-02
2.48275841808529E-02
2.43402870802587E-02
3.23124986396286E-02
3.08900197420451E-02
3.17074170873831E-02
2.66861367023972E-02
2.32654111522437E-02
5.30283978086723E-02
0.051091259608861
4.91800415577921E-02
5.04908636176141E-02
3.92130645574419E-02
0.036944756005639
3.59165132126032E-02
0.032596289063438
1.44264876351317E-02
1.55962370345418E-02
1.66617533092787E-02
1.61122247111452E-02
1.55612865115393E-02
0.015009193242454
0.038399346696795
3.38878018285983E-02
2.75321481624888E-02
2.15920547120833E-02
2.06587250477619E-02
0.020457695446882
0.029589271739804
2.68081540704023E-02
2.54260219054563E-02
2.70214329453837E-02
2.60491551356986E-02
2.44965640407232E-02
0.022713039286494
2.12112543294989E-02
2.12318204474951E-02
1.98630654281159E-02
1.83095780886835E-02
1.41032703249992E-02
0.014235706065271
1.30347127910564E-02
9.2298080991042E-03
8.23623187638562E-03
6.20156928466745E-03
0.00508526701675
4.47683280301286E-03
2.74167475874674E-03
2.52302612489229E-03
2.31026654275814E-03
2.41502914820971E-03
1.97132982644379E-03
1.2997477274102E-03
9.69784001518134E-04
6.71858629113093E-04
4.75080053786425E-04
4.4544605195284E-04
3.08831881888361E-04
1.67015506324719E-04
7.94294548904769E-05
3.17424570825309E-05
9.94029876522676E-06
2.17856822104154E-06
2.14323337491621E-07
1.07369978412058E-08
9.24796273067176E-11
1.04982724205795E-14
2.77400009636219E-23
3.67440950028787E-69
0
0
0
0
0
0
0
0
0
0
0
0
0
0
0
0
0
0
0
0
0
0
0
0
0
0
0
0
0
0
0
0
0
0
0
0
0
0
0
0
0
0
0
0
0
0
0
0
0
0
0
0
0
0
0
0
0
0
0
0
0
0
0
0
0
0
0
0
0
0
0
0
0
0
0
0
0
0
0
0
0
0
0
0
0
0
0
0
0
0
0
0
0
0
0
0
0
0
0
0
0
0
0
0
0
0
0
0
0
0
0
0
0
0
0
0
0
0
0
0
0
0
0
0
0
0
0
0
0
0
0
0
0
0
0
0
0
0
0
0
0
0
0
0
0
0
0
0
0
0
0
0
0
0
0
0
0
0
0
0
0
0
0
0
0
0
0
0
0
0
0
0
0
0
0
0
0
0
0
0
0
0
0
0
0
0
0
0
0
0
0
0
0
0
0
0
0
0
0
0
0
0
0
0
0
0
0
0
0
0
0
0
0
0
0
0
0
0
0
0
0
0
0
0
0
0
0
0
0
0
0
0
0
0
0
0
0
0
0
0
0
0
0
0
0
0
0
0
0
0
0
0
0
0
0
0
0
0
0
0
0
0
0
0
0
0
0
0
0
0
0
0
0
0
0
0
0
0
0
0
0
0
0
0
0
0
0
0
0
0
0
0
0
0
0
0
0
0
0
0
0
0
0
0
0
0
0
0
0
0
0
0
0
0
0
0
0
0
0
0
0
0
0
0
0
0
0
0
0
0
0
0
0
0
0
0
0
0
0
0
0
0
0
0
0
0
0
0
0
0
0
0
0
0
0
0
0
0
0
0
0
0
0
0
0
0
0
0
0
0
0
0
0
0
0
0
0
0
0
0
0
0
0
0
0
0
0
0
0
0
0
0
0
0
0
0
0
0
0
0
0
0
0
0
0
0
0
0
0
0
0
0
0
0
0
0
0
0
0
0
0
0
0
0
0
0
0
0
0
0
0
0
0
0
0
0
0
0
0
0
0
0
0
0
0
0
0
0
0
0
0
0
0
0
0
0
0
0
0
0
0
0
0
0
0
0
0
0
0
0
0
0
0
0
""
