0
0
0
0
0
0
0
0
0
0
0
0
0
0
0
0
0
0
0
0
0
0
0
0
0
0
0
0
0
0
0
0
0
0
0
0
0
0
0
0
0
0
0
0
0
0
0
0
0
0
0
0
0
0
0
0
0
0
0
0
0
0
0
0
0
0
0
0
0
0
0
0
0
0
0
0
0
0
0
0
0
0
0
0
0
0
0
0
0
0
0
0
0
0
0
0
0
0
0
0
0
0
0
0
0
0
0
0
0
0
0
0
0
0
0
0
0
0
0
0
0
0
0
0
0
0
0
0
0
0
0
0
0
0
0
0
0
0
0
0
0
0
0
0
0
0
0
0
0
0
0
0
0
0
0
0
0
0
0
0
0
0
0
0
0
0
0
0
0
0
0
0
0
0
0
0
0
0
0
0
0
0
0
0
0
0
0
0
0
0
0
0
0
0
0
0
0
0
0
0
0
0
0
0
0
0
0
0
0
0
0
0
0
0
0
0
0
0
0
0
0
0
0
0
0
0
0
0
0
0
0
0
0
0
0
0
0
0
0
0
0
0
0
0
0
0
0
0
0
0
0
0
0
0
0
0
0
0
0
0
0
0
0
0
0
0
0
0
0
0
0
0
0
0
0
0
0
0
0
0
0
0
0
0
0
0
0
0
0
0
0
0
0
0
0
0
0
0
0
0
0
0
0
0
0
0
0
0
0
0
0
0
0
0
0
0
0
0
0
0
0
0
0
0
0
0
0
0
0
0
0
0
0
0
0
0
0
0
0
0
0
0
0
0
0
0
0
0
0
0
0
0
0
0
0
0
0
0
0
0
0
0
0
0
0
0
0
0
0
0
0
0
0
0
0
0
0
0
0
0
0
0
0
0
0
0
0
0
0
0
0
0
0
0
0
0
0
0
4.14912367813736E-98
4.15248469504426E-24
1.18406623158504E-14
7.1417892170581E-11
7.0444615429622E-09
1.25490181328403E-07
8.95171780572702E-07
3.70544754671397E-06
8.39988894317501E-06
2.19080506969197E-05
4.345077165086E-05
7.28275902090661E-05
1.14874834944826E-04
1.74588425934052E-04
2.72207649857752E-04
4.50038834335751E-04
6.11599743800151E-04
7.75882826677716E-04
9.59345738694605E-04
1.25227966125109E-03
1.5436717582368E-03
7.40009955897752E-04
8.64423915412393E-04
9.68306881614189E-04
1.27329190475844E-03
1.32673621075136E-03
1.53098298833177E-03
1.7522119704956E-03
3.45735542349142E-03
3.91660466247863E-03
3.90506872188834E-03
3.83808793329931E-03
3.63796230731096E-03
4.16499865569232E-03
4.56247424458014E-03
4.14902915555857E-03
5.21715806125628E-03
4.61057996300969E-03
5.89575081017607E-03
6.71428229618536E-03
1.04530693619472E-02
1.31175440278768E-02
0.013799142343075
1.44884161745477E-02
1.50330384069054E-02
1.57292250781073E-02
1.64316735685187E-02
1.71399902243165E-02
1.76734630812465E-02
0.018385163901711
1.92965506924587E-02
2.00248438199904E-02
2.07573545832969E-02
2.17109160951973E-02
2.24585253528585E-02
2.32096036007335E-02
2.39639152858132E-02
2.47212374205549E-02
2.49717315851213E-02
1.83708553274963E-02
2.05269982779508E-02
2.11101901875749E-02
2.16949455414941E-02
1.81767198708929E-02
1.95587199505447E-02
0.016358438407263
1.58205343116803E-02
1.58850530831131E-02
1.59345941879009E-02
1.25713911880192E-02
1.42505110067671E-02
1.42155169359709E-02
2.54246798208024E-02
2.04070778425423E-02
0.020080170545241
0.020495569541708
0.020516601289893
2.57532012611707E-02
2.74860303127135E-02
3.17745122200734E-02
3.23708534402751E-02
3.20995940604281E-02
3.66547103882465E-02
3.50583281110112E-02
3.56698535046402E-02
3.67462636791069E-02
3.97299346828768E-02
4.08683157290966E-02
4.20219132888788E-02
0.043190662795607
4.43744989690215E-02
4.60854160035558E-02
0.046787166689124
4.74882173392536E-02
4.81885242244069E-02
4.78016438537524E-02
4.84848103914005E-02
5.08432805478091E-02
5.26808642811605E-02
5.34000367783235E-02
5.81916068931694E-02
5.89626879294647E-02
5.97325982637905E-02
6.05012996109307E-02
0.061268754589674
0.062034926683838
6.27997802053554E-02
0.063563280259299
6.43253927107329E-02
6.50860841532801E-02
6.58453218793106E-02
6.66030738516518E-02
6.73593086767381E-02
6.81139955791147E-02
6.88671043772202E-02
6.96186054603766E-02
7.03684697669164E-02
7.11166687633883E-02
7.18631744247776E-02
7.26079592156881E-02
7.33509960724325E-02
7.40922583859829E-02
7.48317199857332E-02
6.80124196116296E-02
6.79115732306886E-02
6.70239691958616E-02
0.066883103286677
6.75109718918969E-02
6.10065306100901E-02
6.39643344912455E-02
6.37368679534391E-02
7.97736879649666E-02
8.04793872863351E-02
8.28398615071308E-02
8.35558137176385E-02
8.42696587454653E-02
8.49813752192144E-02
8.56909420356511E-02
8.63983383519906E-02
8.71035435785191E-02
0.087806537371537
8.85072996266019E-02
8.92058104720637E-02
8.99020502628742E-02
9.05959995746589E-02
9.12876391980405E-02
6.34640955919072E-02
6.48647395092628E-02
6.53439576694149E-02
6.77021211695394E-02
8.61865859799588E-02
8.68030104052864E-02
8.74172157377488E-02
9.18986006649132E-02
0.091561066675213
9.31692739905414E-02
9.77505622760482E-02
9.84064338115067E-02
5.30320081073941E-02
6.14378509235764E-02
6.58921957839931E-02
6.93768896881302E-02
9.03535237485715E-02
9.09228811920932E-02
8.10933342333421E-02
8.15938614362774E-02
8.31447704410897E-02
8.36474816707478E-02
8.52132234009669E-02
8.89323858051697E-02
0.104542374322888
0.104065043332084
0.106843292060687
0.107450797269388
0.106952958525931
0.10311383071892
0.103682510757081
0.102006649685262
0.100303906737191
0.100840519738529
0.100235531754724
9.96160272577633E-02
7.13591748036434E-02
7.28826759151893E-02
0.073253375402454
0.051418692811634
5.51982913833212E-02
7.43543065950865E-02
6.99735631425653E-02
0.119172812213089
0.119743353939681
0.120310871953865
0.120875353565282
0.121436786181958
0.121995157309506
0.115197427277327
0.115716505666802
0.116232671565579
0.121713824805413
0.122245846841951
0.117763580911042
0.118267983879817
0.118769418311746
0.1179990660958
0.118489259793535
6.14072176988315E-02
6.16571504567971E-02
4.51394561381837E-02
4.27297615894199E-02
4.54982989021461E-02
7.83017428414306E-02
7.99145201865118E-02
4.47129393317947E-02
5.28026395330386E-02
5.56505294887648E-02
4.78773432263169E-02
4.80530399364147E-02
4.95671941241544E-02
4.43674370201477E-02
4.58744402345897E-02
4.33278449528353E-02
4.48373780413748E-02
6.54426218139035E-02
5.47213457039322E-02
0.1098116313361
0.110177848350337
0.107777801358157
0.112288358841302
0.112650836061023
0.118591292138992
0.116166614997995
0.115125479858937
0.118297709641595
8.33438768409452E-02
8.92631389404028E-02
8.66875511375215E-02
7.98170529511045E-02
8.00501238668635E-02
0.117554646574696
8.05103426936896E-02
7.78539995650429E-02
8.24083936338422E-02
8.55350308093072E-02
9.73976071614677E-02
9.47446008007786E-02
0.097919632035059
9.08503952513963E-02
9.10863634750005E-02
9.42659061720197E-02
0.094504866904088
0.124348232571766
0.138011756127513
0.138348873617263
9.99111226051064E-02
0.1001491054868
0.118363975734671
0.118638797399696
0.146004299390298
0.150860420425006
0.151197258366162
0.151530403197916
0.151859848095709
0.1521855863146
0.152507611189246
0.13143028787513
0.125575205606647
0.125830099035909
0.126081926312869
0.137115008835659
0.134294432765646
0.139191541639874
0.141003914143338
0.14126628348592
0.147746105670266
8.88076971262835E-02
8.58439731640699E-02
8.28671600880231E-02
9.55397341282589E-02
9.72706182196214E-02
9.58614168341568E-02
9.75928477364976E-02
9.61737922264349E-02
3.31615756765205E-02
3.63765115395184E-02
3.64323200602083E-02
3.49008434358276E-02
3.49525348908408E-02
3.34123167599377E-02
3.34600408440827E-02
3.35069545915001E-02
0.035150821674631
3.03985046966684E-02
3.20407851481403E-02
3.20823690302023E-02
2.89108591221299E-02
3.53795284042552E-02
3.38125837720775E-02
0.03546502882454
0.030664699015617
3.06997684318515E-02
3.07340960714242E-02
3.07676812419024E-02
3.08005232659869E-02
3.24553910331735E-02
3.08639752414622E-02
2.60164917170073E-02
0.027669241947257
7.49402064766837E-02
7.82701473220297E-02
8.32361756161334E-02
7.18738376834474E-02
7.02994680164723E-02
7.36293132832499E-02
0.163750312199991
0.163875980359151
0.163997698134453
0.164115463077714
0.164229272820601
0.164339125074646
0.164445017631258
0.164546948361735
0.164644915217273
0.164738916228982
0.16482894950789
0.164915013244959
0.164997105711092
0.165075225257147
0.122210534032314
0.12391465454419
0.122311441001314
0.122357478601812
0.165406177063937
0.1456051774636
0.145649414753194
0.149001286496858
0.149039358522033
0.149073844036122
0.155731619784531
0.155760144071216
0.165728638833013
0.165751009130528
0.165769391370391
0.165783785183675
0.165794190281503
0.165800606455055
0.165803033575564
0.165801471594321
0.165795920542673
0.165786380532024
0.165772851753832
0.165755334479613
0.165733829060933
0.165708335929409
0.165678855596708
0.16564538865454
0.165607935774658
0.165566497708852
0.165521075288944
0.165471669426785
0.165418281114249
0.165360911423225
0.160340574660444
0.14705846700805
0.146996784138427
0.140327896645414
0.141912371450228
0.140193181269788
0.141769238571617
0.140044962401813
0.138319136451816
0.139883251953235
0.138152666801126
0.1397080629229
0.14782808996354
0.151009243111477
0.150901688346366
0.12620508945944
0.129384542545444
0.114554399342564
0.114461505241511
0.107830659453444
8.81491667268011E-02
0.154939937130715
0.154798898574187
0.144886495987569
0.144747369487234
0.151103839191969
0.149328030707853
0.132958890450648
0.132817847146781
0.10840403571868
9.05056564363743E-02
8.71740976415905E-02
8.70727770833676E-02
0.111127505248516
0.104558307003685
4.49846943534469E-02
4.49277992729949E-02
4.64723108645728E-02
4.96119016368272E-02
4.95453048222716E-02
4.30933140495317E-02
4.30332224908594E-02
4.93383241826004E-02
4.76776824740875E-02
4.91943592786428E-02
4.91205878185429E-02
0.050627742627696
4.73898138906907E-02
4.73149697530969E-02
4.72389778183171E-02
4.24456556650374E-02
3.92362972890869E-02
4.07369133294103E-02
6.72571073883271E-02
6.24558079628392E-02
6.07867135969201E-02
5.60100341277037E-02
5.43548968925223E-02
5.73545161441599E-02
5.87939553566642E-02
6.02261007668053E-02
6.31921128720241E-02
6.15298226928635E-02
5.98721222079908E-02
5.97512084657273E-02
5.80998937939048E-02
5.64534752121248E-02
5.48120668915223E-02
0.0546950908507
5.45767798826409E-02
5.29444381757163E-02
2.26400678672192E-02
2.40950496791069E-02
3.00501308929331E-02
3.44778221898591E-02
3.58926788260873E-02
3.58076214674501E-02
3.72100912603035E-02
3.41500923952575E-02
3.85094639454393E-02
3.54586448168695E-02
3.53692228327582E-02
3.52789333802881E-02
3.81200931834861E-02
3.80204061732699E-02
3.79197855254625E-02
0.061090992288989
5.36724158306078E-02
5.64185140169837E-02
0.038950624217731
4.02798860306222E-02
4.01655404651092E-02
5.29234859850185E-02
5.41959852469233E-02
5.68808252220551E-02
0.055294045982879
5.65414594841496E-02
5.07327130188081E-02
5.05768595117641E-02
4.62181099198853E-02
4.74691062365108E-02
4.87100967634456E-02
4.85537317785505E-02
5.25444074443178E-02
5.23720331965705E-02
4.94510789407215E-02
4.92853214170061E-02
4.77539429548526E-02
4.35112375058698E-02
5.96208892692013E-02
5.53615040124638E-02
6.72753698817045E-02
6.70350373978863E-02
7.08006191611188E-02
7.18733235704067E-02
7.29344580700742E-02
5.68090883947692E-02
5.39629365219045E-02
5.37577215811061E-02
4.44082830002038E-02
4.29348275564718E-02
4.40623775150251E-02
4.90510375895096E-02
4.49977145746354E-02
4.48157156706041E-02
4.20821605142918E-02
4.06384959928215E-02
4.17336868445088E-02
3.40019000813266E-02
3.63651439971264E-02
3.12144961088069E-02
2.98357880599914E-02
2.72295006751008E-02
2.71088440754535E-02
2.69875052494117E-02
2.68654868777987E-02
2.91739545407814E-02
0.030249343552311
2.89040526685996E-02
3.11653399773111E-02
0.029824201295496
2.73064980208527E-02
2.71740406573011E-02
2.70408960839965E-02
2.57371948155147E-02
2.67725573565054E-02
0.02663736928578
2.41970273750687E-02
2.40723649350364E-02
2.50874295457227E-02
2.38212109647463E-02
2.36947252124257E-02
2.24453690531495E-02
2.45561389250141E-02
2.44217474727132E-02
2.53906772273663E-02
2.63466587866336E-02
2.40148581074016E-02
0.02279263694928
2.37405346480943E-02
2.25296242309432E-02
2.13307185506212E-02
2.33245187491575E-02
2.31846518627983E-02
2.61865830995562E-02
2.39441980425254E-02
2.27615137808647E-02
2.26193000788846E-02
2.34981678186215E-02
2.13179992969222E-02
2.11806047338446E-02
2.00406367817922E-02
1.89133187624978E-02
1.87875489051754E-02
0.018661298563082
1.65835634893795E-02
0.016469751519532
1.53934290591166E-02
1.52855219052909E-02
1.42286474679792E-02
0.015068538089713
1.40245004575378E-02
1.48500140681804E-02
1.38189204072453E-02
1.37155998955449E-02
1.36119294665911E-02
0.014408439427887
0.013403550261225
0.013298847265925
1.40733929783981E-02
1.30884291884929E-02
1.21172054151602E-02
1.11597907706752E-02
1.19189625158405E-02
1.09751452842402E-02
1.00452971151872E-02
9.95943747017995E-03
9.87332699471844E-03
9.78696831318038E-03
8.89200041118404E-03
9.6135170054055E-03
8.73256065667949E-03
8.65251315653798E-03
8.57225066442755E-03
6.9478165591393E-03
6.11715723620293E-03
6.81561783282375E-03
5.99934810930371E-03
5.94022269680632E-03
5.8809527776491E-03
5.0938478832843E-03
4.32149084923804E-03
4.27672276318258E-03
4.23185271625919E-03
4.18688238350359E-03
5.52241796027744E-03
6.14497156964317E-03
6.7523114692553E-03
6.67672129821912E-03
5.94088086586306E-03
5.87257822789263E-03
5.80414412506807E-03
6.37286831975321E-03
5.66689330873429E-03
5.59808264562581E-03
5.52915262391383E-03
6.06678493309083E-03
0.005989941514718
5.91297637937833E-03
5.2523040020813E-03
6.33456591426991E-03
6.81766707554785E-03
7.28516915092906E-03
7.18440010138161E-03
7.08350446861642E-03
6.44537356099159E-03
5.82268643927161E-03
5.73702173739305E-03
4.62376661178201E-03
5.05948873197582E-03
4.9813902509344E-03
4.41290546344566E-03
4.34250747102344E-03
4.27206230469589E-03
4.20157518549329E-03
3.21304006184784E-03
3.15816421674032E-03
3.10326876372594E-03
3.04835834906637E-03
3.42107175530304E-03
3.35829950111755E-03
3.70746817349115E-03
3.23276118728247E-03
2.77375668842077E-03
2.7188641055054E-03
2.28342370505394E-03
2.60915361849137E-03
2.55434853332263E-03
2.85666958161942E-03
2.79414032086737E-03
2.73167616678872E-03
3.00294672740052E-03
3.58459615593085E-03
3.18095622978385E-03
3.10331750919868E-03
3.02582089978444E-03
2.94848032814981E-03
2.87131040606694E-03
3.07375912313122E-03
2.71754465745383E-03
2.64098190336309E-03
2.82112165708737E-03
2.98630306669659E-03
3.13662857617197E-03
2.80475148304772E-03
2.48832429616593E-03
2.62472972382584E-03
2.74664367039187E-03
2.44646781241409E-03
2.35807604483989E-03
2.08103783023453E-03
2.54677037643952E-03
2.4456649399386E-03
2.17780271213302E-03
2.08539060195585E-03
1.8404208657527E-03
1.90305294343303E-03
1.81323927910419E-03
1.72440961838038E-03
1.51073468091609E-03
1.43073934152646E-03
1.35184498912082E-03
1.8050094567763E-03
1.49706841991202E-03
1.21606182105875E-03
1.0488035651663E-03
1.13936993168534E-03
9.81516559411991E-04
8.37146042298732E-04
7.70106307867357E-04
6.46262528412032E-04
5.88492740697849E-04
5.81171782502186E-04
5.22689004832639E-04
5.05575921168159E-04
4.47749841163658E-04
4.23155902706179E-04
3.41281962499795E-04
3.1550357874723E-04
2.48146415470034E-04
1.75127102070782E-04
1.95656013638938E-04
1.56991414641183E-04
1.06520670702259E-04
9.96794649959561E-05
7.77367575122513E-05
5.46583829161514E-05
3.64415320658758E-05
2.00504067412413E-05
1.14741421172272E-05
5.86598451325344E-06
2.57517987873961E-06
9.13693839277719E-07
2.53435571529176E-07
4.07984358899386E-08
3.14183049439585E-09
5.49258479770478E-11
3.72657584030202E-14
1.55850045361095E-21
6.31440288589348E-58
0
0
0
0
0
0
0
0
0
0
0
0
0
0
0
0
0
0
0
0
0
0
0
0
0
0
0
0
0
0
0
0
0
0
0
0
0
0
0
0
0
0
0
0
0
0
0
0
0
0
0
0
0
0
0
0
0
0
0
0
0
0
0
0
0
0
0
0
0
0
0
0
0
0
0
0
0
0
0
0
0
0
0
0
0
0
0
0
0
0
0
0
0
0
0
0
0
0
0
0
0
0
0
0
0
0
0
0
0
0
0
0
0
0
0
0
0
0
0
0
0
0
0
0
0
0
0
0
0
0
0
0
0
0
0
0
0
0
0
0
0
0
0
0
0
0
0
0
0
0
0
0
0
0
0
0
0
0
0
0
0
0
0
0
0
0
0
0
0
0
0
0
0
0
0
0
0
0
0
0
0
0
0
0
0
0
0
0
0
0
0
0
0
0
0
0
0
0
0
0
0
0
0
0
0
0
0
0
0
0
0
0
0
0
0
0
0
0
0
0
0
0
0
0
0
0
0
0
0
0
0
0
0
0
0
0
0
0
0
0
0
0
0
0
0
0
0
0
0
0
0
0
0
0
0
0
0
0
0
0
0
0
0
0
0
0
0
0
0
0
0
0
0
0
0
0
0
0
0
0
0
0
0
0
0
0
0
0
0
0
0
0
0
0
0
0
0
0
0
0
0
0
0
0
0
0
0
0
0
0
0
0
0
0
0
0
0
0
0
0
0
0
0
0
0
0
0
0
0
0
0
0
0
0
0
0
0
0
0
0
0
0
0
0
0
0
0
0
0
0
0
""
