0
0
0
0
0
0
0
0
0
0
0
0
0
0
0
0
0
0
0
0
0
0
0
0
0
0
0
0
0
0
0
0
0
0
0
0
0
0
0
0
0
0
0
0
0
0
0
0
0
0
0
0
0
0
0
0
0
0
0
0
0
0
0
0
0
0
0
0
0
0
0
0
0
0
0
0
0
0
0
0
0
0
0
0
0
0
0
0
0
0
0
0
0
0
0
0
0
0
0
0
0
0
0
0
0
0
0
0
0
0
0
0
0
0
0
0
0
0
0
0
0
0
0
0
0
0
0
0
0
0
0
0
0
0
0
0
0
0
0
0
0
0
0
0
0
0
0
0
0
0
0
0
0
0
0
0
0
0
0
0
0
0
0
0
0
0
0
0
0
0
0
0
0
0
0
0
0
0
0
0
0
0
0
0
0
0
0
0
0
0
0
0
0
0
0
0
0
0
0
0
0
0
0
0
0
0
0
0
0
0
0
0
0
0
0
0
0
0
0
0
0
0
0
0
0
0
0
0
0
0
0
0
0
0
0
0
0
0
0
0
0
0
0
0
0
0
0
0
0
0
0
0
0
0
0
0
0
0
0
0
0
0
0
0
0
0
0
0
0
0
0
0
0
0
0
0
0
0
0
0
4.66105452287081E-300
1.32884582837201E-45
1.04144954955968E-25
1.77876721655695E-18
1.19184994662418E-14
2.57565213839585E-12
1.01884094599599E-10
1.41385951624956E-09
1.13218068829614E-08
4.88078606140589E-08
1.60239914349846E-07
4.41921484830279E-07
1.03151748827621E-06
2.11674899400476E-06
4.0189166878537E-06
6.54487190886415E-06
1.11130044416804E-05
1.66300702058099E-05
2.6317911600434E-05
3.6627110312389E-05
4.93290055630252E-05
6.94524424629531E-05
8.87522770181436E-05
1.11036304638839E-04
1.36359992929972E-04
1.64742906052211E-04
1.96172723525873E-04
2.30609466140085E-04
2.67989695403804E-04
3.08230527051454E-04
3.51233357469818E-04
3.96887246096315E-04
4.45071929078976E-04
4.95660462115604E-04
5.48521505549716E-04
6.03521274332637E-04
6.60525180866102E-04
7.19399201204956E-04
7.80010995535976E-04
8.42230812941563E-04
8.78754242448061E-04
9.4186282221505E-04
9.75056063907716E-04
8.83777393633035E-04
9.38534267932672E-04
9.94022346598792E-04
1.05016237320134E-03
1.10687905800112E-03
9.16729569744077E-04
1.20648881570795E-03
1.26379725950465E-03
1.35486937504963E-03
1.29199192458696E-03
0.001328196602914
1.19268646201587E-03
1.18019632853661E-03
1.16332164881113E-03
1.24777097091648E-03
1.26950341593768E-03
1.44810861626661E-03
2.19625078476882E-03
2.41006257435426E-03
2.48351087960184E-03
2.55674898115118E-03
2.6297463942276E-03
2.18900470819061E-03
2.24767600898258E-03
1.33810107758224E-03
1.37183491318655E-03
1.3754969733805E-03
1.4693973351232E-03
1.59725966805949E-03
1.69711680421098E-03
1.73411064915805E-03
1.73745943878843E-03
1.87559874550656E-03
1.87846060915921E-03
1.70237405192348E-03
1.55407026451247E-03
1.61970000078824E-03
1.61149580094039E-03
1.60175240944911E-03
1.66806729513145E-03
1.45937278040778E-03
1.80394483123678E-03
1.83274654495022E-03
2.23358039622458E-03
2.26758653317768E-03
2.08822904774281E-03
2.11857975381322E-03
1.97327462402171E-03
1.91176271133859E-03
2.0729200319373E-03
2.10046115098671E-03
2.08150963867292E-03
2.10798927974313E-03
1.80224598346208E-03
1.7282069564832E-03
1.84599809776639E-03
1.81843884909786E-03
1.78956255825524E-03
1.80965343439139E-03
2.38859947642739E-03
2.31162506601978E-03
2.54372352629104E-03
2.46520342659447E-03
2.75520523672852E-03
2.88972895389486E-03
3.02610128013679E-03
3.10973902474923E-03
2.64342931373303E-03
2.66790811664444E-03
2.80433949245135E-03
2.82937982236852E-03
3.40456972587439E-03
3.5304102198145E-03
3.65763639870115E-03
4.17790574605816E-03
4.32128144863866E-03
4.39633372971274E-03
3.31515472213253E-03
3.4213047534024E-03
4.0653945284384E-03
6.32450713538055E-03
6.6771122316677E-03
6.87330548958894E-03
7.0711724432133E-03
6.0293495742365E-03
6.10502396345047E-03
3.27572194903235E-03
5.86109192544189E-03
5.81702849395869E-03
8.49428442680995E-03
8.81189555254698E-03
9.02990515280411E-03
9.14059365744843E-03
9.35896941165552E-03
9.57877368700373E-03
0.010149981574536
6.68171398652053E-03
5.24524046929532E-03
5.23589730111556E-03
5.34919139344993E-03
5.72327793483338E-03
5.84330328447506E-03
5.69288913060051E-03
5.80868946576759E-03
5.64294154550305E-03
5.61049891034582E-03
5.86632391700983E-03
6.27777109605201E-03
6.70105144532988E-03
6.05028452802656E-03
6.16149793708664E-03
6.75575289153003E-03
6.54910637727264E-03
6.83125968925389E-03
6.95016897779906E-03
6.55226806983213E-03
6.66334682093887E-03
6.23999125550565E-03
6.34307027233914E-03
6.63070874070129E-03
6.55033989013572E-03
6.27425714321991E-03
6.95215606488512E-03
7.64835553415027E-03
7.96469980687763E-03
8.89383797522699E-03
8.61659531280122E-03
9.57675563325783E-03
1.60536626825489E-02
0.018428339848177
1.89087534559816E-02
1.93960028210909E-02
8.93936854016925E-03
8.83611579071033E-03
8.95664270034448E-03
9.07745763772243E-03
9.19855325355275E-03
9.79786699760395E-03
9.92573989351759E-03
9.80866839437526E-03
9.18890052888568E-03
8.80204136363399E-03
8.91209308076153E-03
8.76457067285228E-03
8.08906247705823E-03
8.45117067866666E-03
7.48344999942589E-03
7.5722721626204E-03
6.01954264271875E-03
7.19674157540705E-03
7.27960115164689E-03
6.51305098671338E-03
6.58655599210893E-03
6.66015845290014E-03
6.44107837400474E-03
5.91968778203165E-03
6.28312117155309E-03
6.65305748755743E-03
6.41824273151412E-03
8.03017275734949E-03
8.42610942177641E-03
9.14388673214477E-03
9.23758993943431E-03
8.36605671120961E-03
1.00752409859142E-02
1.01756421727885E-02
9.94462527749931E-03
1.00419177260321E-02
9.80129304165076E-03
9.89545133018833E-03
9.98965787378578E-03
9.73618759019694E-03
9.47625458430759E-03
9.56407613046638E-03
8.93696991740952E-03
9.37907150011948E-03
1.01916940495551E-02
1.02828690511427E-02
1.03740597805547E-02
1.12127812511783E-02
0.011687524234201
1.10279637079676E-02
1.15059703148581E-02
1.16036994169765E-02
1.17014217559211E-02
1.14058290389585E-02
1.82418072227068E-02
2.27895687913505E-02
2.29751172992158E-02
2.27542903149288E-02
2.33460606120955E-02
0.023531441333471
2.20524186361172E-02
2.13859875066973E-02
2.19742295203625E-02
3.23629277082826E-02
3.08932521693905E-02
3.45852856256806E-02
3.48445799166617E-02
3.51037092532791E-02
4.02250306754167E-02
3.91835794886191E-02
0.039019516060097
4.20108804699526E-02
4.23109985836829E-02
4.49017675236385E-02
4.52174711781514E-02
3.29881094702789E-02
3.32164035365741E-02
3.48576175004794E-02
4.41059751673907E-02
0.044404086692038
4.71051972184809E-02
4.74186357265536E-02
4.77317082253971E-02
4.31419140619685E-02
4.24354833464774E-02
3.62531600202798E-02
3.84843883728947E-02
3.21901832017695E-02
3.08746382052368E-02
3.25956570291402E-02
2.66483414022008E-02
2.99062150150498E-02
3.32016588088086E-02
3.81003475900329E-02
0.039379818712603
0.038558662703082
3.87872578526424E-02
3.95499269692664E-02
4.89197145668362E-02
4.64997379626678E-02
0.04676717974026
4.64872266900501E-02
4.67505893169578E-02
4.70134551358539E-02
4.00453971854315E-02
4.08264646286233E-02
4.16132398456574E-02
4.52327439918092E-02
4.54776967280539E-02
0.046293663895246
0.044816906590415
4.56318338926822E-02
4.58716580583141E-02
4.61109477141201E-02
4.63496958001115E-02
4.65878952947867E-02
4.68255392149031E-02
4.70626206152538E-02
5.08914717723833E-02
5.11453266139274E-02
5.98641982323113E-02
6.07660549798173E-02
6.10624675617055E-02
6.13581163409041E-02
6.16529928556476E-02
5.76107924819543E-02
5.10371242894944E-02
5.19023110551027E-02
5.15161790877353E-02
0.051754708782493
5.19925643759529E-02
0.052229739190283
5.24662265842216E-02
5.14166048321135E-02
4.19623454549378E-02
4.21481389568037E-02
3.90769539526019E-02
3.92474065930702E-02
0.036789505799002
0.034968262640727
0.03511740805502
3.39352764218121E-02
3.40778623809738E-02
3.89168364022154E-02
2.96453156986386E-02
0.029767100689162
2.98884689451464E-02
3.00094171880456E-02
2.94451707451005E-02
2.88750387666343E-02
3.24403713291096E-02
3.32606673849666E-02
3.13033753088064E-02
3.14244256615323E-02
3.01430224646395E-02
3.23688359969056E-02
3.53164987725741E-02
3.47399874218347E-02
0.034157681129213
3.35696076394142E-02
3.36926601026039E-02
3.16567988288496E-02
3.10489961960169E-02
3.26095189015601E-02
3.27254185330531E-02
3.28408314272829E-02
3.36881046828978E-02
3.74795430105561E-02
3.83460939272108E-02
0.039217121320225
3.71227670639225E-02
3.79926431085428E-02
6.42799222526813E-02
6.44928437056984E-02
6.16952596650171E-02
0.06491573928328
6.36111513539698E-02
6.00167308641689E-02
6.02077678429487E-02
6.11624094857151E-02
5.06170379706552E-02
5.23129222576832E-02
7.71678645710762E-02
7.74037654049281E-02
7.76384645624203E-02
7.08634800666804E-02
7.18558954472674E-02
0.078335292907344
7.85651264836926E-02
7.87937291393696E-02
7.90210951414914E-02
7.92472187957415E-02
7.94720944463329E-02
7.96957164759729E-02
7.99180793058287E-02
8.01391773954943E-02
8.03590052429589E-02
8.05775573845762E-02
8.07948283950354E-02
8.10108128873324E-02
7.79764852922341E-02
6.18935647302082E-02
6.20547554090392E-02
5.97590988700895E-02
0.050063463542764
5.01904377256574E-02
5.36160542769182E-02
5.45765486326052E-02
5.63692188505193E-02
4.90282574905748E-02
4.99801378144371E-02
4.92652181165182E-02
5.52414433647274E-02
5.20158830783848E-02
5.46602237123727E-02
7.33299950227333E-02
7.43429958288095E-02
7.45119114046066E-02
0.084863194491566
7.56966147639611E-02
7.84209535958953E-02
0.079446703013962
7.96187488595995E-02
7.97894886420248E-02
0.076519824978725
7.66807095285704E-02
7.68403324483172E-02
7.61335360725445E-02
8.40911288811416E-02
8.42609498174263E-02
8.35589731997321E-02
8.37242849274159E-02
7.07806784089653E-02
7.44199338596942E-02
7.28081993113673E-02
7.20674430454873E-02
3.34597866735433E-02
3.35219096474668E-02
3.44672508535437E-02
0.036300625136157
8.86971792657156E-02
8.88547700323143E-02
8.90108786344673E-02
8.91655013565505E-02
8.93186345208353E-02
8.94702744874919E-02
8.96204176545926E-02
8.97690604581158E-02
8.99161993719499E-02
9.00618309078978E-02
9.02059516156813E-02
0.090348558082946
0.086870061057856
8.88166305394288E-02
8.89519133173092E-02
8.90856991348085E-02
8.01141088302837E-02
7.93198240254677E-02
8.94780434290008E-02
8.77771201909937E-02
8.88164312695429E-02
8.80229912980263E-02
8.72255338236615E-02
8.73435078914221E-02
8.74600045690824E-02
6.36071206028619E-02
9.23037419401887E-02
9.24216874467955E-02
9.25380665108697E-02
9.26528764037309E-02
9.27661144347476E-02
9.28777779513446E-02
9.29878643390113E-02
9.30963710213089E-02
9.32032954598784E-02
9.33086351544487E-02
0.093412387642844
9.35145505009921E-02
9.36151213429321E-02
9.37140978208221E-02
9.28733628486982E-02
9.39072584837291E-02
9.40014381637295E-02
9.40940144696629E-02
9.41849852444016E-02
9.42743483689843E-02
9.43621017626237E-02
9.44482433827143E-02
0.09453277122484
9.46156833227813E-02
9.37500079710384E-02
0.092881119560019
9.29576119411713E-02
9.39818249227767E-02
4.37027330931195E-02
7.13093399917376E-02
0.075169029326548
7.52242660844113E-02
7.71839913475519E-02
7.24702051784332E-02
7.34738259660668E-02
7.06581133201074E-02
7.35701757634342E-02
7.36164578716864E-02
6.69649788002572E-02
5.45610152643417E-02
5.36347056417325E-02
0.055581281762163
5.75290118240377E-02
5.94777963327277E-02
0.059507925230759
6.91397785726071E-02
7.01331188187219E-02
7.40096351720864E-02
7.40419685070788E-02
7.02250791537716E-02
7.12156923590583E-02
6.93176042769311E-02
7.60847598102054E-02
5.97329934170308E-02
0.059752869073778
6.16998363755101E-02
6.84686613080268E-02
0.074275597023596
7.23654254629009E-02
6.27321451589821E-02
6.37118391182395E-02
0.064690861416918
6.76006078089306E-02
6.85784784310504E-02
7.05215421213512E-02
6.95654168067163E-02
7.34393719920305E-02
7.05480807036461E-02
7.82864965002525E-02
7.82922673022282E-02
0.076363437899496
7.44331080058561E-02
7.34680624932202E-02
7.73351738491274E-02
5.31672713634931E-02
0.053165694846201
5.41298061876961E-02
9.18214630540522E-02
9.18139946842333E-02
0.092771312686046
7.24691950633203E-02
7.24595539211598E-02
0.067618753843177
7.62998095429046E-02
6.66292923387996E-02
8.01320872101227E-02
6.85316939583241E-02
5.30753739884852E-02
4.14847599791016E-02
5.49765178064596E-02
5.11037746429453E-02
4.72324435037238E-02
4.81808042653834E-02
4.52745440303377E-02
5.48877899121775E-02
4.13910530341341E-02
4.04126107263314E-02
3.94342451441459E-02
3.74946061406527E-02
3.65169712496393E-02
4.03422254575089E-02
4.03228945361022E-02
4.41412392756268E-02
4.89140444358105E-02
4.98466376698274E-02
5.26934647974181E-02
4.78760176879665E-02
4.30632571881256E-02
0.042080973463088
4.20549287892485E-02
4.29833480103672E-02
4.39097968131089E-02
6.00969421978597E-02
0.03908375338263
3.81035398449476E-02
3.71240371533418E-02
4.56572146033738E-02
4.37215859408379E-02
4.46373227539107E-02
4.17549010290893E-02
4.36173625275367E-02
3.03173061995864E-02
3.02915807449746E-02
2.93195455061974E-02
2.92936209504422E-02
2.92671957823563E-02
2.16943943285265E-02
3.39245954478724E-02
3.57750666715633E-02
3.29186306802977E-02
3.19463810129395E-02
3.00368177245801E-02
2.90682555927226E-02
2.90378486519753E-02
0.029942655027477
2.80408563209476E-02
2.80099962642292E-02
2.89112816269197E-02
2.79468471774058E-02
2.69840743025188E-02
2.50936179585866E-02
2.41354206334572E-02
2.41062068122337E-02
2.40765839213448E-02
9.06370061605523E-02
0.082209004645505
9.22510300794319E-02
8.75242881000118E-02
8.83287066827428E-02
8.91291800081642E-02
8.99256642132211E-02
0.091634460190295
0.091506490579582
9.13769760297185E-02
9.12459195903233E-02
9.11133243489958E-02
0.090979193431309
9.08435300008032E-02
9.07063372589797E-02
9.05676184452942E-02
9.04273768371513E-02
9.02856157498984E-02
9.01423385368203E-02
8.99975485891334E-02
8.98512493359809E-02
8.97034442444277E-02
8.95541368194553E-02
8.58271973797997E-02
8.47884777198016E-02
8.01875125462529E-02
8.00477596906736E-02
7.45795596179022E-02
7.35603637883056E-02
7.51971386047938E-02
7.50601225451367E-02
7.49218577649559E-02
7.30227629170076E-02
6.49820947149273E-02
6.48584790166359E-02
6.91076924468926E-02
5.32579659244484E-02
5.14106794341021E-02
7.13104042710406E-02
7.11674995036434E-02
5.19683560025022E-02
4.75402351940696E-02
7.93575730509788E-02
0.076609644206263
7.47302652598628E-02
0.075428364056137
0.075266256261971
7.51029143616054E-02
7.49383423064438E-02
7.47725440812638E-02
7.46055237042233E-02
7.61290417092961E-02
7.42678327341359E-02
7.49391836437398E-02
7.47653624617089E-02
7.45903260654839E-02
7.44140787216104E-02
7.34025053514622E-02
7.65543044405893E-02
7.71984788590663E-02
7.61812371615707E-02
7.26888201647676E-02
7.82750983708183E-02
7.80780516427721E-02
7.78797500643932E-02
6.95033355136804E-02
7.09548206977287E-02
5.36874326684422E-02
4.54331497839435E-02
4.69309084780781E-02
3.30865099564864E-02
3.29971960438948E-02
3.29073578502824E-02
3.60186559101036E-02
3.51207115289359E-02
2.46750321764357E-02
1.98431750781821E-02
1.89953451595037E-02
1.89409433228262E-02
1.65254634356907E-02
1.88312483412685E-02
1.95582895282428E-02
2.34004676666241E-02
2.41083103020588E-02
2.94631920960701E-02
3.01467988343819E-02
2.46601770555731E-02
1.99746116305993E-02
2.45077178756253E-02
2.36674541832067E-02
2.43537470579031E-02
2.27589371925128E-02
2.34420840079256E-02
2.11049919761287E-02
2.40413333646702E-02
2.54599542528638E-02
2.61219463946425E-02
2.60347204720008E-02
2.52057551730546E-02
2.43814276929618E-02
2.42980790826321E-02
2.49481344165269E-02
2.55927316966043E-02
2.47745158806686E-02
2.83176154686728E-02
2.82169832159606E-02
2.95577756198855E-02
2.65778278392177E-02
2.57654664905114E-02
2.56710462716283E-02
2.62867013812577E-02
2.54810801492757E-02
0.025385539252277
6.81415025888366E-02
6.85819092345747E-02
6.76217058270068E-02
6.73603454903259E-02
0.069173216275495
0.068901789402886
6.86293817878929E-02
6.83560007330763E-02
6.80816535826266E-02
6.78063477224926E-02
6.75300905805123E-02
6.72528896265466E-02
6.69747523726179E-02
6.66956863730507E-02
6.30949142633855E-02
6.34894066240143E-02
6.38774023189199E-02
2.88509264972153E-02
2.54618101029602E-02
2.47008417481585E-02
2.84754197259365E-02
2.83494834173039E-02
3.07889118811073E-02
3.00121497968478E-02
3.11477645851232E-02
3.03730849906353E-02
3.90518331586041E-02
0.037617345898673
3.74421090440462E-02
3.60241779602025E-02
3.02903273260298E-02
3.07612760399601E-02
0.030613666328298
3.10749858015843E-02
3.09236443268675E-02
3.07719195803484E-02
3.06198159354728E-02
5.97398780188727E-02
5.94401756161915E-02
5.91397562843615E-02
5.88386287880703E-02
5.85368019399982E-02
5.82342846010965E-02
5.79310856808723E-02
5.76272141376805E-02
5.73226789790212E-02
5.70174892618446E-02
5.67116540928625E-02
5.64051826288661E-02
5.60980840770523E-02
5.57903676953554E-02
5.54820427927877E-02
5.51731187297868E-02
4.71827002299709E-02
4.58249490917409E-02
4.55639906076206E-02
4.53025607178446E-02
4.23596753923355E-02
3.83814163713082E-02
0.038686109859528
4.58327283566292E-02
4.60833211007172E-02
4.58066585471057E-02
4.60469438137647E-02
4.62804970232804E-02
4.08855497613659E-02
4.01246035714605E-02
3.12938089114035E-02
4.61441558719626E-02
4.73471119406743E-02
4.70449669124626E-02
4.67424314162377E-02
4.83948634201223E-02
4.80788069402426E-02
0.048244823073731
4.79248259400035E-02
4.76044707748753E-02
4.72837683626579E-02
4.69627295513111E-02
4.66413652530611E-02
4.21509146649778E-02
4.23178878362923E-02
4.20213951735609E-02
4.21781725601117E-02
4.23282450874579E-02
3.66597101376585E-02
3.63945782010064E-02
3.61292529108253E-02
3.36769300729467E-02
3.34274466942837E-02
3.05925247481803E-02
3.07898411997781E-02
3.09805402015996E-02
3.11646252240244E-02
3.38494682907926E-02
2.48786604281998E-02
2.59177411002938E-02
2.40802551848878E-02
2.38882781711186E-02
2.73109281482761E-02
2.62927974864766E-02
2.60778847161079E-02
2.23361716172755E-02
2.17619040767594E-02
0.021579482567584
2.17791418325325E-02
2.23511159118623E-02
2.21589149527373E-02
2.12220922894244E-02
1.95601981124545E-02
3.21907310665944E-02
3.00914676970357E-02
3.05398710783561E-02
2.74149483224742E-02
1.48169703038933E-02
8.38878937471492E-03
8.65705196788641E-03
8.23278506941442E-03
8.15483829222895E-03
8.07693295912615E-03
2.26640387406168E-02
2.21135184963988E-02
0.022223250049868
2.26502353660866E-02
2.17830882171778E-02
2.25145880497433E-02
2.47962801802238E-02
2.45413463831878E-02
2.55163576144726E-02
2.37280087659063E-02
2.34770518313611E-02
2.20352731037247E-02
2.12085898367997E-02
2.18518021803137E-02
2.16116222960591E-02
2.27965370187269E-02
2.25410216361469E-02
0.022843010610276
2.14803003586386E-02
1.93267988313953E-02
1.91013693843364E-02
1.91421681705094E-02
1.39230379833676E-02
1.47937624602773E-02
1.46140138002289E-02
1.39281201714213E-02
0.013255135326808
1.30889551416566E-02
1.26792797125541E-02
1.20354863464048E-02
1.18796937235098E-02
1.26621861586691E-02
1.22633030211811E-02
1.00446941305617E-02
1.35120839622124E-02
1.24388295398264E-02
1.44573241460169E-02
1.44711171628613E-02
1.44793436981725E-02
1.46919268404116E-02
1.44792519291352E-02
1.87511721093168E-02
1.74693189376553E-02
1.72073564316372E-02
0.016946217269574
1.84120493807706E-02
1.85033939233165E-02
1.83979822181062E-02
1.64588925850373E-02
1.61932951114363E-02
1.61056510482223E-02
1.56650249848511E-02
1.57446681732259E-02
1.56454827852314E-02
1.53762446760185E-02
1.52705660484467E-02
1.38836193287971E-02
1.36349188789123E-02
1.35411930133954E-02
1.34429193875901E-02
0.012599038770619
1.25058864479385E-02
1.21230557699354E-02
1.18868201794927E-02
0.011651784220508
1.15522990212492E-02
1.14485855975445E-02
1.12118394979683E-02
1.26165668211557E-02
9.63105459263559E-03
8.57681170605675E-03
8.9787360483942E-03
9.23989091077912E-03
9.36842302546595E-03
9.15185734538933E-03
8.29068637512167E-03
7.77714770802945E-03
1.02539655669324E-02
8.60006425615538E-03
8.18833419986471E-03
7.97817121046858E-03
7.76959990855833E-03
7.11248916486802E-03
7.09457623650884E-03
6.64272306583712E-03
5.29658237144246E-03
4.58141147343445E-03
7.25521550023457E-03
6.73478361331296E-03
7.11513898929339E-03
7.10540808940979E-03
6.87784713888022E-03
6.5860216669658E-03
6.23665731696235E-03
5.52589654451028E-03
5.45141881919101E-03
5.31269928868392E-03
5.18571420227585E-03
5.13945457031416E-03
5.03741716319633E-03
4.99082279671648E-03
4.94380424568293E-03
4.89635797519794E-03
4.84848051134106E-03
4.32542651448797E-03
3.39387032877391E-03
3.46207944319814E-03
3.42553464594473E-03
3.48981452232129E-03
3.40147650120905E-03
3.11606981547117E-03
4.5962362274598E-03
4.49429931751164E-03
4.44078786496714E-03
4.43397347860009E-03
4.42551307620413E-03
4.23141495603798E-03
4.17659688493242E-03
0.004031710994683
3.93296519266535E-03
4.00929366572701E-03
3.99553683860917E-03
3.89537830740057E-03
3.8377067598507E-03
3.82064242491915E-03
3.76138503007729E-03
3.98026938878717E-03
3.91552817160098E-03
3.85027942008401E-03
3.78452681587762E-03
3.71827472990624E-03
3.65152827233384E-03
3.58429334570957E-03
3.51657670148577E-03
3.44838600009885E-03
3.37972987480977E-03
3.31061799950709E-03
3.24106116068083E-03
0.003171071333779
3.10066176416162E-03
3.02984705286726E-03
2.95864324740602E-03
2.88706793778768E-03
2.81514035798622E-03
2.74288149302847E-03
2.67031419187784E-03
2.59746328625873E-03
2.5243557155358E-03
2.45102065771993E-03
2.37748966662109E-03
2.30379681510132E-03
1.58328497945256E-03
1.53081347620464E-03
1.74898818022486E-03
1.68687535235831E-03
1.60546302867866E-03
1.4511938058052E-03
1.37589554891536E-03
1.35364145043248E-03
1.18105017946748E-03
1.11297995131226E-03
1.13637672526792E-03
1.02484076998399E-03
9.32970663112078E-04
9.09895772718705E-04
8.84553528858685E-04
9.59909296568958E-04
8.92034706426439E-04
8.96939969079329E-04
8.47828404245672E-04
7.72250966435134E-04
7.08612413759253E-04
6.55086722732806E-04
5.96078516373727E-04
5.46144678264193E-04
4.80502476379572E-04
4.35624722942648E-04
3.97301201351399E-04
3.64156026017868E-04
3.23667513825466E-04
2.92039364575165E-04
2.55261374918635E-04
2.20953864675972E-04
1.89197867303317E-04
1.56421458365438E-04
1.32066887690134E-04
1.0231357020949E-04
7.76152427492561E-05
6.46745675288589E-05
3.64847215990776E-05
2.84662195125253E-05
3.14378943046683E-05
2.22244319548306E-05
1.52360400158472E-05
8.98842187264621E-06
5.4665507804569E-06
3.49221433623874E-06
1.80599400248835E-06
8.69326130219073E-07
3.47833158410433E-07
1.15269713537242E-07
2.96534921421337E-08
5.36715168127139E-09
5.84264703815817E-10
2.93076868403064E-11
4.14230057523469E-13
5.94873121842388E-16
7.00644687552765E-21
1.59895898334121E-31
1.70662740622941E-71
0
0
0
0
0
0
0
0
0
0
0
0
0
0
0
0
0
0
0
0
0
0
0
0
0
0
0
0
0
0
0
0
0
0
0
0
0
0
0
0
0
0
0
0
0
0
0
0
0
0
0
0
0
0
0
0
0
0
0
0
0
0
0
0
0
0
0
0
0
0
0
0
0
0
0
0
0
0
0
0
0
0
0
0
0
0
0
0
0
0
0
0
0
0
0
0
0
0
0
0
0
0
0
0
0
0
0
0
0
0
0
0
0
0
0
0
0
0
0
0
0
0
0
0
0
0
0
0
0
0
0
0
""
