0
0
0
0
0
0
0
0
0
0
0
0
0
0
0
0
0
0
0
0
0
0
0
0
0
0
0
0
0
0
0
0
0
0
0
0
0
0
0
0
0
0
0
0
0
0
0
0
0
0
0
0
0
0
0
0
0
0
0
0
0
0
0
0
0
0
0
0
0
0
0
0
0
0
0
0
0
0
0
0
0
0
0
0
0
0
0
0
0
0
0
0
0
0
0
0
0
0
0
0
0
0
0
0
0
0
0
0
0
0
0
0
0
0
0
0
0
0
0
0
0
0
0
0
0
0
0
0
0
0
0
0
0
0
0
0
0
0
0
0
0
0
0
0
0
0
0
0
0
0
0
0
0
0
0
0
0
0
0
0
0
0
0
0
0
0
0
0
0
0
0
0
0
0
0
0
0
0
0
0
0
0
0
0
0
0
0
0
0
0
0
0
0
0
0
0
0
0
0
0
0
0
0
0
0
0
0
0
0
0
0
0
0
0
0
0
0
0
0
0
0
0
0
0
0
0
0
0
0
0
0
0
0
0
0
0
0
0
0
0
0
0
0
0
0
0
0
0
0
0
0
0
0
0
0
0
0
0
0
0
0
0
0
0
0
0
0
0
0
0
0
0
0
0
0
0
0
0
0
0
0
0
0
0
0
0
0
0
0
0
0
0
0
0
0
0
0
0
0
0
0
0
0
0
0
0
0
0
0
0
0
0
0
0
0
0
0
0
0
0
0
0
0
0
0
0
0
0
0
0
0
0
0
0
0
0
0
0
0
0
0
0
0
0
0
0
0
0
0
0
0
0
0
0
0
0
0
0
0
0
0
0
0
0
0
0
0
0
0
0
0
0
0
0
0
0
0
0
0
0
0
0
0
0
0
0
0
0
0
0
0
0
0
0
0
0
0
0
0
0
0
0
0
0
0
0
0
0
0
0
0
0
0
0
0
0
0
0
0
0
0
0
0
0
0
0
0
0
0
0
0
0
0
0
0
0
0
0
0
0
0
0
0
0
0
0
0
0
0
0
0
0
0
0
0
0
0
0
0
0
0
0
0
0
0
0
0
0
0
0
0
0
4.49153570968861E-36
4.07784576404066E-19
1.54888690439447E-13
7.83138120793983E-11
3.49749013319751E-09
4.38753205404162E-08
2.67014195547673E-07
9.65952093493852E-07
2.77279954774524E-06
6.91276404796034E-06
1.47293584501028E-05
2.62432758134811E-05
4.28215536880054E-05
6.5209342226809E-05
9.98373826093999E-05
1.37548245416267E-04
2.04112142612251E-04
2.4895357565828E-04
3.12306495881706E-04
3.8323360361164E-04
4.35821357796447E-04
5.77012279930812E-04
7.09348382047907E-04
8.59097097259527E-04
9.80114284282631E-04
1.10738523235606E-03
1.00416103255989E-03
1.11616994273404E-03
1.37707573600967E-03
1.51068728839717E-03
1.8214218909371E-03
1.88266149187991E-03
1.93208924389847E-03
1.96894666226126E-03
2.22697579765593E-03
2.37775590780978E-03
2.53042879425744E-03
2.54346464123712E-03
2.84056490251975E-03
2.99762537376762E-03
3.15577109114342E-03
3.48930250744124E-03
4.02330499424174E-03
0.004400428610633
4.79507533187127E-03
4.79059499833284E-03
4.76944724949319E-03
5.6327123600047E-03
5.84570536170994E-03
6.7857376503229E-03
7.02416651003437E-03
7.52174208789576E-03
8.57172209672056E-03
9.39581940960788E-03
1.11076470928226E-02
1.17302065033195E-02
1.32737567909552E-02
0.012402904650355
1.21007995693087E-02
1.40516625556581E-02
1.80950311396611E-02
2.09456603401694E-02
2.18002136184003E-02
2.23092404360047E-02
2.28160378365653E-02
2.40728132469699E-02
2.57438621116374E-02
3.02068551631723E-02
3.04240990113147E-02
3.14388540983166E-02
0.039126115771738
3.98683957423771E-02
4.06066863514682E-02
0.040461344791681
2.19306853514829E-02
3.09596484829402E-02
0.031481869594899
2.87068338249522E-02
2.91698419713486E-02
3.35160109754025E-02
4.14320815242501E-02
0.042558925632378
4.06481302867827E-02
4.12371243491355E-02
4.18224297672549E-02
4.29340866935461E-02
4.51310316211434E-02
2.17780590378117E-02
2.59243654055755E-02
2.68159881290982E-02
2.71537896731296E-02
2.46258762251795E-02
2.55041124619342E-02
2.52210608488424E-02
2.55156374908574E-02
2.52080123744612E-02
2.79196013553219E-02
2.63873016686015E-02
2.72941570278865E-02
2.75852979160337E-02
2.85078921573214E-02
2.81614147204133E-02
3.16789376849557E-02
3.39528324540919E-02
4.28559721052059E-02
3.92739197242285E-02
0.038301158620302
0.047473592196538
3.69571555151714E-02
4.00514928271342E-02
3.90122797795718E-02
4.07569732931553E-02
4.25231265724049E-02
4.35957802385855E-02
4.25156904054066E-02
0.039229856596981
4.02768675350678E-02
6.79041457902356E-02
6.76880250717851E-02
6.59572726508266E-02
6.64539587187871E-02
6.92288851230619E-02
4.67448845429439E-02
3.31881086065239E-02
3.34229417878614E-02
2.97423468956641E-02
2.67941554305006E-02
2.69751895508537E-02
1.91680075795111E-02
1.92936144491529E-02
2.02272207340929E-02
2.03557926573187E-02
2.21218903940508E-02
0.022258302449396
2.81992137805356E-02
0.028367917593192
3.02136206474702E-02
2.78565819000748E-02
0.029713787909839
2.98811395797938E-02
3.34808490173109E-02
3.10742924674022E-02
2.86381037253475E-02
3.14072259110828E-02
3.24482478581012E-02
0.060822916529094
5.04996394336538E-02
4.80805646758155E-02
0.044737914643837
4.58536414584538E-02
4.78790870324729E-02
5.53649598031905E-02
5.37974334541483E-02
5.40425170660914E-02
5.79653041026023E-02
0.060069678930821
6.12591559284569E-02
5.12679518584859E-02
6.55252902733419E-02
5.07579499108142E-02
5.47406306423725E-02
3.97992594489672E-02
4.18595921822998E-02
3.91575767979193E-02
3.93078017850935E-02
6.35148659563476E-02
6.95463555755229E-02
6.98005684407931E-02
7.88080321623842E-02
8.00632095575862E-02
8.03418089122173E-02
0.08159990108637
0.075955892089855
7.62072559477988E-02
7.54622805689205E-02
7.86919418932761E-02
7.99385590824193E-02
8.01855301212913E-02
8.04289561038585E-02
8.16771980295925E-02
8.19164896747273E-02
8.51948672942536E-02
8.54355805679347E-02
8.05730160091247E-02
7.97697159448065E-02
5.43473374840313E-02
5.65460492917522E-02
6.18452547110315E-02
5.89011916566052E-02
6.11186884361435E-02
6.12668655366539E-02
6.34942089334609E-02
0.100157917406495
0.1014319646989
0.104802482713282
0.105031504955077
0.105256102642801
0.105476275901894
0.105692024838905
0.105903349542504
0.106110250084461
0.10631272652061
0.106510778891786
0.106704407224742
0.104755739302384
0.106007607899769
0.10618616058855
0.107434680266086
0.107606188377809
7.43635579316451E-02
7.44757932033605E-02
0.076746859112818
7.57735853417348E-02
8.78018664564436E-02
8.79192860838866E-02
8.80331218569191E-02
0.080526045116396
7.73549747083557E-02
9.05346840162396E-02
9.06366404566782E-02
9.18281160422191E-02
9.41125303667354E-02
9.42067553513693E-02
9.42971746291737E-02
9.32863022097522E-02
8.56790054356024E-02
8.35519232876329E-02
8.36183752465196E-02
8.25803917780857E-02
7.82318997704396E-02
8.82079469856523E-02
9.59868104446114E-02
0.096043627886837
9.60965946080301E-02
0.096145710546021
9.72966190404269E-02
6.30488071378141E-02
6.08603151745706E-02
6.08816275219093E-02
6.09005053061811E-02
7.42079190860929E-02
0.110783558350777
0.11080460192082
0.110821218871156
0.110833409180227
0.110841172832165
0.110844509816838
0.110843420129885
0.110837903772732
0.110827960752581
0.110813591082396
0.110794794780853
0.110771571872283
0.110743922386591
0.110711846359162
0.110675343830737
0.110634414847283
0.110589059459835
0.110539277724325
0.11048506970139
0.110426435456156
0.110363375058013
0.110295888580364
0.110223976100355
5.39723424723081E-02
5.17314305256432E-02
4.72921238910732E-02
4.61546684818929E-02
0.045017190901587
4.38798239544487E-02
0.043838667119561
3.94161661521697E-02
4.04697149056343E-02
3.82415040649533E-02
3.81992966303581E-02
3.48850655796237E-02
3.48436440131775E-02
3.58883317387203E-02
0.036928837744991
3.68803141989816E-02
3.68302863323757E-02
3.67787541711413E-02
3.56455495707049E-02
0.03667117705977
3.76920478035201E-02
3.97832521250428E-02
3.75720158884699E-02
0.035366267157837
3.74457902737409E-02
3.84483649878985E-02
3.83794673318379E-02
0.038308977025071
0.039299030006539
3.81632184257876E-02
3.70299514898713E-02
3.58993619011205E-02
3.68789509868109E-02
3.46982063593528E-02
0.028328212046196
6.07190998848225E-02
5.32707637014428E-02
5.73168351176207E-02
4.57458988676521E-02
3.83760488991337E-02
3.82823180867923E-02
3.61227902484265E-02
3.60310277305823E-02
3.59377159267563E-02
3.48187731481053E-02
3.67677709176687E-02
3.05558429901053E-02
0.031486233382817
0.031396722795289
3.13058391642245E-02
3.12135823151022E-02
2.81083437974158E-02
2.80225338619402E-02
3.09285705319627E-02
2.88417337343017E-02
2.87490029680783E-02
2.86549863494805E-02
2.56052335977312E-02
2.55186364841131E-02
2.83652188057561E-02
2.92407477224306E-02
3.01080618090033E-02
3.09670275429268E-02
0.030853344327985
3.07382395691313E-02
6.50711398105727E-02
6.10075274857378E-02
7.02639060093283E-02
7.37675164993893E-02
9.23079683543349E-02
9.28673645587468E-02
9.34145803271337E-02
9.30192874320547E-02
9.26195382352865E-02
9.22153308378683E-02
0.091806663266076
0.091393533469957
9.09759393218949E-02
9.05538786152065E-02
9.01273490627765E-02
8.96963482957368E-02
5.80195680104257E-02
7.54977847421092E-02
7.51200197008076E-02
7.38591695294164E-02
7.26035755858927E-02
0.072223533084467
3.72181908479114E-02
3.61565678207867E-02
3.85270667432679E-02
3.91643272563314E-02
4.06365488960755E-02
4.12455566763399E-02
4.18426120637761E-02
3.99318380414177E-02
6.53274045376386E-02
0.082189983985046
8.16825259172113E-02
8.11705389619525E-02
8.06540190611408E-02
8.01329620709469E-02
0.067666259199231
6.64248646577939E-02
6.67611470013455E-02
6.70828186157184E-02
6.58405495203141E-02
5.30686582905334E-02
4.50513141857837E-02
4.16903560117585E-02
3.98764352977613E-02
4.03228175908303E-02
4.74243994987656E-02
0.047055853849371
4.59549227211148E-02
5.78874157659577E-02
5.16741195543611E-02
5.05344908406149E-02
2.54075223485464E-02
2.93886351770041E-02
3.12141618853302E-02
3.02508958848718E-02
2.99792380709987E-02
2.76801607824221E-02
3.47806667347079E-02
3.64400072248627E-02
0.028872169153523
0.026640945841922
2.63763685566373E-02
2.54730526116657E-02
2.39506360106616E-02
4.05396403316229E-02
4.07250973749066E-02
4.39459446832423E-02
0.033803111939437
4.23761291538463E-02
4.01213608027522E-02
4.14033922523414E-02
4.55218519883291E-02
4.49714487892584E-02
4.32928658163459E-02
4.49699451449162E-02
5.26154290709054E-02
5.40923705579316E-02
0.053372353950973
5.26476975316619E-02
5.19184115782534E-02
5.11845080530838E-02
5.04460007573797E-02
4.87088473890805E-02
4.74865830664097E-02
0.047238964957148
4.60228955348467E-02
4.20165376725681E-02
4.40825546579906E-02
2.21230952796813E-02
2.12998159571196E-02
0.02048997677134
1.92656044271625E-02
1.68099770203893E-02
1.40192927855754E-02
2.62842634762483E-02
3.01243869215073E-02
2.95133495105284E-02
2.85190634756194E-02
2.86544938244216E-02
0.027662541766334
2.66841610873846E-02
2.71097919679058E-02
3.08762937011362E-02
3.04525219466927E-02
3.00092552704813E-02
3.14325043705514E-02
3.05942103590929E-02
2.97533300196064E-02
2.63081699617786E-02
2.52582155337316E-02
2.44956647575047E-02
2.37316662705617E-02
2.22009422330619E-02
2.17070950993517E-02
2.09575204785003E-02
2.02077455151953E-02
1.94581447289655E-02
1.78587110610053E-02
1.71447176310531E-02
1.64321642616638E-02
1.55343909834162E-02
1.62645458340977E-02
1.58414212488588E-02
1.49029666093465E-02
0.01413969180624
1.32366313531013E-02
1.31802335457756E-02
1.04662306393534E-02
9.81920954033481E-03
9.29410295661658E-03
8.6575423193845E-03
8.2278294495729E-03
9.04698181668762E-03
8.3154674154778E-03
7.60225090677292E-03
6.90920140868452E-03
6.23829513219524E-03
5.59160881610684E-03
4.97130845390487E-03
4.37963194115255E-03
3.81886398654309E-03
3.29130132648411E-03
2.79920599030226E-03
2.34474413361743E-03
1.9299078826989E-03
1.55641786310425E-03
1.22560485755886E-03
9.38270703186755E-04
5.0006274595126E-04
3.60365967367133E-04
2.50414003472445E-04
1.50767093007812E-04
1.01223863943084E-04
5.39129648252939E-05
2.48693152830103E-05
9.72330716224415E-06
1.88916509656788E-06
4.39153017760448E-07
6.23477313896089E-08
2.97383353931832E-09
2.05877383035501E-11
4.14632762789055E-15
5.99929556683951E-24
8.27913367663102E-70
0
0
0
0
0
0
0
0
0
0
0
0
0
0
0
0
0
0
0
0
0
0
0
0
0
0
0
0
0
0
0
0
0
0
0
0
0
0
0
0
0
0
0
0
0
0
0
0
0
0
0
0
0
0
0
0
0
0
0
0
0
0
0
0
0
0
0
0
0
0
0
0
0
0
0
0
0
0
0
0
0
0
0
0
0
0
0
0
0
0
0
0
0
0
0
0
0
0
0
0
0
0
0
0
0
0
0
0
0
0
0
0
0
0
0
0
0
0
0
0
0
0
0
0
0
0
0
0
0
0
0
0
0
0
0
0
0
0
0
0
0
0
0
0
0
0
0
0
0
0
0
0
0
0
0
0
0
0
0
0
0
0
0
0
0
0
0
0
0
0
0
0
0
0
0
0
0
0
0
0
0
0
0
0
0
0
0
0
0
0
0
0
0
0
0
0
0
0
0
0
0
0
0
0
0
0
0
0
0
0
0
0
0
0
0
0
0
0
0
0
0
0
0
0
0
0
0
0
0
0
0
0
0
0
0
0
0
0
0
0
0
0
0
0
0
0
0
0
0
0
0
0
0
0
0
0
0
0
0
0
0
0
0
0
0
0
0
0
0
0
0
0
0
0
0
0
0
0
0
0
0
0
0
0
0
0
0
0
0
0
0
0
0
0
0
0
0
0
0
0
0
0
0
0
0
0
0
0
0
0
0
0
0
0
0
0
0
0
0
0
0
0
0
0
0
0
0
0
0
0
0
0
0
0
0
0
0
0
0
0
0
0
0
0
0
0
0
0
0
0
0
0
0
0
0
0
0
0
0
0
0
0
0
0
0
0
0
0
0
0
0
0
0
0
0
0
0
0
0
0
0
0
0
0
0
0
0
0
0
0
0
0
0
0
0
0
0
0
0
0
0
0
0
0
0
0
0
0
0
0
0
0
0
0
0
0
0
0
0
0
0
0
0
0
0
0
0
0
0
0
0
0
0
0
0
0
0
0
0
0
0
0
0
0
0
0
0
0
0
0
0
0
0
0
0
0
0
0
0
0
0
0
0
0
0
0
0
0
0
0
0
0
0
0
""
