0
0
0
0
0
0
0
0
0
0
0
0
0
0
0
0
0
0
0
0
0
0
0
0
0
0
0
0
0
0
0
0
0
0
0
0
0
0
0
0
0
0
0
0
0
0
0
0
0
0
0
0
0
0
0
0
0
0
0
0
0
0
0
0
0
0
0
0
0
0
0
0
0
0
0
0
0
0
0
0
0
0
0
0
0
0
0
0
0
0
0
0
0
0
0
0
0
0
0
0
0
0
0
0
0
0
0
0
0
0
0
0
0
0
0
0
0
0
0
0
0
0
0
0
0
0
0
0
0
0
0
0
0
0
0
0
0
0
0
0
0
0
0
0
0
0
0
0
0
0
0
0
0
0
0
0
0
0
0
0
0
0
0
0
0
0
0
0
0
0
0
0
0
0
0
0
0
0
0
0
0
0
0
0
0
0
0
0
0
0
0
0
0
0
0
0
0
0
0
0
0
0
0
0
0
0
0
0
0
0
0
0
0
0
0
0
0
0
0
0
0
0
0
0
0
0
0
0
0
0
0
0
0
0
0
0
0
0
0
0
0
0
0
0
0
0
0
0
0
0
0
0
0
0
0
0
0
0
0
0
0
0
0
0
0
0
0
0
0
0
0
0
0
0
0
0
0
0
0
0
0
0
0
0
0
0
0
0
0
0
0
0
0
0
0
0
0
0
0
0
0
0
0
0
0
0
0
0
0
0
0
0
0
0
0
0
0
0
0
0
0
0
0
0
0
0
0
0
0
0
0
0
0
0
0
0
0
0
0
0
0
0
0
0
0
0
0
0
0
0
0
9.39677391799761E-42
1.70080647258405E-22
5.2791063138846E-16
9.95957607951325E-13
8.85217036979756E-11
2.1831620347972E-09
1.64367097103871E-08
8.96954815707405E-08
3.22830912491071E-07
7.62672365162237E-07
1.63781690159174E-06
3.47758063130185E-06
6.23497477550048E-06
1.07052299770326E-05
1.65210212173433E-05
1.98898236937996E-05
2.64836092682496E-05
3.56746319966867E-05
4.54089001178962E-05
5.92033795062276E-05
7.53988204944501E-05
7.16902101378513E-05
8.58499860046511E-05
9.17804435310294E-05
1.03165674640724E-04
9.32716150545493E-05
1.01387370778519E-04
1.19838458570693E-04
1.76753581396341E-04
2.03065855161518E-04
2.31465337161499E-04
2.37393737588567E-04
2.76668783459918E-04
3.00110361833188E-04
3.24029445125345E-04
3.37130637968627E-04
3.73072663753108E-04
3.21041522861118E-04
3.96062499750974E-04
4.34405094098593E-04
4.74574554537781E-04
7.58681246660609E-04
8.82903921576755E-04
7.12724234772916E-04
9.70254351238919E-04
1.20899537957194E-03
1.28147370227984E-03
1.31320774734347E-03
1.25508271087353E-03
1.30272949517244E-03
2.03716183140926E-03
2.03495700499713E-03
2.10349511595188E-03
2.19784214875388E-03
2.26645376539905E-03
2.36243795044038E-03
8.57996003307962E-04
8.82022689579374E-04
9.05874392162495E-04
9.29544652739263E-04
8.57725006459148E-04
8.78686931828345E-04
8.6615829338201E-04
9.97183288807119E-04
1.08757802455782E-03
1.18295793205674E-03
2.92780073204775E-03
3.36740924725211E-03
3.48519914731654E-03
3.64803017721112E-03
3.6689250823427E-03
3.88148602004289E-03
3.7855879066886E-03
3.45118506316846E-03
3.87719130368015E-03
4.2686873770591E-03
4.18808226496523E-03
4.34677785951419E-03
4.64015543072172E-03
4.25834488672607E-03
3.4842773249147E-03
3.31026549132599E-03
2.9657012719569E-03
3.14214350886759E-03
3.24362992435415E-03
3.3461804212443E-03
3.4497716908583E-03
3.73209987292535E-03
3.84298461040111E-03
3.38990681196433E-03
3.38983090675593E-03
3.38516923496027E-03
3.58043079656217E-03
3.78196065383878E-03
3.88197416060366E-03
4.31464744250408E-03
4.31117926574434E-03
4.6516975174285E-03
6.19593373901138E-03
6.34566537538062E-03
1.07440099624261E-02
1.08670028745588E-02
1.11164548659623E-02
1.20360696154431E-02
1.23033172832893E-02
1.24323800088755E-02
5.13691605030852E-03
5.53699799809842E-03
6.0985184782839E-03
6.67890803797036E-03
6.34914224294064E-03
6.94915187417122E-03
7.2462340533852E-03
6.4011958772696E-03
6.69009310706791E-03
6.47460623658689E-03
7.11469004060207E-03
1.55483629280314E-02
0.015647367042668
1.55579964582077E-02
1.58292947933438E-02
1.61015255817732E-02
1.67599485443896E-02
1.70404127515418E-02
1.69235502153882E-02
1.74015945333558E-02
1.80925462173272E-02
1.81707576945161E-02
1.84553397766996E-02
1.87406710595606E-02
1.88080295985988E-02
2.21994090547855E-02
2.25297961091565E-02
0.022860936713882
2.04096683476882E-02
7.29286632185946E-03
6.68041427001069E-03
6.29005561171777E-03
6.37703256056654E-03
5.96692282002296E-03
6.55145090083848E-03
7.1495630639136E-03
7.50257619355829E-03
7.86247829445577E-03
7.96381709937089E-03
8.87182499450499E-03
9.25582764908459E-03
9.37113041913602E-03
1.06026361664859E-02
1.12966315340202E-02
1.05752813699862E-02
1.09905278114468E-02
1.17053434660853E-02
1.15457833070126E-02
1.13795041209866E-02
0.012115124681094
0.014089707010878
1.42471212576738E-02
1.18994748106045E-02
1.26627972385029E-02
2.71997801120749E-02
2.74912386597247E-02
2.71290913377345E-02
2.70835986911046E-02
2.73650367531381E-02
2.83208403620584E-02
2.89498370989597E-02
2.88976935316808E-02
2.71014290612519E-02
0.02666751262186
0.026928495620475
2.71894571339705E-02
2.78115740789956E-02
2.84405102560343E-02
2.90762512612804E-02
2.89758126270208E-02
2.99931729382004E-02
3.02674649767347E-02
2.82510225964382E-02
2.85045262281226E-02
3.45872099326488E-02
0.036067913196096
3.40097963562422E-02
3.43037514799239E-02
2.49423915977744E-02
2.43426016578835E-02
2.57746139351522E-02
2.59893259597508E-02
3.78500186055308E-02
3.77402920831858E-02
3.80462194377013E-02
3.83518541868076E-02
3.86571842253433E-02
3.76634576347018E-02
3.79579861975634E-02
3.78125054089529E-02
3.81029868631754E-02
4.15181422465299E-02
4.49801118514643E-02
4.53166304434516E-02
4.56527069152095E-02
4.59883288029854E-02
0.046323483744444
4.57249962876312E-02
4.60524969604914E-02
4.68527645101594E-02
4.76591902674493E-02
4.79918284894595E-02
4.25250563230662E-02
2.09218546913535E-02
1.95945848189473E-02
1.92335809341833E-02
1.83692793812647E-02
1.84910945552616E-02
4.37649615783149E-02
4.40503244044634E-02
4.17871425114727E-02
3.84649963897036E-02
2.16773515348435E-02
2.33721714342347E-02
2.45635639740201E-02
0.024190002086286
2.69842657975259E-02
2.55518321535999E-02
2.30286183030472E-02
2.37055027506557E-02
2.38465138286126E-02
1.79903972241742E-02
1.75473059581761E-02
0.015994526581467
1.55318720650073E-02
1.45047802507212E-02
1.45869006726816E-02
1.74897366072695E-02
1.75871462341815E-02
1.76842997616586E-02
1.89283680324492E-02
2.19147552228294E-02
2.20328830602847E-02
2.09848571241415E-02
1.81661224099037E-02
1.82616775240642E-02
1.89491159943775E-02
1.90471797244845E-02
0.017350112909566
1.80397785550237E-02
1.75265231043298E-02
1.76143218285996E-02
1.95330716788245E-02
1.90159277434151E-02
1.84924776779129E-02
1.85821529716498E-02
1.86715340153169E-02
1.87606182408103E-02
1.88494030971211E-02
1.45190459718268E-02
1.39524473607773E-02
1.33797553362613E-02
1.15208990410129E-02
1.09302909507377E-02
1.16254108490358E-02
1.16773824014173E-02
1.10775423119725E-02
1.11262634612463E-02
7.23075360772843E-03
7.92222612369252E-03
8.61924475338238E-03
9.9876166457749E-03
1.00297842068644E-02
1.00717839369322E-02
9.43937371028712E-03
8.80123861597091E-03
8.83719608668116E-03
9.55554295163996E-03
1.09645069499894E-02
0.011008207148845
1.17424524344209E-02
1.24819246707281E-02
1.18343147950463E-02
1.32775826411037E-02
3.01641608082552E-02
3.09826885238393E-02
3.10991898268999E-02
3.12151537498014E-02
3.13305772341746E-02
3.00161182770735E-02
2.65389149562334E-02
2.66345969798848E-02
3.32316611863299E-02
3.69744001708022E-02
3.34666730385405E-02
3.65035873083261E-02
6.15379212160333E-02
5.80732134085052E-02
5.75328532244041E-02
5.77265817441847E-02
5.79192900164026E-02
5.88559855679792E-02
5.90490828035211E-02
4.87427033657584E-02
4.88998518243662E-02
4.98108394409554E-02
5.14828347043347E-02
5.16444915917544E-02
5.18052253808367E-02
3.43886241193341E-02
3.60268183625272E-02
3.61359829131206E-02
3.62444983154847E-02
3.71258163478063E-02
0.038786777425535
3.89001302618448E-02
3.74522697925747E-02
3.83422323878615E-02
4.00206844485645E-02
4.24942123535455E-02
0.037088929049311
3.79827899090851E-02
2.77716503269801E-02
2.94382692204979E-02
3.11129361077862E-02
3.59951289641395E-02
4.33080719386927E-02
4.66375838251676E-02
0.046758238459216
4.60697961666176E-02
3.16014176677017E-02
4.22410894355275E-02
4.23461810206509E-02
0.038368717305947
4.09173375522796E-02
5.16803349826596E-02
5.09815905525977E-02
5.02780011220582E-02
4.87434490983996E-02
5.05126088290696E-02
5.14584922365538E-02
4.90797688014645E-02
4.50214162061581E-02
2.17251829807148E-02
2.17729859503492E-02
2.26596315418509E-02
2.10263286298929E-02
2.10711272661428E-02
2.11155351479938E-02
1.94667871119254E-02
2.20513013672831E-02
2.12464036510548E-02
2.12892379514018E-02
2.21849433182591E-02
2.56484611017964E-02
2.65550475146827E-02
2.74644546764701E-02
2.57969394629986E-02
2.49839558050018E-02
3.45246950428839E-02
0.03458811679921
3.37846201468831E-02
5.90121349004291E-02
0.079981348940002
8.27339040694826E-02
8.37492109418453E-02
0.083892066490268
8.22826557337814E-02
8.41730597417393E-02
5.53292189664835E-02
5.62984936464831E-02
6.16748894361457E-02
6.17721436744373E-02
8.39640370826162E-02
8.23224968902957E-02
8.24470734400058E-02
8.16822493290544E-02
5.06819320081032E-02
8.28114908221004E-02
8.20381308755026E-02
8.21536724033796E-02
0.082267666560788
8.05892387072309E-02
0.080697719470241
3.86066798609398E-02
3.95560557980932E-02
3.87066999104155E-02
3.78543214746925E-02
3.79013842752876E-02
3.70442139882668E-02
3.70887579243947E-02
3.62269279360525E-02
3.62690171681745E-02
3.17716181905567E-02
3.27160240522514E-02
2.72933755208683E-02
2.73228813260216E-02
2.64401411032273E-02
3.01183753089183E-02
2.92355135088098E-02
6.76747948253945E-02
0.069572025654782
6.59736852294182E-02
6.60357802547605E-02
5.59985284391713E-02
6.70750505595949E-02
0.061616317763581
6.07489950167407E-02
5.34304493895929E-02
5.71622946585973E-02
6.73580380830119E-02
0.067410805765297
7.94761270907117E-02
8.13849331650073E-02
8.14439119459413E-02
9.16890121097855E-02
9.26786685167403E-02
9.27404127820901E-02
9.28003951193787E-02
9.28586141456746E-02
9.29150685190425E-02
9.29697569385434E-02
9.30226781442342E-02
9.30738309171678E-02
9.31232140793922E-02
9.31708264939514E-02
9.32166670648846E-02
9.32607347372263E-02
9.33030284970068E-02
9.33435473712518E-02
9.33822904279826E-02
9.34192567762163E-02
9.34544455659659E-02
9.34878559882405E-02
9.35194872750455E-02
9.35493386993826E-02
9.35774095752503E-02
9.36036992576438E-02
9.36282071425554E-02
9.36509326669748E-02
9.36718753088888E-02
9.27541242414092E-02
0.090897157760273
0.087163321241024
0.087176161482922
8.71873417886499E-02
8.43840599046822E-02
8.06409253532314E-02
8.06466578631061E-02
5.90814400271757E-02
6.09590524795913E-02
6.18977474727818E-02
5.90839125193751E-02
6.09581208900949E-02
7.50221399045924E-02
6.28271324799271E-02
6.46973107683672E-02
0.067503464642524
6.56205341638824E-02
7.87337405010882E-02
7.96584996661196E-02
8.05814290395221E-02
8.05656653583267E-02
7.86751499482442E-02
7.86567568493011E-02
7.86368663593626E-02
7.67436818178355E-02
6.73650814873693E-02
6.82795204261757E-02
7.38672008502058E-02
7.10373540285551E-02
0.076617389392265
7.65877546852191E-02
7.18885735569164E-02
7.27912306740439E-02
5.50355670102912E-02
5.50100536836554E-02
4.75281050398073E-02
6.24075347020601E-02
5.77201488528687E-02
2.79140052692906E-02
2.88283214112288E-02
2.97410298810675E-02
0.027865525504296
2.59917521884551E-02
2.50475014314721E-02
2.41039756560124E-02
2.31612280905788E-02
2.40709212437625E-02
2.77542786130124E-02
2.77338903161424E-02
2.77129754766961E-02
2.67684834250431E-02
2.95142059884842E-02
0.03133335347317
2.85448625546919E-02
3.03605725223233E-02
2.94148874160618E-02
3.03070575793905E-02
3.21145553941197E-02
0.02200090500235
2.10641510113643E-02
2.10437023044848E-02
2.10228549806318E-02
2.28278364383237E-02
2.00677939719792E-02
2.09579261889355E-02
2.09354893260725E-02
2.00034104292581E-02
1.99811918229836E-02
2.08658042373794E-02
2.35602800235784E-02
2.44377870877603E-02
2.07925688392787E-02
1.98644415513509E-02
1.80363307770887E-02
1.89144246978924E-02
1.79908048469018E-02
1.79675324305787E-02
1.70467250469949E-02
0.017023972842576
1.70008997277869E-02
1.69775062424336E-02
1.78460978254054E-02
1.69297603583261E-02
1.69054090782577E-02
1.77691996473686E-02
1.59686078186314E-02
0.016830448762304
1.68048284541182E-02
0.016778892375253
1.67526411359045E-02
1.58457555986218E-02
0.015820290621194
1.57945288494478E-02
1.57684708911588E-02
1.48675552858924E-02
1.13500608600963E-02
1.48169413036962E-02
1.47912179633168E-02
1.47652178665771E-02
1.38719450631884E-02
1.55778245742656E-02
1.46855632349864E-02
1.29339373630507E-02
0.020655653434497
1.71805181179979E-02
1.88624384957575E-02
1.79702302888761E-02
1.79350709380259E-02
1.87519385583145E-02
2.21170256262268E-02
2.29211910678737E-02
2.54158619098336E-02
2.62087037627779E-02
2.53101907254961E-02
0.028624203608674
2.85629937511995E-02
2.85012547225237E-02
2.59296655381651E-02
3.00453830614934E-02
2.99783409353842E-02
2.90798908736605E-02
7.46064914651607E-02
4.46608464715705E-02
0.018977970672804
1.81101889035707E-02
1.80672028811291E-02
1.96624194450055E-02
1.87975181882076E-02
2.03821077700199E-02
2.35848375286263E-02
2.27147562635038E-02
2.34667265428537E-02
2.34070259332759E-02
2.73722242966962E-02
2.48922964095502E-02
2.64288593501957E-02
2.63589855856192E-02
0.06532326601667
6.19693423051626E-02
6.18007921874187E-02
6.16311190550883E-02
0.059884421291375
5.73596756963731E-02
7.44354277125721E-02
7.81298474616524E-02
6.93356286745251E-02
6.91344410987091E-02
3.09806770991827E-02
2.85724518337999E-02
2.54075590501219E-02
0.025331123300459
2.52542327969919E-02
2.51768894782608E-02
2.43385166520619E-02
2.35044369361649E-02
2.41863391375542E-02
2.26027521222157E-02
2.40324359088067E-02
2.32062532246752E-02
2.38768226323096E-02
2.60294777804501E-02
0.022978280355105
2.21627167655564E-02
1.98791969824453E-02
6.01685580026016E-02
5.33809822958053E-02
5.02814668601059E-02
0.051558403883773
3.03920304881444E-02
3.17262963727223E-02
3.08942968512958E-02
3.72257251311372E-02
3.70902577289034E-02
6.11164728529807E-02
6.08903065385316E-02
6.84223191769962E-02
6.88675862118654E-02
6.93063462721302E-02
6.97385701138483E-02
6.94695334900277E-02
6.91993076742885E-02
6.89278998853934E-02
0.068655317391237
0.068381567509083
6.81066576058068E-02
6.37607593922553E-02
6.35001842057692E-02
6.25657892343202E-02
6.36457885260277E-02
6.33792206620283E-02
6.24472612065391E-02
6.28429151930517E-02
6.25731923080927E-02
0.060334987313304
5.02774688675285E-02
5.07064308213945E-02
6.34256073697831E-02
6.31420965670425E-02
6.34989588957569E-02
6.38489708796949E-02
0.063556544058012
6.32630903098497E-02
6.29686179443196E-02
6.26731353260994E-02
6.23766508758301E-02
6.20791730705219E-02
4.26286902063397E-02
2.88961976459767E-02
2.81431979684576E-02
3.04397499178169E-02
2.96828203623374E-02
2.95342245754769E-02
2.99848692979202E-02
2.92356667542747E-02
2.49306115838965E-02
2.59827333047246E-02
2.52598503112606E-02
2.51271025429251E-02
2.79002537435399E-02
2.65949306206529E-02
2.70267603259388E-02
3.08834502292366E-02
3.58334949719302E-02
3.50701275128235E-02
3.60000378756818E-02
5.25785101934185E-02
5.28373944655094E-02
0.051430155969858
5.05847227266185E-02
4.70117054805397E-02
4.89108525030991E-02
3.34956599340351E-02
4.99450760729322E-02
5.01798100852634E-02
4.98768227528808E-02
5.01005418204527E-02
4.71723077652475E-02
4.68803239754407E-02
4.71053708474851E-02
4.62945337186818E-02
4.60007466247492E-02
4.57063779218521E-02
3.07788631788015E-02
3.05785783230177E-02
3.08759181590376E-02
3.16610030022066E-02
3.24325160267468E-02
3.17261458825127E-02
0.048478166879687
0.048146322385681
4.78139333718437E-02
4.74810115792922E-02
4.71475688415359E-02
4.68136170857807E-02
0.046479168334264
4.61442347056244E-02
4.58088284163054E-02
4.54729617819941E-02
0.045136647219096
4.47998972462472E-02
3.64594340784087E-02
3.79476218325308E-02
0.041597803539608
4.25798213481573E-02
4.18167598875711E-02
4.27709681237921E-02
0.042431529726035
4.20917599421902E-02
3.84115385027832E-02
3.72701523504255E-02
3.28564784063843E-02
3.05472292648123E-02
3.23107339429416E-02
3.20375578933318E-02
3.21612469075284E-02
2.28307250259069E-02
2.26322899906844E-02
2.20469556996929E-02
2.33851880449532E-02
2.43159789910363E-02
2.22140396899036E-02
2.16386294144143E-02
2.10700121655366E-02
1.35500607810872E-02
1.05207807353001E-02
1.22179865551863E-02
1.21012469708287E-02
1.19844951970168E-02
1.18677367925604E-02
1.17509773743727E-02
1.16342226185998E-02
9.48498209793655E-03
8.71822066626063E-03
8.96085847081153E-03
8.53975037997235E-03
8.45055191577735E-03
7.39660897878085E-03
7.3177609470608E-03
6.9242114445215E-03
6.53755141651384E-03
7.38933530292342E-03
6.39382944126906E-03
6.32203857664616E-03
6.25029985021029E-03
6.47283723901072E-03
6.68861386895577E-03
6.03543777437559E-03
6.24794670459219E-03
6.17313047699029E-03
6.09839545926889E-03
6.29755292713163E-03
6.49002285742384E-03
6.4087900678882E-03
6.59131922122297E-03
6.24665732451091E-03
5.9088610654062E-03
6.08500413944058E-03
6.00437106744923E-03
5.43021825208548E-03
4.62611999127832E-03
4.5626231273335E-03
4.26244545177522E-03
3.96905194152179E-03
3.91257830811815E-03
4.08306318604602E-03
4.02352985924099E-03
4.84505351777978E-03
4.98957204510744E-03
4.91404969717169E-03
4.83872246073652E-03
4.76359671205371E-03
4.8925345296957E-03
5.21579858335753E-03
0.005526340062657
5.82422551478439E-03
5.72767874307029E-03
5.63144744530308E-03
1.21781899554803E-02
1.61385731870751E-02
1.19365855925637E-02
1.01497382194774E-02
9.45147996965057E-03
1.06285498387628E-02
1.04316645433383E-02
1.02356066183535E-02
9.56228404200115E-03
6.56404131844395E-03
6.43508050780922E-03
6.60705252495143E-03
6.32613081034656E-03
5.76374781999253E-03
8.74719546014302E-03
9.66630174027053E-03
1.09441352463627E-02
1.08365030941236E-02
0.010595181553711
1.04816027042793E-02
0.01073383612554
1.04825554378985E-02
1.05857971233884E-02
1.03293323551326E-02
0.010186611273022
0.010040117645381
9.78361427649704E-03
1.03577034728766E-02
1.00832418174057E-02
9.81102936817045E-03
9.54111804493404E-03
9.27356071205977E-03
9.00841119342862E-03
8.74572428676442E-03
8.48555577724912E-03
8.22796245029398E-03
7.97300210331938E-03
7.72073355637664E-03
7.47121666143004E-03
7.2245123100926E-03
6.98068243959046E-03
6.73979003670159E-03
6.50189913939088E-03
6.26707483582918E-03
6.03538326045299E-03
5.80689158668257E-03
5.5816680158751E-03
5.19898830918462E-03
4.52434666801724E-03
4.58146178922354E-03
4.43196254746648E-03
4.19153637842737E-03
3.65746553515673E-03
2.70767985199572E-03
2.38268291236627E-03
2.22807220828218E-03
2.07967343218839E-03
2.0538383604791E-03
2.00706770390575E-03
1.76711752672324E-03
1.59882943944512E-03
1.55873679475642E-03
1.42901745586905E-03
2.31783929601848E-03
2.36620264514739E-03
2.2708567460904E-03
2.22979714502857E-03
2.18669783919288E-03
2.06686935188651E-03
1.99815500126679E-03
1.92914004936346E-03
1.83745733533905E-03
1.76880515034789E-03
1.55486870474277E-03
1.51171873915852E-03
1.58113938426985E-03
1.45671004156052E-03
1.37214329580064E-03
1.28940906399781E-03
1.23997119652868E-03
1.17432389211083E-03
1.10909205121083E-03
1.13691696192491E-03
1.06714978594145E-03
6.73199565547132E-04
9.08549930210495E-04
8.63265017986881E-04
8.06871442489323E-04
5.71325531390328E-04
3.97727358647715E-04
2.76529210224243E-04
2.49803074335438E-04
2.24055091338755E-04
1.78927544478234E-04
1.5331317128266E-04
1.33903742043207E-04
1.15665440404014E-04
9.57709328609653E-05
8.05546036377754E-05
6.86936230372887E-05
5.58158368151208E-05
4.57017388004406E-05
5.16730583612488E-05
3.81848328311163E-05
2.83675739971188E-05
2.21654483199608E-05
2.27703627831064E-05
1.37769473159982E-05
7.81836100278577E-06
4.38309322463199E-06
1.18944187730217E-06
4.65306472474297E-07
2.00354339294937E-07
4.68268848131115E-08
7.34569229191506E-09
3.64371092381022E-10
8.88837271671185E-12
2.57554506999153E-14
8.01251962585891E-19
6.68592951233812E-30
6.41304583401151E-85
0
0
0
0
0
0
0
0
0
0
0
0
0
0
0
0
0
0
0
0
0
0
0
0
0
0
0
0
0
0
0
0
0
0
0
0
0
0
0
0
0
0
0
0
0
0
0
0
0
0
0
0
0
0
0
0
0
0
0
0
0
0
0
0
0
0
0
0
0
0
0
0
0
0
0
0
0
0
0
0
0
0
0
0
0
0
0
0
0
0
0
0
0
0
0
0
0
0
0
0
0
0
0
0
0
0
0
0
0
0
0
0
0
0
0
0
0
0
0
0
0
0
0
0
0
0
0
0
0
0
0
0
0
0
0
0
0
0
0
0
0
0
0
0
0
0
0
0
0
0
0
0
0
0
0
0
0
0
0
0
0
0
0
0
0
0
0
0
0
0
0
0
0
0
0
0
0
0
0
0
0
0
0
0
0
0
0
0
0
0
0
0
0
""
