0
0
0
0
0
0
0
0
0
0
0
0
0
0
0
0
0
0
0
0
0
0
0
0
0
0
0
0
0
0
0
0
0
0
0
0
0
0
0
0
0
0
0
0
0
0
0
0
0
0
0
0
0
0
0
0
0
0
0
0
0
0
0
0
0
0
0
0
0
0
0
0
0
0
0
0
0
0
0
0
0
0
0
0
0
0
0
0
0
0
0
0
0
0
0
0
0
0
0
0
0
0
0
0
0
0
0
0
0
0
0
0
0
0
0
0
0
0
0
0
0
0
0
0
0
0
0
0
0
0
0
0
0
0
0
0
0
0
0
0
0
0
0
0
0
0
0
0
0
0
0
0
0
0
0
0
0
0
0
0
0
0
0
0
0
0
0
0
0
0
0
0
0
0
0
0
0
0
0
0
0
0
0
0
0
0
0
0
0
0
0
0
0
0
0
0
0
0
0
0
0
0
0
0
0
0
0
0
0
0
0
0
0
0
0
0
0
0
0
0
0
0
0
0
0
0
0
0
0
0
0
0
0
0
0
0
0
0
0
0
0
0
0
0
0
0
0
0
0
0
0
0
0
0
0
0
0
0
0
0
0
0
0
0
0
0
0
0
0
0
0
0
0
0
0
0
0
0
0
0
0
0
0
0
0
0
0
0
0
0
0
0
0
0
0
0
0
0
0
0
0
0
0
0
0
0
0
0
0
0
0
0
0
0
0
0
0
0
0
0
0
0
0
0
0
0
0
0
0
0
0
0
0
0
0
0
0
0
0
0
0
0
0
0
0
0
0
0
0
0
0
0
0
0
0
0
0
0
0
0
0
0
0
0
0
0
0
0
0
0
0
0
0
0
0
0
0
0
0
0
0
0
0
0
0
0
0
0
0
0
0
0
0
0
0
0
0
0
0
0
0
0
0
0
0
0
0
0
0
0
0
0
0
0
0
0
0
0
0
0
0
0
0
0
0
0
0
0
0
0
0
0
0
0
0
0
0
0
0
0
0
0
0
0
0
0
0
0
0
0
0
0
0
0
0
0
0
0
0
0
0
0
0
0
0
0
0
0
0
0
0
0
0
0
0
0
0
0
0
0
0
0
0
0
0
0
0
0
0
0
0
0
0
0
0
0
0
0
0
0
0
0
0
0
0
0
0
0
0
0
0
0
0
0
0
0
0
0
0
0
0
2.9895402631037E-79
3.83664124388544E-24
1.04407087844608E-14
7.58869276165102E-11
9.86018026248665E-09
2.14740443234698E-07
1.77826098969225E-06
8.88690737904435E-06
2.9790528524734E-05
7.54945508072573E-05
1.60208386576231E-04
2.98293977603112E-04
5.02945326501044E-04
7.8513912388804E-04
1.15313604021971E-03
1.61240747711919E-03
2.16583691372835E-03
2.81406786208158E-03
3.55590688853492E-03
4.38872386522879E-03
5.30881729016459E-03
5.99614347355761E-03
7.0228856772186E-03
8.03317231416167E-03
8.20396921260736E-03
9.39188466499548E-03
1.05303333983483E-02
1.17126731628243E-02
1.26304312412255E-02
1.03523477132403E-02
1.11112202562883E-02
1.18599922302344E-02
1.49437034816999E-02
1.49214396295001E-02
1.62274955791877E-02
1.83667938771572E-02
1.89765910520073E-02
2.07129740228917E-02
1.75199042787698E-02
1.74853992307465E-02
1.56173839288133E-02
3.02332917115479E-02
3.16650924399867E-02
3.30995313623841E-02
3.28710911085393E-02
3.33714208508906E-02
3.24499576196323E-02
3.46301871802082E-02
3.73627376891812E-02
3.86886218875692E-02
0.040011150237184
4.93810150036683E-02
5.03973952585746E-02
1.99787499551454E-02
1.35183974015739E-02
1.45108209393382E-02
1.49136083789787E-02
1.59525199001434E-02
1.70225959083465E-02
1.74522490252669E-02
1.78795028417834E-02
2.11203322027671E-02
2.23277999204916E-02
2.50373500262716E-02
2.85924260539076E-02
2.45877999165535E-02
2.58786189172086E-02
0.024797718176416
2.52818954721639E-02
2.74248280204796E-02
2.37007852718896E-02
0.020681949328554
2.01693561100252E-02
1.96239548327554E-02
2.08599801284297E-02
2.21232299954463E-02
2.62229629056563E-02
2.47300251080774E-02
2.51072201724928E-02
2.54814755247234E-02
2.68471267305211E-02
2.42041462662361E-02
2.55640236710681E-02
2.79855706320685E-02
2.31072856911023E-02
2.12809339756258E-02
2.04753373312799E-02
2.29139236207027E-02
2.31948471342017E-02
2.23556290873398E-02
2.26186840120846E-02
2.40234748399141E-02
2.42949854003415E-02
2.57338767916736E-02
2.60134175063189E-02
2.62905175055435E-02
2.53576745383716E-02
2.43976543079879E-02
2.58750874660633E-02
0.028618935030434
2.88959697918265E-02
2.40973634773133E-02
2.30419646787642E-02
2.19610657045153E-02
2.21584345336795E-02
2.10390278823761E-02
2.12213351301912E-02
2.00643034987064E-02
2.02319985414628E-02
1.90382184945612E-02
0.017820907871161
1.79620888939312E-02
1.67094392829787E-02
1.68372208275196E-02
1.55500929487531E-02
1.56649106410744E-02
1.43441592641003E-02
1.15571560564883E-02
1.16381503568997E-02
1.31831014698511E-02
1.32723498503164E-02
1.33606665874397E-02
1.34480539379602E-02
1.35345141203642E-02
1.21067105018005E-02
1.21819214768364E-02
1.22563140116008E-02
1.23298899396778E-02
9.30198829486317E-03
7.79662445997887E-03
7.84108493584281E-03
7.88503939912348E-03
7.92848888745444E-03
9.56572130050686E-03
1.12194277762757E-02
1.12781445830516E-02
1.13361599386067E-02
1.30211144552862E-02
9.81436413358347E-03
1.15060102095587E-02
1.15612325300991E-02
1.16157596437987E-02
1.16695927164258E-02
1.50720851402935E-02
1.51395187726927E-02
1.35165016514896E-02
1.18780069797827E-02
1.36324416082629E-02
1.36892322718919E-02
1.37452382375356E-02
1.38004606045844E-02
1.38549004453896E-02
1.21699889550138E-02
1.22162571171187E-02
0.012261843245808
8.79053442059125E-03
7.05769872702573E-03
8.85322700078407E-03
7.10707660530898E-03
8.91398022177777E-03
8.94363092732537E-03
8.97279839034775E-03
1.08017797369644E-02
9.02968558847617E-03
9.05740628990365E-03
1.09015748183678E-02
1.09336850586123E-02
9.13768232886453E-03
7.33078435852629E-03
7.35103919002246E-03
7.37091067949487E-03
5.54279935473809E-03
5.55712865563084E-03
5.57117113343103E-03
5.58492700277164E-03
5.59839647191713E-03
5.61157974289085E-03
5.62447701159959E-03
5.63708846795538E-03
5.64941429599443E-03
3.77430311599554E-03
5.67320977458226E-03
5.68467976485567E-03
7.59448640863976E-03
7.60902007439696E-03
7.62317421857496E-03
7.63694903584031E-03
5.73775853561926E-03
3.8316807174607E-03
3.8379996865317E-03
3.84412934859203E-03
3.85006978482975E-03
3.85582107337652E-03
3.86138328936096E-03
5.80013475744012E-03
5.80791118417358E-03
5.81540431387361E-03
3.88174282797349E-03
1.94318035323609E-03
1.94539495143708E-03
3.89503047262838E-03
5.8486237028143E-03
5.85441891123314E-03
5.8599314056539E-03
5.8651612537304E-03
3.91340567957585E-03
3.91651550849886E-03
3.91943702694302E-03
3.92217027018008E-03
3.92471527109194E-03
3.92707206019444E-03
3.9292406656595E-03
3.93122111333553E-03
3.93301342676629E-03
3.93461762720801E-03
3.93603373364494E-03
3.93726176280318E-03
3.93830172916297E-03
3.93915364496925E-03
5.90972628036103E-03
7.8805867255539E-03
7.88116235632906E-03
9.8517024244519E-03
9.85148184699089E-03
9.8507912104406E-03
9.84963050669699E-03
7.87839977770696E-03
9.84589883759208E-03
1.18119933940405E-02
1.18083439970269E-02
1.18041303710424E-02
1.17993524663237E-02
1.17940102263359E-02
0.013752787519019
1.17816324802999E-02
1.17745968269253E-02
1.17669965435214E-02
1.37186367954705E-02
1.37084520009245E-02
1.17408069664594E-02
0.011730947180505
1.17205222372795E-02
1.17095320094391E-02
1.16979763621402E-02
1.16858551529436E-02
1.36186962703313E-02
1.55465539206752E-02
1.35871127157135E-02
1.35703301728287E-02
1.35528868395516E-02
1.35347824938347E-02
1.54468764614999E-02
1.54246740887323E-02
1.34765010133296E-02
1.15335001702021E-02
1.15151460947571E-02
1.14962241135233E-02
1.14767339741809E-02
1.33661213174015E-02
0.013342056191616
1.33173272642943E-02
1.32919341954975E-02
1.70561271000206E-02
0.017021769703464
1.69865570062477E-02
1.31837132840769E-02
1.69135636921576E-02
1.31256082413907E-02
1.68371429545256E-02
1.49312408116947E-02
1.48953691679414E-02
1.30013920959431E-02
1.29686674471697E-02
1.29352735757405E-02
1.29012099666228E-02
1.28664760893298E-02
1.28310713976039E-02
1.27949953290943E-02
1.27582473050288E-02
1.27208267298781E-02
1.63063709884481E-02
1.62565270179023E-02
1.80064621200979E-02
1.79491520029856E-02
0.01789087646841
1.78316345114635E-02
1.95485676096903E-02
1.94812718899532E-02
1.94129096053873E-02
0.019343479525899
2.10250695149404E-02
1.92014108976614E-02
0.019128769722733
1.90550554992639E-02
1.89802668273904E-02
0.020622984296064
2.39622222751557E-02
2.55674176104676E-02
2.54595523501756E-02
2.19701834191831E-02
2.35567670399636E-02
2.51270949394064E-02
2.66808686505762E-02
2.65579190808351E-02
2.31292103816569E-02
2.30188512988203E-02
2.29070995645969E-02
2.11658132597053E-02
2.42993660732967E-02
2.25634637960163E-02
0.020842822479799
2.07325521297262E-02
2.22072030184178E-02
2.52407214782694E-02
2.51001666461423E-02
2.18382436824023E-02
2.48141964944846E-02
2.31269759397598E-02
0.022989115106296
2.28497233445464E-02
2.27087972205562E-02
1.95574888037539E-02
1.94326841140007E-02
1.63363033956059E-02
1.47531187619717E-02
1.61194193764661E-02
1.74646547006086E-02
1.87885101043563E-02
1.86556220179239E-02
1.70966537203997E-02
1.55571858727852E-02
1.68450362082993E-02
1.81104435587384E-02
1.79707244621802E-02
1.78296282343895E-02
1.76871511343898E-02
1.61938055860968E-02
1.60597284701752E-02
1.45973356428124E-02
1.31564292306523E-02
1.30414763740336E-02
0.012925443562103
1.40891605696906E-02
1.39591386595003E-02
1.38279188864276E-02
1.24504526915541E-02
1.35618726116174E-02
1.22063996324411E-02
1.08744510319752E-02
9.56635474971416E-03
9.46564561248037E-03
9.36404907622809E-03
8.10386761928984E-03
8.01341212594482E-03
6.79043547013315E-03
6.71156033358057E-03
5.52667684111894E-03
5.45982486914906E-03
5.39241006986331E-03
5.3244315819119E-03
6.30706638422335E-03
6.22413678675649E-03
6.14052851550065E-03
6.05624116331023E-03
5.97127452676478E-03
5.88562862850376E-03
6.76585436518299E-03
6.66435048539494E-03
5.62461950790709E-03
5.53626221070639E-03
5.44723009003002E-03
7.14336682809259E-03
7.02286630617721E-03
6.90147578250253E-03
6.7791998774777E-03
6.65604400804306E-03
6.53201446514447E-03
6.40711849828461E-03
7.06653495878478E-03
7.69345205705443E-03
7.53415115659636E-03
6.63643613456855E-03
6.49122244112364E-03
6.34511213243011E-03
6.19812441919546E-03
6.05028074315459E-03
5.90160498693505E-03
7.66949827102999E-03
7.46915515379845E-03
6.66216911577097E-03
7.65433888137445E-03
6.86237664493432E-03
7.21324381756587E-03
7.52921787874431E-03
7.28951707280944E-03
6.54559128890273E-03
5.83548244182724E-03
5.62844746592023E-03
5.87284125950982E-03
5.64796697143305E-03
5.84015264052792E-03
5.19808724550155E-03
4.97339677075748E-03
4.01847589135183E-03
3.48109079291811E-03
2.64771892053356E-03
2.51121204004507E-03
2.37551058860516E-03
2.24078753855472E-03
2.10723131533103E-03
2.22192775628746E-03
2.53612823504878E-03
1.93016549522682E-03
1.78767588853043E-03
2.01405358975519E-03
2.01475290357131E-03
2.14300951520209E-03
1.94134020292329E-03
1.74617991064134E-03
1.78080689219149E-03
1.57500172309014E-03
1.2928644957839E-03
1.19382208080343E-03
1.02015804976623E-03
9.12583917514232E-04
7.10851243925582E-04
6.12768589844254E-04
4.85689957239773E-04
3.52473959975646E-04
2.62992271598138E-04
1.88591895891395E-04
1.28835268823437E-04
8.80532893395148E-05
5.25014199210213E-05
2.83926360752022E-05
1.42973018802858E-05
6.98334055815679E-06
1.98805975304535E-06
4.35713644208309E-07
5.2206966824882E-08
2.61542255106295E-09
2.58942956458809E-11
5.12706327516673E-15
9.84322614838195E-24
1.16647920644059E-69
0
0
0
0
0
0
0
0
0
0
0
0
0
0
0
0
0
0
0
0
0
0
0
0
0
0
0
0
0
0
0
0
0
0
0
0
0
0
0
0
0
0
0
0
0
0
0
0
0
0
0
0
0
0
0
0
0
0
0
0
0
0
0
0
0
0
0
0
0
0
0
0
0
0
0
0
0
0
0
0
0
0
0
0
0
0
0
0
0
0
0
0
0
0
0
0
0
0
0
0
0
0
0
0
0
0
0
0
0
0
0
0
0
0
0
0
0
0
0
0
0
0
0
0
0
0
0
0
0
0
0
0
0
0
0
0
0
0
0
0
0
0
0
0
0
0
0
0
0
0
0
0
0
0
0
0
0
0
0
0
0
0
0
0
0
0
0
0
0
0
0
0
0
0
0
0
0
0
0
0
0
0
0
0
0
0
0
0
0
0
0
0
0
0
0
0
0
0
0
0
0
0
0
0
0
0
0
0
0
0
0
0
0
0
0
0
0
0
0
0
0
0
0
0
0
0
0
0
0
0
0
0
0
0
0
0
0
0
0
0
0
0
0
0
0
0
0
0
0
0
0
0
0
0
0
0
0
0
0
0
0
0
0
0
0
0
0
0
0
0
0
0
0
0
0
0
0
0
0
0
0
0
0
0
0
0
0
0
0
0
0
0
0
0
0
0
0
0
0
0
0
0
0
0
0
0
0
0
0
0
0
0
0
0
0
0
0
0
0
0
0
0
0
0
0
0
0
0
0
0
0
0
0
0
0
0
0
0
0
0
0
0
0
0
0
0
0
0
0
0
0
0
0
0
0
0
0
0
0
0
0
0
0
0
0
0
0
0
0
0
0
0
0
0
0
0
0
0
0
0
0
0
0
0
0
0
0
0
0
0
0
0
0
0
0
0
0
0
0
0
0
0
0
0
0
0
0
0
0
0
0
0
0
0
0
0
0
0
0
0
0
0
0
0
0
0
0
0
0
0
0
0
0
0
0
0
0
0
0
0
0
0
0
0
0
0
0
0
0
0
0
0
0
0
0
0
0
0
0
0
0
0
0
0
0
0
0
0
0
0
0
0
0
0
""
