0
0
0
0
0
0
0
0
0
0
0
0
0
0
0
0
0
0
0
0
0
0
0
0
0
0
0
0
0
0
0
0
0
0
0
0
0
0
0
0
0
0
0
0
0
0
0
0
0
0
0
0
0
0
0
0
0
0
0
0
0
0
0
0
0
0
0
0
0
0
0
0
0
0
0
0
0
0
0
0
0
0
0
0
0
0
0
0
0
0
0
0
0
0
0
0
0
0
0
0
0
0
0
0
0
0
0
0
0
0
0
0
0
0
0
0
0
0
0
0
0
0
0
0
0
0
0
0
0
0
0
0
0
0
0
0
0
0
0
0
0
0
0
0
0
0
0
0
0
0
0
0
0
0
0
0
0
0
0
0
0
0
0
0
0
0
0
0
0
0
0
0
0
0
0
0
0
0
0
0
0
0
0
0
0
0
0
0
0
0
0
0
0
0
0
0
0
0
0
0
0
0
0
0
0
0
0
0
0
0
0
0
0
0
0
0
0
0
0
0
0
0
0
0
0
0
0
0
0
0
0
0
0
0
0
0
0
0
0
0
0
0
0
0
0
0
0
0
0
0
0
0
0
0
0
0
0
0
0
0
0
0
0
0
0
0
0
0
0
0
0
0
0
0
0
0
0
0
0
0
0
0
0
0
0
0
0
0
0
0
0
0
0
0
0
0
0
0
0
0
0
0
0
0
0
0
0
0
0
0
0
0
0
0
0
0
0
0
0
0
0
0
0
0
0
0
0
0
0
0
0
0
0
0
0
0
0
0
0
0
0
0
0
0
0
0
0
0
0
0
0
1.95606314211379E-41
3.1399504109244E-22
2.11164252555384E-15
3.84975921535031E-12
5.31130222187854E-10
1.0915810173986E-08
9.48271714060795E-08
4.80511508414681E-07
1.69911006574248E-06
4.66942264385043E-06
1.06814145755983E-05
2.12913099875623E-05
3.81733149520437E-05
6.29719410413684E-05
8.55205804191889E-05
1.10814732008312E-04
1.35066407268073E-04
1.87291817982605E-04
1.81635600471585E-04
2.17572419685386E-04
2.64815369541483E-04
3.29326902820754E-04
3.94373373208866E-04
4.46242846133626E-04
5.30566326723724E-04
5.59629690327296E-04
4.49001213447726E-04
5.22931455581204E-04
5.85115303932715E-04
6.49810736516858E-04
7.39195754160915E-04
8.3497107703565E-04
8.83555147178446E-04
9.58416961983408E-04
9.72088335376035E-04
1.04510497770274E-03
1.08311418508967E-03
1.15574948230002E-03
1.3111034474515E-03
1.43353681052536E-03
1.46965023340732E-03
1.50122033913695E-03
1.47716617648419E-03
1.65708384584703E-03
1.73526258971576E-03
2.04749217508152E-03
2.13578950379973E-03
2.35106548314718E-03
3.23679225435804E-03
3.35967080333945E-03
3.55318924083011E-03
3.7511858043923E-03
4.0295870293536E-03
4.16020121014127E-03
5.74707919083332E-03
4.00224782192252E-03
3.60358321389344E-03
0.004233708909981
4.25760964316372E-03
4.27590540260061E-03
4.3839278107912E-03
4.6863303030845E-03
4.79718439411575E-03
6.39572730062497E-03
6.96049935717006E-03
6.98326779246398E-03
7.33955525979093E-03
6.69272587891357E-03
6.48511740070293E-03
6.51104120236415E-03
8.54473341545603E-03
6.95642949046648E-03
6.62477883670505E-03
6.90237012633691E-03
8.03947020321914E-03
8.89309870220646E-03
9.23841676095271E-03
7.09547562361875E-03
7.55682455860394E-03
8.24195784527626E-03
7.89295475643942E-03
8.16532154527078E-03
8.66897294879708E-03
9.42643052660278E-03
9.48761752873588E-03
9.03468713735962E-03
8.79691781168867E-03
9.06367111996156E-03
9.88196042674572E-03
9.03975149857154E-03
9.29782191567342E-03
8.9607420925419E-03
1.50378093455611E-02
1.38671890640755E-02
1.32634117153959E-02
1.36077342417436E-02
1.39546065706988E-02
3.20967128702567E-02
0.032886109845522
3.36808393000971E-02
3.48555672036847E-02
3.56693388470814E-02
3.60957828588893E-02
3.69106134873588E-02
0.038960504730416
3.93924849719425E-02
0.039811099389891
4.06532221439331E-02
4.06072084041831E-02
4.14395885083161E-02
2.69451402505286E-02
4.64329693410532E-02
0.048308227022568
4.92399682866892E-02
5.01756983030093E-02
3.98699436674035E-02
4.11263790151876E-02
4.13445105131745E-02
4.15464573201874E-02
4.22811433158349E-02
0.039666350482144
4.31899745016975E-02
4.39226237715038E-02
4.46576334178337E-02
3.34488992492378E-02
3.15656831070175E-02
3.70074808990784E-02
2.56896919129365E-02
2.29100769641788E-02
2.39105113518531E-02
2.23071978960126E-02
2.26433972358812E-02
2.29803920313396E-02
2.19464992453267E-02
2.15693085947159E-02
2.04670764516701E-02
2.21885188253926E-02
2.39505963676946E-02
2.35459663774765E-02
2.46135566325947E-02
2.41899725569421E-02
2.29807384197223E-02
2.32838571524223E-02
2.28011870539217E-02
2.38914512981127E-02
0.028228534073425
0.028584173622173
2.97671201549027E-02
3.34820089467974E-02
3.38898946020605E-02
3.42982098486039E-02
3.21039101860684E-02
3.16044273584302E-02
3.10848012111878E-02
3.14433666500945E-02
0.0354367396922
3.58368634841898E-02
3.71664032808881E-02
3.85167210974831E-02
4.08375210941719E-02
4.22396585269869E-02
4.26922765068666E-02
4.31450609226621E-02
8.91777030072957E-02
9.01043893091133E-02
9.10312725923307E-02
9.19583060790484E-02
9.28854434946882E-02
9.06855510895737E-02
6.42125632868472E-02
7.75965860642636E-02
7.83485672676254E-02
8.01840187732081E-02
8.09460676517899E-02
9.05412381047467E-02
9.13852552082962E-02
9.22290067849663E-02
9.30724548034591E-02
9.39155616043756E-02
9.47582898934887E-02
9.56006027351866E-02
9.64424635460827E-02
9.72838360887857E-02
0.119664249348572
0.120688991602134
0.121713008289417
0.122736256834058
0.123758695046432
0.124780281117134
0.125800973610619
0.126820731459004
0.127839513956025
0.128857280751144
0.129873991843799
0.130889607577805
0.131904088635882
0.132917396034333
0.133929491117838
0.134940335554393
0.135949891330355
0.136958120745629
0.137964986408956
0.138970451233332
0.139974478431524
0.140977031511708
0.14197807427321
0.142977570802348
0.143975485468379
0.144971782919544
0.14596642807921
0.146959386142105
0.147950622570641
0.148940103091336
0.14992779369131
0.150913660614879
0.151897670360219
0.15287978967612
0.153859985558814
0.154838225248882
0.155814476228231
0.155220819154978
0.156183274339716
0.157143665526769
7.50585069511997E-02
7.06925026977262E-02
6.78839396950595E-02
7.15395414858379E-02
7.85035515236692E-02
8.88332364132667E-02
7.94210975079741E-02
8.15423283412885E-02
0.107112223389941
0.111084858968883
0.111708640265786
0.137860533384068
0.138622091680098
0.14282314060848
0.155710102899051
0.140894489043399
4.54671904356399E-02
5.27403553835913E-02
5.65522916874247E-02
5.68473479831326E-02
5.35701929751126E-02
5.38451779952048E-02
5.23153578095687E-02
5.25795693129895E-02
5.28429654857989E-02
5.49367640966939E-02
5.52075321583019E-02
0.127598095977599
6.13211048064445E-02
0.11016205069037
0.101307338500376
0.105556657343878
0.104158373276148
0.106545961664118
0.105126649070624
0.115208990410129
0.152381115019108
0.155005477987144
0.155698432018898
0.156388832639612
0.157076660629359
0.155789873184694
0.146561183288312
0.143212066671584
0.185769669611413
0.184548029406305
0.183306467652167
8.09089175167468E-02
8.93664228698585E-02
6.32199412354883E-02
6.55237230969597E-02
6.98987318061821E-02
0.191955612157985
0.190642168935303
0.191389511617831
0.194221989871642
0.209646041701637
0.210447633545966
0.211245603571631
0.212039930637954
0.212830593748646
0.21361757205119
0.214400844836239
0.200117764129435
0.20083925830778
0.192888120364132
0.1913968950018
0.194252210897615
0.192738940987962
0.219778290057262
0.22053119015888
0.221280204709246
0.22202531440071
0.222766500063087
0.223503742663212
0.224237023304511
0.224966323226577
0.225691623804767
0.226412906549797
0.224858851576286
0.223286478352585
0.221695890967993
0.224672344246316
0.223059662627562
0.221429001680399
0.226720904356436
0.204191989912935
0.209448598097889
0.207726695598251
0.208328250721197
0.211273525402502
0.225999159238952
0.231357378369303
0.234370466545646
0.220774966346557
0.221379726892213
0.176629615322987
0.167531194426541
0.155978892177938
0.151578251785425
0.154386484386762
0.140274715377648
0.13578466238582
0.153145331774247
0.153530113525283
0.153912081017366
0.161638426097394
0.164487696960164
0.196877466600608
0.160345325125106
0.220069283599829
0.218106280711483
0.216127719744052
0.216623652802267
0.217115587409868
0.220104701452328
0.223100917532725
0.226104084869011
0.229114052256492
0.204375914282559
0.207339892298846
0.207776865856259
0.210749130037801
0.211183616940518
0.211614180364506
0.209486101441793
0.212463495624866
0.21288222714491
0.210727151245547
0.257479262591907
0.257969394629986
0.258454715224157
0.258935212821629
0.259410875994075
0.259881693437562
0.260347653972482
0.260808746543485
0.261264960219419
0.211990190196546
0.212351793303491
0.210083376341569
0.213063057471278
0.213412701727865
0.234870278181422
0.245818487895495
0.240911360330305
0.243937623524232
0.241656361839255
0.239362471277436
0.242383196378607
0.213397608455171
0.213707073089291
0.240764079743323
0.241103169009918
0.241437717080573
0.265944487733862
0.263612550269454
0.263961950677123
0.264306372832713
0.264645808689818
0.267684130428183
0.270724173394912
0.271055224304391
0.271381155544351
0.271701959520394
0.272017628761308
0.272328155919058
0.272633533768762
0.272933755208683
0.273228813260216
0.273518701067869
0.273803411899257
0.274082939145092
0.274357276319167
0.27462641705835
0.274890355122576
0.275149084394835
0.27540259888117
0.275650892710664
0.275893960135437
0.27613179553064
0.276364393394446
0.276591748348051
0.276813855135665
0.277030708624508
0.277242303804808
0.277448635789798
0.277649699815709
0.277845491241774
0.278036005550221
0.27822123834627
0.278401185358136
0.278575842437024
0.278745205557128
0.27890927081563
0.279068034432703
0.279221492751503
0.279369642238177
0.279512479481854
0.279650001194654
0.279782204211679
0.279909085491021
0.280030642113755
0.280146871283948
0.280257770328649
0.280363336697898
0.280463567964722
0.280558461825137
0.280648016098148
0.280732228725751
0.280811097772931
0.280884621427666
0.280952798000924
0.281015625926666
0.281073103761846
0.264257716375227
0.261489963723072
0.13498244358646
0.134999755027587
0.132201693850669
0.140652776778892
0.135036264328922
0.135043291490687
0.137861241761537
0.15755790265799
0.157557100051667
0.236329945604676
0.281333024642222
0.281315518566838
0.28129265551464
0.281264436010517
0.281230860702353
0.281191930361029
0.281147645880422
0.281098008277403
0.281043018691837
0.280982678386586
0.213496911448103
0.210634463462578
0.210577175719671
0.202095244462108
0.227286622788503
0.260872772622879
0.257977759366858
0.260685995615145
0.263387156356485
0.280085351520454
0.279966271823246
0.279841866154023
0.271320773253284
0.273985546700066
0.271053620870142
0.268119401123003
0.26518305005826
0.278983755592537
0.278822155135008
0.27865525504296
0.278483059162019
0.278305571460801
0.278122796030912
0.277934737086946
0.27774139896649
0.277542786130124
0.277338903161424
0.277129754766961
0.221532276621046
0.224123501725052
0.223941320411185
0.223754890348069
0.143522706469165
0.231642238401487
0.231435712424436
0.231224798837662
0.275011312529375
0.274749795800403
0.274483073536759
0.274211151921284
0.273934037259884
0.273651735981535
0.27336425463829
0.273071599905294
0.261862827437561
0.258847257706833
0.253111277488211
0.252819927945322
0.252523799906856
0.233238380892779
0.230246936163385
0.229963217407881
0.229675157045836
0.229382761797997
0.229086038489878
0.223401817721144
0.220415648382826
0.222801264853628
0.201049416028819
0.206122429883433
0.203157124299913
0.181510707998136
0.181245836403159
0.191623293823577
0.207280263704165
0.206964729382297
0.211943903687406
0.185160770449471
0.18222618938415
0.174023196833134
0.176372238818834
0.176081258284607
0.133807997573031
0.130962240693419
0.117663945646999
0.122680101931039
0.117253200705171
0.122246515869348
0.127218900689836
0.124395359166944
0.116405436267456
0.118770007248358
0.110814341861087
0.113174630974545
0.115522908999918
8.96753546901296E-02
8.94978885737739E-02
0.242436627056717
0.241945905716445
0.243992274334402
0.218124050670861
0.242977830964762
0.242463842332297
0.211702188979479
0.216274227012091
0.215801732543439
0.197798771821498
0.199855606235895
0.199404965990815
0.198950643907095
0.198492650984758
0.200506385803973
0.190156983487492
0.206951596638388
0.206455404172558
0.205955416670797
0.180993116997777
0.19274505152705
0.233637492996039
0.235476462895532
0.208241816923627
0.207706878486695
0.204759212401139
0.240262357729052
0.239627141687448
0.238987558597573
0.238343624250625
0.237695354566995
0.237042765596493
0.236385873518585
0.235724694642629
0.235059245408122
0.225013960689559
0.231378446250943
0.233037441905761
0.23235507824387
0.231668528382161
0.230977809546563
0.230282939095082
0.229583934518109
0.228880813438734
0.22817359361308
0.227462292930629
0.226746929414571
0.226027521222157
0.225304086645063
0.22457664410976
0.223845212177902
0.223109809546715
0.204580818645451
0.203896994243119
0.205418368818601
0.154090209518858
0.151367990893585
0.157402852779462
0.204781266129915
0.204060776134684
0.203336717661539
0.215541605939273
0.214763798833484
0.213982256128289
0.213196998324351
0.212408046064645
0.21161542013504
0.210819141464894
0.210019231127667
0.209215710341545
0.208408600470083
0.207597923022866
0.20678369965618
0.205965952173711
0.205144702527249
0.20431997281742
0.203491785294432
0.196580357488073
0.133204583531133
0.162799227492892
0.162117374956557
0.161432813544564
0.172652640688279
0.164007630365422
0.163297954793616
8.42310842066387E-02
8.77611302677981E-02
7.57224087986187E-02
7.53839316157548E-02
6.73473806470149E-02
0.063210481170898
7.62678528696144E-02
7.02220302439332E-02
8.87857513014906E-02
9.02493148695832E-02
0.10292147394512
0.186237519211566
0.185342131331912
4.61109536903883E-02
4.58856488616156E-02
4.56596248767254E-02
9.99523542813402E-02
0.11030128770025
0.111543713788263
0.105606388071564
9.79416883653076E-02
9.92067998907667E-02
6.52056601058122E-02
6.83690929656335E-02
6.62631026409072E-02
6.41747238889667E-02
5.86538202818246E-02
6.34826476934307E-02
0.061428848523309
5.76960162307741E-02
5.73750603643679E-02
5.87313145777547E-02
6.50734226575222E-02
8.12928271781626E-02
8.24750914020953E-02
9.18368200084962E-02
8.47788110053717E-02
8.10378869371816E-02
0.117612598494324
0.110502347740952
0.108243317463699
0.121823422742364
0.146234154072267
0.140640971926322
0.139763188228802
0.140426752280002
0.130335448770123
0.137119133765556
0.134720597848197
0.105270515538258
0.089639762397206
8.60783519122491E-02
8.69781111626392E-02
9.37141539914221E-02
0.126528015555983
0.127106291098198
0.124794366100512
0.123925440221953
0.135784998263623
0.133418808694475
0.124099379452485
0.123205106664017
0.137426485248916
0.136418885345982
0.135409941657288
0.134399691738742
0.133388173457593
0.1323754249972
0.13136148486192
0.130346391882114
0.129330185219292
0.128312904371376
0.127294589178105
0.126275279826571
0.125255016856902
0.118022149109681
0.118283322262983
0.117301360376879
0.11874194724031
0.118939433678994
9.88660553083282E-02
9.91955639056645E-02
0.09833339789056
5.68579383834185E-02
5.52043783356272E-02
0.059270198790651
5.87354269766943E-02
5.14850148136064E-02
4.99026603920604E-02
4.83407573811758E-02
0.067478110922959
8.08543227916741E-02
8.43528097672472E-02
9.41135358118673E-02
0.073300727248167
7.56901189702239E-02
8.21239243665871E-02
8.12998465537418E-02
0.080475883073175
8.06477262373037E-02
3.74435208968018E-02
3.90025473035878E-02
4.05205535359299E-02
4.19975845657403E-02
0.038712636712552
4.29610521656624E-02
4.15650110789443E-02
5.38908481478392E-02
4.87700118769847E-02
4.46449989300735E-02
4.41329811750731E-02
4.62386784853899E-02
4.39724752133079E-02
4.00436584248863E-02
3.95641544207105E-02
4.07483696596603E-02
3.94281574568241E-02
0.038940137144543
3.92538391658153E-02
4.50846234731651E-02
4.45074334371403E-02
4.47018184948121E-02
4.48769055283743E-02
4.42822366224381E-02
7.40484307102566E-02
7.30439998622893E-02
7.20414178000026E-02
7.10407575295871E-02
7.00420930856787E-02
6.90454995550261E-02
0.068051053100767
6.70588309873498E-02
6.60689116060879E-02
6.50813745014014E-02
6.40963003978915E-02
6.31137712269981E-02
6.21338701572223E-02
6.11566816211962E-02
0.060182291346433
5.92107863856107E-02
5.82422551478439E-02
5.72767874307029E-02
5.57513297085005E-02
5.53554088885468E-02
0.054399684900253
5.34473981756583E-02
0.052498645962814
0.051553527107185
5.06121420893467E-02
4.96745930635155E-02
4.87409838969212E-02
4.78114202100058E-02
4.68860094174568E-02
4.59648607700659E-02
4.50480853973961E-02
4.41357963512551E-02
0.043228108649944
4.23251393232727E-02
4.14270074583023E-02
4.05338342457876E-02
3.96457430272814E-02
3.87628593428452E-02
3.78853109793229E-02
3.70132280191034E-02
3.61467428893052E-02
3.52859904112946E-02
3.44311078504419E-02
3.35822349660065E-02
3.27395140610249E-02
3.19030900320556E-02
3.10731104186298E-02
3.02497254522172E-02
2.94330881045114E-02
2.86233541348021E-02
2.78206821361793E-02
2.70252335802859E-02
2.62371728602933E-02
2.54566673317474E-02
0.024683887350882
2.39190063099581E-02
2.31622006691299E-02
2.24136499842901E-02
2.16735369302778E-02
2.09420473187714E-02
2.02193701101048E-02
1.95056974181727E-02
1.57930285862895E-02
1.46659813229008E-02
1.34139195652367E-02
1.22238529547665E-02
1.20595089646035E-02
1.07967363668593E-02
1.00496581182968E-02
1.13156490573612E-02
0.011628133178863
1.11014836243581E-02
9.35380312507613E-03
8.43704113231334E-03
7.90965633940174E-03
9.5171496049299E-03
9.19176840017695E-03
6.90957734131489E-03
5.97607018128223E-03
6.30126896722489E-03
5.86818558025946E-03
8.30616396223884E-03
8.08346454486445E-03
7.77466583405571E-03
6.40217444078497E-03
6.21157776115101E-03
6.40573837598854E-03
6.42472641911711E-03
6.2833548835016E-03
6.90306740555358E-03
6.45350868997131E-03
5.24170306749435E-03
5.03777460336657E-03
4.59482932560024E-03
4.74341815280955E-03
5.13490289650083E-03
4.95013720636941E-03
4.76089500553039E-03
3.06068839649484E-03
2.80945842542971E-03
2.44281034064158E-03
2.41925353525881E-03
2.04743854279465E-03
1.91513669509098E-03
1.75220343683453E-03
1.62615038271947E-03
1.5024502722215E-03
1.38141397142139E-03
1.2399735299017E-03
1.12738831860653E-03
1.01842791844448E-03
1.01686541453742E-03
8.4351556682596E-04
6.35798739731031E-04
5.67121731006523E-04
4.79671385204883E-04
4.00496628327673E-04
3.58834143477363E-04
3.15182505700501E-04
2.61021119223653E-04
2.07616470550573E-04
1.55019175083746E-04
1.12263408523482E-04
7.84279986979167E-05
5.36637169851683E-05
3.1050494704236E-05
1.94498079755268E-05
1.15862458234054E-05
7.77002889821126E-06
3.70825997041266E-06
1.2563274756806E-06
4.30612311320462E-07
1.0003925391892E-07
1.75000316366212E-08
1.4160785635717E-09
3.63615247501849E-11
1.26435848890493E-13
3.09714700922623E-18
5.18159537206205E-29
8.36902481338503E-84
0
0
0
0
0
0
0
0
0
0
0
0
0
0
0
0
0
0
0
0
0
0
0
0
0
0
0
0
0
0
0
0
0
0
0
0
0
0
0
0
0
0
0
0
0
0
0
0
0
0
0
0
0
0
0
0
0
0
0
0
0
0
0
0
0
0
0
0
0
0
0
0
0
0
0
0
0
0
0
0
0
0
0
0
0
0
0
0
0
0
0
0
0
0
0
0
0
0
0
0
0
0
0
0
0
0
0
0
0
0
0
0
0
0
0
0
0
0
0
0
0
0
0
0
0
0
0
0
0
0
0
0
0
0
0
0
0
0
0
0
0
0
0
0
0
0
0
0
0
0
0
0
0
0
0
0
0
0
0
0
0
0
0
0
0
0
0
0
0
0
0
0
0
0
0
0
0
0
0
0
0
0
0
0
0
0
0
0
0
0
0
0
0
""
