0
0
0
0
0
0
0
0
0
0
0
0
0
0
0
0
0
0
0
0
0
0
0
0
0
0
0
0
0
0
0
0
0
0
0
0
0
0
0
0
0
0
0
0
0
0
0
0
0
0
0
0
0
0
0
0
0
0
0
0
0
0
0
0
0
0
0
0
0
0
0
0
0
0
0
0
0
0
0
0
0
0
0
0
0
0
0
0
0
0
0
0
0
0
0
0
0
0
0
0
0
0
0
0
0
0
0
0
0
0
0
0
0
0
0
0
0
0
0
0
0
0
0
0
0
0
0
0
0
0
0
0
0
0
0
0
0
0
0
0
0
0
0
0
0
0
0
0
0
0
0
0
0
0
0
0
0
0
0
0
0
0
0
0
0
0
0
0
0
0
0
0
0
0
0
0
0
0
0
0
0
0
0
0
0
0
0
0
0
0
0
0
0
0
0
0
0
0
0
0
0
0
0
0
0
0
0
0
0
0
0
0
0
0
0
0
0
0
0
0
0
0
0
0
0
0
0
0
0
0
0
0
0
0
0
0
0
0
0
0
0
0
0
0
0
0
0
0
0
0
0
0
0
0
0
0
0
0
0
0
0
0
0
0
0
0
0
0
0
0
0
0
0
0
0
0
0
0
0
0
0
0
0
0
0
0
0
0
0
0
0
0
0
0
0
0
0
0
0
0
0
0
0
0
0
0
0
0
0
0
0
0
0
0
0
0
0
0
0
0
0
0
0
0
0
0
0
0
0
0
0
0
0
0
0
0
0
0
0
0
0
0
0
0
0
0
0
0
0
0
0
1.49581299102819E-41
2.55120970887607E-22
6.83178464149772E-16
1.32155913362772E-12
1.16848648881328E-10
2.29232013653706E-09
1.99137059952767E-08
1.15322762019523E-07
3.9079531512077E-07
1.02727298164709E-06
2.45672535238761E-06
4.68408819726371E-06
8.39812928944962E-06
1.38538270291011E-05
2.04083203273064E-05
2.98347355406993E-05
3.97254139023744E-05
5.08363505952785E-05
6.28738617017024E-05
7.54843088704402E-05
8.82717898471611E-05
1.00814358006353E-04
1.28774979006977E-04
1.61406986899396E-04
1.87908907381319E-04
1.90782848975215E-04
2.02774741557038E-04
2.28782511816777E-04
2.37703092222666E-04
2.63985611709974E-04
2.91198327396724E-04
2.94695674247876E-04
3.48067179191509E-04
4.35644073628822E-04
4.07649947093176E-04
4.38269829359215E-04
4.69349480205523E-04
5.39349758406678E-04
4.91663792794312E-04
5.21286112918312E-04
4.59265697939788E-04
5.32691088080853E-04
4.58430882357161E-04
4.2763454086375E-04
3.91833488000333E-04
4.09498435016303E-04
4.27157900759946E-04
4.44796172487305E-04
4.62398893479721E-04
6.17082392450103E-04
5.68510278532817E-04
5.88421302649772E-04
6.84269495550612E-04
7.06449262099461E-04
8.09447773356806E-04
1.08394211843735E-03
1.11539480430035E-03
1.05842722749525E-03
1.08704927059499E-03
1.11545358328712E-03
1.33423889893645E-03
1.26921445708539E-03
1.19929609852894E-03
1.34103959529233E-03
1.52260923438095E-03
1.48823739839396E-03
1.44384693635231E-03
1.51533416126345E-03
1.58819201649868E-03
1.66239349847595E-03
1.59308589101723E-03
1.66349400858981E-03
1.73506112389894E-03
1.97210575038197E-03
2.22368324769891E-03
2.49006763661781E-03
2.4019883578477E-03
2.49300494883902E-03
2.38636565008546E-03
2.47258735358288E-03
3.83981582745701E-03
3.97231858959119E-03
3.87822474025133E-03
4.24189373697125E-03
3.89235590922498E-03
3.76445297389984E-03
4.13972602902996E-03
4.26525699762897E-03
4.66648131262992E-03
4.80236798361613E-03
5.2300248275663E-03
4.77906244935568E-03
5.21719916070488E-03
4.72745081729848E-03
4.85246770075458E-03
4.31464744250408E-03
4.08427509386306E-03
3.83765045187852E-03
3.93203487283415E-03
4.0270568728377E-03
4.49749254241092E-03
3.83541277925606E-03
3.53110919271743E-03
3.61082088463292E-03
4.51121633720606E-03
4.6097588796954E-03
5.56499238783423E-03
4.37131420902507E-03
4.46233059386627E-03
5.00918102847777E-03
5.11028521992784E-03
5.21186390562842E-03
4.8308227022568E-03
5.41639651153581E-03
4.51581284727084E-03
4.60037811546963E-03
4.16469660913292E-03
4.77052044382782E-03
4.85607942703489E-03
4.39284605878804E-03
3.91076694894377E-03
4.54631310544184E-03
5.20136334136229E-03
5.87600439708338E-03
5.97301772307818E-03
5.46329130698379E-03
6.16791348317973E-03
6.26577851535037E-03
6.36391026782746E-03
5.81607032882914E-03
5.2487524461206E-03
5.32785817314852E-03
5.40715106619756E-03
6.17245291274813E-03
6.26205733394978E-03
6.35185131258728E-03
6.44182804608173E-03
5.80620518004717E-03
5.88649159436911E-03
5.96692282002296E-03
5.29155649683108E-03
6.12819691192594E-03
6.20902857397928E-03
5.50373480611904E-03
5.57467196955963E-03
7.25876590459499E-03
8.16690674919229E-03
7.44178003872566E-03
8.37050223669936E-03
8.47247365051513E-03
7.71709721593589E-03
7.80905923444907E-03
7.02320607965115E-03
7.10509741970007E-03
7.18705523430731E-03
7.26907480865641E-03
6.43225754844432E-03
7.43328065617762E-03
7.51545777511866E-03
7.59767834310176E-03
8.63993015324732E-03
9.70279011519695E-03
1.07862652306655E-02
9.9086336674773E-03
1.00115988121237E-02
1.01145858435923E-02
9.19583060790483E-03
9.28854434946882E-03
9.38126390581797E-03
9.47398474723975E-03
9.56670239148456E-03
9.65941240285793E-03
9.75211039133613E-03
9.84479201170417E-03
1.10416144030179E-02
1.11445433180849E-02
1.23721838370077E-02
1.47553891761582E-02
1.37437407225915E-02
1.50226557148214E-02
1.63220541255197E-02
1.76419140633078E-02
1.77958236747779E-02
1.79496374022858E-02
1.81033487403202E-02
1.70398211605184E-02
1.71830759567681E-02
1.23758695046432E-02
1.37258309228848E-02
1.38381070971681E-02
1.39502804604905E-02
1.40623465351628E-02
1.41743008826259E-02
1.42861391028179E-02
1.43978568335585E-02
1.31904088635882E-02
0.01196256564309
1.33929491117838E-02
1.21446301998954E-02
1.22354902197319E-02
1.23262308671066E-02
1.24168487768061E-02
1.11176360986666E-02
9.79821349020668E-03
9.86839220581959E-03
9.93846519912473E-03
1.00084299561644E-02
8.63852912810271E-03
8.69830697517263E-03
1.02176499655447E-02
1.02871570299473E-02
1.18360498056513E-02
1.34046092782202E-02
1.64920573060441E-02
1.81096392737855E-02
1.51897670360219E-02
1.37591810708508E-02
1.38473987002933E-02
1.39354402723994E-02
1.24651580982585E-02
0.012543096497372
1.10432618220001E-02
1.11111682695695E-02
1.27759160767999E-02
1.12465345200928E-02
1.13139899491766E-02
1.13812906909288E-02
1.14484345972018E-02
1.15154195350531E-02
1.32368495846623E-02
1.33130331985777E-02
1.33890279237426E-02
1.34648313901677E-02
1.69255515554221E-02
1.70198189363047E-02
1.71138384790245E-02
1.89283680324492E-02
1.90312347987729E-02
1.73943813633826E-02
1.74873809367846E-02
1.75801184611971E-02
1.76725911523202E-02
1.95412758692018E-02
1.96424040908746E-02
1.79483926650683E-02
1.80397785550237E-02
1.45047087759971E-02
1.45773697891859E-02
1.28185782892286E-02
1.28817575036038E-02
0.012944734374539
1.30075070801549E-02
1.49372272122536E-02
1.50084945926483E-02
0.016964462787409
1.70440974451879E-02
1.52208516663026E-02
1.14683617167954E-02
1.15208990410129E-02
1.35021241156171E-02
1.16254108490358E-02
1.16773824014173E-02
0.013684022855966
1.57076660629359E-02
0.017748213400788
1.78250087783082E-02
1.98905648154978E-02
1.79777099623948E-02
2.20655252551017E-02
0.018129211086478
1.61817835033494E-02
1.62484405217925E-02
1.83541764877224E-02
1.63809307742399E-02
0.018502605478107
1.65123107232675E-02
1.45053824189905E-02
1.45622454491828E-02
1.46188594527042E-02
1.46752229191146E-02
1.47313343482176E-02
1.47871922500142E-02
1.69631944510363E-02
1.48981415624052E-02
1.49532300435833E-02
1.28640506901744E-02
1.29108234922216E-02
1.29573715037278E-02
1.08364112564119E-02
1.08748235796477E-02
1.09130455560458E-02
8.76086095399826E-03
8.79113160229047E-03
0.011026559507944
1.10640102354623E-02
1.11012657200355E-02
1.11383250031544E-02
1.34102245597927E-02
1.56965916313157E-02
1.34979793935946E-02
0.013541497428286
1.35847743929878E-02
2.04417137796623E-02
0.022784334525774
2.51407711407002E-02
2.75108992954673E-02
2.75950098095953E-02
3.69048336133998E-02
0.039329136469994
4.17665433912821E-02
3.95625129740457E-02
4.20121406827923E-02
4.91561041027542E-02
4.69496723116671E-02
4.70831581747818E-02
4.72157915039394E-02
4.73475689991204E-02
4.98524117556741E-02
4.99889705885641E-02
5.25115072581854E-02
5.74392666605284E-02
5.75922063426231E-02
0.060150099914851
6.27195092821219E-02
6.04632393869173E-02
6.54676050788776E-02
7.04954701817962E-02
7.06725919402095E-02
7.32914671511265E-02
5.63285424278797E-02
5.64659258221458E-02
5.41413033151672E-02
0.051803874271188
5.19264601752405E-02
7.93113748041756E-02
8.94321598940905E-02
9.71071547044644E-02
9.73276771147686E-02
0.152572577143091
0.14539160917863
0.12812564809244
0.135957789251105
0.148866406699642
0.15929772213204
0.228047779598333
0.228523153053037
0.218816759721501
0.219262885678886
0.229923769875139
0.220142899081186
0.220576765475449
0.228716054400654
0.203408617447607
0.208955209650288
0.199010130722601
0.23045233941125
0.228281570874786
0.244288791831308
0.242123318194408
0.242552134285441
0.242976413004059
0.204138701670748
0.20973016622567
0.110293772579324
0.113107549027962
0.108023713220277
0.108198667476835
0.108371591437799
0.111189858613987
0.103408340407012
0.108878141048456
0.106383320567749
0.106542064342245
0.101363864016206
0.109524874958262
9.09553190141442E-02
8.84044953036367E-02
8.85271629295436E-02
0.107452318276308
0.126426427170044
9.96591038270771E-02
0.18339625870025
0.199834590235168
0.200087127794803
0.200335888312235
0.170764791311766
0.176397751103828
0.133133960164993
0.116967580367363
0.119824388604385
0.11450608418288
0.100985489427213
0.10109466090628
9.29963583630753E-02
9.30931600457475E-02
9.59290287007823E-02
0.101512192238092
9.33729817998391E-02
8.79649136392242E-02
8.52962161623989E-02
9.08828576307861E-02
9.92343213758391E-02
0.102080765250112
9.94074463910302E-02
8.56729619522783E-02
8.57434419878959E-02
8.58122950920562E-02
8.58795196735975E-02
8.59451141794905E-02
8.87835634527352E-02
8.88479039410269E-02
9.44674670222033E-02
0.150139442997119
0.153021681090449
0.1642566993613
0.147645196491623
0.147734958945278
0.147821913532284
0.136743336872024
0.134026316520722
0.134097428274325
0.131370865356471
0.109063500465915
0.103519415558321
9.23699982120368E-02
8.68094990552642E-02
8.68455300980238E-02
8.40773310985947E-02
8.97162677433273E-02
9.25529774283581E-02
8.41675385475409E-02
7.57749643464999E-02
7.01830571814377E-02
7.30108854209622E-02
7.30300015711933E-02
7.58572554602496E-02
8.14945315187332E-02
0.07307900697808
0.073092559848467
7.59164410808919E-02
7.31154902759991E-02
7.31248673066096E-02
6.75072479237457E-02
6.75133328538681E-02
0.073144643178166
7.31484495574556E-02
7.59643577053369E-02
8.15924853050305E-02
8.72191089571727E-02
7.59631968015029E-02
7.87732468998221E-02
7.59551900130462E-02
7.87619435440992E-02
8.15666864430499E-02
7.87446409966589E-02
7.87337405010882E-02
7.30983879289098E-02
6.74635219865767E-02
7.58816150467961E-02
7.58653231643783E-02
8.14659267367762E-02
7.86368663593626E-02
8.42308702878683E-02
8.70132302545187E-02
7.57622075961676E-02
7.57372565679326E-02
7.29067580819381E-02
7.56830309850423E-02
7.00497756267248E-02
7.00213378801134E-02
7.27912306740439E-02
7.55573038615862E-02
0.072725155717375
7.54858138867529E-02
7.26535478620998E-02
6.70298502807507E-02
7.25764137001554E-02
7.25357764540596E-02
7.24937603351021E-02
6.96638137607399E-02
6.68359341988845E-02
6.95763928652003E-02
7.78743828886553E-02
8.06010737552143E-02
7.22127637312874E-02
6.93856965325311E-02
6.65613367587417E-02
5.26546534057226E-02
5.26139156974984E-02
4.70382657941466E-02
0.047000030209755
4.41984968588777E-02
4.14007807122591E-02
0.041364685428837
4.40829928427498E-02
4.12901426495825E-02
4.12516968794062E-02
4.39599673280645E-02
0.046662122501249
4.66158958266183E-02
7.94408708053664E-02
0.079359003434645
6.83410636595724E-02
6.00757519791647E-02
5.72824935019664E-02
5.72188674930895E-02
5.44325327931636E-02
4.89328892797396E-02
4.61602644991027E-02
4.88173355356978E-02
5.14669622012272E-02
4.86980930981394E-02
4.86370920802946E-02
4.85751730866348E-02
5.65977271563229E-02
5.38317633062998E-02
5.37599142397136E-02
5.36870517719587E-02
5.09325187273007E-02
4.81844641285947E-02
4.54430409618228E-02
4.27084018819143E-02
3.99806992065792E-02
3.19372156372628E-02
3.18892713391023E-02
2.91873336308368E-02
2.91422867570184E-02
3.17418463627664E-02
3.43324704636805E-02
4.48241567600497E-02
4.21187435985275E-02
4.20492557097568E-02
4.19789796307549E-02
4.19079170218941E-02
4.18360695633776E-02
4.17634389552475E-02
4.42956535997313E-02
4.68178145882609E-02
4.67334737227968E-02
4.92398296702486E-02
5.17357494522028E-02
4.90571769069304E-02
4.89644766362941E-02
4.88708633753716E-02
5.13435151110746E-02
5.12430598229312E-02
5.11416506135851E-02
4.59353609160095E-02
4.58423821357474E-02
4.06653790557337E-02
0.043117544900054
4.04963051607937E-02
4.04106403887162E-02
0.037803962317764
4.02370654906216E-02
3.51305146000947E-02
3.75567288268667E-02
3.74729261692302E-02
4.98512414977037E-02
5.22245440256125E-02
5.45854790208084E-02
5.44585245393507E-02
6.42088515672052E-02
5.91290276109681E-02
5.65294559043909E-02
8.09110565492416E-02
7.09297350396693E-02
6.83147018070556E-02
6.81442687905114E-02
7.04001796285611E-02
7.02210777998278E-02
6.76254953212495E-02
6.02232977650408E-02
5.28577187003914E-02
0.050321699754364
5.25772628914661E-02
5.24355973351376E-02
5.46699315504088E-02
5.92606913991233E-02
5.90964683796463E-02
6.12884206070836E-02
6.11154038061118E-02
6.09412810200889E-02
6.07660565911568E-02
6.52504837336131E-02
6.50594219082837E-02
6.25505026631835E-02
6.23640085775721E-02
6.21763935556722E-02
6.88751803554326E-02
5.49313952252962E-02
0.05704339840327
5.23163273740446E-02
4.98843244712055E-02
0.047465779456653
4.50608173290126E-02
4.71610952630497E-02
4.70074945573595E-02
4.68530600048102E-02
4.89215001108688E-02
4.43254335311129E-02
4.19671936296067E-02
4.18244854408328E-02
4.60685189676128E-02
4.15368639279136E-02
4.57490062630662E-02
4.77589050527984E-02
5.40789142716858E-02
5.38854014848183E-02
5.15433117200361E-02
5.13557414707894E-02
5.32992495810878E-02
5.52260919768077E-02
0.063484626040512
6.11375510248193E-02
0.134412307921707
0.16109609696299
0.168810966380767
0.168154317648521
0.192308840680248
0.140056847478124
0.131292609617439
0.153239979613065
0.148549003264935
0.145915316898363
0.13724108606238
0.102503217310339
0.102073902750425
0.103635880300214
0.103194681790695
0.106703759514853
0.110176933354729
0.101860846017331
0.101412861642789
8.73720101522523E-02
6.18534823513885E-02
0.107755809035224
0.105350801951497
0.16016249102619
0.161320880290117
0.173793385526322
0.101530479228281
0.10292147394512
9.68435099900141E-02
9.63779082925941E-02
9.40663455283922E-02
0.106454705358948
0.105930329714003
0.101769669813728
9.94519807133406E-02
0.106146437314637
0.10381644929069
0.105064720246421
0.159439499824446
0.176231513799492
0.175305366578547
0.174376585897124
0.17344519969991
0.172511236123013
0.171574723495759
0.170635690342525
0.16969416538463
0.168750177542258
0.15941356813962
0.158512183396528
0.155949505198924
0.156702673663981
0.160714435014868
0.16303617501033
0.162075773874363
0.157890885649915
8.80815815326432E-02
8.59579285741137E-02
7.75239962905953E-02
0.124220410448485
0.11095010007521
9.47283831328546E-02
7.40712539498909E-02
7.51345528204236E-02
7.61772965364201E-02
7.87131582933285E-02
7.36893608767803E-02
7.32058059577182E-02
6.97531472392363E-02
6.63392373274367E-02
6.58927645252187E-02
6.83542153003587E-02
4.62204694902538E-02
4.73357940381253E-02
4.55817711161205E-02
4.52616660878745E-02
4.07278468646292E-02
4.18312515008376E-02
0.041529811235062
3.98536807221857E-02
3.95614767503349E-02
4.06229824971864E-02
0.032255926017298
3.20131616298223E-02
3.30938562493001E-02
3.02131415182416E-02
2.86762062140651E-02
2.84526407482443E-02
2.82288389617028E-02
2.80048096191831E-02
2.77805615618455E-02
2.75561037085184E-02
2.85737834686595E-02
1.84817691035912E-02
1.95502267294798E-02
1.69631353200443E-02
1.68197178939992E-02
1.78673593930714E-02
1.65325939842774E-02
1.63888996484267E-02
1.74054913418628E-02
1.61012770145579E-02
1.59573612128676E-02
1.58133841860331E-02
1.56693523345759E-02
1.77431681393992E-02
1.64798036526736E-02
1.85020626724242E-02
2.26392103816688E-02
2.13551417132271E-02
2.11491091712061E-02
2.09430649280477E-02
2.38475717303445E-02
2.36106282553938E-02
2.33737058842008E-02
2.21308678451231E-02
0.024891273530032
2.46338953268433E-02
2.43765920647424E-02
0.025084152188909
2.86347167493684E-02
3.02147408488211E-02
2.98859493326347E-02
2.67863404730974E-02
2.55753177650762E-02
0.0234818575704
2.50011994008412E-02
2.47144694580409E-02
2.44279810866211E-02
0.023279545701163
2.30038037759985E-02
2.27283440289188E-02
2.16215839010443E-02
2.13569186224464E-02
2.10925742866275E-02
2.16296664791227E-02
1.97739576636689E-02
2.10824684702243E-02
2.15801882388748E-02
0.021297514488042
1.80131132023477E-02
1.77716233704616E-02
2.11827599600639E-02
2.23328395180008E-02
1.98914121082844E-02
1.89113651331333E-02
1.86422848798571E-02
1.90542948682148E-02
1.94470609863314E-02
1.98206734818264E-02
1.95244123504204E-02
1.79469641114096E-02
1.64095805190195E-02
1.49121288377333E-02
1.52891704052991E-02
1.56473957500726E-02
1.42105887325466E-02
0.014560563786961
1.54647326062898E-02
0.014641763357788
1.43924063110222E-02
1.41439180740658E-02
0.012827375562158
1.25996750310754E-02
1.34039170478681E-02
1.31591569432302E-02
1.34121401271492E-02
1.41348853301072E-02
1.33871976588016E-02
1.68789633902844E-02
1.70069984849244E-02
1.80192341589584E-02
0.017654318540502
1.81558056329765E-02
1.90463126954727E-02
1.98849635799851E-02
1.98615787804359E-02
2.10122438044591E-02
2.09319440451364E-02
1.93215085994547E-02
1.81364817293607E-02
1.73504365868665E-02
1.87015749179861E-02
1.54939985326989E-02
1.81344068816435E-02
3.27395140610249E-02
3.19030900320556E-02
3.10731104186298E-02
3.02497254522172E-02
2.94330881045114E-02
2.86233541348021E-02
2.78206821361793E-02
2.70252335802859E-02
2.62371728602933E-02
2.54566673317474E-02
0.024683887350882
2.39190063099581E-02
2.31622006691299E-02
2.19653769846043E-02
2.05898600837639E-02
2.03137858992082E-02
1.19294283649618E-02
1.79452416247188E-02
1.57930285862895E-02
1.52091658163415E-02
1.44591600508396E-02
0.013898353359529
1.35066500403559E-02
1.29560836402312E-02
1.28576508278209E-02
1.23057683498803E-02
0.011628133178863
7.09978603883364E-03
7.87688684216937E-03
9.02294676650177E-03
3.56491553325149E-03
7.82521189738681E-03
6.56554885726925E-03
6.71216084584875E-03
6.55439955366438E-03
6.67746412944728E-03
6.78508957717501E-03
7.5023416433125E-03
7.30119378245821E-03
6.7605789861354E-03
6.89464939776843E-03
6.60975582276326E-03
5.47960752644803E-03
6.20060805565953E-03
6.2833548835016E-03
6.62415559118778E-03
6.2518365434097E-03
6.01825167008611E-03
5.84630632983281E-03
5.72861837996913E-03
5.0291662343041E-03
4.86176976370823E-03
3.80378964278913E-03
3.42189328522497E-03
2.77816331374147E-03
2.58648553452259E-03
2.06375356364547E-03
1.78469523092863E-03
1.37736774697094E-03
1.21872335142153E-03
1.13568741276312E-03
1.02387246319374E-03
9.18164055246471E-04
8.18615686768231E-04
7.25267536357598E-04
6.59415808996272E-04
5.95684254184506E-04
4.82580196729625E-04
4.29426106747761E-04
6.76381638011736E-04
7.44347271946062E-04
6.02140675044428E-04
4.7014821586292E-04
5.56559079679175E-04
4.60651354485348E-04
4.08768922557797E-04
3.25135227465992E-04
2.61404883474553E-04
1.9703373740856E-04
1.43506550808954E-04
1.00327818711402E-04
6.44297765112898E-05
4.18170871473827E-05
2.31724916468108E-05
1.22527378779485E-05
6.08714372501701E-06
2.40098139796737E-06
6.45918466980693E-07
1.19195706797011E-07
1.97685542561832E-08
1.44092204714313E-09
2.84831943876448E-11
6.49739779020591E-14
1.71036476628911E-18
3.09224239945638E-29
3.46304475036622E-84
0
0
0
0
0
0
0
0
0
0
0
0
0
0
0
0
0
0
0
0
0
0
0
0
0
0
0
0
0
0
0
0
0
0
0
0
0
0
0
0
0
0
0
0
0
0
0
0
0
0
0
0
0
0
0
0
0
0
0
0
0
0
0
0
0
0
0
0
0
0
0
0
0
0
0
0
0
0
0
0
0
0
0
0
0
0
0
0
0
0
0
0
0
0
0
0
0
0
0
0
0
0
0
0
0
0
0
0
0
0
0
0
0
0
0
0
0
0
0
0
0
0
0
0
0
0
0
0
0
0
0
0
0
0
0
0
0
0
0
0
0
0
0
0
0
0
0
0
0
0
0
0
0
0
0
0
0
0
0
0
0
0
0
0
0
0
0
0
0
0
0
0
0
0
0
0
0
0
0
0
0
0
0
0
0
0
0
0
0
0
0
0
0
""
