0
0
0
0
0
0
0
0
0
0
0
0
0
0
0
0
0
0
0
0
0
0
0
0
0
0
0
0
0
0
0
0
0
0
0
0
0
0
0
0
0
0
0
0
0
0
0
0
0
0
0
0
0
0
0
0
0
0
0
0
0
0
0
0
0
0
0
0
0
0
0
0
0
0
0
0
0
0
0
0
0
0
0
0
0
0
0
0
0
0
0
0
0
0
0
0
0
0
0
0
0
0
0
0
0
0
0
0
0
0
0
0
0
0
0
0
0
0
0
0
0
0
0
0
0
0
0
0
0
0
0
0
0
0
0
0
0
0
0
0
0
0
0
0
0
0
0
0
0
0
0
0
0
0
0
0
0
0
0
0
0
0
0
0
0
0
0
0
0
0
0
0
0
0
0
0
0
0
0
0
0
0
0
0
0
0
0
0
0
0
0
0
0
0
0
0
0
0
0
0
0
0
0
0
0
0
0
0
0
0
0
0
0
0
0
0
0
0
0
0
0
0
0
0
0
0
0
0
0
0
0
0
0
0
0
0
0
0
0
0
0
0
0
0
0
0
0
0
0
0
0
0
0
0
0
0
0
0
0
0
0
0
0
0
0
0
0
0
0
0
0
0
0
0
0
0
0
0
0
0
0
0
0
0
0
0
0
0
0
0
0
0
0
0
0
0
0
0
0
0
0
0
0
0
0
0
0
0
0
0
0
0
0
0
0
0
0
0
0
0
0
0
0
0
0
0
0
0
0
0
0
0
0
0
0
0
0
0
0
0
0
0
0
0
0
0
0
0
0
0
0
0
0
0
0
0
0
0
0
0
0
0
0
0
0
0
0
0
0
0
0
0
0
0
0
0
0
0
0
0
0
0
0
0
0
0
0
0
0
0
0
0
0
0
0
0
0
0
0
0
0
0
0
0
0
0
0
0
0
0
0
0
0
0
0
0
0
0
0
0
0
0
0
0
0
0
0
0
0
0
0
0
0
0
0
0
0
0
0
0
0
0
0
0
0
0
0
0
0
0
0
0
0
0
0
0
0
0
0
0
0
0
0
0
0
0
0
0
0
0
0
0
0
0
0
0
0
0
0
0
0
0
0
0
0
0
0
0
0
0
0
0
0
0
0
0
0
0
0
0
0
0
0
0
0
0
0
0
0
0
0
0
0
0
0
0
0
0
0
0
0
1.03803481357767E-79
1.27888041462848E-24
2.86832658913759E-15
2.10797021156973E-11
2.84849652027392E-09
6.13544123527708E-08
5.47157227597614E-07
3.02338086091199E-06
9.83087441316222E-06
2.56681472744675E-05
5.60729353016808E-05
1.22300530817276E-04
1.55913051215324E-04
2.35541737166412E-04
3.57472172468111E-04
5.32094467449333E-04
1.42945236306071E-03
1.88542546759466E-03
2.41801668420375E-03
0.002896557751051
3.29146671990204E-03
4.03950718218618E-03
2.51345382132034E-03
2.90561551788826E-03
3.22298790495289E-03
3.86724662676284E-03
4.33601963461401E-03
4.82286541998648E-03
4.86956385203874E-03
5.34314720683369E-03
6.92174376621241E-03
7.3136618753112E-03
8.11229617577994E-03
1.21667123132847E-02
1.22935572569604E-02
0.01285675571401
1.36743082580641E-02
1.74580781050087E-02
1.90841814465171E-02
0.020784531161076
1.83938077383802E-02
2.14911350720641E-02
2.25089211320387E-02
2.31297930002202E-02
0.02413320613032
2.73038897870923E-02
3.96610593128839E-02
1.40392650730574E-02
1.50421411475924E-02
1.55759386820084E-02
1.61083851604247E-02
1.50290045663338E-02
1.55068908487922E-02
1.54121785368264E-02
1.64571794453944E-02
1.57200560176164E-02
1.61564090772269E-02
1.72287214921549E-02
1.96414568173229E-02
1.94659700666439E-02
2.06301955866731E-02
2.18243432761926E-02
2.23277999204916E-02
2.20917794349455E-02
0.021820535672719
2.15143249269843E-02
1.96050143312186E-02
2.31978653908407E-02
2.28352604264706E-02
2.24384956531197E-02
2.28543286550364E-02
2.15436972172437E-02
2.28001416895937E-02
2.76519363552462E-02
0.02902258104825
2.94976399939284E-02
3.18421692425827E-02
3.32904184147196E-02
3.28325186871059E-02
0.029401702528527
2.78414647575774E-02
2.92466767383686E-02
0.029654267458439
3.21315810960787E-02
0.033610597368876
5.85225684329709E-02
6.35813106602904E-02
0.104749365123212
0.110451653020008
0.111778145436699
0.113093420060423
0.114397499237686
0.115690406668293
0.105274950511392
0.107600954230683
8.96267642234437E-02
7.24504986810616E-02
7.31929629239638E-02
9.36431736867054E-02
0.102032724891113
0.100507721015049
0.101462583062372
7.55264397803938E-02
7.49259888742286E-02
6.12615542989963E-02
6.04872051618313E-02
5.96850050536627E-02
5.75176700296251E-02
5.53007960133316E-02
5.98344009829067E-02
0.053462723613483
4.97411692447325E-02
5.15207711225176E-02
0.053317865953812
5.37185029138745E-02
0.052691063065432
9.03682033638321E-02
9.10126039448455E-02
9.01956652659724E-02
8.78873431323407E-02
8.70076267965189E-02
8.75865920732156E-02
0.088159464704406
7.36879102108717E-02
7.41536018235278E-02
5.78641270149731E-02
5.20893345493035E-02
4.93195597587114E-02
5.73622611516562E-02
5.76950210038437E-02
5.80240285252368E-02
6.30803151929878E-02
6.18422133221446E-02
6.21771884532946E-02
5.93026896745999E-02
6.12242134508516E-02
6.15391539524363E-02
6.34779329695204E-02
0.073607731001876
8.87606501880241E-02
0.090838255593636
7.96509232717626E-02
8.00200643412054E-02
7.87097779548659E-02
0.105976631408849
0.152060643579258
0.159504665157083
0.153364968092957
0.154003863058784
0.158070239731659
0.170780699981732
0.162795080233327
0.161686996116612
0.143104726229105
0.175169189225829
0.175810688411825
0.176442468175643
0.177064540015681
0.177676915132724
0.178279604435555
0.178872618546507
0.179455967806955
0.180029662282739
0.180593711769523
0.181148125798073
0.181692913639463
0.182228084310205
0.182753646577291
0.183269608963157
0.183775979750562
0.184272766987372
0.18475997849127
0.170418612106012
0.170849248091885
0.186164233425721
9.14404757079798E-02
8.97852758862536E-02
9.74909348677262E-02
0.105225651401834
7.72086620452572E-02
7.35989107619131E-02
8.13160067690124E-02
8.33753032178832E-02
9.11338369036771E-02
8.56014758369658E-02
7.05143615218183E-02
0.074460253099443
7.65034471415901E-02
7.66336143492139E-02
8.44359931036973E-02
4.61295521831044E-02
4.42758025255421E-02
0.04434194234383
4.24752161829705E-02
5.60679693219211E-02
5.61431414470113E-02
6.00925112433606E-02
6.21078852475758E-02
6.99544927164994E-02
6.41980333974237E-02
6.03729723257398E-02
6.43348607309573E-02
6.43986080235645E-02
6.05526245250903E-02
6.06066662885474E-02
9.19650334700325E-02
9.59546299582221E-02
8.62276145927464E-02
8.62877459439617E-02
9.02684512351145E-02
0.10603094562525
0.108054118305636
8.25556433800461E-02
8.25932819620921E-02
8.65615877985762E-02
8.65927421401886E-02
8.66197587816699E-02
9.05809397707483E-02
9.25701106567774E-02
0.108344981806619
0.114268507520532
0.114276854166771
0.10442804569919
0.104425707578103
9.65377538623179E-02
0.179263275221885
0.177263994998407
0.177226179076657
0.177179900910607
0.179093217288242
0.19673550618404
0.196655874438728
0.196566837105598
0.196468393128843
0.196360541338332
0.135407863509641
0.125514629797561
0.119548120646243
0.148834621724323
0.164371297530431
0.19551578634175
0.101577859389756
0.138562795445029
0.138426053618659
0.126596764156889
0.128404850548838
0.130202389085655
9.31687729077496E-02
0.114378497170985
0.114231474790507
0.102477638881891
5.79257867306246E-02
5.97706120938378E-02
5.96816473447455E-02
5.95897508793774E-02
5.94949214895781E-02
8.43056434991707E-02
0.105203394763325
0.114566754149156
0.10292443347818
0.100831192143942
9.68412348529102E-02
0.134553891566829
0.134282849882883
0.145329432164563
0.148787621348868
0.14846350352005
0.148131864438553
8.79273020958558E-02
8.77210397687066E-02
0.109853347613568
0.109583161951521
0.103749339577358
9.23948112552889E-02
9.76805897472871E-02
9.55795366635929E-02
9.71495405818578E-02
8.95649673036604E-02
8.93077311352017E-02
0.129025528260192
0.144945519897317
0.151727585500422
0.149453635596812
0.14897796162478
0.146705187040962
0.148002566445147
0.145725685817691
0.145224026816015
0.144714417058342
0.144196847374884
0.145423397478337
0.139646624710265
0.13911832525624
0.128188555176866
7.59210673095615E-02
7.21804450362242E-02
6.67519049093624E-02
6.81797802945801E-02
6.28002291304332E-02
6.25305220392135E-02
0.137975349805501
0.135686312672794
8.67128231143728E-02
6.30750578169833E-02
6.93876311449707E-02
6.90565538964608E-02
6.21764131039058E-02
0.070009997705179
6.80382250052308E-02
5.80203354754704E-02
5.93218793655818E-02
5.58184095800322E-02
0.061862922694164
5.99467135108898E-02
6.43191770307397E-02
6.39548564984637E-02
6.51372657980221E-02
6.16719358393596E-02
6.59021299713818E-02
6.39792253647298E-02
6.81263916616685E-02
7.22122663523222E-02
6.72669834715408E-02
6.08898581108948E-02
5.60618512954926E-02
5.42198651753859E-02
5.38493519935431E-02
0.140191190778658
0.142069736905728
0.142472114336664
0.141428962479865
0.140375301735827
0.139311104297988
0.138236342016771
0.13715098641838
0.136055008726076
0.13494837988414
0.133831070584793
0.132703051298295
0.131564292306523
0.130414763740336
0.12925443562103
0.128083277906278
8.12168067461833E-02
8.17104297834357E-02
0.114544164762298
0.113426570933528
0.108636956728726
0.108744510319752
0.108817285277999
0.106488513140404
0.105345552107566
0.108823365173321
0.10760867711983
0.107515228277108
0.107384965337289
5.96881098840845E-02
5.89661085868098E-02
0.063630438824387
7.77367010959137E-02
7.56847966106802E-02
7.46896414410779E-02
7.16394993475076E-02
4.54218087248267E-02
4.57797713718633E-02
4.90469052375314E-02
0.049294081803476
5.04586536751331E-02
4.68718292325591E-02
4.70582287910043E-02
4.63014557652551E-02
4.55389635290903E-02
5.44272138728733E-02
5.26237528415818E-02
7.03341987288311E-02
6.90564565834467E-02
6.77696500758739E-02
6.64738544197028E-02
3.92585275488043E-02
3.76979150795667E-02
3.69173406673222E-02
3.46569442583024E-02
3.17348652677156E-02
2.82004983663561E-02
2.61698586588253E-02
0.020839855893088
2.03277505105541E-02
1.98128705334941E-02
1.86728878844961E-02
2.05921590851103E-02
1.70750636584507E-02
0.014868482730691
1.44264876351317E-02
1.34450319263291E-02
0.013016994772874
2.71893792000575E-02
2.52870905812514E-02
2.34518644413343E-02
2.39431220580016E-02
1.99851138989169E-02
3.92124534435446E-02
3.47871992583565E-02
3.13706565540087E-02
3.10518591604459E-02
2.99373808190958E-02
2.84629783957358E-02
2.69955294304845E-02
2.64275552982324E-02
2.66093520203373E-02
2.23893327253921E-02
2.07379923920163E-02
1.95973545435588E-02
1.45834726306027E-02
1.37055151453999E-02
1.28167046620785E-02
1.04095566684518E-02
8.26589384435091E-03
7.76536081169317E-03
7.48362818846287E-03
6.5667254149561E-03
9.8437607693134E-03
8.61909663855932E-03
7.46138800502143E-03
6.37598781103894E-03
5.36814069126019E-03
4.44282027453489E-03
3.6045211167309E-03
2.85699974846926E-03
2.20296224984779E-03
1.54507959563906E-03
8.13302551031639E-04
4.50923440882031E-04
2.74519078529076E-04
1.63680897400831E-04
8.85182183521011E-05
4.28919056408575E-05
1.26969828330123E-05
4.37373145669978E-06
1.00214138167911E-06
1.20900344226042E-07
6.19442183146489E-09
5.54877763840306E-11
8.30095958836518E-15
1.74493554448589E-23
2.27463445255916E-69
0
0
0
0
0
0
0
0
0
0
0
0
0
0
0
0
0
0
0
0
0
0
0
0
0
0
0
0
0
0
0
0
0
0
0
0
0
0
0
0
0
0
0
0
0
0
0
0
0
0
0
0
0
0
0
0
0
0
0
0
0
0
0
0
0
0
0
0
0
0
0
0
0
0
0
0
0
0
0
0
0
0
0
0
0
0
0
0
0
0
0
0
0
0
0
0
0
0
0
0
0
0
0
0
0
0
0
0
0
0
0
0
0
0
0
0
0
0
0
0
0
0
0
0
0
0
0
0
0
0
0
0
0
0
0
0
0
0
0
0
0
0
0
0
0
0
0
0
0
0
0
0
0
0
0
0
0
0
0
0
0
0
0
0
0
0
0
0
0
0
0
0
0
0
0
0
0
0
0
0
0
0
0
0
0
0
0
0
0
0
0
0
0
0
0
0
0
0
0
0
0
0
0
0
0
0
0
0
0
0
0
0
0
0
0
0
0
0
0
0
0
0
0
0
0
0
0
0
0
0
0
0
0
0
0
0
0
0
0
0
0
0
0
0
0
0
0
0
0
0
0
0
0
0
0
0
0
0
0
0
0
0
0
0
0
0
0
0
0
0
0
0
0
0
0
0
0
0
0
0
0
0
0
0
0
0
0
0
0
0
0
0
0
0
0
0
0
0
0
0
0
0
0
0
0
0
0
0
0
0
0
0
0
0
0
0
0
0
0
0
0
0
0
0
0
0
0
0
0
0
0
0
0
0
0
0
0
0
0
0
0
0
0
0
0
0
0
0
0
0
0
0
0
0
0
0
0
0
0
0
0
0
0
0
0
0
0
0
0
0
0
0
0
0
0
0
0
0
0
0
0
0
0
0
0
0
0
0
0
0
0
0
0
0
0
0
0
0
0
0
0
0
0
0
0
0
0
0
0
0
0
0
0
0
0
0
0
0
0
0
0
0
0
0
0
0
0
0
0
0
0
0
0
0
0
0
0
0
0
0
0
0
0
0
0
0
0
0
0
0
0
0
0
0
0
0
0
0
0
0
0
0
0
0
0
0
0
0
0
0
0
0
0
0
""
