0
0
0
0
0
0
0
0
0
0
0
0
0
0
0
0
0
0
0
0
0
0
0
0
0
0
0
0
0
0
0
0
0
0
0
0
0
0
0
0
0
0
0
0
0
0
0
0
0
0
0
0
0
0
0
0
0
0
0
0
0
0
0
0
0
0
0
0
0
0
0
0
0
0
0
0
0
0
0
0
0
0
0
0
0
0
0
0
0
0
0
0
0
0
0
0
0
0
0
0
0
0
0
0
0
0
0
0
0
0
0
0
0
0
0
0
0
0
0
0
0
0
0
0
0
0
0
0
0
0
0
0
0
0
0
0
0
0
0
0
0
0
0
0
0
0
0
0
0
0
0
0
0
0
0
0
0
0
0
0
0
0
0
0
0
0
0
0
0
0
0
0
0
0
0
0
0
0
0
0
0
0
0
0
0
0
0
0
0
0
0
0
0
0
0
0
0
0
0
0
0
0
0
0
0
0
0
0
0
0
0
0
0
0
0
0
0
0
0
0
0
0
0
0
0
0
0
0
0
0
0
0
0
0
0
0
0
0
0
0
0
0
0
0
0
0
0
0
0
0
0
0
0
0
0
0
0
0
0
0
0
0
0
0
0
0
0
0
0
0
0
0
0
0
0
0
0
0
0
0
0
0
0
0
0
0
0
0
0
0
0
0
0
0
0
0
0
0
0
0
0
0
0
0
0
0
0
0
0
0
0
0
0
0
0
0
0
0
0
0
0
0
0
0
0
0
0
0
0
0
0
0
0
0
0
0
0
0
0
0
0
0
0
0
0
0
0
0
0
0
0
0
0
0
0
0
0
0
0
0
0
0
0
0
0
0
0
0
0
0
0
0
0
0
0
0
0
0
0
0
0
0
0
0
0
0
0
0
0
0
0
0
0
0
0
0
0
0
3.75396904212428E-98
2.34705656676415E-24
6.52094446380167E-15
3.4352910158001E-11
3.2993047732861E-09
5.01960725313611E-08
3.6925835948624E-07
1.54784517774128E-06
4.1999444715875E-06
1.02901450243108E-05
2.27280959404498E-05
4.17863222511035E-05
6.03579641235527E-05
9.76511534885376E-05
1.6162329210304E-04
2.0456310651625E-04
2.55478373992468E-04
3.18310903252396E-04
3.98689138158797E-04
6.10868127439554E-04
7.35081789636573E-04
6.74714959789127E-04
7.88151216993652E-04
7.62908452180876E-04
9.04707406012578E-04
1.06138896860108E-03
1.2332918517117E-03
1.46806948879361E-03
2.25251944257775E-03
2.64946785991201E-03
2.51939917541183E-03
2.81002866545128E-03
2.96976514882528E-03
3.20384511976332E-03
3.35729236865331E-03
3.50362462024946E-03
3.05154528111217E-03
8.59244447651807E-03
9.12172766857429E-03
9.54134852615814E-03
1.00797454561633E-02
0.010756386102859
1.25572195321982E-02
1.30395745570929E-02
1.38182474245292E-02
1.50937008325273E-02
0.015269838063674
1.59280717236072E-02
1.67717557811829E-02
1.70719379087316E-02
1.94914653459179E-02
2.02271149696872E-02
0.020967024831613
2.17109160951973E-02
2.24585253528585E-02
2.32096036007335E-02
2.39639152858132E-02
2.47212374205549E-02
2.54813587603279E-02
2.62440790392804E-02
2.70092082604615E-02
2.77765660362828E-02
2.85459809756501E-02
2.93172901143434E-02
3.00903383854534E-02
3.08649781269113E-02
3.16410686233607E-02
3.24184756798227E-02
3.31970712247935E-02
3.39767329405925E-02
3.47573439189441E-02
3.55387923399273E-02
3.08728254966887E-02
2.93119845374698E-02
2.15956551146932E-02
0.022042404978818
2.64348516619775E-02
3.98369832008734E-02
4.10239258398709E-02
4.18085687106229E-02
4.25932282108882E-02
2.90631459736309E-02
2.95887421206327E-02
3.86540540711149E-02
4.02429116462607E-02
3.90719765701897E-02
3.92569592699854E-02
3.41370637266571E-02
3.46925098082604E-02
3.02831083969199E-02
4.18532206185089E-02
4.35251151144694E-02
4.36680222431824E-02
4.48499830426284E-02
4.55113839897176E-02
4.34560398670477E-02
4.51790278647141E-02
4.74909763358656E-02
4.81491770311682E-02
0.048232291283647
4.82990337213306E-02
4.89390309814557E-02
4.95780565589461E-02
4.90060526848538E-02
5.02403787635327E-02
5.08686398807471E-02
4.89838285601772E-02
4.95793586022532E-02
5.01738063143716E-02
4.94654239564929E-02
5.92607896913796E-02
0.037297721356925
3.63740266854386E-02
0.032694717877975
3.16788680135213E-02
0.032720744566377
3.09621266974432E-02
3.20025009435247E-02
3.30570602353977E-02
3.26735816470596E-02
3.00739083896973E-02
0.030377825938253
3.29259567937226E-02
3.24948227033341E-02
3.12851067691936E-02
2.77340562189772E-02
3.34415516433385E-02
2.66903842363313E-02
2.69379485810788E-02
2.87839505210605E-02
2.58174655001272E-02
0.026048551172234
2.54577653660856E-02
2.65087556822819E-02
2.25600697037624E-02
0.021910111273821
2.12453438048036E-02
2.22796449292693E-02
2.15995845879976E-02
2.61310630735557E-02
2.63419612114611E-02
2.92074088767786E-02
2.85458593510604E-02
2.51725740736048E-02
2.62728398766511E-02
2.55605389754514E-02
2.39140070346317E-02
2.13127001244721E-02
2.24036426295137E-02
2.35076809616456E-02
0.026518949532295
2.86163770566878E-02
0.035543263541722
3.38573791923364E-02
3.31178326272047E-02
3.33447927966148E-02
3.65330384264018E-02
0.038766170895442
3.60217413559658E-02
3.52512259397569E-02
3.54804131144578E-02
3.26479480885319E-02
3.38825714057143E-02
3.40960804470349E-02
3.53483764606876E-02
3.13822543985682E-02
3.47313598045058E-02
3.60001819848788E-02
3.62156199454109E-02
3.64301339442864E-02
3.66437188348266E-02
3.57723586454037E-02
3.59778432449252E-02
2.96037910844231E-02
2.97704111360838E-02
2.66100208306889E-02
2.67567769695694E-02
2.46609482755579E-02
2.36672139492248E-02
2.15277514048545E-02
2.16417625379517E-02
2.40452479587705E-02
2.53209975109702E-02
2.42942253050631E-02
2.55805437913332E-02
2.45407397510071E-02
2.34886346312005E-02
3.18661313978942E-02
3.08358074865542E-02
2.86014749311414E-02
3.11332720243171E-02
3.00777179884663E-02
3.02188383913205E-02
3.03591965454895E-02
3.04987893273764E-02
3.18631181830906E-02
3.20066930567751E-02
3.58590156957637E-02
3.60173563199692E-02
3.36799782115579E-02
3.75841215673539E-02
0.028937910949317
3.15876112531239E-02
3.17201790580106E-02
3.82223418688823E-02
4.09381451325543E-02
4.49583388747479E-02
4.51394561381837E-02
0.040140079068849
3.89985419161252E-02
3.91508714207153E-02
3.93022230425468E-02
0.038137507077119
3.43217156964751E-02
3.44503277787592E-02
3.45780812190066E-02
3.47049732874106E-02
3.34913473811854E-02
3.89895658661904E-02
4.31759437502021E-02
8.66556899056706E-02
7.47289634022914E-02
7.63497254495541E-02
7.25057830577101E-02
7.27502057601664E-02
7.02383783233396E-02
7.18518675721045E-02
7.48589058942013E-02
7.23190552490521E-02
7.25499669556186E-02
7.27790840951293E-02
0.103893725726358
0.105622955037138
0.104532998071694
0.103431891153165
0.103740839885886
0.101196620705865
0.100062654833579
7.59804422982789E-02
8.33857120756071E-02
8.36209624957868E-02
8.24083936338422E-02
7.82862993847897E-02
7.84995639808844E-02
5.24739327512005E-02
0.052613533630778
0.102573026896738
0.105777712422581
0.110467858795336
0.110747890903228
0.108064535449273
6.38118872417534E-02
5.80172695814328E-02
5.36835882654303E-02
0.059790510738388
6.44259614758338E-02
4.95579786606326E-02
4.96715657719572E-02
4.37495219232518E-02
4.98950952608335E-02
4.84897290233332E-02
5.01137498715838E-02
0.048699387620672
4.88024355805586E-02
4.73760340015002E-02
4.13479335534082E-02
3.68283216690464E-02
3.53644427462924E-02
3.69748338433239E-02
5.40264959402024E-02
5.56766166559497E-02
5.42322746705147E-02
0.054333185956123
5.13223314433556E-02
4.82989229985051E-02
5.15063838984419E-02
3.75247517379727E-02
3.60231784418026E-02
3.60842615976015E-02
0.036144468642387
3.46297201645637E-02
3.31090104386087E-02
3.15824530252576E-02
3.16317491647986E-02
3.64323200602083E-02
3.33144414614718E-02
3.17750317189461E-02
3.18212540570835E-02
2.39000291743448E-02
2.55291082601905E-02
2.71619985667603E-02
2.71986620970191E-02
2.72346673759192E-02
2.24576583211416E-02
2.24862237616566E-02
2.25142453481624E-02
2.41518455514839E-02
2.57927482360291E-02
2.90507674884793E-02
2.90839911459645E-02
0.029116512067665
3.07676812419024E-02
2.75583629221988E-02
2.75870823781975E-02
2.76151357423609E-02
2.60164917170073E-02
2.60416394797713E-02
2.44370238510925E-02
2.44594210381343E-02
2.44812281223922E-02
2.45024446648116E-02
3.10625556351854E-02
0.0261793113896
2.62000499519986E-02
2.29426372502811E-02
0.024599654720168
2.62584740924342E-02
2.46343909230901E-02
2.46508687611968E-02
2.30223024683761E-02
2.13911032870255E-02
2.14038389782455E-02
2.30634482720575E-02
2.14277634360257E-02
2.14389517218446E-02
0.021449623742442
0.021459779283429
2.14694181408119E-02
2.31307355149154E-02
2.14871450407714E-02
1.81882738462153E-02
1.81946794770331E-02
1.48914386042318E-02
1.48959628724857E-02
1.65556984996508E-02
1.65599287246703E-02
1.98765125381496E-02
1.98806323129189E-02
1.82272509019508E-02
1.98874366599616E-02
2.32051412782739E-02
2.32077147918548E-02
0.026525405629388
2.48691285422255E-02
2.48700909682582E-02
2.48704550363346E-02
2.48702207391481E-02
2.32114288759742E-02
2.65258208851238E-02
2.81813847981515E-02
2.81784068615342E-02
3.14894275215772E-02
3.14845838265877E-02
3.31357711193415E-02
0.033129077730908
3.64337458704247E-02
3.80802944730359E-02
3.47594258106782E-02
3.64037672738928E-02
3.97003874674198E-02
5.12618825411997E-02
5.45488552968521E-02
0.054527296755794
6.11110226193459E-02
6.10839079515332E-02
5.61048910384624E-02
5.77266040522655E-02
5.60483036213369E-02
5.27228093748002E-02
9.55060704072063E-02
8.72213218061345E-02
8.88124286578668E-02
8.87557105627834E-02
8.86968539781237E-02
0.103408503435033
0.101694616059507
0.027863461309227
2.94800223521265E-02
3.10933369644104E-02
3.10681228512672E-02
3.26759574101344E-02
3.59126234812893E-02
3.58808275460602E-02
3.74776280758559E-02
3.58146394576012E-02
3.90329985134115E-02
3.73697666818849E-02
0.038955138445527
3.40504475544341E-02
3.23945968650686E-02
3.07414429649988E-02
3.07072762909127E-02
3.06723676887078E-02
3.06367178626664E-02
2.89897839778737E-02
2.89546080933282E-02
2.57055396305411E-02
2.40684638962472E-02
2.56398956494195E-02
2.72065267040665E-02
2.39735345914217E-02
2.71328273645199E-02
2.70949919386892E-02
2.54649415136002E-02
2.54280973195133E-02
2.53906370470414E-02
2.21834912728903E-02
0.022149637399617
2.36949069453454E-02
2.36574848765484E-02
2.67687540970464E-02
2.67250424557643E-02
2.66806821565791E-02
2.82024784588225E-02
0.028154137976509
2.49823231851357E-02
2.64967725935293E-02
2.64491827825267E-02
2.64009499192251E-02
2.63520749851546E-02
2.93969776783321E-02
3.24294388744336E-02
2.92841498675234E-02
0.026150174644467
2.60981045522011E-02
2.75774808303357E-02
2.59920577499048E-02
2.59380832055709E-02
2.43609186184544E-02
2.58282373461639E-02
2.27403249511004E-02
2.26904735038784E-02
2.26400678672192E-02
2.40950496791069E-02
2.40401047143465E-02
2.39845719581628E-02
2.09373959818843E-02
2.08877791893459E-02
1.63724401545336E-02
1.63326528846884E-02
1.77735987440489E-02
1.47744353403623E-02
1.62108937983475E-02
0.016169511132632
1.31954168712067E-02
1.31609098292088E-02
1.31260796049678E-02
1.30909269190691E-02
0.013055452499337
1.30196570808424E-02
1.29835414059103E-02
1.43856735823651E-02
1.43448358803961E-02
1.43036448608158E-02
1.71145216569231E-02
1.84862681971679E-02
1.84313486609597E-02
1.83759743323486E-02
1.83201463679029E-02
1.82638659348037E-02
1.68065854254128E-02
1.67538022011215E-02
1.80923216549941E-02
1.66469937526459E-02
0.017975718336214
0.016538536798917
1.37364108168671E-02
1.50594037663074E-02
1.50083820715251E-02
1.63167140647012E-02
1.49052223173003E-02
1.48530864423683E-02
1.21095665787068E-02
1.20663067316195E-02
1.33586073888903E-02
1.33098747352605E-02
1.19347295023758E-02
1.32114159057603E-02
1.44778610180719E-02
1.31116394100259E-02
1.30612597059423E-02
1.30105538049915E-02
1.42554750783905E-02
1.80714349013983E-02
1.79990858298541E-02
1.79262862682417E-02
0.017853037793942
1.39694829975324E-02
1.51758861252759E-02
1.13339666937755E-02
1.12857343439358E-02
1.24857984435228E-02
1.11884205224968E-02
1.11393411852685E-02
0.011089981667231
1.22670478406417E-02
0.012211584944454
1.45869772703907E-02
1.20997374209244E-02
1.32476908064415E-02
0.013185336144247
1.31226485700182E-02
1.30596294882339E-02
1.29962803143614E-02
1.52839847431284E-02
1.63782148826002E-02
1.62963392604815E-02
1.62140508696052E-02
1.38268727857535E-02
1.37556371057351E-02
1.48243901861089E-02
1.47464639305572E-02
1.46681632267397E-02
1.57117583372047E-02
1.56266338613726E-02
1.66511914586681E-02
1.76630798103418E-02
0.015368884292203
1.74653513508375E-02
1.73658186280228E-02
1.61867281691552E-02
1.50197494872955E-02
1.49315029854348E-02
1.69632863630237E-02
1.68615649911261E-02
1.57119498597337E-02
1.76978855096927E-02
1.86230567297984E-02
1.95348500681276E-02
1.94115299371221E-02
1.92877136495963E-02
1.81548040575811E-02
2.20447004599714E-02
1.99087565921029E-02
1.97763672686057E-02
7.75917150780778E-02
7.70647950388811E-02
0.076535904120178
7.31187880308039E-02
8.02489900027774E-02
8.15775788164139E-02
8.09933922322075E-02
7.19924356820276E-02
7.05375668238571E-02
8.19922610829889E-02
8.13792260468998E-02
6.71521853685163E-02
5.31311203903333E-02
5.45077710623152E-02
0.055855158516885
3.87018306905947E-02
2.87945442146845E-02
3.02930135379005E-02
3.09040359803313E-02
2.97974062896013E-02
3.37696777976621E-02
3.26472156243585E-02
3.31981249005999E-02
3.29110899823948E-02
3.42543890961313E-02
3.47596379709922E-02
3.52495623531535E-02
3.65179809279324E-02
3.22502763107325E-02
3.03925250829704E-02
2.93352254719215E-02
3.44090094536415E-02
4.99811974407075E-02
4.87447033880926E-02
4.75217815744505E-02
5.29285749988419E-02
5.31215564971077E-02
7.20248474873007E-02
5.63101830485706E-02
5.57193940974126E-02
5.51272847161306E-02
5.79853885829131E-02
4.02837025121052E-02
3.64624819339786E-02
4.13956720489585E-02
4.09260681870567E-02
4.17605562872365E-02
3.99841039726912E-02
4.01490704144452E-02
3.08530857919978E-02
5.34927897248689E-02
5.28341250729544E-02
5.27810289178902E-02
4.97165145721594E-02
4.90777039488401E-02
4.84379146858609E-02
5.52834843427192E-02
5.68138922962321E-02
2.52178932147544E-02
2.48690772740132E-02
2.45198231605953E-02
2.41701508537185E-02
2.43494160187722E-02
2.45127292415885E-02
3.28801181282277E-02
3.28866767578428E-02
4.23418171329424E-02
4.16774404880979E-02
4.10125705596658E-02
4.03472550999057E-02
3.54799682330545E-02
2.24912804329349E-02
3.02281432173716E-02
2.43828260007038E-02
2.09030286793122E-02
2.35198683177084E-02
3.40027824488152E-02
3.33672135614203E-02
3.15194215760041E-02
3.05113235726284E-02
0.02951909600263
0.034251355575809
3.57826781964531E-02
2.33540437332355E-02
2.03537707690384E-02
1.88604471658547E-02
1.53656784381865E-02
0.018351341111892
2.47663007137041E-02
2.35390761004005E-02
2.14128908134709E-02
2.48117313782324E-02
2.94848032814981E-02
2.87131040606694E-02
2.79432647557384E-02
2.71754465745383E-02
2.64098190336309E-02
2.56465605189761E-02
2.48858588891383E-02
2.41279121243998E-02
2.33729290253976E-02
2.26211299651448E-02
2.18727476985486E-02
2.11280282337836E-02
2.03872317701174E-02
1.96506337069991E-02
1.89185257294048E-02
0.018191216974568
1.74690352852757E-02
1.67523285548694E-02
1.60414661688912E-02
1.53368405479392E-02
1.46388687956387E-02
1.39479944546476E-02
1.31320424784352E-02
1.22117720040717E-02
1.10882298968301E-02
1.05894524147798E-02
9.98064052570422E-03
9.98045613274677E-03
9.35432170045192E-03
8.74002970971916E-03
8.13835665489527E-03
7.55012738009224E-03
6.9762170191561E-03
6.41755256556131E-03
5.87511389465483E-03
5.34993400634408E-03
4.84309818751822E-03
4.35574170693866E-03
3.88904554744738E-03
3.44422954741275E-03
3.02254216218699E-03
2.62524586538304E-03
2.25359699105164E-03
1.90881858053872E-03
1.59206456427984E-03
1.30437342425959E-03
1.04660943094122E-03
8.1938977463276E-04
6.22996656224726E-04
4.57275044189714E-04
3.21519899506773E-04
2.14361953328681E-04
1.33669378274942E-04
7.64942807815144E-05
3.91065634216896E-05
1.7167865858264E-05
6.09129226185146E-06
1.58397232205735E-06
2.54990224312116E-07
1.84813558493873E-08
3.05143599872488E-10
1.96135570542212E-13
7.79250226805476E-21
3.50800160327416E-57
0
0
0
0
0
0
0
0
0
0
0
0
0
0
0
0
0
0
0
0
0
0
0
0
0
0
0
0
0
0
0
0
0
0
0
0
0
0
0
0
0
0
0
0
0
0
0
0
0
0
0
0
0
0
0
0
0
0
0
0
0
0
0
0
0
0
0
0
0
0
0
0
0
0
0
0
0
0
0
0
0
0
0
0
0
0
0
0
0
0
0
0
0
0
0
0
0
0
0
0
0
0
0
0
0
0
0
0
0
0
0
0
0
0
0
0
0
0
0
0
0
0
0
0
0
0
0
0
0
0
0
0
0
0
0
0
0
0
0
0
0
0
0
0
0
0
0
0
0
0
0
0
0
0
0
0
0
0
0
0
0
0
0
0
0
0
0
0
0
0
0
0
0
0
0
0
0
0
0
0
0
0
0
0
0
0
0
0
0
0
0
0
0
0
0
0
0
0
0
0
0
0
0
0
0
0
0
0
0
0
0
0
0
0
0
0
0
0
0
0
0
0
0
0
0
0
0
0
0
0
0
0
0
0
0
0
0
0
0
0
0
0
0
0
0
0
0
0
0
0
0
0
0
0
0
0
0
0
0
0
0
0
0
0
0
0
0
0
0
0
0
0
0
0
0
0
0
0
0
0
0
0
0
0
0
0
0
0
0
0
0
0
0
0
0
0
0
0
0
0
0
0
0
0
0
0
0
0
0
0
0
0
0
0
0
0
0
0
0
0
0
0
0
0
0
0
0
0
0
0
0
0
0
0
0
0
0
0
0
0
0
0
0
0
0
0
0
0
0
0
0
""
