0
0
0
0
0
0
0
0
0
0
0
0
0
0
0
0
0
0
0
0
0
0
0
0
0
0
0
0
0
0
0
0
0
0
0
0
0
0
0
0
0
0
0
0
0
0
0
0
0
0
0
0
0
0
0
0
0
0
0
0
0
0
0
0
0
0
0
0
0
0
0
0
0
0
0
0
0
0
0
0
0
0
0
0
0
0
0
0
0
0
0
0
0
0
0
0
0
0
0
0
0
0
0
0
0
0
0
0
0
0
0
0
0
0
0
0
0
0
0
0
0
0
0
0
0
0
0
0
0
0
0
0
0
0
0
0
0
0
0
0
0
0
0
0
0
0
0
0
0
0
0
0
0
0
0
0
0
0
0
0
0
0
0
0
0
0
0
0
0
0
0
0
0
0
0
0
0
0
0
0
0
0
0
0
0
0
0
0
0
0
0
0
0
0
0
0
0
0
0
0
0
0
0
0
0
0
0
0
0
0
0
0
0
0
0
0
0
0
0
0
0
0
0
0
0
0
0
0
0
0
0
0
0
0
0
0
0
0
0
0
0
0
0
0
0
0
0
0
0
0
0
0
0
0
0
0
0
0
0
0
0
0
0
0
0
0
0
0
0
0
0
0
0
0
0
0
0
0
0
0
0
0
0
0
0
0
0
0
0
0
0
0
0
0
0
0
0
0
0
0
0
0
0
0
0
0
0
0
0
0
0
0
0
0
0
0
0
0
0
0
0
0
0
0
0
0
0
0
0
0
0
0
0
0
0
0
0
0
0
0
0
0
0
0
0
0
0
0
0
0
0
0
0
0
0
0
0
0
0
0
0
0
0
0
0
0
0
0
0
0
0
0
0
0
0
0
0
0
0
0
6.49802977347965E-35
4.37883872233665E-19
9.29934346518072E-14
4.47523820773611E-11
1.77309133327398E-09
2.09614276023974E-08
2.16402943623897E-07
9.22199542455538E-07
2.55871862930102E-06
5.02398114025601E-06
9.87185150228536E-06
2.16689946236783E-05
3.48981299051326E-05
5.25098189749888E-05
7.48261140234467E-05
1.02015462042853E-04
1.34110968709648E-04
1.71033720414429E-04
2.12616984861812E-04
2.58628830884618E-04
3.08791938158862E-04
3.62800163977957E-04
4.20331905029016E-04
4.81060540621347E-04
5.44662351187548E-04
6.10822329575291E-04
6.79238280709334E-04
7.49623561476448E-04
8.21708761349853E-04
8.95242573231387E-04
9.69992057257069E-04
1.04574245956589E-03
1.12229671363565E-03
1.16349048170841E-03
1.2643413793852E-03
1.32796001592404E-03
1.40452257478898E-03
1.51136624420221E-03
1.58949184197635E-03
1.70455637804085E-03
1.85802419794068E-03
2.01768809287597E-03
2.18342064747735E-03
2.35509193813202E-03
2.53257036159689E-03
2.71572334939443E-03
2.90441798126812E-03
2.72669892849586E-03
1.64895090294447E-03
1.61111675934942E-03
8.90872676788226E-04
9.4233571500441E-04
9.94941425415232E-04
1.17974242796779E-03
1.37932735426448E-03
1.40084311568592E-03
1.46957661601657E-03
1.69877716875772E-03
1.94386491896461E-03
2.26319277908682E-03
2.66466047453413E-03
1.89382757507324E-03
2.1033892699388E-03
2.18782225576394E-03
2.20230808061257E-03
2.58118729818263E-03
2.75351573112999E-03
2.93248323140276E-03
3.11815028315519E-03
3.22568815676023E-03
3.42206636209229E-03
3.53464979750221E-03
5.51921356060044E-03
5.69269458513195E-03
6.26549824649646E-03
4.71239007415881E-03
4.21833412129136E-03
4.2313798436681E-03
4.46233090524871E-03
4.4710279770354E-03
4.35662701940156E-03
4.10966277316526E-03
4.34064385885392E-03
4.32425443412406E-03
4.69326659914407E-03
4.94214574666684E-03
5.06131734163354E-03
4.62100744061477E-03
4.44184968326241E-03
4.5432568316064E-03
4.19562113004001E-03
3.98179062544892E-03
4.22449366412476E-03
4.9536121359929E-03
5.22044678126721E-03
5.16141750570491E-03
5.26592739008568E-03
5.54407636078225E-03
4.41620488589717E-03
4.68144654776329E-03
4.58685754557288E-03
4.48569102689936E-03
0.004377905538394
4.65104876575297E-03
4.3395738588869E-03
5.01805821576571E-03
5.30920660174941E-03
5.60754309921027E-03
5.7019023002947E-03
6.01115961203601E-03
6.54583697695864E-03
7.09478797248935E-03
6.98233547338966E-03
7.54933626659589E-03
7.43376736397809E-03
6.83961290440846E-03
6.46374445059699E-03
7.04562556360588E-03
7.14886033531451E-03
7.25223654600306E-03
6.84845339028786E-03
6.68772141379368E-03
6.78074162339827E-03
6.08072303598264E-03
6.4311437115176E-03
6.51726430905188E-03
6.60345814692769E-03
6.41098107094737E-03
6.77604225132144E-03
8.57802638222794E-03
1.07128109892913E-02
1.05529868477757E-02
1.03860141712763E-02
1.05122299144143E-02
8.51079033545106E-03
8.61182453280049E-03
8.71288059671157E-03
9.12873671167357E-03
9.55182326636816E-03
9.01612200813506E-03
9.11720797306517E-03
9.54751198014888E-03
9.31935493837608E-03
1.00932912187341E-02
1.08816374122711E-02
1.23716989457253E-02
2.46557625606715E-02
0.028771246495831
2.90666974175341E-02
2.93620076967687E-02
2.78487994146174E-02
2.48383676502647E-02
2.39762427312002E-02
2.42097720999045E-02
1.84263630195301E-02
1.89817843180608E-02
1.80113519617448E-02
1.74060796054803E-02
1.87382434289117E-02
1.65461102169324E-02
1.47084773687238E-02
1.48404835120371E-02
1.49723480204351E-02
1.46958473727109E-02
1.44120824689832E-02
0.014121060707208
1.38227901230312E-02
1.98535040906922E-02
1.87419245702121E-02
0.018897376919982
1.73205546242481E-02
1.48422502893042E-02
1.62820137559514E-02
3.63724684781675E-02
3.66600211457821E-02
3.73976846060601E-02
3.95040736568843E-02
2.15052821919354E-02
0.023974211837896
2.46195443345333E-02
0.025739481733833
2.78158466723649E-02
1.80466915308048E-02
1.57860177631286E-02
1.58996846564445E-02
1.50426312330292E-02
1.75923606287423E-02
1.77156019409486E-02
0.017838581802886
1.99569956008085E-02
1.85860666424969E-02
1.61830321156658E-02
1.57822755061667E-02
1.79369307986606E-02
1.85707392990125E-02
1.92109900877435E-02
1.93350849908312E-02
2.10366204013685E-02
2.11701110872274E-02
2.13032623819636E-02
2.14360700600115E-02
2.85783021573146E-02
3.03808929683312E-02
3.00195357676327E-02
2.63565375391903E-02
5.52370216899341E-02
5.55636695054205E-02
5.58893866646571E-02
5.62141632571512E-02
5.65379894493873E-02
5.68608554838743E-02
5.71827516782181E-02
5.75036684242193E-02
5.78235961869945E-02
5.81425255041209E-02
5.84604469848046E-02
5.87773513090694E-02
5.90932292269684E-02
5.64376679799252E-02
3.04581532866144E-02
3.12179988002762E-02
3.31904618345018E-02
2.00167782473345E-02
2.01189228365415E-02
2.69609439611654E-02
2.95594629442091E-02
2.97064558417713E-02
2.92309777402274E-02
2.18741480685354E-02
2.13521461851829E-02
2.08237106208226E-02
2.15569274820879E-02
2.22957508029804E-02
2.30401429069435E-02
2.37900658105433E-02
2.26076800768122E-02
2.27108274303195E-02
2.41171873194693E-02
0.065473890651646
6.57649804054922E-02
6.60548487960716E-02
5.90457043771698E-02
2.06555760570669E-02
2.07442850274002E-02
0.020832605857136
2.49696722499852E-02
0.026429512155142
0.028580615521924
3.00647192438824E-02
2.53847531519963E-02
2.54873308757673E-02
2.69726384572597E-02
0.024302331880758
2.09125615434003E-02
1.67953243119504E-02
1.47527447341034E-02
0.012693685287843
1.41576872642345E-02
1.13688073668355E-02
1.06980444268692E-02
1.07376269960454E-02
1.14954705150981E-02
1.08161732638594E-02
1.08551349727336E-02
0.010167628567346
1.02036019132945E-02
1.09707626155678E-02
1.02749572533149E-02
1.03103374586795E-02
1.03455181730606E-02
1.03804985189422E-02
1.04152776254957E-02
9.70343644080088E-03
8.98648171764952E-03
9.01577048630573E-03
8.29114351570022E-03
9.07382104658383E-03
0.008344032957025
9.13116421167575E-03
9.15956875732198E-03
9.1877943488616E-03
9.21584029609452E-03
9.24370591434497E-03
1.00440064014827E-02
9.29889345272173E-03
1.01033985335584E-02
1.01327975628513E-02
1.17253818649262E-02
1.09749209097696E-02
1.25782128943719E-02
1.18250733333869E-02
1.10673166539684E-02
1.18903716168433E-02
1.19226695865086E-02
1.27517145671724E-02
1.11874553558098E-02
1.20181495347043E-02
1.28528024822269E-02
1.28859914018486E-02
1.29189254720657E-02
1.53800296424816E-02
0.015418530800969
1.46432146357539E-02
1.38636038022056E-02
1.47147141475618E-02
1.39305805946407E-02
1.06780888987538E-02
0.010703168874719
1.15532698208925E-02
1.15798205126965E-02
9.94812086449013E-03
9.13960982814474E-03
9.1599270289976E-03
8.34551083531779E-03
8.36364911481824E-03
9.21978288470075E-03
7.55948293539564E-03
7.57535646394539E-03
7.59107893933112E-03
7.60664999526024E-03
7.62206926930791E-03
7.6373364029134E-03
7.65245104137651E-03
1.10751518711226E-02
1.10965420704044E-02
1.11177104952999E-02
1.11386566557215E-02
1.03009662158169E-02
1.03198894620507E-02
1.03386062146532E-02
1.03571160417172E-02
0.010375418516447
1.03935132171551E-02
1.04113997272585E-02
9.55998783233666E-03
8.70545544568866E-03
8.71983835385197E-03
8.73404642372604E-03
9.62288726233133E-03
9.63813042408864E-03
9.65318020218572E-03
9.66803625209738E-03
9.68269823395594E-03
9.6971658125493E-03
7.94572253780646E-03
0.007957240725566
1.06247987415393E-02
8.86644141169879E-03
7.9908351134481E-03
8.89079148163508E-03
9.79296839028234E-03
9.80586923319107E-03
9.8185728651357E-03
0.011618547905979
9.84338734577361E-03
1.07514519609625E-02
1.07644468122059E-02
9.87912291649047E-03
1.07897862340572E-02
1.08021302302975E-02
1.26166328270793E-02
1.08261653953889E-02
0.011741010688538
1.26575497053553E-02
1.26706790373918E-02
0.012683553056254
1.45099102526727E-02
1.36162864252834E-02
1.36292575228981E-02
1.36419538620214E-02
1.27440834791733E-02
1.27554197171474E-02
1.36783914960104E-02
1.18646545335615E-02
1.82684058361307E-02
1.82831284955235E-02
0.018297482313771
0.019227040316244
2.47388608932471E-02
0.022922909416798
2.29390035511422E-02
2.20364493313903E-02
0.022051010469792
2.29845067678821E-02
2.29987469754786E-02
2.30125228757229E-02
2.39468675257215E-02
2.39602277486866E-02
2.48951466275316E-02
0.024908015565325
2.49203814945119E-02
2.49322441377707E-02
2.95627890122862E-02
2.86514153307742E-02
2.95879226652548E-02
2.68246312723733E-02
2.77599990582515E-02
2.77698187679849E-02
2.68531082179639E-02
2.59352566176665E-02
0.023163259179272
2.31695712396269E-02
0.023175415162654
2.13263275521189E-02
2.13308422371775E-02
2.13349259037614E-02
2.22663427413593E-02
2.31976085060378E-02
0.022272615575923
2.13469487021466E-02
2.13488760984336E-02
1.94938179793847E-02
1.94947899312335E-02
2.04237187771814E-02
1.76388327110313E-02
1.67102931320663E-02
1.57814546194243E-02
1.48523734650808E-02
1.39231059647339E-02
1.39218304453988E-02
0.016704328312859
1.67021225346275E-02
1.85550880546057E-02
1.76242928751804E-02
1.66934803916516E-02
1.76171430092612E-02
1.39050269053212E-02
1.20479684502104E-02
0.013897696333541
1.38936098173498E-02
0.014815192107594
1.48102344340313E-02
1.48049775621938E-02
1.47994216098403E-02
1.47935667014465E-02
1.57116262787186E-02
1.66285806165316E-02
1.66209857837341E-02
1.84589502901137E-02
1.93722540975335E-02
1.84402087390861E-02
1.75087653352104E-02
1.74989788276849E-02
1.84093042096491E-02
1.93181719801135E-02
1.93061845393311E-02
2.02125600987295E-02
2.57080543213749E-02
2.66080315953283E-02
2.56724537127244E-02
2.56538760721364E-02
0.025634780760406
2.56151682070106E-02
0.025595038853191
2.64877643359501E-02
2.64658469812081E-02
2.73552370479216E-02
2.45983140034514E-02
2.63968940712868E-02
2.72822529784654E-02
2.63482633030399E-02
2.54154560388294E-02
0.026297507895503
2.53654267771772E-02
2.44346577806078E-02
2.44093045308558E-02
2.52865505944317E-02
2.52592389547122E-02
0.024330296454569
0.025203089996341
2.42751734505261E-02
2.51449110557215E-02
2.42180954830281E-02
2.32929425908183E-02
2.50538480135773E-02
2.41288243460405E-02
2.23130514267357E-02
2.49582480103631E-02
2.40351844628938E-02
2.40030036204637E-02
2.30825498366484E-02
2.12775066578839E-02
2.21329339823616E-02
2.47535162663172E-02
3.26626078614365E-02
3.34960305346786E-02
3.16856912024014E-02
3.16376646885189E-02
2.80791138805177E-02
5.60705912833588E-02
5.16082493443847E-02
2.53260377304932E-02
2.17972421721779E-02
2.08908059094408E-02
2.17248339235465E-02
3.64358002050443E-02
3.55071220386949E-02
3.37162150318138E-02
3.36566875826684E-02
2.49820026550768E-02
2.32169626105696E-02
2.23160453192477E-02
2.05611407434691E-02
1.96673420402022E-02
1.87763919909866E-02
1.87401685140356E-02
2.12540575237697E-02
2.03635627204887E-02
1.77824706730979E-02
1.94366089334614E-02
1.85534520044559E-02
1.85149949512837E-02
1.76363428655789E-02
0.016760885640942
1.83974123323734E-02
1.91919151147035E-02
1.83171902101177E-02
1.74457803906979E-02
1.40910758001149E-02
1.40590967731828E-02
1.23766220049671E-02
1.15247185166521E-02
1.06764303864469E-02
1.14704417451399E-02
1.14429616080039E-02
1.05998791785211E-02
1.05739409992475E-02
9.73642456952776E-03
9.71209537060502E-03
8.88027607771134E-03
8.85762235344268E-03
8.83479345583586E-03
8.81178992866869E-03
7.98964756416816E-03
7.17157733326671E-03
7.94703370966239E-03
7.92549142768867E-03
7.11341363683041E-03
7.09374486334178E-03
7.07393643739743E-03
7.83776537331063E-03
7.81544726679809E-03
9.3515707132014E-03
1.01014561692524E-02
1.00718458491363E-02
1.00420380306365E-02
8.47172060140392E-03
9.21399950907747E-03
1.07169320000904E-02
9.92084634732704E-03
1.06508360214443E-02
1.06174757544137E-02
1.05839083915613E-02
9.79655370385824E-03
1.05161556853735E-02
9.73325972530412E-03
1.04475845822356E-02
1.11567795512483E-02
1.03782018666191E-02
9.60440771011579E-03
8.83544093901212E-03
0.012473897076124
0.012430678394275
1.31158796828668E-02
1.45217906887143E-02
0.014470101938761
1.51390414353714E-02
1.50841848001645E-02
1.43133700175304E-02
0.015686632750177
1.63386333462542E-02
1.62772925790871E-02
1.62156407763886E-02
1.61536795160879E-02
1.46921573105649E-02
1.46350232541991E-02
1.38834390816885E-02
1.45199221388819E-02
1.37732933885599E-02
1.30319374129111E-02
1.16127893526004E-02
1.22455112744648E-02
1.35498858737569E-02
1.28187236378987E-02
1.20929826715755E-02
1.27106672156352E-02
1.53207619260433E-02
1.59178858255259E-02
1.58485929243917E-02
1.64364637042261E-02
0.01636367123292
1.62905755037647E-02
1.62171784857054E-02
1.61434821619643E-02
1.60694885301503E-02
0.016635007586467
1.65574421015684E-02
1.64795737397778E-02
1.64014046396638E-02
2.19731843630073E-02
2.06176040105321E-02
2.11389959233251E-02
2.16539133132367E-02
0.021546705401408
2.26642023906728E-02
2.13311312473136E-02
2.06164061984728E-02
1.99075167928819E-02
2.16050605416987E-02
0.020298422798601
2.01917081256174E-02
2.12660877792107E-02
1.88020864902058E-02
1.75318646132589E-02
1.51116057546496E-02
1.50286669671673E-02
1.83944230710199E-02
1.82917089848885E-02
1.93254742817829E-02
1.92156782374144E-02
1.91055559570239E-02
1.89951107598501E-02
1.83289240500896E-02
0.018221110168198
1.70152355514839E-02
1.58222022032866E-02
0.015184366255777
1.50918744141699E-02
1.49991363875383E-02
1.49061550877154E-02
1.37548667751806E-02
1.36680834034285E-02
1.51481303466334E-02
1.60888408242136E-02
1.54689675856831E-02
1.58801094209196E-02
0.0162842559862
1.56703939799473E-02
1.65693807697181E-02
1.34649193129764E-02
1.23822874295663E-02
1.27887476138261E-02
1.31881787395139E-02
1.30955422362635E-02
1.20395520374614E-02
1.19534294897677E-02
1.23418229304403E-02
1.22519060565905E-02
0.012161819231269
1.16072746803086E-02
0.011520335200482
1.14332416615531E-02
1.13459972414168E-02
1.35103261782281E-02
0.013405282346934
1.33000691213491E-02
1.58336285589229E-02
0.016143285473594
1.60129252681193E-02
1.58823759963425E-02
1.49002025996598E-02
0.01435418493663
1.59082839996475E-02
1.61885741301388E-02
1.56385134851045E-02
1.50953987565645E-02
1.53680951196465E-02
1.44309381668383E-02
1.43024908755127E-02
1.49613511200005E-02
1.48254950294382E-02
1.15969826195768E-02
0.013021468474399
1.70729821496729E-02
1.42808543678714E-02
1.82388579301116E-02
1.84314333856355E-02
1.93467678287967E-02
1.80717910702521E-02
1.86074843028872E-02
1.87744429911991E-02
1.78822119400076E-02
1.83924264087685E-02
1.82013062623519E-02
1.80101243439341E-02
1.78188904113856E-02
1.66298248620363E-02
1.74363061945433E-02
1.78957299099372E-02
0.018984234473755
1.87712300826824E-02
2.26473390452079E-02
2.76733653601944E-02
2.73521554446139E-02
2.70310162651076E-02
0.026709966679069
2.60925199194514E-02
2.57753118719245E-02
2.57475483572814E-02
2.54270515085398E-02
2.51067429511175E-02
2.56221481957331E-02
2.52914964671204E-02
0.025232420898498
1.15123128175562E-02
1.16223083755976E-02
1.14647327170387E-02
1.10503406625724E-02
0.011656920310698
1.12429037777834E-02
1.08362285607163E-02
1.09223294826378E-02
9.08823653428947E-03
8.95338010301387E-03
9.28288650941952E-03
9.14140421902766E-03
1.10252153649172E-02
9.96661524399663E-03
1.02442726970589E-02
7.29141710864577E-03
6.32853750978905E-03
0.005601338953115
5.09927565896241E-03
5.21283567059199E-03
4.33455682423338E-03
4.45202438003017E-03
4.18257285858061E-03
0.005600330909582
5.49746719803965E-03
5.21509806615404E-03
5.11630411722649E-03
5.53693603217188E-03
5.08938894670539E-03
5.15455128808362E-03
5.21338676493701E-03
5.10637470120094E-03
4.68731769750481E-03
4.43491039642295E-03
4.18954904095305E-03
4.09754330891045E-03
4.29212064724829E-03
4.05468810832306E-03
3.9608138106426E-03
3.86744265697106E-03
3.90474891692293E-03
3.93622400008311E-03
3.96194180769431E-03
3.86131299924842E-03
5.28937310647753E-03
4.69196146650326E-03
4.56559804533475E-03
4.44014320227119E-03
5.47347495370079E-03
5.01003504568163E-03
4.76430340367394E-03
4.71830712286491E-03
4.76102037699662E-03
4.79338148482986E-03
7.96761632412957E-03
5.67485537702238E-03
5.81286346468652E-03
4.66530796544285E-03
4.12048628137167E-03
2.72205528788217E-03
2.62201277599277E-03
2.52320325433272E-03
2.42566223188922E-03
2.32942610547538E-03
2.11374664814644E-03
2.02528789495402E-03
1.71666656160701E-03
1.58780280578793E-03
1.46501427641631E-03
1.49266216669964E-03
1.4206026597141E-03
1.43699861126556E-03
1.32192498392157E-03
1.21276175720446E-03
1.14638719997012E-03
9.41978083584885E-04
1.01823112295335E-03
9.56529665279088E-04
8.38630132901214E-04
8.11048243375991E-04
6.55384766184295E-04
6.79647028289076E-04
6.0825130213067E-04
5.82026828840547E-04
5.17364171928899E-04
4.40615151253465E-04
3.64401037535687E-04
3.31368406844549E-04
3.28449249173587E-04
3.23981493223698E-04
3.17997583366954E-04
3.22482082585215E-04
3.23998417815597E-04
2.80996794849768E-04
2.60560289873583E-04
2.40397701335845E-04
2.3690565360743E-04
2.08581752001277E-04
1.75414385757473E-04
1.63726456677694E-04
1.29694383828164E-04
1.04933575175722E-04
9.16173716482245E-05
7.18265564982984E-05
6.10735815525135E-05
5.87578494768919E-05
5.24351203752662E-05
4.21143744011802E-05
3.03250955499348E-05
2.301710871855E-05
1.61058084329551E-05
1.63866936097693E-05
1.01690683393891E-05
6.49173376195327E-06
9.83381758553574E-06
5.61960183960601E-06
2.58901383758842E-06
9.08368341040306E-07
1.50892352602365E-07
1.86653281499976E-08
1.48610230991642E-09
5.40568465689949E-11
5.81207981225995E-14
1.33576146329063E-19
4.32056642255649E-37
0
0
0
0
0
0
0
0
0
0
0
0
0
0
0
0
0
0
0
0
0
0
0
0
0
0
0
0
0
0
0
0
0
0
0
0
0
0
0
0
0
0
0
0
0
0
0
0
0
0
0
0
0
0
0
0
0
0
0
0
0
0
0
0
0
0
0
0
0
0
0
0
0
0
0
0
0
0
0
0
0
0
0
0
0
0
0
0
0
0
0
0
0
0
0
0
0
0
0
0
0
0
0
0
0
0
0
0
0
0
0
0
0
0
0
0
0
0
0
0
0
0
0
0
0
0
0
0
0
0
0
0
0
0
0
0
0
0
0
0
0
0
0
0
0
0
0
0
0
0
0
0
0
0
0
0
0
0
0
0
0
0
0
0
0
0
0
0
0
0
0
0
0
0
0
0
0
0
0
0
0
0
0
0
0
0
0
0
0
0
0
0
0
0
0
0
0
0
0
0
0
0
0
0
0
0
0
0
0
0
0
0
0
0
0
0
0
0
0
0
0
0
0
0
0
0
0
0
0
0
0
""
