0
0
0
0
0
0
0
0
0
0
0
0
0
0
0
0
0
0
0
0
0
0
0
0
0
0
0
0
0
0
0
0
0
0
0
0
0
0
0
0
0
0
0
0
0
0
0
0
0
0
0
0
0
0
0
0
0
0
0
0
0
0
0
0
0
0
0
0
0
0
0
0
0
0
0
0
0
0
0
0
0
0
0
0
0
0
0
0
0
0
0
0
0
0
0
0
0
0
0
0
0
0
0
0
0
0
0
0
0
0
0
0
0
0
0
0
0
0
0
0
0
0
0
0
0
0
0
0
0
0
0
0
0
0
0
0
0
0
0
0
0
0
0
0
0
0
0
0
0
0
0
0
0
0
0
0
0
0
0
0
0
0
0
0
0
0
0
0
0
0
0
0
0
0
0
0
0
0
0
0
0
0
0
0
0
0
0
0
0
0
0
0
0
0
0
0
0
0
0
0
0
0
0
0
0
0
0
0
0
0
0
0
0
0
0
0
0
0
0
0
0
0
0
0
0
0
0
0
0
0
0
0
0
0
0
0
0
0
0
0
0
0
0
0
0
0
0
0
0
0
0
0
0
0
0
0
0
0
0
0
0
0
0
0
0
0
0
0
0
0
0
0
0
0
0
0
0
0
0
0
0
0
0
0
0
0
0
0
0
0
0
0
0
0
0
0
0
0
0
0
0
0
0
0
0
0
0
0
0
0
0
0
0
0
0
0
0
0
0
0
0
0
0
0
0
0
0
0
0
0
0
0
0
0
0
0
0
0
0
0
0
0
0
0
0
0
0
0
0
0
0
0
0
0
0
0
0
0
0
0
0
0
0
0
0
0
0
0
0
0
0
0
0
0
0
0
0
0
0
0
0
0
0
0
0
0
0
0
0
0
0
0
0
0
0
0
0
0
0
0
0
0
0
0
0
0
0
0
0
0
0
0
0
0
0
0
0
0
0
0
0
0
0
0
0
0
0
0
0
0
0
0
0
0
0
0
0
0
0
0
0
0
0
0
0
0
0
0
0
0
0
0
0
0
0
0
0
0
0
0
0
0
0
0
0
0
0
0
0
0
0
0
3.83101575238146E-36
4.20527844416693E-19
1.45777591001832E-13
8.35347328846915E-11
3.61407313763743E-09
4.38753205404162E-08
2.67014195547673E-07
8.96955515387149E-07
2.37668532663877E-06
5.53021123836827E-06
1.15073112891428E-05
2.21427639676247E-05
3.47925123715044E-05
4.48314227809312E-05
6.46006593354941E-05
8.49562692276943E-05
1.07427443480132E-04
1.2447678782914E-04
1.64828428382012E-04
1.80971423927719E-04
2.17910678898223E-04
2.58137072600626E-04
3.19206771921558E-04
4.0909385583787E-04
4.90057142141316E-04
5.5369261617803E-04
6.20217108345817E-04
7.5505613773185E-04
7.9725437347928E-04
8.74608430124678E-04
9.54078133348007E-04
9.88397283236951E-04
1.01688907573603E-03
9.84473331130629E-04
9.37674020065656E-04
1.0011603822357E-03
1.06544370284524E-03
1.20108052502864E-03
1.19602732737674E-03
1.34104293036972E-03
1.49483893791004E-03
1.48295356566253E-03
1.46301999790609E-03
0.001530583864568
1.59835844395709E-03
1.77043728199257E-03
1.84274098275873E-03
1.9151222024016E-03
1.98753982298138E-03
2.05995607241945E-03
2.00690471715268E-03
2.07496333459193E-03
2.14293052418014E-03
2.07260722270762E-03
2.13608597938897E-03
2.49266888195539E-03
2.86592476168352E-03
3.10072616258874E-03
3.50286303322093E-03
3.75800277651321E-03
3.68602486178282E-03
4.1204577718366E-03
4.21939618420651E-03
4.49783073306546E-03
4.60000762833978E-03
4.51365248380685E-03
4.61084097521863E-03
4.90371025376174E-03
4.80380510704969E-03
5.10371008089555E-03
5.61917620126025E-03
5.72578023959672E-03
5.39982531269525E-03
5.49746532495666E-03
0.005594562589664
5.23582290520313E-03
6.48156138718509E-03
6.82375558134109E-03
6.45562076415092E-03
7.28608934247882E-03
7.39858598647323E-03
7.51039864100789E-03
7.62152442877176E-03
7.47422878828081E-03
7.8417055813603E-03
7.95075679510113E-03
8.3277498824729E-03
7.89454640120675E-03
7.99794251874138E-03
7.82132987098698E-03
0.012162634957756
1.34583277044586E-02
1.07233200124042E-02
1.11441896773955E-02
1.12743514494486E-02
1.14036246455896E-02
2.30640185109181E-02
2.27053525985641E-02
2.14011003968656E-02
2.00620348480245E-02
1.42539460786607E-02
1.47207395129433E-02
1.16371607822286E-02
1.20793730846288E-02
1.84610341376271E-02
1.33131931268571E-02
1.31030279490507E-02
1.28856893104889E-02
1.26612477227902E-02
1.27750451258963E-02
1.18430135045129E-02
1.19460094135111E-02
1.24025785836181E-02
1.25069861340204E-02
1.47724009035735E-02
1.45295765174004E-02
1.53784403315713E-02
1.36546380121669E-02
1.37607523497585E-02
1.34912603149418E-02
1.58583310578924E-02
1.55955180771733E-02
1.30272629054106E-02
1.27349719071545E-02
1.51569154619371E-02
1.52625201175118E-02
1.53672362027871E-02
1.46776766673763E-02
1.39766721933935E-02
1.28624096327686E-02
2.38681204662296E-02
2.32056036293433E-02
2.37605489417583E-02
2.51436379520954E-02
2.57110478587237E-02
2.29446392297876E-02
2.30798491057064E-02
2.06814017136919E-02
0.020375168852461
2.04899242832872E-02
1.88866327789959E-02
9.06333530299232E-03
8.67821325010529E-03
0.010032863832707
1.09622458980072E-02
1.36631189304487E-02
1.10744823319416E-02
0.010684569927959
1.02897203680825E-02
1.07890921078715E-02
1.08405480073524E-02
1.22529009400503E-02
1.32214031370364E-02
1.37396229829046E-02
1.33412207855196E-02
1.29380846927922E-02
1.29943664090666E-02
1.30500241094328E-02
1.40411336300018E-02
1.40994305307817E-02
1.51008636254821E-02
1.51616226472256E-02
1.90270873555908E-02
1.76686627015002E-02
1.72570837105288E-02
0.017322236169913
1.69036280912729E-02
1.69654159404705E-02
1.75128960360854E-02
1.75748508784945E-02
1.81258959131222E-02
0.019171061098605
2.12084633757387E-02
0.018804387831275
1.88655701422301E-02
1.99220106058927E-02
1.79861757935443E-02
1.80417442772905E-02
0.021615281952912
2.26881105637757E-02
2.47772098398866E-02
2.89054014034075E-02
2.94956171008346E-02
3.21272152441447E-02
3.22146929777103E-02
0.031275354589867
2.72449146587533E-02
3.40148900910673E-02
3.20339814272765E-02
4.19543539265053E-02
4.20560687158387E-02
5.10035448809768E-02
0.033907628288657
3.50306269836408E-02
3.40608068818166E-02
3.57107116847262E-02
3.68396359249805E-02
3.74440779451723E-02
4.12198896871729E-02
4.07727895738639E-02
4.08524462825175E-02
3.29569452213891E-02
3.51485570342893E-02
3.41454103119173E-02
0.024051062594935
3.80128290953716E-02
3.53953868628501E-02
3.59906178891388E-02
0.034972011222788
2.96376499002933E-02
4.26346932106194E-02
0.041616254589345
4.27579517285504E-02
4.33589463982438E-02
4.34169313994502E-02
4.34731465960094E-02
4.40716868542438E-02
3.48642139530617E-02
3.70864970668933E-02
0.036582258497575
0.038808310946414
3.88487770699896E-02
0.038887672267135
3.83767571165242E-02
0.043350693379826
4.28395027178012E-02
4.28753290554958E-02
4.23593085130395E-02
4.18407318342301E-02
2.64445858378951E-02
0.023705885752394
0.02316923010732
1.37993718228214E-02
1.43592612632689E-02
1.49191619812791E-02
1.43733641764267E-02
1.38264927933803E-02
1.27253386274102E-02
1.27297948454901E-02
1.21801010612362E-02
1.27371801416428E-02
1.32940270020933E-02
1.32965522304984E-02
1.38526523588945E-02
1.44083431934295E-02
1.66261759248248E-02
1.77351215706941E-02
1.82891643214311E-02
0.019396633160228
2.10573125429904E-02
2.10545823056553E-02
2.32669069039791E-02
2.32620300931793E-02
2.32562237011842E-02
2.21423692718324E-02
2.15816920469937E-02
2.10205388209837E-02
2.04589760000694E-02
2.10024627676218E-02
1.98873125462502E-02
2.04288905593889E-02
2.04172243857325E-02
2.20591777160729E-02
2.03914355785657E-02
1.98265747857458E-02
1.98120372225867E-02
2.91451461189172E-02
3.40665410223496E-02
5.21540626298873E-02
5.43012821436303E-02
5.20584172044786E-02
4.81753141859851E-02
4.59385952982875E-02
0.039880425667737
3.98364093430878E-02
3.97907779267583E-02
3.75658037017069E-02
3.91509073513312E-02
3.96441934615345E-02
3.03720234579848E-02
3.14140677540851E-02
3.19109778837844E-02
3.18649609798725E-02
3.18176389195063E-02
2.74613491139932E-02
2.74181872753673E-02
2.79106403742919E-02
0.027864331700114
2.72819329137255E-02
2.77682636023712E-02
2.66524078693319E-02
0.025539318016714
2.54912627069442E-02
2.38520115161172E-02
2.64499653499081E-02
2.63965896331768E-02
2.58152656907676E-02
1.52461815821399E-02
0.01573789558122
1.46563344549572E-02
1.51456092876651E-02
1.56318641229875E-02
1.76745518352292E-02
1.65950481725983E-02
1.81065017978072E-02
1.75453552635214E-02
1.75007848977114E-02
1.79688579633782E-02
0.018945508918822
0.018894548943802
1.88427698438983E-02
1.82823290609905E-02
1.77239564166954E-02
1.71677182513489E-02
1.66136809096511E-02
1.65638454520486E-02
1.30104621501865E-02
0.013468893618758
1.34263243245887E-02
1.33831565541054E-02
1.23512872196037E-02
1.13253917836119E-02
1.12870892141269E-02
1.17373319196232E-02
9.25957011210301E-03
9.7122780029043E-03
1.06449157178811E-02
1.15700041229944E-02
1.10465548451566E-02
1.10046780561998E-02
1.04856687866112E-02
9.96987855537766E-03
9.45737391017812E-03
8.4772623998879E-03
8.4424876871588E-03
8.8743851310777E-03
9.30192874320547E-03
8.79885613235221E-03
9.22153308378683E-03
9.1806663266076E-03
1.32520623531438E-02
1.36463908982842E-02
0.013583081792281
1.57722860859859E-02
1.61453426932326E-02
1.65132616645058E-02
1.86523938774623E-02
2.03265935661009E-02
2.15422577794131E-02
2.14311759259563E-02
2.26242392794716E-02
3.59198818648447E-02
3.57261324895869E-02
0.03595859562705
3.57587335818678E-02
1.65085979890307E-02
2.10436513654795E-02
2.00844537906125E-02
2.07978323132384E-02
1.94328355270191E-02
0.010684697918056
1.06187283692375E-02
1.13638754546734E-02
1.12915626685597E-02
1.16192795002873E-02
1.11450309269322E-02
1.14661968754525E-02
1.21740915120101E-02
0.012480524393622
1.23935152038238E-02
0.012305775835486
1.45080503310151E-02
1.40231197494097E-02
1.54239042189454E-02
1.82946116847285E-02
1.92661622963735E-02
3.05127802304515E-02
3.06366151474098E-02
0.030752689625665
3.12197805640932E-02
3.27406560375815E-02
3.21122851905239E-02
0.03393687633535
3.39887540529151E-02
3.40322578704807E-02
3.33859696699758E-02
3.30811677643581E-02
0.033442948783373
3.31272792953297E-02
3.28092831290035E-02
3.24889583438073E-02
3.21663031178504E-02
3.18413157645821E-02
3.15139947508706E-02
0.031184338716633
3.08523464961413E-02
3.05180171411405E-02
3.01813499459259E-02
2.98423444745396E-02
2.95010005902589E-02
2.91573184875644E-02
2.88112987267906E-02
2.78936834262489E-02
2.64255154982891E-02
2.58160796202297E-02
2.49375210700645E-02
2.65052615733865E-02
0.025618729896467
2.23752714509563E-02
2.20653249207577E-02
1.97060356004373E-02
1.96739402953781E-02
2.48514527495309E-02
2.44776201373246E-02
2.41015127332388E-02
2.37231420282715E-02
2.33425209292045E-02
2.11228907736205E-02
1.73824320054639E-02
1.88592120453663E-02
1.24247731485785E-02
1.24156117419492E-02
2.03820971372221E-02
2.02042748968587E-02
1.71858645806239E-02
1.68458742653166E-02
1.63100089400288E-02
1.59706755463469E-02
1.52575876207959E-02
1.58331653530991E-02
1.40536581726892E-02
1.37286767016959E-02
1.35719972312686E-02
1.34057297700115E-02
1.32298867321477E-02
1.28873267919261E-02
1.25436262472281E-02
1.20500986579406E-02
1.15640307524302E-02
1.12258735705474E-02
0.010750875088016
1.04155646409687E-02
9.95214651826911E-03
9.62018987357634E-03
9.28799203024444E-03
6.20010373761674E-03
5.97011258729625E-03
5.31509257768013E-03
5.10259453305151E-03
4.89052507787614E-03
4.58545276016502E-03
5.98749764222279E-03
5.36564268106509E-03
4.2117079548153E-03
5.99399978742781E-03
0.005672842008472
5.35446987797135E-03
5.03929623376274E-03
4.84899236559744E-03
4.64705147830829E-03
4.27598126750088E-03
3.82006367301599E-03
3.93543709025912E-03
3.61722832573284E-03
3.30697914444622E-03
2.97095660573434E-03
2.71365838250493E-03
1.76135677707365E-03
1.54110562071051E-03
1.33578774205153E-03
1.18384783582836E-03
1.02030341121008E-03
8.39761797090677E-04
6.44804636744794E-04
5.21075128328704E-04
3.89104465776063E-04
2.32864922936184E-04
1.82962787121417E-04
1.354336603618E-04
9.37938819174731E-05
5.67605074537542E-05
3.71609032061508E-05
2.24941919873521E-05
1.16478627708968E-05
9.48142645164767E-06
3.64624018584156E-06
1.33352830345968E-06
2.78391645187427E-07
4.39268107517699E-08
2.06392924743734E-09
1.67952601950014E-11
2.86584409574788E-15
3.86256015947201E-24
4.82949464470143E-70
0
0
0
0
0
0
0
0
0
0
0
0
0
0
0
0
0
0
0
0
0
0
0
0
0
0
0
0
0
0
0
0
0
0
0
0
0
0
0
0
0
0
0
0
0
0
0
0
0
0
0
0
0
0
0
0
0
0
0
0
0
0
0
0
0
0
0
0
0
0
0
0
0
0
0
0
0
0
0
0
0
0
0
0
0
0
0
0
0
0
0
0
0
0
0
0
0
0
0
0
0
0
0
0
0
0
0
0
0
0
0
0
0
0
0
0
0
0
0
0
0
0
0
0
0
0
0
0
0
0
0
0
0
0
0
0
0
0
0
0
0
0
0
0
0
0
0
0
0
0
0
0
0
0
0
0
0
0
0
0
0
0
0
0
0
0
0
0
0
0
0
0
0
0
0
0
0
0
0
0
0
0
0
0
0
0
0
0
0
0
0
0
0
0
0
0
0
0
0
0
0
0
0
0
0
0
0
0
0
0
0
0
0
0
0
0
0
0
0
0
0
0
0
0
0
0
0
0
0
0
0
0
0
0
0
0
0
0
0
0
0
0
0
0
0
0
0
0
0
0
0
0
0
0
0
0
0
0
0
0
0
0
0
0
0
0
0
0
0
0
0
0
0
0
0
0
0
0
0
0
0
0
0
0
0
0
0
0
0
0
0
0
0
0
0
0
0
0
0
0
0
0
0
0
0
0
0
0
0
0
0
0
0
0
0
0
0
0
0
0
0
0
0
0
0
0
0
0
0
0
0
0
0
0
0
0
0
0
0
0
0
0
0
0
0
0
0
0
0
0
0
0
0
0
0
0
0
0
0
0
0
0
0
0
0
0
0
0
0
0
0
0
0
0
0
0
0
0
0
0
0
0
0
0
0
0
0
0
0
0
0
0
0
0
0
0
0
0
0
0
0
0
0
0
0
0
0
0
0
0
0
0
0
0
0
0
0
0
0
0
0
0
0
0
0
0
0
0
0
0
0
0
0
0
0
0
0
0
0
0
0
0
0
0
0
0
0
0
0
0
0
0
0
0
0
0
0
0
0
0
0
0
0
0
0
0
0
0
0
0
0
0
0
0
""
