0
0
0
0
0
0
0
0
0
0
0
0
0
0
0
0
0
0
0
0
0
0
0
0
0
0
0
0
0
0
0
0
0
0
0
0
0
0
0
0
0
0
0
0
0
0
0
0
0
0
0
0
0
0
0
0
0
0
0
0
0
0
0
0
0
0
0
0
0
0
0
0
0
0
0
0
0
0
0
0
0
0
0
0
0
0
0
0
0
0
0
0
0
0
0
0
0
0
0
0
0
0
0
0
0
0
0
0
0
0
0
0
0
0
0
0
0
0
0
0
0
0
0
0
0
0
0
0
0
0
0
0
0
0
0
0
0
0
0
0
0
0
0
0
0
0
0
0
0
0
0
0
0
0
0
0
0
0
0
0
0
0
0
0
0
0
0
0
0
0
0
0
0
0
0
0
0
0
0
0
0
0
0
0
0
0
0
0
0
0
0
0
0
0
0
0
0
0
0
0
0
0
0
0
0
0
0
0
0
0
0
0
0
0
0
0
0
0
0
0
0
0
0
0
0
0
0
0
0
0
0
0
0
0
0
0
0
0
0
0
0
0
0
0
0
0
0
0
0
0
0
0
0
0
0
0
0
0
0
0
0
0
0
0
0
0
0
0
0
0
0
0
0
0
0
0
0
0
0
0
0
0
0
0
0
0
0
0
0
0
0
0
0
0
0
0
0
0
0
0
0
0
0
0
0
0
0
0
0
0
0
0
0
0
0
0
0
0
0
0
0
0
0
0
0
0
0
0
0
0
0
0
0
0
0
0
0
0
0
0
0
0
0
0
0
0
0
0
0
0
0
0
0
0
0
0
0
0
0
0
0
0
0
0
0
0
0
0
0
0
0
0
0
0
0
0
0
0
0
0
0
0
0
0
0
0
0
0
0
0
0
0
0
0
0
0
0
0
0
6.73539507693294E-251
1.62554656965249E-26
2.3593468733817E-15
2.26962823181214E-11
1.89378772683515E-09
3.07641945207726E-08
2.3264120649448E-07
8.69086669378486E-07
2.40404736078816E-06
5.53596281237382E-06
1.0365561193881E-05
1.98061671744171E-05
3.02582732565367E-05
5.74518036993891E-05
8.12189374979019E-05
1.06034383024956E-04
1.38586405288064E-04
1.69413245034971E-04
2.01810130796177E-04
2.44917975358667E-04
3.03733739741928E-04
3.43024422425423E-04
4.61262293441255E-04
5.65065960021983E-04
6.82441272993209E-04
7.20877817253789E-04
7.78279629719125E-04
9.48367483568754E-04
9.80669721982877E-04
1.03873302283166E-03
1.13106126773474E-03
1.14412341581733E-03
1.01424330869757E-03
9.95503246579883E-04
1.06635782023063E-03
1.19273391646523E-03
1.26960842517372E-03
1.34767516385818E-03
1.4268546841899E-03
1.50707283626726E-03
1.58826040440487E-03
1.4425773843384E-03
1.51420460150203E-03
1.75351367345103E-03
1.83413462801426E-03
1.91541031866431E-03
2.28262474027475E-03
2.37685977622465E-03
2.36871366048595E-03
2.35318189258338E-03
2.55207972423537E-03
2.87443870200969E-03
2.85633739064363E-03
2.9536359946588E-03
3.17846502029609E-03
3.41182818865224E-03
3.51841659173448E-03
3.48590483554765E-03
3.58901463697608E-03
3.69239837779878E-03
1.00215282441103E-02
1.24796746677144E-02
1.28127128301998E-02
1.28177006661937E-02
1.31435425307022E-02
1.34698661728885E-02
1.37966197911448E-02
1.52101966624166E-02
0.015562854345338
1.59158229530472E-02
0.016462735574611
1.68203974038087E-02
0.017380336771504
1.79488389815955E-02
0.018315347200201
1.88966546565894E-02
1.92674688561548E-02
1.98614374371802E-02
2.06911656671353E-02
1.92217889804436E-02
1.98071137117817E-02
0.02088074465557
2.12468130815876E-02
2.28547961771007E-02
2.34940889073793E-02
1.28412341396135E-02
1.27900592705724E-02
1.00781750875826E-02
8.89036358811881E-03
9.02849713877377E-03
9.44426405258895E-03
1.07140869620797E-02
1.14448853769177E-02
1.53853524788374E-02
1.53115057247689E-02
1.73193221902762E-02
1.42297370758327E-02
1.47314833216735E-02
1.49301799499533E-02
1.44982203121865E-02
0.014049444981685
1.29370328437949E-02
1.31015710563312E-02
1.39291215830163E-02
1.64515084382947E-02
1.63121787491787E-02
1.65082340797884E-02
1.63559230119399E-02
0.018659569561387
0.012464492195889
1.47674292072265E-02
1.52974815801617E-02
1.84130926539669E-02
2.49433868454149E-02
2.52126437226588E-02
2.58616232263283E-02
3.22827822161319E-02
0.032618083631186
3.49140684337522E-02
0.03407886358939
3.40194857528589E-02
0.032738818146944
3.30582721297899E-02
3.58492850732799E-02
3.66066458029551E-02
3.69510490914255E-02
0.037294545138766
3.76371235425536E-02
3.84103510187733E-02
4.00612813498451E-02
0.028994438213373
3.01348626155885E-02
2.81609258460514E-02
2.84020881711208E-02
2.54600391672097E-02
2.56731438193746E-02
2.63478516562433E-02
2.60974278026224E-02
2.48992064725324E-02
2.55719951488873E-02
0.025297045598918
2.59760570239102E-02
2.66618772551699E-02
0.026865992133637
2.70694344330335E-02
4.11562274122201E-02
4.19607189790468E-02
4.22683012834581E-02
4.35885109804725E-02
4.39012405120168E-02
4.31846638771793E-02
4.34879644286346E-02
3.96196826528822E-02
3.98921193694771E-02
4.01635569975238E-02
4.04339889131164E-02
3.85611238896621E-02
2.58769322522772E-02
2.71310427678609E-02
3.00368959682069E-02
2.85800449694028E-02
3.48448827555164E-02
3.50630709723915E-02
5.60006083051376E-02
5.63441499130358E-02
5.66862850195112E-02
5.70270056739996E-02
5.73663039887262E-02
5.77041721377692E-02
5.80406023561622E-02
5.83755869390316E-02
5.87091182407699E-02
5.90411886742413E-02
5.93717907100198E-02
5.97009168756575E-02
3.54168502554396E-02
3.44021858328319E-02
0.035800826097747
3.47714337458125E-02
3.25018005697349E-02
3.94523322543988E-02
4.27543731510174E-02
4.48415398466363E-02
4.81984831042461E-02
4.52947688279407E-02
4.36230524937175E-02
4.19315608416043E-02
4.40509472692182E-02
4.36217703898076E-02
4.31853796854214E-02
4.14466116072843E-02
5.40025190218267E-02
5.35989883280631E-02
5.38447719916659E-02
5.40892319652555E-02
5.30071834138444E-02
5.45741598820255E-02
5.41461464958844E-02
5.37109566226389E-02
5.32686345381638E-02
5.55279029975276E-02
5.57629522742481E-02
5.59966369209062E-02
5.62289519874122E-02
5.64598925602558E-02
5.80721233663002E-02
5.69176307528258E-02
5.71444187269732E-02
5.38716535918562E-02
5.47843545095404E-02
5.14706984890974E-02
2.83110173761319E-02
2.77077676847973E-02
2.63853825494226E-02
3.00620869796543E-02
4.02299582610654E-02
3.82131484463646E-02
3.61797994319501E-02
2.03328053948507E-02
1.96757004220912E-02
2.04755602152152E-02
2.27475723338422E-02
0.025034116286238
2.43798918541823E-02
2.59438828613509E-02
2.37985622436132E-02
2.46225663213574E-02
2.24566096724868E-02
1.80228208219319E-02
2.03399089098735E-02
2.11593447255497E-02
1.97088733259172E-02
1.67278766783544E-02
0.017541275670723
1.68289424285762E-02
1.61116471109526E-02
1.38504996094546E-02
1.54340922243196E-02
1.39305325957703E-02
1.47461613333978E-02
1.55658079409957E-02
0.015608967224567
1.56517520607847E-02
1.33400373431067E-02
1.25889559370037E-02
1.42000661079195E-02
1.42372166980115E-02
0.014274026446292
0.013515467128838
1.51436549107347E-02
1.59804480216374E-02
0.014417842216481
1.44529367164204E-02
1.44876860102892E-02
1.69424376291697E-02
1.69821705439577E-02
1.70214982882411E-02
1.70604200691278E-02
1.70989351022939E-02
1.79530922601731E-02
1.79925866801044E-02
2.45886171439295E-02
2.38199266077911E-02
0.023047176267672
2.63945763910488E-02
0.024795839020624
2.56743788529095E-02
4.39827858958963E-02
4.82271322530738E-02
0.053319739058006
5.67609450431074E-02
5.85409173983738E-02
6.28393508206192E-02
5.87578125201216E-02
7.65234216551235E-02
6.99205429268857E-02
6.83555490100233E-02
6.42469916084241E-02
0.06520318485602
5.76785523640454E-02
6.03225453568301E-02
7.82913108431251E-02
7.84163435800434E-02
6.91489258198477E-02
6.92557392990185E-02
7.02172223084937E-02
6.26037635650411E-02
6.35544368383883E-02
7.39669987183961E-02
7.40716878350461E-02
7.33121313323924E-02
7.51394864056133E-02
7.52400757354457E-02
0.075338888644543
7.54359231659041E-02
0.076399351820864
7.56246493565576E-02
7.39757318165243E-02
7.31922310368389E-02
8.28731447576759E-02
8.12207253094343E-02
8.13110889648869E-02
8.22747999732653E-02
8.76194248264159E-02
8.77104022367994E-02
8.69213202405441E-02
8.78861564730699E-02
8.79709298086901E-02
8.80536316980534E-02
8.81342604994427E-02
8.82128146125311E-02
8.82892924783943E-02
8.83636925795235E-02
8.75516533054388E-02
8.40809409434591E-02
8.14884588016308E-02
8.24356523861659E-02
8.16081182897887E-02
8.25527337420125E-02
0.081720101338347
7.64401758729041E-02
7.64880252151286E-02
6.31851097431259E-02
0.063221643780049
0.061474813324325
8.91412022855735E-02
8.91863775622076E-02
8.92294572890425E-02
8.92704406127029E-02
8.93093267213999E-02
6.16488192430076E-02
3.48585136593423E-02
4.02360274186959E-02
4.20386255865481E-02
4.29466912990835E-02
6.26489931485707E-02
6.53516060468409E-02
7.52176590199089E-02
7.52344434871248E-02
7.52494613972281E-02
8.78064978617286E-02
8.78198957904897E-02
8.78312318178257E-02
0.086944174028321
8.78477173114386E-02
8.96457820932504E-02
7.88910598701832E-02
7.88919793540629E-02
6.18577525069252E-02
6.54413990371084E-02
6.63339573372112E-02
1.88229529169832E-02
2.06134351237198E-02
1.97146506938379E-02
2.06076233208921E-02
2.06039916089464E-02
1.97042293283278E-02
1.88043832779456E-02
1.87997424596325E-02
1.87946601776174E-02
1.96838573197878E-02
1.96776083781847E-02
2.05650289897296E-02
1.87699185561654E-02
1.96560892417515E-02
0.027685807706481
2.85664499410442E-02
2.58764557633103E-02
2.40802370494284E-02
2.31766269654331E-02
2.22733970233988E-02
2.13706102876122E-02
2.13582571768137E-02
2.04560103025669E-02
2.04432099607973E-02
8.43844894421321E-02
8.61029683450376E-02
8.16077056833755E-02
8.86400230954598E-02
8.85739335527668E-02
8.85057605991821E-02
5.39456584079043E-02
4.24143215562678E-02
6.97481164504802E-02
7.49804229875162E-02
7.49136394236897E-02
7.48450923843736E-02
7.56544865622151E-02
7.55815688078218E-02
7.55068710675477E-02
7.54303948246804E-02
7.27235785190661E-02
7.17710844331751E-02
7.16930867050343E-02
7.16133991915026E-02
0.0872341749711
8.71328794841529E-02
8.70295292012492E-02
8.69241261775584E-02
8.68166725094879E-02
0.086707170334669
8.65956218319419E-02
8.64820292213412E-02
8.63663947640808E-02
0.08624872076254
8.61290095602477E-02
8.60072635418686E-02
8.58834851331878E-02
8.57576768010965E-02
8.56298410535771E-02
8.29349810264986E-02
0.082807054623068
8.18248272137695E-02
7.91413962208209E-02
7.98627212342141E-02
7.97311726774509E-02
8.46784424820242E-02
0.08453448262468
8.43885197705082E-02
8.42405568376293E-02
8.40905967851047E-02
8.39386426129237E-02
7.28926867049333E-02
6.94118742147209E-02
6.92808021733735E-02
6.91480853121896E-02
6.98452169690754E-02
6.97075799452458E-02
6.95682864626841E-02
5.78561160967427E-02
5.69124660961736E-02
0.054324674942316
5.66741392905048E-02
5.65529513296649E-02
0.058066081160809
5.05942809480428E-02
5.12959864907622E-02
0.073927291663414
7.29480838040845E-02
0.062266926042844
0.072609227667598
7.24371984034266E-02
7.14605125185335E-02
0.068884045738209
7.35087642125024E-02
7.41228821940595E-02
5.48559047417029E-02
5.47161007873616E-02
6.80209988311278E-02
6.78434899791136E-02
6.92379459656711E-02
6.98376804992588E-02
0.070431518655973
7.10194079293367E-02
7.39361208931281E-02
7.45054253955125E-02
6.42339300567136E-02
5.40182141220201E-02
6.77121482870598E-02
5.83075943933996E-02
5.50753700881725E-02
4.88094589269797E-02
6.69100551984737E-02
6.51894589626947E-02
6.49879750365618E-02
6.47849244756078E-02
6.30784437356431E-02
0.073356578299145
7.46121102325544E-02
7.43687670863296E-02
7.41236268946502E-02
7.38766947068501E-02
7.36279756140016E-02
7.33774747489896E-02
7.31251972865908E-02
7.28711484435563E-02
7.26153334786989E-02
7.23577576929855E-02
7.20984264296331E-02
7.18373450742106E-02
7.15745190547454E-02
6.77444561497439E-02
6.74914722013289E-02
6.51135776971062E-02
0.043713644601479
3.37125177429194E-02
3.35813924840475E-02
3.34494486001093E-02
4.99750332926516E-02
4.90833591730503E-02
4.81960689721102E-02
3.90848317685793E-02
3.61918753791963E-02
3.40007820829364E-02
5.48490745668627E-02
5.86611346236752E-02
5.70661306032678E-02
6.21658604139908E-02
6.12276179260149E-02
5.96311854792738E-02
5.67259095362215E-02
5.64695147764603E-02
0.054250857430838
5.40007324380102E-02
5.31016967280478E-02
4.96292838140679E-02
4.93935563777971E-02
4.91566111949266E-02
4.76478442359904E-02
5.05756760807421E-02
6.22780982447867E-02
5.94635308303895E-02
5.85410034064136E-02
5.82429597072055E-02
5.79434743984441E-02
5.82557727583893E-02
5.91702120294187E-02
0.038226547020285
3.68149602090764E-02
3.66160008537205E-02
3.88040753330518E-02
0.034434275623117
2.59770844108392E-02
2.64180363026118E-02
3.09377989984222E-02
2.95994874818836E-02
1.90415841855814E-02
1.95037232440746E-02
2.05288500309077E-02
1.92725099044848E-02
1.74659293267794E-02
1.90393730082694E-02
1.94786220572441E-02
1.76981969596197E-02
1.97852914494046E-02
2.02057171453638E-02
2.17038336202874E-02
1.99458728281827E-02
1.98152004491429E-02
2.12800347067724E-02
2.11376983364967E-02
2.20445743020345E-02
2.24152992787991E-02
0.025884409271226
2.57038686250947E-02
2.60331377061699E-02
2.68613115908328E-02
1.66045447147152E-02
0.016483705856818
0.017354117972561
1.42722115972431E-02
1.41649394849616E-02
0.013572577837202
1.44303457522433E-02
1.19319023452549E-02
0.011838218192737
1.17442381642746E-02
0.011649964781847
1.20176166190062E-02
1.14605481826166E-02
0.012729259369959
1.39747865341646E-02
1.38561168939483E-02
0.014180235372147
1.40570304958091E-02
1.43688984870516E-02
1.33780300777949E-02
1.32576735836047E-02
1.14418947245191E-02
1.13365018974646E-02
1.16467874291291E-02
1.15369172327415E-02
1.46915551971427E-02
1.45495731148385E-02
1.32066344292403E-02
1.26796027603561E-02
1.29447306997352E-02
1.20367455838157E-02
1.42187435542335E-02
1.06481047191613E-02
0.01015954696157
1.00510387633337E-02
8.83759512829003E-03
8.74072724273857E-03
8.64365656921236E-03
8.19028727517157E-03
7.74484460265695E-03
8.00329496765101E-03
7.90952686956487E-03
7.81558244763222E-03
7.72146552908131E-03
7.62718002367299E-03
7.53272992740736E-03
7.76151581889615E-03
7.6626285925945E-03
8.19388126975143E-03
7.77539869348149E-03
7.67190977516108E-03
7.56827023968974E-03
6.56874699436649E-03
6.7717151891084E-03
6.9662399552737E-03
6.58012582377145E-03
6.48415805006202E-03
6.94356744461748E-03
6.56546441075644E-03
7.27312831631678E-03
8.22074343940782E-03
8.09074365439817E-03
8.21743271874558E-03
8.08302976874688E-03
8.1969276430679E-03
7.81396078427066E-03
7.67931445535839E-03
8.95922115873586E-03
8.56763912594585E-03
8.63912651736477E-03
9.14842025751767E-03
1.09459245350357E-02
1.05205299954394E-02
9.68259601550496E-03
9.69508886218987E-03
9.90128014088582E-03
9.29928107450918E-03
0.006584075344027
6.44110062788933E-03
6.29823321138292E-03
1.30351590668444E-02
1.36174407328555E-02
1.31222183446602E-02
1.28042651380604E-02
9.20078653378229E-03
8.96723664202916E-03
8.89007942171965E-03
7.74240036699031E-03
0.007973987679289
7.75068283838134E-03
5.85508782789955E-03
5.81766191421128E-03
5.2478001997186E-03
5.33860103184546E-03
5.53676516941936E-03
4.8783947689581E-03
4.94280091663754E-03
3.99353178598216E-03
3.95657333194117E-03
3.60357596687831E-03
3.26725610116908E-03
3.04260759307404E-03
2.91783482628523E-03
3.14324214687958E-03
3.50588358805598E-03
3.42572370642629E-03
3.26363136342641E-03
2.95885586066448E-03
2.9445185418522E-03
2.85257371052955E-03
2.93915998695367E-03
2.07663784564628E-03
1.84247660483986E-03
1.77641388180439E-03
1.65833898104137E-03
1.58667205843966E-03
1.55187309653577E-03
1.39415338603603E-03
1.38411267364943E-03
1.26454144631793E-03
9.1898012661259E-04
6.48077844706322E-04
5.57648927356294E-04
5.16553235213343E-04
4.37062120404339E-04
3.81348879816384E-04
3.15236321954127E-04
2.45029754454866E-04
2.05460997895561E-04
1.77335747602763E-04
1.36613859840865E-04
1.07595808762601E-04
8.23043067020325E-05
6.0774099039873E-05
4.50214693935389E-05
2.87942342786067E-05
1.80184698672892E-05
9.82917174381104E-06
5.00602830779752E-06
2.17099166631564E-06
7.49246659902346E-07
1.93164763277228E-07
2.63134386474618E-08
1.47698811510044E-09
1.25011027144381E-11
1.20531465460254E-15
6.49082297668093E-27
2.59527468259979E-269
0
0
0
0
0
0
0
0
0
0
0
0
0
0
0
0
0
0
0
0
0
0
0
0
0
0
0
0
0
0
0
0
0
0
0
0
0
0
0
0
0
0
0
0
0
0
0
0
0
0
0
0
0
0
0
0
0
0
0
0
0
0
0
0
0
0
0
0
0
0
0
0
0
0
0
0
0
0
0
0
0
0
0
0
0
0
0
0
0
0
0
0
0
0
0
0
0
0
0
0
0
0
0
0
0
0
0
0
0
0
0
0
0
0
0
0
0
0
0
0
0
0
0
0
0
0
0
0
0
0
0
0
0
0
0
0
0
0
0
0
0
0
0
0
0
0
0
0
0
0
0
0
0
0
0
0
0
0
0
0
0
0
0
0
0
0
0
0
0
0
0
0
0
0
0
0
0
0
0
0
0
0
0
0
0
0
0
0
0
0
0
0
0
0
0
0
0
0
0
0
0
0
0
0
0
0
0
0
0
0
0
0
0
0
0
0
0
0
0
0
0
0
0
0
0
0
0
0
0
0
0
0
0
0
0
0
0
0
0
0
0
0
0
0
0
0
0
0
0
0
0
0
0
0
0
0
0
0
0
0
0
0
0
0
0
0
0
0
0
0
0
0
0
0
0
0
0
0
0
0
0
0
0
0
0
0
0
0
0
0
0
0
0
0
0
0
0
0
0
0
0
0
0
0
0
0
0
0
0
0
0
0
0
0
0
0
0
0
0
0
0
0
0
0
0
0
0
0
0
0
0
0
0
0
0
0
0
0
0
0
0
0
0
0
0
0
""
