0
0
0
0
0
0
0
0
0
0
0
0
0
0
0
0
0
0
0
0
0
0
0
0
0
0
0
0
0
0
0
0
0
0
0
0
0
0
0
0
0
0
0
0
0
0
0
0
0
0
0
0
0
0
0
0
0
0
0
0
0
0
0
0
0
0
0
0
0
0
0
0
0
0
0
0
0
0
0
0
0
0
0
0
0
0
0
0
0
0
0
0
0
0
0
0
0
0
0
0
0
0
0
0
0
0
0
0
0
0
0
0
0
0
0
0
0
0
0
0
0
0
0
0
0
0
0
0
0
0
0
0
0
0
0
0
0
0
0
0
0
0
0
0
0
0
0
0
0
0
0
0
0
0
0
0
0
0
0
0
0
0
0
0
0
0
0
0
0
0
0
0
0
0
0
0
0
0
0
0
0
0
0
0
0
0
0
0
0
0
0
0
0
0
0
0
0
0
0
0
0
0
0
0
0
0
0
0
0
0
0
0
0
0
0
0
0
0
0
0
0
0
0
0
0
0
0
0
0
0
0
0
0
0
0
0
0
0
0
0
0
0
0
0
0
0
0
0
0
0
0
0
0
0
0
0
0
0
0
0
0
0
0
0
0
0
0
0
0
0
0
0
0
0
0
0
0
0
0
0
0
0
0
0
0
0
0
0
0
0
0
0
0
0
0
0
0
0
0
0
0
0
0
0
0
0
0
0
0
0
0
0
0
0
0
0
0
0
0
0
0
0
0
0
0
0
0
0
0
0
0
0
0
0
0
0
0
0
0
0
0
0
0
0
0
0
0
0
0
0
0
0
0
0
0
0
0
0
0
0
0
0
0
0
0
0
0
0
0
0
0
0
0
0
0
0
0
0
0
0
0
0
0
0
0
0
0
0
0
1.14663362828169E-49
6.86284514279253E-21
5.54831745031496E-14
7.04405159838404E-11
4.08670950559564E-09
5.60647297490994E-08
3.49190247179825E-07
1.34679366651861E-06
3.79965949459173E-06
8.47062460049395E-06
1.66783619791839E-05
2.92780044582455E-05
4.66216791459981E-05
6.93450238611786E-05
9.77004548382607E-05
1.04082517042856E-04
1.43975642022078E-04
1.81805276729198E-04
2.1324402666182E-04
2.47479233141888E-04
2.93048101684553E-04
3.460765355024E-04
4.38866169711008E-04
5.33641899906801E-04
5.93784409161852E-04
6.61878107250069E-04
7.47894978778167E-04
8.38604513486032E-04
9.14571228142013E-04
7.51547160475687E-04
7.65560948132525E-04
7.37193685155834E-04
5.81258002966903E-04
1.15513165588007E-03
1.21077988210729E-03
1.3418742144795E-03
1.4145062337338E-03
1.12801488612376E-03
7.1680690008543E-04
7.48345037839998E-04
7.94640970463167E-04
7.03749841579266E-04
7.85816276760517E-04
8.2073928638396E-04
8.82139588453124E-04
9.14913875712197E-04
8.80116765613833E-04
1.04261733338887E-03
1.10899683253956E-03
1.21623353445838E-03
1.28813509512111E-03
1.40554564623466E-03
1.34396331933793E-03
1.36673915000673E-03
1.48849939388157E-03
1.61665701870654E-03
1.75130769256951E-03
1.83340086034486E-03
1.91678610083836E-03
2.25967385697835E-03
2.42394014384754E-03
2.59515514835744E-03
2.55443829519983E-03
2.80698420298363E-03
2.36339148959878E-03
2.61531979819387E-03
2.71073618139475E-03
2.54399645298609E-03
2.99535436089212E-03
2.90911649107318E-03
2.61753034783608E-03
2.80214855655304E-03
2.89058296906631E-03
3.08617561899993E-03
3.17927436325095E-03
3.38595660855278E-03
3.36760439419797E-03
3.70160490090562E-03
3.92676649035362E-03
4.15925762978239E-03
4.26973440902973E-03
4.11537786039301E-03
4.22040682819182E-03
4.32602977440923E-03
4.14627729496712E-03
4.24614362086708E-03
3.7469939311926E-03
3.83393848919489E-03
3.92128830549617E-03
3.84866853178619E-03
4.09714941127595E-03
4.52048512970881E-03
4.44545081879057E-03
4.36364971697792E-03
4.63128184613418E-03
4.90641608114961E-03
5.00375327673308E-03
5.10140749708515E-03
5.3919360025974E-03
5.10141161201092E-03
6.39544274706224E-03
6.51254632203676E-03
6.42277210568858E-03
1.64474361208965E-02
0.016735039911613
1.70233053512996E-02
1.57585443713817E-02
1.03804937066044E-02
1.76624050171632E-02
1.79493092838345E-02
1.70525271995143E-02
1.13072496131521E-02
2.00346464786879E-02
0.020590297209616
1.76282542993954E-02
2.14698667973461E-02
2.28236722971085E-02
2.34186312782413E-02
0.021886266568723
1.51583393447818E-02
1.56446322361234E-02
2.03124849022387E-02
2.11531738273245E-02
1.08617021142538E-02
1.07162656811483E-02
9.97647275227333E-03
1.01056369052669E-02
1.02348632988917E-02
9.7544881292015E-03
1.01848382959624E-02
9.68552478552978E-03
9.48725943875252E-03
9.92149818073397E-03
1.10110733845912E-02
1.24511587717681E-02
1.39216992683629E-02
0.02782788776456
2.88219733158109E-02
2.88025642632585E-02
2.94688576353023E-02
3.22456462648979E-02
0.018777826153345
2.43507728284057E-02
2.82281174635937E-02
2.85243222521427E-02
0.029189860342588
2.76231008763003E-02
1.50830394651705E-02
1.52345696085675E-02
1.61552885872128E-02
1.63141554918315E-02
3.45146297164824E-02
3.44509419619715E-02
3.47791648014157E-02
3.43000127478603E-02
3.46200590618222E-02
3.32955443197827E-02
3.60887544766308E-02
3.64152553315204E-02
3.50521113092132E-02
3.53628501401506E-02
3.61029918521316E-02
3.64166628427204E-02
4.02279953526111E-02
4.05705949382802E-02
4.09127015462948E-02
4.12543016662394E-02
3.66220210486103E-02
3.69218506361473E-02
0.036761678379824
1.80652120595339E-02
1.72750755878307E-02
1.69405541770108E-02
1.75469344922912E-02
1.72045933144973E-02
1.87809377642487E-02
1.89232972900487E-02
4.39970374227382E-02
4.43242834030062E-02
4.31625114821015E-02
4.24780866014671E-02
4.53020429269454E-02
4.56265987303156E-02
4.44187720342393E-02
4.47311439252096E-02
0.0476314848413
4.74390126477743E-02
3.88406657331033E-02
4.96725612126247E-02
4.84102379519829E-02
4.92679456650037E-02
4.95928688166733E-02
4.99169775153039E-02
5.07863511194082E-02
5.11123045609476E-02
5.08843129503377E-02
5.06484835895659E-02
5.04048345090413E-02
5.07169054302329E-02
5.10281099005435E-02
5.36201466580056E-02
5.39433424251001E-02
0.051379135040843
5.16833599248556E-02
4.38090009545525E-02
5.34641252377608E-02
5.49541974012482E-02
5.58625434863053E-02
3.28706865707838E-02
3.30552561082402E-02
0.032634884233858
3.58533502931974E-02
2.62733072332977E-02
2.88730088186155E-02
3.02633987329712E-02
3.04245991689957E-02
4.55657719379127E-02
4.45493545133792E-02
4.79340524368933E-02
4.81805892098947E-02
5.22493602873008E-02
5.25134333371732E-02
4.37659043315807E-02
3.29874518174031E-02
3.37998573378286E-02
0.033964818123747
3.34728127440189E-02
3.42928256670103E-02
3.44558634245486E-02
3.46182512281025E-02
0.034111138801407
4.03166069262546E-02
4.18517537688137E-02
4.67889199567371E-02
4.83623155676087E-02
6.36311077434575E-02
6.39131771702967E-02
6.41940225769059E-02
6.58601663323306E-02
6.61445279683646E-02
6.57283785324742E-02
6.60072203190104E-02
6.55796305111884E-02
2.90319577231469E-02
2.77298592624852E-02
4.49778261788841E-02
4.30098962293495E-02
4.39026468585736E-02
3.03485880523452E-02
3.19194151147909E-02
3.20444483629371E-02
3.21688554548629E-02
0.020549857499035
1.98915004324343E-02
1.84876637121263E-02
2.00414612401663E-02
2.01158518331697E-02
0.056082907527315
0.065293319574939
6.47759704059586E-02
0.075590512854153
7.58586369659964E-02
7.61252614591003E-02
7.63903796873058E-02
7.66539850553878E-02
7.53777495984673E-02
7.48613321511774E-02
7.74356588062485E-02
7.76931477929743E-02
7.79490917002449E-02
7.82034842341857E-02
7.84563191504888E-02
7.87075902542383E-02
7.89572913997414E-02
7.92054164903633E-02
7.94519594783668E-02
7.96969143647572E-02
7.99402751991308E-02
8.01820360795278E-02
8.04221911522898E-02
8.06607346119209E-02
8.08976607009526E-02
8.11329637098134E-02
8.13666379767015E-02
8.15986778874609E-02
7.36461700879157E-02
7.13903142066913E-02
0.071587894366636
7.42593450123774E-02
7.44607520318447E-02
8.29562874544825E-02
8.31767336539145E-02
8.17275922398325E-02
8.19403363958486E-02
8.38279861306248E-02
8.40416911030868E-02
8.25686240650777E-02
0.081930081836832
8.12856938390428E-02
8.14843014524254E-02
7.74270276957406E-02
7.76121603973319E-02
3.93253096069104E-02
0.039417301801541
0.042085136053303
4.21814234078322E-02
4.22768552113637E-02
0.042371429236737
3.98652365477455E-02
0.037346812075657
0.037427535844972
3.75074992481013E-02
3.49643724914704E-02
3.50373372543488E-02
3.59873293119742E-02
3.43015995791856E-02
3.52519502021368E-02
3.53220552217335E-02
4.15849434259559E-02
3.10275932548344E-02
0.030198842269762
3.38155056501036E-02
3.38786750009551E-02
3.39411538428495E-02
0.037582197660496
3.76497220939128E-02
3.77164786303953E-02
3.77824657399454E-02
3.24408702097278E-02
3.33987773602402E-02
3.25506818474659E-02
3.26045913994748E-02
3.35649972137164E-02
2.99845441634281E-02
4.27730292334491E-02
4.01054613566185E-02
2.73867731094742E-02
2.74283536932079E-02
2.74693735486618E-02
0.026592837352037
2.57130788680884E-02
2.48301535396616E-02
2.76278272406619E-02
2.85882307272687E-02
2.86271216459596E-02
2.68160443234504E-02
2.77772370910199E-02
2.87402757030198E-02
2.87768179778756E-02
3.71777690229031E-02
3.72233986264563E-02
5.59023987246307E-02
5.59685543704472E-02
5.32318852156984E-02
0.053292553087366
5.52241334225927E-02
5.62216961169039E-02
7.87949459012974E-02
7.79388794235548E-02
7.70792592620522E-02
7.05705013004231E-02
6.49890144412665E-02
6.31662745548631E-02
0.063225978779538
6.23398431478399E-02
8.50855910815405E-02
4.73114220668307E-02
5.01932267388866E-02
5.78180055181696E-02
5.02763750405198E-02
4.84176699749905E-02
5.51059057618177E-02
5.32458119179202E-02
5.89939176841909E-02
5.90359041285443E-02
3.33497379935573E-02
3.05116080417728E-02
3.14855069378987E-02
3.34146820613292E-02
3.43902431030599E-02
3.24987043152454E-02
3.06042985928192E-02
3.06209528946304E-02
2.87221672121968E-02
2.68208278014263E-02
2.68337486922418E-02
2.78049083934258E-02
2.68579367951852E-02
2.59095890581203E-02
0.025919921135908
2.40090007127179E-02
2.20961747424142E-02
2.40256683735048E-02
2.49945924048022E-02
0.024040361735073
2.30850889319164E-02
2.30909563080097E-02
2.40586971491831E-02
2.40638204972734E-02
2.02174975108218E-02
2.31096804548971E-02
0.022150125687897
2.40793686364261E-02
2.40820189250132E-02
2.40841743805383E-02
2.31224015567994E-02
2.31235205869599E-02
1.83066302061124E-02
1.92702776618482E-02
1.92700222943497E-02
2.02328395103697E-02
2.02317398640777E-02
2.21569125417913E-02
2.21547975726745E-02
1.82996660897773E-02
0.018297166866687
2.02200065998275E-02
2.40671586979355E-02
2.21373955481901E-02
2.21325502501686E-02
2.11651958587637E-02
2.40451038735981E-02
2.11537522293417E-02
2.11473784528411E-02
2.40233752514955E-02
2.40151450983168E-02
2.59269353303342E-02
2.68768695524246E-02
2.68659948143055E-02
4.79545861117661E-02
4.40985407671015E-02
4.59943894460669E-02
0.061295954140181
7.46664711067887E-02
5.26215776679916E-02
5.25926399507568E-02
6.49865147809101E-02
5.15764065933432E-02
5.05902823413808E-02
5.05582380262603E-02
4.76652412486481E-02
4.76330529932878E-02
4.66478891834332E-02
3.99552247720408E-02
4.18269494018626E-02
4.17951858192164E-02
4.46100120648294E-02
4.45742510970135E-02
4.35899674883358E-02
4.26063696005271E-02
4.35154945770228E-02
4.53672194323938E-02
4.53260356342656E-02
4.52839221317779E-02
4.61833982008112E-02
4.51969098159339E-02
0.039508011337106
3.94679165136613E-02
3.75495357332652E-02
3.75098097864678E-02
4.87101094624846E-02
4.49136626384813E-02
2.89741673587446E-02
2.98745812135245E-02
2.98397324150662E-02
2.79415052897865E-02
2.97682016955814E-02
0.0733996934281
7.42355805410673E-02
8.15549213091658E-02
8.23745915244676E-02
0.081341480011363
3.69237549218102E-02
3.77951880544941E-02
3.86633089289604E-02
3.58510331620672E-02
2.29485185654543E-02
2.38317417137877E-02
2.19660339508927E-02
2.10192093099853E-02
2.00747191662704E-02
2.18658516914207E-02
2.00122660030575E-02
1.90722245699582E-02
1.81347066547407E-02
1.90102705030171E-02
1.80749626933547E-02
0.017142309999181
1.89144297990484E-02
1.88817099148105E-02
1.79510521709833E-02
1.79191572871835E-02
1.78868969510127E-02
1.96396990928461E-02
1.96034111800806E-02
1.95667237416616E-02
1.86419268203336E-02
2.12641676428265E-02
1.59171322573656E-02
1.58858147077384E-02
1.49733863722496E-02
1.49431986002954E-02
1.57899248768978E-02
1.48819117614258E-02
1.57243914140047E-02
1.83063356878731E-02
1.82671760728453E-02
1.90956284941524E-02
1.99199106765202E-02
2.07399708014833E-02
0.020693526949266
2.06466632758465E-02
1.71661507293759E-02
0.017126400710384
1.70863036028551E-02
1.61935673286067E-02
1.61548182934135E-02
1.52675452674192E-02
1.43840937261279E-02
1.35045159417853E-02
1.17869397318234E-02
1.34367883306964E-02
1.34025169419175E-02
1.33679749088874E-02
1.49998084304852E-02
1.49603424619215E-02
0.014920574803502
0.01488050640033
1.64890424510374E-02
1.64438568692048E-02
0.016398340333127
1.47172445374359E-02
0.014675686882561
1.54468251272935E-02
1.62129865417602E-02
0.019398998086646
1.85361055474172E-02
0.01848113298256
1.92269114426576E-02
1.83700783358493E-02
1.67214772948926E-02
1.50823266488381E-02
1.97834161052783E-02
2.05101212977912E-02
2.04450805299338E-02
1.95958000333989E-02
2.03137774137792E-02
6.07425548443872E-02
6.13187555745292E-02
0.0611149864372
7.71012698207721E-02
4.22621467598591E-02
3.82888699149047E-02
3.81568476552424E-02
3.80240699186578E-02
3.78905400101335E-02
3.92665117105565E-02
5.49270060562056E-02
5.62282060288323E-02
5.67704277896247E-02
4.46540704247358E-02
4.44885039050485E-02
0.043583362348537
3.82674527214546E-02
3.73885907526259E-02
3.79752016204849E-02
3.78279601929643E-02
0.036955364859129
5.62968966037759E-02
5.60727264772836E-02
5.58474651779017E-02
5.84734835737566E-02
5.75242189961266E-02
5.65796847344209E-02
5.63442309904911E-02
0.063822495515025
6.35521967155358E-02
6.04991053818082E-02
6.02383533830437E-02
6.27339821235405E-02
6.86360752961668E-02
6.83323948798739E-02
6.59865864686281E-02
6.36578574936764E-02
6.74135518732844E-02
6.71046976364088E-02
6.67945706095643E-02
6.64831791812573E-02
0.066170531802094
6.58566369853075E-02
0.034736996752868
3.39170724922587E-02
3.37519280760483E-02
3.22943779146147E-02
3.14916893391953E-02
0.046042240799504
4.58101249447756E-02
4.74762100453339E-02
2.95991361131694E-02
2.75664393692274E-02
2.80457830317872E-02
2.97579772022301E-02
2.89832449345908E-02
4.04817929906273E-02
3.96529312200746E-02
4.18635881850634E-02
5.18907933106264E-02
6.00033137835232E-02
5.96674228408925E-02
5.93304688305348E-02
5.89924617320775E-02
5.86534116038507E-02
5.83133285838737E-02
5.79722228908691E-02
5.76301048253055E-02
5.72869847704701E-02
4.72625847506633E-02
4.75421357433688E-02
0.038813685260502
3.74561458412158E-02
3.72230050874219E-02
0.03588507965273
3.67548457952737E-02
3.21592638975601E-02
3.30348979872203E-02
0.035509993631627
3.52767286533929E-02
3.71667006115608E-02
4.11372977995585E-02
4.08596112062729E-02
5.09867275461467E-02
4.85694291619202E-02
3.48915659349463E-02
3.41377379948574E-02
3.38964938287941E-02
3.51616586546883E-02
3.64046163677462E-02
3.31696793116022E-02
2.16233130402825E-02
2.14632343004648E-02
1.88820648912206E-02
0.019700633434418
1.90737657825432E-02
1.75075975857496E-02
1.97192475652261E-02
2.32913511984739E-02
2.31070919367913E-02
2.29225238517204E-02
0.019554382380399
1.93951407410305E-02
1.96829924676079E-02
3.81518430935429E-02
3.95915367744691E-02
3.92562477221034E-02
3.28661946540315E-02
3.60120022888454E-02
3.52728280891678E-02
2.78010903671115E-02
2.75536072184745E-02
3.30979804695774E-02
3.27973101692899E-02
3.20901098530734E-02
3.17925667826182E-02
3.10960601834968E-02
3.11966055697049E-02
3.08982139877418E-02
3.09869026865064E-02
3.06842293793208E-02
0.030001558185853
0.018422899343961
1.67483692049813E-02
1.62092513405863E-02
1.23962641131722E-02
1.22671303667682E-02
1.28519320243265E-02
2.64897506525913E-02
3.10960515779818E-02
3.11030817788332E-02
3.11024126999142E-02
2.29825661427726E-02
0.023726246149305
2.37863279519575E-02
2.15528729976336E-02
2.22698703626117E-02
1.88177593170323E-02
1.82780556713858E-02
1.89913388498021E-02
1.81442051960225E-02
0.016401180129841
1.43963342419774E-02
1.42139212338023E-02
1.43239245157087E-02
0.014714967400617
1.65146276735528E-02
1.62947409785223E-02
8.8689787256896E-03
8.47448712672633E-03
8.89643645866936E-03
9.83501274112771E-03
9.69538190746203E-03
9.29764265437885E-03
9.67111230360027E-03
9.77897536663295E-03
9.38555020173015E-03
1.33781383934759E-02
0.012932752867028
1.29666963519709E-02
1.04412277767632E-02
1.05019501150496E-02
9.65721499577301E-03
1.08229743747704E-02
1.04244248428769E-02
1.04606291254006E-02
9.02129368560423E-03
9.27548091857222E-03
1.07301375906665E-02
1.03375379951103E-02
1.01479220427482E-02
1.37891849902862E-02
1.25887348224314E-02
1.41894136157745E-02
1.80676504420225E-02
1.77087234499946E-02
1.73510753338019E-02
1.69947536238797E-02
1.66398069994351E-02
1.62862853274139E-02
1.59342397028733E-02
1.55837224907971E-02
1.52347873693934E-02
0.014887489374913
1.45418849480227E-02
1.41980319817689E-02
1.37174299724458E-02
1.35158195643833E-02
1.31775836157223E-02
1.28413462401128E-02
1.25071733694193E-02
1.21751327103973E-02
1.18452938043294E-02
1.15177280883479E-02
0.011192508958349
1.08697118335061E-02
1.05494142222803E-02
1.02316957898415E-02
9.71830565824638E-03
8.35576389750704E-03
8.17946449617575E-03
7.99957499800225E-03
7.6425705900758E-03
6.70743878103372E-03
6.46964860596029E-03
7.16967556106635E-03
6.9774136175148E-03
6.78264041314116E-03
6.65488561375705E-03
6.18682420210435E-03
5.67523529570519E-03
5.37222301583335E-03
2.27643370218488E-03
2.56377513320987E-03
1.91310109564497E-03
2.07434413004865E-03
1.97176214907688E-03
1.68857127756075E-03
1.59954919086596E-03
1.5123815820381E-03
1.46569315467346E-03
1.38014579742808E-03
1.2966720609728E-03
1.05541836797506E-03
8.67084319767311E-04
7.80521732157905E-04
7.25561556905414E-04
6.48336560657835E-04
6.43104934884726E-04
7.75397898532807E-04
7.106597674643E-04
6.54170901340029E-04
6.23456466331285E-04
5.9262627465745E-04
5.61718535688478E-04
5.59467069386623E-04
5.40376971879156E-04
4.94340762630574E-04
4.50106319795774E-04
4.40790658802767E-04
5.81516576107322E-04
7.98490877866209E-04
5.24488097405888E-04
4.06497389166083E-04
3.950398184017E-04
3.34561830289994E-04
3.74889291688164E-04
3.28743793900052E-04
2.25259474581853E-04
1.85133767179281E-04
1.46419912985072E-04
1.20732234120765E-04
9.73652347510883E-05
7.32974102181206E-05
5.57972158899337E-05
4.0003022351316E-05
2.79840345120984E-05
1.88865658544968E-05
1.13381025049708E-05
6.19062036758928E-06
3.12110747809748E-06
1.32757703090577E-06
4.35089462305736E-07
8.72296098684081E-08
1.19030648964979E-08
6.56603136377385E-10
5.92785972160994E-12
9.16201047621134E-16
3.41443728604804E-25
7.31533534582278E-90
0
0
0
0
0
0
0
0
0
0
0
0
0
0
0
0
0
0
0
0
0
0
0
0
0
0
0
0
0
0
0
0
0
0
0
0
0
0
0
0
0
0
0
0
0
0
0
0
0
0
0
0
0
0
0
0
0
0
0
0
0
0
0
0
0
0
0
0
0
0
0
0
0
0
0
0
0
0
0
0
0
0
0
0
0
0
0
0
0
0
0
0
0
0
0
0
0
0
0
0
0
0
0
0
0
0
0
0
0
0
0
0
0
0
0
0
0
0
0
0
0
0
0
0
0
0
0
0
0
0
0
0
0
0
0
0
0
0
0
0
0
0
0
0
0
0
0
0
0
0
0
0
0
0
0
0
0
0
0
0
0
0
0
0
0
0
0
0
0
0
0
0
0
0
0
0
0
0
0
0
0
0
0
0
0
0
0
0
0
0
0
0
0
0
0
0
0
0
0
0
0
0
0
0
0
0
0
0
0
0
0
0
0
0
0
0
0
0
0
0
0
0
0
0
0
0
0
0
0
0
0
0
0
0
""
