0
0
0
0
0
0
0
0
0
0
0
0
0
0
0
0
0
0
0
0
0
0
0
0
0
0
0
0
0
0
0
0
0
0
0
0
0
0
0
0
0
0
0
0
0
0
0
0
0
0
0
0
0
0
0
0
0
0
0
0
0
0
0
0
0
0
0
0
0
0
0
0
0
0
0
0
0
0
0
0
0
0
0
0
0
0
0
0
0
0
0
0
0
0
0
0
0
0
0
0
0
0
0
0
0
0
0
0
0
0
0
0
0
0
0
0
0
0
0
0
0
0
0
0
0
0
0
0
0
0
0
0
0
0
0
0
0
0
0
0
0
0
0
0
0
0
0
0
0
0
0
0
0
0
0
0
0
0
0
0
0
0
0
0
0
0
0
0
0
0
0
0
0
0
0
0
0
0
0
0
0
0
0
0
0
0
0
0
0
0
0
0
0
0
0
0
0
0
0
0
0
0
0
0
0
0
0
0
0
0
0
0
0
0
0
0
0
0
0
0
0
0
0
0
0
0
0
0
0
0
0
0
0
0
0
0
0
0
0
0
0
0
0
0
0
0
0
0
0
0
0
0
0
0
0
0
0
0
0
0
0
0
0
0
0
0
0
0
0
0
0
0
0
0
0
0
0
0
0
0
0
0
0
0
0
0
0
0
0
0
0
0
0
0
0
0
0
0
0
0
0
0
0
0
0
0
0
0
0
0
0
0
0
0
0
0
0
0
0
0
0
0
0
0
0
0
0
0
0
0
0
0
0
0
0
0
0
0
0
0
0
0
0
0
0
0
0
0
0
0
0
0
0
0
0
0
0
0
0
0
0
0
0
0
2.30861129072072E-85
2.89519251038041E-27
8.5638449577641E-17
9.89210738623949E-13
2.33393057751114E-10
7.54610939961331E-09
7.94289789257934E-08
5.51995443898392E-07
1.06504134446964E-06
3.01896056575548E-06
7.00838648793564E-06
1.59914449135677E-05
3.49402565398476E-05
5.62481228666258E-05
9.33002649557058E-05
1.48140542413629E-04
2.08964496435297E-04
2.74373858465633E-04
3.55145546449059E-04
4.01346118691115E-04
7.22824263560702E-04
8.73531775038438E-04
1.03800235926158E-03
1.19943657954054E-03
1.34947934263987E-03
1.62674168903476E-03
1.86434002475851E-03
2.43877615389002E-03
2.71257119279436E-03
3.02832024357856E-03
3.3223860768527E-03
2.99342219610008E-03
2.43557568404309E-03
2.26039168009439E-03
2.33033720870084E-03
2.38837426038025E-03
2.60374003373009E-03
2.70715398376999E-03
3.56924311254917E-03
3.70313821768241E-03
3.19201176147506E-03
3.35443880041187E-03
3.51692369133109E-03
3.43400095201883E-03
3.41454669755919E-03
3.46927643776164E-03
3.4238094218526E-03
3.45959137281719E-03
3.38798208753359E-03
3.71424849758412E-03
4.05380076356456E-03
4.18611923397794E-03
4.31749404552582E-03
3.86262823541732E-03
4.33631161752544E-03
4.45782716924327E-03
4.45111660106665E-03
6.13307842868138E-03
6.42128177244035E-03
6.16640590556472E-03
6.45169333241287E-03
6.5984804156119E-03
5.57095319544978E-03
5.67329300240018E-03
1.27715244209651E-02
1.34432287397562E-02
1.30550532469353E-02
8.44505714661482E-03
8.65298121696241E-03
8.84961581473277E-03
1.01098666320481E-02
8.9820336740208E-03
6.32187619158991E-03
1.51204619436704E-02
2.03001741505045E-02
2.34747879953747E-02
2.05427819020204E-02
2.18815061032495E-02
2.32713140262852E-02
0.024102535500642
2.52590308837252E-02
2.61198608421553E-02
2.66525246665015E-02
2.75205639594843E-02
2.83972693995882E-02
2.92824340923261E-02
3.01758552411117E-02
3.02905661247032E-02
3.11768865200133E-02
3.20706846201514E-02
3.38281878451437E-02
0.035199987501497
2.30461311840783E-02
2.41206120141403E-02
2.04644160433353E-02
2.04984766876026E-02
2.30130075326369E-02
2.35789561790045E-02
2.51983989136251E-02
2.90208265130187E-02
0.022548043077045
2.30646898604071E-02
2.47346435793381E-02
2.99861136621364E-02
3.18406958280602E-02
3.25227612792784E-02
3.44612819104855E-02
3.96528079795252E-02
2.93675989880468E-02
2.86260805181999E-02
2.71555315996822E-02
2.76843278824749E-02
2.60990961468302E-02
2.37172686430218E-02
2.04982149475274E-02
6.33676271441835E-02
6.29945798875758E-02
6.02538868593366E-02
6.60277603607336E-02
6.71703133174979E-02
6.42498980199177E-02
0.06533088510967
6.64149390633876E-02
0.050412855452683
4.51490629809683E-02
4.93966086707871E-02
4.74852027234717E-02
4.09430153544536E-02
4.15698216320058E-02
4.12602585074196E-02
3.90205875200148E-02
0.038629527524737
3.82114849840292E-02
3.77663377167313E-02
3.83019135979324E-02
4.49707683203329E-02
3.83395264266466E-02
3.78131605542302E-02
6.81310955438877E-02
6.58037995134516E-02
6.55783152361388E-02
6.97542757779443E-02
0.112146627536733
0.11357376255984
0.115002384903766
0.116432403001238
0.117863726517768
0.119296266323561
0.120729934466189
0.122164644144047
0.123600309680521
0.125036846498894
0.126474171097929
0.127912201028143
0.12935085486872
0.130790052205081
0.132229713607046
0.133669760607623
0.13511011568236
0.136550702229272
0.137991444549317
0.139432267827398
0.140873098113898
0.142313862306699
0.143754488133707
0.145194904135837
0.14663503965047
0.14807482479535
0.149514190452919
0.150953068255067
0.152391390568307
0.153829090479329
0.155266101780954
0.156702358958459
0.158137797176264
0.146806564083781
0.132024887781209
9.58387501835807E-02
8.19350433965002E-02
0.155382451727128
0.15839319591966
0.147978709499494
0.169584254267085
0.17100951015598
0.172433333394902
0.173855665834867
0.175276449871259
0.176695628434424
0.178113144980504
0.179528943482501
0.180942968421585
0.182355164778616
0.183765478025888
0.185173854119084
0.186580239489446
0.174825660363599
0.178023616551637
0.183155445648202
0.178731881288224
0.180029830529446
0.181325638387054
0.182619257948943
0.187865710278079
0.173251375741892
0.164428977761489
0.165561463870723
0.16872464581779
0.169866588459058
0.171006294503327
0.157625579272575
0.162840355884949
0.163904879378316
0.164967155319976
0.100041999434482
0.143521577850857
0.131494213686683
0.112795382300702
0.104765280878861
0.109802327985971
0.110472557715485
0.1911628096589
0.187837672719018
0.182206983639923
0.183282056144838
0.184354367805995
0.155664495846286
0.154257634774424
0.152822103958082
0.160672320204394
8.89825530668529E-02
0.101250868830829
0.101809365167358
9.76050344648689E-02
0.100527999542388
0.105881550243225
0.108865593874624
0.107009454786451
0.105126030950756
0.211345868699342
0.200085287650366
0.201108982782619
0.224588192668542
0.218194313199311
0.219283093356805
0.207703387595639
0.208722693031363
0.209738503524996
0.210750789772404
0.21175952267294
0.212764673327833
0.21637311807566
0.217383187858039
0.199971149790097
0.195602650055387
0.196493188528258
0.117361284144061
0.117886752751844
0.126483600218588
9.46046405382181E-02
9.50177182631754E-02
0.103608777100668
9.85771386612022E-02
0.107246602555784
0.10769941841357
0.105377249881607
0.100245545751345
0.109046423677625
0.117913999126432
0.118391290775742
0.116036318082854
0.113656695768251
0.116957823360058
0.126006809757202
0.140870147747259
0.173157544365363
0.182508803306021
0.151211780709536
0.145940998340235
0.225584448712383
0.24405844302358
0.24790119435655
0.251760859163023
0.237802094992278
0.265496398142322
0.104777064498744
0.102139412418232
9.94790008897043E-02
9.98208612828524E-02
0.109266419345568
0.112680765895202
0.110002236875139
0.137958876472263
0.138412404180846
0.123434104547083
0.130024304908416
0.177026237196177
0.183818770994576
0.178145709458714
0.169295184735641
0.163528051062881
0.154564898161408
0.142377397340294
0.139631334970518
0.114583580714808
0.114921192924386
0.105651927048544
0.11237910504355
0.109480992968966
0.116249983718221
0.11333848306853
0.110406753512006
9.11739146943228E-02
9.46880014975731E-02
9.16701525198221E-02
0.101763779877618
0.102033677692303
9.24014825231767E-02
8.27158583045094E-02
7.62945167362479E-02
7.98146027100579E-02
8.00160182120977E-02
7.35312519430343E-02
7.37130870810174E-02
6.71759251507426E-02
5.38709376688227E-02
5.40001073486211E-02
5.07452306396702E-02
5.42553505543498E-02
5.09825792605495E-02
5.10997921202439E-02
4.78016250914542E-02
4.79091953551703E-02
5.14455508957646E-02
5.15588345983065E-02
5.51158710532473E-02
5.52345938473994E-02
5.53522557625461E-02
6.24024607151553E-02
5.55843856655966E-02
6.26612040893209E-02
6.27887682741685E-02
5.94198387408393E-02
5.60357923208326E-02
0.049127706636555
4.57072084954438E-02
4.57949504301775E-02
0.042352438565604
4.24317973605762E-02
4.60528644675611E-02
4.61370584034795E-02
4.62203602811693E-02
3.91792653347869E-02
3.92482369009836E-02
3.57422260784548E-02
0.035803544613829
3.58641695195232E-02
3.95165092981189E-02
3.95816659974305E-02
3.24376813889585E-02
5.41495566538028E-02
5.42352600585822E-02
5.43199105100431E-02
5.44035060151606E-02
5.08536416332927E-02
5.09296893888558E-02
5.10047470939837E-02
5.10788129862349E-02
8.03815340861867E-02
7.68359436065395E-02
8.06064954001101E-02
8.80544983399744E-02
8.08251797206674E-02
8.46108962051607E-02
8.84046180846349E-02
8.11413922276843E-02
0.269581156193183
0.192268335638316
0.188800537415572
0.181613719171631
0.192959583459576
0.189467426847721
0.208278639906285
0.212233950893998
0.21246585555125
0.19403627571052
0.190504870931398
0.190701210188536
0.220837951037008
0.217309739693463
0.202518895755359
0.213972690428123
0.221686030774085
0.274538425414499
0.267253709871894
0.369205151656881
0.369517674613293
0.347180741711627
0.343683797551571
0.347733539649491
0.347999726611667
0.340688247374252
0.340935305645852
0.341175684273622
0.337615940178572
0.379595978397727
0.379840763982553
0.380078104118174
0.380307993331806
0.380530426323807
0.380745397967667
0.380952903310004
0.381152937570557
0.381345496142178
0.381530574590825
0.381708168655561
0.381878274248547
0.382040887455033
0.38219600453336
0.256170226683018
0.260088940618935
0.195134335531306
0.321502811943395
0.275658500995354
0.30254558946389
0.256658008542188
0.287375016497451
0.275943024555303
0.264500590308971
0.295223121325712
0.287603689322044
0.283811453660356
0.268505206734928
0.230172726366513
0.141952728140111
0.157310153054506
0.153481217752901
0.153486101717902
0.14581357324421
0.164998340169094
0.176505070993306
0.230213248538345
0.295420729486164
0.253195990810224
0.253169241930055
0.24163127110013
0.291449442982071
0.28756724164583
0.287514255473649
0.295121107913436
0.160939156193231
0.20687143263316
0.187667306829818
0.18378539702121
0.183729824776795
0.18749711813543
0.187433026875444
0.38237807582332
0.382232266383521
0.382078956412843
0.30553451955052
0.35502735971823
0.362495356477108
0.308926535327449
0.259216019104242
0.316231489900382
0.304636871855192
0.304466333686303
0.304289825471222
0.30790869316875
0.307717901753706
0.265758956679686
0.280759862414421
0.284360513366945
0.22732923202861
0.212021226075634
0.18159801318889
0.177679573360517
0.260645218055718
0.26043659675241
0.248908838173272
0.229858663115723
0.376492982129923
0.376161115639407
0.375821888728867
0.37547530925445
0.375121385245635
0.374760124905253
0.374391536609504
0.374015628907984
0.373632410523701
0.373241890353107
0.372844077466114
0.320297523751271
0.23809703084165
0.237828464517396
0.170742839663611
0.166835678345177
0.162934016466551
0.24040639318234
0.232722114808159
0.195536700991791
0.268980887121726
0.110396875244126
0.113926559082428
0.113774127786711
0.109954336223252
0.113462621633902
0.14254318092656
0.354025849500981
0.349869858901876
0.349356815438439
0.337935824500803
0.337425666276374
0.307927537026144
0.311066341292881
0.299742367478381
0.313686075529942
0.313178281854125
0.294695194550188
0.294205145168891
0.293709393456978
0.293207951135449
0.292700830068943
0.292188042265816
0.291669599878223
0.291145515202204
0.287071705547557
0.283005335501474
0.282477592745518
0.285468699641858
0.302511185644944
0.301926310006281
0.20673024499599
0.234296743644958
0.226847582577325
0.240319553698886
0.236351293319682
0.239329927422009
0.249212039993489
0.248683713807982
0.255043683102773
0.202904886755781
0.199028711391526
0.198587785053587
0.187894273932293
0.197694524511223
0.258455312156433
0.261250546134766
0.233560570705666
0.233009046262804
0.22908418722178
0.248696478549444
0.234680407476548
0.183938006118153
0.146784608433939
0.269538579601652
0.268854913306216
0.24168059345836
9.90638038639905E-02
0.102098434103996
9.85441953011681E-02
0.104833693338888
0.104551593945012
0.101009157202324
0.113729732671784
0.10693387991654
0.109866210872943
0.132111707902634
0.12209604193078
0.121744789234642
0.118196741718629
0.11785028498665
0.123853056257175
0.129815693653685
0.129424461950086
0.144766274384289
0.144321911337051
0.118853141088165
0.11224574349532
0.108783582019163
0.108437334639823
0.10808907284472
0.107738805507845
0.113522915374699
0.107032290042316
0.109723947428428
0.109355513748148
0.112012426794382
0.114646641203003
0.114251384786856
0.113854030659802
0.110468942042438
0.110077989755655
0.112649485419683
0.112243844234605
0.108893100832345
0.102629612321197
0.102250373164264
0.104779830636793
0.101486342240118
0.103990186958098
0.100714975225263
0.106059512867686
9.13703808008295E-02
9.38561004548058E-02
8.78190688604824E-02
8.74687165132425E-02
8.71168043248426E-02
8.39645243088403E-02
8.36209726967888E-02
8.60518039517916E-02
8.29294335221605E-02
8.25814647835031E-02
9.59373830368886E-02
9.27986667658098E-02
0.092399393131708
0.091998505054047
0.094290014016235
9.65561611521516E-02
0.117488108133254
0.11696109910665
0.119078257008189
0.110632816845986
0.107502029967665
0.130492098179537
0.140272491387619
0.137025742892153
0.131228112788567
0.117795222546459
9.68387477977567E-02
9.12948402510566E-02
9.33696894854359E-02
0.243567045701758
0.207371698504088
0.201355200366023
0.145921057200652
0.199306115751908
0.171350218464507
0.168022689050276
0.169562625784533
0.163845729118721
0.239663019384091
0.238372614586878
0.237078426352428
0.235780494060474
0.234478857374431
0.209856200619879
0.210996814127822
0.212107952150573
0.20860482374695
0.175495717691936
0.172211061996016
0.162192290555779
0.120926121100415
0.140240594481788
0.141611317550877
0.147351760425134
0.139894471952421
0.132515828241595
0.133851735152496
0.128722592931703
0.121513959894711
0.122857997189919
0.11996387702518
0.154733155415358
0.149566988666287
0.156835270989878
0.174241258056433
0.175108492302254
0.171901176237765
0.170727786374815
0.181520610413816
0.1802597738846
0.165227718119019
0.19140306521768
0.188098976789379
0.186745735547514
0.187301538420738
0.187827203464986
0.188322715930879
0.186918874834995
0.185512977187262
0.184105075976875
0.182695224659137
0.181283477163044
0.179869887899077
0.178454511767195
0.177037404165037
0.175618620996342
0.1741982186796
0.172776254156918
0.171352784903133
0.137641573837483
0.151651408339454
0.150366538523367
0.147424076032514
0.144509127644324
0.135110436266248
0.133921588838574
0.127934352782145
0.126786886596639
0.125638701614563
0.124489849044509
0.123340380625559
0.045821380739097
4.38769296430476E-02
4.04624719716204E-02
3.85896557781919E-02
3.96851569159821E-02
4.07517614599426E-02
4.46715116167082E-02
4.56515419558636E-02
4.51905059796822E-02
4.19338530523198E-02
4.15016035428754E-02
4.10693729507426E-02
3.65734652916376E-02
3.61845524772549E-02
3.84472524903305E-02
3.80297216635043E-02
3.89092964548203E-02
3.97602474398588E-02
3.93144092525707E-02
3.88687836060983E-02
3.96628603688078E-02
7.47314388201024E-02
6.17485598805991E-02
6.22136738914463E-02
5.91044304126539E-02
9.80928783040062E-02
9.91983298347829E-02
9.68302388922292E-02
0.106865904889143
0.108843192311695
9.42905626859604E-02
9.41493493900469E-02
9.29133376603383E-02
9.06252327373739E-02
7.27730188633816E-02
0.102546874292713
0.101134536103076
9.97245446469014E-02
9.83170051739104E-02
9.69120245249442E-02
9.55097111711441E-02
9.41101752542538E-02
5.47009818905624E-02
5.20523343936219E-02
3.14752758181232E-02
3.63022485427789E-02
0.035734835124643
3.77421770264919E-02
4.05123909654155E-02
0.036532178278604
3.51131087472289E-02
2.89055114760029E-02
3.07834388277964E-02
2.79269809955736E-02
2.74400574721931E-02
2.47085311662054E-02
2.42652145252263E-02
4.62031193446917E-02
0.04818394688831
2.78120864093098E-02
2.59186360746376E-02
2.67556249981659E-02
2.16403272531225E-02
2.05664502627104E-02
2.20393070434072E-02
2.96038991636551E-02
2.41545398763207E-02
2.71879780656423E-02
2.77578320274086E-02
2.65832367809704E-02
2.54372028345932E-02
2.59409130655926E-02
1.90066223888048E-02
1.80446957210967E-02
1.61037012731999E-02
1.57119210301092E-02
1.53227323731839E-02
1.82034964336067E-02
1.77357359890244E-02
1.77142395842791E-02
1.81036431840275E-02
1.63532509623616E-02
1.58996491480203E-02
1.42613652072727E-02
1.42344068496212E-02
1.23215321101117E-02
1.19509409014744E-02
1.43920718810521E-02
0.020060685857747
1.94174207905945E-02
1.84625868213991E-02
1.84589578528941E-02
1.81229873689087E-02
1.43334953707524E-02
1.65820495214114E-02
1.57054399253186E-02
1.25514562857055E-02
1.15735343681676E-02
1.06414554276308E-02
1.02082280959853E-02
9.78150895238925E-03
9.56948012326361E-03
5.76661619431248E-03
7.97245182950192E-03
8.32370070005599E-03
9.1288039191053E-03
6.38424478902788E-03
5.9023372142376E-03
5.01025566463939E-03
4.7589119979548E-03
3.52565431544401E-03
3.16965022010556E-03
3.09497001048835E-03
7.74585619696524E-03
7.67860483928514E-03
6.85507212768881E-03
7.51869077458244E-03
7.66169208097702E-03
9.27025500427289E-03
8.54673432848753E-03
8.27906612419857E-03
8.21761295592037E-03
8.44186802838555E-03
8.33823552003968E-03
8.12544237525808E-03
7.81431734631753E-03
7.41581166063268E-03
7.43675896646459E-03
5.76873703388079E-03
5.50517247395029E-03
5.38523517594953E-03
5.11481497939491E-03
4.97429498106462E-03
3.47810641430797E-03
3.50492106696872E-03
2.80396164938503E-03
2.52099872470447E-03
3.00530611574714E-03
4.0931369814064E-03
3.73736855253693E-03
3.65262927233686E-03
3.36791764085149E-03
3.05488563990137E-03
2.14618187485825E-03
7.62272494775665E-04
9.58473651756145E-04
8.40813463335815E-04
7.95808226368084E-04
6.81858603031398E-04
6.11959420823792E-04
4.78639718288995E-04
4.14751628438095E-04
3.17971427928148E-04
2.27140045371273E-04
1.71436580103186E-04
1.1096292623828E-04
1.93453276313675E-04
1.27981638918087E-04
7.93259287038709E-05
4.53006926950042E-05
2.32925572562558E-05
1.04380172162425E-05
3.88736437977746E-06
1.11921117066129E-06
2.21892187365434E-07
2.48700387201238E-08
1.09277584283165E-09
8.76251860156428E-12
1.90168381995864E-15
1.73264845218217E-23
1.80989446628466E-55
0
0
0
0
0
0
0
0
0
0
0
0
0
0
0
0
0
0
0
0
0
0
0
0
0
0
0
0
0
0
0
0
0
0
0
0
0
0
0
0
0
0
0
0
0
0
0
0
0
0
0
0
0
0
0
0
0
0
0
0
0
0
0
0
0
0
0
0
0
0
0
0
0
0
0
0
0
0
0
0
0
0
0
0
0
0
0
0
0
0
0
0
0
0
0
0
0
0
0
0
0
0
0
0
0
0
0
0
0
0
0
0
0
0
0
0
0
0
0
0
0
0
0
0
0
0
0
0
0
0
0
0
0
0
0
0
0
0
0
0
0
0
0
0
0
0
0
0
0
0
0
0
0
0
0
0
0
0
0
0
0
0
0
0
0
0
0
0
0
0
0
0
0
0
0
0
0
0
0
0
0
0
0
0
0
0
0
0
0
0
0
0
0
0
0
0
0
0
0
0
0
""
