0
0
0
0
0
0
0
0
0
0
0
0
0
0
0
0
0
0
0
0
0
0
0
0
0
0
0
0
0
0
0
0
0
0
0
0
0
0
0
0
0
0
0
0
0
0
0
0
0
0
0
0
0
0
0
0
0
0
0
0
0
0
0
0
0
0
0
0
0
0
0
0
0
0
0
0
0
0
0
0
0
0
0
0
0
0
0
0
0
0
0
0
0
0
0
0
0
0
0
0
0
0
0
0
0
0
0
0
0
0
0
0
0
0
0
0
0
0
0
0
0
0
0
0
0
0
0
0
0
0
0
0
0
0
0
0
0
0
0
0
0
0
0
0
0
0
0
0
0
0
0
0
0
0
0
0
0
0
0
0
0
0
0
0
0
0
0
0
0
0
0
0
0
0
0
0
0
0
0
0
0
0
0
0
0
0
0
0
0
0
0
0
0
0
0
0
0
0
0
0
0
0
0
0
0
0
0
0
0
0
0
0
0
0
0
0
0
0
0
0
0
0
0
0
0
0
0
0
0
0
0
0
0
0
0
0
0
0
0
0
0
0
0
0
0
0
0
0
0
0
0
0
0
0
0
0
0
0
0
0
0
0
0
0
0
0
0
0
0
0
0
0
0
0
0
0
0
0
0
0
0
0
0
0
0
0
0
0
0
0
0
0
0
0
0
0
0
0
0
0
0
0
0
0
0
0
0
0
0
0
0
0
0
0
0
0
0
0
0
0
0
0
0
0
0
0
0
0
0
0
0
2.53323726427231E-40
7.01585307719885E-21
1.40395004279647E-14
1.8643465761212E-11
1.16499841805892E-09
2.02402239993272E-08
1.28066448559429E-07
5.88037128747655E-07
1.79783252412543E-06
4.79260671793128E-06
1.10847982047738E-05
2.73891474939613E-05
4.83832909323342E-05
6.08451496003E-05
1.06173258001384E-04
1.57095235765135E-04
2.17335095581759E-04
2.86862818439373E-04
3.81169165724691E-04
4.70998869529942E-04
5.62787575969168E-04
6.76311163855452E-04
8.58366923409956E-04
1.00104936542475E-03
1.14006497542598E-03
1.25429527785583E-03
1.29753772959351E-03
1.54597074063794E-03
1.90469239869675E-03
2.14603590285461E-03
2.32584164231863E-03
1.37697094216999E-03
1.31316541268743E-03
2.5108553536883E-03
2.69653736009063E-03
2.73658666909136E-03
2.91672382151507E-03
0.003140192383595
3.2810696486392E-03
3.23057411746788E-03
3.55025157454356E-03
4.61045809292181E-03
4.8325636574532E-03
4.60023494392532E-03
4.56487467822043E-03
4.32385846305592E-03
4.81852113447723E-03
5.53733466226039E-03
5.7412373197471E-03
5.08469619446546E-03
5.25721363778594E-03
7.64598173941208E-03
6.78179225480971E-03
7.0677951615638E-03
7.35696898104685E-03
7.13351914017785E-03
7.23819544736544E-03
7.97063196834637E-03
8.1716455229536E-03
8.37082531957482E-03
8.17868118297597E-03
8.36522796322445E-03
7.43031821420186E-03
6.96548639167935E-03
7.10989451610469E-03
5.41255653850105E-03
5.40775469898328E-03
5.62257212757545E-03
5.61140404077056E-03
5.71160676430109E-03
6.52225025661922E-03
6.51172131187826E-03
6.25090171427546E-03
6.35073921891139E-03
6.44947867806466E-03
7.95925359371713E-03
7.42530679619105E-03
7.13561351122884E-03
7.50358545714747E-03
5.56876578858917E-03
8.6709463809025E-03
8.64430960867602E-03
0.009601233359932
8.00645357584555E-03
6.09968016572626E-03
6.6994713398257E-03
7.16498324885353E-03
1.14733675534219E-02
7.42688036545569E-03
7.54156642696886E-03
7.64494482028345E-03
7.94027383537969E-03
8.0276882674007E-03
7.66489511633603E-03
7.25827686758622E-03
7.74594717741095E-03
6.7958482158465E-03
7.77384092998054E-03
8.02604338952767E-03
8.81476017444676E-03
7.98646771829699E-03
1.30523874720961E-02
1.22710880998209E-02
0.012326960417512
1.26777125712598E-02
1.23954522607044E-02
1.30605988905745E-02
1.17340892963908E-02
1.16982066921898E-02
1.23525237275559E-02
0.0119410964946
1.29790527655666E-02
1.13959193858587E-02
1.12796037134049E-02
1.19427738015576E-02
1.22185376117412E-02
1.24958111263621E-02
1.32003777100545E-02
0.028285284667133
2.75617695360946E-02
2.81465647115994E-02
2.22457759742951E-02
0.021756805624272
1.78538650288089E-02
1.87013652263952E-02
1.90678640625978E-02
3.22226097571422E-02
1.87629296455978E-02
1.91142862068979E-02
1.67632109701136E-02
1.76185784117002E-02
1.90551965892014E-02
2.05324907484305E-02
2.08900686321511E-02
2.24292802718353E-02
2.34093475592992E-02
2.25798124940119E-02
2.29518371597992E-02
2.20641048740242E-02
2.24179755589627E-02
2.27727805689854E-02
2.31284915086526E-02
2.48270849702492E-02
0.025204949249254
2.55836836382101E-02
2.59632597336921E-02
2.56316589865407E-02
2.16687772950258E-02
2.27110691055696E-02
2.30316814920171E-02
2.33528847640699E-02
2.36746569414485E-02
2.32228803137794E-02
2.43198214868949E-02
2.46431712723962E-02
2.57723920377284E-02
0.02529130139244
2.64423645987323E-02
2.59412025858472E-02
2.62667671379283E-02
2.83083737136827E-02
2.77873815177327E-02
2.72456813695058E-02
2.75726622933981E-02
6.02998916214304E-02
5.46339203310973E-02
5.34261778175761E-02
5.40400367418874E-02
5.27697007034957E-02
8.76681213414693E-02
5.68476234011792E-02
5.45512553040397E-02
5.41609949889287E-02
5.67358566412428E-02
2.61557567542646E-02
2.64320950930933E-02
2.36267630604967E-02
2.38713480117469E-02
2.51645017600602E-02
2.64789671069721E-02
2.88845330140423E-02
3.02522333689725E-02
3.16412140137427E-02
2.97463142267406E-02
2.89211885296521E-02
2.69517611859878E-02
2.60733702613117E-02
2.74621718908727E-02
2.88721670444548E-02
0.024475770589692
2.35227061804541E-02
2.37350698791865E-02
2.39473396992205E-02
2.17435559585415E-02
2.55901397886801E-02
2.58126708912495E-02
2.72748310860044E-02
0.026257316082204
2.52184875848037E-02
2.54298520911945E-02
0.025641052730652
2.58520810887974E-02
2.47597823805311E-02
0.022332549506193
2.11872395043599E-02
2.13554446884363E-02
2.15234792171199E-02
2.16913366839541E-02
2.18590107338384E-02
2.34031510036664E-02
2.49680063414577E-02
2.37584239345064E-02
2.39357316312022E-02
2.41128114770248E-02
2.85760670951833E-02
2.87838375307315E-02
2.89913173466096E-02
3.06584240937249E-02
3.08756443288978E-02
0.032573133224202
2.98181831261027E-02
3.00240998580351E-02
0.031741166473774
0.031956669714444
3.37037980091851E-02
3.23865715732794E-02
3.72582349558735E-02
3.43775687681092E-02
3.46013419288975E-02
3.48246940645548E-02
3.18614706973544E-02
3.36669190587584E-02
0.033878870932481
3.40903929296044E-02
3.92016893421705E-02
4.60161597848828E-02
4.13360846919025E-02
4.15857682706128E-02
0.041834899724201
4.20834711441476E-02
4.40247336625943E-02
0.044282058617349
4.62518066717043E-02
4.82406402050277E-02
4.85157732253084E-02
4.87902271032697E-02
6.48345626932823E-02
5.28611396686126E-02
4.96094296690795E-02
0.048099615790412
5.19431589946273E-02
5.40238061917573E-02
5.61229375347542E-02
5.82404648257265E-02
5.67171291535812E-02
7.17259885782733E-02
0.101675395021979
0.100339097300522
9.52471558057256E-02
6.19417538931303E-02
6.22520520942719E-02
6.25613981585087E-02
6.28697831190196E-02
5.74338164243867E-02
5.57886481927493E-02
4.83250625569028E-02
4.07867947474432E-02
4.29313210351403E-02
4.31329431986759E-02
4.33338838457707E-02
4.55129617222877E-02
4.17458025597737E-02
4.19356255521535E-02
4.41307182790443E-02
4.43281669179437E-02
3.84533231784247E-02
3.86226072269559E-02
3.47079733597212E-02
3.28078230495888E-02
3.08894835676588E-02
3.10211271239195E-02
3.11522611729368E-02
3.33684076087789E-02
3.35071855429902E-02
2.73368945007399E-02
2.74487468794704E-02
0.027560142365866
2.55425334975376E-02
2.13704235878926E-02
1.93095398261094E-02
0.021539304305476
1.94608813497401E-02
1.30240401587262E-02
1.30739390272196E-02
1.31236161813784E-02
1.31730703060742E-02
1.32223000949437E-02
1.32713042503547E-02
1.33200814833732E-02
1.33686305137312E-02
1.34169500697947E-02
1.34650388885332E-02
1.57650450014054E-02
1.58206058555461E-02
1.58758931554156E-02
1.59309054672882E-02
0.018269304419783
1.60400994414682E-02
1.60942782855608E-02
1.61481765051679E-02
1.62017927156233E-02
1.39329647502744E-02
1.16486954421553E-02
1.40236590781259E-02
1.40686372392468E-02
1.41133678685508E-02
1.17982081907224E-02
1.42020819912312E-02
1.42460632348673E-02
1.42897924471673E-02
1.43332685236732E-02
1.43764903680587E-02
1.68226997074639E-02
1.68725281850042E-02
1.69220562779829E-02
1.93957517086877E-02
1.94516644050888E-02
2.19456332787859E-02
2.44530573129479E-02
2.45216397961434E-02
2.45897827195576E-02
2.71232328290297E-02
2.71972174404266E-02
2.72707129923998E-02
2.48579251510895E-02
2.74162296576028E-02
2.74882471769025E-02
0.027559768448876
2.76307917127705E-02
2.77013152222817E-02
3.53453383124995E-02
3.29028298950808E-02
3.29843917919591E-02
3.30653549850845E-02
3.82450586488833E-02
3.57812833129175E-02
3.33046326390974E-02
3.33831813990461E-02
0.030887189289948
2.83786899339364E-02
3.10293872766598E-02
0.031099636891504
3.37667611447107E-02
3.38416312596374E-02
3.13069678466689E-02
3.39895110742444E-02
3.40625172042451E-02
3.41348984642056E-02
3.42066531111895E-02
3.16410271559997E-02
2.90639255738338E-02
2.91230417042567E-02
2.65287471509778E-02
0.034555967319811
3.46239266238949E-02
3.46912475825349E-02
3.20842417720709E-02
3.21452012703305E-02
0.02683797259682
2.68877815585102E-02
2.69370934236253E-02
2.96844977200577E-02
2.70342211811899E-02
2.97902382405363E-02
2.98422812945859E-02
3.26113867923808E-02
3.26669528888268E-02
2.99950868527803E-02
3.00449101474151E-02
3.00941755196875E-02
3.28831437868857E-02
3.29356667469319E-02
3.29875772977035E-02
3.30388742142088E-02
3.30895562867368E-02
3.86628927076626E-02
3.04233152092823E-02
0.027698251310402
0.024964584358111
0.025000277039278
2.78172259825446E-02
3.06414320251343E-02
3.06833434951739E-02
3.07246820079513E-02
3.07654465944814E-02
3.08056362997581E-02
0.030845250182753
3.64996122830343E-02
3.93562231842971E-02
3.94044352512277E-02
3.94519098406031E-02
3.94986458436711E-02
4.51938767650955E-02
4.52455974225947E-02
4.52964703019298E-02
4.81806501058004E-02
0.042558438752732
3.97634916995322E-02
4.54914606247974E-02
0.042691947404463
4.27348492962428E-02
3.99251524126768E-02
0.037109146167615
3.42869904240991E-02
3.43187403436137E-02
4.86622811021655E-02
4.87054322576651E-02
5.16151778317929E-02
4.87889872064582E-02
4.88293890624121E-02
4.88688725838069E-02
5.46612529566126E-02
0.054703325807427
5.47443692896487E-02
4.90176053529401E-02
4.61670436820754E-02
4.04241262124198E-02
4.33407086009474E-02
4.62603063294842E-02
4.33965488930613E-02
3.76334773470123E-02
0.037655903277302
3.47793412125024E-02
3.76986259542642E-02
3.48174661979916E-02
3.19325823884615E-02
3.48529659102476E-02
0.034869730255445
3.48858370726433E-02
3.49012859903531E-02
3.78257497066814E-02
3.49302087175314E-02
3.49436818602038E-02
3.20434544556465E-02
3.20545959717534E-02
2.62351085428196E-02
2.04114045468869E-02
2.04173394832395E-02
2.33404446794807E-02
2.33463465748451E-02
2.04328318396451E-02
0.020437224744476
2.04412318663355E-02
2.04448531129669E-02
2.04480884010037E-02
2.04509376559692E-02
1.75314864105234E-02
2.04554778132322E-02
2.04571686110282E-02
2.04584731667504E-02
2.04593914503742E-02
2.04599234407657E-02
2.33829361436359E-02
2.92283264310979E-02
2.63046877387262E-02
2.92259833692838E-02
2.92239841098414E-02
2.92214330884932E-02
3.21401634003487E-02
3.21361436084005E-02
0.029210470103659
2.92057127488357E-02
3.21204444579515E-02
3.50334529649014E-02
3.50257597655471E-02
3.50174054422966E-02
3.79257560364898E-02
3.79152737262684E-02
3.49883777291565E-02
3.78921627353814E-02
3.78795345871007E-02
3.49534077409527E-02
3.49404317904357E-02
3.20162302915998E-02
0.029093752274307
2.90812918851912E-02
2.61614547192671E-02
0.023243780786364
2.32324968660218E-02
2.32207749164129E-02
2.32086152080072E-02
2.02965157687527E-02
2.02851106915358E-02
2.02733233386779E-02
2.02611539823878E-02
1.73559453460805E-02
1.44540502805557E-02
1.44445405345051E-02
1.44347587700726E-02
1.44247052134289E-02
1.44143800970916E-02
0.01152302692794
0.01439291614714
1.43817778102941E-02
1.72444426887496E-02
1.72304276428585E-02
1.72160885593957E-02
1.43345214755774E-02
1.43220330139144E-02
1.43092753708099E-02
1.42962488422459E-02
1.71395444766609E-02
0.017123268413279
0.017106670798575
1.42414600151585E-02
1.42270937211517E-02
1.70549525410241E-02
1.70370726536062E-02
1.70188732192351E-02
1.98337471052397E-02
1.98117703141677E-02
2.26164825462964E-02
1.97667033677701E-02
1.69230979400086E-02
1.69029903887238E-02
1.68825664165238E-02
1.68618265004611E-02
1.40339759376736E-02
1.40161673192163E-02
1.67977159739303E-02
1.39797643377993E-02
0.016753404992508
1.67307798581629E-02
1.94924827215246E-02
1.66845929542633E-02
0.019437870979814
2.21828811046336E-02
1.93818090612726E-02
1.93532359272827E-02
2.20849168420607E-02
2.20514384810956E-02
2.20175496226085E-02
2.19832510653914E-02
1.92049756661189E-02
1.91742495882562E-02
1.91431671743152E-02
1.91117291589006E-02
1.90799362855385E-02
1.90477893066788E-02
1.62988191288843E-02
1.62706595030598E-02
1.62421983390274E-02
1.62134363123651E-02
1.61843741063131E-02
1.61550124117763E-02
1.61253519273278E-02
2.14605244789492E-02
0.021420183228463
2.40518772529964E-02
2.40056044956622E-02
2.66209877394052E-02
2.12548726927858E-02
2.12125636141699E-02
1.85236309729361E-02
2.11267747811488E-02
2.10832970843456E-02
2.10394319228817E-02
2.09951803512672E-02
1.83317255050197E-02
1.82923319662245E-02
1.82526031407151E-02
1.82125399872619E-02
1.81721434736704E-02
1.81314145767885E-02
1.80903542825144E-02
1.80489635858037E-02
1.80072434906779E-02
1.79651950102325E-02
1.79228191666454E-02
1.78801169911861E-02
1.52889338779069E-02
1.52517752702069E-02
1.52143396481452E-02
1.51766279269188E-02
1.51386410295595E-02
1.51003798869428E-02
1.50618454377977E-02
1.50230386287161E-02
1.74812871498575E-02
1.99261490086524E-02
1.98733248345829E-02
1.73426248340995E-02
1.72957783445004E-02
1.72486209211243E-02
1.47438460567694E-02
1.47028953925936E-02
1.71052947840093E-02
1.94936061801801E-02
2.42974443358666E-02
2.42274469740494E-02
3.62355260843117E-02
3.61292360182571E-02
3.84237897896386E-02
3.59147294979453E-02
3.58065184339926E-02
3.80775172922021E-02
3.79607406144997E-02
3.54780867941028E-02
3.53673526520016E-02
3.52559947067567E-02
3.28010814000947E-02
3.73668466529667E-02
3.25903260007142E-02
3.24840896347785E-02
3.00646212651799E-02
2.53549317606332E-02
0.022972841800608
2.06058107098346E-02
2.05357052315658E-02
2.04652429942399E-02
2.03944258189794E-02
1.80651160351726E-02
1.80015413355521E-02
1.56954490521031E-02
0.017873461871168
1.78089604458315E-02
1.99621726541919E-02
1.76790426431893E-02
1.98153333833409E-02
1.75479162844923E-02
1.96671422333887E-02
1.95925445861169E-02
2.38548625995417E-02
2.37628783659597E-02
2.58223561414674E-02
2.78645656006232E-02
2.77544439782673E-02
2.55174066798832E-02
2.96507166795412E-02
3.16399618776255E-02
0.031510772413392
3.34731307903419E-02
3.33342170699262E-02
3.31947531898908E-02
3.30547429517774E-02
3.49713270683135E-02
3.48214174024149E-02
3.46709395072164E-02
3.65504797356924E-02
5.45849401303026E-02
5.43432780555958E-02
5.20970089778737E-02
5.18626169603084E-02
0.049641725528134
5.13913483355537E-02
5.11544849526881E-02
4.70001333019345E-02
4.67800000877724E-02
5.04390587697965E-02
5.01989939081378E-02
3.84293428418693E-02
3.63313038252553E-02
3.42513185794552E-02
3.21894804619942E-02
3.39141170066247E-02
0.029995321386678
2.98443048031011E-02
0.027837034166467
2.76946132032207E-02
2.57149919159948E-02
2.37540592747551E-02
2.36295592749956E-02
0.02169665583014
2.15810922690661E-02
2.14652136490293E-02
2.13490234558742E-02
2.83100335979528E-02
2.99139400792561E-02
2.79981581902106E-02
2.95817247618325E-02
2.59544031509498E-02
2.58069217440352E-02
2.90802931511803E-02
0.032313792847932
3.38164627530179E-02
3.36179476964683E-02
3.17480308760043E-02
3.32195655664575E-02
2.97177400123522E-02
2.78965094866862E-02
2.44640305449922E-02
2.59340567980026E-02
2.73836172143554E-02
3.04133586310321E-02
3.18117019969904E-02
3.16089477443482E-02
3.14058056577177E-02
0.032762396607527
3.09983850155829E-02
2.92544140924564E-02
2.90600198896839E-02
2.88652897513391E-02
3.01791898107121E-02
3.14722007387616E-02
3.12559030665324E-02
2.95612036089662E-02
2.93545623504265E-02
2.91476102086524E-02
2.89403544923203E-02
2.87328025652693E-02
0.029951209939608
3.11485237961326E-02
2.81084440013969E-02
2.92947710995351E-02
2.90754045333532E-02
2.61076055900935E-02
2.59086618911798E-02
2.70626260341345E-02
2.68527490685424E-02
2.53105201008281E-02
2.51107278123605E-02
0.026221834141725
0.026011128121754
2.58002352289408E-02
2.43097055672112E-02
2.41090259579667E-02
2.76831704368524E-02
2.74504579936125E-02
2.72175863715596E-02
2.57579939460666E-02
2.67514037364967E-02
2.77234807321656E-02
2.98689768854578E-02
3.55243316664513E-02
3.52057535960502E-02
3.60499534583367E-02
3.91773385389474E-02
4.22408427885883E-02
3.27993307042346E-02
3.13705321381091E-02
3.10726950774761E-02
2.85766200753314E-02
0.029388463773477
3.01790201649056E-02
2.98811198263703E-02
0.021130884579975
2.19640425702825E-02
2.38112339737078E-02
2.35666626192546E-02
2.33221540822872E-02
2.40810996346566E-02
2.38261294622178E-02
2.16069912447231E-02
2.04019495961195E-02
1.92182454942775E-02
1.90061823426702E-02
1.97339624569164E-02
1.67242137235027E-02
1.65337407168922E-02
1.63434163852426E-02
1.70506541370005E-02
1.59632561028507E-02
1.48971393184825E-02
1.64495865091904E-02
0.015394398655464
1.43604594746529E-02
1.41819773395361E-02
1.40037186935645E-02
1.46389706261724E-02
1.68591900766063E-02
1.66398982163813E-02
1.79848363155781E-02
1.69738612911795E-02
1.82675045726373E-02
1.87692680277926E-02
1.62891067582379E-02
1.82519100621931E-02
1.43951763698468E-02
1.20608526681096E-02
1.04877967764308E-02
1.03339973779807E-02
1.08592448291549E-02
1.13644345816702E-02
1.18496518108146E-02
1.23149850212514E-02
1.27605261061434E-02
1.19305256071303E-02
1.23569243458738E-02
1.27637704663004E-02
1.31511683401962E-02
1.29314335878526E-02
1.15567127716949E-02
1.07903066293044E-02
1.00443428430124E-02
9.8668992258314E-03
9.69008161745605E-03
9.51390698903229E-03
9.33839257387654E-03
9.16355587356541E-03
9.48882658995846E-03
7.83643289123931E-03
7.20274269445472E-03
0.007059454995608
6.45568795369469E-03
7.22647393332763E-03
7.96020440353419E-03
6.92573670801706E-03
6.35295964039826E-03
6.21376522613171E-03
6.07531233523964E-03
5.93761867624065E-03
5.80070225862004E-03
4.90930387971812E-03
5.16065641604756E-03
4.31584096637654E-03
4.20894408971504E-03
3.41895404223993E-03
3.33104934983606E-03
3.24375287382694E-03
2.84137055676241E-03
2.76393594970284E-03
2.98565179303196E-03
3.19102132133393E-03
3.66195021082546E-03
3.55359648771315E-03
3.97634512036723E-03
4.36727167954312E-03
3.98049827931532E-03
3.61109575008081E-03
3.2588598381904E-03
3.37336164344117E-03
3.25629964325321E-03
3.14047558463338E-03
3.02591597742288E-03
2.91264780360381E-03
2.80069852351193E-03
3.04877555916642E-03
2.92498476670918E-03
2.80278540099293E-03
2.68221081160829E-03
2.56329491636311E-03
2.87773200465699E-03
2.8152278633207E-03
2.77972467520741E-03
3.01820203649457E-03
2.97826061920278E-03
2.80432883704805E-03
2.76533789978554E-03
3.11532371414674E-03
3.06975542611589E-03
3.02367710328089E-03
3.10113001598198E-03
3.17413951911165E-03
3.12253955542847E-03
2.71609848457153E-03
2.7855090446884E-03
2.62228769654233E-03
0.002350741556805
2.30675632385317E-03
2.15457794267551E-03
2.11180343570881E-03
1.86172957801497E-03
1.82244131960013E-03
1.78276077222284E-03
1.83950738620517E-03
1.89137421933539E-03
1.8460029980587E-03
2.07024936112928E-03
2.01712758690757E-03
1.96354928459979E-03
1.90952743684299E-03
1.77442149837419E-03
1.6436747434912E-03
1.51735782573842E-03
1.54243911078451E-03
1.49133772719086E-03
1.43994718771348E-03
1.32218683942135E-03
1.27277783951851E-03
1.22318521984555E-03
1.11477432980681E-03
8.9888311705237E-04
8.58962414338431E-04
8.19035870950196E-04
7.79148192003865E-04
7.39348435199253E-04
6.99690314232874E-04
7.01497036912947E-04
6.59853885764448E-04
6.18565352946407E-04
6.11694514396337E-04
5.68989305677609E-04
5.26934571046991E-04
4.85636151172093E-04
4.45207112566103E-04
4.50852929158068E-04
4.28685504410688E-04
3.85433564004944E-04
3.43801559166942E-04
2.60533865906656E-04
2.53397131656109E-04
1.97403236947684E-04
1.78087056569104E-04
1.34230135421369E-04
1.04679157072945E-04
9.04174322517664E-05
6.76680581068894E-05
5.24343420984449E-05
3.44836162315663E-05
2.32084623218256E-05
1.73406065158263E-05
1.05919600523384E-05
6.52348319758908E-06
3.69887537253351E-06
1.74154167652052E-06
9.0231042656735E-07
3.32648160328247E-07
9.46999007504587E-08
2.11992263988608E-08
2.34822512912487E-09
1.15184584372944E-10
9.31968419306796E-13
2.0615253334285E-16
2.89474389108243E-24
5.02964397745708E-54
0
0
0
0
0
0
0
0
0
0
0
0
0
0
0
0
0
0
0
0
0
0
0
0
0
0
0
0
0
0
0
0
0
0
0
0
0
0
0
0
0
0
0
0
0
0
0
0
0
0
0
0
0
0
0
0
0
0
0
0
0
0
0
0
0
0
0
0
0
0
0
0
0
0
0
0
0
0
0
0
0
0
0
0
0
0
0
0
0
0
0
0
0
0
0
0
0
0
0
0
0
0
0
0
0
0
0
0
0
0
0
0
0
0
0
0
0
0
0
0
0
0
0
0
0
0
0
0
0
0
0
0
0
0
0
0
0
0
0
0
0
0
0
0
0
0
0
0
0
0
0
0
0
0
0
0
0
0
0
0
0
0
0
0
0
0
0
0
0
0
0
0
0
0
0
0
0
0
0
0
0
0
0
0
""
