0
0
0
0
0
0
0
0
0
0
0
0
0
0
0
0
0
0
0
0
0
0
0
0
0
0
0
0
0
0
0
0
0
0
0
0
0
0
0
0
0
0
0
0
0
0
0
0
0
0
0
0
0
0
0
0
0
0
0
0
0
0
0
0
0
0
0
0
0
0
0
0
0
0
0
0
0
0
0
0
0
0
0
0
0
0
0
0
0
0
0
0
0
0
0
0
0
0
0
0
0
0
0
0
0
0
0
0
0
0
0
0
0
0
0
0
0
0
0
0
0
0
0
0
0
0
0
0
0
0
0
0
0
0
0
0
0
0
0
0
0
0
0
0
0
0
0
0
0
0
0
0
0
0
0
0
0
0
0
0
0
0
0
0
0
0
0
0
0
0
0
0
0
0
0
0
0
0
0
0
0
0
0
0
0
0
0
0
0
0
0
0
0
0
0
0
0
0
0
0
0
0
0
0
0
0
0
0
0
0
0
0
0
0
0
0
0
0
0
0
0
0
0
0
0
0
0
0
0
0
0
0
0
0
0
0
0
0
0
0
0
0
0
0
0
0
0
0
0
0
0
0
0
0
0
0
0
0
0
0
0
0
0
0
0
0
0
0
0
0
0
0
0
0
0
0
0
0
0
0
0
0
0
0
0
0
0
0
0
0
0
0
0
0
0
0
0
0
0
0
0
0
0
0
0
0
0
0
0
0
0
0
0
0
0
0
0
0
0
0
0
0
0
0
0
0
0
0
0
0
0
0
0
0
0
0
0
0
0
0
0
0
0
0
0
0
0
0
0
0
0
0
0
0
0
0
0
0
0
0
0
0
0
0
0
0
0
0
0
0
0
0
0
0
0
0
0
0
0
0
0
0
0
0
0
0
0
0
0
0
0
0
0
0
0
0
0
0
0
3.05337910154293E-250
7.15240490647096E-26
1.47459179586356E-14
1.56810677834293E-10
1.69683380324429E-08
3.42418860752947E-07
1.67501668676026E-06
6.65040233959189E-06
2.01065779265919E-05
3.62353929537195E-05
7.10781339008985E-05
1.308929308918E-04
2.31063177595371E-04
3.61125623253303E-04
4.98916330344254E-04
6.12643101921968E-04
8.41784091379352E-04
1.0946701986875E-03
2.00195649749808E-03
2.35121256344321E-03
2.80369605915626E-03
3.29303445528406E-03
4.26269981525022E-03
4.30179246984477E-03
4.05328756080815E-03
6.2321050007747E-03
6.43377827234477E-03
7.93180077166595E-03
9.86996623415025E-03
1.09413211738268E-02
1.19138453534726E-02
1.25853575739906E-02
1.21709197043708E-02
1.53591929472325E-02
0.016655493573126
1.77825783909362E-02
1.98520590118072E-02
2.32780255575504E-02
2.38673874446311E-02
2.74013242957684E-02
2.88774618982703E-02
0.030370050196598
2.58211732045609E-02
0.027054210961816
0.028647436094699
0.029916884977233
3.11958714504215E-02
3.28798935711076E-02
3.41918667513624E-02
3.63673565217432E-02
3.77263959234794E-02
3.90923663473317E-02
3.71323860783672E-02
3.83972679305644E-02
3.96672434532952E-02
3.67427651085625E-02
2.65234481530753E-02
2.73294939106936E-02
2.75636324119763E-02
0.030129970762838
3.09756327545226E-02
3.11991866692861E-02
3.07505107924794E-02
3.54951710756132E-02
3.97676415031502E-02
4.55903162774689E-02
6.36767067283604E-02
5.43221309372021E-02
7.04033887051003E-02
7.35159441164559E-02
7.43728289488309E-02
5.93661084840308E-02
0.058203918490618
5.94168462839022E-02
6.14721997983758E-02
5.58310251217414E-02
6.13055827241288E-02
4.19544970583132E-02
4.27465840156203E-02
4.35385099797999E-02
8.48876301933501E-02
7.58427047259784E-02
7.71723325722032E-02
7.85012564343895E-02
7.98293773627082E-02
8.11565997623576E-02
8.14387447432362E-02
8.38079823072655E-02
0.085131966480168
8.53603365847701E-02
8.66650113061104E-02
8.45848970690504E-02
0.103003968392259
0.105665439665978
6.59572554297737E-02
5.49440566036348E-02
0.104149564980563
0.105575630471993
0.109487986299658
0.114725047687737
0.106009448498169
0.107377372603498
0.108743039767549
3.05114091818452E-02
2.95455661748967E-02
2.85463128110627E-02
2.88894096396298E-02
3.06238558521429E-02
3.09819268189067E-02
3.98863750268447E-02
3.74588448183307E-02
3.78794781984956E-02
4.12453275448859E-02
0.031272305895744
3.16098816821394E-02
3.34679829987778E-02
3.38200575597572E-02
0.032618083631186
3.45217755300022E-02
3.32863318780089E-02
3.04174225554973E-02
4.04182940085729E-02
0.040812681641716
4.45025607806233E-02
5.15820918132549E-02
5.37469804966188E-02
0.100017189235782
9.40928088563841E-02
0.103578474657366
0.107991280160452
0.137064617008672
0.13826584023623
0.132311651594146
0.110001738313547
6.72872463704828E-02
0.128365719096873
0.123881127085495
0.115574323125899
0.114630309043357
0.161008858344846
0.162282934030795
0.150083885027037
0.149306512628952
0.154357336622351
0.155526205106156
9.12379017331145E-02
9.19139558588645E-02
9.25877075732891E-02
9.32591397721737E-02
0.10822166265753
0.135723229328278
0.202943834000295
0.204354152630656
0.165867233167826
0.169109713673785
0.170248374371017
0.154244495558648
0.155261593513663
0.201854958192885
0.203158641821327
0.202258779783466
0.205750736270669
0.20703908574174
0.210562287227317
0.211854003673014
0.213140431673362
0.212140461107278
0.211107998678512
0.212351353466991
0.21823266485917
0.219492206890759
0.220746284585295
0.221994869415147
0.223237933069674
0.121789870426341
0.235311954239531
0.239004659470201
0.242717465069472
0.244010061374123
0.245296608073471
0.246577076589992
0.247851438556623
0.249119665814646
0.250381730411668
0.25163760459967
0.252887260833145
0.254130671767299
0.245153097846084
0.179619054546267
0.103129264920409
0.116568595145487
0.111908834599448
0.133343824621035
0.123448989444307
9.49859683292292E-02
9.27625709742277E-02
9.05132407799447E-02
9.89336997702579E-02
0.093994174089618
9.17029657872187E-02
8.66777022400431E-02
8.97647524414725E-02
9.01409277263369E-02
9.05148983212001E-02
7.98700919145081E-02
7.74294978217336E-02
7.21882146133401E-02
0.069688315520699
6.71646590236129E-02
6.74268978578959E-02
7.05078061494484E-02
6.79464417027165E-02
0.068203735839501
7.13118447281693E-02
7.44394534734297E-02
7.18392111804739E-02
7.49842912909796E-02
7.52539828184563E-02
7.84265350944239E-02
7.57878831073143E-02
7.60520807993707E-02
7.63144362167609E-02
7.65749439343751E-02
7.97887369773238E-02
8.00554099721685E-02
8.03201475721946E-02
9.55057117919318E-02
7.48553655749561E-02
7.50950867580496E-02
6.93063562854949E-02
0.069523561241092
6.36748215145018E-02
6.08286424667431E-02
5.79624761293455E-02
5.50765388571585E-02
5.21710477878464E-02
4.30904432294145E-02
4.01286397832309E-02
4.02437608322253E-02
4.65668252633615E-02
4.98105854111862E-02
4.68269016737011E-02
5.00856065945112E-02
5.64989816884519E-02
6.29447796850184E-02
5.99558346778824E-02
6.01126927249374E-02
5.70961057851681E-02
6.36021982533555E-02
5.41983438910505E-02
5.43335232735671E-02
0.054467403928928
5.13882194361614E-02
5.15117724810284E-02
4.84069646547705E-02
4.20510889659906E-02
4.21484719518352E-02
4.22448496949832E-02
4.23402202532992E-02
4.24345817058637E-02
4.25279321529739E-02
4.26202697161444E-02
3.94260854197923E-02
3.62169912777702E-02
2.96938984399299E-02
3.63672305635819E-02
3.64410538557425E-02
3.98334664717552E-02
0.046564127692623
4.66547716757553E-02
4.34054285623763E-02
4.01423433588849E-02
4.35686165689627E-02
0.036933482155505
0.033636668859395
3.36966471936798E-02
0.047258157340263
4.73398885535756E-02
4.74204980771055E-02
4.74999842998021E-02
4.75783456335562E-02
3.74436704032338E-02
0.040912874911327
3.75623794576951E-02
3.76204015945285E-02
3.76775339216308E-02
3.77337752994768E-02
4.12244995708465E-02
4.12839062614304E-02
4.13423373963048E-02
4.13997918112333E-02
3.80015793315745E-02
3.45931382691704E-02
3.46385694917439E-02
2.77465464518268E-02
2.77815824803142E-02
2.78159629817223E-02
2.78496872721033E-02
3.48534433508757E-02
3.83833512561867E-02
3.84270098238184E-02
3.84697625210218E-02
4.20126638161355E-02
4.20573239166796E-02
3.85925769841917E-02
3.86316978846863E-02
3.86699088481508E-02
3.87072091158236E-02
3.87435979471435E-02
4.23044450397325E-02
4.23421510140149E-02
4.23788603896293E-02
3.88800247349903E-02
3.18369648383414E-02
3.18622513048898E-02
3.54297646963612E-02
0.035456194574695
3.54817905607777E-02
2.84052417176817E-02
2.48713351899317E-02
2.48874991214106E-02
2.84606605451641E-02
3.20375204331343E-02
4.98649584744049E-02
5.34563594124565E-02
5.70503694627671E-02
5.35118265373246E-02
4.63993177903021E-02
4.28498114940974E-02
0.042868476826272
4.28861351255705E-02
4.29027860422675E-02
4.29184292466089E-02
4.29330644288151E-02
4.29466912990835E-02
4.65392520532239E-02
4.29709190444981E-02
4.29815194399479E-02
3.94085180170654E-02
4.29996922269875E-02
0.039423325570572
3.94293409671586E-02
4.30193788495473E-02
4.30239211686537E-02
4.30274533770312E-02
4.30299754047602E-02
4.30314872019181E-02
3.58599906154832E-02
3.58595666706813E-02
3.58583008422512E-02
3.22705738397244E-02
2.86825949211172E-02
2.50946166723545E-02
2.50913736103392E-02
2.50875414341296E-02
2.14998173310745E-02
2.50781100542354E-02
2.14907237462235E-02
2.14854199538657E-02
2.14796116315628E-02
2.50521820433663E-02
2.14664818671106E-02
2.50356874657578E-02
2.86017806570139E-02
2.50168408531383E-02
3.57236228470723E-02
3.21372561836747E-02
3.21224968096265E-02
0.02853954020673
2.85250793420715E-02
2.85099481899505E-02
2.84941470501496E-02
2.84776762357516E-02
2.84605360731366E-02
3.55534086274736E-02
3.55303113440556E-02
3.55063786989846E-02
0.035481611166685
3.54560092381839E-02
3.89725307632174E-02
3.54023042396728E-02
3.18367820112222E-02
3.53452679635565E-02
3.53155020002431E-02
3.52849049353017E-02
3.87788251134394E-02
3.52212199455876E-02
3.51881332847512E-02
3.86696398551646E-02
3.86314224066523E-02
3.85922950265806E-02
3.15427569480287E-02
3.50102850893537E-02
3.14750136753809E-02
3.14400289133426E-02
0.031404302989596
0.031367836614295
2.78494493443998E-02
2.78157203768187E-02
2.77813352030361E-02
3.12145813204808E-02
3.11744238594991E-02
3.80520928573901E-02
3.45465579056323E-02
3.10495394745144E-02
3.10064434416892E-02
2.75223243333979E-02
2.74827152426201E-02
2.74424565763509E-02
2.74015491371447E-02
2.73599937407006E-02
3.07325151178397E-02
3.06843102051636E-02
4.08471722430043E-02
4.07809640344923E-02
3.39281585861493E-02
4.40327900906526E-02
4.05765516598464E-02
4.38820302806643E-02
4.38050895555672E-02
4.37271103282544E-02
4.02905484542034E-02
4.02166547337563E-02
4.01418067747784E-02
4.00660060761678E-02
3.66568163100764E-02
3.65855898409442E-02
3.65134942570335E-02
2.98149799125789E-02
2.97545739926105E-02
3.29927339687963E-02
2.96316408776269E-02
3.28545735017419E-02
0.03606275157254
0.039255942193223
3.91697658952589E-02
4.23395444050736E-02
3.57450641009914E-02
3.24213705795931E-02
3.23464550871917E-02
3.22707678522658E-02
3.21943104015229E-02
3.53287927057918E-02
4.16508183533357E-02
0.041548431946197
4.46331333641649E-02
4.45207342831212E-02
4.44072702042355E-02
4.42927434249205E-02
4.10216451036501E-02
4.09133317069875E-02
4.08040380445107E-02
4.38240560526054E-02
4.68259832501121E-02
4.35833975791071E-02
4.34614981473823E-02
4.33385552189875E-02
4.32145712976161E-02
4.30895489099472E-02
4.91011321207576E-02
0.04895588452282
0.051860050109916
0.054744590616933
4.85130857396797E-02
3.62723581599415E-02
3.61590276142927E-02
3.90485604077791E-02
3.59297526363159E-02
3.58138129116261E-02
4.16465095683446E-02
5.04040662883621E-02
5.31912201889321E-02
5.30121424420811E-02
5.28317818192725E-02
5.85001578292726E-02
6.41266106303295E-02
6.39014934612551E-02
6.65691370775467E-02
6.92144893724478E-02
7.18373450742106E-02
7.44374998169352E-02
7.41623519955091E-02
6.82019087508165E-02
6.79446028143716E-02
7.33261135250616E-02
0.073043788442992
7.55581330891069E-02
7.80487134002549E-02
7.49625499389775E-02
6.63662321213075E-02
0.066097466018894
6.85698802957531E-02
6.82865573192383E-02
6.80015641658727E-02
6.22977143228564E-02
6.47295278606071E-02
0.064451159269573
7.21926120936668E-02
7.98621103382803E-02
7.95082473056985E-02
7.12371887199061E-02
6.30357374248859E-02
6.27479796790416E-02
6.24586784825178E-02
5.69871867325391E-02
6.44536153429454E-02
6.41474758153209E-02
6.38397547986059E-02
6.60716773405734E-02
6.82771627090019E-02
7.80048907308439E-02
7.51118284173341E-02
6.97509827821098E-02
6.69174430678532E-02
6.65733535641698E-02
6.86804899888379E-02
7.07602535609543E-02
7.28124705148286E-02
7.48369682938602E-02
7.44325263255958E-02
0.08357800840965
0.121113659088205
0.122800762669422
0.122110034465406
0.142430621804057
0.146256291086954
0.196186018881747
0.192742676764973
0.193883583625239
0.222200702428178
0.22311316172273
0.221752697390432
0.222612823511361
0.221227461995247
0.219836571660051
0.218440185355284
0.217038336202873
0.215631057601975
0.214218383233977
0.212800347067724
0.211376983364967
0.209948326686043
0.208514411895805
0.207075274169808
0.205630949000758
0.204181472205254
0.202726879930813
0.181140487796893
0.185816320567767
0.117016338329269
0.11220911186798
0.169979273819539
0.170626692810539
0.177012241227518
0.177546706897393
0.109858664828599
7.89212804639255E-02
7.82877633340118E-02
7.21056997140374E-02
0.111854950262338
0.118200265578191
8.83567148611697E-02
9.47579606940979E-02
9.74891181835105E-02
9.31278270347356E-02
0.144559827203065
0.145000584069003
0.145406742529858
0.145778214267947
0.146114913345099
0.14142527592514
0.140091137826147
0.137121181839999
0.148728969618349
0.150475592284677
0.14423048139905
0.141215243997111
0.139781561618505
0.129121563087094
0.114086836276728
5.41842504617067E-02
5.50945828508661E-02
5.30255707697402E-02
5.24443634564314E-02
5.33025488434762E-02
5.27027181184953E-02
5.21016818724195E-02
4.87157084987453E-02
4.95205160529279E-02
4.48546470907588E-02
4.56573613893504E-02
4.24469149143541E-02
4.19212795960062E-02
4.26883370039288E-02
4.08673524938373E-02
4.03391077895455E-02
3.60778499377541E-02
0.038052672484799
3.75386203888611E-02
4.41897525075564E-02
4.23968255318091E-02
3.83143197540054E-02
3.20423518374958E-02
3.15750305046498E-02
3.22181529430251E-02
3.17330779853228E-02
3.12475142478795E-02
2.97007504907637E-02
2.81871069250001E-02
2.46522981562367E-02
2.22283318640539E-02
2.28520407018863E-02
0.023441882352812
2.30379433660752E-02
0.023576897786147
2.22295501646163E-02
2.09157799894094E-02
1.69580473066181E-02
1.57621313304515E-02
1.63175567276203E-02
0.015997332547356
1.56771649686475E-02
1.45488197988526E-02
1.10799944717556E-02
1.08443593901621E-02
0.010608871622406
1.11145291965581E-02
1.08626325557036E-02
1.13183922974384E-02
9.66900299080229E-03
1.01086303721529E-02
9.8579855719096E-03
9.60775354503124E-03
9.98184356122908E-03
1.15376946645346E-02
1.12226493264067E-02
1.03342437845085E-02
1.17101756557991E-02
1.13647349021802E-02
1.10203804194091E-02
1.06772020636909E-02
1.03352949829161E-02
1.04707009675198E-02
0.010115499550328
1.06494180959524E-02
1.06934414376788E-02
9.8840940805805E-03
9.50474502158279E-03
8.36717088095361E-03
7.65931641899872E-03
6.98498254862129E-03
6.34397982600606E-03
6.05476748112553E-03
5.76827868884667E-03
7.21672161137678E-03
7.6694436438941E-03
7.26109671771159E-03
7.83775996520979E-03
7.61433876736969E-03
7.80343032638057E-03
6.9026367978685E-03
6.63335592416548E-03
8.63854787372702E-03
1.11081442699402E-02
9.04315709861209E-03
8.16626477453163E-03
7.46079453327578E-03
7.81133107620702E-03
6.74000958494575E-03
6.59884564038281E-03
5.70274771675531E-03
5.09905807138395E-03
4.70330285106874E-03
5.48237081659351E-03
4.66723341818793E-03
3.91354281705831E-03
3.22428632005024E-03
2.60216875887361E-03
2.04944397643049E-03
1.56770108003871E-03
1.15760188647377E-03
8.18572170791616E-04
5.48461605306794E-04
3.43208949853128E-04
1.96583434876221E-04
9.11097152019148E-05
3.99462466602077E-05
1.18380972264571E-05
3.67932882432816E-06
5.26268772949237E-07
2.95397623020087E-08
2.63181109777645E-10
2.67847701022787E-14
1.5272524651014E-25
6.10652866494068E-268
0
0
0
0
0
0
0
0
0
0
0
0
0
0
0
0
0
0
0
0
0
0
0
0
0
0
0
0
0
0
0
0
0
0
0
0
0
0
0
0
0
0
0
0
0
0
0
0
0
0
0
0
0
0
0
0
0
0
0
0
0
0
0
0
0
0
0
0
0
0
0
0
0
0
0
0
0
0
0
0
0
0
0
0
0
0
0
0
0
0
0
0
0
0
0
0
0
0
0
0
0
0
0
0
0
0
0
0
0
0
0
0
0
0
0
0
0
0
0
0
0
0
0
0
0
0
0
0
0
0
0
0
0
0
0
0
0
0
0
0
0
0
0
0
0
0
0
0
0
0
0
0
0
0
0
0
0
0
0
0
0
0
0
0
0
0
0
0
0
0
0
0
0
0
0
0
0
0
0
0
0
0
0
0
0
0
0
0
0
0
0
0
0
0
0
0
0
0
0
0
0
0
0
0
0
0
0
0
0
0
0
0
0
0
0
0
0
0
0
0
0
0
0
0
0
0
0
0
0
0
0
0
0
0
0
0
0
0
0
0
0
0
0
0
0
0
0
0
0
0
0
0
0
0
0
0
0
0
0
0
0
0
0
0
0
0
0
0
0
0
0
0
0
0
0
0
0
0
0
0
0
0
0
0
0
0
0
0
0
0
0
0
0
0
0
0
0
0
0
0
0
0
0
0
0
0
0
0
0
0
0
0
0
0
0
0
0
0
0
0
0
0
0
0
0
0
0
0
0
0
0
0
0
0
0
0
0
0
0
0
0
0
0
0
0
0
""
