0
0
0
0
0
0
0
0
0
0
0
0
0
0
0
0
0
0
0
0
0
0
0
0
0
0
0
0
0
0
0
0
0
0
0
0
0
0
0
0
0
0
0
0
0
0
0
0
0
0
0
0
0
0
0
0
0
0
0
0
0
0
0
0
0
0
0
0
0
0
0
0
0
0
0
0
0
0
0
0
0
0
0
0
0
0
0
0
0
0
0
0
0
0
0
0
0
0
0
0
0
0
0
0
0
0
0
0
0
0
0
0
0
0
0
0
0
0
0
0
0
0
0
0
0
0
0
0
0
0
0
0
0
0
0
0
0
0
0
0
0
0
0
0
0
0
0
0
0
0
0
0
0
0
0
0
0
0
0
0
0
0
0
0
0
0
0
0
0
0
0
0
0
0
0
0
0
0
0
0
0
0
0
0
0
0
0
0
0
0
0
0
0
0
0
0
0
0
0
0
0
0
0
0
0
0
0
0
0
0
0
0
0
0
0
0
0
0
0
0
0
0
0
0
0
0
0
0
0
0
0
0
0
0
0
0
0
0
0
0
0
0
0
0
0
0
0
0
0
0
0
0
0
0
0
0
0
0
0
0
0
0
0
0
0
0
0
0
0
0
0
0
0
0
0
0
0
0
0
0
0
0
0
0
0
0
0
0
0
0
0
0
0
0
0
0
0
0
0
0
0
0
0
0
0
0
0
0
0
0
0
0
0
0
0
0
0
0
0
0
0
0
0
0
0
0
0
0
0
0
0
0
0
0
0
0
0
0
0
0
0
0
0
0
0
0
0
0
0
0
0
0
0
0
0
0
0
0
0
0
0
0
0
0
0
0
0
0
0
0
0
0
0
0
0
0
0
0
0
0
0
0
0
0
0
0
0
0
0
0
0
0
0
0
0
0
0
0
0
0
0
0
0
0
0
0
0
0
0
0
0
0
0
0
0
0
0
0
0
0
0
0
0
0
0
0
0
0
0
0
0
0
0
0
0
0
0
0
0
0
0
0
0
0
0
0
0
0
0
0
0
0
0
0
0
0
0
0
0
0
0
0
0
0
0
0
9.8782783733162E-63
8.32216391480942E-22
6.28485400740248E-14
1.65116793518166E-10
1.20617633651821E-08
1.7218236553886E-07
1.12787123740717E-06
4.36166516065939E-06
1.36457276409772E-05
2.73935798518381E-05
4.91870654938205E-05
8.6488040350914E-05
1.29935352051966E-04
1.88286569121406E-04
2.58009155680517E-04
2.83779878975136E-04
3.72769907583936E-04
4.75259371910697E-04
5.90942162191137E-04
7.19362669241914E-04
6.96159107673223E-04
8.19328068774524E-04
9.51309909726699E-04
1.09155369213765E-03
1.16659690163351E-03
1.31259932342931E-03
1.46486037987516E-03
1.82577293604337E-03
1.8979423468359E-03
2.07676909339254E-03
1.99447031602325E-03
2.16038782006567E-03
2.64052045534083E-03
2.83629985260825E-03
2.85690305015061E-03
3.23770424119304E-03
3.44276072211698E-03
3.65037592143975E-03
3.63323842903715E-03
3.8328132851812E-03
4.28632083521568E-03
4.76682482914014E-03
5.27443862428908E-03
5.51878810879192E-03
5.76453388583407E-03
6.01152525768516E-03
5.93016902143517E-03
6.85126078204472E-03
7.8257827789527E-03
7.3782219702735E-03
6.87849749395012E-03
7.11711645363022E-03
7.35617328701778E-03
6.32965886394016E-03
6.52941389794416E-03
4.93485952646161E-03
4.15765630400564E-03
2.85183425142563E-03
3.42056609975891E-03
3.51399164028175E-03
3.60739844189491E-03
3.70076958357782E-03
3.79408926966548E-03
3.33200806640431E-03
3.98051621185473E-03
3.49165437097522E-03
3.57134770472588E-03
3.6509413335218E-03
4.3521638469264E-03
3.80979362393324E-03
3.88903571614959E-03
3.30678740486223E-03
3.37259502763079E-03
0.004813592550255
4.9053735483086E-03
4.28311636745452E-03
4.36146226301174E-03
5.17957799050771E-03
5.27057928789017E-03
5.36137098436899E-03
5.45194782092496E-03
6.33406263717063E-03
5.63243720464041E-03
5.72234050613525E-03
5.81201042339341E-03
5.9014428706115E-03
5.99063395115284E-03
5.21106852418768E-03
5.28709482551033E-03
6.25672260423623E-03
6.34491261045677E-03
6.43284419150931E-03
7.45201639922475E-03
7.55190880363664E-03
6.69505898215859E-03
5.81308115832361E-03
5.88730691896202E-03
5.96129713918638E-03
9.05257464578246E-03
9.16284420835515E-03
9.27275151065506E-03
9.38229375616186E-03
1.05460758134954E-02
1.06669692272305E-02
1.07874482366253E-02
0.010907510073944
1.21298672481957E-02
0.011146371518875
1.12651659357126E-02
1.25218860701704E-02
1.26516166020973E-02
1.27808714923589E-02
1.29096481634609E-02
1.42232117344766E-02
1.31657567953706E-02
1.32930838496125E-02
1.21999298783435E-02
1.35462714998123E-02
1.49150481209632E-02
1.50518055599084E-02
1.51880206061154E-02
1.40467166196189E-02
1.41705794515194E-02
1.42939385771386E-02
0.013106174439744
1.32173975319562E-02
1.33281570187729E-02
1.34384510486327E-02
1.21934500117175E-02
1.22918718909239E-02
1.51431744060515E-02
1.52624299032855E-02
1.53811635370926E-02
1.69084073380236E-02
1.56170575746322E-02
1.43038310919109E-02
0.012968870243086
1.16123180704741E-02
1.16963637693128E-02
0.011780020433266
1.18632867484944E-02
1.19461614107435E-02
9.02148234376508E-03
1.05968892796299E-02
9.14431693065389E-03
9.2052883221229E-03
9.26596118281193E-03
7.77194547760358E-03
7.8220062993956E-03
7.87181601095451E-03
9.50564861215305E-03
9.56481483912587E-03
9.6236769821905E-03
9.68223413466767E-03
9.74048539497644E-03
1.30645731553952E-02
1.31414222103166E-02
1.15656273620605E-02
1.16321492660792E-02
1.16983091226088E-02
1.17641059136292E-02
1.35194727160189E-02
1.35938357188482E-02
1.36677803360872E-02
1.20236422500478E-02
1.20876086304083E-02
1.73588656412159E-02
1.57042712883016E-02
1.57850864750052E-02
1.76282482099293E-02
1.77169786537717E-02
1.95856924245057E-02
2.32606863808829E-02
2.15759514415369E-02
2.16798541821625E-02
2.17831094229832E-02
2.37095251907498E-02
2.38199769174244E-02
2.39297220035715E-02
2.40387587406443E-02
2.60045535395527E-02
0.026120446563988
2.62355712924495E-02
2.63499259259939E-02
2.83537592957244E-02
3.03729345877156E-02
3.05009730547175E-02
3.06281233079905E-02
3.07543833510628E-02
3.08797511994949E-02
3.29419889359893E-02
3.11278024351528E-02
3.32036370337668E-02
3.33330277184758E-02
3.34614600977878E-02
3.55647516788665E-02
3.56987031154075E-02
3.58316334676641E-02
3.59635406277835E-02
2.40629483347337E-02
2.81744376753851E-02
2.82746349589161E-02
2.83740299794829E-02
2.44051038457537E-02
2.65296635576296E-02
2.66197152770535E-02
2.87635559280907E-02
3.09202672558459E-02
3.10215693091454E-02
2.90472001623945E-02
3.12215582397462E-02
2.92322257810951E-02
2.93235129546253E-02
0.029413981076428
2.95036286904743E-02
2.95924543526899E-02
2.75604240145119E-02
2.55151149475289E-02
2.77215578418408E-02
2.78009726645733E-02
3.00242036877577E-02
3.01080679901005E-02
3.01911005716171E-02
2.81109215083508E-02
2.81864748277055E-02
3.04351945896562E-02
3.05148869488378E-02
2.84084737675057E-02
3.28625950722539E-02
0.035141633073327
3.08252603375291E-02
3.09007483506737E-02
2.43378078006475E-02
2.21779923606878E-02
2.66761198459981E-02
3.11942420990225E-02
0.031265494960761
2.90976188642314E-02
2.91622015081296E-02
2.69778389475212E-02
2.70359906514092E-02
2.93511935112091E-02
3.16751099404397E-02
2.94732145916964E-02
2.95330300264511E-02
2.73157360681457E-02
2.73694760877567E-02
2.28520647159409E-02
2.28956165902389E-02
2.29385516441425E-02
2.52789560857876E-02
0.025324825312131
0.0253700137296
2.77249315538997E-02
3.24015302040612E-02
3.47747546073861E-02
3.25104748588916E-02
3.02376666288182E-02
2.79565158260348E-02
2.56672086222112E-02
2.57069245915063E-02
2.57459534226232E-02
2.81283212373361E-02
3.05168465602665E-02
3.29113408433575E-02
3.29575076378842E-02
3.06454533463667E-02
3.30472049106569E-02
3.07271100465848E-02
2.84000418374793E-02
3.31751489425309E-02
2.60983121117975E-02
0.026129742119791
3.09169284920232E-02
2.85714753863535E-02
3.09871132606298E-02
2.86347440210299E-02
2.86652394366832E-02
2.86949749013583E-02
2.63302874251463E-02
2.39601366695696E-02
2.39830139043499E-02
2.64057818792061E-02
3.12349223498517E-02
3.12621852654521E-02
3.36954384529928E-02
3.37230173247645E-02
3.13390116938667E-02
3.13629649683468E-02
3.13860897953112E-02
3.14083857874279E-02
3.38475335381866E-02
3.14504897868461E-02
3.38910891723192E-02
3.39115260016255E-02
3.15074206360479E-02
3.15247362593495E-02
3.39674684718728E-02
3.39843255803192E-02
3.40002870141651E-02
3.64450205417343E-02
3.40295218018883E-02
2.91795382844503E-02
2.91901464623714E-02
3.16333180585282E-02
3.16431444687627E-02
3.65216973845827E-02
3.40957052166363E-02
3.65395664253717E-02
3.65470583224132E-02
0.034116682410929
3.41218791580247E-02
3.90013461961094E-02
3.16917515844833E-02
3.41320812244507E-02
3.16955652599704E-02
3.16962210712577E-02
3.65723571294819E-02
3.41331098616779E-02
3.41311215636874E-02
3.16905040464454E-02
2.92495290856455E-02
2.92455154681594E-02
2.68040044991582E-02
2.92351793041985E-02
2.92288569313074E-02
2.92217651683949E-02
3.16483961457538E-02
2.92052739617377E-02
3.16288643611132E-02
3.16178490243841E-02
3.16060009665989E-02
2.67328095579089E-02
2.67213755746039E-02
2.67092375213845E-02
2.66963956019108E-02
2.66828500316251E-02
2.90930193139021E-02
0.029076707846452
2.90596295420451E-02
2.66216359631085E-02
2.90231735805476E-02
0.029003796534546
2.89836538737424E-02
2.89627459356231E-02
2.89410730704283E-02
2.89186356411384E-02
0.024079528352883
2.16536014543571E-02
2.16350548419764E-02
2.16159359907985E-02
0.023995828022964
2.63706457188947E-02
2.63451824170826E-02
2.63190213454786E-02
2.62921629412826E-02
3.10399908628993E-02
3.57768490111862E-02
3.81198665861172E-02
4.04565461342391E-02
4.04096599699532E-02
3.79874828583889E-02
4.03126686352822E-02
4.49993374446814E-02
4.49421425609376E-02
4.25214491069716E-02
4.24649995954741E-02
4.24074190418998E-02
3.99960023819617E-02
3.99394870674711E-02
3.75359118245651E-02
3.74807163081435E-02
3.74245198430332E-02
3.73673233625038E-02
3.96409483045273E-02
3.72499341692323E-02
3.48653844411388E-02
2.55258826059978E-02
2.77997808936897E-02
3.00650987447568E-02
2.77042720156229E-02
3.45692515161812E-02
3.45072340518951E-02
3.44442886518084E-02
3.43804163558609E-02
3.66033261000017E-02
0.036533221663889
3.87410152084999E-02
3.18413008927322E-02
0.034047188866832
0.033977777857935
3.39074476435673E-02
2.93247061297711E-02
3.37640342399225E-02
2.91988262863643E-02
3.13758275437536E-02
3.13059128477654E-02
0.029004064983477
2.44856314024992E-02
2.66494850849167E-02
2.65866456519784E-02
2.65230806224813E-02
2.64587910352409E-02
3.29922224252307E-02
3.72980600642705E-02
3.93923782224518E-02
3.92916124097471E-02
4.13669771224939E-02
4.34298289458093E-02
4.11485626604072E-02
0.041037654391748
4.30795942033241E-02
4.29604681917975E-02
0.044982162576858
5.12623872983168E-02
5.11151686782976E-02
5.30901378361078E-02
5.71685407120714E-02
5.27760583661936E-02
5.26168135016372E-02
5.24561019654231E-02
5.22939263453914E-02
4.79598661106309E-02
4.78079778467184E-02
4.76547498853489E-02
4.33697338429748E-02
4.32273904001916E-02
4.30838305424746E-02
3.88496226082838E-02
3.87175402371527E-02
3.85843635822987E-02
4.24974731655687E-02
4.43644310853297E-02
4.42064401768021E-02
5.80622078370656E-02
5.98454857406869E-02
5.96249112252257E-02
5.74225451251379E-02
5.91786542523887E-02
5.69878795693132E-02
5.48105696089716E-02
5.45967819947165E-02
5.24392272061202E-02
4.64267052348409E-02
6.16525615037669E-02
5.94822795003273E-02
5.92369130571199E-02
0.057086925950302
0.06442562897426
6.41508605170893E-02
6.19955616269989E-02
6.17252351112265E-02
5.95908801755099E-02
5.93252325692643E-02
5.90578347679038E-02
5.87886909403256E-02
6.21751681087407E-02
6.18855058739309E-02
6.15940019235154E-02
6.31036213974121E-02
6.10054870148081E-02
6.60651162336627E-02
6.57399240167602E-02
6.89485769480705E-02
7.03606559063712E-02
7.52528958509121E-02
7.66068692773299E-02
8.83325167882727E-02
9.30367216013609E-02
9.42557939206078E-02
9.71581325730182E-02
0.169526319579143
0.168594551283513
0.167657573622573
0.16671540101857
0.165768047970408
0.164815529054429
0.163857858925264
0.162895052316792
0.161927124043186
0.160954089000079
0.159975962165831
0.158992758602918
0.158004493459456
0.157011181970854
0.156012839461615
0.155009481347289
0.154001123136594
0.152987780433708
0.15196946894075
0.150946204460455
0.149918002899068
0.148884880269452
0.147846852694443
0.146803936410458
0.145756147771369
0.144703503252677
0.142209559261419
0.139732038851499
0.140101435083672
0.137635806400467
0.132399626802794
7.19090329466937E-02
8.09482588341983E-02
7.62213516388066E-02
4.72548905583201E-02
5.22263454489877E-02
5.44515975276048E-02
6.71665899361569E-02
7.44334439433406E-02
0.058259778098423
5.90376730744639E-02
3.68922893006852E-02
3.65638561377469E-02
3.62341088583127E-02
3.59030533033473E-02
3.55706954028012E-02
3.52370411806624E-02
3.36985761824147E-02
3.45658683705293E-02
3.54086507081438E-02
3.73954043149334E-02
4.16477090249515E-02
4.23691385511646E-02
4.07987913860798E-02
4.48577908717887E-02
4.32723381865389E-02
5.04899264692233E-02
5.21099963197275E-02
4.93856403462078E-02
5.09536910891224E-02
0.049323128461106
5.60131344357773E-02
5.63800343680883E-02
5.57074303697382E-02
5.50326200269168E-02
6.62150294856045E-02
7.22192269002454E-02
7.03389943940763E-02
7.13341118565325E-02
6.85219420837442E-02
7.40923203276659E-02
7.40027083643638E-02
7.29839320117765E-02
8.61769322931969E-02
8.49498347200549E-02
0.066457560427101
6.63283610126215E-02
6.53333629146086E-02
6.26860604407789E-02
6.17114128534795E-02
3.51619347903118E-02
3.38085363781929E-02
3.32529054880428E-02
4.94240908091552E-02
4.78327996269896E-02
6.90312265964701E-02
0.067083988486171
0.065868526569932
6.46505503610664E-02
6.68403721115008E-02
6.35452110168085E-02
6.29496306683647E-02
6.42530840781513E-02
6.29314736386837E-02
5.79113599468956E-02
3.79778425270676E-02
3.65520999469525E-02
3.68807143788423E-02
3.60293151671641E-02
3.40778310669018E-02
3.27152894347719E-02
0.030855904287877
2.75205725121082E-02
2.77925173796083E-02
1.40054944101313E-02
1.64360802041301E-02
1.23190319840945E-02
1.10731404237981E-02
1.24584323986946E-02
1.20724244955635E-02
1.32989204785673E-02
1.28609747305307E-02
1.12944506081583E-02
1.30776448609743E-02
9.10234891525436E-03
8.76081813434972E-03
8.42052964685669E-03
8.08165223761686E-03
7.74436830364147E-03
7.69383176111114E-03
7.34751587518162E-03
7.26291016130964E-03
2.09732930753958E-02
2.06100868894495E-02
1.95169581474746E-02
1.84352111870779E-02
8.48566110974305E-03
7.78459953646186E-03
7.28810784985461E-03
6.79954305432654E-03
5.86825411846356E-03
4.73511938560959E-03
4.10608509427151E-03
3.76419826434618E-03
3.32444671148812E-03
3.10936665868909E-03
2.79810378472575E-03
2.96734105312992E-03
2.62729151564579E-03
2.54628890597587E-03
2.20836080791251E-03
1.75632579401199E-03
1.55882211897459E-03
1.19963039594729E-03
9.76986552319942E-04
8.18707075023125E-04
6.18566383063894E-04
4.40297937667534E-04
3.17658543766704E-04
2.24313224546679E-04
1.41416643208504E-04
7.79580421508935E-05
4.11117776956272E-05
2.19523657885872E-05
8.72497807442081E-06
2.60744534366967E-06
5.59838756904396E-07
6.49790885684132E-08
2.85177791477348E-09
3.08182441660631E-11
7.67123722013355E-16
3.23208347892536E-29
0
0
0
0
0
0
0
0
0
0
0
0
0
0
0
0
0
0
0
0
0
0
0
0
0
0
0
0
0
0
0
0
0
0
0
0
0
0
0
0
0
0
0
0
0
0
0
0
0
0
0
0
0
0
0
0
0
0
0
0
0
0
0
0
0
0
0
0
0
0
0
0
0
0
0
0
0
0
0
0
0
0
0
0
0
0
0
0
0
0
0
0
0
0
0
0
0
0
0
0
0
0
0
0
0
0
0
0
0
0
0
0
0
0
0
0
0
0
0
0
0
0
0
0
0
0
0
0
0
0
0
0
0
0
0
0
0
0
0
0
0
0
0
0
0
0
0
0
0
0
0
0
0
0
0
0
0
0
0
0
0
0
0
0
0
0
0
0
0
0
0
0
0
0
0
0
0
0
0
0
0
0
0
0
0
0
0
0
0
0
0
0
0
0
0
0
0
0
0
0
0
0
0
0
0
0
0
0
0
0
0
0
0
0
0
0
0
0
0
0
0
0
0
0
0
0
0
0
0
0
0
0
0
0
0
0
0
0
0
0
0
0
0
0
0
0
0
0
0
0
0
0
0
0
0
0
0
0
0
0
0
0
0
0
0
0
0
0
0
0
0
0
0
0
0
0
0
0
0
0
0
0
0
0
0
0
0
0
0
0
0
0
0
0
0
0
0
0
0
0
0
0
0
0
0
0
0
0
0
0
0
0
0
0
0
0
0
0
0
0
0
0
0
0
0
0
0
0
0
0
0
0
0
0
0
0
0
0
0
0
0
""
