0
0
0
0
0
0
0
0
0
0
0
0
0
0
0
0
0
0
0
0
0
0
0
0
0
0
0
0
0
0
0
0
0
0
0
0
0
0
0
0
0
0
0
0
0
0
0
0
0
0
0
0
0
0
0
0
0
0
0
0
0
0
0
0
0
0
0
0
0
0
0
0
0
0
0
0
0
0
0
0
0
0
0
0
0
0
0
0
0
0
0
0
0
0
0
0
0
0
0
0
0
0
0
0
0
0
0
0
0
0
0
0
0
0
0
0
0
0
0
0
0
0
0
0
0
0
0
0
0
0
0
0
0
0
0
0
0
0
0
0
0
0
0
0
0
0
0
0
0
0
0
0
0
0
0
0
0
0
0
0
0
0
0
0
0
0
0
0
0
0
0
0
0
0
0
0
0
0
0
0
0
0
0
0
0
0
0
0
0
0
0
0
0
0
0
0
0
0
0
0
0
0
0
0
0
0
0
0
0
0
0
0
0
0
0
0
0
0
0
0
0
0
0
0
0
0
0
0
0
0
0
0
0
0
0
0
0
0
0
0
0
0
0
0
0
0
0
0
0
0
0
0
0
0
0
0
0
0
0
0
0
0
0
0
0
0
0
0
0
0
0
0
0
0
0
0
0
0
0
0
0
0
0
0
0
0
0
0
0
0
0
0
0
0
0
0
0
0
0
0
0
0
0
0
0
0
0
0
0
0
0
0
0
0
0
0
0
0
0
0
0
0
0
0
0
0
0
0
0
0
0
0
0
0
0
0
0
0
0
0
0
0
0
0
0
0
0
0
0
0
0
0
0
0
0
0
0
0
0
0
0
0
0
0
0
0
0
0
0
0
0
0
0
0
0
0
0
0
0
0
0
0
0
0
0
0
0
0
0
0
0
0
0
0
0
0
0
0
0
1.12256584615549E-250
2.76342916840923E-26
3.83393866924526E-15
3.50760726734603E-11
3.7875754536703E-09
6.15283890415452E-08
4.28059819949844E-07
1.77595971568647E-06
4.91736960161215E-06
1.00653869315888E-05
1.97439260835829E-05
3.4445508129421E-05
5.36396662274968E-05
7.59184548884784E-05
1.04424348211588E-04
1.45306376737903E-04
1.84781873717419E-04
2.34572185433036E-04
2.90606588346495E-04
3.42885165502134E-04
4.20554408873439E-04
8.50700567615048E-04
1.09748614646367E-03
1.31241126198654E-03
1.69576316319525E-03
1.97660046666362E-03
2.20512561753752E-03
2.52897995618335E-03
2.81547113730568E-03
3.18544793668374E-03
3.46858788771986E-03
3.88184730366594E-03
4.18926584027256E-03
4.50346706786138E-03
4.82399966294808E-03
4.87936602190322E-03
5.4824000177956E-03
5.88076435138116E-03
6.22627498555594E-03
6.16529796654789E-03
5.48671776067136E-03
6.14993516481109E-03
6.61468325919307E-03
7.09755534492085E-03
7.42387825624821E-03
7.75285128983173E-03
8.08429595513973E-03
8.41804504079563E-03
4.11950201823643E-03
4.49243815856828E-03
4.88223947245027E-03
5.97883250018015E-03
4.99859043362635E-03
5.29193115709702E-03
6.1026528389685E-03
1.01042604048547E-02
1.05552497752034E-02
1.08760230869087E-02
1.11977256673654E-02
1.12248910685083E-02
1.07807349292701E-02
1.10757112675966E-02
1.15314415471798E-02
1.41323366319571E-02
1.41545842638331E-02
1.45060097246492E-02
1.48578982366174E-02
1.48480491228352E-02
1.51923101942585E-02
1.80000378635652E-02
1.82058487530992E-02
1.97887028280103E-02
2.02096939203535E-02
2.06308494041327E-02
2.10521232186218E-02
2.01850629286296E-02
0.020581159914529
1.62908419428557E-02
1.27330250259294E-02
1.34320935044063E-02
1.48553352838363E-02
2.18407788926077E-02
0.022223678050856
2.23579527819464E-02
2.22309658478428E-02
2.20869227201353E-02
2.24478591279433E-02
2.28085015140026E-02
2.28994213633363E-02
2.73590822387084E-02
1.47219410231534E-02
1.52252814724291E-02
1.60228395276847E-02
2.90289669412027E-02
2.85618472173573E-02
2.86664643149399E-02
2.90649948782967E-02
2.88491548382772E-02
2.89272236530346E-02
2.96267980292507E-02
3.00147233699635E-02
3.00786013618231E-02
3.20988490880115E-02
3.28329294456812E-02
3.15600365959124E-02
3.16048463265337E-02
3.16407819862612E-02
3.20158492999675E-02
3.52067350214849E-02
0.035612834845397
3.60181200176256E-02
3.64225751908612E-02
3.68261853079339E-02
3.72289355901715E-02
3.76308115263565E-02
3.46089369646452E-02
2.61336808416306E-02
2.52401837622273E-02
2.11838168025013E-02
2.45684830528161E-02
1.64093990102025E-02
1.65715005435149E-02
1.83657067387722E-02
0.018542733658593
1.66393844558887E-02
1.42765416944144E-02
1.39854544270373E-02
1.36862267427468E-02
1.29473093321708E-02
1.30634613097321E-02
1.18613610872889E-02
1.15221533530191E-02
1.11749705738299E-02
1.12706699091749E-02
1.09114453573756E-02
1.10027759225891E-02
1.24805613108521E-02
1.21166629083604E-02
1.26845014105354E-02
1.27859975744436E-02
1.33644769201831E-02
1.44311427910612E-02
1.40580807345441E-02
1.41657049431904E-02
1.47651460543819E-02
1.53716030093834E-02
1.54855034327435E-02
1.55990159498476E-02
1.52052945280718E-02
1.53143862251222E-02
1.54230942418498E-02
1.50137020051238E-02
1.40754135740503E-02
1.25975113798349E-02
1.26832285255338E-02
1.22366019079168E-02
1.17825656329523E-02
1.13211578603713E-02
1.35655213839304E-02
1.36531345310031E-02
0.014839638734113
1.54866145580073E-02
1.44704737346378E-02
2.12802311559523E-02
1.80301279721714E-02
1.75727483560485E-02
1.71081017021999E-02
1.72098911966179E-02
1.61571681985754E-02
1.45101505890406E-02
0.012842629126587
1.35030971953771E-02
1.35794733950755E-02
1.36555118633045E-02
1.31342017126446E-02
1.20057119509965E-02
1.20709423974849E-02
1.27426669161473E-02
1.03704276084002E-02
1.10383473633062E-02
1.10959684465496E-02
0.011153314735048
1.12103849616591E-02
1.12671778685251E-02
1.19527862184843E-02
1.45410174979058E-02
1.46125136266197E-02
1.34068100384577E-02
1.41129257143495E-02
1.41802739265563E-02
0.014247272740004
1.95189827789735E-02
1.89557397745589E-02
1.90426632653453E-02
1.38521203813459E-02
1.39143856461341E-02
1.59729248435196E-02
0.012700947943479
1.07421913245278E-02
1.21371572365436E-02
1.15118823287557E-02
1.22406480602008E-02
9.56040142552058E-03
9.60006497346061E-03
9.63949385175099E-03
9.6786872277167E-03
9.02352682666751E-03
9.05948101769087E-03
9.09521424278091E-03
8.42836223223699E-03
7.05078061494484E-03
7.07775434403297E-03
7.81501139827615E-03
7.13118447281693E-03
7.15763975706054E-03
7.18392111804739E-03
7.21002800874804E-03
7.23595988639003E-03
7.26171621244666E-03
8.01602609788901E-03
8.04397008454883E-03
1.10068898389559E-02
1.10444630674579E-02
1.10817690246283E-02
0.011118806940579
1.26429861919195E-02
1.19382139739915E-02
1.12283048362434E-02
1.12642630137074E-02
1.12999493943742E-02
1.20910541288856E-02
1.13705038418753E-02
1.14053704625143E-02
1.14399623939498E-02
0.010709327000003
1.15083193649661E-02
1.15420830078789E-02
1.15755691682397E-02
1.16087771631419E-02
0.010865592561451
1.01177751616472E-02
1.01458286959686E-02
9.39105123647084E-03
8.63178886906903E-03
8.65490720669003E-03
9.46671073861301E-03
7.9095648322286E-03
7.93001469238446E-03
7.95027478166943E-03
7.97034468986037E-03
7.99022401081869E-03
8.00991234248942E-03
8.02940928690021E-03
8.85358589517676E-03
8.87461018670793E-03
8.08674787807511E-03
8.91602291288822E-03
8.12400955672755E-03
8.14235004871138E-03
8.16049648189687E-03
1.14498278873391E-02
1.22943085719647E-02
1.14992749141061E-02
1.07004746957048E-02
1.15476271710838E-02
1.07448635756037E-02
1.15948807722817E-02
1.16180943875953E-02
1.16410319231557E-02
1.33299347645015E-02
1.08513571405941E-02
0.010871884659698
1.08921541422407E-02
1.09121651823083E-02
1.26137508222731E-02
1.09514103379459E-02
1.01267480014849E-02
9.29890668016664E-03
9.31474069371714E-03
1.01785680642433E-02
1.10449730935041E-02
1.02119101099728E-02
1.02282187278317E-02
1.02442853066441E-02
1.19701277800773E-02
1.19883062477916E-02
1.11486154293909E-02
1.11649686337709E-02
1.20411393262505E-02
1.20581817405889E-02
1.55249219292125E-02
1.55461006356441E-02
0.016431740677856
1.81852489831655E-02
1.90757506856309E-02
1.99680124077258E-02
2.17312210794706E-02
2.17575681813307E-02
2.26547381780692E-02
2.00640245202794E-02
2.00868460442687E-02
1.92348812605109E-02
2.01310680785649E-02
1.92762734618115E-02
2.10504965368319E-02
2.10718352098289E-02
2.46081238124596E-02
2.46318603464332E-02
2.55355531924355E-02
2.29149077298551E-02
2.20532036531328E-02
2.20723231195986E-02
2.38581969964713E-02
2.56464438975528E-02
2.47817510149143E-02
2.56865794048619E-02
2.48193362022865E-02
2.48372533925444E-02
2.48545865029715E-02
2.22065492767247E-02
2.13321421040663E-02
2.13454954088731E-02
2.13583469554228E-02
1.95898051149448E-02
1.96006651179007E-02
2.13938885485376E-02
1.96210030636857E-02
1.96304806035893E-02
2.05322013409217E-02
0.019648051878708
1.96561452658865E-02
1.96637769360393E-02
1.87768127953914E-02
1.96776545298736E-02
2.23680683849393E-02
2.14796547937957E-02
2.23806870023428E-02
2.32816563633051E-02
2.41824996922901E-02
2.32914999562849E-02
2.32956014735198E-02
2.06107918691966E-02
2.15096894247736E-02
2.33046239663541E-02
2.06173214098274E-02
2.06185298814476E-02
2.24122329176657E-02
1.97229948385157E-02
2.06192508356417E-02
2.15149805053507E-02
0.023306525550912
2.24082772821228E-02
2.41983803626275E-02
2.06107711799215E-02
2.06076233208921E-02
2.06039916089464E-02
2.05998761159791E-02
1.96998301007049E-02
1.96949682910436E-02
2.14796116315628E-02
1.78944157452616E-02
1.78887348892588E-02
1.69885022089071E-02
0.016982307265102
2.05495478436493E-02
1.96479925658898E-02
1.96394343344679E-02
0.019630414716994
1.78372126292062E-02
0.016936765859355
1.78187176187191E-02
1.69183998110263E-02
1.51287655002431E-02
1.60090515411393E-02
1.51101986666763E-02
1.51003823212236E-02
1.50902109470684E-02
1.50796847458411E-02
1.68416043881374E-02
1.50575687039704E-02
0.015045979301861
1.59183910056111E-02
1.32544754863337E-02
1.67748634501155E-02
1.76424524676509E-02
1.93894125567197E-02
1.93716709700732E-02
2.11128799708507E-02
2.28502417325973E-02
2.37056455677185E-02
2.45587331987331E-02
2.45332554040223E-02
2.53824566897815E-02
2.62291780628174E-02
7.59800698739113E-02
0.075893732224857
7.40629475615299E-02
7.39750998210618E-02
0.073016265989149
7.37941716330647E-02
7.37010947844686E-02
7.18743661205118E-02
7.17800842537132E-02
7.08204437065463E-02
6.98614638176574E-02
7.49322383174156E-02
7.48263192814257E-02
6.78479532552183E-02
6.86061414408772E-02
6.07971871480397E-02
4.44599898286384E-02
4.26840487747773E-02
4.00600716567413E-02
3.82942239778165E-02
0.033134533278025
3.22317506568418E-02
2.87906704438882E-02
2.87417240923912E-02
2.78482115242677E-02
3.62234394401806E-02
4.70907341996586E-02
2.68603656361356E-02
2.59732561822176E-02
0.023416053951954
2.17024199579242E-02
2.99919406173353E-02
7.23396890036852E-02
0.073026988514067
7.37092558949867E-02
7.93455306469614E-02
7.91825615251111E-02
7.07866976521088E-02
7.47441547164629E-02
7.86823670673599E-02
7.85118843864459E-02
7.83395317905179E-02
7.97937567634079E-02
7.14901282019828E-02
6.64638096881658E-02
8.08661377179792E-02
8.06769196306644E-02
7.96809182437692E-02
8.02927106949814E-02
8.00977276025686E-02
7.99008306657634E-02
7.97020238645801E-02
7.39362194344692E-02
6.81968792422188E-02
6.72300569842543E-02
6.70546121886588E-02
0.074745509849304
3.53111867692881E-02
3.36506144689649E-02
3.43390543834155E-02
3.50223730546396E-02
0.039581007241366
4.02429441319169E-02
3.85844386585858E-02
4.38590051404819E-02
4.67995165525971E-02
4.58961417401438E-02
4.42335721525754E-02
0.041818784499046
4.09329160928548E-02
5.66755596249085E-02
5.57451675720346E-02
5.55691051956856E-02
5.53917019809871E-02
5.52129615720903E-02
4.16465095683446E-02
4.52154124057366E-02
5.61462879772061E-02
6.55288982964614E-02
6.60397272740907E-02
6.58126775579317E-02
6.55840335992007E-02
0.065353800130829
0.060056938885178
7.20984264296331E-02
7.18373450742106E-02
7.15745190547454E-02
7.13099538418357E-02
7.10436549487672E-02
7.07756279316371E-02
7.05058783894823E-02
7.02344119644154E-02
6.99612343417656E-02
6.96863512502276E-02
6.94097684620162E-02
6.91314917930287E-02
6.54089507478639E-02
6.65127838868805E-02
6.82865573192383E-02
6.80015641658727E-02
0.06771490687267
6.74265915214657E-02
6.71366242391385E-02
6.68450111978396E-02
6.65517586152335E-02
6.62568727547487E-02
6.59603599258389E-02
6.56622264842561E-02
0.065362478832335
6.50611234192894E-02
6.47581667415217E-02
6.44536153429454E-02
6.41474758153209E-02
6.38397547986059E-02
6.35304589813206E-02
6.32195951009277E-02
0.062907169944229
6.25931903477784E-02
6.22776631983123E-02
6.19605954331974E-02
0.061641994040898
6.13218660614624E-02
6.10002185870296E-02
6.06770587623572E-02
6.03523937853712E-02
6.00262309077386E-02
5.96985774354643E-02
5.93694407295122E-02
5.90388282064528E-02
5.87067473391373E-02
5.83732056574003E-02
5.80382107487914E-02
5.77017702593374E-02
5.73638918943371E-02
5.70245834191881E-02
5.66838526602494E-02
5.40880392055104E-02
4.31185800481396E-02
4.34095005847154E-02
4.36924237440613E-02
4.34177229028602E-02
4.31419366076685E-02
2.76723878658664E-02
4.42043668084049E-02
4.44503145210502E-02
3.99000650751983E-02
4.22753966729933E-02
4.25145361539237E-02
4.37880264981191E-02
4.34858075756596E-02
4.52388087801667E-02
2.90958597892487E-02
3.80112899870275E-02
3.42154254727465E-02
3.54649429040631E-02
3.52040678871953E-02
3.54344563793621E-02
3.56565718069722E-02
1.45420476827164E-02
1.49113572773181E-02
1.52728350019263E-02
2.69911374794404E-02
0.031474558280256
3.21539027978977E-02
3.09684735951315E-02
3.48400664751546E-02
3.50054632673874E-02
3.38099674213659E-02
3.48637779912247E-02
3.45643237196083E-02
3.47032940365288E-02
3.52691144682176E-02
0.034955497945206
3.50686849630834E-02
3.47494580522432E-02
3.48492465736875E-02
3.28605788179001E-02
3.41987189399123E-02
3.55045917264283E-02
3.47573135521142E-02
3.56178928546177E-02
0.034472670004718
3.37347527326433E-02
3.33922619421983E-02
0.032664681138104
3.15640247032281E-02
3.53702746069474E-02
3.38757232393839E-02
0.033509214861433
3.35061210971645E-02
3.31340168486474E-02
2.81318562929806E-02
2.74589945003292E-02
0.028533486406408
2.85430752249515E-02
2.82040583979771E-02
2.61858396203627E-02
2.68609383442397E-02
2.65283097443477E-02
2.61951158887745E-02
2.58613715000064E-02
2.55270916480718E-02
2.83024512442726E-02
2.66982460175606E-02
2.63375804341203E-02
2.65735673863008E-02
2.50259039597484E-02
2.55428798360036E-02
2.54622260137243E-02
2.39631927937074E-02
2.36081293116994E-02
2.29791254376475E-02
2.53212615456955E-02
1.03422256173195E-02
7.04677673125001E-03
7.44704840136318E-03
7.32524572792686E-03
7.20336065602937E-03
7.08140196074529E-03
7.19935730189849E-03
7.54460729156704E-03
7.40985005487209E-03
7.04770847469231E-03
6.91709824348897E-03
6.56755472102144E-03
6.44114081353431E-03
6.52522774957943E-03
6.18835459288715E-03
6.06200824952193E-03
5.7378542800163E-03
5.22853042025673E-03
4.92554753897419E-03
4.81629598517517E-03
5.06922852599503E-03
4.7749467504818E-03
4.83450149540114E-03
4.04345214886117E-03
3.94319422876384E-03
3.84310141801249E-03
3.74319133546091E-03
3.33985898183896E-03
3.24866164711774E-03
3.30121676449575E-03
3.20635762004023E-03
2.97647818866624E-03
3.01748511483819E-03
2.79641006430001E-03
2.70686297171613E-03
2.73666048014723E-03
2.87372146316136E-03
2.99514883948662E-03
2.88722918817329E-03
2.67694214682389E-03
2.67320953732016E-03
2.85244461850691E-03
3.00901716460664E-03
2.88130530130628E-03
2.67114940042361E-03
2.54937578152654E-03
2.1251553064172E-03
2.0206820511855E-03
1.7804065601897E-03
2.00976784150946E-03
2.02067249103065E-03
2.01895346104499E-03
1.8966670932175E-03
1.77641388180439E-03
1.70572009478541E-03
1.6307462822852E-03
1.51103433083746E-03
1.43183320728025E-03
1.38411267364943E-03
1.32776851863382E-03
1.12000702930909E-03
1.19246323425963E-03
9.06179506953978E-04
8.05823046932815E-04
6.55593180606508E-04
5.56133783065561E-04
4.66001519410449E-04
6.4174459500084E-04
4.98976709174935E-04
2.90185768804521E-04
2.27689766401441E-04
3.38158256111032E-04
2.46912920106098E-04
1.82322297119619E-04
1.2892511689968E-04
4.66192364510775E-05
3.00307831121487E-05
1.76925091388599E-05
9.01085095403553E-06
3.79923541605236E-06
1.27371932183399E-06
3.03544628007073E-07
4.21015018359389E-08
2.43703038991572E-09
2.23703943310998E-11
2.27670545869369E-15
1.18362066045358E-26
4.88522293195254E-269
0
0
0
0
0
0
0
0
0
0
0
0
0
0
0
0
0
0
0
0
0
0
0
0
0
0
0
0
0
0
0
0
0
0
0
0
0
0
0
0
0
0
0
0
0
0
0
0
0
0
0
0
0
0
0
0
0
0
0
0
0
0
0
0
0
0
0
0
0
0
0
0
0
0
0
0
0
0
0
0
0
0
0
0
0
0
0
0
0
0
0
0
0
0
0
0
0
0
0
0
0
0
0
0
0
0
0
0
0
0
0
0
0
0
0
0
0
0
0
0
0
0
0
0
0
0
0
0
0
0
0
0
0
0
0
0
0
0
0
0
0
0
0
0
0
0
0
0
0
0
0
0
0
0
0
0
0
0
0
0
0
0
0
0
0
0
0
0
0
0
0
0
0
0
0
0
0
0
0
0
0
0
0
0
0
0
0
0
0
0
0
0
0
0
0
0
0
0
0
0
0
0
0
0
0
0
0
0
0
0
0
0
0
0
0
0
0
0
0
0
0
0
0
0
0
0
0
0
0
0
0
0
0
0
0
0
0
0
0
0
0
0
0
0
0
0
0
0
0
0
0
0
0
0
0
0
0
0
0
0
0
0
0
0
0
0
0
0
0
0
0
0
0
0
0
0
0
0
0
0
0
0
0
0
0
0
0
0
0
0
0
0
0
0
0
0
0
0
0
0
0
0
0
0
0
0
0
0
0
0
0
0
0
0
0
0
0
0
0
0
0
0
0
0
0
0
0
0
0
0
0
0
0
0
0
0
0
0
0
0
0
0
0
0
0
0
""
