0
0
0
0
0
0
0
0
0
0
0
0
0
0
0
0
0
0
0
0
0
0
0
0
0
0
0
0
0
0
0
0
0
0
0
0
0
0
0
0
0
0
0
0
0
0
0
0
0
0
0
0
0
0
0
0
0
0
0
0
0
0
0
0
0
0
0
0
0
0
0
0
0
0
0
0
0
0
0
0
0
0
0
0
0
0
0
0
0
0
0
0
0
0
0
0
0
0
0
0
0
0
0
0
0
0
0
0
0
0
0
0
0
0
0
0
0
0
0
0
0
0
0
0
0
0
0
0
0
0
0
0
0
0
0
0
0
0
0
0
0
0
0
0
0
0
0
0
0
0
0
0
0
0
0
0
0
0
0
0
0
0
0
0
0
0
0
0
0
0
0
0
0
0
0
0
0
0
0
0
0
0
0
0
0
0
0
0
0
0
0
0
0
0
0
0
0
0
0
0
0
0
0
0
0
0
0
0
0
0
0
0
0
0
0
0
0
0
0
0
0
0
0
0
0
0
0
0
0
0
0
0
0
0
0
0
0
0
0
0
0
0
0
0
0
0
0
0
0
0
0
0
0
0
0
0
0
0
0
0
0
0
0
0
0
0
0
0
0
0
0
0
0
0
0
0
0
0
0
0
0
0
0
0
0
0
0
0
0
0
0
0
0
0
0
0
0
0
0
0
0
0
0
0
6.08131156839124E-57
6.88595909681527E-27
2.58135997491564E-18
3.02767537115611E-14
6.87170096154797E-12
2.67280595602248E-10
3.47602167506599E-09
2.2767858198074E-08
7.92679886640314E-08
2.51817057064798E-07
8.80643877836105E-07
1.79688402206441E-06
3.60047449206713E-06
6.33018450950517E-06
1.20901581550073E-05
3.53971573663233E-05
4.83554989736597E-05
6.41621680967024E-05
1.19199535801211E-04
1.73316687019785E-04
2.23241974282583E-04
2.84289216276121E-04
3.4362001697938E-04
4.17417300736188E-04
4.94176999246681E-04
6.08826062663292E-04
6.74190280778563E-04
7.87222232476805E-04
6.66302918671638E-04
6.63995614440705E-04
7.87110902997699E-04
9.36406211362481E-04
6.72521005180393E-04
6.88781779918226E-04
6.9853844414567E-04
7.75135816930636E-04
1.25401672548435E-03
1.36848208002318E-03
1.46464377154206E-03
1.92836605609752E-03
2.05034222691514E-03
2.17364386866935E-03
2.2980792069856E-03
2.42346867335008E-03
2.45282256769121E-03
2.5748129737834E-03
2.66177906163869E-03
2.93138022279365E-03
3.05924387737489E-03
3.10652662163912E-03
3.31518833112138E-03
3.44306317120944E-03
3.57074913425239E-03
3.65135036138011E-03
3.82522660629548E-03
3.95187095378231E-03
4.2328931869983E-03
4.36328096926579E-03
4.49304982779231E-03
4.62214930844909E-03
4.8084670125807E-03
4.75918202972526E-03
4.88292268989793E-03
4.63041709532257E-03
4.74335716177299E-03
6.36464136110309E-03
3.49019996893239E-03
3.29338938900811E-03
3.36450157589756E-03
3.36348676889372E-03
3.57804902953694E-03
4.17016447836508E-03
4.17454796496512E-03
3.71146845647288E-03
2.67686446217888E-03
2.72435055305204E-03
3.42351097793858E-03
3.48112407708229E-03
3.70669929132902E-03
2.65328824372909E-03
2.86850029112047E-03
2.82387558557671E-03
2.86577786748457E-03
2.72557895655903E-03
2.85625886211437E-03
2.89570591543996E-03
3.02944490024796E-03
2.97346754947919E-03
2.91463228084127E-03
2.95135615674827E-03
2.98772345169646E-03
5.03956145353046E-03
5.71087857247221E-03
5.67364133788828E-03
5.73775132489107E-03
5.06289530751832E-03
3.83831722085125E-03
3.77130844759365E-03
3.81053174345155E-03
3.73938900571402E-03
3.88783021452707E-03
3.81374425797993E-03
3.96362396475921E-03
6.28723301201009E-03
8.42199891971266E-03
8.84762172983479E-03
8.92636137663523E-03
1.07815076930377E-02
1.19494139036557E-02
1.23985716966435E-02
1.28762366490455E-02
1.33588563968065E-02
1.38463437009646E-02
1.43386125092484E-02
1.48355779436517E-02
1.53371562873545E-02
1.58432649710746E-02
1.63538225589293E-02
1.68687487338766E-02
1.73879642828041E-02
1.64784797948158E-02
1.69638359120494E-02
1.74529255778828E-02
0.011118519029337
1.00228427593876E-02
9.47095550841801E-03
9.51126587981381E-03
9.54225915811492E-03
9.56379444485222E-03
5.92783535697729E-03
5.84020937752491E-03
7.17771824902993E-03
7.34819112776056E-03
7.51965026670384E-03
7.69207630372852E-03
8.38981347468752E-03
8.57573642459344E-03
8.48879819188122E-03
8.67077341729312E-03
8.56804994087137E-03
8.45435528133262E-03
8.92455788328283E-03
1.06213938019029E-02
0.011450697589176
1.10430058454423E-02
1.06120163579787E-02
1.08128843541139E-02
1.10145629181866E-02
1.08771241326173E-02
1.03820734673433E-02
9.51077881474628E-03
1.00367530040339E-02
1.05757720215673E-02
1.03860273497253E-02
0.010184352108734
0.010737645313543
1.09142985775147E-02
1.14876214558655E-02
1.04642812137882E-02
1.02209583673863E-02
1.03805587820272E-02
1.09622224905164E-02
1.15571515410273E-02
1.12964285856311E-02
1.19050995664204E-02
1.25271154614215E-02
1.22547515455491E-02
1.38113189814208E-02
1.44735711028736E-02
1.46758816362586E-02
1.53585702158032E-02
1.50817580354893E-02
1.52852983384379E-02
1.59888755840902E-02
1.46810350558162E-02
1.48724881993935E-02
4.57122570045944E-02
0.045769076084096
4.42153981075487E-02
4.42275200478631E-02
4.47731511335707E-02
0.04531954500675
4.64260208949202E-02
3.39618290629971E-02
3.43631711589123E-02
3.59238164036058E-02
3.86839695069065E-02
3.67555985683269E-02
2.81788733888823E-02
2.78886587732765E-02
2.94242865609304E-02
2.97476397316027E-02
2.94447680137895E-02
0.029761877172657
3.58390576564144E-02
0.027163051704937
2.67934821432854E-02
3.03721239156499E-02
3.00163951024194E-02
3.16686734656519E-02
0.035389896385242
3.23054872102463E-02
3.40123129951303E-02
5.25681568273687E-02
6.72305737352358E-02
6.93038820188802E-02
7.14044172154134E-02
7.20760727869683E-02
7.27477655150985E-02
7.41610771632906E-02
7.48395420569822E-02
7.55179572663662E-02
7.61962941709908E-02
7.68745243707095E-02
7.75526196826588E-02
0.078230552138146
7.89082939796523E-02
7.95858176578921E-02
8.02630958289442E-02
8.09401013514423E-02
8.16168072838223E-02
8.22931868816337E-02
0.082969213594908
8.36448610655847E-02
8.43201031249924E-02
8.49949137913843E-02
0.085669267267528
8.63431379383473E-02
8.70165003686148E-02
8.76893293006936E-02
8.83615996523315E-02
8.90332865144978E-02
8.97043651492705E-02
8.85673147680143E-02
8.64923696467255E-02
8.71280214918565E-02
8.49915398478296E-02
8.56057983413055E-02
8.43450299162304E-02
8.68322148590481E-02
5.41774650848752E-02
5.64704947612098E-02
5.68620612391534E-02
5.53123310987066E-02
5.56896197638113E-02
5.60663868036319E-02
5.14915124078358E-02
9.86844239483809E-02
9.93359575448974E-02
9.69566029113417E-02
9.86029689132225E-02
9.92383535103378E-02
0.102961546671509
0.062168652546281
6.46450329826201E-02
7.23925984433548E-02
7.60077223740239E-02
8.17852238368406E-02
8.22834893250673E-02
8.49309679871403E-02
8.54402345759924E-02
8.59485063719008E-02
8.64557672650381E-02
9.35667101987983E-02
9.41102702961831E-02
6.68136644770519E-02
8.39946674302252E-02
8.89763511602176E-02
8.94772137621163E-02
0.100227494613542
0.100782903059413
0.101337028736795
7.06281947721047E-02
6.16976398727145E-02
6.08586377079233E-02
6.23595394685915E-02
0.102905011646746
0.10344488404426
8.96408391505672E-02
0.091305232692722
9.17731789827271E-02
0.121368257081743
0.121980668612628
0.122591399485692
0.123200431828257
0.123807747873288
0.124413329958756
0.063758751868772
6.15534188408306E-02
7.19451135176884E-02
6.08726251703006E-02
0.062433163846077
8.70464146593033E-02
8.35915547001843E-02
8.78515655992606E-02
8.43587403795385E-02
8.99552801665489E-02
9.95260610780553E-02
9.86540833977526E-02
0.125514245030191
0.116775795365356
0.117284015473962
0.133852810420419
0.134426311825864
0.134997778661266
0.135567195155501
0.136134545632307
0.135332816364795
0.112555648766456
0.113015717400449
0.114857871024947
0.115320005512293
0.112990460850889
0.113437951270217
0.113883669362835
0.110093247438373
0.111935919808623
0.11236537677066
0.112793058707576
0.113218954183672
0.117958610764887
0.144386506792992
0.144918745008816
0.145448664878272
0.145976252373811
0.146501493556706
0.147024374576811
0.147544881672316
0.148063001169521
0.148578719482606
0.149092023113408
8.97617391907262E-02
9.15679129912441E-02
9.03703873445519E-02
0.092183702583122
8.64244571830274E-02
7.14965840826989E-02
7.93605393834513E-02
8.42104629193871E-02
9.83045830498688E-02
0.101698967411513
0.128297433161265
0.127147992052999
0.129097578196963
0.127934251782502
0.128324180325785
0.127142303313358
0.129097585072004
0.120006819047852
0.121943887022077
0.122299864675529
0.1083176239779
0.138980380736225
0.14738565899657
0.149407596553282
0.149824982584432
0.150239824632265
0.155511857841685
5.84755491116006E-02
5.70044560193767E-02
0.057156710822832
8.51432978108783E-02
8.37249317736275E-02
0.123444856884077
0.125412866365541
0.137313442978536
0.137660474271594
9.31118994607999E-02
0.128346403292548
0.128661731432786
0.130649836289203
0.141038963378796
0.141375663159156
0.141709914745096
0.143732682650705
0.144065933850243
0.154589389989335
0.15664344483641
0.156995989547233
0.155635519563826
0.171405290910089
0.171779547810245
0.172150805043969
0.167343481953047
0.172884284388216
0.17324648864118
0.173605657512526
0.173961782277718
0.174314854293858
0.174664864999659
0.175011805915418
0.175355668642987
0.175696444865749
0.176034126348595
0.1763687049379
0.176700172561504
0.173487950804114
0.170259593308952
0.177675830138031
0.17799477480581
0.178310569368373
0.178623206241962
0.178932677924162
0.179238976993894
0.179542096111403
0.179842028018246
0.180138765537282
0.180432301572665
0.180722629109833
0.181009741215505
0.181293631037671
0.181574291805588
0.181851716829775
0.182125899502009
0.18239683329532
0.138825028940631
0.12805024998048
0.124569252598519
0.110068771190202
0.143287986130794
0.145323544916639
0.145519477327978
0.145712804185198
0.125587840783
0.127599012482241
0.135167452348968
0.133482500168738
0.137359172017412
0.152393156152862
0.161878102952767
0.108045250911247
0.104439831058633
0.100824009553672
0.114020713118399
0.157184086506888
0.183578750886711
0.183772763038356
0.120139406464133
0.11838269297004
0.114739087451983
0.165687546491489
0.143231383412428
0.158457593041659
0.156715814240044
0.158747458321493
0.156996569959903
0.157132697979688
0.157265988495581
0.144122039966222
0.144238884202493
0.140554355483575
0.150167306158365
0.148378339539555
0.158005973826459
0.158119318142489
0.156323418704024
0.156429742605109
0.15653323533496
0.15663389447539
0.156731717675004
0.16638930646928
9.18549349347513E-02
0.149349215013728
0.15709460637542
0.157178216938111
0.161094563704645
0.161174375368809
0.13629571218196
9.79474617730118E-02
9.79905935692685E-02
0.142242434649408
0.14614580153527
0.119270156372695
0.138558126653668
0.134756281445767
0.142503732251526
0.142548238006522
0.140663262605923
0.134919785093355
5.20538941986086E-02
5.01379713850567E-02
5.01490603368077E-02
5.40176417721607E-02
5.40276223879281E-02
5.40366219777768E-02
6.56256346892296E-02
9.45904352136798E-02
0.175687630989069
0.173773305747701
0.171855497242011
0.173796453787979
0.171872145521093
0.154495089807003
0.160289140853422
0.166080210547649
0.168005781406365
0.166066134155432
0.164123704686804
0.166039993675632
0.166022400119156
0.167932044930641
0.164048189716964
0.142795503681408
0.142769990471403
0.142741884952532
0.188995897328706
0.192807972519802
0.192759488357822
0.19270750510045
0.192652023957779
0.19259304622146
0.192530573264703
0.19246460654227
0.184699341686853
0.184629310106078
0.18071101397864
0.192165833945143
0.192082423069824
0.191995528869775
0.191905153370506
0.191811298679044
0.191713966983924
0.191613160555185
0.191508881744367
0.191401132984501
0.191289916790106
0.191175235757181
0.1910570925632
0.190935489967104
0.190810430809296
0.190681918011635
0.190549954577427
0.190414543591419
0.190275688219793
0.165416050787839
8.92941989740286E-02
9.11224745637161E-02
8.91523678537755E-02
8.52884379420005E-02
9.46852057286487E-02
9.27116950304672E-02
9.26302145454386E-02
9.06583465169556E-02
8.86882705912684E-02
8.48348715170162E-02
8.09870708791576E-02
0.124184753931735
0.078948248124511
9.76466054118346E-02
0.121932502228711
0.106813222455188
0.101083355049969
9.53637827807994E-02
8.96548111373597E-02
9.32852723007772E-02
9.13148704778842E-02
9.49313303073179E-02
0.159890773598493
0.157841435300582
0.15764845856628
0.144485963848448
0.109152792410413
0.103469930723504
0.156848309043356
0.156641234669714
0.156431355202042
0.167245876244259
0.183533177580447
0.183276395652261
0.183016337500585
0.182753009300316
0.182486417307598
0.182216567859819
0.178304598028104
0.165317081342937
0.148737782290566
0.124962260325625
0.130189454129607
0.142618249501091
0.144189569909665
0.140354207132242
0.140121090128193
0.134505274256547
0.145018451840403
0.1376195672501
0.137379648579971
0.16029034662488
0.160004240648567
0.163264533150127
0.164737662270169
0.102549779094675
0.102358130330539
8.98344561804933E-02
7.55980180815522E-02
6.84331435218278E-02
7.70557761218791E-02
8.03991901184016E-02
8.02386554414136E-02
0.118374268815198
0.133768018149423
0.133492238659378
0.133214119679309
0.13293366796903
0.132650890351261
0.140960975121497
0.140654903505214
0.171154118473111
0.170774882419143
0.170392671236075
0.170007494275491
0.169619360970938
0.169228280837969
0.168834263474191
0.168437318559314
0.168037455855203
0.16763468520593
0.167229016537833
0.166820459859571
0.166409025262182
0.165994722919153
0.165577563086474
0.165157556102715
0.164734712389088
0.164309042449524
0.157325334595915
0.156911295669447
0.158124726110146
0.156075180873453
0.154031739160015
0.15522841990008
0.145126006454465
0.131858645835832
0.121867981335421
9.27415770594055E-02
0.135526744959211
0.135136820102758
0.133159384682874
0.134350140930085
0.156016320542318
0.157122849770492
0.156650821648752
0.156176170615215
0.155698908762929
0.155219048269724
0.154736601398361
0.154251580496672
0.14146287815789
0.141011957106301
0.152781198367185
0.152286006529237
0.151788303681558
0.151288102685693
0.150785416489395
0.150280258126806
0.149772640718643
0.149262577472395
0.14875008168251
0.148235166730607
0.144763489163963
0.142782189305167
0.143742521190234
0.144690070137778
0.145624779025686
0.145095635023816
0.11709697607195
0.119545225369402
0.119100286648925
0.11865345511082
0.118204742670097
0.117754161316516
0.115888449342346
0.118255240689343
0.11779362992044
0.117330177019804
0.116864894503563
0.133026051388582
0.132490161228431
0.137450232835267
0.136887763466338
0.136323191869
0.135756533499679
0.135187803908764
0.134617018740984
0.134044193735799
0.133469344727801
0.132892487647116
0.132313638519829
0.131732813468411
0.131150028712155
0.130565300567626
0.129978645449124
9.96303614992468E-02
9.91757077379503E-02
9.87196085789183E-02
9.57098152265156E-02
9.01821031208142E-02
9.22860013421434E-02
9.68810179999725E-02
9.64178875575917E-02
7.22765798914223E-02
0.124009792697
0.123403052654344
0.122794590415451
0.122184423712283
0.121572570382234
0.120959048368773
0.120343875722113
0.11972707059989
0.119108651267858
0.118488636100602
0.117867043582264
0.117243892307289
0.116619200981187
0.115992988421306
0.106136051673027
0.11014663241628
0.108400142546643
0.107799640843076
0.108326182707204
9.98623033466507E-02
9.92959743245636E-02
9.87284290558699E-02
0.105880109897803
0.101975817250739
0.101379062881176
0.10078111216592
9.69503071269048E-02
7.49539658745388E-02
7.45012798410823E-02
0.0740477508415
8.30554012078398E-02
8.35865399228403E-02
7.37205703871496E-02
8.15116340603124E-02
8.09952866574476E-02
8.04780883175679E-02
7.89479035350724E-02
7.84356224469628E-02
7.79225521763197E-02
2.87801613856311E-02
2.85888368994389E-02
2.83972383187408E-02
2.82053721662552E-02
2.89792189726166E-02
3.06988838047499E-02
3.81079091591591E-02
3.87879280998827E-02
3.56967533019955E-02
3.54434214365401E-02
3.61158477477165E-02
3.30971675752955E-02
3.37690496972494E-02
3.26153295697258E-02
3.23740469548675E-02
3.48102447318365E-02
3.27766538346998E-02
5.89020264284565E-02
8.72408267557566E-02
8.65676393523058E-02
8.58939352698615E-02
8.52197398842078E-02
8.45450787502204E-02
8.38699776041567E-02
8.31944623659959E-02
8.25185591418328E-02
8.18422942263261E-02
8.11656941051922E-02
8.04887854577681E-02
7.98115951596206E-02
7.67601257766604E-02
7.61027837673338E-02
7.31118897494595E-02
7.17035226510588E-02
7.03085837400122E-02
3.93869159568355E-02
3.75328384348616E-02
3.34742514043398E-02
3.46431093682647E-02
4.45484585060283E-02
4.55816365796436E-02
0.028669362215777
2.41383319167403E-02
0.026017252639865
2.50699864234706E-02
0.051720735557802
0.064869152481561
6.76058950772583E-02
6.69287419563198E-02
6.62518904871175E-02
6.55753723846475E-02
6.48992196348412E-02
6.42234644989024E-02
5.46513999852454E-02
5.46997514392997E-02
5.34910639837366E-02
4.49133048981528E-02
4.25962614029749E-02
4.63379270370965E-02
4.28450987336524E-02
4.35384204364247E-02
5.81650261261655E-02
5.74950853499722E-02
5.68259165679933E-02
5.61575557197241E-02
5.54900390858097E-02
0.054823403293932
5.41576853248288E-02
0.053492922518443
5.28291525802096E-02
5.21664135874808E-02
5.15047439960896E-02
5.08441826470606E-02
5.01847687734644E-02
4.95265420074258E-02
4.88695423872797E-02
4.82138103648858E-02
4.56570113405783E-02
4.50300605120826E-02
4.53295381484824E-02
4.10439439677913E-02
3.64140440484061E-02
3.58897692583418E-02
3.49301338157978E-02
3.31243100352685E-02
0.033053399506819
3.33883348423758E-02
3.28771408076576E-02
3.27719695195658E-02
3.10626045452516E-02
2.93927731268042E-02
2.89191043803731E-02
2.99640879056275E-02
1.90238522124397E-02
1.72378105244794E-02
1.73053631644451E-02
1.70071984758123E-02
1.35769586293362E-02
1.29944969128012E-02
0.013096865377045
1.31879008898524E-02
1.58565159239164E-02
2.66726993486927E-02
3.11487380488399E-02
3.05468659195405E-02
2.99476535533131E-02
2.93511581004564E-02
2.87574374441376E-02
2.81665502140396E-02
2.75785558002176E-02
2.05150709190441E-02
0.019544500282373
1.83410998921066E-02
1.89425411362863E-02
2.07346520994051E-02
2.04975491408625E-02
2.00164364726768E-02
2.29861309264892E-02
2.24269769897105E-02
2.18713547796041E-02
2.13193330197434E-02
2.07709813745417E-02
2.02263704651544E-02
1.96855718854356E-02
1.91486582179266E-02
1.67541327448672E-02
1.57354994605093E-02
1.54545315584797E-02
1.49963790413268E-02
1.45419781520725E-02
1.07286782339402E-02
6.51224784528436E-03
6.30094689334355E-03
5.94653432824577E-03
4.90346451473369E-03
4.4618666551708E-03
4.30206355286708E-03
4.14388589343851E-03
3.98736272897783E-03
8.43606864356824E-03
1.07193645176765E-02
0.011559490864903
1.09933726804727E-02
1.11226636362332E-02
9.88347741703458E-03
9.56498694628897E-03
1.08101388297501E-02
1.10349491582169E-02
1.09243429886961E-02
1.08126433586257E-02
1.06998392266954E-02
0.010585919686214
1.04708739897522E-02
1.03546915758175E-02
1.02373620977121E-02
1.01188754547394E-02
9.99922182593537E-03
9.87839170651672E-03
9.75637594724768E-03
9.63316579694758E-03
9.50875294837402E-03
9.38312958773522E-03
7.96040806536988E-03
4.65539366218474E-03
5.30936684070116E-03
5.32103707838756E-03
5.59143888412126E-03
5.5063088978691E-03
5.42038125711166E-03
5.08363989412949E-03
5.73795445476079E-03
6.36666710216348E-03
6.17746084441822E-03
6.06787698292652E-03
6.2628330203415E-03
6.07066167996189E-03
6.10088753634211E-03
5.98021717772976E-03
6.14089455076003E-03
6.01234236016839E-03
5.95039803840844E-03
5.81834316030622E-03
6.26675836006832E-03
6.3083097655621E-03
6.15498729754102E-03
5.46058549560812E-03
5.31923886970261E-03
5.46149114828209E-03
5.36594265739421E-03
5.26643227984523E-03
5.11084246603664E-03
4.95455650095622E-03
4.74868946051917E-03
4.64018547542892E-03
4.48226260280045E-03
4.36809108493623E-03
3.95288473436966E-03
3.06633811442827E-03
3.41600830334882E-03
3.3880790236232E-03
2.5219960977695E-03
3.20064974106434E-03
3.0839717011949E-03
2.99598490002978E-03
2.75442015530531E-03
2.49538372948534E-03
2.38249744689995E-03
1.86917398603432E-03
1.73092883144397E-03
1.61917315203511E-03
2.03945398005635E-03
1.89354123382682E-03
1.75065126189907E-03
1.61111705338969E-03
1.47528592138739E-03
1.3435180291549E-03
1.21618433118906E-03
1.09366381165561E-03
9.7633988845607E-04
8.64595838511831E-04
7.58809090824315E-04
6.0000325073727E-04
4.98559225541122E-04
4.27842736543081E-04
3.53888679708808E-04
3.31029844625859E-04
2.67515425819401E-04
2.11658938565396E-04
1.63413822212448E-04
1.22615566865563E-04
8.89685471617098E-05
6.20372739898089E-05
4.12448292317839E-05
2.58817070915417E-05
1.51283183364384E-05
8.09358003817288E-06
3.86974555659244E-06
1.59943140410465E-06
5.4476772834675E-07
1.40947276307669E-07
2.55396785019025E-08
2.61613175460108E-09
1.10289333602999E-10
1.00457142582262E-12
4.55902166201342E-16
1.51847458085345E-22
1.87115055623849E-40
0
0
0
0
0
0
0
0
0
0
0
0
0
0
0
0
0
0
0
0
0
0
0
0
0
0
0
0
0
0
0
0
0
0
0
0
0
0
0
0
0
0
0
0
0
0
0
0
0
0
0
0
0
0
0
0
0
0
0
0
0
0
0
0
0
0
0
0
0
0
0
0
0
0
0
0
0
0
0
0
0
0
0
0
0
0
0
0
0
0
0
0
0
0
0
0
0
0
0
0
0
0
0
0
0
0
0
0
0
0
0
0
0
0
0
0
0
0
0
0
0
0
0
0
0
0
0
0
0
0
0
0
0
0
0
0
0
0
0
0
0
0
0
0
0
0
0
0
0
0
""
