0
0
0
0
0
0
0
0
0
0
0
0
0
0
0
0
0
0
0
0
0
0
0
0
0
0
0
0
0
0
0
0
0
0
0
0
0
0
0
0
0
0
0
0
0
0
0
0
0
0
0
0
0
0
0
0
0
0
0
0
0
0
0
0
0
0
0
0
0
0
0
0
0
0
0
0
0
0
0
0
0
0
0
0
0
0
0
0
0
0
0
0
0
0
0
0
0
0
0
0
0
0
0
0
0
0
0
0
0
0
0
0
0
0
0
0
0
0
0
0
0
0
0
0
0
0
0
0
0
0
0
0
0
0
0
0
0
0
0
0
0
0
0
0
0
0
0
0
0
0
0
0
0
0
0
0
0
0
0
0
0
0
0
0
0
0
0
0
0
0
0
0
0
0
0
0
0
0
0
0
0
0
0
0
0
0
0
0
0
0
0
0
0
0
0
0
0
0
0
0
0
0
0
0
0
0
0
0
0
0
0
0
0
0
0
0
0
0
0
0
0
0
0
0
0
0
0
0
0
0
0
0
0
0
0
0
0
0
0
0
0
0
0
0
0
0
0
0
0
0
0
0
0
0
0
0
0
0
0
0
0
0
0
0
0
0
0
0
0
0
0
0
0
0
0
0
0
0
0
0
0
0
0
0
0
0
0
0
0
0
0
0
0
0
0
0
0
0
0
0
0
0
0
0
0
0
0
0
0
0
0
0
0
0
0
0
0
0
0
0
0
0
0
0
0
0
0
0
0
0
0
0
0
0
0
0
0
0
0
0
0
0
0
0
0
0
0
0
0
0
0
0
0
0
0
0
0
0
0
0
0
0
0
0
0
0
0
0
0
0
0
0
0
0
0
0
0
0
0
0
0
0
0
0
0
0
0
0
0
0
0
0
0
0
0
0
0
0
0
0
0
0
0
0
0
0
0
0
0
0
0
0
0
0
0
0
0
0
0
0
0
0
0
0
0
0
0
0
0
0
0
0
0
0
0
0
0
0
0
0
0
0
0
0
0
0
0
0
0
0
0
0
0
0
0
0
0
0
0
0
0
0
0
0
0
3.31675133984998E-26
8.35046731067053E-15
7.92400138599546E-11
8.5208780220627E-09
1.39475791605605E-07
1.07792760935939E-06
4.08532449214219E-06
1.10283413778447E-05
2.59566869221328E-05
4.7687932022333E-05
8.15747265581233E-05
1.220843549482E-04
1.87497307905648E-04
2.60707468125702E-04
3.31660339725395E-04
4.47352871082359E-04
7.3792436515459E-04
9.01725394660794E-04
1.19173575978491E-03
1.40319655236425E-03
1.52637599846524E-03
1.80703076256592E-03
1.98148374922022E-03
2.29768454413072E-03
2.55647644030477E-03
2.8229734698878E-03
3.09631338831089E-03
7.84034800998891E-03
8.1474022016349E-03
8.66412255923309E-03
9.30785824696148E-03
1.08381081427846E-02
1.56139706616748E-02
1.65902326297385E-02
1.75735866350372E-02
1.85628674071947E-02
1.95570241209923E-02
1.72662920992547E-02
1.83228300514889E-02
2.23341412175535E-02
1.67310232844552E-02
1.84281723983119E-02
1.89272782547414E-02
1.91403624286805E-02
1.76574360383423E-02
1.71568298011029E-02
1.74630485882371E-02
1.86662607105081E-02
2.21203779642879E-02
2.18409675445229E-02
0.022507943648202
2.62859571983782E-02
2.06345364379653E-02
2.37664550802267E-02
2.47814172126111E-02
2.54285614365998E-02
3.43695400314422E-02
3.52165359191067E-02
3.56458826710579E-02
3.64768163342901E-02
2.60263830935994E-02
4.30057641449367E-02
4.25730177033108E-02
0.043929013244018
2.97282249752708E-02
2.21398824682158E-02
1.37392057980568E-02
1.50008597352256E-02
0.015279891898986
3.37082787424634E-02
5.27805979533518E-02
5.36980788689407E-02
5.46113190258385E-02
5.55203068179269E-02
5.64250328668455E-02
5.73254897862078E-02
0.058221671967814
5.91135753877995E-02
0.060001197430856
6.08845367308432E-02
6.17635930262735E-02
6.26383670292952E-02
3.23895187565365E-02
0.033475039090204
3.39232475883206E-02
3.56911283290095E-02
3.41435216536967E-02
4.61021080757648E-02
0.057659359887564
0.050027557504024
5.20361295511753E-02
5.19403951699849E-02
0.059742670571296
6.04263110657633E-02
6.11064440633938E-02
6.47605719364272E-02
7.07335354351302E-02
0.071491922197849
7.30149366313455E-02
0.072996849231558
7.45279043569726E-02
7.44860161284723E-02
8.00262791294939E-02
8.08079402248972E-02
7.99537224874195E-02
8.07115816387982E-02
8.14653636174369E-02
8.38929316444354E-02
8.46537900499265E-02
8.54105016246837E-02
8.61630705457426E-02
8.69115008143592E-02
8.76557962535151E-02
8.83959605060718E-02
0.089131997033514
8.98639091152225E-02
9.05916998482299E-02
9.13153721474056E-02
9.20349287460335E-02
9.27503721967367E-02
9.34617048727181E-02
0.056501357381568
7.11540348791969E-02
7.16782944950277E-02
7.21994768292731E-02
7.46567185564928E-02
9.66670505305113E-02
7.27613098504763E-02
9.70245132734416E-02
9.96790192016048E-02
0.100349336550029
0.101015557969438
0.101677683853257
9.61955715814806E-02
9.78401673654479E-02
0.09845751554429
9.69852684008918E-02
7.86951629477892E-02
3.90588416460686E-02
3.71692625946903E-02
0.106827251981162
0.1074525126326
0.108073674155543
0.108690735509385
0.109303695542578
0.109912552995809
0.110517306505153
0.111117954605195
0.111714495732126
0.112306928226797
0.112895250337746
0.113479460224184
0.114059555958947
0.114635535531404
0.115207396850329
0.115775137746733
0.116338755976651
0.116898249223888
0.11745361510273
0.118004851160597
0.118551954880672
0.119094923684473
0.119633754934385
0.120168445936158
0.120698993941349
0.121225396149732
0.121747649711659
0.122265751730383
0.12277969926434
0.123289489329381
0.123795118900977
7.95498143464773E-02
0.124793884276695
0.122781273572069
0.114456133126372
0.11489728335565
0.105195322194299
0.103046394123347
0.100875102457679
0.101244856743442
0.105469955872543
0.111010135116076
0.113992567324842
0.113089787615973
0.113478718822281
0.115172769378778
0.114245591913802
0.118576063313049
0.120285047641322
0.120672677230339
0.119726169995946
0.105422804578807
0.10574929341739
0.111443191458666
0.111779175566282
9.45519834310158E-02
9.48294001019355E-02
0.092386588855928
0.106275340016805
0.106574507452334
0.106870351579529
0.107162869756264
8.12778397641549E-02
9.53066195346117E-02
9.27867901806544E-02
9.30266056367803E-02
9.32635529675818E-02
9.34976299600006E-02
9.23298965858033E-02
7.85313610701803E-02
8.01255099498583E-02
8.87690599255588E-02
8.33263897347047E-02
5.52063582960293E-02
5.81683621496693E-02
0.142189033393305
0.142499699861427
0.14280605034456
0.143108081786096
0.143405791157006
0.143699175456626
0.143988231713415
0.14427295698571
0.144553348362452
0.144829402963902
0.145101117942339
0.145368490482744
0.145631517803462
0.14297239321372
0.141760190055049
0.133218996041973
0.130509707209636
0.12778680161817
0.127992904214969
0.129668718554518
0.101829500460666
0.109374062498397
0.12285844017638
0.123036937054756
0.121727322497524
0.121896490659661
0.138436246672243
0.138619958670461
0.138799592896362
9.71331675182889E-02
7.92986114894041E-02
5.54260037254608E-02
5.69907300943668E-02
5.70557863004782E-02
5.56160356216579E-02
6.01904059407043E-02
7.53170097133835E-02
0.088964696827343
9.20714602421713E-02
0.110289577293284
0.102830958702647
6.96246683010435E-02
6.21107116530889E-02
6.36790117948565E-02
6.37305629185701E-02
6.37802598439869E-02
0.060788668576132
6.08324655767671E-02
6.23963574927417E-02
6.39604945451275E-02
0.067048574889937
6.55642223126646E-02
5.79736828551538E-02
5.34258503877229E-02
5.65078153289752E-02
5.80632162776345E-02
5.80896967573376E-02
5.81144947147245E-02
0.064257358270163
6.42810463508917E-02
6.27718531086159E-02
5.66653596760646E-02
5.97451646177481E-02
6.28248770267495E-02
6.13062612310208E-02
5.97852319263311E-02
6.13283388948792E-02
6.44035539257736E-02
0.064410490077014
6.59492681226615E-02
6.90201174367715E-02
8.74273141613908E-02
7.97576173912083E-02
0.121165760478296
0.108888648529332
0.108878339266491
0.105798265976158
0.107315203691388
0.105762934111779
0.107273154105415
0.107247475494441
0.153169563890065
0.153124017320963
0.153074040097885
0.15301963279923
0.152960796054274
0.152897530543068
0.15282983699632
0.152757716195272
0.152681168971564
0.15260019620709
0.15251479883385
0.152424977833787
0.152330734238615
0.152232069129642
0.15212898363758
0.152021478942348
0.151909556272861
0.151793216906818
0.151672462170469
0.151547293438384
0.149903535011872
0.148258045330879
0.148122411378278
0.147982457566711
0.147838185476197
0.150703670135219
0.150547645925404
0.150387220424202
7.66134216686664E-02
7.95281815742546E-02
8.69301415348085E-02
8.98209252763681E-02
9.12066741976743E-02
8.21327892527866E-02
9.99245788028804E-02
7.29833415624132E-02
7.43728220724124E-02
0.046047806702345
4.44997801962194E-02
4.44358537659985E-02
4.28915944875939E-02
4.28272624145456E-02
6.34052246208529E-02
6.47783131442734E-02
7.64340212230482E-02
7.77770778142059E-02
0.079112994153525
6.58158879860691E-02
5.69420117900649E-02
6.85017649786495E-02
6.69241877257918E-02
6.82543149291134E-02
7.39256143502139E-02
0.069445479575794
0.075087813755882
7.34996016762332E-02
7.33531765429801E-02
7.46399266355419E-02
7.44861294146731E-02
7.14712346281045E-02
7.27454113843385E-02
7.82811350508584E-02
0.115033200636592
0.096355283629526
0.101791647269838
0.108609519720584
8.02110036292889E-02
9.54628166872653E-02
9.10309633465866E-02
9.22049598392728E-02
9.19756493354099E-02
8.34031912336518E-02
9.56680244007077E-02
0.095419426400415
9.37886336027134E-02
0.114171169832766
0.112489668448864
6.97706280979761E-02
7.36687016591158E-02
5.57754288185205E-02
5.69719439339523E-02
0.109555001181866
0.105186464485498
0.094116085201938
9.78524245767393E-02
0.118933410850519
0.119895695761659
0.119517841952728
0.120459918339093
0.118750721909689
0.118361461848358
0.108793085412421
0.1045080507071
0.10285002841286
9.73054109380571E-02
9.69652367794873E-02
9.91984964145699E-02
8.72897317184038E-02
7.54616460076776E-02
6.11667583926268E-02
3.68173011903768E-02
3.66784724659246E-02
3.65384313009717E-02
3.13768781324503E-02
7.00091055887666E-02
6.22604181110297E-02
5.33291350935921E-02
5.80532191904725E-02
8.24164112354428E-02
8.45232691709881E-02
8.41670682090514E-02
8.50226104942297E-02
8.58647985963704E-02
0.101142428431755
0.100694853410361
0.100243799547359
9.97892691266511E-02
9.57837192288695E-02
9.41617023927822E-02
9.48903820506604E-02
9.44386963730337E-02
9.39836685968727E-02
9.00614006007913E-02
9.76593273500869E-02
9.71713193752108E-02
9.78172214224127E-02
9.73163925373151E-02
9.34348626908152E-02
9.40644938294097E-02
9.35649518272047E-02
9.41698398187793E-02
0.084842557936319
8.43751592665886E-02
0.106787674187873
0.108351798163126
7.86447112578854E-02
9.42559768519708E-02
9.37037634978001E-02
9.31479441304708E-02
9.36406616699066E-02
0.094116978270519
9.04195507665984E-02
9.19214431804194E-02
9.13410804298929E-02
8.97373305723334E-02
9.11825603096475E-02
9.05846193953159E-02
0.090982803346459
9.63292758868284E-02
9.56729083417468E-02
9.50125661081589E-02
8.85122741554453E-02
8.69195447424772E-02
3.64359988954906E-02
3.80748163833982E-02
4.53531697708498E-02
4.31389812605339E-02
3.35055276302508E-02
3.50957802161473E-02
3.57394481240292E-02
3.45487602990866E-02
3.51748225784954E-02
3.39954821969794E-02
3.28292174446362E-02
3.34359370202776E-02
3.05364050509669E-02
2.94101026909232E-02
2.57248786739308E-02
3.14480568694459E-02
2.94825146286695E-02
2.67112366930235E-02
0.024811595881284
2.45801598866365E-02
2.43474749849268E-02
2.49173243556926E-02
2.30824074243323E-02
2.12777206641636E-02
2.34042161216587E-02
0.020076561864667
0.020632547598743
2.19274626204152E-02
2.31888776890955E-02
2.36766434387657E-02
2.34150312788814E-02
2.31520676649507E-02
2.07420241140256E-02
2.19151387302635E-02
2.16564543833152E-02
2.07062455951346E-02
2.11351352625324E-02
2.01991908658521E-02
1.86141635000754E-02
1.83745543858456E-02
0.017486115707798
1.72527571550794E-02
1.63879384463259E-02
1.49178443104247E-02
1.47073332194794E-02
1.38918028298065E-02
1.19026894812278E-02
1.17246939873651E-02
1.21231345966192E-02
1.19344423925248E-02
1.17448530976835E-02
1.26547840985047E-02
1.29862733082361E-02
1.22345964330529E-02
1.35912633015127E-02
1.28375159898036E-02
1.21012413784876E-02
1.28672535632639E-02
1.21382206321336E-02
1.09508073402981E-02
0.010733511359387
1.05152840124401E-02
1.16391097515703E-02
1.00760776362967E-02
0.010712090770351
9.21444952804084E-03
8.59227640555432E-03
8.38817011133789E-03
7.79363007636676E-03
8.73750587797381E-03
8.14149625818953E-03
7.92466775919667E-03
7.35683558700349E-03
7.48901230882372E-03
6.93979522244249E-03
7.05095404828321E-03
0.006831139521862
6.31037958406067E-03
6.97114814948974E-03
6.73008492557421E-03
7.02948634921662E-03
6.7678613328868E-03
7.50711086909301E-03
7.44538404403693E-03
7.59388258839947E-03
7.26247155355086E-03
8.40208012349119E-03
9.00253385978861E-03
7.98402995782346E-03
7.74773874450605E-03
6.98305420482931E-03
0.006420893945099
6.03216649169563E-03
5.36474485234726E-03
4.34469644205107E-03
4.03460607516803E-03
3.72919507846905E-03
3.63696062735775E-03
3.32517109340521E-03
3.02069590911304E-03
2.80231399547744E-03
2.64644813674347E-03
2.16093578189182E-03
2.05841401805766E-03
1.92546628860941E-03
1.64656580900472E-03
1.38581546373612E-03
1.11690370761119E-03
8.12345845013325E-04
6.92786488746467E-04
5.28408396711586E-04
3.7783490762562E-04
2.57382372285819E-04
3.71177663007855E-04
2.09561096762581E-04
1.24673775522632E-04
5.98710085852641E-05
2.37327521651472E-05
5.96987848302722E-06
1.14477874968011E-06
1.1039595470524E-07
2.8679131645277E-09
3.99830676661346E-12
1.03310745465615E-18
5.10921484488398E-50
0
0
0
0
0
0
0
0
0
0
0
0
0
0
0
0
0
0
0
0
0
0
0
0
0
0
0
0
0
0
0
0
0
0
0
0
0
0
0
0
0
0
0
0
0
0
0
0
0
0
0
0
0
0
0
0
0
0
0
0
0
0
0
0
0
0
0
0
0
0
0
0
0
0
0
0
0
0
0
0
0
0
0
0
0
0
0
0
0
0
0
0
0
0
0
0
0
0
0
0
0
0
0
0
0
0
0
0
0
0
0
0
0
0
0
0
0
0
0
0
0
0
0
0
0
0
0
0
0
0
0
0
0
0
0
0
0
0
0
0
0
0
0
0
0
0
0
0
0
0
0
0
0
0
0
0
0
0
0
0
0
0
0
0
0
0
0
0
0
0
0
0
0
0
0
0
0
0
0
0
0
0
0
0
0
0
0
0
0
0
0
0
0
0
0
0
0
0
0
0
0
0
0
0
0
0
0
0
0
0
0
0
0
0
0
0
0
0
0
0
0
0
0
0
0
0
0
0
0
0
0
0
0
0
0
0
0
0
0
0
0
0
0
0
0
0
0
0
0
0
0
0
0
0
0
0
0
0
0
0
0
0
0
0
0
0
0
0
0
0
0
0
0
0
0
0
0
0
0
0
0
0
0
0
0
0
0
0
0
0
0
0
0
0
0
0
0
0
0
0
0
0
0
0
0
0
0
0
0
0
0
0
0
0
0
0
0
0
0
0
0
0
0
0
0
0
0
0
0
0
0
0
0
0
0
0
0
0
0
0
0
0
0
0
0
0
0
0
0
0
0
0
0
0
0
0
0
0
0
0
0
0
0
0
0
0
0
0
0
0
0
0
0
0
0
0
0
0
0
0
0
0
0
0
0
0
0
0
0
0
0
0
0
0
0
0
0
0
0
0
0
""
