0
0
0
0
0
0
0
0
0
0
0
0
0
0
0
0
0
0
0
0
0
0
0
0
0
0
0
0
0
0
0
0
0
0
0
0
0
0
0
0
0
0
0
0
0
0
0
0
0
0
0
0
0
0
0
0
0
0
0
0
0
0
0
0
0
0
0
0
0
0
0
0
0
0
0
0
0
0
0
0
0
0
0
0
0
0
0
0
0
0
0
0
0
0
0
0
0
0
0
0
0
0
0
0
0
0
0
0
0
0
0
0
0
0
0
0
0
0
0
0
0
0
0
0
0
0
0
0
0
0
0
0
0
0
0
0
0
0
0
0
0
0
0
0
0
0
0
0
0
0
0
0
0
0
0
0
0
0
0
0
0
0
0
0
0
0
0
0
0
0
0
0
0
0
0
0
0
0
0
0
0
0
0
0
0
0
0
0
0
0
0
0
0
0
0
0
0
0
0
0
0
0
0
0
0
0
0
0
0
0
0
0
0
0
0
0
0
0
0
0
0
0
0
0
0
0
0
0
0
0
0
0
0
0
0
0
0
0
0
0
0
0
0
0
0
0
0
0
0
0
0
0
0
0
0
0
0
0
0
0
0
0
0
0
0
0
0
0
0
0
0
0
0
0
0
0
0
0
0
0
0
0
0
0
0
0
0
0
0
0
0
0
0
0
0
0
0
0
0
0
0
0
0
0
0
0
0
0
0
0
0
0
0
0
0
0
0
0
0
0
2.45729002282698E-83
7.08486677344544E-30
7.66394448724713E-19
4.46122489760661E-14
2.02351694013095E-11
1.00050445589392E-09
1.49508807795714E-08
1.08832580259357E-07
4.97139271930268E-07
1.65042742533385E-06
4.36152737969521E-06
9.73656028441836E-06
1.91185630723562E-05
3.3974340078648E-05
5.57763908934911E-05
8.59018030848361E-05
1.25558363863782E-04
1.75739371960242E-04
2.37203584668364E-04
3.10474654574254E-04
3.95854192098191E-04
4.93443321718642E-04
6.03168680469669E-04
7.24809900100135E-04
8.58026561885455E-04
1.00238336432892E-03
1.15737280273601E-03
1.32243505356813E-03
1.49697501993756E-03
1.68037666024585E-03
1.87201481737244E-03
2.07126481272636E-03
2.2775100842263E-03
2.4901481417283E-03
2.70859509590392E-03
2.93228899277037E-03
3.16069215973763E-03
2.95216468601414E-03
2.6859081345579E-03
2.90187944864491E-03
3.04255638496358E-03
2.74451396433838E-03
2.99209313084212E-03
3.20215889468263E-03
2.19370926799126E-03
2.0339861377224E-03
2.52193913210443E-03
3.51391746252677E-03
5.00938997309068E-03
5.21645823984375E-03
5.42338955397632E-03
5.69868730898618E-03
5.90740569999906E-03
6.1155512663133E-03
6.85626826947716E-03
7.1590141706064E-03
7.38458706528129E-03
7.60906740595913E-03
7.74629429682648E-03
8.1429051143495E-03
8.2750863303043E-03
5.97406289492315E-03
5.45708513326181E-03
5.59256852304031E-03
5.42564550306077E-03
5.86056409418722E-03
8.5164068018795E-03
8.81059632667468E-03
8.99810806574417E-03
8.84805923517931E-03
8.68294305646505E-03
7.92052750792631E-03
0.010325846165772
1.05163649959189E-02
1.07051650231295E-02
1.08922410407155E-02
1.09502613666923E-02
1.10023323601315E-02
1.11800442288574E-02
1.13560706556249E-02
0.011530415416393
1.14277169575411E-02
1.13153013323755E-02
1.11932933703821E-02
1.20674379446413E-02
1.22315207006021E-02
1.16562506436837E-02
1.27043132688131E-02
1.28654789813034E-02
1.33315165289347E-02
0.013493212556906
1.34963633361164E-02
1.39705424132181E-02
1.41292520000083E-02
1.39616855473283E-02
1.41137036646263E-02
1.44300648958672E-02
1.45807914017887E-02
1.43913907144436E-02
1.48777415092701E-02
1.55051245789725E-02
1.61217859241489E-02
1.65553028532188E-02
1.69814996107393E-02
1.76047195297684E-02
0.015266133693498
1.49211493123336E-02
1.54293186003313E-02
1.54735347184965E-02
1.47659386906201E-02
1.42358429093306E-02
1.54504419487084E-02
1.56544984006529E-02
1.25681062270527E-02
1.26528194649044E-02
1.99542092142251E-02
2.08090046610433E-02
2.44330187149776E-02
2.57163453645915E-02
0.027359292353054
2.80662996849008E-02
2.87781127171144E-02
2.94946362872172E-02
3.12822157670996E-02
3.16694750799635E-02
3.20441452058602E-02
3.24059798204548E-02
3.50943622290066E-02
3.98676922005671E-02
4.07464499859009E-02
0.041629909249263
4.25179714585693E-02
0.026480429058789
2.56983600663442E-02
2.62211101901431E-02
2.62851659019239E-02
3.95001362958109E-02
4.02676317378931E-02
4.10384450725206E-02
4.18125020836876E-02
4.25897295346878E-02
4.33700551492984E-02
4.52046792026577E-02
4.60097097052524E-02
4.68176958585616E-02
4.76285674130621E-02
4.95688190813961E-02
5.04042411051921E-02
5.82300061249392E-02
0.059185504090396
6.01439639117068E-02
6.11053098348294E-02
6.20694670286704E-02
6.30363615673349E-02
6.40059204127436E-02
5.84802642578487E-02
5.86979414558051E-02
6.09061774874903E-02
5.50065882666112E-02
5.58018581813974E-02
0.058695202812362
5.95236402262074E-02
5.67613589614892E-02
5.75437664549278E-02
5.90660632936385E-02
6.06097585391023E-02
2.72962788907847E-02
2.61191127218317E-02
2.49025819858902E-02
2.60112211100915E-02
0.023947439756483
0.02505707045706
2.61872651387195E-02
2.56811973887256E-02
4.44411927692079E-02
4.24306752046925E-02
4.37950488900415E-02
4.86556749699923E-02
3.60384921318999E-02
3.64545233624891E-02
3.68709760357311E-02
3.54689093963308E-02
3.49461500450412E-02
3.44033585375553E-02
3.47805034544116E-02
5.22617876623155E-02
0.052823216861516
5.14437346879592E-02
4.90428474033551E-02
3.56789863278311E-02
3.50459906939838E-02
0.033381138491227
3.37190487681462E-02
3.30250447705672E-02
3.02260923377173E-02
3.05233140142157E-02
2.97578188579649E-02
2.68258025626098E-02
2.81654405806768E-02
3.06191481096099E-02
2.75949031893812E-02
2.56231751360819E-02
2.58590253340167E-02
2.38257337519972E-02
2.51858321470276E-02
2.77214499826025E-02
2.68020818282763E-02
0.027037709538282
2.96448509026338E-02
2.87047637392186E-02
0.024125310509985
0.024329894525985
2.45343801844993E-02
2.59756971987765E-02
0.026190174672926
2.76618813294887E-02
2.91538514991153E-02
5.36655978861696E-02
5.53813578477206E-02
5.45209156247361E-02
5.49480704524342E-02
5.66933166939054E-02
5.71298926387013E-02
5.22110860413405E-02
5.12574312674645E-02
5.30011443015226E-02
0.060241157284525
3.72389381458855E-02
3.05648528203272E-02
3.21860050971379E-02
0.029598653064134
2.98098267945285E-02
3.00207356982351E-02
0.023033426505934
2.31936983863319E-02
2.33537514995561E-02
2.35135802578171E-02
2.36731791111105E-02
0.023832542546793
2.39916650891677E-02
2.11317236366942E-02
1.97511971909823E-02
2.29383123236511E-02
2.30865357021917E-02
2.47834752879802E-02
2.64998544686799E-02
2.66669708334107E-02
2.52553280649993E-02
2.38237894347609E-02
2.39704334619371E-02
0.022509010875581
2.26453513102629E-02
2.11541770774006E-02
2.12802729064425E-02
1.97594858486442E-02
1.98754000220978E-02
2.16569899865821E-02
2.01064851681165E-02
0.021906786260269
2.37259809898714E-02
2.38597338210082E-02
2.57069764296986E-02
0.020679693770245
2.42591239079942E-02
2.43916174489218E-02
2.62754849640056E-02
2.64167415326867E-02
2.47871318361581E-02
2.66981798603177E-02
2.68383531160941E-02
2.15825254463494E-02
2.16940693994277E-02
1.99882017714493E-02
2.19162470099464E-02
2.56980197495029E-02
2.76714861732676E-02
2.59550530922727E-02
2.23568691214448E-02
2.24662280001181E-02
2.25752618119995E-02
2.26839673877296E-02
2.08929797791859E-02
1.90836510415874E-02
1.91734027449063E-02
1.73365834624243E-02
1.54816414294347E-02
1.55527552144274E-02
1.95295446772528E-02
1.96178512496525E-02
0.013794102865082
0.01385550050619
0.011928588917041
1.59744695297876E-02
1.80493972781181E-02
1.40989631732644E-02
1.41592883566674E-02
1.62507359768383E-02
1.63191752881578E-02
1.63873598787006E-02
1.43983768851508E-02
1.44575877164586E-02
0.01659036658676
0.018739702815141
1.88149462166377E-02
2.09887672944685E-02
2.10717042484251E-02
1.90388739684234E-02
1.91129089884111E-02
1.91866368851287E-02
1.71200494869589E-02
1.50369048498573E-02
1.72497404811218E-02
1.73141668563938E-02
0.026067467279222
2.83435307366189E-02
2.84468419341976E-02
2.85496870699381E-02
2.86520634197019E-02
2.87539682771133E-02
3.10750450268536E-02
2.89563527778763E-02
2.90568270968243E-02
2.24283225188571E-02
2.47553533552956E-02
0.029355346750291
3.17195596997848E-02
3.40983628476339E-02
3.64916394008117E-02
3.66110793455852E-02
3.67299037774268E-02
3.91511164746003E-02
3.92760496951396E-02
3.24473216980273E-02
3.25491120750361E-02
3.26503506176191E-02
0.037429753975807
3.51976733893207E-02
3.53043528866304E-02
3.77711254619042E-02
3.78836292126138E-02
4.03702026008623E-02
3.33433532105674E-02
3.34400851211002E-02
3.11407965893882E-02
3.12295497953473E-02
2.89087061423056E-02
0.026573833795148
2.66475612975697E-02
2.91499941261351E-02
3.16652013457808E-02
2.68659713473219E-02
0.024488949503435
2.20984768048281E-02
2.46183495319531E-02
2.71506478536368E-02
2.72206377763454E-02
2.97710754654432E-02
2.98463894457038E-02
0.034908044826645
3.24950698714378E-02
3.25749570261199E-02
3.26542725393386E-02
3.27330144494703E-02
3.28111808112734E-02
3.28887696958749E-02
3.55016083592756E-02
3.55839156612572E-02
3.56655949385876E-02
3.57466441843847E-02
3.83861372242763E-02
3.59068446416289E-02
3.85564199218432E-02
3.86405371380824E-02
3.87239688513085E-02
4.13938272255736E-02
4.14813521464276E-02
3.89701306911331E-02
3.64474135239092E-02
3.91307742137925E-02
3.92100507759963E-02
3.92886279655415E-02
3.67420702841287E-02
2.89253628539528E-02
3.16161154606632E-02
2.90369971068341E-02
2.90920353142193E-02
2.91465524646909E-02
2.65459520383434E-02
3.19134745573872E-02
2.93069644822235E-02
2.66903494372174E-02
2.94112767789747E-02
2.94626404285339E-02
0.032196517195051
3.22513926100914E-02
3.23056872142023E-02
3.23593997056648E-02
2.97114847311613E-02
2.97596504499414E-02
3.25170317100102E-02
3.52824366169736E-02
3.26191859538497E-02
2.99469309937081E-02
2.72658181411757E-02
2.73066602347186E-02
0.021877606423093
2.19094884501425E-02
2.46835951988286E-02
2.19720608539192E-02
2.20027497426318E-02
2.20330394470451E-02
2.20629292478921E-02
2.48539707402756E-02
2.48866946002041E-02
2.76877402309801E-02
2.49507847986576E-02
2.22063552168963E-02
2.22338310458145E-02
2.22609022133269E-02
2.50735140892275E-02
2.78922850169324E-02
2.79246017446111E-02
2.51607685672107E-02
2.51889368308006E-02
2.52166456964276E-02
2.52438945107283E-02
2.52706826314681E-02
2.52970094275414E-02
2.53228742789719E-02
2.81647517521254E-02
2.81924619151635E-02
2.82196568139865E-02
2.82463358091984E-02
2.82724982737705E-02
3.11279579523467E-02
2.83232711647223E-02
3.40174564786646E-02
3.68835619333787E-02
0.034074649868194
3.41023108351302E-02
2.84411225948828E-02
2.84631317255814E-02
2.56361573151063E-02
2.85055846318353E-02
2.85260274131155E-02
3.71097312355524E-02
3.71349462108306E-02
4.00179015092884E-02
4.29038445552778E-02
4.29305787438759E-02
4.58202933188442E-02
4.87125736999455E-02
5.16072614711823E-02
5.16355560789174E-02
0.051662902373988
5.74325552419497E-02
5.74608305487375E-02
6.61112576383177E-02
6.61413453194447E-02
6.61702174723034E-02
7.48323786523693E-02
7.77415842709699E-02
0.077771192283287
8.06808285718203E-02
8.35910156185516E-02
8.36182073218672E-02
8.65281322874168E-02
8.36679766885033E-02
7.79187909027431E-02
7.50517705197056E-02
7.50692506002593E-02
0.106852228266381
0.11265010068247
0.11555908129935
0.115577471462694
0.112703891492618
0.109827477568897
0.09249590393301
8.67223207184122E-02
9.25100112159285E-02
8.96234326643962E-02
8.96261425377437E-02
7.80624025452909E-02
8.09530705232395E-02
7.80599396599332E-02
7.22745863621493E-02
7.80517303455442E-02
8.09360439953457E-02
7.80377753667876E-02
8.95884426961564E-02
8.95763095085571E-02
8.66734141865466E-02
0.127099107505482
0.138627129753253
0.179022593756366
0.141453398597955
0.271292818018267
0.170234497920231
0.193262442312465
0.175902320670405
0.175846048335253
0.175786542232561
0.167081649466857
0.175657834349298
0.172710133347524
0.172638894123571
0.172564481710564
9.48677938145338E-02
9.19499436459229E-02
9.19051856372066E-02
9.75999104025928E-02
9.75487682651719E-02
9.74958345215622E-02
0.100307025420155
0.103113102921264
0.097326296227928
9.72662088443431E-02
9.72043364574044E-02
0.111426074707165
0.114206167650415
0.122686618531496
0.176771165868202
0.176642105829906
0.190744469683105
0.164995289307089
0.173393001809197
9.65674124363382E-02
9.64877765340719E-02
9.64063738576773E-02
9.63232063167616E-02
9.34077383376086E-02
0.090495608931847
9.04123616318398E-02
8.18592614114538E-02
7.33207382658929E-02
7.60663465042522E-02
7.59905363879888E-02
7.59133380955563E-02
0.073026058871958
7.57547842835791E-02
7.56734324982024E-02
7.27910444492513E-02
5.87273468090548E-02
6.14542302249841E-02
5.58031392228191E-02
5.57377796041769E-02
5.56714047105607E-02
5.56040161104749E-02
5.27588346272965E-02
6.37861348168487E-02
6.37051517465111E-02
6.91554461013663E-02
0.223770292774293
0.220713950505673
0.223171398760121
0.222865871547447
0.228051517799296
0.224986429931088
0.22466487194668
0.199716643021172
0.21308225523705
0.210037033953971
0.190654396085726
0.141412206496728
0.138477628948252
0.154525898824911
0.154279892208579
0.175649500842056
0.175362622346695
0.215473946823513
0.217802004256432
0.268435449826862
0.267974704107526
0.267509137181691
0.267038760233502
0.266563584571124
0.266083621626778
0.265598882956775
0.265109380241547
0.264615125285688
0.264116130017991
0.263612406491492
0.263103966883512
0.2625908234957
0.262072988754084
0.261550475209117
0.261023295535734
0.2604914625334
0.259954989126172
0.259413888362755
0.22003794740408
0.22215335752378
0.190744586177164
0.190330573044773
0.195045974127096
0.181810307583637
0.196733259293889
0.196288480436193
0.193296853616502
0.18777598872036
0.199996582773034
0.176795265908792
0.176375257423056
0.165897738462962
0.175525944652782
0.175096661354811
0.184645125162758
0.139383115249221
0.143997786168477
0.116391425127328
0.116092956578819
0.113328793566163
0.103203786765462
9.80301538084296E-02
0.107546211002376
0.165761413834106
0.21636446072703
0.235168036937522
0.224848164960852
0.241098988063303
0.240421595178195
0.239740058819993
0.239054396204488
0.238364624676151
0.237670761708334
0.236972824903467
0.226819998713541
0.157828416562116
0.105684637244196
0.095997685315675
8.87006102190252E-02
0.107042301553357
0.109028111652251
0.104060172326048
0.101424857410596
9.19093444335505E-02
9.16127243887316E-02
9.35974274452363E-02
9.32902407985479E-02
8.84458080618515E-02
8.81506390591813E-02
8.78539980202506E-02
9.20459384589423E-02
9.84430399078662E-02
9.36441910935419E-02
9.10966058655931E-02
0.088563061386069
0.105899908764316
0.10552240012765
0.118286052443272
0.120040011211801
0.123950670333747
0.121327650114444
0.114401661880355
0.131177059806098
0.130682156839193
0.091769853930005
9.99220211903948E-02
9.95358510172836E-02
9.70385507148688E-02
9.66574822854149E-02
8.79031439912564E-02
0.087552405853967
0.110038447260875
0.113727916920884
0.119441191650348
0.123050945902875
7.76087362440383E-02
7.32164156235971E-02
6.48067779224218E-02
6.45312916285735E-02
5.62229562100862E-02
5.39808738940818E-02
5.37459250611949E-02
4.55827234049435E-02
4.53811858610642E-02
4.32146562718161E-02
5.08424890593114E-02
5.25589737880099E-02
5.03814412397191E-02
5.01497839580787E-02
4.79974806652583E-02
5.15951678312083E-02
5.32542317348351E-02
5.11086672753724E-02
4.70965666924055E-02
4.68696076107269E-02
4.85076481926883E-02
4.82702050897439E-02
4.80320695457351E-02
5.33078541437949E-02
5.30407201562962E-02
5.45925903492714E-02
5.43147037448626E-02
5.22348569845951E-02
0.050172886652562
4.09986715175285E-02
0.042556526997459
4.23312518192471E-02
4.21054037299422E-02
4.01340316839585E-02
4.16520162754548E-02
0.041424490745639
4.11964199761311E-02
3.92608188680953E-02
3.90412262460038E-02
0.038821131428458
4.02788256791328E-02
4.00481349825876E-02
4.14759811118508E-02
4.28840247640407E-02
4.59119238742857E-02
4.56404913878385E-02
4.37482032886714E-02
4.18748383694237E-02
4.32220996713659E-02
4.61403786821621E-02
4.58564856994824E-02
4.71435175983922E-02
4.37255067151248E-02
4.34499075144039E-02
4.31738279548485E-02
4.44293228434294E-02
4.87088738130349E-02
5.14162563449021E-02
7.21112414956142E-02
0.149237673615967
0.148242078797604
0.147245002818373
0.146246480066063
0.140889148806387
0.137032971311806
0.113161637059084
0.108101349135919
0.111574373931337
0.116388340859473
0.114159784412435
7.87799387194716E-02
7.68322586352183E-02
5.58376602534207E-02
5.67744727704781E-02
5.63489647647404E-02
7.72270637948275E-02
9.24945549779908E-02
9.17834019564361E-02
8.71685743599321E-02
0.129084729703154
0.112698365491149
0.110531040745142
7.05752968852964E-02
6.75036677485907E-02
7.31515289395086E-02
0.103289681730608
0.103650382626157
0.10519939324728
0.10311021331338
0.102229860320078
0.100170703206223
9.81317449531839E-02
0.082217171230317
0.110182953344982
0.110336317022667
0.109341784009629
0.109464117070167
9.62851575872072E-02
9.42964909219278E-02
0.092328348594477
0.107596152973849
0.106570827735386
5.91055681177084E-02
6.06219994546269E-02
5.48528636318533E-02
7.17300823881208E-02
5.78250569323896E-02
5.32246054019834E-02
5.16882816778418E-02
5.21402294802202E-02
5.25720148287755E-02
4.62403039992321E-02
4.47971068172836E-02
4.24317212949121E-02
4.47711267410237E-02
5.53526673883594E-02
6.02161306235547E-02
6.22515113589914E-02
5.26301002867184E-02
0.053795015643133
4.88177803638538E-02
0.070652666043869
6.89716185530721E-02
7.15187788266085E-02
7.06610314433723E-02
6.98044312606859E-02
6.48932026228199E-02
6.64926387844945E-02
0.064868764112887
6.48283710526771E-02
5.08901846751333E-02
5.09923051346835E-02
0.063093463676442
6.29989805050572E-02
6.36174673077989E-02
6.34766566394477E-02
6.26063932129257E-02
6.24395378193824E-02
5.94880033463628E-02
3.75042988405388E-02
0.034948921240166
3.51027769050374E-02
3.45858260257959E-02
0.03857003826602
3.41890688046347E-02
4.67590704365351E-02
4.54215555750996E-02
3.80635440091073E-02
3.21078771561602E-02
3.33465275062245E-02
1.84157902216974E-02
1.75457219210894E-02
1.61390897940138E-02
1.64124648570586E-02
1.66679964797728E-02
1.63775040818873E-02
1.66070662001382E-02
1.68191379614889E-02
1.60130404809681E-02
1.57178137310924E-02
1.59058088670738E-02
1.56039174122648E-02
4.31276240841147E-02
4.18297178042846E-02
0.041445055259823
3.79897289875125E-02
0.038067540629742
3.72760108174857E-02
3.64885527966808E-02
3.57052539130302E-02
3.53186319822534E-02
3.06979677231307E-02
3.00055766900192E-02
2.93172494864391E-02
0.028275156965493
2.72542965879918E-02
3.40968740492758E-02
3.32578523358075E-02
3.24244522373825E-02
3.15967868701767E-02
0.030774970998642
2.99591210633724E-02
2.91493552089354E-02
0.028345793311606
2.75485570069374E-02
2.67577697170934E-02
2.59735566778619E-02
2.51960449652565E-02
2.44253635216076E-02
2.36616431810331E-02
2.29050166941676E-02
0.022155618752015
2.14135860087811E-02
2.06790571035233E-02
1.99521726804429E-02
1.92330754076246E-02
1.85219099940135E-02
1.78188232043968E-02
1.71490523974619E-02
1.69797340673622E-02
1.68087078096514E-02
1.66359554205411E-02
1.64614588526241E-02
1.62852002509134E-02
1.61071619919595E-02
1.59273267262837E-02
1.46434800046767E-02
1.44728436067255E-02
1.41467208572849E-02
1.38226096028195E-02
1.33505459029598E-02
1.12553365678579E-02
1.28627725514173E-02
1.16818208673036E-02
1.15224795029934E-02
1.09407655140808E-02
1.36877480540622E-02
1.34871969409155E-02
8.45389689223801E-03
0.009777146247351
8.71258208472477E-03
8.57155316130736E-03
8.93242879677627E-03
9.15115273183544E-03
9.59848161192381E-03
9.18729598542601E-03
9.36892800173907E-03
3.90619464548994E-03
4.1678688487015E-03
0.004194548329265
3.99975649221742E-03
3.91465108486037E-03
3.51841193478925E-03
3.54010422662816E-03
3.55648186336954E-03
3.56750785276502E-03
4.51345165668989E-03
3.84825272647724E-03
3.65737357281691E-03
3.2104329947609E-03
3.28842281459142E-03
3.43792405869093E-03
3.17519335778249E-03
0.002921937933144
2.82706030160973E-03
2.7318500624132E-03
2.63636122011806E-03
2.87494928525983E-03
2.31611635810546E-03
2.28702982603307E-03
2.19359878886554E-03
1.92995096062169E-03
1.95279906687616E-03
1.96583449570584E-03
1.91997948818046E-03
1.86962726427273E-03
1.81494799831156E-03
1.67250935591978E-03
1.53587935944352E-03
1.33118490353113E-03
1.21115671037428E-03
1.12935839305067E-03
1.04897969715708E-03
9.97917042368536E-04
9.44236112709525E-04
9.35053278066177E-04
9.15685345865492E-04
8.29121658322922E-04
1.14464695875245E-03
1.06846146528654E-03
8.50243027469693E-04
7.94328385820255E-04
8.15569335944976E-04
7.09540716839762E-04
4.79874460709645E-04
4.011322760248E-04
3.24607210240902E-04
2.61943306308718E-04
1.76820525601256E-04
8.47818823046127E-05
6.14786611051217E-05
4.4410646990509E-05
3.07875896523419E-05
2.22170483333721E-05
2.28702903240027E-05
1.31886231694006E-05
6.80877697327381E-06
3.1749826554543E-06
1.2449256498956E-06
5.18523724664373E-07
6.81631814316416E-08
1.0631536398668E-08
9.76828923598963E-10
3.12977382136627E-11
1.59996773901753E-13
1.76021493157784E-17
7.28501038479463E-26
6.68229438854379E-55
0
0
0
0
0
0
0
0
0
0
0
0
0
0
0
0
0
0
0
0
0
0
0
0
0
0
0
0
0
0
0
0
0
0
0
0
0
0
0
0
0
0
0
0
0
0
0
0
0
0
0
0
0
0
0
0
0
0
0
0
0
0
0
0
0
0
0
0
0
0
0
0
0
0
0
0
0
0
0
0
0
0
0
0
0
0
0
0
0
0
0
0
0
0
0
0
0
0
0
0
0
0
0
0
0
0
0
0
0
0
0
0
0
0
0
0
0
0
0
0
0
0
0
0
0
0
0
0
0
0
0
0
0
0
0
0
0
0
0
0
0
0
0
0
0
0
0
0
0
0
0
0
0
0
0
""
