0
0
0
0
0
0
0
0
0
0
0
0
0
0
0
0
0
0
0
0
0
0
0
0
0
0
0
0
0
0
0
0
0
0
0
0
0
0
0
0
0
0
0
0
0
0
0
0
0
0
0
0
0
0
0
0
0
0
0
0
0
0
0
0
0
0
0
0
0
0
0
0
0
0
0
0
0
0
0
0
0
0
0
0
0
0
0
0
0
0
0
0
0
0
0
0
0
0
0
0
0
0
0
0
0
0
0
0
0
0
0
0
0
0
0
0
0
0
0
0
0
0
0
0
0
0
0
0
0
0
0
0
0
0
0
0
0
0
0
0
0
0
0
0
0
0
0
0
0
0
0
0
0
0
0
0
0
0
0
0
0
0
0
0
0
0
0
0
0
0
0
0
0
0
0
0
0
0
0
0
0
0
0
0
0
0
0
0
0
0
0
0
0
0
0
0
0
0
0
0
0
0
0
0
0
0
0
0
0
0
0
0
0
0
0
0
0
0
0
0
0
0
0
0
0
0
0
0
0
0
0
0
0
0
0
0
0
0
0
0
0
0
0
0
0
0
0
0
0
0
0
0
0
0
0
0
0
0
0
0
0
0
0
0
0
0
0
0
0
0
0
0
0
0
0
0
0
0
0
0
0
0
0
0
0
0
0
0
0
0
0
0
0
0
0
0
0
0
0
0
0
0
0
0
0
0
0
0
0
0
0
0
0
0
0
0
0
0
0
0
1.7364849494644E-83
5.47896363813114E-30
7.76613041374376E-19
5.94829986347548E-14
2.69802258684126E-11
1.3340059411919E-09
1.99345077060952E-08
1.45110107012475E-07
6.62852362573691E-07
2.20056990044513E-06
5.81536983959361E-06
1.29820803792245E-05
2.54914174298082E-05
4.5299120104864E-05
6.99064099198422E-05
1.07663593199661E-04
1.60714705745641E-04
2.01514479847745E-04
2.84644301602037E-04
3.72569585489105E-04
4.22244471571404E-04
5.26339543166551E-04
6.43379925834313E-04
6.76489240093459E-04
1.02963187426255E-03
1.2964158178654E-03
1.54316373698134E-03
1.76324673809083E-03
1.97600702631758E-03
2.19569216938791E-03
1.77217402711258E-03
1.82271303519919E-03
2.00420887411915E-03
2.29093629039004E-03
2.60025129206776E-03
3.01048336591092E-03
3.2449772839973E-03
3.48378054901286E-03
3.77478981073002E-03
4.07552847009685E-03
4.44048769697387E-03
3.7755218557036E-03
3.49844735298463E-03
3.75202456346651E-03
3.94527558274397E-03
4.0679722754448E-03
4.10982673379981E-03
4.13861390030931E-03
2.52505836041969E-03
2.54461377553354E-03
2.82192627198768E-03
2.5632649743231E-03
2.84694250602364E-03
3.24197898455163E-03
2.94565599725685E-03
3.04192543512946E-03
3.1377732585078E-03
3.45613318072869E-03
3.90183712729037E-03
4.01244599837512E-03
4.36488070169897E-03
4.48054717119236E-03
4.59544011222047E-03
4.70953138782342E-03
4.0189966689339E-03
4.38685499447932E-03
4.20563298858247E-03
4.72763705333763E-03
9.07126341587217E-03
6.72004498874378E-03
7.00728737890162E-03
7.14400520322765E-03
7.12127321777376E-03
8.05851723825202E-03
0.014765744859489
1.50237807458144E-02
1.47701199829803E-02
1.50149476914736E-02
1.54328453668934E-02
1.58539653074606E-02
1.60973642675918E-02
1.67055782029918E-02
1.69496694855336E-02
1.66246382547448E-02
1.68561037956894E-02
1.70852987563966E-02
1.73122372429395E-02
1.77362177399901E-02
1.81630291500753E-02
1.61408399354152E-02
1.63366098390126E-02
1.67396754556483E-02
1.69339908039008E-02
1.54137294545545E-02
1.38534554268064E-02
1.37854779980071E-02
1.37113260313221E-02
1.47483867052576E-02
1.51250694567486E-02
1.32246591193512E-02
1.29209371491437E-02
1.27020131523597E-02
1.11637291270748E-02
9.47804629436612E-03
1.06447141342785E-02
1.21563657188965E-02
1.22880053160395E-02
0.012101426353201
1.15660764562499E-02
1.19418520558021E-02
1.19880782394363E-02
1.13303240957195E-02
1.13207672049919E-02
1.16573738917591E-02
1.23716456990176E-02
1.88938406086383E-02
1.34763077804852E-02
1.34381602932377E-02
1.67260782859132E-02
1.71666148097593E-02
1.67297158906075E-02
0.01715401228628
1.80437774933564E-02
1.84849456805588E-02
1.89288816569897E-02
1.93755296593573E-02
2.18581510945813E-02
2.23564085310709E-02
2.39206153203403E-02
2.87941579900366E-02
2.94184692028125E-02
2.89122205918271E-02
2.43099020867571E-02
2.06768414326907E-02
2.83308546882005E-02
2.95131687319848E-02
3.00953419396655E-02
3.13192691294724E-02
3.25701945020005E-02
3.18571444447143E-02
3.51534275524407E-02
3.30438515423226E-02
3.71449301975327E-02
3.92330857951765E-02
0.041373777735473
4.20903618999154E-02
4.13073492344967E-02
6.94967566753406E-02
7.22052075949247E-02
6.70769046357821E-02
6.65593200622888E-02
8.14737464464392E-02
8.27592893715604E-02
8.40484820897798E-02
8.53412272169915E-02
8.66374285301462E-02
8.79369909450264E-02
8.92398204944913E-02
9.05458243071788E-02
9.18549105866624E-02
9.31669885910508E-02
9.44819686130276E-02
9.57997619603194E-02
0.097120280936587
9.74590044345035E-02
9.87714583600186E-02
9.19985695948669E-02
9.32093826543798E-02
9.44222900298337E-02
9.66881754395321E-02
9.57897590259319E-02
9.69951114466837E-02
5.78302105146722E-02
5.96466519996207E-02
5.81369062641211E-02
6.33631416390075E-02
7.21330217012448E-02
7.53004493583214E-02
5.27392567783901E-02
4.74205181951078E-02
5.03603575122181E-02
4.85044914821618E-02
4.78210474300563E-02
4.83506660527805E-02
5.64008164125593E-02
5.57459068398031E-02
4.22585734892128E-02
3.49429141276704E-02
3.66186593945052E-02
3.83218742039667E-02
3.07069632747286E-02
2.69746573666481E-02
2.45229445586517E-02
2.20166965137114E-02
2.22352863174013E-02
2.24539321483886E-02
0.026923740871492
2.71834799301112E-02
2.74432497965568E-02
0.023328874750179
0.026491107061806
2.82226276861192E-02
2.84824047157286E-02
2.57166650021557E-02
0.025949039181786
2.92615305371916E-02
2.95211336079565E-02
3.13480690298922E-02
3.32022330109498E-02
3.34888910290884E-02
0.03216708067998
2.59518874943841E-02
2.45343801844993E-02
0.02473875923693
1.99544187984198E-02
1.67647765633265E-02
0.016900783477748
1.87403675158052E-02
1.71725140613087E-02
1.55774044642103E-02
1.56994487006955E-02
1.58213907052759E-02
1.59432258526608E-02
1.42799551566059E-02
1.43880508820953E-02
1.44960394670831E-02
0.012778427302778
1.65506391759491E-02
1.66717379019967E-02
1.67926983115502E-02
1.50342364770205E-02
0.015141499324205
2.09668630273388E-02
1.34361654617948E-02
0.011596849193166
0.011676875749778
1.17567901289085E-02
0.015782119407407
0.015888361697862
1.59944433927784E-02
1.81129059743093E-02
1.82318743301375E-02
1.83506498589208E-02
1.84692285617534E-02
1.65223168586535E-02
1.87057796249505E-02
1.88237441177017E-02
1.68368853766662E-02
1.90590315478087E-02
1.91763467695497E-02
1.71497225718712E-02
1.50969008735086E-02
1.08482959371285E-02
1.09129604648423E-02
1.09774921381357E-02
1.10418889011654E-02
1.11061487110677E-02
1.11702695378425E-02
1.34810992370886E-02
1.35577034227836E-02
1.59064892140054E-02
9.14025828611505E-03
9.19097500899779E-03
1.15519637657115E-02
1.39380671136696E-02
0.014013591980803
1.40889288174329E-02
1.18033961124562E-02
9.49268617255741E-03
1.19281569404863E-02
1.19902919146385E-02
1.68731650884437E-02
1.45368740155995E-02
0.017045969896625
1.71320131663353E-02
1.72178136189221E-02
1.48314589098701E-02
1.49045794142965E-02
1.24812377778434E-02
1.25418121177775E-02
1.00817632834354E-02
1.26624119873854E-02
1.27224340277249E-02
1.27822684966042E-02
1.28419136758698E-02
1.29013678578623E-02
1.55527552144274E-02
1.30196964515018E-02
0.015694280999722
1.57646889886651E-02
0.0131957147678
1.59047852227213E-02
1.59744695297876E-02
1.60439086916605E-02
1.34275839745375E-02
1.61820438361913E-02
1.62507359768383E-02
1.90390378361841E-02
1.63873598787006E-02
1.64552878687437E-02
1.92767836219448E-02
2.21204887823466E-02
2.22100181512782E-02
2.50865949555169E-02
2.79850230592914E-02
2.80956056645668E-02
3.10263131337271E-02
3.39785048682863E-02
3.41095766846732E-02
3.42400989739178E-02
3.43700682282452E-02
0.03162452421539
2.88569447606563E-02
2.89638525324689E-02
2.90702879349937E-02
2.91762481376385E-02
2.92817303281416E-02
2.64480585412633E-02
0.029491249514988
2.95952809779558E-02
2.96988233619244E-02
2.68216865509148E-02
2.69139870226285E-02
3.00064889155098E-02
2.70972431541148E-02
0.027188194028387
2.72786902781071E-02
2.73687295506088E-02
2.74583095091889E-02
2.75474278330701E-02
2.76360822173649E-02
2.77242703730397E-02
2.78119900268806E-02
2.78992389214595E-02
2.48764576134241E-02
2.80723154818552E-02
3.12868207905073E-02
2.82434823093043E-02
3.14759378849201E-02
3.78836292126138E-02
3.79954848008116E-02
0.041282246832131
4.45867801614669E-02
4.47149899745062E-02
4.48424304753704E-02
4.81811769038426E-02
4.50949906826755E-02
5.16801188801352E-02
5.18222117797957E-02
5.19634073366659E-02
5.21037020069273E-02
4.57127057397453E-02
4.25600294018912E-02
3.28244660426042E-02
3.62008638048491E-02
3.29947124561762E-02
2.97710754654432E-02
2.98463894457038E-02
2.99211812799814E-02
2.66626214329746E-02
2.67281698675856E-02
2.67932492630471E-02
2.68578580098217E-02
3.02872438257908E-02
3.03588643346538E-02
3.04299500222363E-02
2.71115547895293E-02
3.05705099473608E-02
3.06399807294726E-02
3.41210108660233E-02
3.41969948967895E-02
3.76996105902467E-02
3.77818585350139E-02
3.78634362101683E-02
3.79443416234424E-02
0.038024572800892
3.81041277868857E-02
3.81830046440953E-02
0.038261201453486
3.83387163143075E-02
3.49232248582591E-02
4.54901822565403E-02
0.042073255060295
4.91806240499206E-02
4.57552681683446E-02
4.58419950405879E-02
4.94608163037179E-02
4.95524438049076E-02
5.67350658797995E-02
5.68377492988578E-02
5.69394121327304E-02
0.053475048689045
4.99972079999363E-02
5.00834711923016E-02
3.94183687456673E-02
4.66637704205144E-02
4.67413551304048E-02
4.32167050635073E-02
4.32867642908238E-02
4.33560422800136E-02
4.34245373747368E-02
3.98678939435941E-02
4.71891033840249E-02
4.72607514447046E-02
5.09724324381414E-02
5.10477483205503E-02
4.74705583086421E-02
4.75387759384847E-02
4.76061318501583E-02
0.047672624442369
5.50825986176129E-02
5.51573231197303E-02
5.52310460895013E-02
5.53037657782313E-02
4.43003843695681E-02
0.044356950753169
4.44127104337926E-02
4.81733005992648E-02
4.45218044266538E-02
4.08605414787411E-02
3.71897133559098E-02
2.97862418609185E-02
2.98201701537312E-02
2.98535547624303E-02
2.98863948994697E-02
2.99186897904927E-02
3.36942435086241E-02
3.37293459033885E-02
3.00122954417445E-02
2.62871016353171E-02
2.63129644541526E-02
2.63383463597208E-02
3.01294248631449E-02
2.63876650555191E-02
3.01846864992453E-02
2.64350530870742E-02
0.026458021705628
3.40463648615803E-02
3.02885776606168E-02
3.03131651867824E-02
3.03371974345416E-02
3.03606738406201E-02
3.03835938549408E-02
3.04059569406243E-02
3.04277625739898E-02
3.42551365251253E-02
3.04696994550405E-02
3.43010584365329E-02
3.43230756442223E-02
3.81605144390008E-02
4.20019355422739E-02
0.03820594015682
3.82276010897647E-02
3.82485600584573E-02
3.82688165733245E-02
3.06306961290398E-02
2.68150542560775E-02
2.29952200481105E-02
2.68399662165863E-02
2.68516824525289E-02
2.30253472776521E-02
2.68736340689772E-02
0.023043316232085
1.92097210885286E-02
1.92163254295521E-02
1.92225763958315E-02
1.92284738416482E-02
1.53872141036328E-02
1.15435245781842E-02
1.53952349784011E-02
1.53988206359506E-02
1.54021229933522E-02
1.92564274670889E-02
1.92598468832251E-02
2.31154942925389E-02
1.92656224773706E-02
1.92679785208591E-02
1.92699799860438E-02
1.92716268263138E-02
1.92729190033184E-02
2.69833990817537E-02
2.31293271065145E-02
2.31296007541603E-02
2.69843568410798E-02
0.026983682845409
2.69825122418691E-02
0.026980845057719
2.69786813317819E-02
3.08297384165087E-02
3.08261308201828E-02
2.69692114649419E-02
2.31129104497458E-02
2.31089286373603E-02
2.69552752297991E-02
2.69496377697755E-02
2.69435044948485E-02
0.026936875547913
2.69297510834264E-02
1.92300937624343E-02
2.30691568092334E-02
2.30617768308529E-02
2.30539727518113E-02
2.30457447540492E-02
2.30370930294161E-02
2.30280177796698E-02
2.30185192164762E-02
2.30085975614085E-02
2.29982530459476E-02
2.68187335633942E-02
2.29762964093017E-02
2.29646848006101E-02
0.022952651356511
2.29401963580146E-02
2.67485401120413E-02
2.67330266832907E-02
3.05337399930754E-02
3.05148890492057E-02
3.43074128673192E-02
4.95226998698509E-02
0.04948933931518
4.94550710359518E-02
3.42137740390068E-02
0.030390039712672
3.41631885999591E-02
3.41369564083632E-02
3.79001096850704E-02
4.54434882053356E-02
5.29736812343924E-02
4.91483474568551E-02
0.049105948318349
4.52886004061132E-02
4.52478044659235E-02
4.89733625505799E-02
4.51637304339055E-02
4.51204543174725E-02
4.13199906936679E-02
3.75261908088833E-02
3.74880681953365E-02
3.37043348639806E-02
2.99278160132658E-02
2.98956770363269E-02
3.35958666688852E-02
2.98297634585675E-02
2.97959904121135E-02
3.72020928152127E-02
4.08743717097298E-02
4.08256967877445E-02
4.44832128883799E-02
4.81308666775337E-02
4.80707102967555E-02
4.80096795770808E-02
0.055324356881093
5.52519241418009E-02
0.051499921784657
5.14304458048015E-02
0.047691462224145
4.76252165685277E-02
0.043899791206066
4.01839608359915E-02
3.28301330993707E-02
2.91394537076308E-02
2.18220295017113E-02
2.17890738383687E-02
2.17557240764197E-02
2.17219810114905E-02
2.16878454491104E-02
2.16533182047129E-02
2.52214667875773E-02
0.025180273977987
2.51386271294099E-02
2.86817454164849E-02
2.50539753171738E-02
2.50109723833691E-02
2.85343079660471E-02
2.84841344249068E-02
2.48792678933049E-02
2.48344713518326E-02
2.47892290759657E-02
2.12087504193238E-02
0.021169210022855
2.11292904014393E-02
2.10889925193194E-02
0.021048317350681
0.021007265879656
2.44601456170478E-02
2.44113776861843E-02
2.43621742500018E-02
0.031258975504008
3.46606652168229E-02
3.45885184483673E-02
4.14189077466503E-02
4.13308572137265E-02
3.78052332963749E-02
3.77231766395046E-02
4.10623103425464E-02
4.09713369202562E-02
3.74730017702645E-02
3.73882819878462E-02
3.05205558341845E-02
3.04501603330313E-02
3.03792277629924E-02
3.36752887445318E-02
0.026876229702561
2.68117557111858E-02
3.00901619404769E-02
0.033351745019964
3.99232703054613E-02
3.65051016128913E-02
3.64132332839827E-02
3.63207284085279E-02
3.62275892870073E-02
0.042703603372757
4.91446603645058E-02
3.92120615233718E-02
3.25897609098109E-02
3.25022380066874E-02
3.24141514197797E-02
3.55580536950205E-02
3.54599256569085E-02
4.17904912643059E-02
4.48786977665964E-02
4.15549435287987E-02
4.14360953421112E-02
3.81383399481842E-02
4.11962653627779E-02
3.79156519845547E-02
0.031502777599103
3.14086401118639E-02
3.13139665908729E-02
2.49750075618016E-02
3.11230211294825E-02
3.10267540734368E-02
3.09299607524117E-02
3.08326436521625E-02
3.38082858035318E-02
3.37000929589685E-02
3.05375747962439E-02
3.04381877870687E-02
3.33721186596432E-02
3.62854597176827E-02
3.31506676803759E-02
2.70319993908463E-02
2.99336385232333E-02
3.28143466359554E-02
3.56739775594445E-02
3.85123862196003E-02
3.83773266006299E-02
3.82416337204476E-02
3.51741333758833E-02
3.21270759722468E-02
3.20106696564803E-02
3.47931706199991E-02
3.17762893156877E-02
2.87802922969446E-02
2.86725813783821E-02
2.85644058664903E-02
2.84557686604667E-02
2.55120054103136E-02
2.54134087703703E-02
2.53144045343136E-02
2.52149953788039E-02
2.23246079977794E-02
2.22355316454519E-02
1.66095769450377E-02
1.65422424612194E-02
1.64746471241859E-02
1.91412582515583E-02
2.17849084193792E-02
2.16937527773621E-02
2.43025417209082E-02
2.15104305428578E-02
2.14182690324138E-02
2.13257773408718E-02
2.65411975610839E-02
2.64247671912716E-02
2.89387272157511E-02
2.61907007707976E-02
3.12876855749608E-02
2.85505536626226E-02
3.10039638398271E-02
3.08614055126638E-02
3.07183876257653E-02
3.31228237928744E-02
3.29669053596598E-02
3.28105024483872E-02
3.26536195734011E-02
3.24962612767707E-02
2.73632887240806E-02
2.72293464608812E-02
2.70950135899019E-02
2.69602940497353E-02
3.17024994037633E-02
2.66897108374216E-02
0.02413986833105
2.64176288197952E-02
3.10594060230146E-02
3.32742841301681E-02
3.54637724978825E-02
3.52760431827059E-02
3.74270255377264E-02
3.95523790508576E-02
4.39660171796468E-02
4.60272119395989E-02
0.043485109974805
4.32438004923949E-02
4.52651898504391E-02
4.27595070806204E-02
0.044754250754592
4.00481349825876E-02
3.76048895414114E-02
3.51868921140847E-02
4.15393596957823E-02
4.12937779223301E-02
3.67268867114772E-02
3.43588417390144E-02
3.62852194771961E-02
3.60637442573221E-02
3.79501950616406E-02
3.56195466298963E-02
3.74790057558213E-02
3.51737346545174E-02
3.08384485391775E-02
2.85981848187592E-02
3.04430461331468E-02
3.22611804517033E-02
3.20494406647174E-02
3.18373703714064E-02
3.16249768101555E-02
3.14122672679196E-02
2.92492960132127E-02
3.09859296343944E-02
3.84653954559454E-02
3.43782188533925E-02
3.22407532510636E-02
3.20129005372612E-02
2.99150755622741E-02
2.78438498566914E-02
3.13276949293805E-02
0.032928110843665
0.032685459660539
3.78496485136521E-02
3.75659765098269E-02
3.37313611977408E-02
3.34742198967967E-02
3.84616160579351E-02
3.81633559386767E-02
3.78648540462586E-02
3.58585708380929E-02
3.72671708259483E-02
3.69680126542029E-02
3.50019017955655E-02
0.033062837938761
2.95113376373165E-02
2.76401020336419E-02
2.74082710376056E-02
2.87749432502455E-02
2.85292633451382E-02
3.14261029666583E-02
3.11529349057727E-02
2.93357042887516E-02
2.90760571327035E-02
2.88163577103873E-02
2.85566171296626E-02
0.028296846589567
2.65614227826778E-02
2.77772608917307E-02
2.89657564217967E-02
2.72576920867083E-02
2.55769986564926E-02
2.95527840588542E-02
2.36913561087048E-02
0.024839032588009
2.45931711044986E-02
2.29947594818859E-02
2.27627243228608E-02
2.38561300051577E-02
2.36106699533073E-02
2.33653399239002E-02
2.31201519996161E-02
2.41459582844933E-02
2.51447237303183E-02
2.61164905989305E-02
2.46011855059375E-02
2.31132622595462E-02
0.024058555114586
2.37876159487993E-02
2.35169467292385E-02
2.44088901819269E-02
2.41253006003455E-02
2.83833821206058E-02
2.69247167347232E-02
2.43849834000657E-02
2.40893723566289E-02
0.023794174295034
2.24312516381427E-02
2.53146396538096E-02
2.49940707672972E-02
2.57021134722896E-02
2.73988505201285E-02
3.30489571638506E-02
3.35994562693638E-02
3.31493316239871E-02
3.17383283197238E-02
3.03546148911155E-02
0.028998137414245
2.67465441402251E-02
2.45482683319891E-02
1.97147760841962E-02
2.03110407249273E-02
1.91418408193084E-02
1.62851272678751E-02
1.60393162293348E-02
1.66254472663236E-02
0.016368128135171
1.53059753687416E-02
1.50629547152356E-02
1.40406431605156E-02
0.013811842666273
1.43384394193849E-02
1.40985152223569E-02
1.45888576507188E-02
1.50549645623755E-02
1.62014018874584E-02
1.66070662001382E-02
1.63094671141711E-02
1.60130404809681E-02
1.70276315420168E-02
1.60664736031048E-02
1.63919940492478E-02
1.54579297792526E-02
1.39432392680949E-02
1.24780811534951E-02
1.22265794442569E-02
1.31169053855291E-02
1.34026106310061E-02
1.42127696286697E-02
1.33727542745431E-02
0.013080974808242
1.22791870892523E-02
1.20022306760077E-02
1.17268997945756E-02
1.14532281379212E-02
0.011181249882253
1.09109996957683E-02
1.10859507786025E-02
1.08081507457942E-02
1.01109717984566E-02
9.84799071956545E-03
1.03858286353024E-02
1.04937678752167E-02
1.02044855921782E-02
9.91748052249748E-03
1.07031078868373E-02
1.03894226711448E-02
9.74247071989918E-03
7.81611632691443E-03
7.88721439367769E-03
7.94040578731145E-03
7.0897980006448E-03
7.7088909631612E-03
7.44446055726839E-03
6.38469525774173E-03
5.64170211956988E-03
5.68005239816413E-03
5.70202342540697E-03
5.71635079915395E-03
5.43351490155591E-03
5.37878649908846E-03
5.54531847351371E-03
5.92612518694467E-03
5.86267209032881E-03
5.7985783171054E-03
5.94620197781258E-03
6.08832860409498E-03
5.80988703925897E-03
5.33064843897692E-03
5.46828511759893E-03
5.80023717132338E-03
5.33147521635375E-03
5.4569338096922E-03
5.38421373307822E-03
5.50044289031785E-03
5.42362734886057E-03
5.71475002930545E-03
0.005631018251426
6.08322739335645E-03
5.9896031064853E-03
5.89508041553516E-03
1.10875812036812E-02
1.10711793537509E-02
1.05526806277021E-02
6.96598665506707E-03
6.99984456032458E-03
6.87054720127532E-03
4.59552311234111E-03
4.3556106887331E-03
4.56249116516544E-03
4.61233181084531E-03
4.79632925712622E-03
4.69121591305233E-03
4.58527785544218E-03
4.74197581782605E-03
4.11388292931462E-03
3.38508874251741E-03
3.05416883053749E-03
2.97347444944464E-03
2.89228197726207E-03
3.26031663668892E-03
3.16507294292181E-03
3.28103313637524E-03
3.28077241616169E-03
2.97585294906287E-03
2.87563164464547E-03
4.99521073285527E-03
4.81386857066762E-03
4.37488645419921E-03
3.70869701518877E-03
3.39909001517904E-03
3.17874275867101E-03
3.03768743736292E-03
2.75906595888539E-03
2.95381459720071E-03
0.0054842399752
5.07595212535915E-03
4.79452682030338E-03
4.46323916419485E-03
4.19076728889431E-03
4.01411938295476E-03
3.82906274215276E-03
3.3167738995824E-03
3.62206926489321E-03
2.8922547596508E-03
2.52464385077868E-03
2.1578941483962E-03
1.97960830049194E-03
1.82681029780693E-03
1.63108127067897E-03
1.40792931430465E-03
8.50493019161081E-04
7.94657301689976E-04
6.46670020410923E-04
5.38271881854205E-04
3.31093307195073E-04
2.93193609249847E-04
2.08428007170377E-04
1.42346083502898E-04
1.09616979141317E-04
8.19715481401623E-05
5.92141959873454E-05
4.10501195364558E-05
2.79300036190964E-05
1.62983678171054E-05
9.39878892532E-06
5.57443728806043E-06
2.59940100446551E-06
1.03743804157966E-06
3.26477900714605E-07
8.15627812002549E-08
1.38023455000252E-08
1.30243856479862E-09
4.65826801319631E-11
2.37032257632226E-13
2.45126227508618E-17
1.46884762230006E-25
1.31524524472925E-54
0
0
0
0
0
0
0
0
0
0
0
0
0
0
0
0
0
0
0
0
0
0
0
0
0
0
0
0
0
0
0
0
0
0
0
0
0
0
0
0
0
0
0
0
0
0
0
0
0
0
0
0
0
0
0
0
0
0
0
0
0
0
0
0
0
0
0
0
0
0
0
0
0
0
0
0
0
0
0
0
0
0
0
0
0
0
0
0
0
0
0
0
0
0
0
0
0
0
0
0
0
0
0
0
0
0
0
0
0
0
0
0
0
0
0
0
0
0
0
0
0
0
0
0
0
0
0
0
0
0
0
0
0
0
0
0
0
0
0
0
0
0
0
0
0
0
0
0
0
0
0
0
0
0
0
""
