0
0
0
0
0
0
0
0
0
0
0
0
0
0
0
0
0
0
0
0
0
0
0
0
0
0
0
0
0
0
0
0
0
0
0
0
0
0
0
0
0
0
0
0
0
0
0
0
0
0
0
0
0
0
0
0
0
0
0
0
0
0
0
0
0
0
0
0
0
0
0
0
0
0
0
0
0
0
0
0
0
0
0
0
0
0
0
0
0
0
0
0
0
0
0
0
0
0
0
0
0
0
0
0
0
0
0
0
0
0
0
0
0
0
0
0
0
0
0
0
0
0
0
0
0
0
0
0
0
0
0
0
0
0
0
0
0
0
0
0
0
0
0
0
0
0
0
0
0
0
0
0
0
0
0
0
0
0
0
0
0
0
0
0
0
0
0
0
0
0
0
0
0
0
0
0
0
0
0
0
0
0
0
0
0
0
0
0
0
0
0
0
0
0
0
0
0
0
0
0
0
0
0
0
0
0
0
0
0
0
0
0
0
0
0
0
0
0
0
0
0
0
0
0
0
0
0
0
0
0
0
0
0
0
0
0
0
0
0
0
0
0
0
0
0
0
0
0
0
0
0
0
0
0
0
0
0
0
0
0
0
0
0
0
0
0
0
0
0
0
0
0
0
0
0
0
0
0
0
0
0
0
0
0
0
0
0
0
0
0
0
0
0
0
0
0
0
0
0
0
0
0
0
0
0
0
0
0
0
0
0
0
0
0
0
0
0
0
0
0
0
0
0
0
0
0
0
0
0
0
0
0
0
0
0
0
0
0
0
0
0
0
0
0
0
0
0
0
0
0
0
0
0
0
0
0
0
0
0
0
0
0
0
0
0
0
0
0
0
0
0
0
0
0
0
0
0
0
0
0
0
0
0
0
0
0
0
0
0
0
0
0
0
0
0
0
0
0
0
0
0
0
0
0
0
0
0
0
0
0
0
0
0
0
0
0
0
0
0
0
0
0
0
0
0
0
0
0
0
0
0
0
0
0
0
0
0
0
0
0
0
0
0
0
0
0
0
0
0
0
0
0
0
0
0
0
0
0
0
0
0
0
0
0
0
0
0
0
0
0
0
0
0
0
0
0
0
0
0
0
0
0
0
0
0
0
0
0
0
0
0
0
0
0
0
0
0
0
0
0
0
0
0
0
0
0
1.55675451025307E-94
3.03076053395818E-23
6.39301377451827E-14
2.85905416704294E-10
2.62126472763776E-08
4.10860096448621E-07
2.3054387920674E-06
9.6608256219208E-06
2.84832914882279E-05
6.7807378376978E-05
1.50396962238158E-04
2.62927380059759E-04
4.09698297934505E-04
6.10798906869656E-04
8.61924919442591E-04
1.16372560192909E-03
1.53497215236931E-03
1.91572341492093E-03
2.36191134585605E-03
2.8878356690112E-03
3.51076010230594E-03
4.04824476046855E-03
4.66354731081234E-03
5.31006456743442E-03
5.76023241884678E-03
3.92705145907447E-03
4.35121283275804E-03
3.97213807215035E-03
5.90081594328886E-03
1.04069049955558E-02
7.32744797760316E-03
1.01392639522628E-02
1.13187561672662E-02
1.33720378932941E-02
1.43960899730755E-02
1.52645050086763E-02
1.59450791749085E-02
1.70130546301914E-02
1.81041139005178E-02
1.89939748665592E-02
2.01183056564253E-02
2.10189912673812E-02
2.19188360060722E-02
1.06126759917124E-02
1.04781545561897E-02
1.00147863441594E-02
1.00809847111809E-02
1.01252233301199E-02
1.01474903210759E-02
1.47306812265553E-02
1.51893038863141E-02
1.52979730476549E-02
1.50263162290799E-02
1.65511197244272E-02
1.66222773485552E-02
1.58955737610661E-02
2.02753007459443E-02
1.79234787626737E-02
1.79347187721548E-02
1.32295007711984E-02
1.35273410291697E-02
1.47149998889075E-02
0.015483168110431
1.62680011458245E-02
1.56468492312894E-02
1.45028331301781E-02
1.62571962548632E-02
1.80644556191347E-02
1.83913943668772E-02
1.92358257641591E-02
1.74515816279852E-02
2.63481820113213E-02
2.78732268996446E-02
5.55283518195214E-02
5.63967130041292E-02
5.43955634475288E-02
4.70720943105227E-02
3.59670406661654E-02
0.032294433718525
3.27456849580616E-02
3.25787499361992E-02
2.99001987992076E-02
2.96609525044352E-02
3.13199938092568E-02
3.10665339479548E-02
2.88284535255475E-02
3.38181945905502E-02
5.50178138577747E-02
5.49774310012589E-02
5.56029733568798E-02
5.62235168091894E-02
5.68390861291691E-02
4.61016159091857E-02
4.22872673019773E-02
5.28629906783958E-02
3.36493480566661E-02
0.033246209986919
3.20798123782935E-02
3.31416932017497E-02
0.034975612648241
2.99285900269251E-02
0.025555252548447
2.42217018522383E-02
2.44351578121508E-02
4.13430619212098E-02
0.055326231122193
5.98321679801479E-02
6.03247447473133E-02
6.90311167100591E-02
6.95807544249808E-02
6.92908406679633E-02
6.89833618794277E-02
6.95061400412533E-02
7.00243637509327E-02
7.05380506228133E-02
8.14443717220724E-02
8.02777216987257E-02
0.080838897241135
7.96255996598708E-02
0.080164780340095
8.06990888028193E-02
8.12285415038964E-02
7.90280493580109E-02
7.86163682293731E-02
7.81885946691489E-02
7.86704374587369E-02
8.10100669224984E-02
8.05573081907942E-02
8.19733824228637E-02
0.088134244286063
8.86368874214899E-02
9.20099734689629E-02
9.34825300181597E-02
8.81776844979683E-02
6.23476299892714E-02
5.87595645078631E-02
7.58002428673325E-02
6.43148889803355E-02
6.36447660395561E-02
6.49602050849454E-02
6.52778650023642E-02
6.25648699426519E-02
6.48893283072416E-02
6.51923070326463E-02
3.37693301166279E-02
0.030838366858886
2.68457143988792E-02
2.48894129059392E-02
2.60384958623344E-02
2.61492613635454E-02
0.026258770405141
2.63670250519519E-02
2.54150662181588E-02
2.65797791308142E-02
2.77516537032675E-02
2.89305420977015E-02
2.90407146862283E-02
3.02291574044783E-02
3.14242214672112E-02
3.04507092020761E-02
3.16508112029059E-02
2.95714737371681E-02
2.96736167904762E-02
0.029774427366488
2.98739069880619E-02
2.99720571327269E-02
2.78415548461523E-02
2.68127774948844E-02
3.13792316702029E-02
3.03513909707015E-02
2.93153990394664E-02
2.71405478250831E-02
2.83537017687887E-02
2.72973869893132E-02
2.73740486934506E-02
2.74495397740395E-02
2.75238611645407E-02
2.75970137690864E-02
2.65161235272918E-02
2.54281647536254E-02
2.66507396727932E-02
2.43932092486887E-02
2.21233424636732E-02
2.10085740151645E-02
2.22271706898405E-02
2.34502147749885E-02
2.46775615447411E-02
2.47313815301818E-02
2.12435880175782E-02
2.12879790408667E-02
2.13315005362834E-02
2.01866999888578E-02
2.14159366311154E-02
2.14568520382637E-02
2.03026273374685E-02
2.03396306268297E-02
0.019177237560054
2.28124958577663E-02
2.28511074630498E-02
2.40934786900274E-02
2.41321979578427E-02
2.29614576890556E-02
2.66274266718518E-02
2.54547157576249E-02
2.54913335284485E-02
2.55269427042771E-02
1.94754617671939E-02
2.07198723213499E-02
2.31869860727539E-02
2.32155562166674E-02
0.024466542114482
2.32699626576567E-02
2.20697046596782E-02
2.33207253156181E-02
2.45734112608538E-02
2.33678456834889E-02
2.33900404383984E-02
0.022179150113973
2.09652051550474E-02
1.97483493535379E-02
1.85287264655008E-02
1.97788345293848E-02
2.10299863755573E-02
2.22820385222667E-02
2.10574951358139E-02
2.35488563797933E-02
0.018601544423296
2.35741472603838E-02
2.48267678236701E-02
2.35958028595403E-02
2.73324151262252E-02
2.73423222278065E-02
2.98376479759366E-02
3.10897504926693E-02
2.98535254305006E-02
3.35922107575625E-02
3.48422817259157E-02
0.036091388728812
3.48500958118409E-02
4.23202795615098E-02
3.73420237055701E-02
3.73411900628201E-02
3.73389222089753E-02
3.48462054543462E-02
3.73300838013721E-02
3.73235131914879E-02
3.35839574323704E-02
3.10883907920247E-02
3.10793293398905E-02
3.10690724673333E-02
3.10576201083889E-02
2.98031733015732E-02
3.10311286276206E-02
2.97754457603817E-02
2.85198658723876E-02
2.85038292952945E-02
2.84866923497578E-02
2.47551781929071E-02
2.59752806382777E-02
2.96647076062226E-02
2.84071384825114E-02
2.71503892211015E-02
2.46615269438689E-02
2.58719203898826E-02
2.58482317579319E-02
2.58235372280738E-02
2.70263050352076E-02
2.57711297626125E-02
2.57434164486514E-02
2.32656777672945E-02
2.32387820580267E-02
2.32109751722801E-02
2.19621381157317E-02
1.94969490708375E-02
1.70373260167377E-02
0.015798853146441
1.69903008305085E-02
1.93894625034298E-02
2.17807533304999E-02
2.17474962732098E-02
0.024125970964841
2.52914501338015E-02
2.16425318569548E-02
1.80048430356327E-02
1.79735207209037E-02
1.91375743915957E-02
1.91026224651874E-02
2.02585805462801E-02
2.25986055559144E-02
2.37414226822123E-02
0.021324486807314
0.021280824030161
2.00564976737625E-02
2.00136176132162E-02
2.23193172271983E-02
2.10974724290843E-02
2.57271141996875E-02
2.56673630192846E-02
2.32786776843542E-02
2.20612979955328E-02
2.08486705795532E-02
2.19516393702053E-02
2.42002069163652E-02
2.18382872082208E-02
2.29265520045375E-02
2.28644591544733E-02
2.50815305817256E-02
2.27373480729961E-02
2.60731774904076E-02
2.48669642578381E-02
2.47932914748558E-02
2.58421118328552E-02
2.57628374537873E-02
0.02233255221438
2.67139862521588E-02
2.66277304014752E-02
2.87519850184752E-02
3.30645941961834E-02
2.63618735628552E-02
2.62708871206342E-02
5.01758697045529E-02
5.54313786140658E-02
5.73963625275418E-02
5.71849378324746E-02
6.77201033493118E-02
6.31791895527985E-02
6.40017215370415E-02
6.37504270018486E-02
6.34961352309753E-02
6.21848609623274E-02
0.104964235962202
0.104525383591329
0.104081504017344
0.103632588702966
0.103178628865498
0.102719615470877
0.102255539227625
0.101786390580697
0.101312159705224
0.100832836500166
0.100348410581864
9.98588712775018E-02
9.93642076184765E-02
9.88644083336816E-02
8.65563264215857E-02
8.12149656866567E-02
0.081760626639552
8.13234395772348E-02
0.077993248407193
7.94783875702005E-02
0.079033431947277
7.95309259241074E-02
7.53064746159071E-02
4.77264356220727E-02
4.27910941889875E-02
3.79092938326406E-02
3.03250047845945E-02
3.10491013799249E-02
2.99450161487408E-02
3.87682397630066E-02
3.85149025251603E-02
0.027582245708559
2.38612540416779E-02
2.28200981831696E-02
2.35328617426768E-02
2.33664511499781E-02
2.31985570469859E-02
2.13233091357405E-02
1.86252781533645E-02
1.76446024012783E-02
0.017509358448244
1.73729380148271E-02
1.64146059746866E-02
1.54683056007906E-02
0.016149113383011
1.52139273738716E-02
1.58790629988554E-02
0.017316547735598
1.32637524078023E-02
1.31455501855585E-02
1.30263574883575E-02
1.44245425959207E-02
1.27849820953185E-02
1.26627899318186E-02
1.32772112084212E-02
1.16850564601615E-02
1.08442388348846E-02
1.07328334568088E-02
1.06205198252804E-02
9.80680720052491E-03
9.00739642741437E-03
8.22246731103736E-03
8.12967366719021E-03
7.36645723702972E-03
8.60366880976011E-03
8.50070962894272E-03
9.04284941215248E-03
7.6544591871621E-03
6.92737972589062E-03
6.8374691428718E-03
6.74685266549827E-03
6.65552719833214E-03
6.56348974095479E-03
6.47073740657393E-03
5.79751585694933E-03
5.71188841246099E-03
5.6256040242511E-03
5.53866068983714E-03
4.90595096350107E-03
6.43534836056637E-03
6.32863255827905E-03
5.70269281525202E-03
6.11280831858303E-03
6.00369903179906E-03
6.38494128155896E-03
6.26501208798613E-03
5.67158911923795E-03
6.0225723446955E-03
5.90006812129581E-03
5.33235098750241E-03
5.21770575103026E-03
4.6770970147901E-03
4.57059595387509E-03
4.86916631204353E-03
5.14744069260464E-03
5.01915906376254E-03
4.89010161965365E-03
4.39411123993169E-03
3.56133638880295E-03
3.11432997718892E-03
3.0229845091016E-03
2.93118834655752E-03
3.15440708575414E-03
3.05149632054236E-03
2.94817879349197E-03
2.56004461654444E-03
3.01453497815731E-03
3.42706711252839E-03
3.54438983675288E-03
4.61140105704832E-03
4.41239542188289E-03
3.99161705376123E-03
4.01449935988879E-03
3.81595523855834E-03
3.23710777417332E-03
3.06061807916672E-03
3.05473781238461E-03
2.87003816282319E-03
3.13465307362896E-03
2.64467342915484E-03
2.45553366272958E-03
2.38853196592152E-03
2.19561934583889E-03
2.00655237147771E-03
2.09517986061451E-03
1.72437433443821E-03
1.68855697444834E-03
1.56090131659365E-03
1.48243634869375E-03
1.43238916851214E-03
1.01295214993927E-03
9.58479044071399E-04
8.20752489223278E-04
6.63200908227474E-04
5.40969699951897E-04
3.98908058603662E-04
2.83037648101803E-04
2.06321034476229E-04
1.36989333897385E-04
8.46071543670804E-05
4.92782626134129E-05
5.23106916227438E-05
2.11985247761711E-05
6.85323853695333E-06
1.54511635404444E-06
2.10695856644053E-07
7.70259059077301E-09
5.21494700801328E-11
3.45883591072413E-15
2.00417655792979E-26
1.0382523029568E-203
0
0
0
0
0
0
0
0
0
0
0
0
0
0
0
0
0
0
0
0
0
0
0
0
0
0
0
0
0
0
0
0
0
0
0
0
0
0
0
0
0
0
0
0
0
0
0
0
0
0
0
0
0
0
0
0
0
0
0
0
0
0
0
0
0
0
0
0
0
0
0
0
0
0
0
0
0
0
0
0
0
0
0
0
0
0
0
0
0
0
0
0
0
0
0
0
0
0
0
0
0
0
0
0
0
0
0
0
0
0
0
0
0
0
0
0
0
0
0
0
0
0
0
0
0
0
0
0
0
0
0
0
0
0
0
0
0
0
0
0
0
0
0
0
0
0
0
0
0
0
0
0
0
0
0
0
0
0
0
0
0
0
0
0
0
0
0
0
0
0
0
0
0
0
0
0
0
0
0
0
0
0
0
0
0
0
0
0
0
0
0
0
0
0
0
0
0
0
0
0
0
0
0
0
0
0
0
0
0
0
0
0
0
0
0
0
0
0
0
0
0
0
0
0
0
0
0
0
0
0
0
0
0
0
0
0
0
0
0
0
0
0
0
0
0
0
0
0
0
0
0
0
0
0
0
0
0
0
0
0
0
0
0
0
0
0
0
0
0
0
0
0
0
0
0
0
0
0
0
0
0
0
0
0
0
0
0
0
0
0
0
0
0
0
0
0
0
0
0
0
0
0
0
0
0
0
0
0
0
0
0
0
0
0
0
0
0
0
0
0
0
0
0
0
0
0
0
0
0
0
0
0
0
0
0
0
0
0
0
0
0
0
0
0
0
0
0
0
0
0
0
0
0
0
0
0
0
0
0
0
0
0
0
0
0
0
0
0
0
0
0
0
0
0
0
0
0
0
0
0
0
0
0
0
0
0
0
0
0
0
0
0
0
0
0
0
0
0
0
0
0
0
0
0
0
0
0
0
0
0
0
0
0
0
0
0
0
0
0
0
0
0
0
0
0
0
0
0
0
0
0
0
0
0
0
0
0
0
0
0
0
0
0
0
0
0
0
0
0
0
0
0
0
""
