0
0
0
0
0
0
0
0
0
0
0
0
0
0
0
0
0
0
0
0
0
0
0
0
0
0
0
0
0
0
0
0
0
0
0
0
0
0
0
0
0
0
0
0
0
0
0
0
0
0
0
0
0
0
0
0
0
0
0
0
0
0
0
0
0
0
0
0
0
0
0
0
0
0
0
0
0
0
0
0
0
0
0
0
0
0
0
0
0
0
0
0
0
0
0
0
0
0
0
0
0
0
0
0
0
0
0
0
0
0
0
0
0
0
0
0
0
0
0
0
0
0
0
0
0
0
0
0
0
0
0
0
0
0
0
0
0
0
0
0
0
0
0
0
0
0
0
0
0
0
0
0
0
0
0
0
0
0
0
0
0
0
0
0
0
0
0
0
0
0
0
0
0
0
0
0
0
0
0
0
0
0
0
0
0
0
0
0
0
0
0
0
0
0
0
0
0
0
0
0
0
0
0
0
0
0
0
0
0
0
0
0
0
0
0
0
0
0
0
0
0
0
0
0
0
0
0
0
0
0
0
0
0
0
0
0
0
0
0
0
0
0
0
0
0
0
0
0
0
0
0
0
0
0
0
0
0
0
0
0
0
0
0
0
0
0
0
0
0
0
0
0
0
0
0
0
0
0
0
0
0
0
0
0
0
0
0
0
0
0
0
0
0
0
0
0
0
0
0
0
0
0
0
0
0
0
0
0
0
0
0
0
0
0
0
0
0
0
0
0
0
0
0
0
0
0
0
0
0
0
0
0
0
0
0
0
0
0
0
0
0
0
0
0
0
0
0
0
0
0
0
0
0
0
0
0
0
0
0
0
0
0
0
0
2.67963810530083E-86
3.04205010148666E-28
6.40081195296802E-18
1.3039596100043E-13
3.0216065512421E-11
9.43263674951664E-10
9.75443600843077E-09
6.30851935883877E-08
2.21883613431176E-07
5.87020110008011E-07
1.31407246648793E-06
2.63273788211176E-06
5.06633719827791E-06
7.17450546768187E-06
1.10023897353427E-05
1.59634205187101E-05
2.30215123191429E-05
3.07487944832175E-05
3.98007939986014E-05
4.05205215986222E-05
5.23096506524192E-05
6.6089575085145E-05
7.17041103437274E-05
8.39605605678376E-05
9.70515965597169E-05
1.10914206070552E-04
1.19508975946058E-04
1.33998689774177E-04
1.49042373230459E-04
1.72811753030298E-04
2.07649129803293E-04
2.16629237875663E-04
2.24329339319758E-04
2.30652212254529E-04
1.85931160268684E-04
1.8576244247402E-04
1.98110654740333E-04
2.10556420959888E-04
2.23077694534323E-04
2.52486696660164E-04
2.66000980122922E-04
2.6090079558759E-04
2.9307697427759E-04
3.27047709716079E-04
3.62795586615664E-04
4.22540078958149E-04
0.000462676948899
4.80498801780166E-04
5.2314429292798E-04
5.41661239231017E-04
5.33394837311127E-04
4.95724646128967E-04
5.11282189601741E-04
5.26722032102362E-04
5.4203895219068E-04
5.57228396155409E-04
5.7228642013714E-04
6.19832394388012E-04
6.3543934206441E-04
6.85156211729413E-04
7.71398115831973E-04
7.53087438738314E-04
7.69671165160825E-04
8.04994277367593E-04
8.0832433044083E-04
8.50837262009885E-04
8.49472642780034E-04
8.91422698809342E-04
9.83293320109364E-04
1.02902509473637E-03
1.18306949949499E-03
1.29116734064049E-03
0.001346325485246
1.40230090606621E-03
1.52251306128783E-03
1.45068914578158E-03
1.64342255216164E-03
1.70505242362983E-03
1.7674415716166E-03
1.52547693042038E-03
1.49975495872119E-03
1.63249130263471E-03
1.68686864977858E-03
1.48053666870644E-03
1.7972955316195E-03
1.66798675209452E-03
1.90986425576656E-03
1.57353590258198E-03
1.61957852052017E-03
1.66600959065722E-03
1.39166595565465E-03
1.42999949224832E-03
1.69456846941752E-03
1.7394672125582E-03
1.90366660868236E-03
2.07425061719788E-03
2.00113108979452E-03
1.92219751459276E-03
2.09986657613543E-03
2.28404653111721E-03
2.19980908068731E-03
2.39085199772512E-03
1.7256728078608E-03
1.91087979219497E-03
1.95249549889048E-03
2.14772951844292E-03
2.1929906670309E-03
2.07857461182995E-03
2.2841465879592E-03
2.16359910893372E-03
2.20638694247418E-03
2.24935164045108E-03
2.11614293082407E-03
2.33579160878245E-03
2.37925709212371E-03
2.79563060930221E-03
2.8461406575712E-03
2.89682148362195E-03
3.34069025634664E-03
3.59840964200882E-03
4.26977170385529E-03
4.34160945349073E-03
4.62382487150167E-03
4.69950347440266E-03
1.19384541536214E-02
1.16875904444273E-02
1.23192742914667E-02
1.34202105884042E-02
0.012932833396624
1.31282640705426E-02
1.33241030556148E-02
1.18302928044507E-02
1.29821070779073E-02
1.24231374068195E-02
1.31032862308716E-02
1.12426920800832E-02
1.37296952744072E-02
1.23417954586724E-02
1.22423062305423E-02
1.15965712257312E-02
1.28424200670772E-02
1.19025153113159E-02
1.14950293225151E-02
1.10734418495844E-02
0.011787744452636
1.10610782851176E-02
1.17863726517768E-02
1.01401826375027E-02
9.96021959346063E-03
1.00785831418839E-02
0.010197025548643
1.00029477199115E-02
9.80174826008952E-03
9.27363457454033E-03
9.37793697798222E-03
8.50135339333024E-03
8.59493138445798E-03
8.68853443949548E-03
9.45770809776519E-03
8.8757956449027E-03
8.96944389570559E-03
9.41167807834939E-03
7.39583765097965E-03
7.82726242686846E-03
8.62526928802239E-03
8.34870698781062E-03
8.7981023790282E-03
9.25467654970939E-03
8.97085142717511E-03
9.05718409530403E-03
9.14348343409844E-03
9.22974542875975E-03
9.70413136130964E-03
8.22687384531908E-03
8.6975788446945E-03
8.37754849391139E-03
7.64778313366759E-03
8.12192798165938E-03
7.78382912266752E-03
7.85177282663676E-03
5.83553879704009E-03
6.72630497724972E-03
6.35940953501571E-03
5.98533285545929E-03
5.60408333533433E-03
6.08494830422034E-03
7.01105799485035E-03
7.06782513737697E-03
6.67924293676889E-03
7.62998009800631E-03
7.23771873686342E-03
7.29420659114465E-03
7.81003281610022E-03
8.3328234353588E-03
8.39611077702505E-03
8.92926759921605E-03
7.57547304475052E-03
7.1545095956329E-03
8.16785479005326E-03
6.77531620272107E-03
6.33664865331104E-03
6.87276777227206E-03
6.92136827340291E-03
7.46773171301258E-03
9.02354146252073E-03
8.58092952988504E-03
8.63951499669407E-03
8.1863416124847E-03
7.21110880435715E-03
7.77757792463364E-03
7.30693904611949E-03
7.35470612595007E-03
7.40237235410148E-03
6.91779783323546E-03
5.89081103119191E-03
5.92801783013736E-03
5.42285491830297E-03
0.005456525045774
4.94110475936867E-03
4.97126509719685E-03
5.00135257828517E-03
5.59040692616124E-03
5.06130510110897E-03
5.0911682262455E-03
5.12095466127763E-03
5.15066346550212E-03
4.60470551565444E-03
4.63097284721461E-03
5.23931478927372E-03
5.85411533334559E-03
4.70934273631762E-03
5.32723422387336E-03
4.76122119340824E-03
5.38542854691366E-03
4.81279773832841E-03
5.44327969373122E-03
4.86406612665688E-03
3.05598927182429E-03
3.68626515173271E-03
3.7052831046364E-03
3.72424042190034E-03
3.74313654447569E-03
3.13497576435791E-03
3.78074298891044E-03
3.79945221211535E-03
3.81809804325664E-03
3.83667994253041E-03
3.85519737388543E-03
4.51925810582494E-03
4.54070949175253E-03
4.56208381484825E-03
0.005238149105013
5.92019851352262E-03
5.9473778733057E-03
6.63828339622492E-03
6.00142930282128E-03
5.35848876144746E-03
6.05506596791113E-03
6.08172689174259E-03
6.10828188834699E-03
6.13473022306587E-03
5.47650770340012E-03
6.18730399360294E-03
6.90380887266474E-03
7.62598518880049E-03
7.65764585600551E-03
6.99015536395033E-03
7.01869042419238E-03
7.04710064141319E-03
7.78292377384994E-03
6.39318913696414E-03
6.41841713561293E-03
5.72758226169099E-03
6.46852719247618E-03
5.77191814551209E-03
5.0696889807228E-03
5.08885800464784E-03
5.10793494190822E-03
5.85933633019175E-03
5.88092633791758E-03
5.90240938944167E-03
5.9237849214829E-03
6.68818392165783E-03
6.71198759348567E-03
7.48407603562459E-03
7.51025091310527E-03
6.78265915157075E-03
6.80596781473994E-03
6.07035663030936E-03
6.09085221055145E-03
6.11123538195219E-03
6.13150562098948E-03
6.15166240803759E-03
6.17170522735414E-03
0.005417679371184
5.4350160542686E-03
5.45225168204252E-03
6.25072664767417E-03
6.27019202724595E-03
6.28954042549543E-03
7.88596419190858E-03
7.9098554077941E-03
7.14023872008329E-03
7.16147379467547E-03
7.18257455777412E-03
8.0039338673139E-03
8.02707893168213E-03
8.05007301242396E-03
9.68749864318512E-03
9.71472712015971E-03
9.7417723687064E-03
9.76863371724887E-03
0.010611586374728
0.012277252569619
1.14894590184407E-02
1.06970791129027E-02
1.23751985522112E-02
1.07530615795862E-02
0.010780746930122
1.08082274503203E-02
1.08355024662216E-02
0.01169815371821
1.17270820356164E-02
1.25954859657642E-02
1.09425342139796E-02
1.43437785144775E-02
1.52235691919011E-02
1.61070571958226E-02
1.44450641238223E-02
1.44782744340691E-02
9.38960492867851E-03
1.36883415300487E-02
1.45762394204666E-02
1.46083364695202E-02
1.55013387337258E-02
1.55347295195811E-02
1.47029429369263E-02
1.47339143355228E-02
0.015633108468449
1.56653010223302E-02
0.014825125842512
1.48549596852098E-02
1.40089480802082E-02
1.40364876104443E-02
0.013184771681378
1.40907539785162E-02
0.014117479521868
1.41439324535254E-02
1.50557441528565E-02
1.59705202165891E-02
1.68882085642734E-02
0.015137443424804
1.42720861458122E-02
1.34033347794205E-02
1.43214178455316E-02
1.25524593318331E-02
1.25734347766742E-02
1.25941664537279E-02
1.26146538734839E-02
1.17324039416573E-02
1.17509730126928E-02
1.26746457856767E-02
1.26941514035375E-02
1.27134104083232E-02
0.012732422347214
1.18403877182462E-02
1.18575815860902E-02
1.18745448081867E-02
1.09765633723628E-02
1.00758119250138E-02
1.28412810079129E-02
1.19400833678259E-02
1.01165201984431E-02
1.01296958221977E-02
1.10647353037751E-02
1.10786776517747E-02
1.10924039791336E-02
9.25492830468493E-03
9.26600608018526E-03
9.27690305094114E-03
8.35885706681121E-03
7.43852285379589E-03
8.37765595634203E-03
8.38681008754936E-03
7.46293368117383E-03
9.3384740652646E-03
1.02829083925191E-02
1.02932943279962E-02
1.03034790371901E-02
9.37587480348885E-03
1.03232438364445E-02
9.39347588025783E-03
8.4618007833236E-03
8.46930770720792E-03
1.13021985201086E-02
1.41397069367332E-02
1.22645370713346E-02
1.22744213411275E-02
1.32289933562306E-02
1.32391200341395E-02
1.41953436405938E-02
1.42056377352438E-02
1.42156535114009E-02
1.32770313553371E-02
1.42348491899148E-02
1.51936305593021E-02
0.015203124164727
1.42615497499427E-02
1.71238691845713E-02
0.017133542908545
1.71428806489502E-02
1.61989998467487E-02
2.38340935088861E-02
2.28918344754495E-02
2.29024901193337E-02
2.29126964549128E-02
0.022922453247302
0.023887250283335
2.48523354244719E-02
2.67738615343021E-02
2.86962258134274E-02
2.96624618162061E-02
3.25430174786182E-02
3.35097963013802E-02
3.35187697723006E-02
6.03487534644647E-02
5.74881301156881E-02
1.72500384984112E-02
1.72532992982559E-02
1.82149003237295E-02
1.91764495716457E-02
2.01378905051196E-02
1.91810605305428E-02
1.82236610450143E-02
1.82249567563147E-02
1.91851522191126E-02
1.82264745790009E-02
1.82266966555262E-02
1.72672681572308E-02
1.72668004232582E-02
1.72659936403759E-02
1.63056896144961E-02
0.010549832950426
1.24666672162527E-02
1.24651052551654E-02
1.24632985485754E-02
0.012461247137986
1.34173319221036E-02
1.34145958142471E-02
1.34115963494359E-02
1.53238098246785E-02
1.53197801493729E-02
1.53154497517675E-02
1.62677449021121E-02
1.62625051443996E-02
1.53006552551383E-02
1.43391778433745E-02
1.52892906553408E-02
1.52831582565137E-02
0.015276725977526
1.52699939663755E-02
1.52629623779835E-02
0.015255631374195
1.42950010535427E-02
1.52400718024281E-02
1.52318435927596E-02
1.52233166843152E-02
0.013312679864366
1.42550320911458E-02
1.42461991552642E-02
1.42370869649832E-02
1.42276957304605E-02
1.51658940462371E-02
1.61024872686932E-02
1.60908966218115E-02
1.70248137364584E-02
1.70118740451559E-02
1.79429679096328E-02
1.79286062981731E-02
0.020742403181106
2.07249614284669E-02
0.019765881561821
1.97484585710689E-02
1.87910944364433E-02
1.87737654627225E-02
1.87560692622817E-02
1.21797040594207E-02
1.21677249398089E-02
1.30905470117794E-02
1.30771343683295E-02
1.39965708882415E-02
1.49137630986446E-02
1.48975592442452E-02
1.48810644276031E-02
1.67223139113794E-02
1.67031038801359E-02
1.57567029548222E-02
0.014812183315141
1.47942395804517E-02
0.013852506833819
0.014757486867305
1.47386787463959E-02
1.56395573262511E-02
1.56189637451716E-02
1.55980659062427E-02
0.015576864298294
1.55553594175511E-02
1.37060750890923E-02
1.45990041031332E-02
1.27556719391309E-02
1.27369672295264E-02
1.36264445363227E-02
1.26988153974979E-02
1.35850383982122E-02
1.80852524007489E-02
1.80567691252036E-02
0.018027935375284
0.017098814239162
1.70707582208951E-02
1.61454043080489E-02
1.61181984214195E-02
1.60906802452381E-02
1.60628504306128E-02
1.33622580304489E-02
1.33385487749187E-02
1.33145814879057E-02
1.32903567383128E-02
1.14970917547474E-02
1.23583946826164E-02
1.14539910350128E-02
0.012311501741364
1.22876986630463E-02
1.05117073726775E-02
1.04908989691772E-02
1.13423791288662E-02
1.13193992684258E-02
9.55832436219303E-03
8.67137418195686E-03
7.78787624979652E-03
7.77136605649944E-03
7.75470658082757E-03
8.59766469304155E-03
1.11524708969389E-02
1.19837456497854E-02
1.19569083411459E-02
1.10777104251978E-02
1.10523653224791E-02
1.10268087654284E-02
1.10010413738176E-02
0.010975063773248
1.26333191482599E-02
1.34430528945645E-02
1.34103089986599E-02
1.17051458438825E-02
1.08420449411432E-02
9.98291035561674E-03
9.12779026656906E-03
9.1044059179519E-03
8.25531698866588E-03
9.05711915438678E-03
8.21201627509734E-03
7.37111906289058E-03
8.16809327695406E-03
8.96048975181903E-03
1.13729732671784E-02
1.13414721123603E-02
1.13097570016264E-02
1.12778287233956E-02
1.20489515063269E-02
1.20142884113133E-02
1.19793994985097E-02
1.35368570592774E-02
0.011908947717036
1.18733866146663E-02
1.02592561301897E-02
1.10148252248915E-02
1.01966567792482E-02
8.60121415769616E-03
8.57432762811475E-03
7.77025585851162E-03
9.29462868341343E-03
9.26477767240457E-03
1.00043176542999E-02
9.2045607060567E-03
9.17419628934138E-03
9.14366228570233E-03
9.87237276893005E-03
9.8389293805876E-03
1.05595590581713E-02
1.05231538619472E-02
0.010486555455508
9.7033530172412E-03
9.66901261367243E-03
9.63449546352551E-03
1.10766951547307E-02
1.10364629221971E-02
1.02629612321197E-02
1.02250373164264E-02
1.09145656913326E-02
1.08735366685841E-02
1.15544652175664E-02
1.15102828828872E-02
0.010032656622619
1.14212976001037E-02
1.20875280888765E-02
1.27479293507152E-02
1.26970717519223E-02
1.19434328509865E-02
1.18949742770857E-02
1.18463044653784E-02
1.17974247353263E-02
1.17483364156394E-02
1.16990408443296E-02
1.02790053253809E-02
1.15998333457262E-02
1.29087387463416E-02
1.28527323237272E-02
1.27965019022033E-02
1.27400490409089E-02
0.012015829240901
1.26264822899224E-02
0.013892463317622
1.38291021057482E-02
0.015732004385512
1.50065912906467E-02
0.014936422694052
0.01421965256428
1.47953264418482E-02
4.35330170280392E-02
0.036951627449144
3.04316134170189E-02
0.029651185174429
2.51100047115214E-02
2.43599284387332E-02
2.05084000372801E-02
2.22591443187435E-02
0.020914839307299
2.08068122421187E-02
2.13072250607234E-02
1.75618433848266E-02
1.74688461192754E-02
1.73755689053466E-02
0.021453535312819
2.13370583717185E-02
2.06307932302914E-02
1.99307028768266E-02
1.86538844995448E-02
1.91288320500498E-02
1.67150288379528E-02
1.94850659543854E-02
1.76635300274351E-02
1.75609964535411E-02
1.68950302662269E-02
1.67952945972798E-02
1.44692676846289E-02
0.014935568647944
0.012096040034899
1.25686439644754E-02
1.14050507912848E-02
1.13342195088807E-02
1.07268827443086E-02
1.06591192890097E-02
1.05912066543034E-02
1.05231471074719E-02
1.04549429334701E-02
1.03865964351588E-02
1.08340154302218E-02
1.17869086332293E-02
1.17078352411391E-02
0.01162860898079
1.20513731558693E-02
1.24670748910588E-02
1.33709172936379E-02
1.37689765099183E-02
1.36716475155486E-02
1.16349882550131E-02
1.15512826111865E-02
1.14674411278003E-02
1.09091557568048E-02
9.88694258637116E-03
1.02805381159248E-02
0.012058343517172
1.19668299384969E-02
0.011418451541196
1.08770086297826E-02
1.03425185541969E-02
1.07072707060317E-02
1.01796507394896E-02
1.09761638122714E-02
0.011322884214174
1.16623971555919E-02
1.11379310187036E-02
1.01956721361099E-02
1.01100938892969E-02
1.00244359015578E-02
9.93870175500094E-03
9.44235777221435E-03
7.32526461684475E-03
7.26080903341668E-03
6.79651249155148E-03
6.73555335044643E-03
5.88931413818265E-03
5.83546167396135E-03
6.16701903127796E-03
5.72767259238712E-03
5.29549150864367E-03
5.24513525558042E-03
5.1947613547566E-03
5.51182734944196E-03
5.45782519552803E-03
3.96279538535315E-03
4.27983205836221E-03
4.58966076356148E-03
4.54283408066798E-03
5.18770044285942E-03
6.1604059426114E-03
5.07964795717188E-03
5.3606744410748E-03
5.30306930901111E-03
4.91763642200486E-03
5.51215033109954E-03
5.45100166514193E-03
5.38987868785244E-03
5.95570071383764E-03
5.8874558359949E-03
6.12552777213954E-03
5.4484023424058E-03
5.08477142382013E-03
5.02387658507558E-03
5.5469187136194E-03
5.4789775199444E-03
5.69589640542525E-03
5.62452130995489E-03
5.55322409753546E-03
5.48200945848607E-03
4.86979393396794E-03
5.87383169117081E-03
7.63991787611582E-03
1.37748928562829E-02
1.23056249151256E-02
1.21361443323691E-02
1.17176339960109E-02
1.08148705691302E-02
1.06603226977439E-02
9.78974539504227E-03
2.23511666228853E-02
2.24830306923074E-02
2.21450720885146E-02
1.91099888895748E-02
1.88151897935135E-02
1.85211035706991E-02
1.69410908243913E-02
1.60361547571436E-02
1.57752588021245E-02
1.57192405438176E-02
1.56571520495016E-02
1.53917194138982E-02
1.51271147059357E-02
1.90555954668008E-02
1.87185842168223E-02
1.83827382766866E-02
0.016965207884379
1.57660708568367E-02
1.59919496853532E-02
8.6963844724113E-03
8.52835546816538E-03
8.36103552961553E-03
7.87309424119384E-03
7.87118108693114E-03
8.32609663977801E-03
8.30312308248523E-03
1.16730992781834E-02
1.18549074283724E-02
1.15948160427637E-02
1.13361447415035E-02
1.12140405439801E-02
0.011219186826725
1.12134894838244E-02
1.09454844591281E-02
1.05564469421047E-02
9.57670773323994E-03
1.02686390138294E-02
1.00047741476548E-02
9.85354576875525E-03
9.59062049630031E-03
9.22491079928088E-03
8.86711202485745E-03
8.71527873777779E-03
7.40573869878942E-03
7.28090533779326E-03
3.98364696715815E-03
3.77353104198317E-03
3.65512496560644E-03
3.45564268307191E-03
3.42194497120759E-03
3.46105459741765E-03
0.003565177843064
3.15336898156553E-03
3.10913428526463E-03
4.05945692984931E-03
5.89149988920868E-03
5.66364447803944E-03
5.43896610745573E-03
4.25342837332723E-03
3.96694529735786E-03
3.74457917866837E-03
4.2752499371627E-03
4.08113605557837E-03
4.2523253576373E-03
4.09073760525945E-03
2.53732805717775E-03
2.32986995298853E-03
2.24724702605149E-03
2.09103709001044E-03
2.18590567557529E-03
2.20497406616039E-03
2.11938163761702E-03
2.13339259662178E-03
1.82366864933022E-03
1.68260861315998E-03
1.66745158307272E-03
1.32606209093833E-03
1.63087819519616E-03
2.2476801318425E-03
2.17728687032495E-03
2.10641344756187E-03
1.9848439709597E-03
1.91488548279981E-03
1.82121984273026E-03
2.02094414128902E-03
1.91862569126834E-03
1.85918974161615E-03
1.54096400220103E-03
1.43285310965829E-03
1.25655487438822E-03
1.27870374484873E-03
1.21127312850599E-03
1.14411395207499E-03
6.17670515900225E-04
9.84082694255321E-04
9.20164534517133E-04
8.80460776097794E-04
9.5796822969086E-04
8.94155379504803E-04
8.94709695496656E-04
8.41979410212873E-04
7.10260911277069E-04
6.39727289621208E-04
5.71704371081749E-04
4.90128571920756E-04
3.29637096421428E-04
2.77703912326363E-04
2.4149158857362E-04
2.00986672525461E-04
1.67025318361264E-04
1.56548408773202E-04
1.23295043482343E-04
1.04736798698976E-04
7.71464610464335E-05
5.40944265411614E-05
4.25597207890084E-05
2.7836006464684E-05
1.72533894930919E-05
9.85290066116342E-06
4.25089169926668E-06
1.98322327108607E-06
7.38599232157717E-07
1.76275759379153E-07
4.10500546626053E-08
3.54398051761764E-09
1.63916376424748E-10
1.13912741820336E-12
2.47218896594623E-16
2.25244298783682E-24
2.78025957170234E-56
0
0
0
0
0
0
0
0
0
0
0
0
0
0
0
0
0
0
0
0
0
0
0
0
0
0
0
0
0
0
0
0
0
0
0
0
0
0
0
0
0
0
0
0
0
0
0
0
0
0
0
0
0
0
0
0
0
0
0
0
0
0
0
0
0
0
0
0
0
0
0
0
0
0
0
0
0
0
0
0
0
0
0
0
0
0
0
0
0
0
0
0
0
0
0
0
0
0
0
0
0
0
0
0
0
0
0
0
0
0
0
0
0
0
0
0
0
0
0
0
0
0
0
0
0
0
0
0
0
0
0
0
0
0
0
0
0
0
0
0
0
0
0
0
0
0
0
0
0
0
0
0
0
0
0
0
0
0
0
0
0
0
0
0
0
0
0
0
0
0
0
0
0
0
0
0
0
0
0
0
0
0
0
0
0
0
0
0
0
0
0
0
0
0
0
0
0
0
0
0
0
""
