0
0
0
0
0
0
0
0
0
0
0
0
0
0
0
0
0
0
0
0
0
0
0
0
0
0
0
0
0
0
0
0
0
0
0
0
0
0
0
0
0
0
0
0
0
0
0
0
0
0
0
0
0
0
0
0
0
0
0
0
0
0
0
0
0
0
0
0
0
0
0
0
0
0
0
0
0
0
0
0
0
0
0
0
0
0
0
0
0
0
0
0
0
0
0
0
0
0
0
0
0
0
0
0
0
0
0
0
0
0
0
0
0
0
0
0
0
0
0
0
0
0
0
0
0
0
0
0
0
0
0
0
0
0
0
0
0
0
0
0
0
0
0
0
0
0
0
0
0
0
0
0
0
0
0
0
0
0
0
0
0
0
0
0
0
0
0
0
0
0
0
0
0
0
0
0
0
0
0
0
0
0
0
0
0
0
0
0
0
0
0
0
0
0
0
0
0
0
0
0
0
0
0
0
0
0
0
0
0
0
0
0
0
0
0
0
0
0
0
0
0
0
0
0
0
0
0
0
0
0
0
0
0
0
0
0
0
0
0
0
0
0
0
0
0
0
0
0
0
0
0
0
0
0
0
0
0
0
0
0
0
0
0
0
0
0
0
0
0
0
0
0
0
0
0
0
0
0
0
0
0
0
0
0
0
0
0
0
0
0
0
0
0
0
0
0
0
0
0
0
0
0
0
0
0
0
0
0
0
0
0
0
0
0
0
0
0
0
0
0
0
0
0
0
0
0
0
0
0
0
0
0
0
0
0
0
0
0
0
0
0
0
0
0
0
0
0
0
0
0
0
0
0
0
0
0
0
0
0
0
0
0
0
0
1.50471985913047E-85
1.55249453455181E-27
4.14949188675168E-17
8.45325540278647E-13
1.45870661094446E-10
3.31768602914034E-09
3.48372714586813E-08
3.74568336931052E-07
1.40526288506411E-06
4.19300078577151E-06
9.73387012213283E-06
1.95017620897167E-05
3.49402565398476E-05
5.73960437414549E-05
8.80191178827413E-05
1.27707364149681E-04
1.77088556301099E-04
2.36529188332442E-04
3.06159953835396E-04
2.9715049172323E-04
3.66167554566934E-04
4.4251280709184E-04
4.50711550732001E-04
4.47789656361801E-04
5.08365505788993E-04
5.80979174655271E-04
6.81201162892533E-04
7.77192400690225E-04
1.05820084993626E-03
1.03687051818179E-03
1.24589477881976E-03
9.84678353980288E-04
1.11096434710737E-03
1.22245672494901E-03
1.36349517530368E-03
1.51263703157416E-03
1.58488523792266E-03
1.74461034509622E-03
1.59341210381659E-03
1.71690953728912E-03
1.7024062727867E-03
1.63994785797914E-03
1.87569263537658E-03
1.79876240343843E-03
1.7072733487796E-03
1.77911612192905E-03
0.001850707795596
2.06614484765471E-03
2.14240043770506E-03
3.45631457414078E-03
3.57374540998455E-03
4.02087768526829E-03
5.62410408561915E-03
5.85246702335958E-03
6.02265502434089E-03
6.19142662394899E-03
6.35873800152378E-03
6.52455151987381E-03
6.68883517962536E-03
6.85156211729413E-03
7.01271014392703E-03
7.17226132131728E-03
7.33020157296024E-03
7.66661216540565E-03
8.0832433044083E-03
8.50837262009885E-03
8.9418172924214E-03
8.16355524172766E-03
8.45632255294053E-03
8.84961581473277E-03
7.74372763305809E-03
8.53293199031976E-03
9.13159894340765E-03
8.0479878087278E-03
8.6275740139644E-03
8.96789653755888E-03
1.21887172618655E-02
1.26458054752546E-02
0.012961238191855
1.34241969876993E-02
1.42082048720954E-02
1.63249130263471E-02
1.68686864977858E-02
1.74180784553698E-02
0.017972955316195
1.85331861343836E-02
1.90986425576656E-02
1.96691987822748E-02
2.02447315065021E-02
2.08251198832152E-02
0.02141024547161
2.19999921884356E-02
2.25942462589003E-02
2.31928961674426E-02
2.37958326085295E-02
2.44029484376221E-02
1.37577762423373E-02
1.35835291031222E-02
1.33866494228633E-02
1.37042791867033E-02
1.31988544841239E-02
1.68766023368832E-02
1.95576251557557E-02
2.11666684673904E-02
0.023730329909592
2.42386617081415E-02
2.47494660993487E-02
2.46231146324471E-02
2.51256124675512E-02
2.46317437017069E-02
2.34216460047259E-02
2.42237868971655E-02
2.22195007736527E-02
2.22798584222326E-02
3.66039552634417E-02
3.72750747906962E-02
3.79485421009493E-02
3.86242864482927E-02
3.93022383099605E-02
3.99823293556535E-02
3.94445576451394E-02
4.05216882325801E-02
4.07737284123329E-02
3.97321657381315E-02
4.03736813195198E-02
4.14578679915535E-02
3.80777569008971E-02
3.50290242476992E-02
3.64890656547606E-02
3.61027261939921E-02
3.42619792858667E-02
1.44860728217764E-02
1.42068341607288E-02
1.68954668732745E-02
0.021166846988331
1.78861010364961E-02
1.76154580879187E-02
1.99569458480659E-02
2.02264189895917E-02
3.45200259742697E-02
3.66145593401775E-02
3.54307432522892E-02
3.70083870871217E-02
2.10111460735704E-02
2.07004292826779E-02
2.67794526902847E-02
2.41620639361425E-02
2.50522159279478E-02
2.59569359102307E-02
3.05411610360118E-02
3.09000774201304E-02
2.87584746947456E-02
3.16185427744823E-02
2.87802452313321E-02
2.97506966198057E-02
3.00817120071685E-02
3.37185769697967E-02
3.47541377579819E-02
3.31019783421782E-02
3.27721685350253E-02
3.38079039145826E-02
2.85836149046167E-02
2.88789851133491E-02
2.91743417728734E-02
0.033782304711421
3.62987260339592E-02
0.043990511895141
2.29515978432793E-02
0.016446560949821
1.43405414842314E-02
1.44771821039892E-02
1.53829090479329E-02
1.47502796691907E-02
0.013319700511469
1.26510237741011E-02
1.27657881811983E-02
1.36855066602473E-02
0.012995084770655
0.012290256509475
0.012397536042058
0.010837429194503
0.011771033710187
0.011870897798696
1.11156181601387E-02
1.12081666706687E-02
1.13006182792664E-02
9.64020474291923E-03
9.71825956389333E-03
9.79622297392771E-03
1.07717366089501E-02
1.08565781052951E-02
1.18530857106101E-02
1.19447560716827E-02
1.20363005177405E-02
0.012127715566814
1.22189977673483E-02
1.13632095671258E-02
1.14472153530126E-02
1.05701650224219E-02
9.67902314674439E-03
9.74869023586314E-03
9.81823967467437E-03
9.88766896200416E-03
9.95697561735011E-03
9.02354146252073E-03
1.00952112116295E-02
1.01641352902283E-02
9.20963431404529E-03
9.27142560560205E-03
1.24441246794138E-02
1.14823327867592E-02
1.15573953407787E-02
1.26897811784597E-02
1.38355956664709E-02
1.39237351646354E-02
1.50894999312587E-02
1.51839937712483E-02
1.52782701281672E-02
1.53723259180359E-02
0.015466158080168
1.55597635768872E-02
1.56531393932515E-02
1.34968136029572E-02
1.35764486033213E-02
1.47938690214687E-02
1.37351025746723E-02
1.38141165469633E-02
1.38929185416438E-02
1.39715061047299E-02
1.40498768000294E-02
1.41280282089529E-02
0.014205957930329
1.07127476851685E-02
9.57409519451318E-03
9.62559547665682E-03
8.46732396802634E-03
9.72813225331376E-03
9.77916566983773E-03
1.10587954551981E-02
1.11158493139092E-02
0.011172721265701
0.012477121814919
1.25399030574317E-02
1.63832196186119E-02
1.64642929191665E-02
0.017817790868531
2.04622930268289E-02
2.18461184520174E-02
2.19506822282926E-02
1.94601835360823E-02
0.018248335259393
1.83335218675455E-02
1.97339950450754E-02
2.11462324384203E-02
2.25701635471647E-02
2.26720662551026E-02
2.27735772361517E-02
2.42202638716445E-02
2.43269075669704E-02
2.30757315781997E-02
2.31756475093599E-02
2.32751577394505E-02
0.021999303088366
2.07114266179942E-02
2.35712269472015E-02
2.36690871912898E-02
0.020970466091851
2.10560712725771E-02
2.11413019242396E-02
2.12261557468635E-02
2.69934652449597E-02
2.42473536234266E-02
2.43422246121867E-02
2.44366582826878E-02
2.45306521184264E-02
2.46242036206536E-02
2.61712697381889E-02
2.62693797012423E-02
2.78318475684108E-02
2.79344001051085E-02
2.65608422524875E-02
2.66570321466731E-02
2.37802094992278E-02
2.53563975753903E-02
2.84394889353734E-02
3.00410036524211E-02
3.01451517847589E-02
3.02487458432886E-02
3.03517831515468E-02
0.033499687158033
3.51396034462251E-02
3.52561573206895E-02
3.53720588462162E-02
3.39443787504478E-02
3.56018930106377E-02
4.19272667043578E-02
3.89446548717323E-02
3.28163149002894E-02
3.44860561498527E-02
0.033020087233851
3.46982424443977E-02
0.034803363794294
3.33211140270554E-02
3.18287724207799E-02
3.19225535901072E-02
3.04149486957928E-02
3.05028999403921E-02
3.22002920496958E-02
3.22916621439504E-02
3.07633025471724E-02
3.08489458342369E-02
2.76777955322051E-02
2.61208279993305E-02
2.78284391578031E-02
2.62616206135787E-02
0.111907904565751
0.113851826680343
0.120765153124584
0.137661845415404
0.138012750519475
0.140028031871171
0.138706679801633
0.142400281861056
0.112519674627494
0.129626943765605
0.128250254952975
0.160693230358956
0.161070571958226
0.159745415016388
0.160112681976764
0.160476884235596
0.162549055669328
0.161196059473396
0.156395131614863
0.155013387337258
0.148442970964886
0.148759187361843
0.147339143355228
0.15633108468449
0.132284764188566
0.141274728616879
0.152044881483912
0.148845073352212
0.135101193250526
0.175796955751707
0.176134424731452
0.17646849402335
0.176799155669068
0.116903425186886
0.124215157240137
0.113773194538263
0.113976044610289
0.115960699934724
0.116162234754978
0.116361519994944
7.53147559909988E-02
7.18481987238525E-02
6.83683321773799E-02
6.48753627779171E-02
6.13694975409765E-02
6.14666280663932E-02
7.24265473467241E-02
7.25380080202141E-02
0.076280462449939
8.54891214741509E-02
0.087436709303972
9.48606526887219E-02
9.68232115129067E-02
9.51302158938109E-02
0.119077777295617
0.117405997786633
0.108379218261804
0.139791915469396
0.138132215757242
0.165971029556627
0.184644627529578
0.184873399652227
0.185098566093699
0.185320121603705
0.185538061018823
0.185752379262471
0.185963071344897
0.182446729715893
0.160281259450943
0.111944005217607
0.108326299157069
0.115916421879306
0.11229048357814
8.24278322975206E-02
0.163140221580706
0.183941435631193
0.18035473690095
0.174877216188688
0.175032359282297
0.182718876075089
0.139511775109101
0.139627037427502
0.143516311065491
0.107721803043592
0.117260777445236
0.111670036639338
0.166679482760194
8.33985006002187E-02
7.39720318368781E-02
6.64292962196022E-02
7.02705413367723E-02
0.106421869153089
8.74708384663155E-02
9.13273023177137E-02
9.89938034715934E-02
5.33334064634006E-02
4.00210584449085E-02
3.81345496142178E-02
3.81530574590825E-02
3.43537351790005E-02
3.62784360536119E-02
3.82040887455033E-02
3.63086204306692E-02
3.82343621914953E-02
4.01607923014532E-02
4.01747161387984E-02
4.21015587068732E-02
4.59430834992257E-02
4.59562920704643E-02
4.59685985448694E-02
4.21483357529594E-02
4.21579620848379E-02
4.40834317181619E-02
4.40917648733206E-02
4.79339482203407E-02
4.98587688862788E-02
4.79473583455229E-02
5.37069694855197E-02
2.87742016500225E-02
3.06946640106353E-02
3.06962435505802E-02
3.06972203435805E-02
0.030697594367202
3.26159509636582E-02
3.45336008465165E-02
3.26135435429322E-02
3.06930628037573E-02
0.02877227168298
2.87692320375062E-02
2.87656275119202E-02
3.06788887349548E-02
3.06738391088885E-02
3.06681872505226E-02
3.25783041203144E-02
2.87391350345055E-02
2.87321434212723E-02
2.68096152614026E-02
2.48876058466222E-02
2.67939327799493E-02
2.67853025907757E-02
3.06013105102765E-02
3.44140268240988E-02
3.44009039745169E-02
3.62975008592201E-02
3.62822241966243E-02
3.62662356701418E-02
3.24337950532149E-02
3.05112627483901E-02
2.66840019666131E-02
2.47651166789456E-02
2.66557262873293E-02
3.04466333686303E-02
3.04289825471222E-02
3.23114060732639E-02
3.03918915312302E-02
2.84741739299663E-02
0.028455391460921
3.03317880924741E-02
3.03105642704813E-02
3.21817932436231E-02
3.21579815021993E-02
3.21335398630722E-02
3.21084688909218E-02
3.20827691651519E-02
3.20564412798911E-02
3.20294858439943E-02
3.20019034810435E-02
3.57353059857437E-02
3.75821888728867E-02
3.37927778329005E-02
0.031885317745879
2.81070093678939E-02
2.62074075626653E-02
2.61810940235588E-02
2.80224307892776E-02
2.61269323247175E-02
0.026099085422628
2.42085337718984E-02
0.024181729694855
2.04383836694637E-02
2.41267056046407E-02
2.40984868720811E-02
2.59213208014968E-02
2.58899192657904E-02
3.32460164011655E-02
3.68937171682624E-02
3.68466968659899E-02
3.67989584147086E-02
4.04255532227971E-02
3.85363981213055E-02
4.03165899485256E-02
4.39210148260267E-02
3.83770102494585E-02
4.01472612836164E-02
0.04008925466584
4.36696019298049E-02
0.041787763244723
3.99105626778506E-02
4.16607844211842E-02
3.97875552816476E-02
3.61135382504073E-02
3.60558707505681E-02
0.034197628478324
3.41415164417901E-02
3.40847424281033E-02
3.40273077785523E-02
3.21813604904761E-02
4.10495066560104E-02
3.91959568893168E-02
3.73479365697725E-02
3.72808281661359E-02
4.07570939974926E-02
3.89132336314526E-02
3.70751840478492E-02
3.87673542723511E-02
5.10047929285081E-02
5.26615656987699E-02
5.08065856346078E-02
4.89575285228271E-02
0.041879553706583
3.65703668672217E-02
3.47575431352474E-02
3.81540464006102E-02
3.80740616656719E-02
0.039720315399886
3.96351669686742E-02
3.61101917107745E-02
3.60310598208797E-02
3.76632006136113E-02
3.58707250234378E-02
3.23809997044245E-02
3.06065501237882E-02
2.88393460018897E-02
3.04644222659564E-02
3.20809556448788E-02
2.86355234027225E-02
2.85664874009497E-02
2.68206179973198E-02
2.50824553797481E-02
2.50201037103304E-02
2.99487310668502E-02
3.15323663754204E-02
2.81408910191241E-02
2.64170143637308E-02
2.47012340574185E-02
0.024636048825292
2.45703968763019E-02
2.94051357970346E-02
3.09544191426476E-02
2.92447884013158E-02
3.24042060353152E-02
3.39292710048793E-02
3.38334861701866E-02
3.69501179527359E-02
3.52419126731857E-02
3.35423185958272E-02
3.18514283747703E-02
3.33450536077009E-02
4.11610735975098E-02
4.57720658116158E-02
4.40593008995661E-02
4.39240599721459E-02
4.69157135874336E-02
4.52100911300596E-02
4.19593816359627E-02
4.02767242947915E-02
3.86032403016857E-02
3.84781448242304E-02
3.83523362752363E-02
3.66967851573655E-02
3.65746491428093E-02
3.34141847563786E-02
3.33009917496811E-02
0.031678677174514
3.15694615858417E-02
3.14596663665241E-02
3.13492943633946E-02
3.27258888462759E-02
3.26090615688556E-02
3.24916391205434E-02
7.65194762605666E-02
8.06375525380831E-02
8.03395789147788E-02
0.106235106062304
0.105835756907552
0.10687880326249
0.12661311171176
0.127558062773298
0.127061935801154
0.10949878386394
0.104816307994769
0.105808931266019
9.69525725550668E-02
0.114751516555415
0.114281996018945
3.46983080450773E-02
3.45539306342335E-02
3.30325859134012E-02
3.42633510846031E-02
3.13877843472592E-02
3.26115505170734E-02
3.24700606073107E-02
3.36750050057982E-02
3.35264448444971E-02
3.47123955848251E-02
3.58857917713584E-02
3.57234771024567E-02
0.035560548271924
3.53970098674019E-02
3.39279455266795E-02
3.37693034822045E-02
3.10246965038837E-02
2.95906528836965E-02
2.94488056366147E-02
2.54838809994096E-02
2.40916939551399E-02
0.02523505121228
2.51100047115214E-02
2.99814503861332E-02
3.10733333898184E-02
3.09154782204771E-02
3.19874012935161E-02
3.42700436929014E-02
3.16564486616462E-02
3.51236867696532E-02
3.13234482138732E-02
3.11561925199318E-02
3.21803029692286E-02
3.20055875575778E-02
3.30092691684663E-02
3.16546457455482E-02
3.14784300929819E-02
3.36203714819057E-02
3.34300576759055E-02
0.033239230157481
3.19083123076247E-02
3.28560578808188E-02
3.37900605324539E-02
3.58299618075302E-02
3.56166589160097E-02
0.034296490969353
4.83841601395962E-02
5.35533525442863E-02
5.10511797324178E-02
5.07341254207043E-02
5.04163488982503E-02
5.54274203028504E-02
3.38918612937709E-02
0.032621756033163
3.55468059737984E-02
3.94690664536035E-02
3.71451957607606E-02
3.48482516112867E-02
3.76686872975779E-02
3.53914186371868E-02
5.72440224903793E-02
6.38314234422208E-02
7.03211205813549E-02
6.88448825495913E-02
6.73816913266322E-02
2.81178882829484E-02
2.69529927594351E-02
2.29348822556006E-02
2.27669337533317E-02
2.16571123320511E-02
2.05610762318495E-02
2.04064274905988E-02
2.11720837373406E-02
1.91829985892093E-02
1.90347651021196E-02
1.79869887899077E-02
1.60609060590476E-02
1.59333663748533E-02
1.66837689946525E-02
0.016548830774562
1.81415066864764E-02
0.017992042414829
1.69927868935165E-02
1.43226330098373E-02
1.75427628277261E-02
1.90491783637518E-02
1.23161188333231E-02
1.22087743614079E-02
1.21013483890278E-02
1.11942558684377E-02
1.18862706184349E-02
1.17786282763653E-02
1.16709233479227E-02
1.15631606836462E-02
1.37464142217291E-02
1.36169781650837E-02
9.74096547464935E-03
1.03895227095132E-02
9.55383407236606E-03
9.46023033891525E-03
8.64609902258868E-03
7.84635877366405E-03
7.76711821525788E-03
7.68787305959196E-03
8.30032070857507E-03
9.58285368850662E-03
1.08365823086334E-02
9.38118027188089E-03
9.94325495439583E-03
0.010490957700277
9.72732411370507E-03
9.61941470319164E-03
8.24334387553902E-03
8.14990623998834E-03
8.05651851241408E-03
8.57573888099536E-03
8.47529253263125E-03
8.97312604203552E-03
8.86566456189808E-03
7.59052034495286E-03
5.76734475783622E-03
5.69589640542525E-03
6.18697344095038E-03
6.10854650728901E-03
6.57841135018329E-03
7.57523500839458E-03
7.47578578876285E-03
7.37647243211183E-03
7.27730188633816E-03
7.69101557195349E-03
7.58509020773072E-03
6.9807181252831E-03
6.88219036217373E-03
7.75296196199554E-03
8.11832544954725E-03
8.94046664915411E-03
8.80778521966683E-03
8.21878964109819E-03
8.54328915063343E-03
8.41149661357072E-03
7.84423210053139E-03
7.29110238011776E-03
7.17406923345899E-03
7.05735262200305E-03
7.34925531918744E-03
5.6205161203339E-03
5.5252326101173E-03
5.04237156864524E-03
4.9544548213682E-03
4.49246021203735E-03
3.67654765533732E-03
3.60961869880404E-03
3.54293727119926E-03
3.47651080116373E-03
0.003410346851926
3.34445312477074E-03
3.93460495511319E-03
4.49891099496791E-03
4.40786140868144E-03
4.62560924432112E-03
4.52897622681013E-03
4.72834401141605E-03
4.91544942152026E-03
5.65600782573837E-03
5.52982670317244E-03
5.13413904423187E-03
4.75165559720119E-03
4.6400646139963E-03
4.78078631548122E-03
4.66447655581368E-03
4.30951847995797E-03
4.20080686929385E-03
4.54762461257036E-03
4.20713190126629E-03
4.31039123429227E-03
3.98348420878038E-03
4.28067477062084E-03
3.96149033535354E-03
3.84713698638411E-03
3.73379760912475E-03
3.98364696715815E-03
4.21231372128354E-03
4.08013949649091E-03
4.11386033699037E-03
3.97900578047394E-03
3.53796692180471E-03
3.41662876626966E-03
8.3134273150364E-03
8.01465726868216E-03
8.38510775673791E-03
8.19686941107295E-03
6.8948715384828E-03
4.84777413925402E-03
3.96986648177208E-03
1.02162426836066E-02
9.77751229985629E-03
9.74359288004522E-03
9.20628366025817E-03
8.77607573810251E-03
8.61207916896726E-03
8.18492921670241E-03
7.76623317662842E-03
7.3680230362344E-03
7.21047272417394E-03
7.05130863088802E-03
6.89054395675122E-03
6.72819567497467E-03
6.56428491268241E-03
6.39883736607095E-03
6.23188375244438E-03
6.06346030208261E-03
5.89360929305925E-03
5.72237963226722E-03
5.54982748603086E-03
5.37601696376531E-03
5.20102085817745E-03
5.02492144546759E-03
4.84781134886028E-03
4.66979446853913E-03
4.49098698064226E-03
2.80248696477398E-03
3.22259555213466E-03
2.52876143950939E-03
2.26239964682889E-03
2.58491288445577E-03
2.14822229134586E-03
2.09954008941039E-03
1.89160173409732E-03
1.78118939468902E-03
1.77943720057127E-03
1.58822919656382E-03
1.87831632234196E-03
1.74176041761974E-03
1.62756372449189E-03
1.49425742959235E-03
1.33032746813634E-03
1.25250311235956E-03
1.12812124191267E-03
1.0081668479291E-03
8.93123175500045E-04
6.97492986630847E-04
6.96332198072074E-04
5.96626277652473E-04
4.49970162370435E-04
3.34050636722528E-04
2.48037738575723E-04
1.94676384445805E-04
1.1609380096754E-04
9.33376936117344E-05
6.10296094310539E-05
4.35269871705768E-05
2.75160523673888E-05
1.54685560972548E-05
9.06013853900085E-06
5.24082538265756E-06
2.45293404581699E-06
1.04958838253991E-06
2.74206736812016E-07
4.5487898409914E-08
4.84965755042414E-09
2.13091289352173E-10
1.75250372031286E-12
3.80336763991727E-16
2.94550236870968E-24
3.37992340089304E-56
0
0
0
0
0
0
0
0
0
0
0
0
0
0
0
0
0
0
0
0
0
0
0
0
0
0
0
0
0
0
0
0
0
0
0
0
0
0
0
0
0
0
0
0
0
0
0
0
0
0
0
0
0
0
0
0
0
0
0
0
0
0
0
0
0
0
0
0
0
0
0
0
0
0
0
0
0
0
0
0
0
0
0
0
0
0
0
0
0
0
0
0
0
0
0
0
0
0
0
0
0
0
0
0
0
0
0
0
0
0
0
0
0
0
0
0
0
0
0
0
0
0
0
0
0
0
0
0
0
0
0
0
0
0
0
0
0
0
0
0
0
0
0
0
0
0
0
0
0
0
0
0
0
0
0
0
0
0
0
0
0
0
0
0
0
0
0
0
0
0
0
0
0
0
0
0
0
0
0
0
0
0
0
0
0
0
0
0
0
0
0
0
0
0
0
0
0
0
0
0
0
""
