0
0
0
0
0
0
0
0
0
0
0
0
0
0
0
0
0
0
0
0
0
0
0
0
0
0
0
0
0
0
0
0
0
0
0
0
0
0
0
0
0
0
0
0
0
0
0
0
0
0
0
0
0
0
0
0
0
0
0
0
0
0
0
0
0
0
0
0
0
0
0
0
0
0
0
0
0
0
0
0
0
0
0
0
0
0
0
0
0
0
0
0
0
0
0
0
0
0
0
0
0
0
0
0
0
0
0
0
0
0
0
0
0
0
0
0
0
0
0
0
0
0
0
0
0
0
0
0
0
0
0
0
0
0
0
0
0
0
0
0
0
0
0
0
0
0
0
0
0
0
0
0
0
0
0
0
0
0
0
0
0
0
0
0
0
0
0
0
0
0
0
0
0
0
0
0
0
0
0
0
0
0
0
0
0
0
0
0
0
0
0
0
0
0
0
0
0
0
0
0
0
0
0
0
0
0
0
0
0
0
0
0
0
0
0
0
0
0
0
0
0
0
0
0
0
0
0
0
0
0
0
0
0
0
0
0
0
0
0
0
0
0
0
0
0
0
0
0
0
0
0
0
0
0
0
0
0
0
0
0
0
0
0
0
0
0
0
0
0
0
0
0
0
0
0
0
0
0
0
0
0
0
0
0
0
0
0
0
0
0
0
0
0
0
0
0
0
0
0
0
0
0
0
0
0
0
0
0
0
0
0
0
0
0
0
0
0
0
0
0
0
0
0
0
0
0
0
0
0
0
0
0
0
0
0
0
0
0
0
0
0
0
0
0
0
0
0
0
0
0
0
0
0
0
0
0
0
0
0
0
0
0
0
0
0
0
0
0
0
0
0
0
0
0
0
0
0
0
0
0
0
0
0
0
0
0
0
0
0
0
0
0
0
0
0
0
0
0
0
0
0
0
0
0
0
0
0
0
0
0
0
0
0
0
0
0
0
0
0
0
0
0
0
0
0
0
0
0
0
0
0
0
0
0
0
0
0
0
0
0
0
0
0
0
0
0
0
0
0
0
0
0
0
0
0
0
0
0
0
0
0
0
0
0
0
0
0
0
0
0
0
0
0
0
0
0
0
0
0
0
0
0
0
0
0
0
0
0
0
0
0
0
0
0
0
0
0
0
0
0
0
0
0
0
0
0
3.11350902050614E-94
6.06152106791635E-23
1.27860275490365E-13
5.71810833408588E-10
5.24252945527552E-08
8.21720192897243E-07
4.61087758413479E-06
1.93216512438416E-05
5.69665829764558E-05
1.35614756753956E-04
3.00793924476315E-04
5.25854760119519E-04
8.1939659586901E-04
1.22159781373931E-03
1.72384983888518E-03
2.32745120385818E-03
3.06994430473863E-03
3.83144682984186E-03
4.72382269171209E-03
5.7756713380224E-03
7.02152020461187E-03
8.09648952093711E-03
9.32709462162468E-03
1.06201291348688E-02
1.15204648376936E-02
7.85410291814894E-03
8.70242566551608E-03
7.94427614430069E-03
1.18016318865777E-02
2.08138099911115E-02
1.46548959552063E-02
2.02785279045257E-02
2.26375123345324E-02
2.67440757865883E-02
0.028792179946151
3.05290100173526E-02
0.031890158349817
3.40261092603827E-02
3.62082278010356E-02
3.79879497331183E-02
4.02366113128507E-02
4.20379825347623E-02
4.38376720121444E-02
2.12253519834247E-02
2.09563091123794E-02
2.00295726883188E-02
2.01619694223618E-02
2.02504466602399E-02
2.02949806421518E-02
2.94613624531105E-02
3.03786077726282E-02
3.05959460953097E-02
3.00526324581599E-02
3.31022394488545E-02
3.32445546971105E-02
3.17911475221323E-02
4.05506014918886E-02
3.58469575253474E-02
3.58694375443096E-02
2.64590015423968E-02
2.70546820583394E-02
2.94299997778151E-02
3.09663362208619E-02
0.032536002291649
3.12936984625788E-02
2.90056662603563E-02
3.25143925097263E-02
3.61289112382694E-02
3.67827887337544E-02
3.84716515283181E-02
3.49031632559704E-02
5.26963640226427E-02
5.57464537992892E-02
0.111056703639043
0.112793426008258
0.108791126895058
9.41441886210455E-02
7.19340813323309E-02
6.45888674370499E-02
6.54913699161233E-02
6.51574998723983E-02
5.98003975984152E-02
5.93219050088703E-02
6.26399876185137E-02
6.21330678959097E-02
5.76569070510949E-02
6.76363891811004E-02
0.110035627715549
0.109954862002518
0.11120594671376
0.112447033618379
0.113678172258338
9.22032318183714E-02
8.45745346039547E-02
0.105725981356792
6.72986961133321E-02
0.066492419973838
6.41596247565869E-02
6.62833864034994E-02
0.069951225296482
5.98571800538501E-02
0.051110505096894
4.84434037044766E-02
4.88703156243015E-02
8.26861238424196E-02
0.110652462244386
0.119664335960296
0.120649489494627
0.138062233420118
0.139161508849962
0.138581681335927
0.137966723758855
0.139012280082507
0.140048727501865
0.141076101245627
0.162888743444145
0.160555443397451
0.16167779448227
0.159251199319742
0.16032956068019
0.161398177605639
0.162457083007793
0.158056098716022
0.157232736458746
0.156377189338298
0.157340874917474
0.162020133844997
0.161114616381588
0.163946764845727
0.176268488572126
0.17727377484298
0.184019946937926
0.186965060036319
0.176355368995937
0.124695259978543
0.117519129015726
0.151600485734665
0.128629777960671
0.127289532079112
0.129920410169891
0.130555730004728
0.125129739885304
0.129778656614483
0.130384614065293
6.75386602332558E-02
0.061676733717772
5.36914287977584E-02
4.97788258118783E-02
5.20769917246688E-02
5.22985227270907E-02
0.052517540810282
5.27340501039038E-02
5.08301324363177E-02
5.31595582616284E-02
0.055503307406535
5.78610841954031E-02
5.80814293724565E-02
6.04583148089567E-02
6.28484429344223E-02
6.09014184041522E-02
6.33016224058118E-02
5.91429474743362E-02
5.93472335809524E-02
5.95488547329761E-02
5.97478139761239E-02
5.99441142654539E-02
5.56831096923046E-02
5.36255549897689E-02
6.27584633404058E-02
0.060702781941403
5.86307980789328E-02
5.42810956501662E-02
5.67074035375773E-02
5.45947739786264E-02
5.47480973869013E-02
0.054899079548079
5.50477223290815E-02
5.51940275381727E-02
5.30322470545836E-02
5.08563295072508E-02
5.33014793455864E-02
4.87864184973774E-02
4.42466849273465E-02
4.20171480303289E-02
4.44543413796809E-02
4.69004295499771E-02
4.93551230894822E-02
4.94627630603637E-02
4.24871760351564E-02
4.25759580817334E-02
4.26630010725667E-02
4.03733999777156E-02
4.28318732622307E-02
4.29137040765275E-02
4.06052546749369E-02
4.06792612536595E-02
3.83544751201081E-02
4.56249917155327E-02
4.57022149260995E-02
4.81869573800547E-02
4.82643959156855E-02
4.59229153781113E-02
5.32548533437036E-02
5.09094315152498E-02
0.050982667056897
5.10538854085541E-02
3.89509235343879E-02
4.14397446426997E-02
4.63739721455077E-02
4.64311124333348E-02
4.89330842289641E-02
4.65399253153134E-02
4.41394093193564E-02
4.66414506312362E-02
4.91468225217076E-02
4.67356913669777E-02
4.67800808767968E-02
4.43583002279461E-02
4.19304103100947E-02
3.94966987070758E-02
3.70574529310017E-02
3.95576690587695E-02
4.20599727511146E-02
4.45640770445334E-02
4.21149902716279E-02
4.70977127595866E-02
0.037203088846592
4.71482945207675E-02
4.96535356473403E-02
4.71916057190806E-02
5.46648302524504E-02
5.46846444556129E-02
5.96752959518732E-02
6.21795009853385E-02
5.97070508610012E-02
6.71844215151249E-02
6.96845634518314E-02
7.21827774576239E-02
6.97001916236819E-02
8.46405591230196E-02
7.46840474111403E-02
7.46823801256402E-02
7.46778444179505E-02
6.96924109086924E-02
7.46601676027441E-02
7.46470263829759E-02
6.71679148647408E-02
6.21767815840493E-02
6.21586586797811E-02
6.21381449346666E-02
6.21152402167778E-02
5.96063466031464E-02
6.20622572552413E-02
5.95508915207635E-02
5.70397317447751E-02
5.70076585905889E-02
5.69733846995157E-02
4.95103563858142E-02
5.19505612765554E-02
5.93294152124451E-02
5.68142769650228E-02
5.43007784422029E-02
4.93230538877378E-02
5.17438407797653E-02
5.16964635158637E-02
5.16470744561475E-02
5.40526100704152E-02
0.051542259525225
5.14868328973029E-02
4.65313555345889E-02
4.64775641160535E-02
4.64219503445601E-02
4.39242762314634E-02
3.89938981416751E-02
3.40746520334754E-02
3.15977062928819E-02
3.39806016610169E-02
3.87789250068595E-02
4.35615066609999E-02
4.34949925464197E-02
4.82519419296819E-02
0.050582900267603
4.32850637139095E-02
3.60096860712653E-02
3.59470414418075E-02
3.82751487831915E-02
3.82052449303749E-02
4.05171610925603E-02
4.51972111118288E-02
4.74828453644247E-02
4.26489736146281E-02
0.042561648060322
0.040112995347525
4.00272352264325E-02
4.46386344543966E-02
4.21949448581686E-02
5.14542283993749E-02
5.13347260385693E-02
4.65573553687084E-02
4.41225959910656E-02
4.16973411591064E-02
4.39032787404107E-02
4.84004138327303E-02
4.36765744164416E-02
4.58531040090749E-02
4.57289183089465E-02
5.01630611634512E-02
4.54746961459923E-02
5.21463549808152E-02
4.97339285156761E-02
4.95865829497117E-02
5.16842236657105E-02
5.15256749075747E-02
4.46651044287601E-02
5.34279725043175E-02
5.32554608029504E-02
5.75039700369505E-02
6.61291883923667E-02
5.27237471257104E-02
5.25417742412684E-02
0.100351739409106
0.110862757228132
0.114792725055084
0.114369875664949
0.135440206698624
0.126358379105597
0.128003443074083
0.127500854003697
0.126992270461951
0.124369721924655
0.209928471924404
0.209050767182658
0.208163008034689
0.207265177405933
0.206357257730995
0.205439230941753
0.204511078455251
0.203572781161394
0.202624319410448
0.201665673000331
0.200696821163727
0.199717742555004
0.198728415236953
0.197728816667363
0.173112652843171
0.162429931373313
0.163521253279104
0.16264687915447
0.155986496814386
0.158956775140401
0.158066863894554
0.159061851848215
0.150612949231814
9.54528712441454E-02
0.085582188377975
7.58185876652813E-02
0.060650009569189
6.20982027598497E-02
5.98900322974817E-02
7.75364795260131E-02
7.70298050503205E-02
5.51644914171179E-02
4.77225080833559E-02
4.56401963663393E-02
4.70657234853537E-02
4.67329022999561E-02
4.63971140939717E-02
4.26466182714809E-02
3.72505563067289E-02
3.52892048025566E-02
3.50187168964879E-02
3.47458760296542E-02
3.28292119493732E-02
3.09366112015812E-02
3.22982267660221E-02
3.04278547477432E-02
3.17581259977109E-02
3.46330954711961E-02
2.65275048156046E-02
2.62911003711171E-02
0.026052714976715
2.88490851918414E-02
0.025569964190637
2.53255798636373E-02
2.65544224168423E-02
0.023370112920323
2.16884776697692E-02
2.14656669136175E-02
2.12410396505607E-02
1.96136144010498E-02
1.80147928548287E-02
1.64449346220747E-02
1.62593473343804E-02
1.47329144740594E-02
1.72073376195202E-02
1.70014192578854E-02
0.018085698824305
1.53089183743242E-02
1.38547594517812E-02
1.36749382857436E-02
1.34937053309965E-02
1.33110543966643E-02
1.31269794819096E-02
1.29414748131479E-02
1.15950317138987E-02
0.011423776824922
1.12512080485022E-02
1.10773213796743E-02
9.81190192700214E-03
1.28706967211327E-02
1.26572651165581E-02
0.011405385630504
1.22256166371661E-02
1.20073980635981E-02
1.27698825631179E-02
1.25300241759723E-02
1.13431782384759E-02
0.012045144689391
1.18001362425916E-02
1.06647019750048E-02
1.04354115020605E-02
9.3541940295802E-03
9.14119190775019E-03
9.73833262408705E-03
1.02948813852093E-02
1.00383181275251E-02
9.7802032393073E-03
8.78822247986339E-03
7.12267277760589E-03
6.22865995437783E-03
6.0459690182032E-03
5.86237669311503E-03
6.30881417150829E-03
6.10299264108472E-03
5.89635758698393E-03
5.12008923308888E-03
6.02906995631462E-03
6.85413422505677E-03
7.08877967350576E-03
9.22280211409663E-03
8.82479084376577E-03
7.98323410752246E-03
8.02899871977759E-03
7.63191047711669E-03
6.47421554834664E-03
6.12123615833345E-03
6.10947562476923E-03
5.74007632564639E-03
6.26930614725791E-03
5.28934685830968E-03
4.91106732545916E-03
4.77706393184305E-03
4.39123869167778E-03
4.01310474295543E-03
4.19035972122903E-03
3.44874866887641E-03
3.37711394889668E-03
3.1218026331873E-03
2.9648726973875E-03
2.86477833702429E-03
2.02590429987853E-03
1.9169580881428E-03
1.64150497844656E-03
1.32640181645495E-03
1.08193939990379E-03
7.97816117207324E-04
5.66075296203606E-04
4.12642068952458E-04
2.73978667794771E-04
1.69214308734161E-04
9.85565252268259E-05
1.04621383245488E-04
4.23970495523422E-05
1.37064770739067E-05
3.09023270808889E-06
4.21391713288105E-07
1.5405181181546E-08
1.04298940160266E-10
6.91767182144826E-15
4.00835311585959E-26
2.07650460591359E-203
0
0
0
0
0
0
0
0
0
0
0
0
0
0
0
0
0
0
0
0
0
0
0
0
0
0
0
0
0
0
0
0
0
0
0
0
0
0
0
0
0
0
0
0
0
0
0
0
0
0
0
0
0
0
0
0
0
0
0
0
0
0
0
0
0
0
0
0
0
0
0
0
0
0
0
0
0
0
0
0
0
0
0
0
0
0
0
0
0
0
0
0
0
0
0
0
0
0
0
0
0
0
0
0
0
0
0
0
0
0
0
0
0
0
0
0
0
0
0
0
0
0
0
0
0
0
0
0
0
0
0
0
0
0
0
0
0
0
0
0
0
0
0
0
0
0
0
0
0
0
0
0
0
0
0
0
0
0
0
0
0
0
0
0
0
0
0
0
0
0
0
0
0
0
0
0
0
0
0
0
0
0
0
0
0
0
0
0
0
0
0
0
0
0
0
0
0
0
0
0
0
0
0
0
0
0
0
0
0
0
0
0
0
0
0
0
0
0
0
0
0
0
0
0
0
0
0
0
0
0
0
0
0
0
0
0
0
0
0
0
0
0
0
0
0
0
0
0
0
0
0
0
0
0
0
0
0
0
0
0
0
0
0
0
0
0
0
0
0
0
0
0
0
0
0
0
0
0
0
0
0
0
0
0
0
0
0
0
0
0
0
0
0
0
0
0
0
0
0
0
0
0
0
0
0
0
0
0
0
0
0
0
0
0
0
0
0
0
0
0
0
0
0
0
0
0
0
0
0
0
0
0
0
0
0
0
0
0
0
0
0
0
0
0
0
0
0
0
0
0
0
0
0
0
0
0
0
0
0
0
0
0
0
0
0
0
0
0
0
0
0
0
0
0
0
0
0
0
0
0
0
0
0
0
0
0
0
0
0
0
0
0
0
0
0
0
0
0
0
0
0
0
0
0
0
0
0
0
0
0
0
0
0
0
0
0
0
0
0
0
0
0
0
0
0
0
0
0
0
0
0
0
0
0
0
0
0
0
0
0
0
0
0
0
0
0
0
0
0
0
0
0
0
""
