0
0
0
0
0
0
0
0
0
0
0
0
0
0
0
0
0
0
0
0
0
0
0
0
0
0
0
0
0
0
0
0
0
0
0
0
0
0
0
0
0
0
0
0
0
0
0
0
0
0
0
0
0
0
0
0
0
0
0
0
0
0
0
0
0
0
0
0
0
0
0
0
0
0
0
0
0
0
0
0
0
0
0
0
0
0
0
0
0
0
0
0
0
0
0
0
0
0
0
0
0
0
0
0
0
0
0
0
0
0
0
0
0
0
0
0
0
0
0
0
0
0
0
0
0
0
0
0
0
0
0
0
0
0
0
0
0
0
0
0
0
0
0
0
0
0
0
0
0
0
0
0
0
0
0
0
0
0
0
0
0
0
0
0
0
0
0
0
0
0
0
0
0
0
0
0
0
0
0
0
0
0
0
0
0
0
0
0
0
0
0
0
0
0
0
0
0
0
0
0
0
0
0
0
0
0
0
0
0
0
0
0
0
0
0
0
0
0
0
0
0
0
0
0
0
0
0
0
0
0
0
0
0
0
0
0
0
0
0
0
0
0
0
0
0
0
0
0
0
0
0
0
0
0
0
0
0
0
0
0
0
0
0
0
0
0
0
0
0
0
0
0
0
0
0
0
0
0
0
0
0
0
0
0
0
0
0
0
0
0
0
0
0
0
0
0
0
0
0
0
0
0
0
0
1.8469168466966E-56
2.17172556130328E-26
8.46686071772329E-18
9.68856118769955E-14
2.29056698718266E-11
8.22401832622301E-10
9.52687422055123E-09
5.56547644841809E-08
2.23391604416816E-07
7.3255871146123E-07
1.87870693938369E-06
1.10380018498243E-05
2.1354538366743E-05
3.7981107057031E-05
4.76494468462052E-05
7.62400312505424E-05
1.0305270273075E-04
1.52661710299051E-04
2.1455916444218E-04
1.51895523455542E-04
1.98437310473407E-04
2.4102781379932E-04
2.94531443125183E-04
3.62971565857555E-04
4.51205086268709E-04
5.14677702457628E-04
5.94447344342389E-04
7.45789483399079E-04
8.07071140926209E-04
9.27485937631461E-04
1.01032145757914E-03
0.001846801139076
2.00325405798415E-03
2.16027012792534E-03
2.2489530396885E-03
3.28509941461079E-03
3.98100547772809E-03
4.27650650007243E-03
4.57701178606894E-03
4.88193938252537E-03
5.19073981497503E-03
5.50289587004899E-03
5.81792204300151E-03
6.1353637300002E-03
6.45479623076634E-03
6.77582361521947E-03
7.09807749770316E-03
7.42121575390797E-03
7.74492120854402E-03
8.06890031594577E-03
8.3928818509402E-03
8.71661562331503E-03
9.03987122595541E-03
9.36243682405157E-03
9.68411799062146E-03
1.00047365918539E-02
1.03241297243861E-02
1.06421487055263E-02
1.06298983730696E-02
1.09353288516966E-02
1.11232008001867E-02
0.01177897552357
1.20852336574974E-02
1.22643479822057E-02
1.25634865365879E-02
1.31229718785631E-02
1.34238460343554E-02
1.37224557875338E-02
1.40187565662398E-02
1.43127096548669E-02
0.014604281753212
1.48934445655896E-02
0.015180174418055
1.54644519019703E-02
1.57462615422287E-02
1.60255914885414E-02
0.016302433228279
1.65767813194395E-02
1.68486331424046E-02
1.71179886692199E-02
1.73848502492149E-02
1.76492224098545E-02
1.79111116717786E-02
1.81705263770602E-02
1.84274765297701E-02
1.86819736479998E-02
1.89340306265497E-02
1.91836616095432E-02
1.94308818722751E-02
1.96757077116551E-02
1.99181563446431E-02
2.01582458141218E-02
2.03959949016865E-02
2.06314230468665E-02
2.08645502723312E-02
2.10953971146597E-02
2.13239845602848E-02
2.15503339862494E-02
2.17744671054374E-02
2.19964059159648E-02
2.22161726544404E-02
2.24337897528231E-02
2.26492797986241E-02
2.28626654982185E-02
2.12280520716045E-02
2.16533900230167E-02
2.20809991948345E-02
1.13738982256222E-02
1.12324490694363E-02
1.26465431305763E-02
1.33912861150073E-02
1.30916792688703E-02
1.38463437009646E-02
1.40518402590634E-02
1.42421548259057E-02
8.58880752091849E-03
7.92163248553729E-03
8.17691127946463E-03
8.43437436693831E-03
8.69398214140204E-03
8.59746771903433E-03
1.06945922054225E-02
1.17617541937906E-02
1.36543216149753E-02
1.44328935735182E-02
2.63539631538588E-02
3.46632800953214E-02
3.55666023166102E-02
3.46965565906267E-02
0.031919113460647
3.17707390137355E-02
2.82323584461844E-02
2.89028851025249E-02
2.90759810312549E-02
3.02555001279989E-02
3.04130738457423E-02
0.02947909395954
0.029026213172239
4.19553552449667E-02
4.45538596925311E-02
5.24753086427542E-02
5.41423178252492E-02
0.055231247769895
5.75629662591009E-02
5.23753991526692E-02
5.27385055366215E-02
5.37367586083237E-02
5.54065892248176E-02
5.57452611796634E-02
6.36767172663723E-02
6.34051920983085E-02
6.38050726685012E-02
6.41839957170982E-02
3.85766730132655E-02
0.048281372959924
6.97946945380294E-02
7.79592755536764E-02
7.92249755576931E-02
8.04944708752941E-02
8.09499902696992E-02
8.30444702562177E-02
8.43247883885878E-02
8.56085299335353E-02
8.68956045048545E-02
8.81859227142248E-02
8.94793961530104E-02
9.07759373744378E-02
9.20754598761385E-02
9.33778780830553E-02
9.46831073307009E-02
9.59910638487703E-02
0.097301664745092
9.86148279899219E-02
0.099930472400564
0.101248517626318
0.102568884133749
0.10389149319226
0.105216266859991
0.106543127969997
0.107872000116739
0.109202807642855
0.11053547562622
0.111869929867278
0.113206096876657
0.114543903863041
0.115883278721309
0.117224150020929
0.118566446994603
0.119910099527159
0.121255038144681
0.122601194003877
0.123948498881678
0.105249383538652
0.105116417248108
0.103677273934627
0.103478292209284
0.105866929444201
0.106962697268158
0.10805902236871
0.109155853222034
0.110253138738639
0.111350828256594
0.112448871534921
0.113547218747117
0.123138103472958
0.131463033932721
0.11684359180704
0.131047405067215
0.130799012744318
0.132006717350657
0.133214384861428
0.135932323079459
0.135629403624364
0.153749048741419
0.155105239365318
0.156461104276292
0.157816587959305
0.159171635315784
0.160526191657888
0.161880202702885
0.163233614567645
0.164586373763267
0.165938427189816
0.167289722131169
0.168640206249985
0.169989827582769
0.171338534535056
0.172686275876695
0.17403300073723
0.175378658601387
0.176723199304663
0.178066573028996
0.179408730298541
0.180749621975539
0.1657011713232
0.146741930933653
0.147811373648399
0.141435666824766
0.140575049860384
0.045303764274286
4.56231284925265E-02
4.97706055522527E-02
0.048188187490808
0.048519588683076
4.88505436524661E-02
4.91810410558175E-02
4.75306268380022E-02
4.98406181557479E-02
4.81628885066169E-02
4.64583722283512E-02
4.67601708248271E-02
4.29691839941669E-02
4.11846186686038E-02
4.35180567823967E-02
4.79624438258149E-02
4.40650599220421E-02
0.044337838051514
4.67344136210518E-02
4.70191367571813E-02
4.73033239422047E-02
4.75869660929578E-02
5.43977888429752E-02
5.47188400411634E-02
5.50392412934108E-02
5.53589825271666E-02
6.23594201785818E-02
5.37565871553441E-02
5.18090145996204E-02
4.75701642785935E-02
4.78358497019176E-02
4.81009310056288E-02
5.06685143683974E-02
5.09449273766001E-02
4.19078308569382E-02
4.21329030285623E-02
4.23574230352697E-02
4.02157516780388E-02
4.04267362931591E-02
4.30276027922723E-02
4.80553856277484E-02
4.34715058339233E-02
3.88378422661576E-02
3.90338139560411E-02
3.43255918559938E-02
0.036960129548477
0.032190014447055
3.23474657892765E-02
0.030004118526481
2.76362288673117E-02
3.02926793758688E-02
0.035509031349342
0.033127801224449
3.07222639974012E-02
0.030864574043145
2.84225653409372E-02
2.85521890515361E-02
0.036503591951643
3.66674961866519E-02
3.68308578018276E-02
3.43512670608944E-02
3.45019395397641E-02
3.46520954809432E-02
0.034801730709309
2.68852623651728E-02
2.69995557322532E-02
2.44020951279901E-02
2.45042182138153E-02
2.73399629019788E-02
3.01978569861225E-02
3.03212900342668E-02
3.32119145132376E-02
0.03612433907614
3.90584309114183E-02
4.20140560260065E-02
5.34269066146631E-02
5.36351718289508E-02
5.10087735836762E-02
5.40491685732286E-02
4.85438480513619E-02
5.15934474761039E-02
5.46637464520207E-02
5.48668725813368E-02
4.92723733029975E-02
4.65435727610472E-02
4.37928757121433E-02
0.070320716907219
7.05716997968691E-02
0.073772440836158
7.10702405613703E-02
6.83462109619987E-02
6.85823306321676E-02
6.58252754065326E-02
6.90512130753644E-02
7.22963098756415E-02
7.25379954752436E-02
7.27784902593915E-02
9.12722349991901E-02
8.24128678212763E-02
7.34927676387378E-02
6.75844008467848E-02
6.47175247164174E-02
6.49215926840136E-02
6.82257518333166E-02
6.84372703694744E-02
7.48883425068304E-02
0.068856877247982
6.90649548862687E-02
0.069271874916685
7.26357062658049E-02
7.28495948443578E-02
0.054002537648935
5.41588119889499E-02
0.054314171781973
0.054468613107428
0.054622132073243
5.47747248158138E-02
5.81573514705542E-02
5.83169466906319E-02
6.49728323462229E-02
7.49201421968951E-02
8.16524440326172E-02
7.85938133638877E-02
7.87999357869435E-02
7.90047084058096E-02
7.59077875370383E-02
7.61014262290683E-02
7.62937568252205E-02
6.98339245955999E-02
7.00071290686626E-02
6.01535367737702E-02
6.69999160457453E-02
6.71614111327598E-02
7.06878315795778E-02
7.76030485508859E-02
6.76389094826849E-02
0.067795733576585
6.11562421935831E-02
0.061295261022943
6.48461695955962E-02
6.84112173906929E-02
6.85621163640356E-02
7.21474100803027E-02
7.57463542193464E-02
6.90076214239369E-02
6.56960280675221E-02
6.23687359108248E-02
6.24980367045095E-02
6.26262416199785E-02
6.97259417175431E-02
8.03458378998431E-02
8.40056668394006E-02
0.108720514558652
0.108931795816764
0.112661840863101
0.12345809345653
0.123690120793053
0.102676542312639
0.109959320678698
9.94984648772976E-02
9.96770738912535E-02
0.103420130233657
0.125036244369373
0.118095567429947
0.146975961134993
0.150815360733579
0.154664144095692
0.338660879210091
0.339212726956609
0.314457374651109
0.314956949714978
0.3190767906263
0.290518866888941
0.290962746927641
0.273188849253014
0.273595249942979
0.273996767645982
0.263417657102702
0.186853878897778
0.19445482910269
0.191050648174392
0.220744625189832
0.213674169241081
0.22133590509144
0.221625601381764
0.225609848157006
0.225896290227042
0.218762986387654
0.215319783162429
0.211863656114954
0.22700147770388
0.223541898437063
0.223799637982785
0.220319131987654
0.272902034676823
0.273200912261972
0.243522832808903
0.270033447729829
0.270313664544299
0.180392675001966
0.180572990088367
0.184515676774613
0.184693099663394
0.17354879237896
0.158603956580286
0.154967756932886
0.204284693441802
0.147666872800188
0.144002591875471
0.261695283096561
0.318843849289722
0.224127215500835
0.266119276736344
0.29675667907911
0.205598134617561
0.220986034994322
0.217327679661692
0.179321900059516
0.18707630564422
0.213938977820044
0.214072589995128
0.206552242513589
0.168400714047044
0.145519747962094
0.164757757905928
0.149510986843569
0.164930148554755
0.12663700921835
0.12285810675557
0.122914461832799
0.172924576886944
0.176841945780346
0.16152957011793
0.153896975964767
0.153953474059631
0.146306819855405
0.192572611150711
0.215748684550412
0.250496221079041
0.250565315173373
0.250629860956264
0.212122186629086
0.231457201554497
0.22764577603982
0.223828721321416
0.308780697015867
0.30882651618461
0.308866727228342
0.308901329211549
0.308930321329247
0.308953702906985
0.305109329983341
0.278085269157724
0.166082221542529
0.158357946385309
0.158355549591945
0.158350276727839
0.158342127915644
0.20081017985209
0.200792550491462
0.200771274562701
0.154420271200589
0.154398296204202
0.142795503681408
0.138911342080284
0.142741884952532
0.138854128649661
0.138821740214258
0.154207590686258
0.146457703876342
0.146415538207912
0.14251885420388
0.146323235681174
0.14242380884128
0.150068215120568
0.161550646342818
0.15764152283243
0.153732667156114
0.153665938455859
0.157436333673215
0.153524122696405
0.153449038943236
0.153371173587139
0.153290528444148
0.153207105395493
0.160776951706981
0.168335126775293
0.187351731042037
8.02439788765438E-02
8.01929057861835E-02
7.25079637075326E-02
6.10182137637233E-02
6.09759854647766E-02
0.060932653949254
6.08882202303338E-02
6.84480210156576E-02
7.21953098087891E-02
7.21386256962752E-02
0.068286920058211
6.44401531117337E-02
6.05985316663351E-02
6.05464130811215E-02
5.29315511688221E-02
6.04388976779704E-02
6.41574723426197E-02
6.03270197454337E-02
6.40362886021247E-02
6.02107897850835E-02
6.39104865769851E-02
6.00902187149752E-02
6.00283087895194E-02
5.62174855027307E-02
5.99012474370184E-02
6.35758551871996E-02
5.97698740915731E-02
5.97025742724974E-02
6.33613386989401E-02
6.32875535382119E-02
0.059494241338974
6.31365741202328E-02
5.93500079308347E-02
5.55715245570953E-02
5.55014198697016E-02
5.54303200304485E-02
5.90487751692635E-02
6.26564938678855E-02
5.52110665418973E-02
5.51360031574479E-02
5.50599532741342E-02
0.051317390782633
0.047584247750152
5.48259027900949E-02
5.10961968461275E-02
4.73763076435529E-02
4.73053015176601E-02
5.08667942593653E-02
0.050788511026047
5.07093230306885E-02
4.70128584356913E-02
4.33270631395719E-02
3.96521317251578E-02
3.95870840629402E-02
3.95213331130801E-02
3.94548804485871E-02
4.29684301749343E-02
4.64689447857481E-02
4.63879332867434E-02
4.27440924333014E-02
4.26677975062845E-02
4.25907477782941E-02
3.89701996768142E-02
3.88981920703941E-02
3.52959070105306E-02
3.87521183523696E-02
4.21942426501687E-02
4.21127037057402E-02
4.20304233392068E-02
4.19474035400356E-02
3.83750091241543E-02
3.48159614162349E-02
3.82194337569779E-02
4.16079704912348E-02
0.038061177051231
4.14338705358015E-02
4.13457320575358E-02
5.15710884590841E-02
6.51815406487577E-02
6.16154826503199E-02
6.14789576708915E-02
6.47492150697084E-02
6.46028478246865E-02
0.071240131607794
7.10758779519471E-02
7.42870759286442E-02
8.08499129084708E-02
7.72972296933933E-02
6.70538740823721E-02
6.68916066151333E-02
0.056718956352254
5.32508880838984E-02
0.059758100250895
5.62963714494012E-02
6.93661735631402E-02
7.57779676989805E-02
7.22959786777906E-02
7.53850561605425E-02
7.51866625082767E-02
6.52060726227404E-02
6.17797590957418E-02
5.83699222080057E-02
0.05821065746253
5.80504025817861E-02
6.11052261190439E-02
6.41410428081161E-02
5.75637374851483E-02
6.05884271582355E-02
6.04141078106446E-02
6.02387692613001E-02
5.69012361586244E-02
5.98850523293747E-02
6.28491399081969E-02
6.57933450924759E-02
6.24704682460862E-02
5.91655853299129E-02
5.89832383424951E-02
6.49893725873118E-02
6.47856638086021E-02
0.067656159118991
6.43750238963548E-02
6.41681033142177E-02
6.39601227422793E-02
6.98226196935166E-02
6.65667651817051E-02
6.33298749255459E-02
6.31177084132583E-02
6.58999619162031E-02
6.26902825384058E-02
6.54500359403045E-02
6.52234733614672E-02
6.20414953559841E-02
6.18232159878044E-02
6.16039376529574E-02
6.13836661190572E-02
6.11624071907879E-02
5.80382540095263E-02
6.07169505558257E-02
5.76121568045309E-02
5.73977285055062E-02
5.43232686049535E-02
5.41178339935385E-02
5.95864430758275E-02
6.21840459885757E-02
5.34964184070839E-02
4.48737637792154E-02
4.19036346499302E-02
0.038954964834521
3.60278889177409E-02
3.31225403071076E-02
3.29880558804641E-02
3.28530632319212E-02
0.03271756604856
3.25815680399229E-02
3.24450729381032E-02
3.50004248726557E-02
3.48514903713078E-02
3.20326427346722E-02
3.45520467882501E-02
3.70478187855522E-02
3.68851877711551E-02
3.67220080394033E-02
3.65582841589352E-02
4.67923123616846E-02
4.91682303502776E-02
4.89438557667807E-02
0.05128291354749
4.59407113087275E-02
0.048266477726633
4.80392883698829E-02
4.78114114805059E-02
4.50784928840689E-02
4.98459171664981E-02
4.96039170787999E-02
4.68931600086508E-02
4.66619443578712E-02
3.90990155879306E-02
3.89032225223148E-02
3.87068954780073E-02
3.85100402310762E-02
4.07072040039627E-02
4.04969414310719E-02
4.26559089962168E-02
4.47894765612604E-02
4.92424347690616E-02
5.13124484317221E-02
9.27943907370451E-02
8.07556914903468E-02
8.03152528035372E-02
8.44380057731745E-02
0.088509178797473
8.57582279765367E-02
7.40551912458308E-02
7.14038467053041E-02
6.43398751150613E-02
5.73517261946431E-02
5.48257081993219E-02
5.45048725167614E-02
4.55140506555768E-02
4.52434766592223E-02
4.49723795247233E-02
4.68293759001089E-02
4.01973504568143E-02
3.99506993151634E-02
3.97036064633491E-02
3.73794441399632E-02
2.88901994137816E-02
0.028707190207703
0.028523879403695
2.63159678450241E-02
2.81563772886533E-02
3.59642548506091E-02
0.037711935608758
3.74612345578854E-02
3.52517441198162E-02
3.89039616086279E-02
4.25028544931711E-02
4.02922849937343E-02
3.81079091591591E-02
3.78418810730563E-02
3.19392003228381E-02
3.17125349695359E-02
0.03518980036957
3.67746306392173E-02
0.034681726716094
3.08033668158522E-02
3.23740469548675E-02
3.21325335986183E-02
2.83473762894701E-02
2.63740416843835E-02
0.026172248026727
2.77016445927378E-02
2.74860592863557E-02
2.89747115606306E-02
3.04362283500793E-02
3.01931919374964E-02
2.99500064517585E-02
2.80563101082232E-02
2.78263800369509E-02
1.94797665852461E-02
1.93173085098644E-02
1.91547828383089E-02
1.89921960684521E-02
2.03986843087699E-02
0.020222437590276
2.00461461175003E-02
1.83413696713075E-02
1.81785765954625E-02
2.10183895235225E-02
2.08284230960336E-02
2.06384481342854E-02
2.33696831507034E-02
2.31525773102952E-02
2.29354897726216E-02
0.022718430039285
2.25014076885319E-02
2.22844323764183E-02
2.20675138379955E-02
3.14103264647558E-02
3.51550654401743E-02
3.61415206564127E-02
3.44509830533011E-02
0.027541656401552
2.85556566393301E-02
0.028258324379517
0.0279611813878
2.89217076575607E-02
3.23434340366779E-02
3.19930391055335E-02
3.16429370422099E-02
3.12931455315457E-02
3.21338240502393E-02
3.17712797779315E-02
3.25724146306527E-02
3.44970512099833E-02
3.52320682721558E-02
3.70639867750179E-02
3.77332265783506E-02
3.72799142398738E-02
3.89935334338767E-02
5.88422147702873E-02
5.70554847866264E-02
5.21664135874808E-02
5.15047439960896E-02
5.08441826470606E-02
5.72106364017494E-02
5.64602578884654E-02
0.052779105778262
5.49637438159699E-02
5.32665132306747E-02
5.25350705974297E-02
5.18051864554085E-02
4.65164698301635E-02
4.49556099363039E-02
5.31700285308767E-02
5.85079741414614E-02
5.85052748674871E-02
5.93266144994187E-02
6.59419613136923E-02
6.73981386556981E-02
3.96500371965117E-02
3.50449897433608E-02
3.44875204687836E-02
3.70164536068775E-02
3.48948871812371E-02
0.034317537324401
3.37420971968533E-02
3.53317831274087E-02
3.40143969516246E-02
3.41164601455116E-02
3.28282027270767E-02
3.15668037292879E-02
3.23103571801384E-02
3.10658271162443E-02
3.23882777805554E-02
3.42636118537239E-02
1.40515583229886E-02
1.43748737055903E-02
1.29145095642008E-02
1.09278262287723E-02
1.12666200856158E-02
1.04798512040827E-02
1.02575354595221E-02
9.5081352725058E-03
7.23310981660542E-03
5.55647873331065E-03
5.92418631411574E-03
5.30524801292913E-03
5.65169970993226E-03
5.97639404088718E-03
5.83101401732472E-03
5.24912514710499E-03
5.54302658513327E-03
5.40045515738085E-03
6.06791113954632E-03
6.29938300333938E-03
6.51054379409506E-03
6.32933903694983E-03
6.14950553629099E-03
6.3223083648326E-03
5.79405553869446E-03
5.61849155875528E-03
5.44440387990994E-03
5.27181968427782E-03
5.4008116228659E-03
4.93127236976478E-03
4.48316755632795E-03
5.13790705746941E-03
4.95389136390755E-03
4.52060279284201E-03
4.83316694421555E-03
4.75271472877084E-03
4.71180857919847E-03
4.67050135955676E-03
5.09166734674527E-03
5.2746652295539E-03
5.22574668027116E-03
4.95128736043194E-03
3.78912082692271E-03
3.75188271379376E-03
4.15125033570453E-03
4.10880447627775E-03
3.85194212161036E-03
3.81093108703704E-03
3.56009715651574E-03
3.52059513577795E-03
3.48070311322212E-03
3.03566263642181E-03
2.99976654778061E-03
2.96351751195502E-03
2.5366577462844E-03
2.50462310720637E-03
2.85262588451221E-03
2.81493887632057E-03
2.77688653443135E-03
2.73846686010867E-03
2.69967805459381E-03
2.66051853919378E-03
2.62098697693184E-03
2.75315444893455E-03
2.87957754284057E-03
2.83350420328529E-03
2.78700644945524E-03
2.74008457561466E-03
2.69273934243871E-03
2.33379883958712E-03
2.44403239818205E-03
2.84796473874755E-03
2.79317742627711E-03
2.59382913732857E-03
2.5410598141076E-03
2.62608057110803E-03
2.56949006204001E-03
2.51246636467769E-03
2.45501873899584E-03
2.3971577109136E-03
2.33889517306559E-03
2.28024449267152E-03
2.10431427812411E-03
1.59293491824894E-03
1.65956989403945E-03
1.50469493709864E-03
1.25163488964163E-03
1.01113397978698E-03
9.79111228973024E-04
1.13637195316627E-03
1.09769696395113E-03
9.70686907763607E-04
1.02009928628894E-03
1.0629972130018E-03
1.02087604467896E-03
9.78778384602258E-04
1.0087984391078E-03
1.10129883563504E-03
1.04986270678975E-03
9.98661633343261E-04
9.47757472793224E-04
8.97216621837425E-04
7.94165815633318E-04
9.47048152924054E-04
9.82419066495226E-04
8.314672942883E-04
7.34203432820284E-04
7.1954566885419E-04
7.00260504759628E-04
6.44446821355876E-04
6.786315238382E-04
5.64277572245057E-04
5.10797419099405E-04
4.59338800895354E-04
3.90535955382428E-04
2.93962585094023E-04
3.03523636329726E-04
2.3736392336859E-04
2.03956046812277E-04
1.63445539802975E-04
1.36729717160221E-04
1.19170744065309E-04
9.63055532949845E-05
7.61972178835427E-05
5.55606995522322E-05
3.67846700596688E-05
2.66905641485129E-05
1.86111821969427E-05
1.23734487695352E-05
7.76451212746251E-06
4.23592913420276E-06
2.42807401145186E-06
1.16092366697773E-06
4.79829421231394E-07
1.5253496393709E-07
3.98638761274214E-08
7.15110998053269E-09
8.89484796564366E-10
3.52925867529598E-11
3.41554284779691E-13
1.45888693184429E-16
3.94803391021896E-23
5.98768177996318E-41
0
0
0
0
0
0
0
0
0
0
0
0
0
0
0
0
0
0
0
0
0
0
0
0
0
0
0
0
0
0
0
0
0
0
0
0
0
0
0
0
0
0
0
0
0
0
0
0
0
0
0
0
0
0
0
0
0
0
0
0
0
0
0
0
0
0
0
0
0
0
0
0
0
0
0
0
0
0
0
0
0
0
0
0
0
0
0
0
0
0
0
0
0
0
0
0
0
0
0
0
0
0
0
0
0
0
0
0
0
0
0
0
0
0
0
0
0
0
0
0
0
0
0
0
0
0
0
0
0
0
0
0
0
0
0
0
0
0
0
0
0
0
0
0
0
0
0
0
0
0
""
