0
0
0
0
0
0
0
0
0
0
0
0
0
0
0
0
0
0
0
0
0
0
0
0
0
0
0
0
0
0
0
0
0
0
0
0
0
0
0
0
0
0
0
0
0
0
0
0
0
0
0
0
0
0
0
0
0
0
0
0
0
0
0
0
0
0
0
0
0
0
0
0
0
0
0
0
0
0
0
0
0
0
0
0
0
0
0
0
0
0
0
0
0
0
0
0
0
0
0
0
0
0
0
0
0
0
0
0
0
0
0
0
0
0
0
0
0
0
0
0
0
0
0
0
0
0
0
0
0
0
0
0
0
0
0
0
0
0
0
0
0
0
0
0
0
0
0
0
0
0
0
0
0
0
0
0
0
0
0
0
0
0
0
0
0
0
0
0
0
0
0
0
0
0
0
0
0
0
0
0
0
0
0
0
0
0
0
0
0
0
0
0
0
0
0
0
0
0
0
0
0
0
0
0
0
0
0
0
0
0
0
0
0
0
0
0
0
0
0
0
0
0
0
0
0
0
0
0
0
0
0
0
0
0
0
0
0
0
0
0
0
0
0
0
0
0
0
0
0
0
0
0
0
0
0
0
0
0
0
0
0
0
0
0
0
0
0
0
0
0
0
0
0
0
0
0
0
0
0
0
0
0
0
0
0
0
0
0
0
0
0
0
0
0
0
0
0
0
0
0
0
0
0
0
0
0
0
0
0
0
0
0
0
0
0
0
0
0
0
0
0
0
0
0
0
0
0
0
0
0
0
0
0
0
0
0
0
0
0
0
0
0
0
0
0
0
0
0
0
0
0
0
0
0
0
0
0
0
0
0
0
0
0
0
0
0
0
0
0
0
0
0
0
0
0
0
0
0
0
0
0
0
0
0
0
0
0
0
0
0
0
0
0
0
0
0
0
0
0
0
0
0
0
0
0
0
0
0
0
0
0
0
0
0
0
0
0
0
0
0
0
0
0
0
0
0
0
0
0
0
0
0
0
0
0
0
0
0
0
0
0
0
0
0
0
0
0
0
0
0
0
0
0
0
0
0
0
0
0
0
0
0
0
0
0
7.37055853299995E-26
1.51826678375828E-14
1.44072752472645E-10
1.78163813188584E-08
3.71935444281612E-07
2.24568251949873E-06
8.52589459229675E-06
2.35605474890318E-05
4.73991674230252E-05
8.88729642234388E-05
1.52025626767412E-04
2.15101006337305E-04
2.98291171668077E-04
3.67360523268034E-04
5.05387184343459E-04
6.50695085210703E-04
8.39707036210395E-04
1.05719529029197E-03
1.15449401729163E-03
1.22779698331872E-03
1.32285919866988E-03
1.45728287303703E-03
1.7833353742982E-03
1.92709026281932E-03
2.06167454863288E-03
2.27659150797403E-03
2.49702692605717E-03
2.61344933666297E-03
2.47964414832367E-03
2.16603063980827E-03
2.1900842934027E-03
2.34337473357504E-03
2.81051471910146E-03
3.15214419965032E-03
3.1632455943067E-03
0.003526944807367
3.91140482419847E-03
4.11102192839398E-03
4.31125412976209E-03
4.28635033468198E-03
4.94861252075437E-03
5.15988827152733E-03
5.11548060938956E-03
4.78509060717011E-03
4.96615388578377E-03
4.57515461362744E-03
5.03172586440731E-03
5.20207265702684E-03
5.37209179132707E-03
5.21575344346814E-03
5.37503131897362E-03
5.87975358384775E-03
5.69228591392146E-03
5.85020432744041E-03
6.38309231233921E-03
5.77921850831814E-03
6.3208349483112E-03
6.07181653777701E-03
5.80281810924198E-03
5.93808638000072E-03
6.07282272183986E-03
6.20701750545477E-03
6.34066221113139E-03
6.93615998589758E-03
7.0781488036359E-03
7.70082868459679E-03
7.36028882038757E-03
7.50042986761282E-03
7.63994594949302E-03
7.26024465222288E-03
7.91708969300277E-03
8.59169261903051E-03
1.09222638051677E-02
1.05488582954061E-02
1.18492569020376E-02
1.26116077529657E-02
1.33909845525972E-02
1.24138508314379E-02
1.56003113320226E-02
1.64388249173277E-02
1.60585341868311E-02
1.62859754276168E-02
1.39719492675255E-02
1.35187657864285E-02
2.34853252534527E-02
2.31331387317654E-02
2.61097518528269E-02
0.027118887103391
2.74568380416972E-02
2.84879146897915E-02
4.35978382726063E-02
4.48252725439595E-02
4.82260111840582E-02
5.02339212474418E-02
2.79764442699875E-02
2.90306012128812E-02
3.00993767809065E-02
2.89009898246624E-02
2.99745529328682E-02
3.18390512605732E-02
5.56998022036322E-02
6.33923541518913E-02
6.40210233035951E-02
6.38382727776688E-02
6.44524905765932E-02
6.58870054194271E-02
6.73336168674734E-02
8.13761436951023E-02
0.082960714248928
8.19940815596964E-02
6.80688257311367E-02
6.86600856433437E-02
6.48652892276011E-02
6.54130107744931E-02
6.68489977751355E-02
6.20060972895035E-02
0.060696438898314
7.03128365535023E-02
5.15395600977787E-02
5.00852009862378E-02
6.07501081672668E-02
6.02681145403393E-02
5.59745074383015E-02
5.92540567825562E-02
6.06475605365894E-02
6.01132019545786E-02
0.051751047253708
5.30960909719692E-02
5.14823947981527E-02
4.98395096008024E-02
9.83423498190288E-02
9.89952468100491E-02
0.099644130176192
9.61955715814806E-02
9.98999603626152E-02
0.103639490046621
0.104285234839669
0.104926883930386
0.105564436881266
0.106197893127687
8.01204389858712E-02
8.05893844744503E-02
6.80864147179923E-02
0.073909700146382
6.66752542809727E-02
6.26501552076111E-02
7.51517684235038E-02
7.66713886775847E-02
9.04887415430223E-02
8.87224732991699E-02
8.58003902566871E-02
8.62443897703802E-02
8.66852625287999E-02
9.51474944910653E-02
9.44700654172699E-02
9.49356129523212E-02
9.53977799008535E-02
9.70255468558274E-02
9.74865005352657E-02
0.100304123486508
9.48415639045379E-02
0.095275938947578
9.57070039475079E-02
9.73364412082877E-02
9.77661850924924E-02
9.81925708812825E-02
9.73981197693268E-02
9.65899438670028E-02
0.095768165426185
8.75355374238606E-02
0.101511997498801
8.82505752906232E-02
8.73557189936866E-02
0.052620545816601
6.03724658248995E-02
4.92416928667071E-02
5.06965408165299E-02
0.127217770522651
0.127690003110986
0.128158046510685
0.12862189740554
0.129081552460553
0.129537008323684
0.129988261627556
0.130435308991128
0.130878147021339
0.131316772314715
0.131751181458943
0.132181371034419
0.132607337615757
0.133029077773274
0.13344658807444
0.133859865085304
0.134268905371887
0.134673705501544
0.135074262044308
0.135470571574194
0.135862630670482
0.136250435918981
0.136633983913249
0.137013271255807
0.137388294559313
0.13775905044772
0.138125535557408
0.13848774653829
0.138845680054896
0.139199332787435
0.139548701432837
0.139893782705763
0.140234573339608
0.140571070087471
0.140903269723109
0.118634181995173
0.117490454835139
0.122011686460282
0.123704459052175
0.132524720871127
0.131381566316995
0.133090516061069
0.131933327864446
0.14226218370206
0.142548349396281
0.14427295698571
0.144553348362452
0.144829402963902
0.145101117942339
0.145368490482744
0.145631517803462
0.145890197156857
0.143221635313349
0.143466611122125
0.140774515641854
0.142474939735202
0.147118280706861
0.147350816539225
0.147578986174879
0.147802787159996
0.148022217079975
0.148237273559947
0.148447954265273
0.148654256902026
0.148856179217465
0.149053719000495
0.14924687408211
0.149435642335829
0.149620021678121
0.149800010068813
0.149975605511492
0.15014680605389
0.150313609788265
0.150476014851761
0.150634019426767
0.150787621741259
0.146408715467059
0.14654916434861
0.145173118168443
0.136222177110737
8.48341427456824E-02
0.101583185482271
0.100148027443467
0.11541189876531
0.118537903723457
0.1110192496776
0.115661540718253
0.117260906666067
0.11733500605739
0.152474935610848
0.146459830370915
0.141960116744521
0.14356039570064
0.146686020069814
0.145224241893344
0.152932880828222
0.108625534218609
0.102543573940708
9.95163524892691E-02
0.104141742107362
0.131745747618624
0.130246696274968
0.144069713892899
0.145630693153883
0.145654804875338
0.145674705308298
0.13955606183353
0.148769279253446
0.147242917198446
0.144178377739837
0.144177231437953
0.150306892745227
0.153364293703285
0.153349773614776
0.153330820255302
0.153307433844841
0.153279614654753
0.153247363007736
0.153210679277773
0.153169563890065
0.153124017320963
0.153074040097885
0.15301963279923
0.152960796054274
0.152897530543068
0.15282983699632
0.152757716195272
0.152681168971564
0.15260019620709
0.15251479883385
0.152424977833787
0.152330734238615
0.152232069129642
0.15212898363758
0.147460834574078
0.147352269584675
0.151793216906818
0.151672462170469
0.151547293438384
0.151417712133204
0.151283719725387
0.151145317732937
0.151002507721133
0.150855291302242
0.150703670135219
0.150547645925404
0.150387220424202
0.150222395428758
0.150053172781612
0.149879554370359
0.14970154212728
0.149519138028974
0.149332344095976
0.149141162392359
0.148945595025333
0.148745644144825
0.148541311943048
0.148332600654065
0.148119512553328
0.14790204995722
0.147680215222571
0.147454010746169
0.147223438964258
0.146988502352016
0.14674920342303
0.14650554472875
0.146257528857931
0.146005158436064
0.145748436124786
0.145487364621287
0.145221946657688
0.144952185000419
0.144678082449571
0.144399641838235
0.14411686603183
0.143829757927412
0.143538320452965
0.143242556566679
0.142942469256209
0.142638061537919
0.142329336456106
0.142016297082212
0.141698946514009
0.141377287874775
0.141051324312446
0.140721058998752
0.140386495128331
0.140047635917826
0.139704484604959
0.139357044447591
0.139005318722753
0.138649310725663
0.138289023768717
0.137924461180461
0.133428957515401
0.126207920698725
0.127228792413956
0.135059286375046
0.136037631264684
0.135647485557029
0.135253087878847
0.134854441648074
0.134451550288483
0.13404441722841
0.132296715440465
0.122560044556363
8.76464174320008E-02
7.94241219818194E-02
8.31255053367822E-02
5.91807309241792E-02
5.63626828040252E-02
5.09476747197113E-02
5.20759637533471E-02
4.41117862919192E-02
4.52504438304274E-02
4.50902256429863E-02
4.10775208086606E-02
4.22073613263282E-02
0.044600761327957
3.93564254104028E-02
3.92080222911608E-02
4.15782149286919E-02
4.01624040095364E-02
3.37543901945839E-02
3.86014592288384E-02
3.72063733211108E-02
3.70552462917909E-02
3.81329663925183E-02
3.79742223811686E-02
3.78141900649361E-02
4.12966965257687E-02
5.68400779440762E-02
5.53875203316752E-02
5.99374127442626E-02
5.84755497359594E-02
9.02855292098272E-02
9.22361740722447E-02
9.29846811128724E-02
0.100747813041442
9.79364258683313E-02
9.74645452115717E-02
7.27419004852545E-02
7.23827955653585E-02
7.31642875295705E-02
6.59697539825574E-02
6.45003997049647E-02
4.05259645405945E-02
4.14331699010495E-02
5.56934237066695E-02
5.42861429543551E-02
4.84814616778966E-02
4.71185954345884E-02
0.045766146080517
4.44242372468818E-02
4.30929924700742E-02
4.17725351957598E-02
4.15278042774341E-02
4.02229758745215E-02
3.89292638402982E-02
3.66010471052018E-02
0.081065804135571
8.67573171590475E-02
8.92884718809065E-02
0.101974239286743
0.101313955899608
0.100649577105907
9.99811025785264E-02
9.93085318420912E-02
0.098631864269842
9.79510990805762E-02
9.72662353356541E-02
9.65772719360858E-02
9.58842076197121E-02
7.80533735859663E-02
6.51951815455966E-02
6.56462758312472E-02
6.98031825630226E-02
7.48094262502086E-02
7.42280845652914E-02
9.09177902607542E-02
9.01918527653728E-02
8.94617952552091E-02
0.088727614715233
0.087989307948099
0.087246871574191
0.086500302032127
8.57495955797694E-02
8.49947482957997E-02
8.42357560819127E-02
8.34726146656983E-02
8.27053196042799E-02
8.19338662887882E-02
8.11582499497559E-02
8.03784656635245E-02
7.80026181925714E-02
7.80183091019333E-02
7.72339132014736E-02
7.72175456333347E-02
7.64168429583073E-02
7.56119400703972E-02
7.48028312551469E-02
6.36309792416828E-02
6.29278965619937E-02
6.22211818495551E-02
6.15108301312483E-02
6.07968364775051E-02
6.00791960311325E-02
5.93579040393857E-02
0.058632955889606
0.057231040786581
0.055177698946652
5.44674290723281E-02
5.44012488687049E-02
5.17582714652383E-02
5.16850366384125E-02
5.03477245476835E-02
4.96372496157431E-02
3.74474684977392E-02
2.38053789624557E-02
2.28631532753619E-02
2.25143928222927E-02
2.10273508820675E-02
2.01340338817432E-02
1.65062401284844E-02
1.62328416352951E-02
2.02136810633048E-02
2.03868949522691E-02
1.95130243045015E-02
3.47910689631519E-02
3.21681339081599E-02
1.94211530114138E-02
0.016664272039584
1.63336042425454E-02
1.64587054107758E-02
1.70110065599874E-02
1.62093422844772E-02
1.54254107093055E-02
1.50781901367941E-02
1.39113046566118E-02
1.31814101749595E-02
1.20801266183685E-02
1.17766383572691E-02
1.14721083638125E-02
1.15267894679224E-02
1.15607416367198E-02
1.08931088128345E-02
1.09053924924096E-02
1.02559331611392E-02
0.010246709282793
8.71433371132188E-03
8.42347068063344E-03
8.1321859517355E-03
2.32513779243319E-02
2.23860028703179E-02
2.22710955783093E-02
2.13754574167512E-02
2.04804712232592E-02
1.91465159139068E-02
1.65941082438951E-02
1.00028153997651E-02
9.50479756883745E-03
8.82881856932085E-03
1.51583371763368E-02
1.44470113764727E-02
1.50804162292391E-02
1.41177496114401E-02
1.31657467940942E-02
1.10034711140946E-02
1.02835379436571E-02
1.02874029173834E-02
9.12046928476857E-03
7.94011496109715E-03
5.29325976923516E-03
4.87503604136954E-03
4.9392817871813E-03
4.33350319591087E-03
3.56915702278817E-03
2.85137005949597E-03
1.99422225269345E-03
1.56366519065567E-03
1.26364909224295E-03
1.03029785505885E-03
1.32779545840347E-03
9.84359364603589E-04
4.86939623243442E-04
2.24539573918332E-04
1.2014836214388E-04
5.23322020712282E-05
2.58701888948672E-05
1.02548929108661E-05
3.07273157214636E-06
6.4927749981857E-07
6.33153269632993E-08
1.59783733452258E-09
2.3418653918736E-12
5.62131997386434E-19
3.2906807475524E-50
0
0
0
0
0
0
0
0
0
0
0
0
0
0
0
0
0
0
0
0
0
0
0
0
0
0
0
0
0
0
0
0
0
0
0
0
0
0
0
0
0
0
0
0
0
0
0
0
0
0
0
0
0
0
0
0
0
0
0
0
0
0
0
0
0
0
0
0
0
0
0
0
0
0
0
0
0
0
0
0
0
0
0
0
0
0
0
0
0
0
0
0
0
0
0
0
0
0
0
0
0
0
0
0
0
0
0
0
0
0
0
0
0
0
0
0
0
0
0
0
0
0
0
0
0
0
0
0
0
0
0
0
0
0
0
0
0
0
0
0
0
0
0
0
0
0
0
0
0
0
0
0
0
0
0
0
0
0
0
0
0
0
0
0
0
0
0
0
0
0
0
0
0
0
0
0
0
0
0
0
0
0
0
0
0
0
0
0
0
0
0
0
0
0
0
0
0
0
0
0
0
0
0
0
0
0
0
0
0
0
0
0
0
0
0
0
0
0
0
0
0
0
0
0
0
0
0
0
0
0
0
0
0
0
0
0
0
0
0
0
0
0
0
0
0
0
0
0
0
0
0
0
0
0
0
0
0
0
0
0
0
0
0
0
0
0
0
0
0
0
0
0
0
0
0
0
0
0
0
0
0
0
0
0
0
0
0
0
0
0
0
0
0
0
0
0
0
0
0
0
0
0
0
0
0
0
0
0
0
0
0
0
0
0
0
0
0
0
0
0
0
0
0
0
0
0
0
0
0
0
0
0
0
0
0
0
0
0
0
0
0
0
0
0
0
0
0
0
0
0
0
0
0
0
0
0
0
0
0
0
0
0
0
0
0
0
0
0
0
0
0
0
0
0
0
0
0
0
0
0
0
0
0
0
0
0
0
0
0
0
0
0
0
0
0
0
0
0
0
0
0
""
