0
0
0
0
0
0
0
0
0
0
0
0
0
0
0
0
0
0
0
0
0
0
0
0
0
0
0
0
0
0
0
0
0
0
0
0
0
0
0
0
0
0
0
0
0
0
0
0
0
0
0
0
0
0
0
0
0
0
0
0
0
0
0
0
0
0
0
0
0
0
0
0
0
0
0
0
0
0
0
0
0
0
0
0
0
0
0
0
0
0
0
0
0
0
0
0
0
0
0
0
0
0
0
0
0
0
0
0
0
0
0
0
0
0
0
0
0
0
0
0
0
0
0
0
0
0
0
0
0
0
0
0
0
0
0
0
0
0
0
0
0
0
0
0
0
0
0
0
0
0
0
0
0
0
0
0
0
0
0
0
0
0
0
0
0
0
0
0
0
0
0
0
0
0
0
0
0
0
0
0
0
0
0
0
0
0
0
0
0
0
0
0
0
0
0
0
0
0
0
0
0
0
0
0
0
0
0
0
0
0
0
0
0
0
0
0
0
0
0
0
0
0
0
0
0
0
0
0
0
0
0
0
0
0
0
0
0
0
0
0
0
0
0
0
0
0
0
0
0
0
0
0
0
0
0
0
0
0
0
0
0
0
0
0
0
0
0
0
0
0
0
0
0
0
0
0
0
0
0
0
0
0
0
0
0
0
0
0
0
0
0
0
0
0
0
0
0
0
0
0
0
0
0
0
8.55888294810618E-57
1.00640940645762E-26
4.13017595986502E-18
4.84428059384977E-14
1.20254766827089E-11
4.1120091631115E-10
5.1496617408385E-09
3.3730160293443E-08
1.44123615752784E-07
4.12064275196942E-07
9.98063061547586E-07
2.18193059822107E-06
4.71786312753624E-06
7.85816008076503E-06
1.35125297026552E-05
2.17828660715836E-05
3.01230977212962E-05
4.20372825461154E-05
5.66197795055752E-05
7.40003832219307E-05
8.92967897130332E-05
1.05063406015088E-04
1.28385500849439E-04
1.36114337196583E-04
1.71887651911889E-04
1.88296720411327E-04
2.1748073573502E-04
2.4859649446636E-04
2.25229155607314E-04
2.74029936118386E-04
2.81950174208131E-04
3.38146687436451E-04
4.0065081159683E-04
3.75699152682669E-04
3.7482550661475E-04
4.06023523154143E-04
4.77720657327371E-04
5.55945845009416E-04
5.95011532188962E-04
7.32290907378806E-04
1.03814796299501E-03
1.04555021530931E-03
1.04722596774027E-03
1.10436547140004E-03
1.2264112838456E-03
1.2874064868917E-03
1.3486347245636E-03
1.41003099324251E-03
1.62643345379424E-03
1.61378006318916E-03
1.34286109615043E-03
1.48182465596356E-03
1.53677810841242E-03
1.59161426008877E-03
1.64630005840565E-03
1.90089995245225E-03
2.16806724212108E-03
0.0040440165081
4.27387666546097E-03
4.17120791250284E-03
4.75053367507972E-03
3.80734562378021E-03
3.7842650846709E-03
3.75439223945074E-03
3.58956758188227E-03
4.46181043871144E-03
4.83258457236793E-03
5.21453319926284E-03
4.62618966685915E-03
4.72319418610608E-03
5.25754143115632E-03
7.89352561976247E-03
8.19729418574968E-03
7.88687047000487E-03
7.71566815569206E-03
6.41023659541658E-03
0.016302433228279
1.65767813194395E-02
1.68486331424046E-02
1.71179886692199E-02
1.66894562392463E-02
1.60607923929676E-02
1.61200005046007E-02
1.63534737393542E-02
1.64004541114954E-02
1.64401368102398E-02
1.64726066450983E-02
1.64979489842071E-02
1.65162495914339E-02
1.55438090922076E-02
1.55361619488216E-02
0.015723431735015
1.57049160742986E-02
1.58861957460872E-02
0.016065703709695
1.64544097494345E-02
0.016845947802625
0.017024763849137
1.58953609869693E-02
1.51775200820157E-02
1.53291591315639E-02
1.86200454948432E-02
0.018798902232858
1.89760123635213E-02
1.91513948037301E-02
1.69967470073142E-02
1.78527227532705E-02
1.75347597645008E-02
1.62512029089717E-02
1.56222003377708E-02
0.020086929172511
2.03054617231458E-02
1.88310274333119E-02
2.15079187638726E-02
2.19566553566046E-02
2.39259638082729E-02
2.43986280554549E-02
2.38765809360367E-02
2.53031231008149E-02
2.60819464242061E-02
2.61506309787294E-02
2.80272071590382E-02
2.92146797716734E-02
3.31604953506544E-02
3.32758379611669E-02
3.37660152908816E-02
3.46632800953214E-02
3.16629508428359E-02
3.46965565906267E-02
3.55670121418638E-02
3.69101232659575E-02
3.15819602957317E-02
4.89879408517371E-02
5.01310017780256E-02
5.12805086915235E-02
0.052436334216797
0.053598352653709
3.88841723628107E-02
3.80395220887698E-02
3.94130297280083E-02
3.61496570650085E-02
3.27233789053704E-02
3.33815233774091E-02
3.28047012014231E-02
3.28135030835999E-02
2.95850153010316E-02
2.88343582776371E-02
2.80370692462933E-02
2.51533495566774E-02
2.63012527839364E-02
2.60665789737491E-02
3.36948136563995E-02
3.13626342708548E-02
2.52232092779043E-02
2.48950829324608E-02
2.60771386186044E-02
2.57265609327132E-02
2.69364916896156E-02
2.57582306800941E-02
0.025347976751118
2.65742304819897E-02
2.61406844004622E-02
2.48264736807252E-02
2.60686813514564E-02
2.55739175871252E-02
2.50542309228429E-02
2.45095030910982E-02
2.48603741665574E-02
2.33444695207638E-02
2.27239457593682E-02
2.30378553237049E-02
2.33523995388221E-02
2.46537069974805E-02
0.024982618100141
2.63246145828428E-02
2.66679098747746E-02
2.38950434342198E-02
2.41997413777979E-02
2.55703507127993E-02
0.02481056002685
2.51166457578567E-02
2.54231593940305E-02
2.34926852721283E-02
2.49053413128646E-02
2.40542198112386E-02
2.20178229570487E-02
2.34448300041858E-02
2.13419604590285E-02
0.020384716919617
2.06133564845957E-02
2.20682149206978E-02
2.10712448098853E-02
2.25534393297111E-02
2.15298685929859E-02
2.43193605525669E-02
2.45760943997049E-02
3.00609799656373E-02
3.03721239156499E-02
3.20174881092473E-02
0.030994871902553
2.99452969413586E-02
3.16181364185389E-02
3.19299264852244E-02
3.22418028541195E-02
3.39691319925402E-02
3.28657584831803E-02
3.46203234983823E-02
3.05777278490169E-02
3.08626884003448E-02
0.031147652408582
3.14326076639325E-02
3.02071829065465E-02
2.89545917849765E-02
2.76748287734554E-02
2.79189430857572E-02
3.28568318980213E-02
0.033141483471454
3.18343270631569E-02
3.21052383315777E-02
3.39948425676058E-02
0.029382050622176
2.63338198021228E-02
2.65501483503706E-02
2.67663555409871E-02
2.52960309374977E-02
2.20986775857599E-02
2.22740094895573E-02
2.07223531052034E-02
0.017403300073723
1.57840792741248E-02
1.59050879374197E-02
1.60259915726096E-02
1.79408730298541E-02
1.98824584173093E-02
2.00298119181891E-02
2.01770155033773E-02
2.21717060472599E-02
2.41929430094994E-02
2.43663419757999E-02
2.45395389819049E-02
2.85144553078291E-02
2.48853027761264E-02
2.50578574952201E-02
2.52301861151995E-02
2.54022826992824E-02
2.55741413490251E-02
2.77261989888346E-02
2.79107461672189E-02
3.01018053166356E-02
3.02989384097943E-02
0.030495763581409
3.47845775190875E-02
3.50069258683132E-02
3.52289031095592E-02
3.75358256028117E-02
3.98683875485142E-02
0.038003861187012
3.82372475081333E-02
3.84702028013302E-02
4.08528706773586E-02
3.89347904396927E-02
4.13423195206611E-02
4.15863184312842E-02
4.18298233829922E-02
4.20728267206466E-02
4.23153208354662E-02
4.25572981646474E-02
4.27987511909907E-02
4.53049183605652E-02
4.78358497019176E-02
5.49724925778614E-02
5.06685143683974E-02
5.32606058937183E-02
5.82053206346363E-02
0.053836487203163
5.41233738784002E-02
5.20439139362856E-02
4.99389095386083E-02
5.25892923016661E-02
5.52636934719107E-02
6.03770914360047E-02
6.31114936825062E-02
6.34299476785668E-02
5.88438717531322E-02
6.65282331872586E-02
6.19038739366442E-02
5.47418651818525E-02
5.25072074213417E-02
5.02476888496576E-02
4.03902391678251E-02
4.05817501135337E-02
4.33209708319718E-02
4.09630186632015E-02
4.37248132277887E-02
3.87580436467326E-02
4.67217639025136E-02
5.21479885023472E-02
4.97630305390276E-02
4.47231844736479E-02
5.02056980120764E-02
5.04259116350399E-02
0.053310916124528
5.08640679597593E-02
5.10819984938284E-02
6.20989781841823E-02
5.96495658684203E-02
5.71765091655689E-02
6.01479183843533E-02
5.49051945202227E-02
5.78860991563275E-02
0.055353190855396
5.27971109574355E-02
5.02179826003949E-02
5.04168672312077E-02
5.06149641612598E-02
5.36351718289508E-02
5.38425943383249E-02
5.68938616560301E-02
0.0599659299458
5.15934474761039E-02
5.17867071650722E-02
0.051979142445477
5.79674980035265E-02
6.10884392488744E-02
7.29881261869055E-02
7.32507467783531E-02
5.88097498307242E-02
5.60670550354801E-02
6.51477205145894E-02
7.13177853516508E-02
0.229601715594648
0.233380521895888
0.234173679125149
0.237975353340653
0.235748485294542
0.239562530437164
0.228180587497975
0.219767647523404
0.223540501567828
0.224257330082513
0.221888656170574
0.126751680954503
0.164362038507536
0.164871605890097
0.156017380222563
0.137713754495964
0.125572645247761
0.110205255549272
0.104216448120503
0.101355958044324
0.104828455436168
9.55743740981469E-02
8.94586358761909E-02
8.97130098239991E-02
8.67527979986801E-02
0.157880089174993
0.138931450735213
0.14579236672658
0.146188872779002
0.143325489420147
0.146974399258711
0.15391288450428
0.157599871573887
0.158009416811619
0.191419638136879
0.172055398430937
0.155904633512407
0.1629458240564
0.163349967826879
0.143700115626229
0.14739981530064
0.137680892822158
0.11781305263263
0.118091595620913
0.114986146120564
0.115252747080195
9.85295013118838E-02
9.53481838134669E-02
9.89757325406468E-02
0.102616826086039
0.102843174546053
0.109938910598556
8.60754025219845E-02
8.62595267799211E-02
8.64421421941081E-02
8.31583145477665E-02
7.98586024557621E-02
0.086980891138859
8.71574271469288E-02
9.08257297998226E-02
9.10061390760173E-02
8.76778343214934E-02
8.78482224328745E-02
9.50584282282414E-02
9.52391006664662E-02
9.89520966344421E-02
9.91359718880649E-02
0.102865170957492
0.117266047891101
0.113916655875718
0.110552553008392
0.132181172619052
0.118095567429947
0.114712945276092
0.122088625355754
0.136679941293867
0.100877708700878
0.101042088880692
0.122891387794686
0.123086624026543
0.134157286967876
0.141627947608359
0.290962746927641
0.291401439203215
0.295482869938418
0.29591650905766
0.281710549957057
0.27844891757316
0.271502968935831
0.286575972261588
0.298005244006273
0.309459141659497
0.313559198879541
0.313969601957499
0.3106758564785
0.311070301296254
0.307751319833479
0.308130034525545
0.308503218553354
0.36096956290617
0.361392735806585
0.350619432839696
0.351016922149822
0.366361635593543
0.359277912015743
0.322199440331779
0.322539951455073
0.330383367776365
0.326961723441063
0.331050481828674
0.323843840869729
0.324155236143916
0.260323188568439
0.377628468048299
0.377970138860698
0.378304987855189
0.37863300717997
0.378954189145977
0.326170932555134
0.326435369510906
0.334291440069042
0.326946539990365
0.380457280870654
0.380737286328817
0.381010405162624
0.381276630985425
0.381535957573438
0.381788378865756
0.382033888964365
0.382272482134157
0.382504152802943
0.382728895561464
0.382946705163406
0.383157576525414
0.341191739207119
0.322189127409289
0.330023720993276
0.326341846069482
0.330332616175648
0.384276837526543
0.384439012565969
0.384594214566499
0.384742439911918
0.384883685149078
0.385017946987907
0.385145222301423
0.385265508125736
0.362256073560459
0.362355994250724
0.266053237015111
0.269973692073382
0.227599581528589
0.22764577603982
0.23154695309112
0.243164798899996
0.250921544399995
0.243232547692319
0.235537263523806
0.20080470886401
0.212405670748552
0.208555744545575
0.220150838083198
0.23560501195568
0.239468114046077
0.293537116316776
0.293527342227213
0.301236243351714
0.332109143601534
0.328218592149505
0.351349730484726
0.35130611698134
0.235457401711407
0.254716303864134
0.227660255076022
0.212183883037547
0.219852370361964
0.266075002077327
0.154207590686258
0.150311853978351
0.150268578687067
0.154074436977168
0.281094636966466
0.373381336692004
0.365550780421897
0.376951508133243
0.36142202795728
0.365115084495772
0.364956603832665
0.364791504852572
0.353105482201732
0.352932789569442
0.356587978590098
0.360232741843748
0.360036697679409
0.348350062031791
0.306063866864169
0.305880377211489
0.305691348101119
0.339865172141445
0.332010149608176
0.316531983899314
0.316312924598529
0.316088142361755
0.315857642444857
0.342240105078288
0.357176795896115
0.3530995889344
0.379371778101172
0.379059724186669
0.378740822914595
0.378415081757009
0.378082508348729
0.377743110487315
0.377396896133057
0.377043873408961
0.376684050600733
0.376317436156772
0.375944038688148
0.375563866968595
0.375176929934496
0.374783236684872
0.374382796481365
0.373975618748233
0.373561713072332
0.350752623850922
0.361532344341011
0.361111334894503
0.312344767029613
0.297113289977566
0.300459415149851
0.140781195544641
0.140603597003244
0.291933018827029
0.295243875846317
0.294854088790049
0.294459021556786
0.297734417050219
0.304665074783543
0.278580121391436
0.314788100501006
0.314335175996544
0.364972834615196
0.280613514504121
0.280192939758448
0.279767368426509
0.286592312218408
0.286145465673171
0.289309898065793
0.288847087597146
0.191051180130306
0.154749510427857
0.154492483987495
0.251076511945554
0.329424631341163
0.332431681928814
0.310442322765129
0.317018685546985
0.199116388362661
0.205855280928421
0.187765507533741
0.226316753864111
0.303544800290563
0.29240234756788
0.291843511663667
0.287770141989225
0.287207892817913
0.28664059085691
0.240715966324241
0.22978534534715
0.347449397790708
0.346733087426957
0.346010700465737
0.345282254465013
0.344547767146132
0.343807256393894
0.34306074025662
0.342308236946222
0.341549764838286
0.340785342472149
0.340014988550982
0.339238721941876
0.179381977688247
0.209354486707997
0.282974695179648
0.278942176719637
0.278273577441844
0.27091100679129
0.290267600155653
0.289551703956197
0.288830817879326
0.284793408508736
0.30719305435105
0.309701259291485
0.269466829617219
0.268764113268021
0.268056796768639
0.267344897753236
0.269880000260346
0.324277345600032
0.3233925414585
0.322502236565478
0.321606453258126
0.320705214040581
0.319798541584157
0.318886458727555
0.317968988477077
0.317046154006843
0.316117978659024
0.315184485944078
0.314245699540984
0.313301643297504
0.312352341230431
0.311397817525857
0.310438096539448
0.309473202796723
0.308503160993343
0.307527995995414
0.257500095585419
0.259728037224215
0.255840490969117
0.273218946626804
0.272318584834248
0.25935091636176
0.213397966540064
0.218668055449219
0.191056099164665
0.276675151929469
0.281646816788154
0.277709550641072
0.276732490612077
0.278684479858617
0.277688013395735
0.276687080148803
0.269877881144297
0.257324219022309
0.256374097780163
0.255419891849503
0.257320746023464
0.253499327653944
0.198621476919425
0.203511423235339
0.129517644564519
0.129012070865244
0.128504479593119
0.178079839243525
0.15242568388275
0.157332066458761
0.228167386506543
0.164265316159606
0.1635878302428
0.222640714939473
0.221707998410372
0.220771910735213
0.219832477726711
0.216220338459037
0.212627980235385
0.214348094402124
0.231849751704403
0.207217045365204
0.206293174896849
0.205366259809616
0.20443632619326
0.206079392702234
0.20513165418996
0.2041809391499
0.203227274638455
0.204799071471606
0.203827596311631
0.20285321797831
0.201875964524317
0.18849488489944
0.194976823193864
0.194015452856412
0.195495077939653
0.192084661203929
0.171761848683658
0.166074548496516
0.136488860483875
0.12625517034393
0.144556136042735
0.148512474913653
0.159451693537914
0.184258337550275
0.180949061937238
0.177662521278763
0.162925227115747
0.104976980150433
9.30481110434972E-02
8.35014325034699E-02
8.30315780635073E-02
8.25606977530079E-02
9.76191208642309E-02
0.110291781143544
0.111844444726617
0.113370134834864
0.106199451529679
7.97146969710106E-02
7.28124239924091E-02
7.23726718456228E-02
7.19321008174571E-02
6.93880567052839E-02
6.68692319382722E-02
6.02224377810518E-02
0.07635266987928
7.99700298643154E-02
7.94593783388645E-02
9.10937348481605E-02
8.84914714786248E-02
7.99205663346869E-02
7.74087099337664E-02
7.68941130398701E-02
7.63787789262685E-02
6.80819328150989E-02
7.14820734657877E-02
7.67472095118748E-02
7.43104228603602E-02
7.18995740388069E-02
0.071393506603991
7.08868428730802E-02
6.85275059828468E-02
6.98717982145128E-02
6.93634534321879E-02
0.068854584647199
8.09351173871687E-02
8.03313339965458E-02
8.32704178503184E-02
7.56055861618993E-02
0.108178625177138
0.107343872796859
0.108226358440025
9.03329242772602E-02
9.29995866252424E-02
9.39343749166555E-02
0.119800025807034
6.60148473134663E-02
6.38369894965344E-02
8.11656941051922E-02
7.72692340394574E-02
7.98115951596206E-02
7.75514672795126E-02
8.31638667972926E-02
0.107334476440696
0.10794078678654
0.113105112973063
0.11058634095573
0.108094574692401
9.67033929458705E-02
9.58213663377534E-02
8.32544962243807E-02
7.95869845041397E-02
7.74072779825979E-02
7.66747013825867E-02
7.45359129682618E-02
0.130921040211457
0.1255089849536
0.125641305859023
0.127099082745246
9.23616638997213E-02
8.48024198235104E-02
8.39364766523489E-02
0.107732704593836
0.106610951068178
0.105489911599427
0.105627106227613
0.105738149735293
7.25995887394798E-02
8.03243786456098E-02
7.94364463493083E-02
9.04507639932662E-02
0.117671406584932
0.116330052252331
0.114990170699944
0.113651833135987
0.112315111439448
0.110980078171619
5.15339990962961E-02
5.19913779118356E-02
5.24230640680741E-02
4.86028203737928E-02
3.75598177829862E-02
3.39931310374192E-02
3.45740442000012E-02
3.41256427659558E-02
3.36780485650495E-02
3.32312888233502E-02
3.85710482919087E-02
2.56820688790753E-02
2.62675352987149E-02
2.59025932277042E-02
2.28021910932174E-02
2.24778049681519E-02
0.022154178554532
2.09580802894787E-02
1.89281771630105E-02
0.018645507414103
1.91982925343661E-02
1.89043559644031E-02
1.61836886516374E-02
1.51330637528149E-02
0.014108531100866
1.38811701025791E-02
1.36545210709188E-02
1.41746349818178E-02
1.39369531900046E-02
1.51421927688894E-02
1.48812986663358E-02
1.46213400623621E-02
1.29944969128012E-02
1.34326824379949E-02
1.25285058453598E-02
1.10024804370032E-02
1.01610283233115E-02
1.05905709366056E-02
9.77499709425297E-03
9.5832491370602E-03
9.39237059214606E-03
9.77752873100678E-03
9.01329606849268E-03
8.27356674006527E-03
8.63792459749227E-03
8.45167579778293E-03
7.74976051779152E-03
8.58728531511646E-03
8.39259727833063E-03
8.19901965634501E-03
7.06462463741533E-03
6.89583927794675E-03
8.07371171629577E-03
8.74854191184166E-03
8.52773320789735E-03
9.13923180479837E-03
1.73946786000328E-02
1.57484575083484E-02
1.87656850535681E-02
2.01049592938406E-02
2.06189303275639E-02
2.00206431553032E-02
1.87454738016585E-02
2.04909692142839E-02
2.01763202608427E-02
2.35681350591244E-02
2.16032464914636E-02
1.79846404073774E-02
1.93336600866643E-02
1.91995474252804E-02
1.64260608382198E-02
1.55709651753447E-02
1.54661342214898E-02
1.54463228685052E-02
0.015313377882395
2.14843062539611E-02
1.78208357136085E-02
0.014906662605261
1.52228272860073E-02
1.26032769174631E-02
1.20360308619898E-02
0.012359143057203
1.17982904277918E-02
1.38401834990409E-02
1.32678006411024E-02
9.10389093014405E-03
8.79553415139182E-03
9.1121285867194E-03
9.21362588794091E-03
9.30936541836021E-03
1.13991128815663E-02
7.90271336521338E-03
7.80510075779814E-03
6.7432160578633E-03
6.46595200489433E-03
1.87662591754704E-02
0.018512576896209
1.82564457340578E-02
1.79978536972921E-02
1.77367902612919E-02
1.74732465128789E-02
1.72072153058409E-02
1.60917568570502E-02
1.60009649126699E-02
1.55744478057793E-02
1.54734187799416E-02
1.17213359612038E-02
1.18245807872414E-02
1.42059383144332E-02
1.37901450507776E-02
1.16137377197838E-02
1.26809424491619E-02
1.24229590911927E-02
1.38214766900423E-02
1.35236319054737E-02
1.32235071825141E-02
1.27919397452941E-02
0.011985788554568
1.16944758653279E-02
1.14012224633576E-02
1.11061031345439E-02
1.12643254933318E-02
1.09531613006603E-02
0.010747820979276
1.04302907470135E-02
1.01113397978698E-02
9.79111228973024E-03
9.46976627638554E-03
9.14747469959276E-03
8.82442643421461E-03
8.50082738574121E-03
5.80560016331753E-03
6.51790090064257E-03
6.24912353246057E-03
5.90867657191711E-03
5.64415653262959E-03
5.38054637229748E-03
5.05572451880026E-03
4.7980222060157E-03
4.54215914805196E-03
4.28849540441992E-03
4.9346193231306E-03
4.67818603092965E-03
4.37614365414895E-03
4.07890796011269E-03
3.78708246765363E-03
3.50130252379814E-03
3.22223410677938E-03
2.95057184277478E-03
2.6870360583098E-03
2.43236866237812E-03
2.18732762331121E-03
1.95267977691214E-03
1.72919167702366E-03
1.51761818164863E-03
1.31868846315883E-03
1.13308914895709E-03
9.61444351782204E-04
8.04292453883655E-04
6.62059689251719E-04
5.35030851638803E-04
4.23317877130793E-04
3.26827644424895E-04
2.45231133731126E-04
1.7793709432342E-04
1.24074547979618E-04
8.24896584635679E-05
5.17634141830834E-05
3.02566366728768E-05
1.61871600763458E-05
7.73949111318489E-06
2.33516984999278E-06
8.38942301653995E-07
2.19251318700818E-07
3.83095177528537E-08
3.92419763190162E-09
1.78668720436859E-10
1.62740570983265E-12
7.93269769190335E-16
2.82436272038741E-22
3.4803400346036E-40
0
0
0
0
0
0
0
0
0
0
0
0
0
0
0
0
0
0
0
0
0
0
0
0
0
0
0
0
0
0
0
0
0
0
0
0
0
0
0
0
0
0
0
0
0
0
0
0
0
0
0
0
0
0
0
0
0
0
0
0
0
0
0
0
0
0
0
0
0
0
0
0
0
0
0
0
0
0
0
0
0
0
0
0
0
0
0
0
0
0
0
0
0
0
0
0
0
0
0
0
0
0
0
0
0
0
0
0
0
0
0
0
0
0
0
0
0
0
0
0
0
0
0
0
0
0
0
0
0
0
0
0
0
0
0
0
0
0
0
0
0
0
0
0
0
0
0
0
0
0
""
