0
0
0
0
0
0
0
0
0
0
0
0
0
0
0
0
0
0
0
0
0
0
0
0
0
0
0
0
0
0
0
0
0
0
0
0
0
0
0
0
0
0
0
0
0
0
0
0
0
0
0
0
0
0
0
0
0
0
0
0
0
0
0
0
0
0
0
0
0
0
0
0
0
0
0
0
0
0
0
0
0
0
0
0
0
0
0
0
0
0
0
0
0
0
0
0
0
0
0
0
0
0
0
0
0
0
0
0
0
0
0
0
0
0
0
0
0
0
0
0
0
0
0
0
0
0
0
0
0
0
0
0
0
0
0
0
0
0
0
0
0
0
0
0
0
0
0
0
0
0
0
0
0
0
0
0
0
0
0
0
0
0
0
0
0
0
0
0
0
0
0
0
0
0
0
0
0
0
0
0
0
0
0
0
0
0
0
0
0
0
0
0
0
0
0
0
0
0
0
0
0
0
0
0
0
0
0
0
0
0
0
0
0
0
0
0
0
0
0
0
0
0
0
0
0
0
0
0
0
0
0
0
0
0
0
0
0
0
0
0
0
0
0
0
0
0
0
0
0
0
0
0
0
0
0
0
0
0
0
0
0
0
0
0
0
0
0
0
0
0
0
0
0
0
0
0
0
0
0
0
0
0
0
0
0
0
0
0
0
0
0
0
0
0
0
0
0
0
0
0
0
0
0
0
0
0
0
0
0
0
0
0
0
0
0
0
0
0
0
0
0
0
0
0
0
0
0
0
0
0
0
0
0
0
0
0
0
0
0
0
0
0
0
0
0
0
0
0
0
0
0
0
0
0
0
0
0
0
0
0
0
0
0
0
0
0
0
0
0
0
0
0
0
0
0
0
0
0
0
0
0
0
0
0
0
0
0
0
0
0
0
0
0
0
0
0
0
0
0
2.87376856615805E-250
7.80262353433196E-26
1.03221425710449E-14
9.90383228427116E-11
1.09082173065705E-08
1.97960903872797E-07
1.26556816332997E-06
4.98780175469392E-06
1.39871846445857E-05
3.2209238181084E-05
6.12061708591071E-05
1.13670176827089E-04
1.87051143767681E-04
2.87259018496945E-04
4.06094687489509E-04
5.02681519525717E-04
6.98064856265804E-04
8.60098013254467E-04
9.36399006894262E-04
1.1756062817216E-03
1.44857629723074E-03
1.64651722764203E-03
2.22678348557847E-03
2.47899905041902E-03
2.81248524627504E-03
3.34859373175954E-03
3.63197160535592E-03
4.02337720301896E-03
4.42883100250332E-03
5.26291398234706E-03
5.57990225415804E-03
5.72061707908665E-03
5.82087464122082E-03
6.44706864451734E-03
7.10905213487086E-03
7.15640349879139E-03
7.6176505510423E-03
7.59598728720066E-03
1.40091187175009E-02
1.50707283626726E-02
1.58826040440487E-02
1.63998271061629E-02
0.031877991610569
3.34002604466864E-02
3.49358976764622E-02
3.64840060697964E-02
3.80437456712458E-02
3.96143296037441E-02
4.11950201823643E-02
4.27851253196979E-02
4.21647954438887E-02
3.95522765396533E-02
0.038560554773689
4.57813579172114E-02
5.08554403247375E-02
5.24896644408036E-02
5.41294860266842E-02
5.57744773687624E-02
5.74242341916173E-02
5.90783740447805E-02
6.07365348127895E-02
6.23983733385722E-02
6.40635641509988E-02
6.57317982881726E-02
4.85300031902849E-02
5.18071775880328E-02
5.30639222736337E-02
6.37379669663171E-02
2.66791788777222E-02
2.95579569128019E-02
5.03566029341043E-02
5.69914641446695E-02
0.04688648989522
4.70383366414226E-02
5.89459450121412E-02
6.01257193618754E-02
5.16718482960514E-02
5.26662835412868E-02
4.72940929534522E-02
4.35385099797999E-02
0.042443815096675
4.32015406666965E-02
4.29820586478094E-02
3.97474716123491E-02
3.83989410099103E-02
2.67097670103962E-02
2.61021617766783E-02
2.75823739239102E-02
2.90957353792979E-02
2.84534455282567E-02
2.55550674364172E-02
2.48115698069215E-02
2.51787478292188E-02
2.55454909082584E-02
2.35561626534906E-02
2.26942842493274E-02
2.05877047054601E-02
2.08696013723708E-02
2.11510882624339E-02
2.14321517658409E-02
2.04355563369964E-02
2.32866591188308E-02
2.35828279013962E-02
2.25519111344073E-02
2.41736450521882E-02
2.71869645819645E-02
2.88894096396298E-02
2.64478755086688E-02
3.09819268189067E-02
2.99147812701335E-02
3.02552208148055E-02
0.029138060152689
2.65148534217124E-02
2.68048336249234E-02
2.70941842989767E-02
2.58616232263283E-02
2.92082315288812E-02
2.79583573981595E-02
2.51067458400016E-02
2.53610147641972E-02
2.40137546490768E-02
2.26342446448008E-02
0.022855101719361
2.30754018862491E-02
2.32951382382441E-02
2.51938971077901E-02
3.05137187498995E-02
2.90832318283369E-02
3.10735423972098E-02
3.13523071433571E-02
2.98730575531722E-02
3.01348626155885E-02
2.86079246690046E-02
2.70496077820198E-02
0.027278613393439
2.93407357935709E-02
3.14325247828868E-02
2.98256317744256E-02
3.00669663064542E-02
3.22017716689691E-02
3.43657977947565E-02
0.030786437954264
2.71466386598094E-02
0.027354464717885
2.75616059681796E-02
2.77680570492087E-02
2.79738126526979E-02
2.61660912707121E-02
2.63558438486578E-02
2.85868542868947E-02
2.87897759181196E-02
2.48502653877912E-02
2.50229574649782E-02
2.30954375296973E-02
2.11387142092231E-02
2.12810467963771E-02
2.35651312659046E-02
2.37205212312541E-02
2.38753176357176E-02
2.40295167745655E-02
2.63815799717565E-02
2.87608556077279E-02
2.89409474692756E-02
3.36003649830825E-02
3.60602559443429E-02
3.62792224124871E-02
3.64972836313597E-02
3.90090867123338E-02
4.15470039391939E-02
4.41108577906833E-02
0.044365446073664
4.22705651333543E-02
4.48713033924234E-02
4.74974325680158E-02
5.25368068505786E-02
5.28251325843845E-02
5.55263350284305E-02
5.58250169659784E-02
5.36822135023071E-02
5.64182198568983E-02
5.67127276156982E-02
0.054527316482457
5.48063264792222E-02
0.055083980690567
5.28438969659308E-02
5.56351973832918E-02
5.59087477888058E-02
5.61809182563943E-02
6.41496623379524E-02
6.70340221982661E-02
0.067350743861837
7.02683380043047E-02
7.05937895052538E-02
6.56643560873974E-02
6.86009771266655E-02
6.36086200966133E-02
0.061229545233492
6.68470944393634E-02
6.71386957782986E-02
6.74286513141314E-02
6.77169548750337E-02
0.057123024280937
6.00939518175579E-02
6.58290169608728E-02
7.16076686130073E-02
7.18988194058955E-02
7.21882146133401E-02
7.52633807623549E-02
7.55602414015645E-02
7.02363519353082E-02
6.76874939034705E-02
6.79464417027165E-02
0.068203735839501
7.13118447281693E-02
7.15763975706054E-02
6.89656427332549E-02
7.21002800874804E-02
6.36764470002322E-02
6.68077891545093E-02
6.70431273641627E-02
6.72768407071356E-02
6.45737537218746E-02
6.47941833290866E-02
6.50130449444861E-02
6.81953492355509E-02
7.13956867308397E-02
7.75983908309446E-02
8.08437948209526E-02
8.11026936986936E-02
7.53329959624944E-02
7.25463247733133E-02
7.58033589458354E-02
6.69115067134175E-02
6.40637894061187E-02
6.11961542857317E-02
6.44465884438103E-02
6.15577760420207E-02
6.48231873421423E-02
4.64351086525677E-02
4.65668252633615E-02
4.66974238229871E-02
4.99486951186145E-02
5.00856065945112E-02
5.64989816884519E-02
5.35030627322656E-02
5.99558346778824E-02
5.69488667920459E-02
5.39240999082143E-02
5.40618685153522E-02
5.41983438910505E-02
5.43335232735671E-02
5.12634389919323E-02
6.10235105804416E-02
6.76092013813498E-02
7.74511434476328E-02
7.76327796295211E-02
0.077812563603388
7.47408879218934E-02
7.16526804286601E-02
7.18123690406924E-02
7.19703467204174E-02
6.88481280030025E-02
7.22811566029525E-02
7.90188900605896E-02
7.58844071242653E-02
6.61222373883308E-02
6.62564615558955E-02
6.30696552469457E-02
6.31941732971312E-02
6.66496738225075E-02
7.01164615238386E-02
7.35942961579557E-02
6.36772088315608E-02
5.37214285898255E-02
5.38186701750319E-02
5.72843002292557E-02
6.07604880089096E-02
5.07213091645453E-02
5.41948549452634E-02
0.054285696342631
5.09767988930959E-02
5.44635205865218E-02
5.45504998817693E-02
5.46361883021019E-02
4.44604746117156E-02
4.45279946346546E-02
4.45944617175635E-02
4.46598745350837E-02
0.051604882826788
5.51231165284064E-02
5.17497397640417E-02
4.49109573918608E-02
4.49710797499216E-02
5.88855681359646E-02
5.89614112101319E-02
5.55631649606283E-02
5.56319259634447E-02
5.56993745442066E-02
5.57655093614011E-02
6.62985158061407E-02
6.28805615298847E-02
6.29505204889447E-02
5.25158297701693E-02
5.60764318889061E-02
5.96430735210236E-02
5.26795880245722E-02
5.27316938838419E-02
7.03767438469521E-02
6.33986148225984E-02
6.69820379795765E-02
6.70417391055236E-02
7.06314339827155E-02
6.36218586572569E-02
6.01364891390893E-02
6.01842524647918E-02
6.73165529230863E-02
0.07091238914939
7.09635811215554E-02
6.03611386500736E-02
6.39548619169672E-02
0.05688571227751
6.04789036584738E-02
0.067634765358839
6.05503067189202E-02
4.98926021182927E-02
4.99190732799212E-02
4.99443714348363E-02
4.99684960818638E-02
5.35622643676217E-02
5.35855960328399E-02
5.71815135007607E-02
6.07789468932123E-02
5.72245723288119E-02
5.72440859050868E-02
5.01044731822641E-02
5.01191945188566E-02
4.29709190444981E-02
4.29815194399479E-02
4.29911105640713E-02
4.65829999125698E-02
4.65912029470397E-02
4.30138265096276E-02
5.01892753244719E-02
5.01945746967627E-02
4.30274533770312E-02
3.58583128373001E-02
2.86876581346121E-02
2.86879924923865E-02
0.028687653336545
2.86866406738009E-02
2.50993352086745E-02
2.50972705559776E-02
2.50946166723545E-02
2.86758555546733E-02
3.58393449058994E-02
3.22497259966118E-02
3.22432843554455E-02
3.22360856193353E-02
3.58090332564428E-02
3.57993527192713E-02
4.29465977886279E-02
3.93552167563694E-02
0.039341794589048
3.57522258212674E-02
3.57383440759118E-02
3.92959851317795E-02
3.57080624263052E-02
3.56916631218073E-02
3.56744252584125E-02
3.56563491775894E-02
3.20736917136943E-02
2.84941470501496E-02
2.84776762357516E-02
3.55756700914208E-02
2.84427269019789E-02
2.84242490752445E-02
2.84051029591876E-02
0.028385288933348
2.83648073905471E-02
0.021257744052664
0.024781612967771
3.18367820112222E-02
3.53452679635565E-02
3.88470522002674E-02
3.88133954288319E-02
3.87788251134394E-02
3.52212199455876E-02
3.16693199562761E-02
2.81233744401197E-02
3.16075274236246E-02
3.15755141126569E-02
3.15427569480287E-02
3.50102850893537E-02
3.84694611587989E-02
4.19200385511235E-02
0.03489366998844
4.53090973317595E-02
4.52553551846496E-02
4.86775106594327E-02
4.86173366053132E-02
5.20243022008014E-02
4.84935482258875E-02
4.84299363639511E-02
4.83651810678853E-02
0.051749232457524
4.82322453537387E-02
4.47237770417717E-02
4.12240728639301E-02
4.45939919365702E-02
4.79527109900032E-02
4.10399906110508E-02
4.78061346277506E-02
5.79592526097534E-02
5.78668273442561E-02
5.77730323821975E-02
6.10706854550687E-02
6.09684785870574E-02
6.08648274897696E-02
6.07597342347659E-02
6.06532009230931E-02
6.39088535566796E-02
0.063793368385822
5.36222063116751E-02
5.35224090330378E-02
4.67436737555291E-02
5.66514433882999E-02
5.32154034050098E-02
5.64299456699609E-02
6.29427353709999E-02
6.28152117621778E-02
6.59854679375926E-02
0.072432899923088
7.22800617038322E-02
7.54039351062199E-02
6.86978988381402E-02
7.18112374746414E-02
7.81653127478282E-02
8.12387820477077E-02
0.084295563506942
8.41007832266984E-02
8.71310732011176E-02
8.69246380841119E-02
9.63512528339777E-02
0.099321182227185
8.94889303456551E-02
8.92662667283297E-02
9.22215210150368E-02
0.104674279767127
0.104404323787313
0.116753912987312
0.110151277672659
0.125550886290802
0.122081299003687
0.124869288666966
0.118297793429005
0.117966923542895
9.59639436991866E-02
8.33423875025453E-02
7.07899732091989E-02
6.44452359084943E-02
0.061194855653525
6.40624148416609E-02
6.99514213438588E-02
7.27696286095196E-02
7.55674128332114E-02
6.93048029273944E-02
6.30784437356431E-02
6.28770671135529E-02
5.37207193674392E-02
5.35455123021573E-02
5.63339564399341E-02
5.91013557654801E-02
5.89023804912013E-02
5.57668808092321E-02
5.85001578292726E-02
6.12117646925873E-02
5.22830401046632E-02
4.34146546157913E-02
4.32590558577799E-02
4.31024070445263E-02
4.00817306706574E-02
4.27859723051014E-02
4.26261929692603E-02
3.96343516417168E-02
4.23035270336894E-02
4.49500236572258E-02
3.91782912313888E-02
3.62369026501184E-02
3.60930796002484E-02
3.59483757323749E-02
0.033048733009447
3.56563377537916E-02
3.82404720987734E-02
4.08009384995236E-02
3.79203478486952E-02
3.50618275911622E-02
0.034911044604352
3.74332062707902E-02
3.72689848245308E-02
3.18032989222794E-02
2.90225583673691E-02
2.88913796530727E-02
3.13739898395208E-02
3.38317841780305E-02
3.10839200359304E-02
3.09377353646138E-02
2.82248893587412E-02
2.55359019194424E-02
3.04946203110339E-02
2.78166218444082E-02
3.01954415732299E-02
2.75410037530225E-02
2.98932783351899E-02
3.22195096252626E-02
0.029588157139631
2.94344957095019E-02
2.92801049217742E-02
2.66979058554372E-02
2.17268617627336E-02
1.92083938904763E-02
1.91035447793486E-02
1.89982210334439E-02
1.88924250260649E-02
1.87861591485239E-02
2.33492822629601E-02
2.55368127294682E-02
0.027696849724482
2.75346681092818E-02
2.96527833779778E-02
2.72082492769197E-02
2.47903513025256E-02
2.46391885989369E-02
2.44874105862497E-02
2.43350208194772E-02
3.29754857490077E-02
3.27660278032926E-02
3.47261337924598E-02
3.66572797923358E-02
3.42749413174363E-02
3.19200520601586E-02
3.38203173383947E-02
3.35917322697669E-02
3.33623059033288E-02
3.31320438671692E-02
3.08446423501137E-02
2.85854061087355E-02
3.44635695882383E-02
3.22027533861143E-02
2.79723493327821E-02
2.77665887560977E-02
2.75601327395039E-02
2.53992018351035E-02
2.90840953654328E-02
3.07847376047858E-02
3.05456700038526E-02
3.03058385734067E-02
0.030065249700543
3.16879042066238E-02
3.14306896189394E-02
3.30063787659359E-02
3.45508468613174E-02
3.42607669869842E-02
3.57577210166407E-02
3.36780590088491E-02
0.036899705051499
3.48336933019433E-02
3.45239485878578E-02
3.42133511834961E-02
2.88166237506407E-02
2.68717082013976E-02
0.026621228409438
2.63700965319805E-02
0.026118320350476
2.42492885247308E-02
2.40120625986187E-02
1.90194041405341E-02
2.03977574662494E-02
1.86375415491339E-02
1.84459375838705E-02
1.82538938042765E-02
1.95665348889497E-02
1.93575561367908E-02
1.76751902565801E-02
1.89382423592669E-02
1.87279225666268E-02
1.85171712308227E-02
1.83059963335528E-02
2.08781607851765E-02
2.06335483553866E-02
2.03884759503449E-02
2.41715442649502E-02
2.25499235482506E-02
2.22706797853783E-02
2.19909614868724E-02
1.66023619506214E-02
1.38665683026563E-02
1.36847017005274E-02
1.47300667683093E-02
1.21092323835036E-02
8.36022344737553E-03
8.24382718674066E-03
8.12727994781932E-03
8.01058795937394E-03
6.7660779652821E-03
6.66582474683278E-03
6.56546441075644E-03
5.38750245653095E-03
5.30370544477924E-03
7.30776846203705E-03
7.19025362890238E-03
8.08302976874688E-03
7.94853589630827E-03
8.79070588230449E-03
8.63922876227818E-03
9.4307591144588E-03
8.3360813117311E-03
7.2750539093598E-03
6.24770163928036E-03
6.12971773962002E-03
6.01173142596536E-03
5.89375409639432E-03
5.77579762002801E-03
6.46614213282339E-03
7.12285358898576E-03
6.97137389367564E-03
6.81998890011811E-03
7.40968613103873E-03
7.24175503713576E-03
6.36659566730907E-03
5.52514456617273E-03
5.39126953181489E-03
5.91479134314576E-03
5.76465212701874E-03
7.48638267092181E-03
7.89421213889208E-03
7.67865480227829E-03
7.46362051103388E-03
6.69152894617091E-03
7.03531208230202E-03
6.82214025963418E-03
6.60969651561819E-03
6.39803975132904E-03
6.18723238989808E-03
5.05774977516399E-03
3.54980603198414E-03
2.99416360255008E-03
3.29469802686017E-03
2.77221729796165E-03
2.28195569480553E-03
1.82364676642827E-03
1.74624563715532E-03
1.66946837526475E-03
1.59335986345409E-03
1.51796807601228E-03
1.44334432227536E-03
1.64345220940588E-03
1.8152741794279E-03
1.71450999238964E-03
1.84590030724114E-03
1.73409562808457E-03
1.82716856414166E-03
1.70572009478541E-03
1.41037516305747E-03
1.14348543955267E-03
7.53596424884341E-04
8.30467604189657E-04
7.58724867790757E-04
5.74362579132869E-04
5.18462275765058E-04
4.64707439463578E-04
4.13242588170675E-04
2.91374746936226E-04
2.54232586544256E-04
2.19294832663741E-04
1.86689336727517E-04
1.56541712682333E-04
1.2897145280201E-04
1.04086750354944E-04
8.19777590572198E-05
4.70310324011614E-05
3.47280565942131E-05
3.27428868316647E-05
2.19384642122718E-05
1.37283579941251E-05
7.86333739504883E-06
4.00482264623802E-06
1.73679333305251E-06
5.99397327921877E-07
1.47173152973126E-07
2.10507509179695E-08
1.18159049208035E-09
1.05272443911058E-11
8.03543103068361E-16
6.10900986040558E-27
2.44261146597627E-269
0
0
0
0
0
0
0
0
0
0
0
0
0
0
0
0
0
0
0
0
0
0
0
0
0
0
0
0
0
0
0
0
0
0
0
0
0
0
0
0
0
0
0
0
0
0
0
0
0
0
0
0
0
0
0
0
0
0
0
0
0
0
0
0
0
0
0
0
0
0
0
0
0
0
0
0
0
0
0
0
0
0
0
0
0
0
0
0
0
0
0
0
0
0
0
0
0
0
0
0
0
0
0
0
0
0
0
0
0
0
0
0
0
0
0
0
0
0
0
0
0
0
0
0
0
0
0
0
0
0
0
0
0
0
0
0
0
0
0
0
0
0
0
0
0
0
0
0
0
0
0
0
0
0
0
0
0
0
0
0
0
0
0
0
0
0
0
0
0
0
0
0
0
0
0
0
0
0
0
0
0
0
0
0
0
0
0
0
0
0
0
0
0
0
0
0
0
0
0
0
0
0
0
0
0
0
0
0
0
0
0
0
0
0
0
0
0
0
0
0
0
0
0
0
0
0
0
0
0
0
0
0
0
0
0
0
0
0
0
0
0
0
0
0
0
0
0
0
0
0
0
0
0
0
0
0
0
0
0
0
0
0
0
0
0
0
0
0
0
0
0
0
0
0
0
0
0
0
0
0
0
0
0
0
0
0
0
0
0
0
0
0
0
0
0
0
0
0
0
0
0
0
0
0
0
0
0
0
0
0
0
0
0
0
0
0
0
0
0
0
0
0
0
0
0
0
0
0
0
0
0
0
0
0
0
0
0
0
0
0
0
0
0
0
0
0
""
