0
0
0
0
0
0
0
0
0
0
0
0
0
0
0
0
0
0
0
0
0
0
0
0
0
0
0
0
0
0
0
0
0
0
0
0
0
0
0
0
0
0
0
0
0
0
0
0
0
0
0
0
0
0
0
0
0
0
0
0
0
0
0
0
0
0
0
0
0
0
0
0
0
0
0
0
0
0
0
0
0
0
0
0
0
0
0
0
0
0
0
0
0
0
0
0
0
0
0
0
0
0
0
0
0
0
0
0
0
0
0
0
0
0
0
0
0
0
0
0
0
0
0
0
0
0
0
0
0
0
0
0
0
0
0
0
0
0
0
0
0
0
0
0
0
0
0
0
0
0
0
0
0
0
0
0
0
0
0
0
0
0
0
0
0
0
0
0
0
0
0
0
0
0
0
0
0
0
0
0
0
0
0
0
0
0
0
0
0
0
0
0
0
0
0
0
0
0
0
0
0
0
0
0
0
0
0
0
0
0
0
0
0
0
0
0
0
0
0
0
0
0
0
0
0
0
0
0
0
0
0
0
0
0
0
0
0
0
0
0
0
0
0
0
0
0
0
0
0
0
0
0
0
0
0
0
0
0
0
0
0
0
0
0
0
0
0
0
0
0
0
0
0
0
0
0
0
0
0
0
0
0
0
0
0
0
0
0
0
0
0
0
0
0
0
0
0
0
0
0
0
0
0
0
0
0
0
0
0
0
0
0
0
0
0
0
0
0
0
0
0
0
0
0
0
0
0
0
0
0
0
0
0
0
0
0
0
0
0
0
0
0
0
0
0
0
0
0
0
0
0
0
0
0
0
0
0
0
0
0
0
0
0
0
0
0
0
0
0
0
0
0
0
0
0
0
0
0
0
0
0
0
0
0
0
0
0
0
0
0
0
0
0
0
0
0
0
0
0
0
0
0
0
0
0
0
0
0
0
0
0
0
0
0
0
0
0
0
0
0
0
0
0
0
0
0
0
0
0
0
0
0
0
0
0
0
0
0
0
0
0
0
0
0
0
0
0
0
0
0
0
0
0
0
0
0
0
0
0
0
0
0
0
0
0
0
0
0
0
0
0
0
0
0
0
0
0
0
0
0
0
0
0
0
0
0
0
0
0
0
0
0
0
0
0
0
0
0
0
0
0
0
0
0
1.25465047008916E-42
5.91687000230177E-19
1.33837374737727E-12
1.1759539879303E-09
4.44063434173515E-08
6.64872202118479E-07
4.22063166578931E-06
1.62335214803272E-05
4.604678013791E-05
1.04567752015256E-04
2.0163380116183E-04
4.18348588442524E-04
6.68794640782986E-04
9.99387780076312E-04
1.41522642132364E-03
1.91873969408747E-03
2.51008746943043E-03
3.1876112554098E-03
3.94827105777133E-03
3.97406865286223E-03
4.78985218198773E-03
5.68283394809189E-03
6.41855130327981E-03
6.27597967593955E-03
7.49931947817874E-03
8.74160004050295E-03
9.59329365884835E-03
1.19620092195809E-02
1.37179866087636E-02
0.014951870460209
1.63883764724786E-02
0.017682158836466
1.96139890783355E-02
2.09857214137052E-02
2.16649420612848E-02
0.021016556944874
2.22604906121263E-02
2.35111279135642E-02
1.41525232930852E-02
1.79706392276711E-02
2.01414594967686E-02
2.03940804604919E-02
1.73922247645395E-02
1.84988494320993E-02
2.00195830608823E-02
1.75990803139925E-02
1.74270599003107E-02
1.80531609596131E-02
2.35687733985566E-02
2.20557087273757E-02
2.22889033968314E-02
2.29784460475717E-02
2.41681396423266E-02
2.43472913482336E-02
2.28963524388144E-02
2.35140043791124E-02
0.01963908489362
2.01358174366989E-02
2.00400158391059E-02
5.67218841245384E-02
5.67956127812463E-02
5.99610303599092E-02
0.062555146735374
6.32190318344229E-02
6.45184618978627E-02
6.44374549130198E-02
0.065691291472714
6.83599536234596E-02
6.96213500326113E-02
6.57053042060061E-02
6.76080867847461E-02
6.79995243515804E-02
7.76777666174414E-02
7.89415143032942E-02
8.01952065110525E-02
7.73669092136729E-02
7.35784923021033E-02
7.46674916073245E-02
7.57475944279203E-02
8.63132831381067E-02
8.75069640719082E-02
8.86907285794153E-02
8.86907285794153E-02
9.10286352933908E-02
9.21828454320659E-02
9.33272745252417E-02
9.44619599326164E-02
9.55869400099286E-02
9.67022539366923E-02
9.67022539366923E-02
9.89040432530383E-02
9.99905997869445E-02
0.101067652215012
0.102135241768023
0.103193409759837
0.103199775527304
0.105281646228856
0.106311797025556
0.107332690769747
0.108344368074862
0.109346869241329
0.108133429528635
0.109098012487135
0.108930721935032
0.113265905263586
0.114223116496613
0.112867957004674
0.11611074700575
0.117041240008734
0.117962899738943
0.118875761656406
0.119779860640143
0.120675230980441
0.121561906372905
0.122439919914127
0.123309304098823
0.124170090818295
0.125022311360086
0.125865996408729
0.126701176047463
0.127527879760824
0.128346136438038
0.112365697708076
8.31727496252756E-02
0.111137928659655
0.107858904983475
0.108495581124499
0.109125462800355
0.109748570402167
0.10498126904832
0.105561150378457
0.11021674540483
0.112173652280435
0.129265108615543
0.128551003934925
0.1389295969877
0.139624226802638
0.140310795610946
0.140989323151364
0.141659828695183
0.142322331054672
0.142976848591479
0.143623399225006
0.144262000440741
0.144892669298543
0.145515422440863
0.146130276100893
0.132063521499578
0.128182622680767
0.147927596549268
0.148511006707697
0.149086592690457
0.149654368441603
0.150214347550492
0.150766543259158
0.151310968469582
0.151847635750835
8.68546376872823E-02
0.14372388046885
0.144206538211627
0.141603608447725
0.146694269673577
0.151807278861503
0.150726431572239
0.155863092435011
0.156330452415577
0.156790163334007
0.157242234534487
0.157686675104563
0.158123493880701
0.158552699453724
0.15897430017412
0.159388304157242
0.159794719288379
0.160193553227717
0.16058481341518
0.16096850707515
0.161344641221086
0.161713222660015
0.162074257996918
0.162427753639007
0.162773715799887
0.163112150503613
0.163443063588639
0.163766460711658
0.164082347351343
0.164390728811979
0.164691610226996
0.164984996562399
0.165270892620096
0.165549303041136
0.165820232308838
0.16608368475183
0.166339664546993
0.138268185849516
0.138468254392478
0.138662130305725
0.138849816575136
0.144056544363445
0.145915384881365
0.120904278651399
0.100871364543558
9.93016203660893E-02
9.77237839707523E-02
9.78247130251822E-02
9.11681354777733E-02
7.26652836413267E-02
0.072730524331213
8.63353756583014E-02
8.64051801968661E-02
8.13846581526644E-02
8.14432318784205E-02
7.13109639791104E-02
7.47538888604393E-02
7.47977906293042E-02
0.081641923737131
7.99809765341846E-02
7.49099243323266E-02
7.32375805593689E-02
7.66722022907737E-02
7.66970909111805E-02
7.67186458611678E-02
8.69684497640389E-02
0.170559457546481
0.163737079244622
0.148424966165575
0.151846705969665
0.163793028126693
0.165495379421501
0.168896418643589
0.131349439024334
0.126212568404155
0.126187727581642
0.170482980544253
0.170434597363036
0.170378805978511
0.170315605617684
0.17024499540326
0.170166974353006
0.17008154137905
0.169988695287099
0.169888434775582
0.154500490175595
0.154500490175595
0.154284268391585
0.169413218693403
0.169275862736257
0.150526663193361
0.152080987608817
0.163754662004571
0.158533041772729
0.151629904294721
0.14810024648284
0.158019977476825
0.167909541764221
0.167705279941815
0.167493570484421
0.167274410194127
0.167047795739145
0.166813723651499
0.166572190324627
0.166323192010893
0.166066724819007
0.165802784711361
0.165531367501261
0.165252468850076
0.155068119208434
0.143264821910442
0.141358921128981
0.139452672439849
0.13918375244406
0.138908448238172
0.138626755155536
0.138338668377981
0.139668232143602
0.137743293688628
0.161689406298565
0.16132033231894
0.160943705194419
0.160559518104643
0.160167764022532
0.159768435709781
0.159361525712244
0.158947026355197
0.158524929738494
0.156514275454281
0.152928174609443
0.157212973842512
0.15676040450096
0.156300194839721
0.155832335497673
0.155356816851005
0.154873629007406
0.154382761800136
0.153884204781971
0.151844167746827
0.149806698522727
0.150818863191389
0.148776602299506
0.142199145264639
0.141686909394519
0.141167368474434
0.137648159071709
0.129672873017138
0.130656401322717
0.131621443370996
0.147297501679906
0.146697887016757
0.146090403146737
0.14547503460562
0.144851765535468
0.144220579676633
0.143581460359685
0.142934390497247
0.142279352575774
0.141616328647267
0.140945300320934
0.140266248754818
9.21222420672737E-02
9.58299587780844E-02
9.39629162927526E-02
9.48538977240966E-02
8.20499701304079E-02
7.48122854634616E-02
7.57604712049203E-02
7.39984206580115E-02
7.75984295650089E-02
8.77997803793624E-02
9.52281230906318E-02
9.59835435947396E-02
0.107173194336771
0.105223365589714
0.112319954608041
0.091088036935749
8.92319420088094E-02
8.23205155941789E-02
8.93259615391593E-02
9.49748990609578E-02
9.55679293685657E-02
9.49046924373003E-02
9.17871758473221E-02
9.47733723145877E-02
9.52874946524619E-02
9.45797030244652E-02
9.38650140151049E-02
9.31434005045535E-02
9.35846429450501E-02
9.05187918516055E-02
9.66922243815719E-02
8.79039241207383E-02
8.71664212113367E-02
8.64220012605412E-02
8.23328179077955E-02
7.49874788157865E-02
7.32187686994153E-02
6.28016145204462E-02
5.47058478660896E-02
5.84346795588439E-02
7.57541633569675E-02
7.18801007219915E-02
6.70310293632973E-02
6.63428214523914E-02
6.05986040992642E-02
4.09672009313286E-02
4.15097861865194E-02
3.90944393627351E-02
3.86519135929389E-02
4.58466435058803E-02
4.24747028535918E-02
4.00987507111184E-02
3.96063722930475E-02
3.91097869941318E-02
3.50174463381784E-02
3.63316582727776E-02
3.32231682511181E-02
3.79434269318913E-02
3.99644689133098E-02
3.60411099606966E-02
2.56036090203328E-02
2.60345669026756E-02
2.64375279835845E-02
2.76007805979519E-02
3.18139373902082E-02
3.20546126571234E-02
3.15151145036145E-02
3.02339821500035E-02
0.02897472846214
2.91601079579013E-02
2.79190530045267E-02
0.027385246908438
2.68474886818634E-02
2.69634493349318E-02
2.57602247068379E-02
1.95383599855509E-02
1.78767126743362E-02
1.62678497236748E-02
1.58893619802108E-02
1.60828037282076E-02
0.016245444509148
1.58311795919596E-02
1.54144662502255E-02
1.49953851573723E-02
1.45740271748051E-02
1.46384424677116E-02
1.27783563167308E-02
1.23803153524927E-02
1.19806084803862E-02
1.15793841898239E-02
1.11768078400004E-02
9.57605630110553E-03
9.98434183238034E-03
9.96290945082355E-03
9.91094017406749E-03
9.82867886980779E-03
9.71644447866915E-03
8.64806077632815E-03
7.05281675112715E-03
6.69410351461945E-03
6.33688953985824E-03
5.73238710805735E-03
5.15972383357706E-03
4.61906644043874E-03
4.93264183813625E-03
4.2080146514581E-03
3.89894666983239E-03
3.59508741675878E-03
3.29719990695726E-03
2.86946798748197E-03
2.97022278763166E-03
2.67047609810945E-03
2.28203797555398E-03
2.19138784487642E-03
5.21084457556734E-03
4.83224516211206E-03
5.5275859140885E-03
4.73092544118743E-03
3.89618521784684E-03
3.14083520494076E-03
2.46885370558858E-03
1.71371479376192E-03
1.14991259641302E-03
8.09466451037203E-04
6.30580226004098E-04
3.47972504085083E-04
8.30408478192656E-05
3.51634912252813E-05
1.22438457059313E-05
3.93838259964568E-06
9.19357973753447E-07
1.61072783386996E-07
1.33032326039246E-08
2.41515928209469E-10
2.11361363173862E-13
3.40497393478102E-20
3.104500778299E-47
0
0
0
0
0
0
0
0
0
0
0
0
0
0
0
0
0
0
0
0
0
0
0
0
0
0
0
0
0
0
0
0
0
0
0
0
0
0
0
0
0
0
0
0
0
0
0
0
0
0
0
0
0
0
0
0
0
0
0
0
0
0
0
0
0
0
0
0
0
0
0
0
0
0
0
0
0
0
0
0
0
0
0
0
0
0
0
0
0
0
0
0
0
0
0
0
0
0
0
0
0
0
0
0
0
0
0
0
0
0
0
0
0
0
0
0
0
0
0
0
0
0
0
0
0
0
0
0
0
0
0
0
0
0
0
0
0
0
0
0
0
0
0
0
0
0
0
0
0
0
0
0
0
0
0
0
0
0
0
0
0
0
0
0
0
0
0
0
0
0
0
0
0
0
0
0
0
0
0
0
0
0
0
0
0
0
0
0
0
0
0
0
0
0
0
0
0
0
0
0
0
0
0
0
0
0
0
0
0
0
0
0
0
0
0
0
0
0
0
0
0
0
0
0
0
0
0
0
0
0
0
0
0
0
0
0
0
0
0
0
0
0
0
0
0
0
0
0
0
0
0
0
0
0
0
0
0
0
0
0
0
0
0
0
0
0
0
0
0
0
0
0
0
0
0
0
0
0
0
0
0
0
0
0
0
0
0
0
0
0
0
0
0
0
0
0
0
0
0
0
0
0
0
0
0
0
0
0
0
0
0
0
0
0
0
0
0
0
0
0
0
0
0
0
0
0
0
0
0
0
0
0
0
0
0
0
0
0
0
0
0
0
0
0
0
0
0
0
0
0
0
0
0
0
0
0
0
0
0
0
0
0
0
0
0
0
0
0
0
0
0
0
0
0
0
0
0
0
0
0
0
0
0
0
0
0
0
0
0
0
0
0
0
0
0
0
0
0
0
0
0
0
0
0
0
0
0
0
0
0
0
0
0
0
0
0
0
0
0
0
0
0
0
0
0
0
0
0
0
0
0
0
0
0
0
0
0
0
0
0
0
0
0
0
0
0
0
0
0
0
0
0
0
0
0
0
0
0
0
0
0
0
0
0
0
0
0
0
0
0
0
0
0
0
0
0
0
0
0
0
0
""
