0
0
0
0
0
0
0
0
0
0
0
0
0
0
0
0
0
0
0
0
0
0
0
0
0
0
0
0
0
0
0
0
0
0
0
0
0
0
0
0
0
0
0
0
0
0
0
0
0
0
0
0
0
0
0
0
0
0
0
0
0
0
0
0
0
0
0
0
0
0
0
0
0
0
0
0
0
0
0
0
0
0
0
0
0
0
0
0
0
0
0
0
0
0
0
0
0
0
0
0
0
0
0
0
0
0
0
0
0
0
0
0
0
0
0
0
0
0
0
0
0
0
0
0
0
0
0
0
0
0
0
0
0
0
0
0
0
0
0
0
0
0
0
0
0
0
0
0
0
0
0
0
0
0
0
0
0
0
0
0
0
0
0
0
0
0
0
0
0
0
0
0
0
0
0
0
0
0
0
0
0
0
0
0
0
0
0
0
0
0
0
0
0
0
0
0
0
0
0
0
0
0
0
0
0
0
0
0
0
0
0
0
0
0
0
0
0
0
0
0
0
0
0
0
0
0
0
0
0
0
0
0
0
0
0
0
0
0
0
0
0
0
0
0
0
0
0
0
0
0
0
0
0
0
0
0
0
0
0
0
0
0
0
0
0
0
0
0
0
0
0
0
0
0
0
0
0
0
0
0
0
0
0
0
0
0
0
0
0
0
0
0
0
0
0
0
0
0
0
0
0
0
0
0
0
0
0
0
0
0
0
0
0
0
0
0
0
0
0
0
0
0
0
0
0
0
0
0
0
0
0
0
0
0
0
0
0
0
0
0
0
0
0
0
0
0
0
0
0
0
0
0
0
0
0
0
0
0
0
0
0
0
0
0
1.73145846804054E-85
2.17139438278531E-27
6.42288371832308E-17
7.41908053967961E-13
1.75044793313335E-10
5.65958204970998E-09
5.95717341943451E-08
4.13996582923794E-07
7.98781008352233E-07
2.26422042431661E-06
5.25628986595173E-06
1.19935836851758E-05
2.62051924048857E-05
4.21860921499694E-05
6.99751987167794E-05
1.11105406810222E-04
1.56723372326473E-04
2.05780393849225E-04
2.66359159836794E-04
3.01009589018336E-04
5.42118197670526E-04
6.55148831278828E-04
7.78501769446184E-04
8.99577434655403E-04
1.0121095069799E-03
1.22005626677607E-03
1.39825501856888E-03
1.82908211541751E-03
2.03442839459577E-03
2.27124018268392E-03
2.49178955763952E-03
2.24506664707506E-03
1.82668176303232E-03
1.69529376007079E-03
1.74775290652563E-03
1.79128069528519E-03
1.95280502529756E-03
2.0303654878275E-03
2.67693233441187E-03
2.77735366326181E-03
2.3940088211063E-03
2.5158291003089E-03
2.63769276849831E-03
2.57550071401412E-03
2.56091002316939E-03
2.60195732832123E-03
2.56785706638945E-03
2.5946935296129E-03
2.54098656565019E-03
2.78568637318809E-03
3.04035057267342E-03
3.13958942548346E-03
3.23812053414436E-03
2.89697117656299E-03
3.25223371314408E-03
3.34337037693246E-03
3.33833745079998E-03
4.59980882151103E-03
4.81596132933026E-03
4.62480442917354E-03
4.83876999930965E-03
4.94886031170892E-03
4.17821489658734E-03
4.25496975180014E-03
9.57864331572384E-03
1.00824215548171E-02
9.79128993520144E-03
6.33379285996111E-03
6.48973591272181E-03
6.63721186104958E-03
7.58239997403605E-03
6.7365252555156E-03
4.74140714369243E-03
1.13403464577528E-02
1.52251306128783E-02
0.017606090996531
1.54070864265153E-02
1.64111295774371E-02
1.74534855197139E-02
1.80769016254815E-02
1.89442731627939E-02
1.95898956316165E-02
1.99893934998762E-02
2.06404229696133E-02
2.12979520496911E-02
2.19618255692446E-02
2.26318914308338E-02
2.27179245935274E-02
0.02338266489001
2.40530134651136E-02
2.53711408838578E-02
2.63999906261228E-02
1.72845983880588E-02
1.80904590106052E-02
1.53483120325015E-02
1.53738575157019E-02
1.72597556494777E-02
1.76842171342534E-02
1.88987991852188E-02
0.021765619884764
1.69110323077837E-02
1.72985173953053E-02
1.85509826845036E-02
2.24895852466023E-02
2.38805218710451E-02
2.43920709594588E-02
2.58459614328641E-02
2.97396059846439E-02
2.20256992410351E-02
0.02146956038865
2.03666486997616E-02
2.07632459118562E-02
1.95743221101226E-02
1.77879514822663E-02
1.53736612106455E-02
4.75257203581376E-02
4.72459349156819E-02
4.51904151445025E-02
4.95208202705502E-02
5.03777349881234E-02
4.81874235149383E-02
4.89981638322525E-02
4.98112042975407E-02
3.78096415895123E-02
3.38617972357263E-02
3.70474565030903E-02
3.56139020426038E-02
3.07072615158402E-02
3.11773662240043E-02
3.09451938805647E-02
2.92654406400111E-02
2.89721456435527E-02
2.86586137380219E-02
2.83247532875485E-02
2.87264351984493E-02
3.37280762402497E-02
0.028754644819985
2.83598704156726E-02
5.10983216579158E-02
4.93528496350887E-02
4.91837364271041E-02
5.23157068334582E-02
8.41099706525494E-02
8.51803219198799E-02
8.62517886778246E-02
8.73243022509283E-02
8.83977948883264E-02
8.94721997426706E-02
9.05474508496421E-02
9.16234831080353E-02
9.27002322603911E-02
9.37776348741703E-02
0.094855628323447
9.59341507711069E-02
9.70131411515403E-02
9.80925391538105E-02
9.91722852052844E-02
0.100252320455717
0.10133258676177
0.102413026671954
0.103493583411988
0.104574200870549
0.105654823585424
0.106735396730024
0.10781586610028
0.108896178101878
0.109976279737852
0.111056118596513
0.112135642839689
0.1132148011913
0.11429354292623
0.115371817859497
0.116449576335716
0.117526769218844
0.118603347882198
0.110104923062835
9.90186658359066E-02
7.18790626376855E-02
6.14512825473752E-02
0.116536838795346
0.118794896939745
0.11098403212462
0.127188190700314
0.128257132616985
0.129325000046177
0.13039174937615
0.131457337403444
0.132521721325818
0.133584858735378
0.134646707611876
0.135707226316189
0.136766373583962
0.137824108519416
0.138880390589313
0.139935179617084
0.131119245272699
0.133517712413728
0.137366584236152
0.134048910966168
0.135022372897084
0.135994228790291
0.136964443461708
0.140899282708559
0.129938531806419
0.123321733321117
0.124171097903042
0.126543484363343
0.127399941344293
0.128254720877495
0.118219184454431
0.122130266913711
0.122928659533737
0.123725366489982
7.50314995758615E-02
0.107641183388143
9.86206602650125E-02
8.45965367255264E-02
7.85739606591457E-02
8.23517459894779E-02
8.28544182866141E-02
0.143372107244175
0.140878254539263
0.136655237729942
0.137461542108628
0.138265775854496
0.116748371884715
0.115693226080818
0.114616577968562
0.120504240153296
6.67369148001397E-02
7.59381516231216E-02
7.63570238755181E-02
7.32037758486517E-02
7.53959996567912E-02
7.94111626824188E-02
8.16491954059683E-02
8.02570910898385E-02
7.88445232130667E-02
0.158509401524506
0.150063965737774
0.150831737086964
0.168441144501406
0.163645734899483
0.164462320017604
0.155777540696729
0.156542019773522
0.157303877643747
0.158063092329303
0.158819642004705
0.159573504995875
0.162279838556745
0.16303739089353
0.149978362342573
0.146701987541541
0.147369891396193
8.80209631080455E-02
8.84150645638832E-02
0.094862700163941
7.09534804036635E-02
7.12632886973815E-02
0.077706582825501
7.39328539959016E-02
8.04349519168382E-02
8.07745638101774E-02
0.079032937411205
7.51841593135087E-02
8.17848177582189E-02
0.088435499344824
8.87934680818062E-02
8.70272385621402E-02
8.52425218261886E-02
8.77183675200434E-02
9.45051073179013E-02
0.105652610810444
0.129868158274022
0.136881602479516
0.113408835532152
0.109455748755176
0.169188336534287
0.183043832267685
0.185925895767413
0.188820644372268
0.178351571244209
0.199122298606742
7.85827983740582E-02
7.66045593136737E-02
7.46092506672782E-02
7.48656459621393E-02
8.19498145091763E-02
8.45105744214013E-02
8.25016776563545E-02
0.103469157354198
0.103809303135634
9.25755784103122E-02
9.75182286813121E-02
0.132769677897133
0.137864078245932
0.133609282094035
0.12697138855173
0.122646038297161
0.115923673621056
0.10678304800522
0.104723501227888
8.59376855361057E-02
8.61908946932895E-02
7.92389452864077E-02
8.42843287826623E-02
8.21107447267244E-02
8.71874877886661E-02
8.50038623013975E-02
8.28050651340044E-02
6.83804360207421E-02
7.10160011231798E-02
6.87526143898665E-02
7.63228349082131E-02
7.65252582692269E-02
6.93011118923825E-02
0.062036893728382
5.72208875521859E-02
5.98609520325434E-02
6.00120136590733E-02
5.51484389572757E-02
0.055284815310763
5.03819438630569E-02
0.040403203251617
4.05000805114658E-02
3.80589229797526E-02
4.06915129157624E-02
3.82369344454121E-02
3.83248440901829E-02
3.58512188185907E-02
3.59318965163777E-02
3.85841631718235E-02
3.86691259487299E-02
4.13369032899354E-02
4.14259453855496E-02
4.15141918219096E-02
4.68018455363665E-02
4.16882892491975E-02
4.69959030669907E-02
4.70915762056264E-02
4.45648790556294E-02
4.20268442406245E-02
3.68457799774163E-02
3.42804063715829E-02
3.43462128226331E-02
0.031764328924203
3.18238480204322E-02
3.45396483506708E-02
3.46027938026097E-02
0.034665270210877
2.93844490010901E-02
2.94361776757377E-02
2.68066695588411E-02
2.68526584603718E-02
2.68981271396424E-02
2.96373819735892E-02
2.96862494980729E-02
2.43282610417189E-02
4.06121674903521E-02
4.06764450439366E-02
4.07399328825323E-02
4.08026295113704E-02
3.81402312249695E-02
3.81972670416419E-02
3.82535603204878E-02
3.83091097396762E-02
0.06028615056464
5.76269577049047E-02
6.04548715500826E-02
6.60408737549808E-02
6.06188847905006E-02
6.34581721538705E-02
6.63034635634761E-02
6.08560441707632E-02
0.202185867144887
0.144201251728737
0.141600403061679
0.136210289378723
0.144719687594682
0.142100570135791
0.156208979929714
0.159175463170499
0.159349391663438
0.14552720678289
0.142878653198548
0.143025907641402
0.165628463277756
0.162982304770097
0.151889171816519
0.160479517821092
0.166264523080564
0.205903819060874
0.200440282403921
0.276903863742661
0.27713825595997
0.26038555628372
0.257762848163678
0.260800154737118
0.26099979495875
0.255516185530689
0.255701479234389
0.255881763205217
0.253211955133929
0.284696983798295
0.284880572986915
0.285058578088631
0.285230994998855
0.285397819742855
0.28555904847575
0.285714677482503
0.285864703177918
0.286009122106633
0.286147930943119
0.286281126491671
0.28640870568641
0.286530665591274
0.28664700340002
0.192127670012264
0.195066705464201
0.14635075164848
0.241127108957546
0.206743875746516
0.226909192097917
0.192493506406641
0.215531262373088
0.206957268416477
0.198375442731728
0.221417340994284
0.215702766991533
0.212858590245267
0.201378905051196
0.172629544774885
0.106464546105083
0.117982614790879
0.115110913314676
0.115114576288427
0.109360179933157
0.123748755126821
0.13237880324498
0.172659936403759
0.221565547114623
0.189896993107668
0.189876931447541
0.181223453325097
0.218587082236553
0.215675431234372
0.215635691605237
0.221340830935077
0.120704367144923
0.15515357447487
0.140750480122364
0.137839047765908
0.137797368582596
0.140622838601573
0.140574770156583
0.28678355686749
0.286674199787641
0.286559217309633
0.22915088966289
0.266270519788672
0.271871517357831
0.231694901495587
0.194412014328181
0.237173617425287
0.228477653891394
0.228349750264727
0.228217369103417
0.230931519876562
0.230788426315279
0.199319217509764
0.210569896810816
0.213270385025209
0.170496924021457
0.159015919556726
0.136198509891668
0.133259680020388
0.195483913541789
0.195327447564307
0.186681628629954
0.172393997336793
0.282369736597442
0.282120836729556
0.28186641654665
0.281606481940837
0.281341038934226
0.281070093678939
0.280793652457128
0.280511721680988
0.280224307892776
0.27993141776483
0.279633058099586
0.240223142813454
0.178572773131237
0.178371348388047
0.128057129747708
0.125126758758883
0.122200512349913
0.180304794886755
0.174541586106119
0.146652525743843
0.201735665341295
8.27976564330943E-02
8.54449193118211E-02
8.53305958400335E-02
8.24657521674388E-02
8.50969662254267E-02
0.10690738569492
0.265519387125736
0.262402394176407
0.262017611578829
0.253451868375602
0.25306924970728
0.230945652769608
0.233299755969661
0.224806775608785
0.235264556647457
0.234883711390594
0.221021395912641
0.220653858876668
0.220282045092733
0.219905963351587
0.219525622551708
0.219141031699362
0.218752199908667
0.218359136401653
0.215303779160667
0.212254001626105
0.211858194559138
0.214101524731394
0.226883389233708
0.22644473250471
0.155047683746993
0.175722557733719
0.170135686932993
0.180239665274164
0.177263469989762
0.179497445566507
0.186909029995116
0.186512785355987
0.19128276232708
0.152178665066835
0.149271533543644
0.14894083879019
0.14092070544922
0.148270893383417
0.193841484117325
0.195937909601074
0.175170428029249
0.174756784697103
0.171813140416335
0.186522358912083
0.176010305607411
0.137953504588615
0.110088456325454
0.202153934701239
0.201641184979662
0.18126044509377
7.42978528979929E-02
7.65738255779974E-02
7.39081464758761E-02
7.86252700041662E-02
0.078413695458759
7.57568679017427E-02
8.52972995038379E-02
8.02004099374052E-02
0.082399658154707
9.90837809269752E-02
9.15720314480847E-02
9.13085919259811E-02
8.86475562889719E-02
8.83877137399875E-02
9.28897921928811E-02
9.73617702402636E-02
9.70683464625645E-02
0.108574705788217
0.108241433502788
8.91398558161239E-02
8.41843076214903E-02
0.081587686514372
8.13280009798675E-02
0.08106680463354
8.08041041308838E-02
8.51421865310245E-02
8.02742175317371E-02
8.22929605713209E-02
8.20166353111111E-02
8.40093200957864E-02
8.59849809022522E-02
8.56885385901418E-02
8.53905229948512E-02
8.28517065318287E-02
8.25584923167415E-02
8.44871140647622E-02
8.41828831759535E-02
8.16698256242585E-02
7.69722092408975E-02
7.66877798731979E-02
7.85848729775945E-02
7.61147566800888E-02
7.79926402185735E-02
7.55362314189475E-02
7.95446346507648E-02
6.85277856006222E-02
7.03920753411044E-02
6.58643016453618E-02
6.56015373849319E-02
0.065337603243632
6.29733932316302E-02
6.27157295225916E-02
6.45388529638437E-02
6.21970751416204E-02
6.19360985876273E-02
7.19530372776664E-02
6.95990000743573E-02
0.069299544848781
6.89988787905353E-02
7.07175105121762E-02
7.24171208641137E-02
8.81160810999406E-02
8.77208243299872E-02
8.93086927561416E-02
8.29746126344893E-02
8.06265224757487E-02
9.78690736346525E-02
0.105204368540714
0.102769307169115
9.84210845914253E-02
8.83464169098442E-02
7.26290608483175E-02
6.84711301882925E-02
0.070027267114077
0.182675284276318
0.155528773878066
0.151016400274517
0.109440792900489
0.149479586813931
0.12851266384838
0.126017016787707
0.1271719693384
0.122884296839041
0.179747264538068
0.178779460940159
0.177808819764321
0.176835370545355
0.175859143030823
0.157392150464909
0.158247610595867
0.15908096411293
0.156453617810212
0.131621788268952
0.129158296497012
0.121644217916834
9.06945908253109E-02
0.105180445861341
0.106208488163158
0.11051382031885
0.104920853964316
9.93868711811964E-02
0.100388801364372
9.65419446987773E-02
9.11354699210329E-02
9.21434978924395E-02
8.99729077688851E-02
0.116049866561518
0.112175241499715
0.117626453242409
0.130680943542325
0.131331369226691
0.128925882178323
0.128045839781112
0.136140457810362
0.13519483041345
0.123920788589264
0.14355229891326
0.141074232592034
0.140059301660636
0.140476153815553
0.14087040259874
0.14124203694816
0.140189156126247
0.139134732890447
0.138078806982656
0.137021418494352
0.135962607872283
0.134902415924308
0.133840883825396
0.132778053123777
0.131713965747256
0.1306486640097
0.129582190617688
0.12851458867735
0.103231180378113
0.11373855625459
0.112774903892525
0.110568057024385
0.108381845733243
0.101332827199686
0.100441191628931
9.59507645866091E-02
9.50901649474791E-02
9.42290262109225E-02
9.33673867833817E-02
9.25052854691694E-02
3.43660355543227E-02
3.29076972322857E-02
3.03468539787153E-02
2.89422418336439E-02
2.97638676869866E-02
0.030563821094957
3.35036337125312E-02
3.42386564668977E-02
3.38928794847617E-02
3.14503897892398E-02
3.11262026571565E-02
0.030802029713057
2.74300989687282E-02
2.71384143579412E-02
2.88354393677479E-02
2.85222912476282E-02
2.91819723411152E-02
2.98201855798941E-02
0.029485806939428
2.91515877045737E-02
2.97471452766058E-02
5.60485791150768E-02
4.63114199104493E-02
4.66602554185847E-02
4.43283228094904E-02
7.35696587280046E-02
7.43987473760872E-02
7.26226791691719E-02
8.01494286668572E-02
8.16323942337713E-02
7.07179220144703E-02
7.06120120425351E-02
6.96850032452537E-02
6.79689245530304E-02
5.45797641475362E-02
7.69101557195349E-02
7.58509020773072E-02
7.47934084851761E-02
7.37377538804328E-02
7.26840183937082E-02
7.16322833783581E-02
7.05826314406904E-02
4.10257364179218E-02
3.90392507952164E-02
2.36064568635924E-02
2.72266864070842E-02
2.68011263434823E-02
2.83066327698689E-02
3.03842932240616E-02
0.027399133708953
2.63348315604217E-02
2.16791336070022E-02
2.30875791208473E-02
2.09452357466802E-02
2.05800431041448E-02
0.018531398374654
1.81989108939197E-02
3.46523395085188E-02
3.61379601662325E-02
2.08590648069824E-02
1.94389770559782E-02
2.00667187486244E-02
1.62302454398419E-02
1.54248376970328E-02
1.65294802825554E-02
2.22029243727414E-02
1.81159049072405E-02
2.03909835492317E-02
2.08183740205564E-02
1.99374275857278E-02
1.90779021259449E-02
1.94556847991945E-02
1.42549667916036E-02
1.35335217908225E-02
1.20777759548999E-02
1.17839407725819E-02
1.14920492798879E-02
0.013652622325205
1.33018019917683E-02
1.32856796882093E-02
1.35777323880207E-02
1.22649382217712E-02
1.19247368610152E-02
1.06960239054546E-02
1.06758051372159E-02
9.24114908258375E-03
8.96320567610583E-03
1.07940539107891E-02
1.50455143933102E-02
1.45630655929459E-02
1.38469401160493E-02
1.38442183896706E-02
1.35922405266815E-02
1.07501215280643E-02
1.24365371410585E-02
0.011779079943989
9.41359221427909E-03
8.68015077612566E-03
7.98109157072308E-03
7.65617107198901E-03
7.33613171429194E-03
7.17711009244771E-03
4.32496214573436E-03
5.97933887212644E-03
6.24277552504199E-03
6.84660293932897E-03
4.78818359177091E-03
4.4267529106782E-03
3.75769174847955E-03
3.5691839984661E-03
2.64424073658301E-03
2.37723766507917E-03
2.32122750786626E-03
5.80939214772393E-03
5.75895362946385E-03
5.14130409576661E-03
5.63901808093683E-03
5.74626906073277E-03
6.95269125320467E-03
6.41005074636565E-03
6.20929959314893E-03
6.16320971694027E-03
6.33140102128916E-03
6.25367664002976E-03
6.09408178144356E-03
5.86073800973815E-03
5.56185874547451E-03
5.57756922484844E-03
4.32655277541059E-03
4.12887935546272E-03
4.03892638196214E-03
3.83611123454618E-03
3.73072123579846E-03
2.60857981073098E-03
2.62869080022654E-03
2.10297123703877E-03
1.89074904352836E-03
2.25397958681035E-03
3.0698527360548E-03
2.8030264144027E-03
2.73947195425265E-03
2.52593823063862E-03
2.29116422992603E-03
1.60963640614368E-03
5.71704371081749E-04
7.18855238817109E-04
6.30610097501861E-04
5.96856169776063E-04
5.11393952273548E-04
4.58969565617844E-04
3.58979788716746E-04
3.11063721328571E-04
2.38478570946111E-04
1.70355034028455E-04
1.28577435077389E-04
8.32221946787099E-05
1.45089957235256E-04
9.59862291885656E-05
5.94944465279032E-05
3.39755195212532E-05
1.74694179421919E-05
7.82851291218187E-06
2.91552328483309E-06
8.39408377995968E-07
1.66419140524076E-07
1.86525290400928E-08
8.19581882123741E-10
6.57188895117321E-12
1.42626286496898E-15
1.29948633913663E-23
1.3574208497135E-55
0
0
0
0
0
0
0
0
0
0
0
0
0
0
0
0
0
0
0
0
0
0
0
0
0
0
0
0
0
0
0
0
0
0
0
0
0
0
0
0
0
0
0
0
0
0
0
0
0
0
0
0
0
0
0
0
0
0
0
0
0
0
0
0
0
0
0
0
0
0
0
0
0
0
0
0
0
0
0
0
0
0
0
0
0
0
0
0
0
0
0
0
0
0
0
0
0
0
0
0
0
0
0
0
0
0
0
0
0
0
0
0
0
0
0
0
0
0
0
0
0
0
0
0
0
0
0
0
0
0
0
0
0
0
0
0
0
0
0
0
0
0
0
0
0
0
0
0
0
0
0
0
0
0
0
0
0
0
0
0
0
0
0
0
0
0
0
0
0
0
0
0
0
0
0
0
0
0
0
0
0
0
0
0
0
0
0
0
0
0
0
0
0
0
0
0
0
0
0
0
0
""
