0
0
0
0
0
0
0
0
0
0
0
0
0
0
0
0
0
0
0
0
0
0
0
0
0
0
0
0
0
0
0
0
0
0
0
0
0
0
0
0
0
0
0
0
0
0
0
0
0
0
0
0
0
0
0
0
0
0
0
0
0
0
0
0
0
0
0
0
0
0
0
0
0
0
0
0
0
0
0
0
0
0
0
0
0
0
0
0
0
0
0
0
0
0
0
0
0
0
0
0
0
0
0
0
0
0
0
0
0
0
0
0
0
0
0
0
0
0
0
0
0
0
0
0
0
0
0
0
0
0
0
0
0
0
0
0
0
0
0
0
0
0
0
0
0
0
0
0
0
0
0
0
0
0
0
0
0
0
0
0
0
0
0
0
0
0
0
0
0
0
0
0
0
0
0
0
0
0
0
0
0
0
0
0
0
0
0
0
0
0
0
0
0
0
0
0
0
0
0
0
0
0
0
0
0
0
0
0
0
0
0
0
0
0
0
0
0
0
0
0
0
0
0
0
0
0
0
0
0
0
0
0
0
0
0
0
0
0
0
0
0
0
0
0
0
0
0
0
0
0
0
0
0
0
0
0
0
0
0
0
0
0
0
0
0
0
0
0
0
0
0
0
0
0
0
0
0
0
0
0
0
0
0
0
0
0
0
0
0
0
0
0
0
0
0
0
0
0
0
0
0
0
0
0
9.23458423348299E-57
1.08586278065164E-26
4.23343035886165E-18
4.84428059384977E-14
1.14528349359133E-11
4.1120091631115E-10
4.76343711027561E-09
2.78273822420905E-08
1.11695802208408E-07
3.66279355730615E-07
9.39353469691845E-07
5.51900092491213E-06
1.06772691833715E-05
1.89905535285155E-05
2.38247234231026E-05
3.81200156252712E-05
5.15263513653751E-05
7.63308551495253E-05
1.0727958222109E-04
7.5947761727771E-05
9.92186552367036E-05
1.2051390689966E-04
1.47265721562591E-04
1.81485782928777E-04
2.25602543134355E-04
2.57338851228814E-04
2.97223672171194E-04
3.72894741699539E-04
4.03535570463105E-04
4.63742968815731E-04
5.05160728789568E-04
9.23400569538002E-04
1.00162702899207E-03
1.08013506396267E-03
1.12447651984425E-03
1.6425497073054E-03
1.99050273886404E-03
2.13825325003622E-03
2.28850589303447E-03
2.44096969126269E-03
2.59536990748751E-03
2.75144793502449E-03
2.90896102150076E-03
3.0676818650001E-03
3.22739811538317E-03
3.38791180760974E-03
3.54903874885158E-03
3.71060787695398E-03
3.87246060427201E-03
4.03445015797289E-03
4.1964409254701E-03
4.35830781165752E-03
4.5199356129777E-03
4.68121841202579E-03
4.84205899531073E-03
5.00236829592697E-03
5.16206486219305E-03
5.32107435276316E-03
5.3149491865348E-03
5.46766442584831E-03
5.56160040009333E-03
5.88948776178501E-03
6.04261682874869E-03
6.13217399110287E-03
6.28174326829397E-03
6.56148593928153E-03
6.71192301717768E-03
6.86122789376689E-03
7.00937828311992E-03
7.15635482743345E-03
0.007302140876606
7.44672228279478E-03
7.59008720902748E-03
7.73222595098516E-03
7.87313077111434E-03
8.01279574427072E-03
8.15121661413948E-03
8.28839065971973E-03
8.42431657120232E-03
8.55899433460995E-03
8.69242512460747E-03
8.82461120492723E-03
8.95555583588929E-03
9.08526318853011E-03
9.21373826488505E-03
9.34098682399988E-03
9.46701531327487E-03
9.59183080477157E-03
9.71544093613757E-03
9.83785385582757E-03
9.95907817232153E-03
1.00791229070609E-02
1.01979974508432E-02
1.03157115234332E-02
1.04322751361656E-02
1.05476985573298E-02
1.06619922801424E-02
1.07751669931247E-02
1.08872335527187E-02
1.09982029579824E-02
1.11080863272202E-02
1.12168948764115E-02
0.011324639899312
1.14313327491092E-02
1.06140260358023E-02
1.08266950115084E-02
1.10404995974173E-02
5.68694911281108E-03
5.61622453471817E-03
6.32327156528817E-03
6.69564305750367E-03
6.54583963443517E-03
6.9231718504823E-03
7.02592012953171E-03
7.12107741295283E-03
4.29440376045925E-03
3.96081624276865E-03
4.08845563973231E-03
4.21718718346915E-03
4.34699107070102E-03
4.29873385951716E-03
5.34729610271123E-03
5.8808770968953E-03
6.82716080748766E-03
7.21644678675909E-03
1.31769815769294E-02
1.73316400476607E-02
1.77833011583051E-02
1.73482782953133E-02
1.59595567303235E-02
1.58853695068678E-02
1.41161792230922E-02
1.44514425512624E-02
1.45379905156274E-02
1.51277500639994E-02
1.52065369228711E-02
0.01473954697977
1.45131065861195E-02
2.09776776224834E-02
2.22769298462656E-02
2.62376543213771E-02
2.70711589126246E-02
2.76156238849475E-02
2.87814831295505E-02
2.61876995763346E-02
2.63692527683108E-02
2.68683793041618E-02
2.77032946124088E-02
2.78726305898317E-02
3.18383586331862E-02
3.17025960491543E-02
3.19025363342506E-02
3.20919978585491E-02
1.92883365066327E-02
0.024140686479962
3.48973472690147E-02
3.89796377768382E-02
3.96124877788465E-02
0.040247235437647
4.04749951348496E-02
4.15222351281088E-02
4.21623941942939E-02
4.28042649667676E-02
4.34478022524273E-02
4.40929613571124E-02
4.47396980765052E-02
4.53879686872189E-02
4.60377299380693E-02
4.66889390415277E-02
4.73415536653505E-02
4.79955319243851E-02
0.048650832372546
4.93074139949609E-02
0.049965236200282
5.06242588131592E-02
5.12844420668743E-02
5.19457465961299E-02
5.26081334299954E-02
5.32715639849985E-02
5.39360000583696E-02
5.46014038214277E-02
5.52677378131098E-02
5.59349649336388E-02
5.66030484383285E-02
5.72719519315205E-02
5.79416393606545E-02
5.86120750104644E-02
5.92832234973014E-02
5.99550497635794E-02
6.06275190723403E-02
6.13005970019384E-02
0.061974249440839
5.26246917693259E-02
5.25582086240539E-02
5.18386369673137E-02
0.051739146104642
5.29334647221005E-02
5.34813486340792E-02
5.40295111843549E-02
5.45779266110172E-02
5.51265693693193E-02
5.56754141282968E-02
5.62244357674603E-02
5.67736093735583E-02
6.15690517364791E-02
6.57315169663606E-02
5.84217959035201E-02
6.55237025336076E-02
6.53995063721592E-02
6.60033586753286E-02
6.66071924307141E-02
6.79661615397296E-02
6.78147018121818E-02
7.68745243707095E-02
7.75526196826588E-02
0.078230552138146
7.89082939796523E-02
7.95858176578921E-02
8.02630958289442E-02
8.09401013514423E-02
8.16168072838223E-02
8.22931868816337E-02
0.082969213594908
8.36448610655847E-02
8.43201031249924E-02
8.49949137913843E-02
0.085669267267528
8.63431379383473E-02
8.70165003686148E-02
8.76893293006936E-02
8.83615996523315E-02
8.90332865144978E-02
8.97043651492705E-02
9.03748109877697E-02
8.28505856616002E-02
7.33709654668265E-02
7.39056868241996E-02
7.07178334123828E-02
0.070287524930192
0.022651882137143
2.28115642462632E-02
2.48853027761264E-02
0.024094093745404
0.024259794341538
0.024425271826233
2.45905205279087E-02
2.37653134190011E-02
0.024920309077874
2.40814442533085E-02
2.32291861141756E-02
2.33800854124136E-02
2.14845919970834E-02
2.05923093343019E-02
2.17590283911983E-02
2.39812219129075E-02
0.022032529961021
0.022168919025757
2.33672068105259E-02
2.35095683785907E-02
2.36516619711024E-02
2.37934830464789E-02
2.71988944214876E-02
2.73594200205817E-02
2.75196206467054E-02
2.76794912635833E-02
3.11797100892909E-02
0.026878293577672
2.59045072998102E-02
2.37850821392967E-02
2.39179248509588E-02
2.40504655028144E-02
2.53342571841987E-02
2.54724636883001E-02
2.09539154284691E-02
2.10664515142812E-02
2.11787115176348E-02
2.01078758390194E-02
2.02133681465795E-02
2.15138013961361E-02
2.40276928138742E-02
2.17357529169617E-02
1.94189211330788E-02
1.95169069780206E-02
1.71627959279969E-02
1.84800647742385E-02
1.60950072235275E-02
1.61737328946382E-02
1.50020592632405E-02
1.38181144336558E-02
1.51463396879344E-02
0.017754515674671
1.65639006122245E-02
1.53611319987006E-02
1.54322870215725E-02
1.42112826704686E-02
1.42760945257681E-02
1.82517959758215E-02
0.018333748093326
1.84154289009138E-02
1.71756335304472E-02
1.72509697698821E-02
1.73260477404716E-02
1.74008653546545E-02
1.34426311825864E-02
1.34997778661266E-02
1.22010475639951E-02
1.22521091069076E-02
1.36699814509894E-02
1.50989284930612E-02
1.51606450171334E-02
1.66059572566188E-02
0.01806216953807
1.95292154557091E-02
2.10070280130032E-02
2.67134533073316E-02
2.68175859144754E-02
2.55043867918381E-02
2.70245842866143E-02
0.024271924025681
2.57967237380519E-02
2.73318732260104E-02
2.74334362906684E-02
2.46361866514988E-02
2.32717863805236E-02
2.18964378560717E-02
3.51603584536095E-02
3.52858498984345E-02
0.036886220418079
3.55351202806851E-02
3.41731054809994E-02
3.42911653160838E-02
3.29126377032663E-02
3.45256065376822E-02
3.61481549378207E-02
3.62689977376218E-02
3.63892451296957E-02
4.56361174995951E-02
4.12064339106382E-02
3.67463838193689E-02
3.37922004233924E-02
3.23587623582087E-02
3.24607963420068E-02
3.41128759166583E-02
3.42186351847372E-02
3.74441712534152E-02
0.034428438623991
3.45324774431343E-02
3.46359374583425E-02
3.63178531329024E-02
3.64247974221789E-02
2.70012688244675E-02
0.027079405994475
2.71570858909865E-02
0.027234306553714
2.73110660366215E-02
2.73873624079069E-02
2.90786757352771E-02
0.029158473345316
3.24864161731115E-02
3.74600710984475E-02
4.08262220163086E-02
3.92969066819439E-02
3.93999678934718E-02
3.95023542029048E-02
3.79538937685191E-02
3.80507131145341E-02
3.81468784126103E-02
0.0349169622978
3.50035645343313E-02
3.00767683868851E-02
3.34999580228727E-02
3.35807055663799E-02
3.53439157897889E-02
0.038801524275443
3.38194547413425E-02
3.38978667882925E-02
3.05781210967915E-02
3.06476305114715E-02
3.24230847977981E-02
3.42056086953464E-02
3.42810581820178E-02
3.60737050401513E-02
3.78731771096732E-02
3.45038107119684E-02
3.28480140337611E-02
3.11843679554124E-02
3.12490183522547E-02
3.13131208099892E-02
3.48629708587715E-02
4.01729189499215E-02
4.20028334197003E-02
5.43602572793259E-02
5.44658979083822E-02
5.63309204315504E-02
6.17290467282651E-02
6.18450603965263E-02
5.13382711563193E-02
5.49796603393492E-02
4.97492324386488E-02
4.98385369456268E-02
5.17100651168283E-02
6.25181221846866E-02
5.90477837149734E-02
7.34879805674965E-02
7.54076803667894E-02
7.73320720478459E-02
0.169330439605045
0.169606363478305
0.157228687325554
0.157478474857489
0.15953839531315
0.14525943344447
0.14548137346382
0.136594424626507
0.13679762497149
0.136998383822991
0.131708828551351
9.34269394488892E-02
0.097227414551345
9.55253240871961E-02
0.110372312594916
0.10683708462054
0.11066795254572
0.110812800690882
0.112804924078503
0.112948145113521
0.109381493193827
0.107659891581215
0.105931828057477
0.11350073885194
0.111770949218531
0.111899818991392
0.110159565993827
0.136451017338412
0.136600456130986
0.121761416404451
0.135016723864914
0.135156832272149
0.090196337500983
9.02864950441837E-02
9.22578383873065E-02
9.23465498316971E-02
8.67743961894798E-02
7.93019782901429E-02
7.74838784664431E-02
0.102142346720901
7.38334364000942E-02
7.20012959377357E-02
0.13084764154828
0.159421924644861
0.112063607750418
0.133059638368172
0.148378339539555
0.102799067308781
0.110493017497161
0.108663839830846
8.96609500297579E-02
9.35381528221101E-02
0.106969488910022
0.107036294997564
0.103276121256795
0.084200357023522
7.27598739810471E-02
8.23788789529639E-02
7.47554934217844E-02
8.24650742773776E-02
6.33185046091751E-02
6.14290533777849E-02
6.14572309163996E-02
8.64622884434722E-02
8.84209728901728E-02
8.07647850589648E-02
7.69484879823836E-02
7.69767370298155E-02
7.31534099277023E-02
9.62863055753557E-02
0.107874342275206
0.12524811053952
0.125282657586686
0.125314930478132
0.106061093314543
0.115728600777249
0.11382288801991
0.111914360660708
0.154390348507934
0.154413258092305
0.154433363614171
0.154450664605775
0.154465160664623
0.154476851453493
0.152554664991671
0.139042634578862
8.30411107712644E-02
7.91789731926544E-02
7.91777747959724E-02
7.91751383639193E-02
7.91710639578221E-02
0.100405089926045
0.100396275245731
0.10038563728135
7.72101356002945E-02
7.71991481021008E-02
7.13977518407042E-02
6.94556710401422E-02
7.13709424762658E-02
6.94270643248306E-02
6.94108701071288E-02
7.71037953431288E-02
0.073228851938171
7.32077691039559E-02
7.12594271019402E-02
7.31616178405872E-02
7.12119044206399E-02
7.50341075602841E-02
8.07753231714092E-02
7.88207614162152E-02
7.68663335780572E-02
7.68329692279294E-02
7.87181668366076E-02
7.67620613482026E-02
7.67245194716178E-02
7.66855867935695E-02
0.076645264222074
7.66035526977466E-02
8.03884758534903E-02
8.41675633876465E-02
9.36758655210186E-02
4.01219894382719E-02
4.00964528930918E-02
3.62539818537663E-02
3.05091068818616E-02
3.04879927323883E-02
0.030466326974627
3.04441101151669E-02
3.42240105078288E-02
3.60976549043946E-02
3.60693128481376E-02
3.41434600291055E-02
3.22200765558669E-02
3.02992658331676E-02
3.02732065405607E-02
0.026465775584411
3.02194488389852E-02
3.20787361713099E-02
3.01635098727168E-02
3.20181443010623E-02
3.01053948925417E-02
3.19552432884926E-02
3.00451093574876E-02
3.00141543947597E-02
2.81087427513654E-02
2.99506237185092E-02
3.17879275935998E-02
2.98849370457865E-02
2.98512871362487E-02
3.16806693494701E-02
0.031643776769106
0.029747120669487
3.15682870601164E-02
2.96750039654173E-02
2.77857622785477E-02
2.77507099348508E-02
2.77151600152242E-02
2.95243875846317E-02
3.13282469339427E-02
2.76055332709487E-02
0.027568001578724
2.75299766370671E-02
2.56586953913165E-02
0.023792123875076
2.74129513950475E-02
2.55480984230637E-02
2.36881538217765E-02
2.36526507588301E-02
2.54333971296826E-02
2.53942555130235E-02
2.53546615153443E-02
2.35064292178457E-02
2.16635315697859E-02
1.98260658625789E-02
1.97935420314701E-02
1.97606665565401E-02
1.97274402242935E-02
2.14842150874671E-02
2.32344723928741E-02
2.31939666433717E-02
2.13720462166507E-02
2.13338987531422E-02
2.12953738891471E-02
1.94850998384071E-02
0.019449096035197
1.76479535052653E-02
1.93760591761848E-02
2.10971213250843E-02
2.10563518528701E-02
2.10152116696034E-02
2.09737017700178E-02
1.91875045620772E-02
1.74079807081174E-02
0.019109716878489
2.08039852456174E-02
1.90305885256155E-02
2.07169352679008E-02
2.06728660287679E-02
2.57855442295421E-02
3.25907703243789E-02
0.03080774132516
3.07394788354458E-02
3.23746075348542E-02
3.23014239123433E-02
0.035620065803897
3.55379389759736E-02
3.71435379643221E-02
4.04249564542354E-02
3.86486148466966E-02
0.033526937041186
3.34458033075666E-02
0.028359478176127
2.66254440419492E-02
2.98790501254475E-02
2.81481857247006E-02
3.46830867815701E-02
3.78889838494902E-02
3.61479893388953E-02
3.76925280802713E-02
3.75933312541383E-02
3.26030363113702E-02
3.08898795478709E-02
2.91849611040028E-02
0.029105328731265
0.029025201290893
0.030552613059522
3.20705214040581E-02
2.87818687425741E-02
3.02942135791178E-02
3.02070539053223E-02
3.01193846306501E-02
2.84506180793122E-02
2.99425261646874E-02
3.14245699540984E-02
0.032896672546238
3.12352341230431E-02
2.95827926649564E-02
2.94916191712476E-02
3.24946862936559E-02
0.032392831904301
3.38280795594955E-02
3.21875119481774E-02
3.20840516571089E-02
3.19800613711397E-02
3.49113098467583E-02
3.32833825908525E-02
0.031664937462773
3.15588542066292E-02
3.29499809581015E-02
3.13451412692029E-02
3.27250179701523E-02
3.26117366807336E-02
0.031020747677992
3.09116079939022E-02
3.08019688264787E-02
3.06918330595286E-02
0.030581203595394
2.90191270047632E-02
3.03584752779129E-02
2.88060784022655E-02
2.86988642527531E-02
2.71616343024768E-02
2.70589169967693E-02
2.97932215379137E-02
3.10920229942879E-02
2.67482092035419E-02
2.24368818896077E-02
2.09518173249651E-02
1.94774824172605E-02
1.80139444588705E-02
1.65612701535538E-02
1.64940279402321E-02
1.64265316159606E-02
0.01635878302428
1.62907840199614E-02
1.62225364690516E-02
1.75002124363279E-02
1.74257451856539E-02
1.60163213673361E-02
1.72760233941251E-02
1.85239093927761E-02
1.84425938855776E-02
1.83610040197016E-02
1.82791420794676E-02
2.33961561808423E-02
2.45841151751388E-02
2.44719278833903E-02
0.025641456773745
2.29703556543637E-02
2.41332388633165E-02
2.40196441849414E-02
0.023905705740253
2.25392464420344E-02
2.49229585832491E-02
0.0248019585394
2.34465800043254E-02
2.33309721789356E-02
1.95495077939653E-02
1.94516112611574E-02
1.93534477390037E-02
1.92550201155381E-02
2.03536020019813E-02
2.02484707155359E-02
2.13279544981084E-02
2.23947382806302E-02
2.46212173845308E-02
0.025656224215861
4.63971953685225E-02
4.03778457451734E-02
4.01576264017686E-02
4.22190028865872E-02
4.42545893987365E-02
4.28791139882683E-02
3.70275956229154E-02
3.57019233526521E-02
3.21699375575306E-02
2.86758630973216E-02
2.74128540996609E-02
2.72524362583807E-02
2.27570253277884E-02
2.26217383296111E-02
2.24861897623616E-02
2.34146879500545E-02
2.00986752284071E-02
1.99753496575817E-02
1.98518032316746E-02
1.86897220699816E-02
1.44450997068908E-02
1.43535951038515E-02
1.42619397018475E-02
1.31579839225121E-02
1.40781886443267E-02
1.79821274253045E-02
0.018855967804379
1.87306172789427E-02
1.76258720599081E-02
0.019451980804314
2.12514272465855E-02
2.01461424968671E-02
1.90539545795795E-02
1.89209405365281E-02
0.015969600161419
1.58562674847679E-02
0.017594900184785
1.83873153196086E-02
0.017340863358047
1.54016834079261E-02
1.61870234774337E-02
1.60662667993092E-02
1.41736881447351E-02
1.31870208421917E-02
1.30861240133635E-02
1.38508222963689E-02
1.37430296431778E-02
1.44873557803153E-02
1.52181141750397E-02
1.50965959687482E-02
1.49750032258793E-02
1.40281550541116E-02
1.39131900184754E-02
9.73988329262306E-03
9.65865425493218E-03
9.57739141915447E-03
9.49609803422603E-03
1.01993421543849E-02
0.010111218795138
1.00230730587502E-02
9.17068483565376E-03
9.08928829773126E-03
1.05091947617612E-02
1.04142115480168E-02
1.03192240671427E-02
1.16848415753517E-02
1.15762886551476E-02
1.14677448863108E-02
1.13592150196425E-02
1.12507038442659E-02
1.11422161882091E-02
1.10337569189978E-02
1.57051632323779E-02
1.75775327200872E-02
1.80707603282063E-02
1.72254915266506E-02
0.013770828200776
1.42778283196651E-02
1.41291621897585E-02
0.0139805906939
1.44608538287804E-02
0.016171717018339
1.59965195527667E-02
0.015821468521105
1.56465727657728E-02
1.60669120251197E-02
1.58856398889658E-02
1.62862073153263E-02
1.72485256049917E-02
1.76160341360779E-02
0.018531993387509
1.88666132891753E-02
1.86399571199369E-02
1.94967667169384E-02
2.94211073851436E-02
2.85277423933132E-02
2.60832067937404E-02
2.57523719980448E-02
2.54220913235303E-02
2.86053182008747E-02
2.82301289442327E-02
0.026389552889131
2.74818719079849E-02
2.66332566153374E-02
2.62675352987149E-02
2.59025932277042E-02
2.32582349150817E-02
2.24778049681519E-02
2.65850142654384E-02
2.92539870707307E-02
2.92526374337436E-02
2.96633072497094E-02
3.29709806568462E-02
3.36990693278491E-02
1.98250185982559E-02
1.75224948716804E-02
1.72437602343918E-02
1.85082268034388E-02
1.74474435906185E-02
1.71587686622005E-02
1.68710485984266E-02
1.76658915637044E-02
1.70071984758123E-02
1.70582300727558E-02
1.64141013635383E-02
0.015783401864644
1.61551785900692E-02
1.55329135581222E-02
1.61941388902777E-02
1.71318059268619E-02
7.02577916149432E-03
7.18743685279515E-03
6.45725478210041E-03
5.46391311438614E-03
5.63331004280792E-03
5.23992560204134E-03
5.12876772976104E-03
4.7540676362529E-03
3.61655490830271E-03
2.77823936665533E-03
2.96209315705787E-03
2.65262400646456E-03
2.82584985496613E-03
2.98819702044359E-03
2.91550700866236E-03
2.6245625735525E-03
2.77151329256664E-03
2.70022757869043E-03
3.03395556977316E-03
3.14969150166969E-03
3.25527189704753E-03
3.16466951847492E-03
3.07475276814549E-03
3.1611541824163E-03
2.89702776934723E-03
2.80924577937764E-03
2.72220193995497E-03
2.63590984213891E-03
2.70040581143295E-03
2.46563618488239E-03
2.24158377816397E-03
2.56895352873471E-03
2.47694568195377E-03
2.26030139642101E-03
2.41658347210778E-03
2.37635736438542E-03
2.35590428959923E-03
2.33525067977838E-03
2.54583367337264E-03
2.63733261477695E-03
2.61287334013558E-03
2.47564368021597E-03
1.89456041346135E-03
1.87594135689688E-03
2.07562516785227E-03
2.05440223813888E-03
1.92597106080518E-03
1.90546554351852E-03
1.78004857825787E-03
1.76029756788897E-03
1.74035155661106E-03
1.5178313182109E-03
1.49988327389031E-03
1.48175875597751E-03
1.2683288731422E-03
1.25231155360318E-03
1.4263129422561E-03
1.40746943816028E-03
1.38844326721568E-03
1.36923343005433E-03
1.3498390272969E-03
1.33025926959689E-03
1.31049348846592E-03
1.37657722446728E-03
1.43978877142029E-03
1.41675210164265E-03
1.39350322472762E-03
1.37004228780733E-03
1.34636967121936E-03
1.16689941979356E-03
1.22201619909102E-03
1.42398236937378E-03
1.39658871313856E-03
1.29691456866429E-03
1.2705299070538E-03
1.31304028555402E-03
0.00128474503102
1.25623318233884E-03
1.22750936949792E-03
1.1985788554568E-03
1.16944758653279E-03
1.14012224633576E-03
1.05215713906205E-03
7.96467459124471E-04
8.29784947019723E-04
7.52347468549318E-04
6.25817444820813E-04
5.05566989893492E-04
4.89555614486512E-04
5.68185976583133E-04
5.48848481975566E-04
4.85343453881803E-04
5.10049643144472E-04
5.31498606500901E-04
5.10438022339478E-04
4.89389192301129E-04
5.043992195539E-04
5.50649417817521E-04
5.24931353394876E-04
4.9933081667163E-04
4.73878736396612E-04
4.48608310918713E-04
3.97082907816659E-04
4.73524076462027E-04
4.91209533247613E-04
4.1573364714415E-04
3.67101716410142E-04
3.59772834427095E-04
3.50130252379814E-04
3.22223410677938E-04
3.393157619191E-04
2.82138786122529E-04
2.55398709549702E-04
2.29669400447677E-04
1.95267977691214E-04
1.46981292547011E-04
1.51761818164863E-04
1.18681961684295E-04
1.01978023406139E-04
8.17227699014874E-05
6.83648585801107E-05
5.95853720326547E-05
4.81527766474922E-05
3.80986089417713E-05
2.77803497761161E-05
1.83923350298344E-05
1.33452820742565E-05
9.30559109847133E-06
6.18672438476759E-06
3.88225606373126E-06
2.11796456710138E-06
1.21403700572593E-06
5.80461833488866E-07
2.39914710615697E-07
7.6267481968545E-08
1.99319380637107E-08
3.57555499026634E-09
4.44742398282183E-10
1.76462933764799E-11
1.70777142389846E-13
7.29443465922147E-17
1.97401695510948E-23
2.99384088998159E-41
0
0
0
0
0
0
0
0
0
0
0
0
0
0
0
0
0
0
0
0
0
0
0
0
0
0
0
0
0
0
0
0
0
0
0
0
0
0
0
0
0
0
0
0
0
0
0
0
0
0
0
0
0
0
0
0
0
0
0
0
0
0
0
0
0
0
0
0
0
0
0
0
0
0
0
0
0
0
0
0
0
0
0
0
0
0
0
0
0
0
0
0
0
0
0
0
0
0
0
0
0
0
0
0
0
0
0
0
0
0
0
0
0
0
0
0
0
0
0
0
0
0
0
0
0
0
0
0
0
0
0
0
0
0
0
0
0
0
0
0
0
0
0
0
0
0
0
0
0
0
""
