0
0
0
0
0
0
0
0
0
0
0
0
0
0
0
0
0
0
0
0
0
0
0
0
0
0
0
0
0
0
0
0
0
0
0
0
0
0
0
0
0
0
0
0
0
0
0
0
0
0
0
0
0
0
0
0
0
0
0
0
0
0
0
0
0
0
0
0
0
0
0
0
0
0
0
0
0
0
0
0
0
0
0
0
0
0
0
0
0
0
0
0
0
0
0
0
0
0
0
0
0
0
0
0
0
0
0
0
0
0
0
0
0
0
0
0
0
0
0
0
0
0
0
0
0
0
0
0
0
0
0
0
0
0
0
0
0
0
0
0
0
0
0
0
0
0
0
0
0
0
0
0
0
0
0
0
0
0
0
0
0
0
0
0
0
0
0
0
0
0
0
0
0
0
0
0
0
0
0
0
0
0
0
0
0
0
0
0
0
0
0
0
0
0
0
0
0
0
0
0
0
0
0
0
0
0
0
0
0
0
0
0
0
0
0
0
0
0
0
0
0
0
0
0
0
0
0
0
0
0
0
0
0
0
0
0
0
0
0
0
0
0
0
0
0
0
0
0
0
0
0
0
0
0
0
0
0
0
0
0
0
0
0
0
0
0
0
0
0
0
0
0
0
0
0
0
0
0
0
0
0
0
0
0
0
0
0
0
0
0
0
0
0
0
0
0
0
0
0
0
0
0
0
0
0
0
0
0
0
0
0
0
0
0
0
0
0
0
0
0
0
0
0
0
0
0
0
0
0
0
0
0
0
0
0
0
0
0
0
0
0
0
0
0
0
0
0
0
0
0
0
0
0
0
0
0
0
0
0
0
0
0
0
0
0
0
0
0
0
0
0
0
0
0
0
0
0
0
0
0
0
0
0
0
0
0
0
0
0
0
0
0
0
0
0
0
0
0
0
0
0
0
0
0
0
0
0
0
0
0
0
0
0
0
0
0
0
0
0
0
0
0
0
0
0
0
0
0
0
0
0
0
0
0
0
0
0
0
0
0
0
0
0
0
0
0
0
0
0
0
0
0
0
0
0
0
0
0
0
0
2.00135976916804E-208
8.2009099472672E-28
6.22051504429885E-16
1.28097790393437E-11
2.22683469154978E-09
5.59546587195374E-08
4.86699373573432E-07
2.18841592612905E-06
6.75344954968904E-06
1.79099901071595E-05
3.48023891925314E-05
7.22489583632355E-05
1.26777048949172E-04
1.83388622404469E-04
2.41012946577485E-04
3.2111620332918E-04
4.25731017685539E-04
5.84314657908762E-04
7.06847926168425E-04
8.63842751136329E-04
1.07011218511039E-03
1.34326639941666E-03
1.65611677633024E-03
1.79269396646595E-03
0.002035813562523
2.22039462422937E-03
2.5535853653916E-03
3.08319575116351E-03
3.01276180203847E-03
3.4975540880762E-03
3.91236493255243E-03
4.35112807388696E-03
4.81360391466864E-03
5.16007243455016E-03
5.65970527742116E-03
6.81620249262895E-03
9.58610527424943E-03
1.26315675606298E-02
1.37021573571034E-02
1.44204635999641E-02
2.07418974837339E-02
2.17326951718196E-02
2.27256380701329E-02
2.37199863719221E-02
2.47150686746652E-02
0.025710275981646
2.67050561892963E-02
2.76989090321893E-02
2.86913814559957E-02
0.029682063388286
3.06705838774507E-02
3.16566075709419E-02
3.26398315053408E-02
0.033619982182277
3.45968129058624E-02
3.55701013589906E-02
3.65396473975291E-02
3.75052710430693E-02
3.84668106564641E-02
3.94241212758724E-02
4.03770731044223E-02
0.041325550133907
4.22694488921294E-02
4.32086773026267E-02
4.41431536465242E-02
4.50728056172052E-02
4.59975694593365E-02
4.26948241579618E-02
3.06126181484625E-02
3.31445647204174E-02
3.32633062269926E-02
3.38660482735756E-02
3.60085776673554E-02
3.55845067222366E-02
3.56535926389522E-02
3.46197066287269E-02
3.62782648375928E-02
3.62931643916835E-02
4.47922053760814E-02
4.54701357893679E-02
4.49757423746679E-02
4.56284733634648E-02
4.14691679830552E-02
4.63125120489882E-02
5.12687509581517E-02
5.44589029250018E-02
5.32712080242977E-02
5.33147024401632E-02
0.053988078903085
5.59742042536074E-02
5.59884962141276E-02
5.66569825740234E-02
5.93683365449115E-02
6.00517661975158E-02
6.07307453863935E-02
6.42285160051288E-02
6.49294353538153E-02
6.56257328498647E-02
6.70461826946125E-02
6.92134475544159E-02
6.99184478280808E-02
7.21212470480573E-02
7.35902667273348E-02
7.66012060567296E-02
7.73311665652131E-02
7.80561482529839E-02
7.87761633790748E-02
7.94912240751414E-02
8.02013423304022E-02
8.09065299783081E-02
8.16067986847999E-02
8.23021599380138E-02
8.29926250393165E-02
0.083678205095553
8.43589110124041E-02
8.50347534887578E-02
8.57057430120063E-02
8.63718898541881E-02
5.13495904006512E-02
7.01517563911311E-02
0.070673098979541
7.11905985295191E-02
7.17042623707355E-02
7.22140976532371E-02
7.36291127395159E-02
7.32223102458173E-02
7.37207009614205E-02
8.44198922968069E-02
9.33826042705723E-02
9.39913593800086E-02
9.45953851355764E-02
9.51946887172619E-02
9.57892770943643E-02
9.63791570281774E-02
0.096964335074818
9.75448175881791E-02
9.81206107229941E-02
9.86917204379961E-02
9.92581524991592E-02
0.099819912483009
0.100377005779992
0.100929437597889
0.101477212965273
0.102020336734988
0.102558813587656
0.103092648035195
0.103621844424342
0.078109805205137
7.84997547072552E-02
0.079938051191917
8.03261713683635E-02
8.07107813486187E-02
7.14888975067834E-02
8.57573484621221E-02
8.61511322563972E-02
6.27423927771677E-02
5.86761625705811E-02
6.00258896681008E-02
6.57670827617803E-02
6.27461888073184E-02
8.73310783431622E-02
8.76945142702853E-02
0.0713351498232
9.84825977076476E-02
9.88753303794028E-02
9.70080299583999E-02
9.62515853048433E-02
9.66192489753986E-02
9.69830219530769E-02
9.73429054920837E-02
0.111491686763118
6.22912291829621E-02
6.25124525784985E-02
5.69227625996223E-02
5.24562460912553E-02
7.60275097008663E-02
7.74554850454953E-02
7.41784834689857E-02
6.85130146966914E-02
6.75470433345636E-02
0.116499183023258
0.116860380001136
0.118413197457414
0.118769044462434
0.116713902079891
0.120673926561601
0.121019680606336
0.121360872793905
0.121697503346173
0.122029572440722
0.122357080212732
0.122680026756814
0.122998412128812
0.12331223634756
0.123621499396609
0.123926201225907
0.124226341753453
0.124521920866903
0.124812938425155
0.125099394259882
0.125381288177045
0.125658619958364
0.125931389362758
0.126199596127747
0.126463239970832
0.12672232059083
0.126976837669187
0.127226790871257
0.127472179847545
0.127713004234929
0.127949263657842
0.128180957729436
0.128408086052704
0.128630648221587
0.128848643822037
0.129062072433071
0.129270933627778
0.129475226974315
0.129674952036869
0.12987010837659
0.130060695552505
0.130246713122399
0.130428160643682
0.124074785790505
0.128161796897664
0.128326176931564
0.131108241423613
0.131266832106722
0.13142085012273
0.131570295048405
0.131715166466136
0.131855463964588
0.131991187139321
0.132122335593391
0.132248908937934
0.132370906792718
0.132488328786686
0.132601174558466
0.132709443756871
0.132813136041367
0.132912251082529
0.133006788562474
0.131765780693518
0.12252755925715
0.117271380721266
0.133339156938872
0.133410802276151
0.133477868408959
0.133540355110627
0.133598262168769
0.133651589385537
0.133700336577858
0.133744503577651
0.133784090232024
0.133819096403456
0.133849521969954
0.133875366825194
0.133896630878651
0.133913314055694
0.133925416297679
0.133932937562014
0.133935877822207
0.133934237067897
0.133928015304866
0.133917212555032
0.125867719125039
0.133881864263141
0.133857318845284
0.13382819268888
0.133794485895783
0.133756198583554
0.133713330885325
0.133665882949646
0.133613854940308
7.34564858698842E-02
0.118811492893465
0.128093080639407
0.10935515569078
0.10796086665566
0.119884964740006
0.106497146939294
0.106426218182989
0.123633766463439
0.119557545556806
0.115483211361764
0.115390146687883
0.123244348607416
0.123136353395796
0.123024102537345
0.107048551681139
0.106943372644873
0.106834487994833
0.106721898050736
0.106605603138504
9.72831440202978E-02
9.19176911345896E-02
9.96768072477393E-02
7.72851784008697E-02
7.32622183549892E-02
8.10057159389652E-02
7.69824920693059E-02
7.68762029526224E-02
5.85512675338046E-02
5.84660866058946E-02
5.57842339646234E-02
5.69942329326012E-02
5.56116205335691E-02
8.13467243046818E-02
8.12130805110085E-02
6.94941938040511E-02
6.80899928835793E-02
9.74668472250741E-02
9.85718985599348E-02
9.71131710894445E-02
9.94819478661983E-02
0.1005645230623
0.107990975220165
0.107775736122002
0.107556617934097
0.108596369412754
0.105846666016312
0.104361262294246
0.104132151096623
0.102647455039174
0.096168889317999
9.59458021902135E-02
9.57192026302364E-02
7.19268475800185E-02
9.27812986858071E-02
9.99543475573945E-02
9.97011979778669E-02
9.82166457908854E-02
0.0991838152066
9.89195819712664E-02
9.86516540896898E-02
9.83800314618463E-02
9.68935446457187E-02
9.90334261047368E-02
9.75429935825481E-02
9.60558916228151E-02
9.57693739928214E-02
9.54792058810592E-02
7.85279442104463E-02
8.30269271164352E-02
9.69514646418468E-02
9.66390711365172E-02
7.51788749560823E-02
7.60999796280459E-02
7.58434454705547E-02
5.69786638360906E-02
0.056780798997922
4.73430302073595E-02
4.71737216034974E-02
4.58561347955794E-02
4.45451145218237E-02
4.66545446555354E-02
4.64777334301667E-02
5.42037600719724E-02
5.84917293111083E-02
5.82603360290145E-02
5.46788731691737E-02
5.33449828300909E-02
0.100715739818695
0.099191973367583
0.105355563245111
0.105994672953336
0.102267997728268
5.52401534779976E-02
0.051757300070779
5.90352320655894E-02
5.02153897214382E-02
9.03899459019114E-02
7.19687225032076E-02
6.95158085998722E-02
9.22354290946729E-02
8.13496067162104E-02
8.30168950638952E-02
8.25945898878363E-02
8.11414680374866E-02
7.56084340702108E-02
7.41911807512233E-02
7.88465332984374E-02
9.24914535959008E-02
8.79810080575972E-02
8.84820045248469E-02
5.53576108106951E-02
4.81587161728573E-02
4.69001425191587E-02
6.89619298043871E-02
0.062754661566971
6.62103905115148E-02
6.48474082440116E-02
6.91790853500174E-02
6.68558612480632E-02
0.093555772074814
9.29436246651832E-02
9.23267350801672E-02
9.17050955553091E-02
9.10786981070982E-02
9.04475345312567E-02
8.98115964013063E-02
8.91708750674474E-02
8.85253616557807E-02
8.78750470679152E-02
8.72199219809953E-02
8.65599768481968E-02
8.58952018997354E-02
8.52255871444431E-02
0.084551122371965
8.38717971556415E-02
8.31876008561407E-02
8.24985226259128E-02
8.18045514145488E-02
7.86725056958708E-02
6.83416021408847E-02
6.85361231793135E-02
6.95019679515907E-02
0.068086983496151
6.66821029383158E-02
3.76363032263645E-02
3.27123564336244E-02
3.39015207768095E-02
2.98372662132455E-02
2.87993912858101E-02
2.85054832783791E-02
0.030379575287419
0.032205869335151
3.61078977449771E-02
3.29121789488525E-02
3.18535858473265E-02
0.030123643770377
2.63927055014575E-02
2.67516982252418E-02
2.84142885311608E-02
2.93737854549414E-02
2.90093622530006E-02
2.73696045706502E-02
2.89018235145822E-02
2.85221459718274E-02
1.95757049963908E-02
2.17217821782685E-02
2.08240470530263E-02
2.05278691827084E-02
2.08078610860525E-02
2.04994636748507E-02
1.96283771631171E-02
1.98770350559178E-02
1.95630070196445E-02
2.03163904413883E-02
1.94551530585773E-02
0.017575833615537
1.62561930775772E-02
1.59687811924539E-02
1.22497918187684E-02
1.20227028929451E-02
1.22661264171806E-02
1.24899303454976E-02
1.26939776814604E-02
1.28781353007282E-02
1.26075320194961E-02
1.19101808237684E-02
1.16462576406404E-02
1.09745790271543E-02
1.30993154548008E-02
0.012009030666701
1.17113209243518E-02
0.010307912666046
1.00367464361662E-02
1.01132502515922E-02
9.49128019425211E-03
9.87545892152969E-03
1.02194616618473E-02
9.28516762956989E-03
8.68918704280401E-03
9.56096099346425E-03
8.39418139974697E-03
8.09612979683792E-03
8.57753605184367E-03
8.24913988451775E-03
9.1208422790946E-03
8.9729618986618E-03
8.80567238616491E-03
9.03975899962935E-03
9.01526874167284E-03
8.57194164503054E-03
7.94998220575879E-03
7.00818425801706E-03
6.77245429889084E-03
5.30764143396522E-03
5.68556891486612E-03
6.10609272706103E-03
5.55612058573273E-03
4.91670673659872E-03
4.6366743099409E-03
4.1538720580962E-03
5.01790475744073E-03
4.70225552358729E-03
4.58406633343101E-03
4.08591527370758E-03
3.77737305782603E-03
3.00526175200568E-03
2.97772215424563E-03
2.57225859436689E-03
2.36887073261471E-03
1.87457966155535E-03
1.06696214969721E-03
8.3774081567896E-04
6.62126500030921E-04
4.68426077530808E-04
3.16378318713177E-04
1.15304714314938E-04
7.64353368808517E-05
4.31940151205206E-05
2.1661274094341E-05
9.54684859739869E-06
4.91822869687657E-06
1.27377343289936E-06
1.73690823156158E-07
1.05696181171549E-08
1.26075534660212E-10
4.17676816919131E-14
1.54435324624196E-22
1.4295906895916E-70
0
0
0
0
0
0
0
0
0
0
0
0
0
0
0
0
0
0
0
0
0
0
0
0
0
0
0
0
0
0
0
0
0
0
0
0
0
0
0
0
0
0
0
0
0
0
0
0
0
0
0
0
0
0
0
0
0
0
0
0
0
0
0
0
0
0
0
0
0
0
0
0
0
0
0
0
0
0
0
0
0
0
0
0
0
0
0
0
0
0
0
0
0
0
0
0
0
0
0
0
0
0
0
0
0
0
0
0
0
0
0
0
0
0
0
0
0
0
0
0
0
0
0
0
0
0
0
0
0
0
0
0
0
0
0
0
0
0
0
0
0
0
0
0
0
0
0
0
0
0
0
0
0
0
0
0
0
0
0
0
0
0
0
0
0
0
0
0
0
0
0
0
0
0
0
0
0
0
0
0
0
0
0
0
0
0
0
0
0
0
0
0
0
0
0
0
0
0
0
0
0
0
0
0
0
0
0
0
0
0
0
0
0
0
0
0
0
0
0
0
0
0
0
0
0
0
0
0
0
0
0
0
0
0
0
0
0
0
0
0
0
0
0
0
0
0
0
0
0
0
0
0
0
0
0
0
0
0
0
0
0
0
0
0
0
0
0
0
0
0
0
0
0
0
0
0
0
0
0
0
0
0
0
0
0
0
0
0
0
0
0
0
0
0
0
0
0
0
0
0
0
0
0
0
0
0
0
0
0
0
0
0
0
0
0
0
0
0
0
0
0
0
0
0
0
0
0
0
0
0
0
0
0
0
0
0
0
0
0
0
0
0
0
0
0
0
0
0
0
0
0
0
0
0
0
0
0
0
0
0
0
0
0
0
0
0
0
0
0
0
0
0
0
0
0
0
0
0
0
0
0
0
0
0
0
0
0
0
0
0
0
0
0
0
0
0
0
0
0
0
0
0
0
0
0
0
0
0
0
0
0
0
0
0
0
0
0
0
0
0
0
0
0
0
0
0
0
0
0
0
0
0
0
0
0
0
0
0
0
0
0
0
0
0
0
0
0
0
0
0
0
0
0
0
0
0
0
""
