0
0
0
0
0
0
0
0
0
0
0
0
0
0
0
0
0
0
0
0
0
0
0
0
0
0
0
0
0
0
0
0
0
0
0
0
0
0
0
0
0
0
0
0
0
0
0
0
0
0
0
0
0
0
0
0
0
0
0
0
0
0
0
0
0
0
0
0
0
0
0
0
0
0
0
0
0
0
0
0
0
0
0
0
0
0
0
0
0
0
0
0
0
0
0
0
0
0
0
0
0
0
0
0
0
0
0
0
0
0
0
0
0
0
0
0
0
0
0
0
0
0
0
0
0
0
0
0
0
0
0
0
0
0
0
0
0
0
0
0
0
0
0
0
0
0
0
0
0
0
0
0
0
0
0
0
0
0
0
0
0
0
0
0
0
0
0
0
0
0
0
0
0
0
0
0
0
0
0
0
0
0
0
0
0
0
0
0
0
0
0
0
0
0
0
0
0
0
0
0
0
0
0
0
0
0
0
0
0
0
0
0
0
0
0
0
0
0
0
0
0
0
0
0
0
0
0
0
0
0
0
0
0
0
0
0
0
0
0
0
0
0
0
0
0
0
0
0
0
0
0
0
0
0
0
0
0
0
0
0
0
0
0
0
0
0
0
0
0
0
0
0
0
0
0
0
0
0
0
0
0
0
0
0
0
0
0
0
0
0
0
0
0
0
0
0
0
0
0
0
0
0
0
0
0
0
0
0
0
0
0
0
0
0
0
0
0
0
0
0
0
0
0
0
0
0
0
0
0
0
0
0
0
0
0
0
0
0
0
0
0
0
0
0
0
0
0
0
0
0
0
0
0
0
0
0
0
0
0
0
0
0
0
0
0
0
0
0
0
0
0
0
0
0
0
0
0
0
0
0
0
0
0
0
0
0
0
0
0
0
0
0
0
0
0
0
0
0
0
0
0
0
0
0
0
0
0
0
0
0
0
0
0
0
0
0
0
0
0
0
0
0
0
0
0
0
0
0
0
0
0
0
0
0
0
0
0
0
0
0
0
0
0
0
0
0
0
0
0
0
0
0
0
0
0
0
0
0
0
0
0
0
0
0
0
1.65837566992499E-26
4.17523365533527E-15
3.96200069299773E-11
4.26043901103135E-09
6.97378958028023E-08
5.38963804679695E-07
2.0426622460711E-06
5.51417068892234E-06
1.29783434610664E-05
2.38439660111665E-05
4.07873632790617E-05
6.10421774741002E-05
9.37486539528242E-05
1.30353734062851E-04
1.65830169862698E-04
2.23676435541179E-04
3.68962182577295E-04
4.50862697330397E-04
5.95867879892455E-04
7.01598276182124E-04
7.6318799923262E-04
9.0351538128296E-04
9.90741874610109E-04
1.14884227206536E-03
1.27823822015239E-03
1.4114867349439E-03
1.54815669415545E-03
3.92017400499445E-03
4.07370110081745E-03
4.33206127961654E-03
4.65392912348074E-03
5.41905407139228E-03
7.80698533083738E-03
8.29511631486925E-03
8.78679331751862E-03
9.28143370359736E-03
9.77851206049617E-03
8.63314604962735E-03
9.16141502574445E-03
1.11670706087767E-02
8.36551164222762E-03
9.21408619915595E-03
9.46363912737069E-03
9.57018121434023E-03
8.82871801917115E-03
8.57841490055144E-03
8.73152429411857E-03
9.33313035525405E-03
0.011060188982144
1.09204837722614E-02
0.011253971824101
1.31429785991891E-02
1.03172682189827E-02
1.18832275401133E-02
1.23907086063055E-02
1.27142807182999E-02
1.71847700157211E-02
1.76082679595533E-02
1.78229413355289E-02
1.82384081671451E-02
1.30131915467997E-02
2.15028820724683E-02
2.12865088516554E-02
0.021964506622009
1.48641124876354E-02
1.10699412341079E-02
6.8696028990284E-03
7.50042986761282E-03
7.63994594949302E-03
1.68541393712317E-02
2.63902989766759E-02
2.68490394344703E-02
2.73056595129192E-02
2.77601534089634E-02
2.82125164334227E-02
2.86627448931039E-02
0.029110835983907
2.95567876938997E-02
0.030000598715428
3.04422683654216E-02
3.08817965131368E-02
3.13191835146476E-02
1.61947593782682E-02
0.016737519545102
1.69616237941603E-02
1.78455641645048E-02
1.70717608268483E-02
2.30510540378824E-02
0.028829679943782
0.025013778752012
2.60180647755877E-02
2.59701975849924E-02
0.029871335285648
3.02131555328817E-02
3.05532220316969E-02
3.23802859682136E-02
3.53667677175651E-02
3.57459610989245E-02
3.65074683156728E-02
0.036498424615779
3.72639521784863E-02
3.72430080642362E-02
4.00131395647469E-02
4.04039701124486E-02
3.99768612437097E-02
4.03557908193991E-02
4.07326818087185E-02
4.19464658222177E-02
4.23268950249633E-02
4.27052508123419E-02
4.30815352728713E-02
4.34557504071796E-02
4.38278981267575E-02
4.41979802530359E-02
0.044565998516757
4.49319545576113E-02
4.52958499241149E-02
4.56576860737028E-02
4.60174643730167E-02
4.63751860983684E-02
0.046730852436359
0.028250678690784
3.55770174395984E-02
3.58391472475138E-02
3.60997384146365E-02
3.73283592782464E-02
4.83335252652556E-02
3.63806549252381E-02
4.85122566367208E-02
4.98395096008024E-02
5.01746682750147E-02
0.050507778984719
5.08388419266286E-02
4.80977857907403E-02
0.048920083682724
0.049228757772145
4.84926342004459E-02
3.93475814738946E-02
1.95294208230343E-02
1.85846312973451E-02
5.34136259905808E-02
5.37262563163002E-02
5.40368370777717E-02
5.43453677546927E-02
5.46518477712891E-02
5.49562764979045E-02
5.52586532525763E-02
5.55589773025976E-02
5.58572478660631E-02
5.61534641133987E-02
5.64476251688731E-02
5.67397301120922E-02
5.70297779794736E-02
0.057317767765702
5.76036984251646E-02
5.78875688733666E-02
5.81693779883253E-02
5.84491246119442E-02
5.87268075513649E-02
5.90024255802986E-02
5.92759774403362E-02
5.95474618422363E-02
5.98168774671924E-02
6.00842229680788E-02
6.03494969706743E-02
6.06126980748658E-02
6.08738248558293E-02
6.11328758651917E-02
6.13898496321699E-02
6.16447446646906E-02
6.18975594504886E-02
3.97749071732387E-02
6.23969421383476E-02
6.13906367860345E-02
0.057228066563186
5.74486416778249E-02
5.25976610971497E-02
5.15231970616736E-02
5.04375512288395E-02
5.06224283717208E-02
5.27349779362714E-02
0.055505067558038
5.69962836624211E-02
5.65448938079867E-02
5.67393594111405E-02
0.057586384689389
5.71227959569008E-02
5.92880316565244E-02
6.01425238206608E-02
6.03363386151695E-02
5.98630849979731E-02
5.27114022894037E-02
5.28746467086951E-02
0.055721595729333
5.58895877831409E-02
4.72759917155079E-02
4.74147000509677E-02
0.046193294427964
5.31376700084025E-02
5.32872537261671E-02
5.34351757897647E-02
5.35814348781319E-02
4.06389198820774E-02
4.76533097673059E-02
4.63933950903272E-02
4.65133028183901E-02
4.66317764837909E-02
4.67488149800003E-02
4.61649482929017E-02
3.92656805350902E-02
4.00627549749291E-02
4.43845299627794E-02
4.16631948673524E-02
2.76031791480146E-02
2.90841810748346E-02
7.10945166966526E-02
7.12498499307134E-02
7.14030251722799E-02
7.15540408930479E-02
7.17028955785032E-02
0.071849587728313
7.19941158567076E-02
0.072136478492855
7.22766741812259E-02
7.24147014819509E-02
7.25505589711697E-02
0.072684245241372
0.072815758901731
7.14861966068601E-02
7.08800950275246E-02
6.66094980209867E-02
6.52548536048178E-02
6.38934008090852E-02
6.39964521074844E-02
6.48343592772591E-02
5.09147502303331E-02
5.46870312491985E-02
6.14292200881898E-02
6.15184685273782E-02
6.08636612487618E-02
6.09482453298305E-02
6.92181233361214E-02
6.93099793352304E-02
6.93997964481811E-02
4.85665837591444E-02
0.039649305744702
2.77130018627304E-02
2.84953650471834E-02
2.85278931502391E-02
0.027808017810829
3.00952029703521E-02
3.76585048566918E-02
4.44823484136715E-02
4.60357301210857E-02
0.055144788646642
5.14154793513236E-02
3.48123341505218E-02
3.10553558265445E-02
3.18395058974282E-02
0.031865281459285
3.18901299219934E-02
0.030394334288066
3.04162327883835E-02
3.11981787463709E-02
3.19802472725637E-02
3.35242874449685E-02
3.27821111563323E-02
2.89868414275769E-02
2.67129251938615E-02
2.82539076644876E-02
2.90316081388173E-02
2.90448483786688E-02
2.90572473573622E-02
3.21286791350815E-02
3.21405231754459E-02
3.13859265543079E-02
2.83326798380323E-02
0.029872582308874
3.14124385133747E-02
3.06531306155104E-02
2.98926159631656E-02
3.06641694474396E-02
3.22017769628868E-02
0.032205245038507
3.29746340613307E-02
3.45100587183857E-02
4.37136570806954E-02
3.98788086956041E-02
6.05828802391478E-02
5.44443242646662E-02
5.44391696332454E-02
5.28991329880792E-02
5.36576018456942E-02
5.28814670558896E-02
5.36365770527076E-02
5.36237377472204E-02
7.65847819450323E-02
7.65620086604814E-02
7.65370200489427E-02
7.65098163996149E-02
7.64803980271368E-02
7.64487652715338E-02
0.07641491849816
7.63788580976361E-02
7.63405844857818E-02
7.63000981035448E-02
7.62573994169249E-02
7.62124889168933E-02
7.61653671193073E-02
0.076116034564821
7.60644918187902E-02
0.076010739471174
7.59547781364306E-02
7.58966084534088E-02
7.58362310852343E-02
7.57736467191919E-02
7.49517675059362E-02
7.41290226654396E-02
7.40612056891391E-02
7.39912287833553E-02
7.39190927380986E-02
7.53518350676096E-02
7.52738229627021E-02
7.51936102121012E-02
3.83067108343332E-02
3.97640907871273E-02
4.34650707674042E-02
4.49104626381841E-02
4.56033370988372E-02
4.10663946263933E-02
4.99622894014402E-02
3.64916707812066E-02
3.71864110362062E-02
2.30239033511725E-02
2.22498900981097E-02
2.22179268829992E-02
2.14457972437969E-02
2.14136312072728E-02
3.17026123104264E-02
3.23891565721367E-02
3.82170106115241E-02
3.88885389071029E-02
3.95564970767625E-02
3.29079439930345E-02
2.84710058950324E-02
3.42508824893247E-02
3.34620938628959E-02
3.41271574645567E-02
3.69628071751069E-02
0.034722739787897
0.037543906877941
3.67498008381166E-02
0.03667658827149
3.73199633177709E-02
3.72430647073365E-02
3.57356173140522E-02
3.63727056921693E-02
3.91405675254292E-02
5.75166003182958E-02
0.048177641814763
0.050895823634919
5.43047598602918E-02
4.01055018146444E-02
4.77314083436326E-02
4.55154816732933E-02
4.61024799196364E-02
4.59878246677049E-02
4.17015956168259E-02
4.78340122003538E-02
4.77097132002075E-02
4.68943168013567E-02
0.057085584916383
5.62448342244318E-02
0.034885314048988
3.68343508295579E-02
2.78877144092602E-02
2.84859719669762E-02
5.47775005909331E-02
0.052593232242749
0.047058042600969
4.89262122883696E-02
5.94667054252595E-02
5.99478478808297E-02
5.97589209763642E-02
6.02299591695463E-02
5.93753609548444E-02
5.91807309241792E-02
5.43965427062103E-02
0.05225402535355
5.14250142064302E-02
4.86527054690285E-02
4.84826183897437E-02
0.049599248207285
4.36448658592019E-02
3.77308230038388E-02
3.05833791963134E-02
1.84086505951884E-02
1.83392362329623E-02
1.82692156504858E-02
1.56884390662251E-02
3.50045527943833E-02
3.11302090555148E-02
2.66645675467961E-02
2.90266095952362E-02
4.12082056177214E-02
0.042261634585494
4.20835341045257E-02
4.25113052471148E-02
4.29323992981852E-02
5.05712142158773E-02
5.03474267051806E-02
5.01218997736795E-02
4.98946345633255E-02
4.78918596144348E-02
4.70808511963911E-02
4.74451910253302E-02
4.72193481865169E-02
4.69918342984364E-02
4.50307003003956E-02
4.88296636750434E-02
4.85856596876054E-02
4.89086107112064E-02
4.86581962686576E-02
4.67174313454076E-02
4.70322469147048E-02
4.67824759136023E-02
4.70849199093896E-02
4.24212789681595E-02
4.21875796332943E-02
5.33938370939365E-02
5.41758990815632E-02
3.93223556289427E-02
4.71279884259854E-02
0.0468518817489
4.65739720652354E-02
4.68203308349533E-02
4.70584891352595E-02
4.52097753832992E-02
4.59607215902097E-02
4.56705402149464E-02
4.48686652861667E-02
4.55912801548237E-02
4.52923096976579E-02
4.54914016732295E-02
4.81646379434142E-02
4.78364541708734E-02
4.75062830540795E-02
4.42561370777226E-02
4.34597723712386E-02
1.82179994477453E-02
1.90374081916991E-02
2.26765848854249E-02
0.021569490630267
1.67527638151254E-02
1.75478901080736E-02
1.78697240620146E-02
1.72743801495433E-02
1.75874112892477E-02
1.69977410984897E-02
1.64146087223181E-02
1.67179685101388E-02
1.52682025254834E-02
1.47050513454616E-02
1.28624393369654E-02
0.015724028434723
1.47412573143347E-02
1.33556183465117E-02
0.012405797940642
1.22900799433182E-02
1.21737374924634E-02
1.24586621778463E-02
1.15412037121662E-02
1.06388603320818E-02
1.17021080608293E-02
1.00382809323335E-02
1.03162737993715E-02
1.09637313102076E-02
1.15944388445478E-02
1.18383217193828E-02
1.17075156394407E-02
1.15760338324754E-02
1.03710120570128E-02
1.09575693651317E-02
1.08282271916576E-02
1.03531227975673E-02
1.05675676312662E-02
1.00995954329261E-02
9.30708175003769E-03
9.18727719292282E-03
0.008743057853899
8.62637857753971E-03
8.19396922316296E-03
7.45892215521237E-03
7.35366660973972E-03
6.94590141490323E-03
5.95134474061392E-03
5.86234699368254E-03
6.06156729830958E-03
5.96722119626241E-03
5.87242654884175E-03
6.32739204925234E-03
6.49313665411805E-03
6.11729821652644E-03
6.79563165075635E-03
6.4187579949018E-03
6.05062068924381E-03
6.43362678163197E-03
6.0691103160668E-03
5.47540367014903E-03
5.36675567969349E-03
5.25764200622005E-03
5.81955487578516E-03
5.03803881814833E-03
5.35604538517552E-03
4.60722476402042E-03
4.29613820277716E-03
4.19408505566894E-03
3.89681503818338E-03
4.36875293898691E-03
4.07074812909476E-03
3.96233387959833E-03
3.67841779350175E-03
3.74450615441186E-03
3.46989761122125E-03
3.52547702414161E-03
0.003415569760931
3.15518979203034E-03
3.48557407474487E-03
3.3650424627871E-03
3.51474317460831E-03
3.3839306664434E-03
3.75355543454651E-03
3.72269202201846E-03
3.79694129419974E-03
3.63123577677543E-03
4.20104006174559E-03
4.50126692989431E-03
3.99201497891173E-03
3.87386937225303E-03
3.49152710241466E-03
3.2104469725495E-03
3.01608324584781E-03
2.68237242617363E-03
2.17234822102554E-03
2.01730303758401E-03
1.86459753923453E-03
1.81848031367888E-03
1.6625855467026E-03
1.51034795455652E-03
1.40115699773872E-03
1.32322406837173E-03
1.08046789094591E-03
1.02920700902883E-03
9.62733144304703E-04
8.23282904502359E-04
6.92907731868062E-04
5.58451853805596E-04
4.06172922506662E-04
3.46393244373234E-04
2.64204198355793E-04
1.8891745381281E-04
1.2869118614291E-04
1.85588831503928E-04
1.04780548381291E-04
6.23368877613159E-05
2.9935504292632E-05
1.18663760825736E-05
2.98493924151361E-06
5.72389374840056E-07
5.51979773526199E-08
1.43395658226385E-09
1.99915338330673E-12
5.16553727328075E-19
2.55460742244199E-50
0
0
0
0
0
0
0
0
0
0
0
0
0
0
0
0
0
0
0
0
0
0
0
0
0
0
0
0
0
0
0
0
0
0
0
0
0
0
0
0
0
0
0
0
0
0
0
0
0
0
0
0
0
0
0
0
0
0
0
0
0
0
0
0
0
0
0
0
0
0
0
0
0
0
0
0
0
0
0
0
0
0
0
0
0
0
0
0
0
0
0
0
0
0
0
0
0
0
0
0
0
0
0
0
0
0
0
0
0
0
0
0
0
0
0
0
0
0
0
0
0
0
0
0
0
0
0
0
0
0
0
0
0
0
0
0
0
0
0
0
0
0
0
0
0
0
0
0
0
0
0
0
0
0
0
0
0
0
0
0
0
0
0
0
0
0
0
0
0
0
0
0
0
0
0
0
0
0
0
0
0
0
0
0
0
0
0
0
0
0
0
0
0
0
0
0
0
0
0
0
0
0
0
0
0
0
0
0
0
0
0
0
0
0
0
0
0
0
0
0
0
0
0
0
0
0
0
0
0
0
0
0
0
0
0
0
0
0
0
0
0
0
0
0
0
0
0
0
0
0
0
0
0
0
0
0
0
0
0
0
0
0
0
0
0
0
0
0
0
0
0
0
0
0
0
0
0
0
0
0
0
0
0
0
0
0
0
0
0
0
0
0
0
0
0
0
0
0
0
0
0
0
0
0
0
0
0
0
0
0
0
0
0
0
0
0
0
0
0
0
0
0
0
0
0
0
0
0
0
0
0
0
0
0
0
0
0
0
0
0
0
0
0
0
0
0
0
0
0
0
0
0
0
0
0
0
0
0
0
0
0
0
0
0
0
0
0
0
0
0
0
0
0
0
0
0
0
0
0
0
0
0
0
0
0
0
0
0
0
0
0
0
0
0
0
0
0
0
0
0
0
""
