0
0
0
0
0
0
0
0
0
0
0
0
0
0
0
0
0
0
0
0
0
0
0
0
0
0
0
0
0
0
0
0
0
0
0
0
0
0
0
0
0
0
0
0
0
0
0
0
0
0
0
0
0
0
0
0
0
0
0
0
0
0
0
0
0
0
0
0
0
0
0
0
0
0
0
0
0
0
0
0
0
0
0
0
0
0
0
0
0
0
0
0
0
0
0
0
0
0
0
0
0
0
0
0
0
0
0
0
0
0
0
0
0
0
0
0
0
0
0
0
0
0
0
0
0
0
0
0
0
0
0
0
0
0
0
0
0
0
0
0
0
0
0
0
0
0
0
0
0
0
0
0
0
0
0
0
0
0
0
0
0
0
0
0
0
0
0
0
0
0
0
0
0
0
0
0
0
0
0
0
0
0
0
0
0
0
0
0
0
0
0
0
0
0
0
0
0
0
0
0
0
0
0
0
0
0
0
0
0
0
0
0
0
0
0
0
0
0
0
0
0
0
0
0
0
0
0
0
0
0
0
0
0
0
0
0
0
0
0
0
0
0
0
0
0
0
0
0
0
0
0
0
0
0
0
0
0
0
0
0
0
0
0
0
0
0
0
0
0
0
0
0
0
0
0
0
0
0
0
0
0
0
0
0
0
0
0
0
0
0
0
0
0
0
0
0
0
0
0
0
0
0
0
0
0
0
0
0
0
0
0
0
0
0
0
0
0
0
0
0
0
0
0
0
0
0
0
0
0
0
0
0
0
0
0
0
0
0
0
0
0
0
0
0
0
0
0
0
0
0
0
0
0
0
0
0
0
0
0
0
0
0
0
0
0
0
0
0
0
0
0
0
0
0
0
0
0
0
0
0
0
0
0
0
0
0
0
0
0
0
0
0
0
0
0
0
0
0
0
0
0
0
0
0
0
0
0
0
0
0
0
0
0
0
0
0
0
0
0
0
0
0
0
0
0
0
0
0
0
0
0
0
0
0
0
0
0
0
0
0
0
0
0
0
0
0
0
0
0
0
0
0
0
0
0
0
0
0
0
0
0
0
0
0
0
0
6.69906234512248E-63
5.27070381271263E-22
3.78442821951117E-14
8.3302166099255E-11
6.24249156619073E-09
8.76854639318268E-08
5.63935618703583E-07
1.49542805508322E-06
4.18947778451054E-06
9.68459893751851E-06
1.91283032475969E-05
3.55561943664869E-05
5.87802783092228E-05
8.60074451542226E-05
1.29004577840258E-04
1.98195471030253E-04
2.66264219702812E-04
3.01751982165522E-04
3.84581407140263E-04
4.45319747625947E-04
5.05056607527633E-04
5.6228396876683E-04
6.52859741969303E-04
7.27702461425099E-04
8.50643574107766E-04
9.02412034857648E-04
9.76573586583442E-04
1.0481289077286E-03
1.11643667460935E-03
1.14018695323512E-03
1.24100375219224E-03
1.34424131026308E-03
1.2943727722259E-03
1.33472934240388E-03
1.48797033862011E-03
1.58710992215345E-03
1.62012269276093E-03
1.71782396303047E-03
1.81661921451858E-03
1.59700553549216E-03
1.9330466511757E-03
2.03031427907821E-03
2.03574824095368E-03
2.13005856830565E-03
2.22490781558508E-03
2.32023781875568E-03
2.63563067619341E-03
2.28375359401491E-03
2.37144932695537E-03
2.58237768959573E-03
2.80235083086857E-03
2.76776750974508E-03
2.99695948730354E-03
4.78240891942146E-03
6.09411963808121E-03
6.43027150417725E-03
6.15949082074911E-03
6.02053897523189E-03
6.18959579956374E-03
7.52998208631804E-03
7.73013951834624E-03
7.93022053623819E-03
8.13019129214032E-03
8.1449086067661E-03
8.34012920579087E-03
8.92311672582557E-03
9.52359387926901E-03
9.73584355605813E-03
1.01550489761616E-02
0.015239174495733
1.31795099269514E-02
1.47703170750513E-02
1.50642577900842E-02
0.017649839350935
1.77527804605454E-02
1.76083672884241E-02
7.02680031263003E-03
6.90610398734361E-03
7.27841901661023E-03
1.04674385885299E-02
9.86542939024516E-03
1.00289325088535E-02
9.92381793198549E-03
9.80972658194614E-03
1.07937336434449E-02
1.15218646521463E-02
1.28370727524704E-02
1.24486636966706E-02
1.29240095734697E-02
1.40031410666239E-02
1.35962413081216E-02
2.60377026799186E-02
2.70135594471897E-02
2.73756694131828E-02
2.80554852585693E-02
3.03572016045788E-02
3.04177524146371E-02
3.08000352191296E-02
3.18516515314568E-02
3.15609078287789E-02
2.09495497092577E-02
1.73746180669664E-02
1.40614344179938E-02
1.13781005090459E-02
1.04278666287378E-02
0.010907510073944
1.02920085742266E-02
1.07748258015792E-02
9.76314381095092E-03
1.17629838840995E-02
1.11180873169946E-02
1.12316749478305E-02
1.13448423254657E-02
1.26428548750904E-02
1.31657567953706E-02
0.012890263126897
0.014233251524734
1.60092299543236E-02
2.03010377201999E-02
2.04871797898753E-02
2.99541517509498E-02
3.23500140330618E-02
3.86470348677802E-02
3.89834688467417E-02
0.04368724813248
4.40579917731873E-02
4.44271900625763E-02
4.47948368287756E-02
0.045160925969324
4.55254514478662E-02
0.045888407291065
4.62497875857136E-02
4.66095864760381E-02
4.69677981611768E-02
0.047324416892825
4.76794369730364E-02
4.80328527521703E-02
4.83846586269755E-02
3.46017428175505E-02
3.48492271150786E-02
2.86696096421948E-02
3.63362409576783E-02
4.41050247917404E-02
5.04613775220472E-02
5.08017607258549E-02
5.11404906784606E-02
5.14775621267329E-02
5.18129698506905E-02
5.21467086626373E-02
5.24787734063634E-02
5.28091589564058E-02
0.053137860217366
5.34648721232806E-02
5.37901896370426E-02
5.41138077498691E-02
5.44357214808135E-02
5.47559258763191E-02
5.50744160098118E-02
5.53911869813294E-02
5.57062339171849E-02
5.60195519696629E-02
5.63311363167455E-02
5.66409821618673E-02
5.69490847336966E-02
5.72554392859419E-02
5.75600410971824E-02
5.78628854707195E-02
5.81639677344505E-02
0.05846328324076
0.058760827366431
5.90565955125725E-02
5.93505831045626E-02
5.96427855920074E-02
5.99331984487135E-02
6.02218171726736E-02
6.05086372860643E-02
6.07936543352558E-02
6.10768638908317E-02
6.13582615476193E-02
6.16378429247289E-02
6.19156036656018E-02
6.21915394380667E-02
6.24656459344036E-02
0.062737918871414
6.30083539904988E-02
6.32769470577409E-02
6.35436938639949E-02
6.38085902249803E-02
6.40716319813809E-02
6.43328149989476E-02
6.45921351686064E-02
6.48495884065684E-02
6.51051706544448E-02
6.53588778793644E-02
6.56107060740938E-02
6.58606512571602E-02
6.61087094729769E-02
6.63548767919706E-02
6.65991493107102E-02
6.68415231520382E-02
6.70819944652026E-02
6.73205594259908E-02
6.75572142368641E-02
6.77919551270937E-02
6.80247783528965E-02
0.068255680197573
6.84846569716445E-02
0.068711705012991
6.89368206869897E-02
6.91600003866536E-02
6.93812405327693E-02
6.96005375740359E-02
6.98178879872032E-02
7.00332882772096E-02
7.02467349773197E-02
7.04582246492616E-02
7.06677538833639E-02
7.08753192986915E-02
7.10809175431814E-02
7.12845452937778E-02
7.14861992565659E-02
7.16858761669059E-02
7.18835727895646E-02
6.84753216229058E-02
7.15502822549447E-02
0.072464749022991
0.072654492735328
7.28422404295018E-02
7.30279890494532E-02
7.32117355694313E-02
0.073393476994117
7.35732103587469E-02
7.37509327292348E-02
7.39266412022927E-02
7.41003329055502E-02
7.42720049976727E-02
7.44416546684786E-02
7.46092791390548E-02
7.47748756618708E-02
7.49384415208923E-02
7.50999740316923E-02
7.52594705415617E-02
7.54169284296183E-02
0.075572345106914
7.57257180165413E-02
7.58770446337381E-02
7.60263224659909E-02
7.61735490531364E-02
7.63187219674628E-02
7.64618388138084E-02
7.66028972296593E-02
7.52070569875407E-02
7.38036763042908E-02
6.77720549095327E-02
0.069431850437274
7.03222815393809E-02
7.04393621942651E-02
0.064351957184408
6.44553003766914E-02
6.45569186558646E-02
6.85517989106833E-02
7.80180406746157E-02
7.81342256592669E-02
7.82483245135039E-02
7.83603353413273E-02
7.84702562806766E-02
7.85780855035044E-02
7.86838212158499E-02
7.87874616579098E-02
7.88890051041091E-02
7.89884498631689E-02
7.90857942781742E-02
7.91810367266394E-02
7.92741756205724E-02
7.93652094065376E-02
7.94541365657175E-02
0.079540955613972
7.96256651018977E-02
7.89111809787355E-02
7.89908622754388E-02
7.98671222318986E-02
7.99433796811663E-02
7.76169952206966E-02
7.76868581521952E-02
0.080159449398595
8.02272344118876E-02
8.02928983922965E-02
8.03564402406838E-02
0.080417858893197
8.04771533213107E-02
8.05343225318664E-02
8.05893655671109E-02
8.06422815047337E-02
8.06930694579027E-02
8.07417285752988E-02
8.07882580411484E-02
8.08326570752552E-02
8.08749249330305E-02
0.080915060905522
8.09530643194406E-02
8.09889345371873E-02
8.10226709568769E-02
8.10542730123619E-02
8.10837401732539E-02
0.081111071944944
8.11362678686223E-02
0.080347734246082
8.03684480106427E-02
8.11990365008261E-02
7.79670577544815E-02
7.79809883678376E-02
7.71804409526749E-02
7.63776363007143E-02
8.12609014986751E-02
0.081266860058216
8.12706801537702E-02
8.12723617211737E-02
7.80210285428947E-02
5.44504371602956E-02
5.60725568546294E-02
5.52552378245715E-02
0.052811649737971
5.28044029286211E-02
4.79223110742525E-02
4.71011222123199E-02
5.03385869372516E-02
0.051138089044691
0.043820856201813
7.22019272942959E-02
6.81237078547052E-02
6.72892684365097E-02
6.88848739015617E-02
7.12874921544238E-02
7.12570015322769E-02
7.04152625563773E-02
6.22915897377919E-02
6.30685546202048E-02
7.27325482847552E-02
7.02687106289256E-02
7.10346499916659E-02
7.09910292349559E-02
6.12711442256005E-02
6.20358981433345E-02
6.19928152299489E-02
6.03390540325481E-02
6.02939022300591E-02
5.38207941098966E-02
7.86597926194178E-02
7.85945534269258E-02
7.45207444556966E-02
8.00590221881426E-02
7.99860934098801E-02
7.99110476330143E-02
7.98338861123715E-02
7.97546101378141E-02
7.96732210341898E-02
7.95897201612803E-02
7.95041089137472E-02
7.94163887210775E-02
7.93265610475275E-02
7.92346273920651E-02
7.91405892883103E-02
7.90444483044749E-02
7.89462060433007E-02
7.88458641419958E-02
7.87434242721696E-02
7.86388881397668E-02
6.83230640119496E-02
6.82284746515818E-02
6.96983205687241E-02
6.88158383450359E-02
6.63721017956707E-02
6.54929097253081E-02
6.61713017877671E-02
5.67409652202057E-02
5.74269818442332E-02
5.19106835012511E-02
5.41458115884801E-02
5.17384811077003E-02
4.85666979722994E-02
4.92520391388851E-02
5.07015688903991E-02
3.75745437453969E-02
3.52097172885153E-02
3.43804163558609E-02
5.26172812687524E-02
0.062410920342477
6.68472419283919E-02
0.067473232844123
6.35547525514198E-02
6.19150618744594E-02
6.10334057584211E-02
5.78974967177531E-02
6.00249497598621E-02
6.43871554007008E-02
6.42457421134003E-02
6.48479623275141E-02
6.61887636802424E-02
6.60370059037099E-02
6.51431857631297E-02
6.49895782603917E-02
6.48341970771766E-02
6.54120111704566E-02
6.30518028571075E-02
6.72827750178998E-02
6.71129406752883E-02
0.067668888039009
6.67677525485867E-02
6.58685739011441E-02
6.56933193350361E-02
6.83960906529133E-02
6.74913642518744E-02
5.79966320589266E-02
6.06902193497291E-02
5.83821633119719E-02
5.82144976613945E-02
5.80452173674779E-02
5.78743251653069E-02
5.69981430354891E-02
5.68261585817682E-02
0.056652590122657
5.57801881017508E-02
5.63007123907406E-02
4.01864161610097E-02
4.07482643947186E-02
4.06160999481827E-02
6.58703091812443E-02
6.83870326071026E-02
0.068157232646112
6.79255091879871E-02
6.76918659338573E-02
6.74563066120138E-02
6.72188349777723E-02
6.69794548133365E-02
6.67381699276616E-02
6.64949841563188E-02
6.62499013613618E-02
0.066002925431193
6.57540602804319E-02
6.55033098497853E-02
6.52506781059185E-02
6.49961690413291E-02
6.47397866742225E-02
6.44815350483901E-02
6.42214182330905E-02
6.39594403229326E-02
6.36956054377634E-02
6.34299177225578E-02
6.31623813473137E-02
6.28930005069503E-02
0.062621779421211
0.033668310060669
2.85539634174318E-02
2.84266739394392E-02
2.64529884897902E-02
2.63324344836875E-02
2.49919793378271E-02
2.54822671245598E-02
2.95892754338456E-02
2.04335535953525E-02
2.09332553482185E-02
2.38072490932118E-02
2.30978111410239E-02
2.41614671356486E-02
2.22808743703509E-02
4.66684625432013E-02
4.64284056226242E-02
0.046186936882757
4.59440600500548E-02
4.56997788705977E-02
4.60222733240612E-02
4.57721062863685E-02
4.55205288465484E-02
4.52675448780948E-02
4.50131582750138E-02
4.36522526322076E-02
4.39508077478478E-02
4.31492361836529E-02
4.28956971100884E-02
4.21010522512284E-02
4.13115495100204E-02
0.041593750163116
0.042398068960778
4.16078499443234E-02
4.13462779189916E-02
4.05633382600199E-02
3.92690686079799E-02
3.69602695527826E-02
3.41672709635281E-02
3.09004586846191E-02
0.043774399293532
4.64745808987112E-02
4.66505958177617E-02
4.82966385468515E-02
4.84452990154511E-02
4.56702596350291E-02
0.045340431019172
4.45302660313533E-02
4.32503929778449E-02
4.33984243356829E-02
4.30697081253164E-02
4.32040887461748E-02
0.043329801903777
4.29894707933031E-02
4.26476610359989E-02
4.23043782141151E-02
3.92813538419736E-02
0.032316801784676
3.90707614661305E-02
3.22109640456562E-02
3.19349894761726E-02
2.31016981595728E-02
2.37467609291767E-02
1.17676778374358E-02
1.16615522762386E-02
1.19676844344491E-02
1.22657570354487E-02
2.06561965541814E-02
2.16633704029809E-02
2.62223829017809E-02
2.59663438526388E-02
0.038953546161389
3.85626935416218E-02
3.81703950911393E-02
2.60658944966621E-02
0.018316931272647
2.21909426597635E-02
2.23180109755262E-02
2.13506234921106E-02
0.019682682746677
1.94614792354287E-02
1.85398993506285E-02
1.76337645445966E-02
1.74265560774091E-02
3.00482503206467E-02
2.96842617114885E-02
2.99779486725871E-02
3.05793122910949E-02
2.98699839207721E-02
2.94847662340334E-02
2.94112445473605E-02
2.87107741269705E-02
2.83220241888306E-02
2.82324675271893E-02
2.81333627761296E-02
2.74408400813923E-02
2.67556412109108E-02
2.52274535475355E-02
2.51282165056187E-02
1.48466985254476E-02
0.014615860938982
1.35852929871659E-02
0.012579920512816
2.11375058141047E-02
2.07834638274396E-02
0.020677720672084
2.00729098613849E-02
1.99568854636279E-02
1.95952964347826E-02
1.94646818291383E-02
1.88699009702536E-02
1.85061491733162E-02
0.017923158731965
1.67058018603193E-02
1.63621831460578E-02
1.60180357299924E-02
1.54724543628794E-02
1.51317833113728E-02
1.47907031623482E-02
1.42616039203358E-02
1.37410609140733E-02
1.35866775794681E-02
1.35975171438102E-02
1.32506460243484E-02
1.27382371323205E-02
1.43274597988699E-02
0.013931534649215
1.39919869448974E-02
0.013435410380875
0.010883228302308
1.13786069958185E-02
1.11495999971827E-02
1.01328891816303E-02
1.02904994429887E-02
9.80823364573069E-03
6.88511007692316E-03
7.52531814104399E-03
5.72164193953083E-03
6.32026649352088E-03
6.05649316054012E-03
5.98409136975311E-03
4.89834391678775E-03
4.66901367512762E-03
4.44140323949559E-03
3.74728852535446E-03
3.54853784499537E-03
3.56134761568551E-03
3.55213720872965E-03
3.33625694419794E-03
2.83426416383235E-03
2.75219599817979E-03
2.70842497775241E-03
2.50682791002861E-03
2.35244458525972E-03
2.11736152369473E-03
1.96607063582631E-03
2.36441423004483E-03
2.04028400969586E-03
1.61381706398294E-03
1.31364575782289E-03
1.57627408465173E-03
1.36708050013632E-03
1.18589519424741E-03
1.01386804486152E-03
8.41845891892836E-04
6.85604598119258E-04
5.45804716682083E-04
3.85943127894566E-04
2.77665366096643E-04
2.20357728558885E-04
1.51509809562231E-04
9.80998335770701E-05
6.03792679403979E-05
3.28063680601469E-05
6.9219171405455E-06
2.82972261873107E-06
8.20862423007118E-07
1.66438549349956E-07
1.88097361645407E-08
8.84272221635187E-10
4.10909922214175E-12
8.94977675682248E-17
3.66302794278207E-30
0
0
0
0
0
0
0
0
0
0
0
0
0
0
0
0
0
0
0
0
0
0
0
0
0
0
0
0
0
0
0
0
0
0
0
0
0
0
0
0
0
0
0
0
0
0
0
0
0
0
0
0
0
0
0
0
0
0
0
0
0
0
0
0
0
0
0
0
0
0
0
0
0
0
0
0
0
0
0
0
0
0
0
0
0
0
0
0
0
0
0
0
0
0
0
0
0
0
0
0
0
0
0
0
0
0
0
0
0
0
0
0
0
0
0
0
0
0
0
0
0
0
0
0
0
0
0
0
0
0
0
0
0
0
0
0
0
0
0
0
0
0
0
0
0
0
0
0
0
0
0
0
0
0
0
0
0
0
0
0
0
0
0
0
0
0
0
0
0
0
0
0
0
0
0
0
0
0
0
0
0
0
0
0
0
0
0
0
0
0
0
0
0
0
0
0
0
0
0
0
0
0
0
0
0
0
0
0
0
0
0
0
0
0
0
0
0
0
0
0
0
0
0
0
0
0
0
0
0
0
0
0
0
0
0
0
0
0
0
0
0
0
0
0
0
0
0
0
0
0
0
0
0
0
0
0
0
0
0
0
0
0
0
0
0
0
0
0
0
0
0
0
0
0
0
0
0
0
0
0
0
0
0
0
0
0
0
0
0
0
0
0
0
0
0
0
0
0
0
0
0
0
0
0
0
0
0
0
0
0
0
0
0
0
0
0
0
0
0
0
0
0
0
0
0
0
0
0
0
0
0
0
0
0
0
0
0
0
0
0
0
""
