0
0
0
0
0
0
0
0
0
0
0
0
0
0
0
0
0
0
0
0
0
0
0
0
0
0
0
0
0
0
0
0
0
0
0
0
0
0
0
0
0
0
0
0
0
0
0
0
0
0
0
0
0
0
0
0
0
0
0
0
0
0
0
0
0
0
0
0
0
0
0
0
0
0
0
0
0
0
0
0
0
0
0
0
0
0
0
0
0
0
0
0
0
0
0
0
0
0
0
0
0
0
0
0
0
0
0
0
0
0
0
0
0
0
0
0
0
0
0
0
0
0
0
0
0
0
0
0
0
0
0
0
0
0
0
0
0
0
0
0
0
0
0
0
0
0
0
0
0
0
0
0
0
0
0
0
0
0
0
0
0
0
0
0
0
0
0
0
0
0
0
0
0
0
0
0
0
0
0
0
0
0
0
0
0
0
0
0
0
0
0
0
0
0
0
0
0
0
0
0
0
0
0
0
0
0
0
0
0
0
0
0
0
0
0
0
0
0
0
0
0
0
0
0
0
0
0
0
0
0
0
0
0
0
0
0
0
0
0
0
0
0
0
0
0
0
0
0
0
0
0
0
0
0
0
0
0
0
0
0
0
0
0
0
0
0
0
0
0
0
0
0
0
0
0
0
0
0
0
0
0
0
0
0
0
0
0
0
0
0
0
0
0
0
0
0
0
0
0
0
0
0
0
0
0
0
0
0
0
0
0
0
0
0
0
0
0
0
0
0
0
0
0
0
0
0
0
0
0
0
0
0
0
0
0
0
0
0
0
0
0
0
0
0
0
0
0
0
0
0
0
0
0
0
0
0
0
0
0
0
0
0
0
0
0
0
0
0
0
0
0
0
0
0
0
0
0
0
0
0
0
0
0
0
0
0
0
0
0
0
0
0
0
0
0
0
0
0
0
2.54439616777966E-32
1.03042808079527E-17
9.25553889132426E-13
2.82432579084692E-10
9.086032934767E-09
8.83966397326952E-08
4.43581224994251E-07
1.68929092860595E-06
4.45719790827305E-06
9.27059421749218E-06
1.51228989097642E-05
2.7052444297266E-05
4.02618233314182E-05
5.29390582091049E-05
7.53512138266852E-05
1.11100079701107E-04
1.7415021773513E-04
2.16264126515417E-04
3.02421494008954E-04
3.93317044282482E-04
4.802411386662E-04
4.76608748537309E-04
4.45679221130245E-04
5.21352208122314E-04
6.03184239106723E-04
6.91048064392399E-04
7.84799323894185E-04
8.84281031041687E-04
9.89327292786482E-04
1.09976636877792E-03
1.21542316579713E-03
1.33612125411466E-03
1.75402137864937E-03
2.01645512448878E-03
2.30228072099372E-03
2.48777684032462E-03
2.5449103251154E-03
2.73153042094517E-03
2.92305091714729E-03
2.95510791018344E-03
3.1452957629356E-03
3.71066717686803E-03
4.12750189405242E-03
4.57100526268358E-03
4.60321506798169E-03
4.84728022097773E-03
4.85263265153408E-03
5.09239058688972E-03
5.33558733844959E-03
5.58208472307657E-03
5.54016249157004E-03
5.78023283917376E-03
6.65708306452175E-03
6.92842791258267E-03
7.54557490222822E-03
7.47946792247724E-03
7.38946606461153E-03
7.27510286833919E-03
7.53237628408644E-03
8.20181561729841E-03
8.05306370441096E-03
7.87861067405735E-03
7.67808485762679E-03
7.91682943153176E-03
7.67725045386697E-03
7.90472429809719E-03
8.64184176145542E-03
8.88623680923524E-03
1.02062393838225E-02
1.10338496264714E-02
1.07593710929183E-02
1.10378246148331E-02
1.07218070725543E-02
9.76693343856319E-03
1.00042819608014E-02
1.15228115154409E-02
1.17917377465172E-02
1.20615520513007E-02
1.23322119713395E-02
1.26036763773719E-02
1.35912334905214E-02
1.31488604355873E-02
1.34225039737074E-02
1.44577329834816E-02
0.016300330936964
1.58302304437134E-02
1.61369465444601E-02
1.64442370709889E-02
0.015914463738993
1.79134227778608E-02
0.01823767121773
1.94463049562857E-02
1.88875222655873E-02
1.92130599916585E-02
2.04693908520935E-02
2.08111659717426E-02
2.21147738319496E-02
0.022472723369203
1.98529963421756E-02
0.020164705189493
2.15004295163619E-02
2.28675198463393E-02
2.42659721855133E-02
2.35544634637062E-02
2.38980948356684E-02
1.65284992823249E-02
1.67628758594459E-02
1.58641176678487E-02
0.018380439966862
1.97948462249676E-02
1.77003885161837E-02
1.91303366421328E-02
2.05914565953553E-02
2.08568456658933E-02
1.98796553606861E-02
2.13873052946318E-02
2.16523446200873E-02
2.19172366175126E-02
2.74012525943125E-02
2.90484367329897E-02
2.93905518439599E-02
2.83809284267898E-02
3.55419608516376E-02
3.17977417021042E-02
3.21541848529147E-02
3.10967866803594E-02
0.031437044004593
0.033221338289736
3.06565972835389E-02
2.95050335708193E-02
2.83222822620519E-02
3.01204305998521E-02
0.031948901665648
3.07341994072246E-02
3.10404391565989E-02
2.82116082251943E-02
2.69038284888564E-02
2.55651367580666E-02
2.58086341517953E-02
2.93081990388222E-02
3.12246259237862E-02
3.15123222603205E-02
3.34731682853977E-02
0.033774923629281
3.91875377906123E-02
3.95332570365995E-02
3.81444673127314E-02
4.19714857836725E-02
2.99838206625991E-02
3.02373155072142E-02
2.69031861963303E-02
2.53175160352181E-02
2.37017280949417E-02
2.38939060421198E-02
2.77911335814003E-02
2.80118660605765E-02
2.25856651087872E-02
2.08646328020615E-02
2.10253489880195E-02
2.31116394396151E-02
2.52266051028915E-02
2.34601112960047E-02
2.16642034984603E-02
2.77745849390555E-02
0.023979437323545
2.41516216861587E-02
2.43233346775458E-02
2.24533566135919E-02
2.26098810794389E-02
1.86266934187144E-02
2.08378039956606E-02
1.88809802133103E-02
2.11195104202293E-02
2.12597302612075E-02
1.71196177458411E-02
1.72311055826414E-02
1.73422443859448E-02
1.52714019959859E-02
1.53680289953749E-02
1.76735337110412E-02
1.55603381878054E-02
1.78925883183288E-02
1.57513690049692E-02
1.58463981267174E-02
1.59410994270425E-02
1.83262516714233E-02
1.61295078125764E-02
1.62232095794041E-02
2.09784508552227E-02
1.87538230090913E-02
1.88597414104836E-02
1.42239481118878E-02
1.43027912422626E-02
1.43813332902167E-02
1.44595721146125E-02
1.69604231903447E-02
1.70509868841934E-02
1.71411894441323E-02
1.72310284519529E-02
1.73205015088048E-02
1.74096062349751E-02
1.99981031653418E-02
1.75867012708268E-02
1.51497316413187E-02
1.52248241970562E-02
1.52995910818219E-02
1.53740303506115E-02
1.54481400736481E-02
1.55219183362337E-02
1.55953632386054E-02
1.56684728957953E-02
1.57412454374952E-02
2.10849053439001E-02
2.11810290209403E-02
2.12766958449769E-02
2.13719033987479E-02
2.14666492837113E-02
2.15609311198941E-02
2.16547465457462E-02
2.17480932179984E-02
2.18409688115246E-02
2.19333710192082E-02
1.92721353578356E-02
1.93521528706218E-02
0.019431750208046
1.67236503542681E-02
1.67911513241574E-02
1.40485726258662E-02
1.41042134971325E-02
1.41595473626386E-02
1.70574874540403E-02
1.42692887108459E-02
1.43236935370893E-02
1.43777860445389E-02
1.44315649310077E-02
1.73820346855501E-02
1.74458120205409E-02
1.75092083965077E-02
1.75722222999711E-02
0.020573994267853
1.76970966960962E-02
2.07187799259672E-02
2.07904938999422E-02
1.78815026044022E-02
1.79421905655688E-02
1.80024857966576E-02
1.80623868797951E-02
2.11422078103111E-02
2.12111678208853E-02
2.12796631115356E-02
2.13476920825171E-02
2.14152531475746E-02
1.84134383433401E-02
1.84705416703483E-02
1.54393666043216E-02
1.54862764950656E-02
1.55328466455272E-02
1.86948911757998E-02
1.87499561178476E-02
1.88046095323265E-02
1.88588501620404E-02
1.89126767610176E-02
2.21271027768958E-02
2.21889300952978E-02
2.54288801087815E-02
2.54984244285494E-02
2.23714825460553E-02
2.56358311230711E-02
0.025703690368047
2.57709848161613E-02
2.26079988218449E-02
2.26658890708198E-02
2.92156471922384E-02
2.27801737591575E-02
2.28365656136925E-02
2.28924554397997E-02
1.96695788373032E-02
1.97166205516353E-02
1.97632287468644E-02
2.31109694375093E-02
2.64735205318711E-02
2.65339223895901E-02
2.65937407190779E-02
2.66529741806134E-02
0.026711621448827
2.67696812126829E-02
2.68271521754625E-02
3.02445371865928E-02
2.35727822596105E-02
2.36215170665177E-02
2.70511225816858E-02
2.71056305883354E-02
2.71595423134116E-02
2.38112494900026E-02
2.04491791090525E-02
2.04882659258248E-02
1.71057516704759E-02
2.05650864901716E-02
2.06028185381274E-02
2.40801135336443E-02
2.41230756621937E-02
2.41655070653352E-02
2.42074068072979E-02
2.42487739646614E-02
2.42896076263479E-02
2.08542059088135E-02
2.08882893257597E-02
2.09219131813464E-02
2.09550767369123E-02
1.74898160536238E-02
1.75166833717456E-02
0.017543165312611
2.10831135549861E-02
2.11139648997101E-02
2.11443517338931E-02
2.11742733926505E-02
2.47376840918912E-02
2.47715050064581E-02
2.12612408253559E-02
1.77410794533223E-02
1.77640679337984E-02
1.77866656277327E-02
1.78088720423877E-02
1.78306866937786E-02
0.017852109106671
0.017873138814579
1.78937753597638E-02
1.79140182932314E-02
0.021520640609678
1.79533215727561E-02
1.43779048516295E-02
1.43928361888365E-02
1.44074509455933E-02
1.08163116034924E-02
1.44357294557716E-02
1.44493925956713E-02
1.44627379280753E-02
1.44757651636894E-02
1.81105925252554E-02
0.01812608027787
0.01814116937703
1.81558594960393E-02
1.81701503169307E-02
1.81840415304647E-02
1.81975328361293E-02
1.45684991537116E-02
1.45786516523492E-02
1.45884835453501E-02
1.45979946202283E-02
1.46071846714781E-02
1.46160535005734E-02
1.46246009159675E-02
0.014632826733093
0.018300913467952
1.46483128691637E-02
0.014655572853868
1.46625105718221E-02
1.46691258733514E-02
1.46754186157597E-02
1.46813886633286E-02
1.83587948591468E-02
1.83654502074542E-02
1.83717017306017E-02
1.47020394350635E-02
1.47063942168797E-02
0.014710425636077
1.47141336057799E-02
1.47175180460901E-02
2.57610130471515E-02
2.94466321076505E-02
2.94514589926789E-02
2.94556383192789E-02
0.029459169997425
2.94620539510462E-02
3.31473263827784E-02
3.31491132564739E-02
0.033150171277528
3.31505004231537E-02
0.033150100686262
3.31489720754621E-02
3.68301273500686E-02
3.68272537167404E-02
4.05059273925534E-02
4.05009850847615E-02
4.41765297507218E-02
4.41691953582511E-02
0.03680074150027
3.67930110465568E-02
3.31060244435568E-02
3.30976110208029E-02
2.57354765538353E-02
2.94032010159393E-02
2.93937823088837E-02
2.57107526254499E-02
2.93730061649403E-02
2.93616491759412E-02
2.20122349230815E-02
2.20027489412063E-02
2.19927791409218E-02
0.021982325737286
3.29570834337367E-02
3.29399535487948E-02
3.29220993207938E-02
3.29035211351262E-02
3.65380215476519E-02
3.65157716787475E-02
4.01419906819371E-02
4.74095224391071E-02
5.10218884462172E-02
0.050986246065453
5.45887311522668E-02
5.45481410047885E-02
5.08725944718785E-02
4.72015810080379E-02
4.71632861961558E-02
5.07488736646271E-02
5.07053999013042E-02
4.70421815869175E-02
3.97690132289916E-02
3.61202080788922E-02
3.24773759880225E-02
3.24458503702049E-02
0.028812098756821
2.87828078944666E-02
3.23469944250787E-02
3.23126184638813E-02
3.22775317444578E-02
3.58241500325708E-02
2.50485115196461E-02
2.50195670204316E-02
2.49900721549331E-02
0.024960027565171
2.84907816061845E-02
2.84551906767645E-02
2.84189737762388E-02
0.021286598770758
2.48015820804709E-02
2.12299314115756E-02
2.12008968509588E-02
2.11713958786097E-02
1.76178576161564E-02
1.75924977405608E-02
1.75667508269748E-02
1.40324939512732E-02
1.40112785195042E-02
1.39897548312721E-02
1.74599041982529E-02
1.74322307256869E-02
1.74041737290009E-02
2.08508805895176E-02
2.42856762927513E-02
2.07812493626996E-02
0.020745747553344
2.41614208722793E-02
0.0241189380279
2.40759245493972E-02
2.05991840452256E-02
2.05614081425911E-02
2.39437098642422E-02
0.023898583466203
2.38529313044121E-02
2.38067543901103E-02
2.37600537469487E-02
2.37128304109986E-02
0.020284358940653
2.02429884575843E-02
2.02011726802745E-02
1.67990937828839E-02
2.01162089765733E-02
2.34185734343725E-02
2.00294754038352E-02
1.66545394420113E-02
1.99409797078004E-02
0.019896073531065
2.31591847737145E-02
1.98049495493403E-02
1.97587337883666E-02
2.29974308215514E-02
2.62199998896813E-02
2.94262258740418E-02
3.26158943805846E-02
3.57887917490018E-02
0.032453920884848
3.23718631949992E-02
3.55180034153882E-02
3.54261767389469E-02
3.53335715682173E-02
3.52401900063745E-02
3.51460341767645E-02
3.18646420208589E-02
3.17776439170229E-02
0.031689947834737
3.47617113558454E-02
3.46637167464584E-02
3.14226918502823E-02
3.44654464881434E-02
3.43651753912292E-02
3.11492273194756E-02
3.41623727962169E-02
3.40598459737939E-02
3.70435330397309E-02
4.00075627827151E-02
4.29517351411927E-02
3.97590708309071E-02
0.039633515994855
3.03900711345169E-02
0.027262940690273
2.71742200625593E-02
3.00943380153684E-02
2.99944391527438E-02
2.69044952443884E-02
2.97926737367856E-02
2.96908119331269E-02
2.95883005982671E-02
0.032433656372003
3.23194729566079E-02
3.22045831223081E-02
0.032088989601559
3.19726951489732E-02
2.89597295831121E-02
3.17380145781492E-02
3.73686584592078E-02
3.72279391473224E-02
3.70864081359027E-02
3.97859202894673E-02
3.96317650644143E-02
3.66569791929304E-02
0.033703602284408
2.79743831330076E-02
2.78618227229228E-02
0.024973791084814
2.21079104181813E-02
2.75205193059255E-02
3.01461087729371E-02
3.00189925599023E-02
2.98912257474879E-02
3.24685216476759E-02
2.96337530480037E-02
2.68218668952832E-02
2.67033785185174E-02
2.92427446796031E-02
2.91111418129926E-02
2.89789110967768E-02
3.14684245998217E-02
2.87125795505813E-02
2.59804413671308E-02
2.58579792494982E-02
3.08819542044918E-02
3.07336707582453E-02
3.31334559757092E-02
3.55076534996551E-02
3.78561044821646E-02
3.51563199872779E-02
3.24809879879148E-02
3.23161293450836E-02
2.96774609522994E-02
2.95240176326287E-02
3.18174429790448E-02
2.92152542657418E-02
3.63249281034661E-02
0.038538688264954
3.83299728399189E-02
0.04050297745527
4.02795062914496E-02
3.76990011974978E-02
3.98300310700027E-02
4.19336887847591E-02
4.16935271236633E-02
0.036846662925542
3.66316458173251E-02
3.86918594646502E-02
3.61993347769199E-02
3.59820531153545E-02
3.57640289616284E-02
3.55452685847505E-02
0.035325778308683
0.039493760077352
3.70649232369583E-02
3.68294291779964E-02
3.44406466640874E-02
3.42176037366708E-02
3.61184869366561E-02
3.37694523625095E-02
3.56408797875728E-02
3.54010041834724E-02
0.03516042368145
3.90272804997904E-02
0.034677177770523
3.84856483100231E-02
3.62024495493777E-02
3.59441049648033E-02
3.56850623782895E-02
4.13295518213382E-02
4.29793425788992E-02
4.84775423077132E-02
0.046189440205398
4.58395659021444E-02
4.73841973128843E-02
4.88986794840137E-02
5.22489536473988E-02
5.55394574440081E-02
5.69334381006158E-02
5.82968444183105E-02
5.42087212678746E-02
7.70605584002304E-02
7.46433585535312E-02
7.22546425778151E-02
7.16418893169536E-02
7.10278986126667E-02
6.35431623420613E-02
6.46892508056171E-02
6.41168741869768E-02
6.68878287612794E-02
8.45109760792062E-02
7.38870069896836E-02
0.104112825713957
0.109586543321013
0.134093050902195
0.132812452247615
0.129964038127823
0.122492658297338
0.121282842852467
0.118551427103463
0.117353601284955
0.113175880317922
7.66355042321602E-02
6.27088000002373E-02
7.21455252306955E-02
6.28082127439671E-02
5.93036452494065E-02
0.058653326564526
5.93833788280773E-02
6.00817991032858E-02
6.34485165809147E-02
6.67214312300176E-02
7.12193478340905E-02
6.51656915602615E-02
6.05238048997582E-02
5.97914151741139E-02
6.40848878759318E-02
6.20483701074045E-02
5.88173568389307E-02
5.92777477471177E-02
6.09008038615443E-02
7.30678017815181E-02
7.09362600049506E-02
6.99831127638797E-02
7.01615476089028E-02
5.24525508104837E-02
4.84170182458234E-02
4.66448578131379E-02
4.91806657563456E-02
4.42482700241832E-02
4.35926944534911E-02
5.11159638327102E-02
5.03362701168333E-02
4.55924825827937E-02
5.26806249641082E-02
4.32002396460386E-02
4.15561018843038E-02
4.45883095227669E-02
0.043843464101738
4.39973681828066E-02
6.08872916643396E-02
3.81464231121695E-02
3.66156169987172E-02
3.84611324101299E-02
0.045960466184943
4.26841217943745E-02
4.42415601468978E-02
4.57088119134549E-02
0.04480790048292
3.72110356462561E-02
3.35350078312733E-02
3.35514931090512E-02
3.21421200116629E-02
3.28159014755158E-02
3.94493116344721E-02
4.31407277984812E-02
5.10969560886524E-02
5.05301105169383E-02
4.93289705942429E-02
4.93209154322805E-02
2.31806400987034E-02
4.80136733219491E-02
4.62237730311858E-02
4.50044946998345E-02
0.043791231650404
3.95425209296265E-02
3.84278504087528E-02
3.77979994732163E-02
4.64331792985528E-02
4.50296767622223E-02
4.36354462369674E-02
4.22508873333111E-02
4.08764150806039E-02
3.95124606600976E-02
3.81594721708275E-02
3.68179154286715E-02
3.54882747986428E-02
3.41710540601169E-02
3.28667773042354E-02
3.15759898621428E-02
3.02992592620055E-02
2.90371762118637E-02
2.72345484922054E-02
2.62938431621067E-02
2.45847356953794E-02
2.29406015489227E-02
2.18204543157888E-02
2.00638498661574E-02
2.06676825823428E-02
1.95471621558569E-02
1.84478156109735E-02
1.73705199472034E-02
1.63161852306606E-02
1.52857548678004E-02
1.42802055962111E-02
1.33005471166244E-02
1.23478212740818E-02
1.14231006768394E-02
1.05274866184719E-02
9.66210614117839E-03
8.82810804586149E-03
8.02665761646578E-03
7.25892978179721E-03
6.52610038715544E-03
5.82933519062911E-03
5.16977613539757E-03
4.5485243819099E-03
3.96661951561832E-03
3.4250142842975E-03
2.9245441747244E-03
2.46589113031894E-03
1.88557750660083E-03
8.21108983124008E-04
6.45313562225749E-04
5.06458935007195E-04
4.03513087713971E-04
1.73635337657972E-04
1.24215041878141E-04
6.91690864632951E-05
4.47711612645396E-05
3.35377045690161E-05
1.95575480020614E-05
1.02318970452717E-05
4.63046560574397E-06
1.71593335670422E-06
4.7754893891643E-07
8.96743374698333E-08
7.80477299000082E-09
1.99710914053972E-10
4.65639454579656E-13
1.81196643460663E-18
1.46230242507028E-35
0
0
0
0
0
0
0
0
0
0
0
0
0
0
0
0
0
0
0
0
0
0
0
0
0
0
0
0
0
0
0
0
0
0
0
0
0
0
0
0
0
0
0
0
0
0
0
0
0
0
0
0
0
0
0
0
0
0
0
0
0
0
0
0
0
0
0
0
0
0
0
0
0
0
0
0
0
0
0
0
0
0
0
0
0
0
0
0
0
0
0
0
0
0
0
0
0
0
0
0
0
0
0
0
0
0
0
0
0
0
0
0
0
0
0
0
0
0
0
0
0
0
0
0
0
0
0
0
0
0
0
0
0
0
0
0
0
0
0
0
0
0
0
0
0
0
0
0
0
0
0
0
0
0
0
0
0
0
0
0
0
0
0
0
0
0
0
0
0
0
0
0
0
0
0
0
0
0
0
0
0
0
0
0
0
0
0
0
0
0
0
0
0
0
0
0
0
0
0
0
0
0
0
0
0
0
0
0
0
0
0
0
0
0
0
0
0
0
0
0
0
0
0
0
0
0
0
0
0
0
0
0
0
0
0
0
0
0
0
0
0
0
0
0
0
0
0
0
0
0
0
0
0
0
0
0
0
0
0
0
0
0
0
0
0
0
0
0
0
0
0
0
0
0
0
0
0
0
0
0
0
0
0
0
0
0
""
