0
0
0
0
0
0
0
0
0
0
0
0
0
0
0
0
0
0
0
0
0
0
0
0
0
0
0
0
0
0
0
0
0
0
0
0
0
0
0
0
0
0
0
0
0
0
0
0
0
0
0
0
0
0
0
0
0
0
0
0
0
0
0
0
0
0
0
0
0
0
0
0
0
0
0
0
0
0
0
0
0
0
0
0
0
0
0
0
0
0
0
0
0
0
0
0
0
0
0
0
0
0
0
0
0
0
0
0
0
0
0
0
0
0
0
0
0
0
0
0
0
0
0
0
0
0
0
0
0
0
0
0
0
0
0
0
0
0
0
0
0
0
0
0
0
0
0
0
0
0
0
0
0
0
0
0
0
0
0
0
0
0
0
0
0
0
0
0
0
0
0
0
0
0
0
0
0
0
0
0
0
0
0
0
0
0
0
0
0
0
0
0
0
0
0
0
0
0
0
0
0
0
0
0
0
0
0
0
0
0
0
0
0
0
0
0
0
0
0
0
0
0
0
0
0
0
0
0
0
0
0
0
0
0
0
0
0
0
0
0
0
0
0
0
0
0
0
0
0
0
0
0
0
0
0
0
0
0
0
0
0
0
0
0
0
0
0
0
0
0
0
0
0
0
0
0
0
0
0
0
0
0
0
0
0
0
0
0
0
0
0
0
0
0
0
0
0
0
0
0
0
0
0
0
0
0
0
0
0
0
0
0
0
0
0
0
0
0
0
0
0
0
0
0
0
0
0
0
0
0
0
0
0
0
0
0
0
0
0
0
0
0
0
0
0
0
0
0
0
0
0
0
0
0
0
0
0
0
0
0
0
0
0
0
0
0
0
0
0
0
0
0
0
0
0
0
0
0
0
0
0
0
0
0
0
0
0
0
0
0
0
0
0
0
0
0
0
0
0
0
0
0
0
0
0
0
0
0
0
0
0
0
0
0
0
0
0
0
0
0
0
0
0
0
0
0
0
0
0
0
0
0
0
0
0
0
0
0
0
0
0
0
0
0
0
0
0
0
0
0
0
0
0
0
0
0
0
0
0
0
0
0
0
0
0
0
0
0
0
0
0
0
0
0
0
0
0
0
0
0
0
0
0
0
0
5.53725870987294E-65
1.79830268886435E-22
2.16194452817077E-14
6.11101263558643E-11
4.39726996573728E-09
6.7097070558467E-08
4.46199094814987E-07
1.88498628996636E-06
4.89486996595624E-06
1.18674443359212E-05
2.29226187465833E-05
4.06014980423062E-05
6.34888476098002E-05
1.02307715814872E-04
1.36428455152294E-04
1.98722097432742E-04
2.52558720283102E-04
3.43141602734957E-04
3.99396619403685E-04
5.01408664774733E-04
6.55872079431439E-04
7.69860168429054E-04
9.17480028942983E-04
1.01945858826584E-03
1.11988112251031E-03
1.17958895364115E-03
1.22709697678246E-03
1.35451016017584E-03
1.58772989501563E-03
1.78654139577526E-03
1.99753735364819E-03
2.15527457935894E-03
2.45554159474876E-03
2.62718570958431E-03
6.00109728768173E-03
6.37549509671566E-03
8.91305195751114E-03
9.41296582256818E-03
1.00149291235017E-02
1.05231678978848E-02
1.10322524719816E-02
1.15417214409998E-02
0.012051157910983
1.25601855880584E-02
1.30684651694742E-02
1.35756910238381E-02
1.39407722638978E-02
1.41483320844025E-02
1.44848954917639E-02
1.51212907576115E-02
0.015604692165571
1.59199963601888E-02
1.62230280465082E-02
1.66894207497802E-02
1.13753028396685E-02
0.011681111528927
1.44582059366672E-02
1.48226475969052E-02
1.55843722112785E-02
1.57490701531616E-02
1.61111354468022E-02
1.62568284882492E-02
1.66092934370171E-02
1.71824183942378E-02
1.77621782411827E-02
1.76516792995567E-02
0.017520552310519
1.76102232920668E-02
1.79342000049532E-02
1.82557123999413E-02
2.13736926143371E-02
0.021737969751858
2.18363160398422E-02
0.022457997193366
0.02362852839901
2.39940525167575E-02
2.32368005609267E-02
2.18753606246531E-02
2.88196213863241E-02
2.92263413127219E-02
2.96297295462772E-02
3.00297973482933E-02
3.04265566279054E-02
3.08200198520779E-02
3.12101999639678E-02
3.15971103089134E-02
3.19807645673727E-02
3.23611766941991E-02
3.27383608636947E-02
3.31123314199329E-02
0.033483102831887
3.38506896529425E-02
3.42151064844076E-02
3.45763679426727E-02
3.45851437433995E-02
3.52894831065282E-02
3.56413658695998E-02
3.59901513295435E-02
3.52457781785442E-02
3.66784874424092E-02
3.70180663280133E-02
3.73546043478773E-02
3.76881152397984E-02
3.80186125705461E-02
3.83461097271099E-02
3.86706199091495E-02
3.89921561225391E-02
3.93107311739067E-02
3.96263576660781E-02
0.039939047994343
4.02488143434657E-02
4.05556686853736E-02
4.08596227774576E-02
4.11606881614268E-02
4.14588761626657E-02
4.17541978900429E-02
4.20466642361278E-02
4.23362858777754E-02
4.26230732770397E-02
0.042907036682383
4.31881861301495E-02
4.34665314462745E-02
4.37420822482028E-02
4.40148479469918E-02
4.42848377495802E-02
4.45520606611974E-02
4.48165254879003E-02
4.50782408392174E-02
4.44304708282688E-02
3.64747652701374E-02
0.036677578596998
3.64172406369279E-02
3.47593975445204E-02
3.68070891116984E-02
3.69988175094777E-02
3.71884229150018E-02
3.50103468585054E-02
4.75459324633986E-02
4.77779184719865E-02
4.80072440439324E-02
4.82339155012036E-02
4.74887802309086E-02
0.048679320589434
4.88980661032209E-02
4.91141812739664E-02
4.93276716804572E-02
4.95385427617079E-02
4.97467998198428E-02
4.99524480229421E-02
5.01554924078518E-02
5.03559378829542E-02
4.24651829539548E-02
4.26292029334847E-02
4.22816342925756E-02
4.24394143420373E-02
4.20818626973695E-02
4.22335202518507E-02
4.23830721086609E-02
4.25305215276641E-02
4.47576215204384E-02
4.43856790392517E-02
4.45320042689918E-02
4.36249589524153E-02
4.32363402060409E-02
4.86604142035503E-02
4.88094279568921E-02
4.84239772032911E-02
4.16286505763511E-02
0.041749061874083
4.24042652091513E-02
4.25222303364123E-02
4.31779279300196E-02
4.32933547571027E-02
4.39493536059404E-02
5.43977158436989E-02
5.45344597231041E-02
5.46686952798302E-02
5.48004248435784E-02
5.49296506756083E-02
5.50563749702693E-02
5.51805998564934E-02
5.53023273992501E-02
5.54215596009638E-02
0.055538298402895
0.055652545686484
5.57643032746592E-02
5.58735729331104E-02
5.59803563715259E-02
5.60846552447966E-02
5.61864711541847E-02
5.62858056484594E-02
5.63826602250002E-02
5.59122659675568E-02
5.37404885956396E-02
5.38254407397261E-02
5.44754952592854E-02
5.39882941205094E-02
5.34970798295933E-02
5.41417540300363E-02
0.051932228842526
0.053142969602717
0.053210047873902
5.38476799076363E-02
5.33373236164877E-02
5.33975228274833E-02
5.63293785837495E-02
5.35110480034493E-02
5.35643754910327E-02
0.054191923695077
5.42411978302031E-02
5.42881595711989E-02
2.65883961542131E-02
2.31383609768303E-02
0.026049818493681
3.30193082999856E-02
2.72441513607579E-02
2.78407158426076E-02
3.30795208156651E-02
3.89032465074484E-02
3.95028263326468E-02
3.95200912945851E-02
3.89542799180438E-02
4.07128378257342E-02
4.24708330581244E-02
4.19002530777429E-02
4.48200944040632E-02
4.54104925079574E-02
4.54168978052225E-02
4.89153425639618E-02
4.89181190822014E-02
4.71717336708643E-02
4.48410325733829E-02
5.29902582645036E-02
5.29843364818973E-02
5.23940263172771E-02
5.29657952130421E-02
5.29531754958439E-02
5.29383228561841E-02
3.37300192559319E-02
3.54617252786991E-02
3.37039691589926E-02
5.63416280957268E-02
0.051669447158373
5.16418130800215E-02
0.05799100370358
5.79550420533756E-02
5.79166236689497E-02
5.78757480579773E-02
5.78324146945454E-02
0.057786623018753
5.77383724362861E-02
5.76876623179667E-02
5.76344919992771E-02
5.75788607798572E-02
5.75207679229776E-02
5.74602126549844E-02
5.73971941647194E-02
5.73317116029123E-02
5.72637640815463E-02
5.71933506731967E-02
5.71204704103413E-02
5.70451222846433E-02
5.69673052462059E-02
5.68870182027985E-02
5.68042600190536E-02
0.056719029515635
5.66313254683758E-02
5.65411466073869E-02
5.64484916161352E-02
5.63533591304906E-02
5.45680753056098E-02
5.44709862963154E-02
5.60530823310622E-02
5.59480252395062E-02
0.055840483083405
5.57304541912669E-02
5.56179368364388E-02
5.55029292358922E-02
0.055385429548975
5.52654358761278E-02
5.51429462575647E-02
5.50179586719178E-02
5.48904710348458E-02
5.47604811976048E-02
5.46279869455815E-02
5.44929859967894E-02
5.43554760003252E-02
5.42154545347867E-02
5.40729191066515E-02
5.39278671486151E-02
5.37802960178892E-02
0.053630202994458
5.34775852792947E-02
5.33224399925348E-02
5.31647641716074E-02
5.30045547693247E-02
5.28418086519272E-02
5.26765225970865E-02
5.25086932918639E-02
5.23383173306247E-02
5.21653912129092E-02
5.09501131144326E-02
5.12937552788025E-02
5.11149626934735E-02
5.09336306089264E-02
5.12623788456027E-02
0.051074072689558
5.08831890304299E-02
0.050689723527121
5.04936717225288E-02
5.02950290409706E-02
0.050093790785565
4.88921530928596E-02
2.53385891532795E-02
2.47372268666499E-02
2.46313918478589E-02
2.45242463436671E-02
2.44157876133887E-02
0.022847652075248
0.027098309457766
2.98623044583518E-02
2.87625157504148E-02
2.95785813552325E-02
3.94039096310607E-02
4.01532533814426E-02
3.61907528424181E-02
0.036940519557592
4.18649719198284E-02
4.21060848454883E-02
4.00387104750455E-02
3.98197939295878E-02
4.05088221832515E-02
4.02800256392262E-02
3.91488217420392E-02
3.93677609410847E-02
4.44707861938175E-02
4.42027196572107E-02
4.39318835021081E-02
4.36582686619739E-02
4.33818658678136E-02
0.043102665645805
4.23924517319277E-02
3.95583256066711E-02
3.97132916032534E-02
3.81815012802114E-02
3.70812776692659E-02
3.72313453191836E-02
3.44980409406957E-02
3.42444063640906E-02
2.54912567494499E-02
9.63709688451729E-03
9.5625390635383E-03
9.88258187534394E-03
1.09798646475709E-02
1.08904109271685E-02
1.08001269928473E-02
1.22388677046582E-02
1.21337760171117E-02
0.011275990286697
1.08031382438567E-02
1.14435681876518E-02
1.13380101362205E-02
1.12315037832271E-02
1.11240447603809E-02
1.24370000982835E-02
1.23135092298944E-02
1.21889277158323E-02
1.20632504746173E-02
1.22775144732913E-02
1.24833648720605E-02
1.33481066549116E-02
1.25394376973334E-02
1.20707210122806E-02
1.41879770313177E-02
2.51725616433943E-02
2.48686907657382E-02
2.45622442557443E-02
2.60952274356327E-02
2.42446396869545E-02
2.39264253848679E-02
2.33104917899031E-02
2.44461399776695E-02
0.023816691109666
2.37583284019141E-02
1.61641855236756E-02
1.67454049358056E-02
2.27054616008876E-02
2.20827835119943E-02
0.021727602700772
2.18845441919355E-02
2.12619341165136E-02
2.08939474491763E-02
2.05231218574959E-02
2.01494624004803E-02
2.04791542829063E-02
1.98554286104941E-02
1.94642256691688E-02
1.88484235563797E-02
1.84561501642637E-02
1.69986840051315E-02
1.66242892761316E-02
1.72628010363448E-02
1.58678799514939E-02
1.50987971571943E-02
0.015667898847703
1.52666744466123E-02
0.015221208540839
1.61989626908684E-02
1.26948696525987E-02
1.23241356963186E-02
1.22702846947433E-02
1.54364011588264E-02
1.49352451408759E-02
0.014432150837974
0.013927323942438
1.34209937968107E-02
1.29134157858206E-02
1.24048739562388E-02
1.18956838820489E-02
1.13861957921282E-02
1.08767979767683E-02
0.010367920487579
9.86003914227822E-03
9.35367984113003E-03
8.84942319475044E-03
8.34790945290674E-03
7.84984370976995E-03
7.35600134157197E-03
6.86723360608852E-03
6.38447329770811E-03
5.90874030435184E-03
5.4411468498129E-03
4.98290212300343E-03
4.53531588907445E-03
4.09980054044216E-03
3.67787087167943E-03
3.27114064398033E-03
2.88131473611373E-03
2.5101753557897E-03
1.46850107935762E-03
1.22699225827758E-03
1.35932406126987E-03
1.11189145466549E-03
9.98888116932349E-04
7.77382582455772E-04
5.8574919860853E-04
4.24404053504657E-04
2.9306816404645E-04
1.90606321662434E-04
1.14895218016561E-04
6.2767012907644E-05
2.46752846425059E-05
9.89560989250256E-06
3.11819904476143E-06
6.10039856176662E-07
7.8514546779381E-08
3.24529169553137E-09
1.87349007400219E-11
4.72353362118527E-16
1.0438467313018E-27
1.38267930541632E-179
0
0
0
0
0
0
0
0
0
0
0
0
0
0
0
0
0
0
0
0
0
0
0
0
0
0
0
0
0
0
0
0
0
0
0
0
0
0
0
0
0
0
0
0
0
0
0
0
0
0
0
0
0
0
0
0
0
0
0
0
0
0
0
0
0
0
0
0
0
0
0
0
0
0
0
0
0
0
0
0
0
0
0
0
0
0
0
0
0
0
0
0
0
0
0
0
0
0
0
0
0
0
0
0
0
0
0
0
0
0
0
0
0
0
0
0
0
0
0
0
0
0
0
0
0
0
0
0
0
0
0
0
0
0
0
0
0
0
0
0
0
0
0
0
0
0
0
0
0
0
0
0
0
0
0
0
0
0
0
0
0
0
0
0
0
0
0
0
0
0
0
0
0
0
0
0
0
0
0
0
0
0
0
0
0
0
0
0
0
0
0
0
0
0
0
0
0
0
0
0
0
0
0
0
0
0
0
0
0
0
0
0
0
0
0
0
0
0
0
0
0
0
0
0
0
0
0
0
0
0
0
0
0
0
0
0
0
0
0
0
0
0
0
0
0
0
0
0
0
0
0
0
0
0
0
0
0
0
0
0
0
0
0
0
0
0
0
0
0
0
0
0
0
0
0
0
0
0
0
0
0
0
0
0
0
0
0
0
0
0
0
0
0
0
0
0
0
0
0
0
0
0
0
0
0
0
0
0
0
0
0
0
0
0
0
0
0
0
0
0
0
0
0
0
0
0
0
0
0
0
0
0
0
0
0
0
0
0
0
0
0
0
0
0
0
0
0
0
0
0
0
0
0
0
0
0
0
0
0
0
0
0
0
0
0
0
0
0
0
0
0
0
0
0
0
0
0
0
0
0
0
0
0
0
0
0
0
0
0
0
0
0
0
0
0
0
0
0
0
0
0
0
0
0
0
0
0
0
0
0
0
0
0
0
0
0
0
0
0
0
0
0
0
0
0
0
0
0
0
0
0
0
0
0
0
0
0
0
0
0
0
0
0
0
0
0
0
0
0
0
0
0
0
0
0
0
0
0
0
0
0
0
0
0
0
0
0
0
0
0
0
0
0
0
0
0
0
0
0
0
0
0
0
0
0
0
0
0
0
0
0
0
0
0
""
