0
0
0
0
0
0
0
0
0
0
0
0
0
0
0
0
0
0
0
0
0
0
0
0
0
0
0
0
0
0
0
0
0
0
0
0
0
0
0
0
0
0
0
0
0
0
0
0
0
0
0
0
0
0
0
0
0
0
0
0
0
0
0
0
0
0
0
0
0
0
0
0
0
0
0
0
0
0
0
0
0
0
0
0
0
0
0
0
0
0
0
0
0
0
0
0
0
0
0
0
0
0
0
0
0
0
0
0
0
0
0
0
0
0
0
0
0
0
0
0
0
0
0
0
0
0
0
0
0
0
0
0
0
0
0
0
0
0
0
0
0
0
0
0
0
0
0
0
0
0
0
0
0
0
0
0
0
0
0
0
0
0
0
0
0
0
0
0
0
0
0
0
0
0
0
0
0
0
0
0
0
0
0
0
0
0
0
0
0
0
0
0
0
0
0
0
0
0
0
0
0
0
0
0
0
0
0
0
0
0
0
0
0
0
0
0
0
0
0
0
0
0
0
0
0
0
0
0
0
0
0
0
0
0
0
0
0
0
0
0
0
0
0
0
0
0
0
0
0
0
0
0
0
0
0
0
0
0
0
0
0
0
0
0
0
0
0
0
0
0
0
0
0
0
0
0
0
0
0
0
0
0
0
0
0
0
0
0
0
0
0
0
0
0
0
0
0
0
0
0
0
0
0
0
0
0
0
0
0
0
0
0
0
0
0
0
0
0
0
0
0
0
0
0
0
0
0
0
0
0
0
0
0
0
0
0
0
0
0
0
0
0
0
0
0
0
0
0
0
0
0
0
0
0
0
0
0
0
0
0
0
0
0
0
0
0
0
0
0
0
0
0
0
0
0
0
0
0
0
0
0
0
0
0
0
0
0
0
0
0
0
0
0
0
0
0
0
0
0
0
0
0
0
0
0
0
0
0
0
0
0
0
0
0
0
0
0
0
0
0
0
0
0
0
0
0
0
0
0
0
0
0
0
0
0
0
0
0
0
0
0
0
0
0
0
0
0
0
0
2.16484304066361E-79
1.19472940704567E-22
3.95586541991506E-14
1.46660160212294E-10
9.58757170579151E-09
1.66897164619943E-07
8.5342233095226E-07
3.37077878560911E-06
9.17543745583629E-06
2.22687507597798E-05
4.26609406651045E-05
7.24780344092034E-05
1.12368893723572E-04
1.90400707822695E-04
2.61311422875012E-04
3.83619649400618E-04
1.2606751061345E-03
1.65393964249851E-03
2.39989596121657E-03
2.29568802662483E-03
0.002702856987079
3.13196715412081E-03
3.29522059039895E-03
3.58492923960301E-03
4.51417810215771E-03
6.24366152076363E-03
7.05940188779183E-03
0.0091569504291
0.00871802047618
7.18399385348182E-03
1.32089017070781E-02
1.41586839828523E-02
7.0822531775822E-03
7.60577214972755E-03
9.22325973642323E-03
1.25358454075738E-02
1.33271968734335E-02
1.23893612299509E-02
1.03417027923674E-02
1.11502284666039E-02
1.17340211557488E-02
1.15187625728301E-02
1.23533783804694E-02
1.29236520930427E-02
1.44173418853895E-02
1.37534844809249E-02
1.46520720864667E-02
1.59254162610423E-02
0.0143780573055
1.41639705012176E-02
1.69863435749958E-02
1.59759232266358E-02
0.022702126552061
1.66199508160352E-02
1.62635010526611E-02
1.94775711377772E-02
2.37857497576226E-02
2.44704304087623E-02
2.41687190069223E-02
2.58399109690036E-02
3.06851379766349E-02
4.58812818250414E-02
4.92220153682129E-02
5.26690487113337E-02
5.73694583849189E-02
5.87066138338747E-02
6.00421999838371E-02
5.03283678238642E-02
5.14205930184622E-02
5.25111652722583E-02
5.29463190085063E-02
5.46869281554132E-02
5.71322138862911E-02
5.06147037834948E-02
5.86422258472591E-02
5.97339911525712E-02
6.08234449399424E-02
6.19105155607881E-02
6.29951352479797E-02
6.17611950289672E-02
0.06358672592556
7.97995947729117E-02
8.10938197922816E-02
0.082384743093675
8.36723049758472E-02
0.084956448565879
8.62371196271281E-02
8.75142663811257E-02
8.87878393423323E-02
9.00577911647731E-02
8.94975949696469E-02
8.42538531953551E-02
8.53993827168692E-02
8.17864363085953E-02
9.44246745633294E-02
8.78391382957572E-02
9.09350751001584E-02
0.063051638137041
7.09222403461589E-02
7.79372425341071E-02
8.09456585805321E-02
7.97999254659472E-02
8.60375711032304E-02
8.37988489338514E-02
8.47434654149175E-02
8.45862993449503E-02
8.66229002452762E-02
8.53126092732161E-02
9.75649450386422E-02
9.85882564828015E-02
9.84496352868075E-02
0.099453710604714
0.100454087802545
0.105031362331175
0.107264550163045
0.108300268524389
0.108103586771432
0.109119837614193
7.88446044694218E-02
0.078303529728766
7.77367804718547E-02
7.97159631458455E-02
8.43091362238783E-02
8.50421089410415E-02
7.65350983524197E-02
6.65377508878544E-02
0.065752758064395
7.03551934726934E-02
9.95741345824006E-02
8.93767611926157E-02
0.084544650402985
7.82253587065468E-02
7.32023505720524E-02
7.37643930025613E-02
8.28997920243528E-02
8.20811149449978E-02
0.124758845929831
0.125671858097879
0.126580704434528
0.130450146841592
0.128385843063352
0.124772266375531
0.133201455509918
0.135633885117541
0.141151014704909
0.142091655195475
0.146137019113904
0.139264875594301
0.133862130007952
0.153732690773956
0.148320795809604
0.144429384023501
0.145317955438607
0.146201954656053
0.150349842997828
0.151244097632313
0.152133637204092
0.164661156110984
0.157244136719802
0.151409181319214
0.153952587040651
0.154808938089229
0.145397212904005
0.146188227458571
0.14870390202782
0.151233511569307
0.152029421367883
9.48542488949547E-02
9.53425479023017E-02
9.58279786308143E-02
0.092743476802436
8.96205605348096E-02
8.82607840955128E-02
0.135751208012185
0.136405344021671
0.160811710151099
6.60967057163172E-02
5.71819553528193E-02
5.55925340831884E-02
6.32921989979201E-02
6.35776696108416E-02
7.88874627343337E-02
7.35758214355068E-02
7.20020631345241E-02
7.23127698304728E-02
7.07102882709072E-02
6.14129517842983E-02
6.16692836480704E-02
6.19238354821936E-02
0.143783395111031
0.14631464789918
8.22632619003383E-02
8.25879639003825E-02
9.47546328064122E-02
9.31386424476867E-02
8.95155818774742E-02
8.98533206261859E-02
7.61591835713508E-02
0.086497973702805
8.68133694421712E-02
8.91525042673422E-02
8.33699657696293E-02
0.0836636576115
8.39549952793128E-02
7.39703187471506E-02
6.80368159779271E-02
6.82656004800901E-02
7.26435344799176E-02
7.28821301590381E-02
7.93860093423482E-02
8.38322498921173E-02
0.111429780215426
0.111778733647108
0.116355702236127
0.135809607343705
0.172403095919932
0.17932174039981
0.179850134924961
0.146016700179585
0.144282936342633
0.125256201279616
0.125607314974744
0.154186270801339
0.165495498286257
0.183409585980779
0.146680610301205
0.13828616019637
0.171655698629887
0.209603226736291
0.214556757430613
0.208439428781821
0.208952210582467
0.211687609076383
0.194325369548318
0.197023087047914
0.199725956687063
0.197935260270572
0.202892037939903
0.203344808124718
0.208320805193161
0.208772413049089
0.216040736843344
0.221053249462809
0.21237709331101
0.21281082886231
0.213238851055555
0.213661152835525
0.216379638282794
0.221407553430927
0.117844913886439
0.1180639130323
0.111322123837876
0.106875534977215
0.1187019626387
9.09298903622467E-02
0.233551968856472
0.233944151223015
0.234330105628367
0.234709825670057
0.235083305046064
0.235450537555076
0.23581151709674
0.236166237671909
0.236514693382889
0.236856878433671
0.237192787130172
0.237522413880457
0.237845753194971
0.238162799686755
0.238473548071665
0.238777993168581
0.239076129899616
0.239367953290319
0.239653458469872
0.239932640671286
0.240205495231588
0.24047201759201
0.240732203298166
0.240986048000229
0.241233547453106
0.241474697516603
0.241709494155589
0.241937933440156
0.242160011545773
0.242375724753434
0.242585069449809
0.242788042127382
0.242984639384589
0.243174857925952
0.243358694562208
0.243536146210432
0.24370720989416
0.243871882743501
0.244030161995252
0.244182044993006
0.244327529187252
0.244466612135476
0.244599291502258
0.244725565059358
0.244845430685805
0.220462997731182
0.218108677877725
0.218198238740202
0.218282089949839
0.215906744365909
0.215978358342638
0.216044322923918
0.221016106023502
0.245635567680772
0.245691260999725
0.245740530157566
0.245783374325755
0.245819792783758
0.245849784919083
0.245873350227294
0.245890488312039
0.245901198885058
0.2459054817662
0.245903336883426
0.245894764272813
0.245879764078553
0.245858336552948
0.245830482056398
0.245796201057389
0.245755494132475
0.245708361966256
0.245654805351348
0.245594825188361
0.245528422485853
0.2454555983603
0.24537635403605
0.218308714852295
0.215774777000571
0.21813910122117
0.220495682710609
0.217946653049808
0.244766146060465
0.244642003677345
0.244511454767155
0.244374501522466
0.244231146243057
0.244081391335832
0.243925239314722
0.24376269280059
0.243593754521129
0.243418427310755
0.243236714110496
0.243048617967879
0.242854142036812
0.242653289577457
0.242446063956106
0.242232468645048
0.242012507222434
0.241786183372135
0.241553500883599
0.241314463651701
0.241069075676589
0.24081734106353
0.240559264022744
0.24029484886924
0.240024100022644
0.239747022007026
0.239463619450717
0.239173897086131
0.23887785974957
0.238575512381037
0.238266860024037
0.237951907825375
0.23763066103495
0.237303125005547
0.236969305192621
0.236629207154076
0.236282836550045
0.235930199142659
0.235571300795818
0.235206147474948
0.234834745246768
0.234457100279036
0.234073218840303
0.233683107299658
0.233286772126468
0.232884219890112
0.232475457259718
0.197251417353302
0.217740968310981
0.21733925667483
0.214623948880054
0.216518404850185
0.216099278221553
0.146842117656924
0.148838699764401
0.143966513423577
0.148231068212418
0.138818425102458
0.168045458510831
0.16541771636053
0.162795354296089
0.225603607452495
0.225096465801467
0.224583242110895
0.224063944794337
0.223538582359156
0.223007163406156
0.222469696629224
0.221926190814968
0.221376654842343
0.220821097682281
0.220259528397314
0.219691956141192
0.2191183901585
0.218538839784269
0.217953314443583
0.217361823651183
0.216764377011069
0.216160984216097
0.215551655047571
0.214936399374838
0.214315227154869
0.203003741010258
0.20453296640329
0.206043822724341
0.201182996236433
0.206898552973453
0.210464514869386
0.127979349860938
0.165215920922352
0.164683493446218
0.164146474292037
0.169817715308186
0.169250797794617
0.170736203932572
0.174252855546109
0.169564594499508
0.17100743453259
0.202860131959426
0.202134261891102
0.201402680541053
0.200665399528835
0.199922430552572
0.199173785388521
0.198419475890653
0.197659513990228
0.196893911695381
0.196122681090712
0.195345834336874
0.194563383670181
0.193775341402208
0.192981719919412
0.192182531682753
0.191377789227328
0.190567505162017
0.189751692169132
0.188930363004092
0.158006965615884
0.153562390185128
0.154739727909754
0.148472113817551
0.147793140891653
0.136076581158621
0.053078030881636
5.10055565663579E-02
5.07618477013924E-02
5.41249619270249E-02
4.84745566979567E-02
4.82352011356131E-02
4.44392617980035E-02
0.038909171669085
5.10276399137005E-02
5.07643794922919E-02
4.87582204254151E-02
4.85010803869546E-02
5.85801390860035E-02
5.48370122086376E-02
5.62424173659512E-02
5.42375215736417E-02
4.71933669126803E-02
5.36313710122187E-02
5.16593782912363E-02
5.13617664825949E-02
5.43569184932625E-02
5.40367152511064E-02
5.37148240086776E-02
5.17733330332528E-02
5.30659972473785E-02
0.076711376954764
7.62334224317324E-02
7.89094258717212E-02
7.68383940199833E-02
7.63430962850121E-02
7.73932160698176E-02
0.113786580326195
0.113027528855162
0.112264817053613
0.111498456677859
0.11072845955933
0.11441246615856
0.115079094853332
0.117185694312358
7.12568217508986E-02
7.36221819905894E-02
7.30766442344178E-02
7.82171810115807E-02
6.63328824929101E-02
0.065823388729249
0.126454497039094
0.124080729684955
0.136769255804583
0.135666338595134
0.134558743682687
0.133446489135179
0.132329593214442
0.131208074386121
0.130081951330294
0.128951242952835
0.127815968397576
0.12667614705933
0.125531798597814
0.12438294295256
0.12322960035886
0.122071791364832
0.120909536849684
0.119742858043246
0.118571776546884
0.117396314355872
0.116216493883336
0.11503233798589
0.113843869991063
0.112651113726674
0.111454093552277
0.110252834392834
0.109047361774783
0.107837701864671
0.106623881510543
0.105405928286299
9.89746770122737E-02
7.00112614598879E-02
6.10365354253792E-02
5.92910861355248E-02
0.09429243173227
9.40925443164461E-02
9.67670276261609E-02
9.55171086021705E-02
9.42633466415214E-02
0.084635259666127
9.17444478328602E-02
9.04793917696322E-02
0.089210654554481
8.79382809017085E-02
8.66623174777037E-02
8.53828130398807E-02
8.40998185862995E-02
8.28133875168526E-02
8.15235758069763E-02
0.080230442194936
7.89340483838224E-02
0.077634459259507
7.63317431259112E-02
7.50259719590732E-02
7.37172216816306E-02
7.24055724594854E-02
7.10911090225907E-02
6.97739210119632E-02
6.84541033552436E-02
6.71317566733297E-02
6.58069877208565E-02
6.31903116662812E-02
6.18876307238849E-02
5.19282263657201E-02
4.17353861375686E-02
0.041405726832601
5.55018111595261E-02
5.36524634600469E-02
5.29314118370221E-02
0.050568621414666
4.87831825285126E-02
2.65787556683437E-02
2.53829591049771E-02
2.80881432214481E-02
3.62556303340327E-02
3.75092585675672E-02
3.59651613565262E-02
3.48793067365243E-02
0.035463420778834
3.39227407910489E-02
3.39725586561272E-02
3.28131170912454E-02
3.05647631890652E-02
2.94509268536349E-02
2.86779813724339E-02
2.75584903808262E-02
0.026443618289789
2.56320155200311E-02
0.025370439786199
2.42216169110678E-02
2.43771454562322E-02
2.29343473587086E-02
2.15268243607217E-02
2.01552980309226E-02
1.96569978827904E-02
1.79171060134293E-02
1.38618121313885E-02
1.29698545858405E-02
0.012253478972589
1.13801119138378E-02
9.41638173843558E-03
8.92254962276556E-03
5.48619849653433E-03
4.88927903931596E-03
4.13549802380714E-03
3.80215475367213E-03
5.93152981528006E-03
5.10495303253449E-03
4.58491261919167E-03
3.9655556910365E-03
3.42955433345922E-03
3.06943336813254E-03
2.41501958265306E-03
1.85729650036972E-03
1.05776075394261E-03
1.02414042820725E-03
7.05071554142732E-04
5.18568718502823E-04
3.18757888113334E-04
2.02395161231071E-04
1.40406997488607E-04
8.10743761071183E-05
2.82088685716656E-05
1.04729613650814E-05
4.43165557438429E-06
4.90299085346713E-07
2.77979461806161E-08
6.8936073577257E-10
9.99920066983711E-13
6.22025951804738E-19
7.8263744245555E-43
0
0
0
0
0
0
0
0
0
0
0
0
0
0
0
0
0
0
0
0
0
0
0
0
0
0
0
0
0
0
0
0
0
0
0
0
0
0
0
0
0
0
0
0
0
0
0
0
0
0
0
0
0
0
0
0
0
0
0
0
0
0
0
0
0
0
0
0
0
0
0
0
0
0
0
0
0
0
0
0
0
0
0
0
0
0
0
0
0
0
0
0
0
0
0
0
0
0
0
0
0
0
0
0
0
0
0
0
0
0
0
0
0
0
0
0
0
0
0
0
0
0
0
0
0
0
0
0
0
0
0
0
0
0
0
0
0
0
0
0
0
0
0
0
0
0
0
0
0
0
0
0
0
0
0
0
0
0
0
0
0
0
0
0
0
0
0
0
0
0
0
0
0
0
0
0
0
0
0
0
0
0
0
0
0
0
0
0
0
0
0
0
0
0
0
0
0
0
0
0
0
0
0
0
0
0
0
0
0
0
0
0
0
0
0
0
0
0
0
0
0
0
0
0
0
0
0
0
0
0
0
0
0
0
0
0
0
0
0
0
0
0
0
0
0
0
0
0
0
0
0
0
0
0
0
0
0
0
0
0
0
0
0
0
0
0
0
0
0
0
0
0
0
0
0
0
0
0
0
0
0
0
0
0
0
0
0
0
0
0
0
0
0
0
0
0
0
0
0
0
0
0
0
0
0
0
0
0
0
0
0
0
0
0
0
0
0
0
0
0
0
0
0
0
0
0
0
0
0
0
0
0
0
0
0
0
0
0
0
0
0
0
0
0
0
0
0
0
0
0
0
0
0
0
0
0
""
