0
0
0
0
0
0
0
0
0
0
0
0
0
0
0
0
0
0
0
0
0
0
0
0
0
0
0
0
0
0
0
0
0
0
0
0
0
0
0
0
0
0
0
0
0
0
0
0
0
0
0
0
0
0
0
0
0
0
0
0
0
0
0
0
0
0
0
0
0
0
0
0
0
0
0
0
0
0
0
0
0
0
0
0
0
0
0
0
0
0
0
0
0
0
0
0
0
0
0
0
0
0
0
0
0
0
0
0
0
0
0
0
0
0
0
0
0
0
0
0
0
0
0
0
0
0
0
0
0
0
0
0
0
0
0
0
0
0
0
0
0
0
0
0
0
0
0
0
0
0
0
0
0
0
0
0
0
0
0
0
0
0
0
0
0
0
0
0
0
0
0
0
0
0
0
0
0
0
0
0
0
0
0
0
0
0
0
0
0
0
0
0
0
0
0
0
0
0
0
0
0
0
0
0
0
0
0
0
0
0
0
0
0
0
0
0
0
0
0
0
0
0
0
0
0
0
0
0
0
0
0
0
0
0
0
0
0
0
0
0
0
0
0
0
0
0
0
0
0
0
0
0
0
0
0
0
0
0
0
0
0
0
0
0
0
0
0
0
0
0
0
0
0
0
0
0
0
0
0
0
0
0
0
0
0
0
0
0
0
0
0
0
0
0
0
0
0
0
0
0
0
0
0
0
0
0
0
0
0
0
0
0
0
0
0
0
0
0
0
0
0
0
0
0
0
0
0
0
0
0
0
0
0
0
0
0
0
0
0
0
0
0
0
0
0
0
0
0
0
0
0
0
0
0
0
0
0
0
0
0
0
0
0
0
0
0
0
0
0
0
0
0
0
0
0
0
0
0
0
0
0
0
0
0
0
0
0
0
0
0
0
0
0
0
0
0
0
0
0
0
0
0
0
0
0
0
0
0
0
0
0
0
0
0
0
0
0
0
0
0
0
0
0
0
0
0
0
0
0
0
0
0
0
0
0
0
0
0
0
0
0
0
0
0
0
0
0
8.27001470747282E-50
2.07518216186049E-18
6.49601827626087E-12
4.49920786287053E-09
1.68309736675654E-07
1.69076737342141E-06
9.5084293100565E-06
3.13223081817823E-05
8.30087790212435E-05
1.64864846525595E-04
2.85419048239988E-04
4.94616907851087E-04
7.62019207142786E-04
1.71078485664938E-03
2.32324447548088E-03
2.99985248552129E-03
3.28456719714345E-03
3.93911830532842E-03
4.68849886317477E-03
3.4856102993259E-03
3.87546186835483E-03
4.57499650302235E-03
5.20741217714987E-03
5.86660691735483E-03
6.54978037756696E-03
7.25433220655814E-03
7.97786461043295E-03
8.29290161146765E-03
8.78010040401648E-03
1.02413000208841E-02
1.12894170368875E-02
1.35379810451014E-02
0.01352974463508
1.40662404211623E-02
1.90794005206087E-02
2.01739364150622E-02
2.08873041938122E-02
3.53992330976364E-02
3.28819668778218E-02
3.44373538196357E-02
3.83327766868297E-02
3.95060664042902E-02
3.55597033115288E-02
2.90544164923467E-02
3.01685414212199E-02
2.50253439315527E-02
2.53257627193095E-02
2.68027055549057E-02
1.76202674815301E-02
1.49360709483472E-02
1.74055670679239E-02
1.93043869937487E-02
0.022700255809458
2.26071589740338E-02
2.32214757076205E-02
2.38337364586473E-02
2.60208875119203E-02
2.66680341360519E-02
2.73127716343652E-02
2.71079196954408E-02
0.027728285616613
2.74603480210215E-02
3.07716162385514E-02
3.14227127698743E-02
3.39575917372157E-02
0.057735223672674
4.41521368272786E-02
4.49991192232966E-02
3.87113103001263E-02
4.35696634521309E-02
0.046461482610673
4.83492561228343E-02
5.02700906070456E-02
6.00017220321677E-02
5.87273739331365E-02
5.96708658819902E-02
5.94443318127927E-02
6.03609458724118E-02
6.12731895991881E-02
6.82772450325956E-02
0.107614846093688
0.114166991728256
9.92258890968008E-02
0.103166854795112
0.103249769321583
0.103291276059751
0.103291638411312
0.100533985253394
0.105921184070934
0.103048495540158
0.104296326470245
0.126930701198794
0.139959444391303
0.141570490204751
0.144649365949558
0.147752950057875
0.140319332141508
0.143357708815374
0.140255581009262
0.143278452284826
0.141605568830078
0.141450585531801
0.146071947236275
0.147507064792761
0.140751392450234
0.147050104558306
0.148431499820403
0.16832080822814
0.169856372517454
0.171383668114498
0.172902703802959
0.174413487988492
0.175916028694631
0.177410333559982
0.178896409836556
0.176766779101377
0.13638292777178
0.109983200309022
0.103464793911085
0.115446225269434
0.151988743896573
0.155036638538617
0.156201417735344
0.155440470723473
0.164310032442452
0.149920425566345
0.147067208306361
0.108608061112058
0.113339157001373
0.112114176006399
5.64365148707843E-02
5.47845971320236E-02
6.33158530939863E-02
0.065784095511028
6.62072795916238E-02
6.87099725625454E-02
6.70458131628396E-02
6.11366783587228E-02
0.061510721312831
0.064016272446212
6.65449250688129E-02
0.114440968275392
0.130310095662064
0.131059475424054
0.131803950988394
0.128125403422343
0.115507758687408
0.11837367690298
0.114522861195998
0.133195161209269
0.129359333280992
0.212160612271575
0.213253633398636
0.230472069166392
0.231630947324447
0.232781612120483
0.233924058896881
0.223305368704493
0.224375065068951
0.234929021904449
0.238411567548991
0.239512849335191
0.240605882215629
0.171600369027845
0.235484163432527
0.229205305130974
0.213059007809847
0.21643346000853
0.239580816042515
0.228183607345617
0.231618817413551
0.232566049256201
0.251081240322923
0.252083144199421
0.253076725773619
0.238818259716473
0.255038895461911
0.256007470157709
0.256967695722418
0.257919565322617
0.25886307208193
0.259798209084663
0.260724969379369
0.261643345982341
0.262553331881037
0.263454920037428
0.264348103391292
0.265232874863426
0.266109227358809
0.266977153769684
0.267836646978589
0.268687699861321
0.269530305289843
0.270364456135126
0.271190145269933
0.272007365571555
0.272816109924475
0.273616371222992
0.274408142373776
0.275191416298387
0.275966185935724
0.276732444244433
0.277490184205266
0.278239398823382
0.278980081130608
0.279712224187648
0.280435821086247
0.281150864951308
0.279038775453535
0.282555266258614
0.283244610134894
0.283925373849635
0.284597550723757
0.285261134123131
0.2859161174604
0.286562494196759
0.2872002578437
0.287829401964715
0.288449920176962
0.289061806152899
0.289665053621879
0.290259656371704
0.290845608250157
0.291422903166491
0.291991535092884
0.292551498065864
0.293102786187706
0.293645393627789
0.294179314623923
0.294704543483654
0.29522107458553
0.295728902380338
0.296228021392315
0.296718426220333
0.297200111539046
0.297673072100018
0.298137302732825
0.298592798346117
0.296049158389383
0.293488013259395
0.281912415841565
0.282307691706554
0.270665170728888
0.252959331846763
0.253290472257299
0.19926833420191
0.205562900684477
0.187653085456203
0.163633697016626
0.182025403940212
0.182230312831017
0.179389444194082
0.176536816485043
0.173672691631879
0.210446712350819
0.186228562752242
0.125288374355075
0.11622727769653
0.223476572639255
0.223667985224236
0.220786474409556
0.220962550177876
0.202704576692837
0.172118814274707
0.202998222980218
0.190825002971343
0.190949222079117
0.184904473788323
0.178846932857949
0.178947740776535
0.179043413903321
0.15751433632634
0.1730393737196
0.222578830686506
0.204116079967162
0.173256971483649
0.176414570885865
0.182665286661581
0.176526861762834
0.260216417858516
0.241689070857928
0.22004692591257
0.232487882155158
0.229424840162235
0.235656560656268
7.75266011946207E-02
7.75323789988922E-02
7.75359388235063E-02
7.44357894012964E-02
7.75364043915505E-02
8.99386397501884E-02
9.61347173671362E-02
0.114730292190286
0.114715865121639
0.114698155822209
0.12087593015008
0.12394907179154
0.111527354750045
0.114594501084558
0.105271704717532
0.105237339967734
0.105199961206525
0.105159568874428
0.105116163447175
0.101979458805167
0.256373122853307
0.256245103879225
0.256109734908998
0.25596701753058
0.258899085385388
0.274140957166337
0.292433798178626
0.295313000846846
0.307401525300532
0.307176501488865
0.306942640399425
0.30669994475036
0.306448417358549
0.306188061139112
0.305918879104912
0.299528056878711
0.30535405012923
0.305058409697384
0.304753956468904
0.304440693937135
0.304118625689731
0.303787755408015
0.303448086866312
0.303099623931267
0.302742370561136
0.302376330805058
0.302001508802305
0.241294327025208
0.25302944945029
0.249684245395132
0.249344021903209
0.170997615218598
0.1707539837604
0.182470653062591
0.179212378634058
0.167010836293916
0.163774181272233
0.17243406386438
0.178092153417414
0.171872374784545
0.251459231773912
0.248075847649332
0.250591632532746
0.2501467394262
0.293758184700841
0.293217400079175
0.292667933560541
0.292109790961305
0.29154297816522
0.290967501122073
0.290383365846293
0.289790578415541
0.289189144969253
0.288579071707163
0.287960364887776
0.287333030826825
0.286697075895677
0.286052506519713
0.285399329176665
0.284737550394926
0.284067176751807
0.283388214871769
0.28270067142461
0.282004553123612
0.281299866723649
0.280586619019251
0.279864816842631
0.279134467061659
0.278395576577806
0.27764815232403
0.276892201262624
0.276127730383017
0.23680508216159
0.249861664096637
0.235453611416328
0.215657983541972
0.272177824954104
0.271362383173477
0.270538471065424
0.269706095751367
0.268865264357814
0.254615184812966
0.253800348754983
0.252977499734957
0.252146644516053
0.253953135009157
0.258370235408967
0.260115840062741
0.261835049002684
0.258309248704805
0.259993431906234
0.259060052605956
0.258118302092829
0.257168187290344
0.25620971508343
0.255242892314828
0.198328826109493
0.197561693339683
0.196788062917232
0.218624240789812
0.18520997952704
0.181964888712473
0.181216573419621
0.135964671786151
0.19447178417095
0.193642312566933
0.192806300404748
0.170094464191761
0.176599634888143
0.110783760992012
0.177409792106113
0.210006202133999
0.21140669837603
0.208049231800065
0.209412828640026
0.203721649687472
0.202729222243672
0.201729644255596
0.200722919803022
0.190527027414476
0.194120505836253
0.199931859368019
0.176284154762827
0.139380442424135
0.116272423362851
0.117864726802655
0.119428320766319
0.151753533479573
0.153085506417034
0.154386894143702
0.101609726391356
0.105314384409502
0.106827777740264
0.108311571317612
0.109765520943796
9.23081664754654E-02
9.17342239057903E-02
0.087013204399667
0.121453599753475
0.120669549874463
0.117848809013437
0.117068581150885
0.13432762913149
9.35899028733012E-02
0.148318306934764
0.16495908742656
0.163794809734007
0.162623668707564
0.169133550748318
0.164076520313839
8.52155579273711E-02
7.51763911715859E-02
8.01975205186294E-02
0.109186906408849
0.159741611543449
0.158471665774771
0.155387744869596
0.179207294627571
0.170614026869735
0.170943456541584
0.171234965070923
0.140308607411326
0.123626303979905
0.14975632219197
0.156838744155103
0.155404587592211
0.153962725661571
0.154153075581138
0.15105584890097
0.130288774245443
0.127413365257547
0.122986294748322
0.120177301883171
0.118938618591771
0.117693488345362
0.119466366807904
0.118175637882009
0.115398793774234
0.102407554214881
0.137405535746431
0.134391667518109
0.13281622145074
0.13123281191111
0.131020591653409
0.129404206769643
0.133159939762719
0.128802911658219
0.131059495826561
0.12932394700755
0.127579851753288
0.125827202452253
0.124065992709031
0.122296217536542
0.120517873568518
0.118730959294319
0.116935475318339
0.115131424646539
0.113318813002896
0.110382672687048
0.107474586510723
0.104594826312393
0.104923157069623
0.103086500255766
9.20377097333559E-02
9.13567704799475E-02
6.69879031756962E-02
7.24671552398072E-02
7.10444018098664E-02
6.96155081622212E-02
6.45442386732059E-02
5.87308012998183E-02
6.52926253336427E-02
4.76670936081545E-02
4.40828163028505E-02
4.71092996370249E-02
4.83506720495152E-02
6.18373734108975E-02
6.02584854110604E-02
5.28068231215788E-02
7.13560987649318E-02
6.93632787729564E-02
6.73646916650184E-02
6.53607195460326E-02
6.33517893126795E-02
6.13383775845644E-02
5.93210161859236E-02
5.32892773632372E-02
5.14075029989258E-02
4.47312710099442E-02
4.30290029509869E-02
4.13265469975396E-02
3.96247580093146E-02
0.037924587517959
3.75209192071213E-02
3.82334699580733E-02
3.48000434339906E-02
2.74532385144088E-02
0.025627804628573
3.04760549289755E-02
2.86672411404352E-02
0.026874042553373
0.024826335517204
2.53756022632696E-02
2.34962481508384E-02
2.16475878317744E-02
1.98339895370772E-02
1.80602561295317E-02
1.63316513434064E-02
1.46539205088989E-02
1.30333021566159E-02
1.14765255198228E-02
9.99078715295904E-03
8.58369758401862E-03
7.26318606356518E-03
6.03734809139914E-03
4.91421669985555E-03
3.90143501932237E-03
3.00580569680044E-03
2.03175220878958E-03
1.44260270891561E-03
9.67914603672499E-04
3.18631284467577E-04
1.77129080387057E-04
8.66750818985479E-05
3.39601081837237E-05
9.23662318104719E-06
1.97925972571066E-06
2.24895841456123E-07
8.3952144133297E-09
2.9441287129189E-11
1.46379399876169E-16
2.98660193951326E-36
0
0
0
0
0
0
0
0
0
0
0
0
0
0
0
0
0
0
0
0
0
0
0
0
0
0
0
0
0
0
0
0
0
0
0
0
0
0
0
0
0
0
0
0
0
0
0
0
0
0
0
0
0
0
0
0
0
0
0
0
0
0
0
0
0
0
0
0
0
0
0
0
0
0
0
0
0
0
0
0
0
0
0
0
0
0
0
0
0
0
0
0
0
0
0
0
0
0
0
0
0
0
0
0
0
0
0
0
0
0
0
0
0
0
0
0
0
0
0
0
0
0
0
0
0
0
0
0
0
0
0
0
0
0
0
0
0
0
0
0
0
0
0
0
0
0
0
0
0
0
0
0
0
0
0
0
0
0
0
0
0
0
0
0
0
0
0
0
0
0
0
0
0
0
0
0
0
0
0
0
0
0
0
0
0
0
0
0
0
0
0
0
0
0
0
0
0
0
0
0
0
0
0
0
0
0
0
0
0
0
0
0
0
0
0
0
0
0
0
0
0
0
0
0
0
0
0
0
0
0
0
0
0
0
0
0
0
0
0
0
0
0
0
0
0
0
0
0
0
0
0
0
0
0
0
0
0
0
0
0
0
0
0
0
0
0
0
0
0
0
0
0
0
0
0
0
0
0
0
0
0
0
0
0
0
0
0
0
0
0
0
0
0
0
0
0
0
0
0
0
0
0
0
0
0
0
0
0
0
0
0
0
0
0
0
0
0
0
0
0
0
0
0
0
0
0
0
0
0
0
0
0
0
0
0
0
0
0
0
0
0
0
0
0
0
0
0
0
0
0
0
0
0
0
0
0
0
0
0
0
0
0
0
0
0
0
0
0
0
0
0
0
0
0
0
0
0
0
0
0
0
0
0
0
0
0
0
0
0
0
0
0
0
0
0
0
0
0
0
0
0
0
0
0
0
0
0
0
0
0
0
0
0
0
0
0
""
