0
0
0
0
0
0
0
0
0
0
0
0
0
0
0
0
0
0
0
0
0
0
0
0
0
0
0
0
0
0
0
0
0
0
0
0
0
0
0
0
0
0
0
0
0
0
0
0
0
0
0
0
0
0
0
0
0
0
0
0
0
0
0
0
0
0
0
0
0
0
0
0
0
0
0
0
0
0
0
0
0
0
0
0
0
0
0
0
0
0
0
0
0
0
0
0
0
0
0
0
0
0
0
0
0
0
0
0
0
0
0
0
0
0
0
0
0
0
0
0
0
0
0
0
0
0
0
0
0
0
0
0
0
0
0
0
0
0
0
0
0
0
0
0
0
0
0
0
0
0
0
0
0
0
0
0
0
0
0
0
0
0
0
0
0
0
0
0
0
0
0
0
0
0
0
0
0
0
0
0
0
0
0
0
0
0
0
0
0
0
0
0
0
0
0
0
0
0
0
0
0
0
0
0
0
0
0
0
0
0
0
0
0
0
0
0
0
0
0
0
0
0
0
0
0
0
0
0
0
0
0
0
0
0
0
0
0
0
0
0
0
0
0
0
0
0
0
0
0
0
0
0
0
0
0
0
0
0
0
0
0
0
0
0
0
0
0
0
0
0
0
0
0
0
0
0
0
0
0
0
0
0
0
0
0
0
0
0
0
0
0
0
0
0
0
0
0
0
0
0
0
0
0
0
0
0
0
0
0
0
0
0
0
0
0
0
9.02028360884773E-252
5.75771705568269E-35
2.47523336938836E-20
5.67370618493086E-15
3.37428140477377E-12
1.6757228168938E-10
2.16827217851363E-09
1.66782788007022E-08
6.97854064900425E-08
2.277625645349E-07
5.59035086805364E-07
1.16796891260107E-06
1.89124839576009E-06
3.18711603668584E-06
5.70167492530793E-06
8.41248393307284E-06
1.18284787919616E-05
1.69826454435868E-05
1.95880520480008E-05
2.32393913761591E-05
2.67854461030942E-05
3.25751590342977E-05
3.89228713236211E-05
4.93210902059663E-05
6.13469855524382E-05
6.56869436227497E-05
7.4571109192186E-05
8.38703347019288E-05
1.00227693448514E-04
1.10957091868413E-04
1.13876398449369E-04
1.51130761562501E-04
1.73931345322897E-04
1.77654328535172E-04
2.02503520836909E-04
2.0503293767958E-04
2.06082799103814E-04
2.05601932660122E-04
2.47164865697245E-04
2.76763092237751E-04
2.91876734061618E-04
3.07023932963115E-04
3.22185565127555E-04
3.37344228781605E-04
3.72066576497635E-04
3.88012662402666E-04
3.61393320267402E-04
3.75562950679653E-04
4.12589874058842E-04
4.51194377795091E-04
5.40489617061565E-04
5.83812578961122E-04
5.50053845599384E-04
5.12943705548773E-04
5.55897173144972E-04
6.00311315349876E-04
5.87420030514811E-04
6.63276126476958E-04
6.80236288451039E-04
6.97039508321072E-04
6.48802976144523E-04
6.63786842249617E-04
7.46484621056703E-04
7.62639287181455E-04
1.13255068353349E-03
1.11945498236531E-03
1.10469399461328E-03
1.08829028285662E-03
1.14671433888697E-03
1.12847204995846E-03
1.18782987758595E-03
1.20805028312772E-03
1.22804724851968E-03
1.28941617851515E-03
1.30962223759543E-03
1.32960202963445E-03
1.39288503976437E-03
1.50136348868364E-03
3.22421260274592E-03
2.17904012036451E-03
2.11625929347224E-03
2.19056223260406E-03
2.12413299127709E-03
2.07336405608056E-03
2.17118919898552E-03
2.27040708127935E-03
2.54034519152946E-03
2.59066356081841E-03
2.82147686180164E-03
2.87211023490989E-03
3.25079385261738E-03
3.44450017611629E-03
3.71622519775347E-03
3.77755579707653E-03
0.004371954959672
4.68218169015616E-03
5.08668391602044E-03
4.66142772528971E-03
5.24929706689593E-03
5.68561793740077E-03
0.005767956392699
5.75032274056735E-03
5.13078077866946E-03
5.48216072152854E-03
5.84618251492048E-03
6.54482647906936E-03
6.72277208106513E-03
6.78882410282629E-03
7.54681490620747E-03
7.62126418433125E-03
7.56888847617092E-03
9.00678143209338E-03
9.48146033320335E-03
4.85363743638947E-03
4.02745241368583E-03
4.12003512202733E-03
4.21311776585223E-03
5.59869503102009E-03
5.42757393236208E-03
5.24445565894232E-03
5.20224193523581E-03
4.99799661598827E-03
4.78146186835776E-03
4.8777228678745E-03
5.14020741533509E-03
5.57861227017732E-03
5.68581962550294E-03
5.61788577489435E-03
5.90147662310655E-03
6.0099046622492E-03
5.93330256728519E-03
6.03918260946253E-03
6.1454165464153E-03
6.25199460917441E-03
6.55762302485522E-03
6.8702788150445E-03
7.39541030082612E-03
7.72555121596363E-03
8.06278654966523E-03
7.97599825249751E-03
8.1017119194357E-03
8.22773891631156E-03
8.35406934361809E-03
8.02227757830634E-03
8.37496369827305E-03
8.73478426571035E-03
8.62271234782953E-03
8.74696470634471E-03
9.3643159558422E-03
9.49596898182033E-03
9.62785715085896E-03
9.75997146442343E-03
1.01526268041826E-02
1.37182063589289E-02
1.38998504372362E-02
1.40817562746938E-02
1.42639123176699E-02
1.44463071549433E-02
1.35036272443294E-02
0.014242084866871
0.01557153594735
1.63455934280494E-02
1.94972547741864E-02
1.88334490179546E-02
0.018451124288732
0.018972879660506
0.026931168430374
2.78655144949065E-02
2.81809618088843E-02
2.91369737698578E-02
2.49275945169854E-02
2.65101044491812E-02
2.44819438866993E-02
2.03978100967619E-02
1.85869645048452E-02
1.87825186981781E-02
1.79429507359725E-02
1.77793062976265E-02
1.61998880263733E-02
1.56520963709802E-02
1.54493681585479E-02
1.52395242959294E-02
1.50225579093063E-02
1.55383859986374E-02
1.56877901539674E-02
0.015837167437086
1.52252486886801E-02
0.013830698186399
1.35708926011582E-02
1.29126440909285E-02
1.34246713923086E-02
1.31469600568757E-02
0.013665975368697
1.41920203343299E-02
1.43160538508745E-02
1.40274394627701E-02
1.28994430401948E-02
1.25894374778943E-02
0.012695464670777
1.28014092831531E-02
1.29072670815841E-02
1.21454982772581E-02
1.26814152988685E-02
1.23426592737784E-02
1.37740716007374E-02
1.38829451122056E-02
1.48943939704759E-02
1.31906429067917E-02
1.87923605686017E-02
1.89357125650185E-02
1.90788906327078E-02
1.92218894855332E-02
1.93647038788316E-02
1.95073286088239E-02
1.82119713038416E-02
1.68955999089374E-02
1.70168406923325E-02
1.66482477915767E-02
2.71209399563498E-02
2.68140393530983E-02
2.59999522549567E-02
2.51718136156411E-02
0.024836519124627
2.39837878697574E-02
2.26033729057657E-02
2.17193174621608E-02
2.03008260304106E-02
1.93855983265737E-02
1.79292118451589E-02
1.75136906619993E-02
1.81593794005077E-02
1.82741205875876E-02
2.05519964158617E-02
1.68702902922896E-02
1.69742586703812E-02
1.59761974076427E-02
1.49645525798379E-02
1.61696637641751E-02
1.90705668956688E-02
1.91833380307431E-02
1.98633715867902E-02
2.16913939599351E-02
2.18165404138733E-02
2.07865722038184E-02
2.09045502674293E-02
2.04382811149438E-02
2.05524023114005E-02
2.00757647519798E-02
2.07797559835932E-02
2.02960392307232E-02
0.016804721390842
1.62914244097339E-02
4.12484354160543E-02
4.75639455027668E-02
4.84257832534296E-02
4.80609338946775E-02
4.39729797087796E-02
4.54425200466586E-02
0.055683145773386
4.71597597347827E-02
4.80267258085237E-02
0.040643497687009
3.19084426061452E-02
3.27049288869294E-02
3.02852655560758E-02
2.91353163370129E-02
2.92736426962832E-02
2.94115060005124E-02
2.49524064257023E-02
2.44083473475827E-02
2.25323883315672E-02
2.52980786009493E-02
2.47437425618617E-02
2.28394960949548E-02
2.09169116550262E-02
2.03315195272491E-02
2.04205349572213E-02
2.18764974981787E-02
2.26573175734079E-02
2.34436432932467E-02
2.42354379647507E-02
2.50326645927895E-02
0.024438783942957
2.45398486439961E-02
2.46405041656556E-02
2.26201122649803E-02
2.27113845176592E-02
2.35148463586213E-02
2.28927820460171E-02
2.51375495707763E-02
2.73987530037715E-02
2.96762799416874E-02
6.39400342145601E-02
6.41835496040455E-02
6.36938565550617E-02
6.46672885534511E-02
6.12195732651911E-02
6.14450848402035E-02
6.31555526112186E-02
6.33843276437504E-02
0.074837656964587
7.51042223628563E-02
7.53694864924755E-02
0.07563344247066
7.58960834619578E-02
7.61574026780962E-02
7.64173933778329E-02
0.07667604886681
7.69333624974132E-02
7.71893276686333E-02
7.74439378259322E-02
0.077697186461112
7.79490671121877E-02
7.81995733632632E-02
7.84486988444109E-02
7.86964372315535E-02
7.89427822463506E-02
7.91877276560867E-02
7.94312672735634E-02
7.96733949569937E-02
7.99141046098999E-02
8.01533901810139E-02
8.03912456641797E-02
8.06276650982603E-02
8.08626425670448E-02
8.10961721991602E-02
2.68383218954349E-02
2.28364821136376E-02
2.37185246494322E-02
0.023784551984422
2.38501511274761E-02
2.39153204534109E-02
2.31531597860949E-02
2.48734791903869E-02
2.57708702601374E-02
3.83412657393127E-02
4.26195812404938E-02
0.048594441709428
4.78786969246577E-02
2.69473223183767E-02
0.027014886402175
2.79282702680203E-02
2.79969304483761E-02
2.80650804679198E-02
2.81327186656354E-02
2.81998433948658E-02
3.08361305708692E-02
2.66154219370061E-02
2.58164732001167E-02
2.41505728931366E-02
2.07474242792114E-02
7.62445827323004E-02
6.59938033150692E-02
8.00627588228906E-02
7.93646717939745E-02
0.076913327713464
7.53252366595473E-02
7.89946629704505E-02
7.91591346977289E-02
8.81357191937381E-02
8.83152186583061E-02
8.84930882031195E-02
8.86693235718963E-02
8.88439205512189E-02
7.83348499740483E-02
7.75937189507442E-02
6.52312229523363E-02
6.44586060992384E-02
6.45783732963661E-02
6.64940806121109E-02
4.05089458042864E-02
4.14833625255506E-02
4.87840815790403E-02
4.79644077638465E-02
4.53275957095195E-02
4.54049073247616E-02
5.45776491639652E-02
7.10689119463028E-02
6.57097446822967E-02
5.57609411258666E-02
4.85254856151465E-02
4.67679966607661E-02
0.05418836008887
6.43899818156728E-02
6.44874870452097E-02
5.81254092698695E-02
7.11467709149948E-02
7.49513464407984E-02
7.59852338276625E-02
7.79482865078859E-02
7.80565825446013E-02
9.30516878412569E-02
9.31771306339363E-02
9.33008284717329E-02
9.34227784614832E-02
0.093542977752447
9.36614235363027E-02
9.37781130471421E-02
9.38930435614661E-02
9.40062123981809E-02
9.41176169185935E-02
9.42272545264091E-02
9.43351226677268E-02
9.44412188310377E-02
9.45455405472212E-02
9.46480853895434E-02
0.094748850973654
9.48478349575852E-02
9.49450350417492E-02
9.50404489689369E-02
9.51340745243166E-02
9.52259095354324E-02
9.53159518722037E-02
9.54041994469239E-02
9.54906502142599E-02
9.55753021712514E-02
9.56581533573107E-02
9.57392018542221E-02
9.58184457861419E-02
9.58958833195984E-02
9.59715126634919E-02
9.60453320690947E-02
9.61173398300514E-02
9.61875342823795E-02
9.62559138044695E-02
9.63224768170853E-02
9.63872217833653E-02
9.54856457367338E-02
9.55461391249305E-02
9.65705336711951E-02
9.66279919310166E-02
9.66836250958271E-02
9.67374318830234E-02
9.67894110523817E-02
9.68395614060583E-02
9.68878817885901E-02
0.096934371086896
9.69790282302776E-02
9.70218521904198E-02
9.70628419813921E-02
9.71019966596493E-02
9.71393153240321E-02
9.71747971157684E-02
0.097208441218474
9.04334295780823E-02
9.04612983719752E-02
8.95144726752446E-02
9.44048871180716E-02
9.63755800824309E-02
9.44505237689419E-02
9.73924349700676E-02
9.74113532574824E-02
9.74284284159831E-02
9.74436600531032E-02
0.097457047818771
9.74685914053104E-02
9.74782905474408E-02
9.74861450222778E-02
9.74921546493333E-02
9.74963192905159E-02
9.74986388501306E-02
9.74991132748795E-02
9.74977425538613E-02
9.74945267185721E-02
9.74894658429045E-02
9.74825600431478E-02
9.74738094779883E-02
9.74632143485085E-02
9.74507748981871E-02
9.74364914128988E-02
9.74203642209139E-02
9.74023936928977E-02
9.73825802419105E-02
9.73609243234068E-02
9.73374264352347E-02
9.73120871176356E-02
9.72849069532434E-02
0.097255886567084
8.55580234313857E-02
9.23327114494467E-02
9.13283235062786E-02
0.091294131781633
9.02873817223203E-02
9.12205703395321E-02
9.70012790586395E-02
5.91441143365017E-02
6.29928111959108E-02
6.19933685265742E-02
7.45478802316225E-02
7.45085803050366E-02
7.44678726343355E-02
9.18239873374351E-02
9.17702934463458E-02
0.080129830575547
0.081044709560387
0.081956836731469
8.38297186516754E-02
8.37726220399603E-02
8.37139443728233E-02
0.084615223637486
7.49444184329493E-02
7.29673718016854E-02
7.38699507103324E-02
7.76453793395888E-02
0.079497547554375
7.84740467627501E-02
7.84068687484479E-02
7.83382132887742E-02
7.63591043644328E-02
6.86603207654483E-02
7.24070520916362E-02
6.66270664874225E-02
7.03657256894914E-02
8.16951185977737E-02
7.78163945230349E-02
7.77359796523696E-02
7.95481054051807E-02
7.94627360612908E-02
7.93758731089625E-02
0.079287518568344
6.22267442462184E-02
4.89705932738586E-02
4.98537724532327E-02
4.22781568779086E-02
4.22268456634523E-02
4.40491752678764E-02
4.30578890018323E-02
3.92636196164429E-02
4.38809665171832E-02
4.28908412156737E-02
4.28335501335734E-02
4.18455557860557E-02
4.45738051325689E-02
4.35841934568873E-02
4.35223874884876E-02
0.049932499101362
6.92494718134381E-02
7.00689159811501E-02
0.092057533127014
9.00790573681094E-02
9.08578068040341E-02
8.52177668051727E-02
4.29987694571278E-02
0.081292399284534
8.02481712005342E-02
7.92054390273769E-02
7.90731434740716E-02
7.80320274740507E-02
7.97099363925981E-02
7.86674417650718E-02
7.85292801810079E-02
9.01030576820894E-02
8.99409023955727E-02
8.97770784277722E-02
8.96115896707498E-02
8.94444400592658E-02
8.92756335707977E-02
8.91051742255611E-02
8.89330660865301E-02
0.088759313259459
8.85839198929058E-02
8.84068901782551E-02
0.088228228349743
8.80479386844825E-02
8.78660255024904E-02
8.76824931667142E-02
5.24984076498368E-02
5.41325649942656E-02
6.96977804085857E-02
7.04151314496426E-02
6.07184899251771E-02
5.79868562651556E-02
6.13104922792926E-02
5.85864082284615E-02
5.67326637242532E-02
6.17465570080317E-02
5.90350642924035E-02
5.71881568532538E-02
4.00211078386856E-02
3.73760530048432E-02
3.47427063671479E-02
3.38117991731918E-02
3.79436171716787E-02
4.12125610096158E-02
3.85911744071823E-02
3.84923053254976E-02
0.038392738169137
3.66275851497665E-02
0.035700768168037
3.56057506706828E-02
3.46842738398317E-02
0.03541378816884
3.28528817741636E-02
2.70287432432304E-02
2.85869104112903E-02
3.09498687809977E-02
3.08619648315684E-02
4.93995776011787E-02
7.02513519800763E-02
7.00463115514351E-02
6.98400191083651E-02
0.080037333122927
7.97973550372226E-02
6.52358837589095E-02
6.50367760259988E-02
6.48365129489397E-02
6.46350995820751E-02
5.65749140637313E-02
5.16963853324858E-02
5.30930805062689E-02
4.66961309341832E-02
5.27505504679144E-02
4.25262354580832E-02
4.39271405851582E-02
4.37808666037229E-02
0.044399331541059
4.65376726923089E-02
5.17008282844911E-02
0.050007320684589
4.00178551598935E-02
4.28872530428135E-02
2.32422182918956E-02
3.21243121659397E-02
0.032753255371074
4.82101404458592E-02
4.43390400135272E-02
4.34393892047181E-02
4.54785525488055E-02
3.94619414521152E-02
5.02330945984692E-02
5.29427115948088E-02
4.98495364141951E-02
5.10958040749933E-02
4.08604036876527E-02
7.14027049901711E-02
7.11192874903397E-02
0.065876246670337
6.49049619409515E-02
0.064640937592093
6.01774100491128E-02
6.27159701253222E-02
6.45363571640641E-02
6.49561658175271E-02
6.39928666905718E-02
6.85156304759305E-02
6.82206013110534E-02
6.79244546835647E-02
6.76271987486658E-02
6.73288417147449E-02
6.70293918436822E-02
0.066728857451163
6.64272469069973E-02
6.61245686354489E-02
6.58208311155708E-02
0.065516042881551
6.52102125230641E-02
0.064903348685634
6.45954600710039E-02
6.42865554375158E-02
6.39766436004993E-02
6.36657334326699E-02
6.33538338645366E-02
3.02596578647136E-02
3.26180933212577E-02
5.55469371558478E-02
5.58868700210477E-02
5.80730229850209E-02
5.83890582199492E-02
6.11435961763248E-02
6.08241099820042E-02
6.05037174350756E-02
6.01824280687194E-02
5.98602514791049E-02
0.059537197325934
5.92132753329972E-02
5.88884952887446E-02
5.85628670468693E-02
5.41598524900219E-02
0.034745463428904
0.03339697574497
3.37787221816963E-02
3.41534114375933E-02
4.01802103949801E-02
4.38832379813894E-02
4.30649530526738E-02
2.33501952291622E-02
2.65258317416589E-02
2.41682586982507E-02
2.72964236311873E-02
2.71285599886361E-02
2.74995517263379E-02
3.91160040719621E-02
3.72720345578109E-02
4.02095404176091E-02
3.78490733820657E-02
4.12604180156415E-02
0.040991488880685
4.07220659961439E-02
4.04521584227584E-02
4.01817752871174E-02
3.94057241902934E-02
3.91378518383374E-02
3.58795729618709E-02
3.51366166119803E-02
3.63658952363904E-02
3.65981100591931E-02
3.63385048516566E-02
3.22301443767519E-02
3.19975600569524E-02
3.12905537487209E-02
2.68252479101862E-02
2.47580439729925E-02
2.45730784123259E-02
2.39277357321815E-02
2.42024690844219E-02
2.40168390912061E-02
0.036870606073613
3.70289047859017E-02
3.62946413528902E-02
3.60062209730696E-02
3.57175234044151E-02
3.58606154889162E-02
3.55678702872422E-02
3.44248818336876E-02
3.41387216380199E-02
2.34040897224028E-02
2.69354869694022E-02
2.71162085189886E-02
2.68823893843732E-02
0.026244667244913
2.72147788777485E-02
2.61801377875085E-02
2.59458220511602E-02
2.37635731673209E-02
2.74069712633654E-02
2.67721573299995E-02
2.61443802491128E-02
0.026274349573972
0.029371482536893
2.90904404832471E-02
2.91740424339763E-02
2.96116269598256E-02
2.93198547302554E-02
2.90280905213784E-02
2.62832452918429E-02
2.60164405937158E-02
2.33463780092757E-02
2.24250236808346E-02
2.21903908803561E-02
1.63005428047169E-02
1.67846891231321E-02
2.37659137925689E-02
2.41508292629848E-02
2.80247896492249E-02
2.58232789658355E-02
2.55327334970778E-02
2.58580558491149E-02
2.55608495884682E-02
2.52638807839762E-02
2.49671660954713E-02
2.43770232992859E-02
2.40843932589522E-02
2.40787162341733E-02
2.35000553197667E-02
2.34880011812255E-02
2.65064824057441E-02
2.67151726125451E-02
2.69103111069126E-02
1.69988697086049E-02
1.12710185338381E-02
1.16384152549798E-02
8.93031259803652E-03
7.80201668282476E-03
7.6945159619693E-03
7.58721066903959E-03
8.2039897368025E-03
7.61106209911978E-03
7.26654271385411E-03
7.16009499749874E-03
6.59879205139864E-03
6.49965699800581E-03
6.84218725663803E-03
6.73672354837512E-03
6.20368601638488E-03
5.89499750129043E-03
5.80048539871851E-03
5.29864899212841E-03
5.21138560822635E-03
3.94183260870532E-03
4.26262437098509E-03
4.37989631937265E-03
4.30366335235863E-03
4.22768819677752E-03
3.06885333058102E-03
3.0130949032301E-03
2.78357007933345E-03
2.73148594042927E-03
2.84708236206535E-03
2.79218460271144E-03
2.57648599424308E-03
2.36742669786657E-03
2.47425157316554E-03
2.27201348199752E-03
2.66956810895967E-03
2.61299551781345E-03
2.41466604529467E-03
2.08392013674802E-03
2.03749949220164E-03
1.99133173266275E-03
1.94542294085537E-03
1.89977930535236E-03
2.10166140609191E-03
2.05055450838907E-03
1.99976991006073E-03
1.94931513288803E-03
1.89919783295723E-03
1.95821555681845E-03
2.11765526910945E-03
1.95694348658409E-03
1.80239442058567E-03
1.65395123766201E-03
1.79497189260639E-03
1.37514601319638E-03
1.15575664578367E-03
1.12003585152984E-03
1.00120416032623E-03
8.88097483211602E-04
1.09290338886981E-03
1.13129142763295E-03
9.46418423067381E-04
9.12744098279598E-04
8.79437416462926E-04
7.16274595628658E-04
6.26122289892064E-04
6.01387368892025E-04
5.19264380595655E-04
5.52848029457067E-04
5.29056882223942E-04
5.05593791665055E-04
5.30712254345477E-04
5.6297585915912E-04
5.09477125570812E-04
5.02817599949349E-04
4.96081807364014E-04
5.33747945126545E-04
5.70083391529152E-04
5.18627976351729E-04
4.68360412407415E-04
4.19301714715922E-04
3.71473178062676E-04
3.65508406348439E-04
3.99418668924703E-04
3.92642211668743E-04
3.85790727511943E-04
4.16750329306268E-04
3.71861635281407E-04
4.01262085078095E-04
4.29156188296719E-04
4.2048127176621E-04
4.11715965489788E-04
5.03575860081276E-04
5.25221379537317E-04
5.13177060101582E-04
5.63642960314756E-04
4.58193512670254E-04
4.1680660490863E-04
4.0586902981088E-04
3.94836999110897E-04
4.3852955234584E-04
4.25715874934017E-04
4.64406246130975E-04
4.4977891743171E-04
3.62545516227547E-04
3.50200334593228E-04
4.50382431466336E-04
4.55437334581783E-04
5.00456435720638E-04
4.60329202229098E-04
4.9852551997731E-04
4.94973244124264E-04
4.37249982573314E-04
4.16198735056578E-04
3.47758511578979E-04
3.44284186143494E-04
3.10952054375348E-04
2.92698003902726E-04
2.99547313458736E-04
2.68313610247999E-04
2.4978400977509E-04
2.41585834638789E-04
2.32137455060606E-04
2.21534663038912E-04
2.02112007735127E-04
1.55030127775636E-04
1.14173075905688E-04
9.62974339570844E-05
7.52156476831779E-05
6.59281204471173E-05
1.98112906581437E-04
1.7936171413618E-04
1.32079538293359E-04
1.07345599251755E-04
8.74283509891598E-05
6.96584810499561E-05
5.86948382000672E-05
4.07475854590728E-05
2.96054702478844E-05
2.10313618785694E-05
1.38722366382116E-05
1.10671387914796E-05
6.0904474998221E-06
3.16737108121426E-06
1.4334019990673E-06
4.78222999694269E-07
1.53224716777609E-07
2.94536731545778E-08
4.84606647388877E-09
2.05879029467364E-10
1.5568130196787E-12
2.99100371606685E-16
2.05627018720302E-24
1.9231031566773E-57
0
0
0
0
0
0
0
0
0
0
0
0
0
0
0
0
0
0
0
0
0
0
0
0
0
0
0
0
0
0
0
0
0
0
0
0
0
0
0
0
0
0
0
0
0
0
0
0
0
0
0
0
0
0
0
0
0
0
0
0
0
0
0
0
0
0
0
0
0
0
0
0
0
0
0
0
0
0
0
0
0
0
0
0
0
0
0
0
0
0
0
0
0
0
0
0
0
0
0
0
0
0
0
0
0
0
0
0
0
0
0
0
0
0
0
0
0
0
0
0
0
0
0
0
0
0
0
0
0
0
0
0
0
0
0
0
0
0
0
0
0
0
0
0
0
0
0
0
0
0
0
0
0
0
0
0
0
0
0
0
0
0
0
0
0
0
0
0
0
0
0
0
0
0
0
0
0
0
0
0
0
0
0
0
0
0
0
0
0
0
0
0
0
0
0
0
0
0
0
0
0
0
""
