0
0
0
0
0
0
0
0
0
0
0
0
0
0
0
0
0
0
0
0
0
0
0
0
0
0
0
0
0
0
0
0
0
0
0
0
0
0
0
0
0
0
0
0
0
0
0
0
0
0
0
0
0
0
0
0
0
0
0
0
0
0
0
0
0
0
0
0
0
0
0
0
0
0
0
0
0
0
0
0
0
0
0
0
0
0
0
0
0
0
0
0
0
0
0
0
0
0
0
0
0
0
0
0
0
0
0
0
0
0
0
0
0
0
0
0
0
0
0
0
0
0
0
0
0
0
0
0
0
0
0
0
0
0
0
0
0
0
0
0
0
0
0
0
0
0
0
0
0
0
0
0
0
0
0
0
0
0
0
0
0
0
0
0
0
0
0
0
0
0
0
0
0
0
0
0
0
0
0
0
0
0
0
0
0
0
0
0
0
0
0
0
0
0
0
0
0
0
0
0
0
0
0
0
0
0
0
0
0
0
0
0
0
0
0
0
0
0
0
0
0
0
0
0
0
0
0
0
0
0
0
0
0
0
0
0
0
0
0
0
0
0
0
0
0
0
0
0
0
0
0
0
0
0
0
0
0
0
0
0
0
0
0
0
0
0
0
0
0
0
0
0
0
0
0
0
0
0
0
0
0
0
0
0
0
0
0
0
0
0
0
0
0
0
0
0
0
0
0
0
0
0
0
0
0
0
0
0
0
0
0
0
0
0
0
0
0
0
0
0
0
0
0
0
0
0
0
0
0
0
0
0
0
0
0
0
0
0
0
0
0
0
0
0
0
0
0
0
0
0
0
0
0
0
0
0
0
0
0
0
0
0
0
0
0
0
0
0
0
0
0
0
0
0
0
0
0
0
0
0
0
0
0
0
0
0
0
0
0
0
0
0
0
0
0
0
0
0
0
0
0
0
0
0
0
0
0
0
0
0
0
0
0
0
0
0
0
0
0
0
0
0
0
0
0
0
0
0
0
0
0
0
0
0
0
0
0
0
0
0
0
0
0
0
0
0
0
2.67262670424427E-50
8.04662470925495E-19
3.13974216685942E-12
1.80946403180662E-09
7.57393815040443E-08
7.78137257085992E-07
3.78396676624697E-06
1.23051924999859E-05
3.03301307962236E-05
6.51216143776102E-05
1.17438045890412E-04
1.91542822158019E-04
2.93084310439533E-04
2.19063914570957E-04
3.7540230853807E-04
4.62940198382914E-04
8.09411202153208E-04
1.30338473338073E-03
1.57449588688705E-03
1.90878659248799E-03
2.0588391175635E-03
2.37118721193231E-03
2.66721111512554E-03
1.64551169633123E-03
1.43775666824641E-03
1.63664811977226E-03
1.70259305710459E-03
1.70110802286516E-03
1.79067837187178E-03
1.81096158905878E-03
2.08316623894948E-03
2.37634773664013E-03
3.22868906064408E-03
3.35299917016079E-03
4.16277829540554E-03
4.40158612692267E-03
4.25482122466545E-03
4.06887736754441E-03
4.16362567608783E-03
5.03143156455716E-03
5.14220175067228E-03
5.48695366726254E-03
5.20695655633101E-03
5.41468670993733E-03
5.75944881677834E-03
5.82976762041853E-03
5.00625542125885E-03
5.02550729154482E-03
5.82098122157691E-03
5.19515511246857E-03
5.18819787601577E-03
5.34317854291258E-03
6.02975544938727E-03
6.19873713804153E-03
1.06743880268901E-02
1.61454343752127E-02
1.65587465984948E-02
1.67685366158508E-02
1.82085144229101E-02
1.88484754132362E-02
1.90631963614214E-02
1.72734447229006E-02
1.76484269603456E-02
2.21807384257936E-02
1.76862456964665E-02
0.014674369350138
1.37362203462645E-02
9.9998042718437E-03
1.09512259401673E-02
1.11517590978668E-02
1.21433420459713E-02
1.20873140307086E-02
1.44799717509425E-02
1.41670732575951E-02
1.41171571954655E-02
1.49177164704975E-02
1.57352643033863E-02
1.89367673325213E-02
0.030035877254504
3.04809129609802E-02
2.99960921582982E-02
3.13645581671033E-02
3.18031695823079E-02
3.03052635960641E-02
3.07135389754077E-02
0.030126622184094
2.71643594523254E-02
2.75109892078544E-02
2.68241959660157E-02
2.75028079313259E-02
2.78358438890182E-02
2.99499407322998E-02
3.03004982702822E-02
3.06492813845337E-02
0.031365296188042
2.76103997582899E-02
2.82901879317556E-02
3.35518041908323E-02
3.39079426615797E-02
3.81556747932417E-02
3.93348802305773E-02
3.93359774372143E-02
4.01296558341416E-02
4.05239188991102E-02
4.09161024564634E-02
4.13062091455917E-02
0.041694241522585
4.20802020570351E-02
4.24640931293635E-02
4.28459170286245E-02
4.32256759507397E-02
4.36033719971229E-02
4.39790071736578E-02
4.43525833899954E-02
4.47241024591391E-02
4.50935660972902E-02
4.54609759239265E-02
4.58263334620926E-02
4.61896401388774E-02
0.046550897286062
4.69101061409177E-02
4.72672678471392E-02
4.76223834558974E-02
4.79754539269979E-02
0.048326480130133
4.86754628462159E-02
4.90224027687869E-02
4.93673005054808E-02
4.97101565795494E-02
5.00509714314283E-02
5.03897454203431E-02
5.07264788259478E-02
0.051061171849989
5.13938246179906E-02
5.17244371809561E-02
5.20530095170798E-02
5.23795415334685E-02
5.27040330678645E-02
5.30264838903715E-02
5.33468937051767E-02
5.36652621522685E-02
5.39815888091473E-02
5.42958731925267E-02
5.46081147600227E-02
0.054918312911831
5.52264669923892E-02
5.55325762920229E-02
5.58366400485753E-02
5.05247917041168E-02
5.07947648679417E-02
5.10628947161809E-02
3.93523716310179E-02
4.01283718760873E-02
5.12800353895222E-02
5.15378857796895E-02
5.17939086968075E-02
5.08784828100716E-02
5.75892792974746E-02
5.19605413843886E-02
5.16131942062805E-02
5.18545159419056E-02
5.86806480871217E-02
5.89484411428292E-02
0.059818438499143
6.00848767521137E-02
4.32807890007956E-02
4.34689355014343E-02
4.48853482404054E-02
4.26058667704472E-02
4.21643622269076E-02
4.17162923836234E-02
3.93861857611308E-02
6.21426069799234E-02
6.30207860498553E-02
6.32691814434048E-02
6.35154946054449E-02
6.37597238654777E-02
6.40018675394272E-02
6.42419239306045E-02
6.44798913306543E-02
6.47157680204824E-02
6.49495522711656E-02
6.51812423448422E-02
6.54108364955854E-02
6.56383329702592E-02
0.065863730009357
6.60870258478229E-02
6.43189721543809E-02
6.58620337713053E-02
6.67442884424209E-02
6.69591617446471E-02
6.71719249653302E-02
6.73825763224608E-02
6.75911140337814E-02
6.77975363174834E-02
6.80018413928888E-02
6.54758663818741E-02
6.84040928057479E-02
6.86020355934441E-02
6.87978540745968E-02
0.068991546483931
6.91831110611083E-02
6.93725460513165E-02
6.95598497058455E-02
0.069745020282652
0.069928056046912
7.01089552715617E-02
7.02877162378269E-02
7.04643372357413E-02
7.06388165646534E-02
7.08111525337235E-02
7.09813434624088E-02
5.76310040215608E-02
5.77653796599341E-02
0.055038852611127
0.055879686368368
5.60040502795216E-02
5.61267333831193E-02
6.20167328380468E-02
5.99803247767266E-02
6.58987996989774E-02
0.072564914092926
7.05300600006632E-02
7.13986112757904E-02
7.22679049354887E-02
7.31378745164661E-02
7.32756965469266E-02
7.34113484069471E-02
7.35448286559807E-02
7.36761358709136E-02
7.38052686463826E-02
7.39322255950844E-02
7.40570053480788E-02
7.41796065550832E-02
7.43000278847614E-02
7.44182680250046E-02
7.45343256832062E-02
7.46481995865292E-02
7.47598884821675E-02
7.48693911376007E-02
7.49767063408417E-02
7.50818329006793E-02
7.51847696469133E-02
7.52855154305841E-02
7.53840691241962E-02
7.54804296219356E-02
7.55745958398812E-02
7.56665667162108E-02
5.68172559085508E-02
5.76413779144003E-02
5.39098008791759E-02
6.08099810827398E-02
6.08747643051872E-02
6.24612312009389E-02
6.32865113228911E-02
6.33482406083447E-02
6.26441871775377E-02
6.27015577047072E-02
6.27571197137635E-02
5.97469275598987E-02
6.36294353333097E-02
6.21457172375276E-02
6.37290903996418E-02
6.37761677892889E-02
6.30524783499161E-02
0.063095363885686
6.31364363326113E-02
6.31756952110104E-02
6.24422481098873E-02
6.24774439780145E-02
6.25108470955562E-02
6.17703279711138E-02
6.17997763284284E-02
5.79632371579442E-02
4.71631851439277E-02
4.64081173616917E-02
4.79723833110686E-02
4.64403271173512E-02
5.10998810366098E-02
5.42117537205241E-02
4.72533119305564E-02
3.56414034928811E-02
3.48731823232737E-02
3.25535246176144E-02
3.41081864107756E-02
3.48869705375793E-02
3.87661894994461E-02
3.87679694117531E-02
4.03193859257022E-02
4.03189302836063E-02
4.03173212673258E-02
4.03145588958958E-02
2.24809356318803E-02
6.12334685446585E-02
6.27739906864793E-02
6.27625021933108E-02
6.27492175944671E-02
6.19596415278028E-02
6.19429735592205E-02
6.19245321867835E-02
6.65471414501847E-02
6.72970340071152E-02
6.80444269187475E-02
6.80163410540541E-02
6.79863058701113E-02
6.87265299215191E-02
6.71485663779896E-02
0.065570263455617
7.01596343231408E-02
7.47417002451865E-02
7.70058868444767E-02
7.69562626785858E-02
7.69044273038663E-02
7.68503813251329E-02
7.67941253722163E-02
7.36662336958619E-02
6.36402385356998E-02
6.43541676452953E-02
6.42994928392135E-02
0.062713370216507
6.18922770591214E-02
6.25975802764922E-02
4.95719915758249E-02
4.87606330350247E-02
5.47993249086843E-02
7.60296564224328E-02
7.59469388520037E-02
0.075862021716578
7.57749059828168E-02
0.075685592640284
7.55940827012645E-02
7.55003772005762E-02
7.54044771953774E-02
7.53063837649673E-02
7.52060980105818E-02
7.51036210551835E-02
7.49989540432449E-02
7.48920981405265E-02
7.47830545338488E-02
7.46718244308577E-02
0.074558409059784
7.44428096691968E-02
0.07432502752775
7.42050639239225E-02
7.40829201657521E-02
7.39585975805622E-02
7.38320975146822E-02
7.37034213331605E-02
7.35725704194705E-02
7.34395461752103E-02
7.33043500197937E-02
7.17036437223324E-02
7.15668987855197E-02
0.071428029650479
0.072014456527713
7.25958414615732E-02
7.24476446038851E-02
7.22972862423133E-02
3.60723839633953E-02
3.31154419620942E-02
3.01699682368166E-02
3.44036491074812E-02
3.57565633149641E-02
3.56749161470832E-02
1.63724091477083E-02
1.70440306051084E-02
0.018420233966665
1.90822953211612E-02
2.04453301014618E-02
2.03942403374645E-02
2.03425298788957E-02
1.95905371789842E-02
2.02372488619703E-02
2.36636240091135E-02
2.49883337091627E-02
2.42280676104796E-02
2.34708570825564E-02
2.82238615367012E-02
2.81437588680278E-02
3.90141158451474E-02
4.02652564208111E-02
4.42288965550419E-02
5.02020408870932E-02
0.050725963324767
5.46154843896517E-02
5.37730528715629E-02
5.36031968027298E-02
5.61032349879435E-02
5.25926907343726E-02
5.30835041086428E-02
5.29069031269077E-02
5.00921884976569E-02
4.99212218302229E-02
4.90940716880033E-02
4.56607257811525E-02
0.045498850583591
4.27449086799828E-02
2.90383089854433E-02
5.46482397991982E-02
5.44445644552288E-02
5.16866856937527E-02
5.08535451562804E-02
5.12900550016484E-02
5.04584776710851E-02
4.58608321197019E-02
5.13081700041126E-02
5.10997290219957E-02
4.77865621688728E-02
4.94416988313278E-02
6.15417038515664E-02
6.12792128376371E-02
6.10146520268189E-02
6.07480229256289E-02
6.04793270164874E-02
6.02085657565285E-02
5.99357405763895E-02
5.96608528789769E-02
5.93839040382107E-02
5.91048953977458E-02
5.88238282696704E-02
5.85407039331817E-02
5.82555236332392E-02
5.79682885791942E-02
5.76789999433973E-02
5.73876588597821E-02
5.70942664224274E-02
5.67988236840962E-02
5.65013316547521E-02
5.62017913000546E-02
5.59002035398324E-02
5.55965692465353E-02
5.52908892436664E-02
5.49831643041932E-02
5.46733951489408E-02
5.43615824449655E-02
0.054047726803913
5.37318287803581E-02
5.34138888701318E-02
5.30939075086336E-02
5.27718850691328E-02
4.72030396749539E-02
0.046388329134178
4.19527949784109E-02
0.04219997957536
4.19275554648556E-02
4.01295513450929E-02
3.88546583992162E-02
3.75916872569468E-02
3.43494856290308E-02
3.26300275256481E-02
0.02405653358304
2.72991349556678E-02
0.022263954644488
0.022102679927337
2.05095650392298E-02
4.21343591974224E-02
4.18168675891946E-02
4.10312895676709E-02
4.02511053286858E-02
4.08534581246176E-02
4.05286731435479E-02
4.02020618994013E-02
2.77771306672734E-02
2.66584416983961E-02
0.02467225145961
2.40253139767877E-02
2.29517166444453E-02
2.61847379957438E-02
2.51012017310405E-02
1.89724287284399E-02
1.87989420474448E-02
2.27633062134043E-02
2.17290239515966E-02
0.012994051518363
1.28680270859697E-02
1.27413365257547E-02
1.14314184221197E-02
1.17055813522569E-02
1.19710947283925E-02
1.14636514622106E-02
9.82951119305538E-03
9.34933844003237E-03
9.24669821908928E-03
9.87501415643493E-03
1.12093989687878E-02
1.14375887249454E-02
1.16567428400915E-02
1.29138671295507E-02
1.10333129813397E-02
1.08971963595488E-02
0.010760399172745
1.02909542819711E-02
1.04847596661249E-02
0.010345915760604
9.88743851087986E-03
9.43704018391898E-03
9.61511443494989E-03
9.47795685908197E-03
9.64142988548146E-03
9.49847674354555E-03
7.30846720739618E-03
7.77137116364139E-03
7.64901987769547E-03
8.64106781135985E-03
2.44011178557508E-02
2.39921122211417E-02
0.012453000965334
1.30159722545159E-02
1.27830152407439E-02
1.10431261019717E-02
0.011821394678064
0.010145401733573
1.01830309260809E-02
9.51411944883689E-03
8.40893250319936E-03
8.23121078823211E-03
9.35860963115545E-03
9.36317910160177E-03
9.56513938646756E-03
8.73146501893134E-03
8.71897364827324E-03
8.69588063590747E-03
7.90892621020168E-03
7.70099503856358E-03
7.3140001234055E-03
6.93632787729564E-03
6.90488089566439E-03
6.69947375346834E-03
6.01841998470456E-03
4.29368643091951E-03
4.15247113301465E-03
3.8677701312027E-03
3.5929975214303E-03
3.32821956919228E-03
3.20156271956748E-03
2.82890053852206E-03
2.71240903039951E-03
2.70889910842564E-03
2.80328706719872E-03
2.15834104602026E-03
2.15056448187582E-03
2.13319083051149E-03
2.01862844677116E-03
1.90475343306097E-03
1.71380245948254E-03
1.6066003700386E-03
1.29588015062329E-03
1.33221911882165E-03
1.4097748890503E-03
1.40709320906533E-03
1.28920931991002E-03
1.17391664841956E-03
1.10238646567993E-03
9.52504833078428E-04
8.47164640180034E-04
7.45974158788484E-04
6.74378132824735E-04
5.79399586921257E-04
4.72107094131737E-04
3.77334255712446E-04
3.19424085490611E-04
2.24332513611036E-04
1.65319313324024E-04
1.17216473584014E-04
2.10049295528921E-04
1.35614408756312E-04
7.63387452370236E-05
6.029926140836E-05
2.9205734117989E-05
1.22414343452958E-05
3.9768794251731E-06
7.91703890284263E-07
9.26041700113447E-08
4.19760720666485E-09
1.76647722775134E-11
8.78276399257015E-17
1.77062829271143E-36
0
0
0
0
0
0
0
0
0
0
0
0
0
0
0
0
0
0
0
0
0
0
0
0
0
0
0
0
0
0
0
0
0
0
0
0
0
0
0
0
0
0
0
0
0
0
0
0
0
0
0
0
0
0
0
0
0
0
0
0
0
0
0
0
0
0
0
0
0
0
0
0
0
0
0
0
0
0
0
0
0
0
0
0
0
0
0
0
0
0
0
0
0
0
0
0
0
0
0
0
0
0
0
0
0
0
0
0
0
0
0
0
0
0
0
0
0
0
0
0
0
0
0
0
0
0
0
0
0
0
0
0
0
0
0
0
0
0
0
0
0
0
0
0
0
0
0
0
0
0
0
0
0
0
0
0
0
0
0
0
0
0
0
0
0
0
0
0
0
0
0
0
0
0
0
0
0
0
0
0
0
0
0
0
0
0
0
0
0
0
0
0
0
0
0
0
0
0
0
0
0
0
0
0
0
0
0
0
0
0
0
0
0
0
0
0
0
0
0
0
0
0
0
0
0
0
0
0
0
0
0
0
0
0
0
0
0
0
0
0
0
0
0
0
0
0
0
0
0
0
0
0
0
0
0
0
0
0
0
0
0
0
0
0
0
0
0
0
0
0
0
0
0
0
0
0
0
0
0
0
0
0
0
0
0
0
0
0
0
0
0
0
0
0
0
0
0
0
0
0
0
0
0
0
0
0
0
0
0
0
0
0
0
0
0
0
0
0
0
0
0
0
0
0
0
0
0
0
0
0
0
0
0
0
0
0
0
0
0
0
0
0
0
0
0
0
0
0
0
0
0
0
0
0
0
0
0
0
0
0
0
0
0
0
0
0
0
0
0
0
0
0
0
0
0
0
0
0
0
0
0
0
0
0
0
0
0
0
0
0
0
0
0
0
0
0
0
0
0
0
0
0
0
0
0
0
0
0
0
0
0
0
0
0
0
0
""
