0
0
0
0
0
0
0
0
0
0
0
0
0
0
0
0
0
0
0
0
0
0
0
0
0
0
0
0
0
0
0
0
0
0
0
0
0
0
0
0
0
0
0
0
0
0
0
0
0
0
0
0
0
0
0
0
0
0
0
0
0
0
0
0
0
0
0
0
0
0
0
0
0
0
0
0
0
0
0
0
0
0
0
0
0
0
0
0
0
0
0
0
0
0
0
0
0
0
0
0
0
0
0
0
0
0
0
0
0
0
0
0
0
0
0
0
0
0
0
0
0
0
0
0
0
0
0
0
0
0
0
0
0
0
0
0
0
0
0
0
0
0
0
0
0
0
0
0
0
0
0
0
0
0
0
0
0
0
0
0
0
0
0
0
0
0
0
0
0
0
0
0
0
0
0
0
0
0
0
0
0
0
0
0
0
0
0
0
0
0
0
0
0
0
0
0
0
0
0
0
0
0
0
0
0
0
0
0
0
0
0
0
0
0
0
0
0
0
0
0
0
0
0
0
0
0
0
0
0
0
0
0
0
0
0
0
0
0
0
0
0
0
0
0
0
0
0
0
0
0
0
0
0
0
0
0
0
0
0
0
0
0
0
0
0
0
0
0
0
0
0
0
0
0
0
0
0
0
0
0
0
0
0
0
0
0
0
0
0
0
0
0
0
0
0
0
0
0
0
0
0
0
0
0
0
0
0
0
0
0
0
0
0
0
0
0
0
0
0
0
0
0
0
0
0
0
0
0
0
0
0
0
0
0
0
0
0
0
0
0
0
0
0
0
0
0
0
0
0
0
0
0
0
0
0
0
0
0
0
0
0
0
0
0
0
0
0
0
0
0
0
0
0
0
0
0
0
0
0
0
0
0
0
0
0
0
0
0
0
0
0
0
0
0
0
0
0
0
0
0
0
0
0
0
0
0
0
0
0
0
0
0
0
0
0
0
0
0
0
0
0
0
0
0
0
0
0
0
0
0
0
0
0
0
0
0
0
0
0
0
0
0
1.72826455378742E-256
8.4130819842613E-28
1.32916629670049E-15
3.06737016924829E-11
1.57551380538866E-08
3.96225352458392E-07
3.33937329296302E-06
1.52169713097447E-05
4.6160392416504E-05
1.23711753070586E-04
2.579843417915E-04
4.68148901108332E-04
7.70928825761604E-04
1.17793399005542E-03
1.69671771906452E-03
2.33108546570308E-03
3.08165684544552E-03
3.94650962523371E-03
4.92180374120551E-03
6.00233381698443E-03
7.18199076983237E-03
8.28504886451052E-03
9.71374628012966E-03
1.12482666064092E-02
1.27565344750256E-02
1.43300979219821E-02
1.59626903483009E-02
1.76483939436109E-02
1.93816636500226E-02
2.11573358555619E-02
2.29706261329737E-02
2.48171193388736E-02
2.66927545871911E-02
2.85938069798311E-02
3.05168674865217E-02
3.24588219876999E-02
3.44168302057284E-02
3.63883050313144E-02
3.83708925881139E-02
4.03624532565814E-02
4.23610437883951E-02
4.43649005775109E-02
4.63724241071625E-02
4.83821645593285E-02
0.050392808550799
5.24031669453411E-02
0.054412163682497
5.64188255587514E-02
5.84222728949539E-02
6.04217110241623E-02
6.24164225357592E-02
6.44057602143734E-02
6.63891406153818E-02
6.83660382223746E-02
5.83788635126338E-02
7.22985412449908E-02
0.074253339842168
7.62000336351317E-02
7.81383161254938E-02
8.00679133170329E-02
8.19885807244263E-02
8.39001006545455E-02
8.58022797351382E-02
8.76949466680118E-02
8.95779501859617E-02
9.14511571946112E-02
9.33144510820949E-02
9.51677301811112E-02
9.70109063693318E-02
0.098843903795461
0.100666657719447
0.102479113456417
0.104281225414894
0.106072956220739
0.107854275919049
0.109625161247008
0.11138559497127
0.113135565284139
0.114875065253254
0.116604092320048
0.118322647842631
0.12003073667919
0.121728366808318
0.123415548983041
0.125092296415583
0.126758624490191
0.128414550501578
0.130060093416752
0.131695273658223
0.133320112906719
0.134934633921757
0.136538860378511
0.138132816719594
0.139716528020477
0.141290019867367
0.138567718699103
0.138630191466099
0.140111462356257
0.146007493236254
0.141554850183531
0.142991942094851
0.141379091013058
0.153513214477371
0.154995919587334
0.156468669366183
0.157931489621737
0.159384405870198
0.160827443305904
0.162260626774668
0.163683980750404
0.165097529314736
0.166501296139354
0.167895304470865
0.169279577117927
0.17065413644046
0.172019004340757
0.173374202256324
0.174719751154285
0.176055671527231
0.177381983390356
0.178698706279778
0.180005859251938
0.181303460883952
0.182591529274852
0.183870082047614
0.185139136351896
0.186398708867421
0.187648815807928
0.188889472925646
0.190120695516222
0.191342498424052
0.192554896047984
0.193757902347327
0.194951530848152
0.19613579464982
0.197310706431736
0.198476278460269
0.199632522595836
0.200779450300103
0.201917072643298
0.2030454003116
0.204164443614596
0.205274212492782
0.206374716525099
0.207465964936473
0.208547966605375
0.209620730071352
0.210684263542558
0.209621189154202
0.210655835003958
0.21168136564255
0.214846250462064
0.215863746004688
0.216872054258416
0.217871181318658
0.218861133007874
0.219841914882565
0.220813532240191
0.221775990126
0.222729293339764
0.22367344644243
0.224608453762673
0.225534319403357
0.226451047247895
0.227358640966521
0.228257104022454
0.229146439677969
0.230026651000365
0.230897740867841
0.23175971197526
0.232612566839827
0.233456307806659
0.234290937054259
0.235116456599889
0.235932868304853
0.236740173879672
0.180529164915767
0.173979055112941
0.176939526891889
0.175111205787563
0.166041710225845
0.185872499618369
0.184023706243481
0.242870957235821
0.243596362175044
0.244312670867982
0.245019883681436
0.240803640868586
0.241478882208385
0.244616079607389
0.245280202401413
0.235998540108148
0.249072156047711
0.249715700413249
0.250350148706912
0.25097550056951
0.251591755579032
0.252198913253945
0.252796973056404
0.253385934395402
0.241267506798348
0.190902419303654
0.191323665741123
0.186625070572459
0.194707622486095
0.195113732703013
0.218665770265298
0.154661996597501
0.105893584594883
9.05712395736985E-02
9.07423290134694E-02
9.35076655804535E-02
0.111892073381771
0.119910786150253
0.117507603694931
0.112475651049654
0.201744189483207
0.167955510562948
0.16296477638326
0.173747128231022
0.131825458685378
0.129379350471981
0.092546630281762
8.73804607459755E-02
8.48481547676961E-02
8.49608219409993E-02
8.50705691729556E-02
9.31627770102334E-02
0.103936587369147
0.104059663304968
0.106850439931988
0.109643602265025
9.90532955126456E-02
9.64766400699133E-02
0.11535205426125
0.163798042954104
0.153200631493434
0.153338867981256
0.15616438606243
0.140126057624991
6.74220739512292E-02
6.47746235735565E-02
6.48218626155813E-02
8.10836349284612E-02
8.11371992319687E-02
8.11880209769725E-02
7.85282299705794E-02
8.67001984268382E-02
8.67456308999361E-02
9.49245250739083E-02
0.089541083354709
9.22933938589709E-02
0.252547596037088
0.252637108853906
0.255435514505886
0.258226972719483
0.266448942306605
0.266507411417404
0.266556915797892
0.269317837445468
0.272070438375133
0.272093508924823
0.272107431197845
0.272112205137974
0.225849499502514
0.182303186346172
0.272071636952906
0.272039817738059
0.271998850463124
0.271948735293078
0.271889472429412
0.271821062109937
0.271743504608546
0.271656800234951
0.271560949334371
0.271455952287197
0.26320155522335
0.244096669303345
0.243977479730401
0.241140615189648
0.241006473613628
0.240864194634575
0.243418427998859
0.243258094396094
0.245790528518622
0.251009838095904
0.245424708408531
0.242534495525076
0.242333033057731
0.236742828102755
9.67621751516569E-02
9.13010714218575E-02
9.38952599672142E-02
8.84408731029018E-02
9.10261556594627E-02
0.085579582941163
8.81559607869721E-02
0.160099934092696
0.17323672783733
0.18367367656499
0.183443605966421
0.177896883740987
0.259862729478552
0.254213030647791
0.264435307316201
0.264056252749293
0.263668077649252
0.263270783111414
0.26023572653055
0.262448840110747
0.262024193840309
0.253742719537782
0.2480901793546
0.247660790574072
0.260234469011955
0.259764258232422
0.259284937730144
0.25879650853254
0.183392269870645
0.18303255292797
0.169802541978031
0.174591172762214
0.153730660000415
0.209653258664164
0.209200484900496
0.198557796919399
0.198112912205512
0.169785670322384
0.179504247829631
0.186646664133016
0.181165292235708
0.190761978826172
0.202805895792001
0.202292314448848
0.201771365275871
0.191305120191188
0.190795889560754
0.22734712081469
0.229186322992569
0.240833316244933
0.242600056278781
0.244343746314064
0.243627834864689
0.242902827187105
0.242168722818982
0.241425521194023
0.206978970608438
0.211122404559442
0.212835779664583
0.20737470242095
0.206688533120918
0.205994444139419
0.205292434242723
0.197527933037805
0.224954092307128
0.144765627834548
0.151222243331951
0.148350174932969
0.168582970043873
0.165646716354658
0.135219191840332
0.226013172464185
0.2251240887319
0.224225965788706
0.225574545671545
0.224649079177591
0.223714471178211
0.202721352998035
0.221817814065053
0.220855756081928
0.21988453884168
0.218904157309922
0.21791460620035
0.216915879967919
0.215907972801931
0.214890878619042
0.213864591056188
0.17239157380538
0.177898903473269
0.17912092509412
0.178217264118551
0.185649558319722
0.184686936063389
0.183716084544422
0.180683771201552
0.17970753082434
0.178723129328024
0.175710892547423
0.174721514449624
0.159746244690245
0.164777384130812
0.163810297666662
0.162835459644112
0.161852859896914
0.162800590180307
0.159864332845006
0.156944427044735
0.155942885718394
0.156823055175136
0.155793652011455
0.154756406057176
0.153711304254589
0.152658333163098
0.151597478955495
0.148715128289185
0.142249554825642
0.146579913577148
0.145500543841146
0.153219001583538
0.152057116292808
0.150886854954474
0.149708199758079
0.14681399302639
0.167646411658695
0.159558163685867
0.158234260139713
0.15524949659091
0.153921162960475
0.152583613223244
0.154454629541097
0.159447632529746
0.157995148233956
0.156532761038291
0.155060445440001
0.15357817564332
0.152085925593454
0.150583669014847
0.149071379454114
0.122465695172311
0.118273441931718
0.117023977848362
0.115766300748766
0.114500389166151
0.118817640160486
0.117471865371384
0.117483470101197
0.11610422151721
0.116050028896331
0.114636811208814
0.109310646058679
0.109213636842814
0.106538173919455
8.26090887652141E-02
0.100026085097196
9.74418142181793E-02
9.60840753373775E-02
9.47179698218839E-02
9.33434911862986E-02
9.19606354289141E-02
9.05694013342219E-02
8.91697908048461E-02
8.66647866104338E-02
8.63454658638786E-02
8.49207743065675E-02
8.34877529427096E-02
8.20464254906636E-02
8.05968215776293E-02
0.078149740158338
7.67020245952836E-02
7.71512341439118E-02
6.53769183093714E-02
6.04116077695677E-02
5.91755753438177E-02
5.17886567399518E-02
7.47200686451855E-02
7.22256975846705E-02
7.05821379406113E-02
6.89307037813318E-02
6.88360367471831E-02
6.56049799002216E-02
5.87274369167529E-02
0.052116534881481
4.71826371211966E-02
5.27082081100524E-02
5.11862235316812E-02
5.28838558376403E-02
5.18778368276346E-02
0.047802053127623
4.62226486652799E-02
5.02906903061712E-02
4.74148733183486E-02
4.56671178075113E-02
4.34133326771477E-02
4.21688685937445E-02
4.32079464814585E-02
4.17853574452426E-02
3.94770666208386E-02
4.04496026287143E-02
0.03845769573402
1.38603757818564E-02
1.27659862111144E-02
1.20412862309831E-02
1.19345084971485E-02
1.14709420897404E-02
0.011513367269038
1.04573498534794E-02
9.91175965062253E-03
9.1313827992989E-03
9.72918085033345E-03
9.03879891784167E-03
7.37621094642847E-03
6.91210000935246E-03
6.54020865082464E-03
5.88259560220048E-03
6.1212618182331E-03
5.87306589179413E-03
5.42674960731351E-03
4.47835330910667E-03
4.76816351997222E-03
3.82735702441743E-03
3.11706229718087E-03
2.36144379167964E-03
1.72199334229463E-03
8.8667978004151E-04
6.05572682649299E-04
4.7933908794673E-04
2.65427019444672E-04
1.29402986794789E-04
5.19445905796413E-05
1.11921122151858E-05
1.65304282681019E-06
2.04800686131099E-07
1.65366004483346E-08
1.0698924872475E-10
6.50927088716173E-15
2.05641550558672E-26
6.04680802051322E-185
0
0
0
0
0
0
0
0
0
0
0
0
0
0
0
0
0
0
0
0
0
0
0
0
0
0
0
0
0
0
0
0
0
0
0
0
0
0
0
0
0
0
0
0
0
0
0
0
0
0
0
0
0
0
0
0
0
0
0
0
0
0
0
0
0
0
0
0
0
0
0
0
0
0
0
0
0
0
0
0
0
0
0
0
0
0
0
0
0
0
0
0
0
0
0
0
0
0
0
0
0
0
0
0
0
0
0
0
0
0
0
0
0
0
0
0
0
0
0
0
0
0
0
0
0
0
0
0
0
0
0
0
0
0
0
0
0
0
0
0
0
0
0
0
0
0
0
0
0
0
0
0
0
0
0
0
0
0
0
0
0
0
0
0
0
0
0
0
0
0
0
0
0
0
0
0
0
0
0
0
0
0
0
0
0
0
0
0
0
0
0
0
0
0
0
0
0
0
0
0
0
0
0
0
0
0
0
0
0
0
0
0
0
0
0
0
0
0
0
0
0
0
0
0
0
0
0
0
0
0
0
0
0
0
0
0
0
0
0
0
0
0
0
0
0
0
0
0
0
0
0
0
0
0
0
0
0
0
0
0
0
0
0
0
0
0
0
0
0
0
0
0
0
0
0
0
0
0
0
0
0
0
0
0
0
0
0
0
0
0
0
0
0
0
0
0
0
0
0
0
0
0
0
0
0
0
0
0
0
0
0
0
0
0
0
0
0
0
0
0
0
0
0
0
0
0
0
0
0
0
0
0
0
0
0
0
0
0
0
0
0
0
0
0
0
0
0
0
0
0
0
0
0
0
0
0
0
0
0
0
0
0
0
0
0
0
0
0
0
0
0
0
0
0
0
0
0
0
0
0
0
0
0
0
0
0
0
0
0
0
0
0
0
0
0
0
0
0
0
0
0
0
0
0
0
0
0
0
0
0
0
0
0
0
0
0
0
0
0
0
0
0
0
0
0
0
0
0
0
0
0
0
0
0
0
0
0
0
0
0
0
0
0
0
0
0
0
0
0
0
0
0
0
0
0
0
0
0
0
0
0
0
0
0
0
0
0
0
0
0
0
""
