0
0
0
0
0
0
0
0
0
0
0
0
0
0
0
0
0
0
0
0
0
0
0
0
0
0
0
0
0
0
0
0
0
0
0
0
0
0
0
0
0
0
0
0
0
0
0
0
0
0
0
0
0
0
0
0
0
0
0
0
0
0
0
0
0
0
0
0
0
0
0
0
0
0
0
0
0
0
0
0
0
0
0
0
0
0
0
0
0
0
0
0
0
0
0
0
0
0
0
0
0
0
0
0
0
0
0
0
0
0
0
0
0
0
0
0
0
0
0
0
0
0
0
0
0
0
0
0
0
0
0
0
0
0
0
0
0
0
0
0
0
0
0
0
0
0
0
0
0
0
0
0
0
0
0
0
0
0
0
0
0
0
0
0
0
0
0
0
0
0
0
0
0
0
0
0
0
0
0
0
0
0
0
0
0
0
0
0
0
0
0
0
0
0
0
0
0
0
0
0
0
0
0
0
0
0
0
0
0
0
0
0
0
0
0
0
0
0
0
0
0
0
0
0
0
0
0
0
0
0
0
0
0
0
0
0
0
0
0
0
0
0
0
0
0
0
0
0
0
0
0
0
0
0
0
0
0
0
0
0
0
0
0
0
0
0
0
0
0
0
0
0
0
0
0
0
0
0
0
0
0
0
0
0
0
0
0
0
0
0
0
0
0
0
0
0
0
0
0
0
0
0
0
0
0
0
0
0
0
0
0
0
0
0
0
0
4.24483934534011E-251
2.57403821312873E-34
1.20225620798863E-19
2.91790603796444E-14
1.73534472245508E-11
9.57555895367886E-10
1.33432134062377E-08
1.02293443310974E-07
4.46626601536272E-07
1.3665753872094E-06
3.35421052083218E-06
6.71582124745613E-06
1.29685604280692E-05
1.9122696220115E-05
3.42100495518476E-05
4.83717826151688E-05
2.2474109704727E-04
3.11681492847004E-04
4.1265496314455E-04
5.24546262490449E-04
6.18125679302173E-04
8.82035075390214E-04
1.05391159276266E-03
1.24007312517858E-03
1.43960926096388E-03
1.63278974147978E-03
1.85362471420577E-03
2.08477689116223E-03
1.52346094041742E-03
1.24271942892623E-03
1.33398066754975E-03
1.35128680926471E-03
1.50740499279844E-03
1.5048366652391E-03
1.66502894910348E-03
1.64026350143664E-03
1.75170379238242E-03
1.64481546128097E-03
1.74469316962761E-03
1.78358437219884E-03
1.88098339728599E-03
1.97859867909563E-03
2.07630697526647E-03
2.17399614103701E-03
2.27156436177504E-03
2.20554565997305E-03
2.21087678281234E-03
2.38592933372956E-03
2.47553924435305E-03
2.75466041180161E-03
2.84985434450643E-03
2.94444605041262E-03
3.03839267092993E-03
3.13165630756093E-03
3.11302416961184E-03
2.97297032363748E-03
3.05458415867702E-03
3.13548714334562E-03
3.21566245449582E-03
3.16836140145942E-03
5.5797055948429E-03
5.31029473799694E-03
5.02180563256328E-03
4.71449741166718E-03
4.24706506325059E-03
4.33337412528507E-03
4.27148344583803E-03
5.55403316768208E-03
5.19843833628762E-03
6.22605268942599E-03
7.60211121655011E-03
7.24830169876631E-03
7.20454385798214E-03
5.15766471406062E-03
5.40747246491015E-03
5.66153122295958E-03
5.91976141899858E-03
5.8288229560659E-03
5.91105643836753E-03
6.53712036109352E-03
1.06733077409904E-02
1.04401263851768E-02
1.13287092868111E-02
1.20452578496109E-02
1.38542548887647E-02
2.11904660919406E-02
2.19034207625207E-02
0.022844942309035
2.37985439647617E-02
2.09344923788988E-02
2.17604159930306E-02
2.23203611412335E-02
0.020296306849269
1.27399920999444E-02
1.56469966977735E-02
1.65066744330929E-02
1.57523114818698E-02
1.55945945718783E-02
1.60978443384808E-02
1.62446226782879E-02
1.71178060686551E-02
1.87843876191867E-02
1.97337722256518E-02
2.03042989686242E-02
2.08792232675731E-02
2.14584474723586E-02
0.020719363135086
2.17242371290441E-02
2.22921301844897E-02
3.42956888294906E-02
3.56470231458372E-02
3.60271257283735E-02
4.04883981796251E-02
0.042502122415951
4.40334797229651E-02
4.50457173341655E-02
0.046063420906651
4.70864607737074E-02
0.048114709454453
4.91480416038023E-02
4.95743055004824E-02
4.99799661598827E-02
5.10022599291495E-02
5.20290439239947E-02
5.23969530079319E-02
0.067619542668816
0.068919025763672
7.02235721861794E-02
7.15330499770491E-02
7.28473292393842E-02
7.41662820910649E-02
7.54897826182817E-02
7.68177068301913E-02
7.81499326146801E-02
7.94863396952148E-02
8.08268095887588E-02
8.21712255647346E-02
8.35194726050122E-02
8.48714373648972E-02
8.62270081351083E-02
8.75860748047103E-02
8.89485288249898E-02
9.03142631742497E-02
9.16831723235011E-02
9.30551522030339E-02
9.44301001698417E-02
9.58079149758837E-02
9.71884967371634E-02
9.85717469036021E-02
9.99575682296876E-02
0.101345864745884
0.102736541730773
0.104129505683924
0.105524664299453
0.106921926440278
0.108321202113029
0.109722402443615
0.11112543965341
0.112530227036078
0.113936678934968
0.107270580970633
0.106246357282321
8.27156263147302E-02
8.72915414800434E-02
8.83234146280287E-02
0.089356142917222
9.16278833952955E-02
0.113966823327483
0.116523527479432
0.119109387278979
9.19407382184916E-02
9.16398672317374E-02
9.92511238649973E-02
0.100317098836534
0.101383442753701
9.97180992703276E-02
9.79961155580034E-02
9.76118777124593E-02
9.43819563275662E-02
9.53354960777884E-02
9.34147842144758E-02
8.27288461779022E-02
7.91432319124428E-02
7.54721605648101E-02
6.12570853631109E-02
4.97739548022702E-02
0.129414613853781
0.136770237621056
0.136484405588791
0.129909025399645
0.126349848398199
0.127485673278795
0.12862094464656
0.128133669304236
0.139070237408495
0.141924681623321
0.143142206639581
0.157787616389608
0.150652847426554
0.148496347684576
0.149724298146376
0.173507118246544
0.174916073087842
0.17632370391112
0.177729956138547
0.179134775641362
0.180538108733041
0.181939902162644
0.183340103108309
0.184738659170912
0.15635383542902
0.088139395689762
0.103908167154706
0.110382932615784
7.47649348262971E-02
0.065651473931871
0.118631689397975
0.107723956298437
0.120318351806352
0.127118408785059
0.115999786983653
0.06242609776679
5.87966575195252E-02
0.059194029635997
5.95907103879279E-02
5.99866863240632E-02
8.12033041216423E-02
0.081733874025554
7.80448045024562E-02
7.85462490295725E-02
8.11831079081521E-02
0.113944516604958
0.112495138276296
0.113194205832137
0.111701573185735
8.81445374214771E-02
8.64618593501747E-02
8.47513411087797E-02
7.85258636880479E-02
8.35039420161759E-02
7.94534863471606E-02
8.21989665850171E-02
8.03767278405859E-02
7.62174314140007E-02
7.89727454547329E-02
7.94173209037818E-02
7.98607632671561E-02
8.03030590079194E-02
7.59945361685695E-02
8.35719262441541E-02
7.92222579853981E-02
7.24063307099286E-02
7.52177351704519E-02
6.09794173112394E-02
6.37503982070465E-02
6.65459084695534E-02
6.19337742377177E-02
5.72700252642821E-02
6.25653323296472E-02
0.065394866832232
5.81376154524234E-02
5.84250279250754E-02
5.87115343953071E-02
5.89971266195589E-02
6.18592658166655E-02
6.73349533122077E-02
6.50525393250737E-02
7.32019704901642E-02
7.87970729232704E-02
7.65234673599891E-02
7.68752072488765E-02
7.98886692661555E-02
0.26214992119594
0.263325954977126
0.267196677915819
0.271086927029988
0.272273799429618
0.273456218727234
0.274634152404944
0.275807568155843
0.276976433882865
0.278140717697661
0.279300387919509
0.280455413074241
0.281605761893207
0.282751403312254
0.283892306470739
0.285028440710561
0.286159775575214
0.287286280808872
0.28840792635549
0.289524682357926
0.28773015396552
0.210055253249604
0.199134815896285
0.208698976695228
0.233076929539764
0.284276055164315
0.270454366476278
0.28038243757706
0.281389590186847
0.279387707189825
0.286404048671407
0.232951002809633
0.236795780401308
0.228472208034289
0.177288352636572
0.174821391416327
0.135402717995447
0.123502924269813
0.117714785495417
0.121207610879335
0.127836470063988
0.11573536857763
0.112966126335952
0.113322869613437
0.110519895144891
0.114030327824765
0.117558275564874
0.117916624536351
9.27003613474839E-02
9.29779326099761E-02
0.106116444276717
0.106428517929704
0.103504182485817
0.107046947302891
0.10735328758174
0.114182410568188
0.111231701804234
0.11482197509721
0.138166392738482
0.161634579616156
0.287760700198607
0.29184882250054
0.285973528047976
0.286725987267903
0.287473253857448
0.288215309449021
0.30239177005047
0.303157376081738
0.300540611224197
0.29790154952555
0.210401174278705
0.207511504065831
0.13640106019702
0.12989018775817
0.126770759013573
0.127067175699255
0.12391907136056
0.193204583145093
0.190184722559438
0.190611456830751
0.173667903460708
0.142720570075588
0.139542280077318
0.181795138231824
0.178678468355205
0.17554369548989
0.175909188217175
0.176271438387476
0.169565219823948
0.16990672934999
9.22160965147721E-02
8.17364069071214E-02
8.18955249728687E-02
9.27557100100851E-02
0.110803721179311
0.111012043837577
0.100455247349903
0.12939388659654
0.144031807304129
0.147897205525876
0.151772698245903
0.260636781811091
0.16317934455427
0.181619629299046
0.171009967380424
0.211384456045413
0.215381940903084
0.208417943880288
0.212413446466302
0.212748533829367
0.205732078981472
0.209727369342477
0.21741495632385
0.254644650134666
0.243931785994268
0.222078063528292
0.222395806324866
0.230133036356616
0.196999946422089
0.186103375682514
0.182627176042515
0.186601656943466
0.16816100123067
0.164635640844307
0.164844105423893
0.345103456013483
0.375572174245865
0.376024849592723
0.376470467674374
0.376909018105636
0.377340490670907
0.377764875324151
0.378182162188885
0.378592341558174
0.378995403894616
0.379391339830341
0.379780140166997
0.380161795875748
0.380536298097266
0.38090363814173
0.381263807488815
0.381616797787696
0.38196260085704
0.382301208685006
0.382632613429243
0.382956807416888
0.383273783144568
0.383583533278394
0.383886050653968
0.384181328276379
0.384469359320206
0.384750137129518
0.385023655217878
0.385289907268341
0.385548887133461
0.385800588835288
0.386045006565376
0.38628213468478
0.386511967724067
0.259112115256817
0.263125814721824
0.251652468736193
0.352496003518052
0.38755152715436
0.387737484347584
0.38791611292111
0.388087408761679
0.388251367925568
0.388407986638597
0.388557261296129
0.388699188463074
0.388833764873896
0.388960987432612
0.389080853212797
0.389193359457585
0.389298503579677
0.389396283161337
0.389486695954399
0.38956973988027
0.38964541302993
0.389713713663932
0.389774640212413
0.389828191275084
0.389874365621241
0.389913162189763
0.389944580089111
0.26907834683216
0.276889546785065
0.300295807658402
0.276897481700658
0.327592414980974
0.331481390843145
0.331464183865875
0.331440704146703
0.33141095222516
0.331374928784929
0.323536572661981
0.331284070803856
0.331229238351107
0.331168138555852
0.334996076032172
0.268716151132603
0.225822829329744
0.233549009082325
0.229592380409654
0.311218837014669
0.311120085205039
0.303240062865551
0.279814437976683
0.283594537023796
0.287366290212976
0.341591922973567
0.33368439996172
0.329655719252632
0.348883262008121
0.21697678984301
0.154904686195579
0.170305326411512
0.158606897558844
0.162383472344096
0.166152531292331
0.173775536187933
0.15051160346929
0.142701315720675
0.142606877706298
0.142509747838093
0.142409928358366
0.149999714630089
0.146045533356517
0.149775131592933
0.153496001476015
0.153373588818941
0.153248284442169
0.149292088963281
0.156813737496896
0.152855050319559
0.122174566983092
0.122062792471908
0.121948719312229
0.133254132974845
7.22675020594776E-02
6.83959132446478E-02
6.07347469448077E-02
6.06719841189226E-02
5.30320702701205E-02
5.29751573741939E-02
4.15778382951708E-02
4.15315573453231E-02
4.14844961641456E-02
4.89705932738586E-02
5.64382329659238E-02
6.38869926155063E-02
0.086330440023058
8.62239175456303E-02
8.23716137426357E-02
8.60060239217321E-02
8.21601075215344E-02
8.20520440647671E-02
7.82177872004384E-02
7.06724942164496E-02
5.94317401767585E-02
0.05934868896257
6.29685606216416E-02
6.65766654684826E-02
7.38661032676673E-02
7.00689159811501E-02
7.36460265016112E-02
7.72106206012366E-02
7.70914724397865E-02
8.43014467319988E-02
8.05083343027074E-02
0.080379001539764
7.66005270550554E-02
9.10407345142263E-02
8.72531238334583E-02
8.34761224141007E-02
7.97099363925981E-02
7.95716652336359E-02
7.94319155853873E-02
7.56865684529551E-02
8.63432662997498E-02
7.54127458793286E-02
5.73514173892799E-02
5.72444416379301E-02
5.71364054853106E-02
5.70273115043591E-02
5.69171622953792E-02
4.97052154252971E-02
0.046063638344311
4.95078584998229E-02
5.64660661438355E-02
5.28287632106895E-02
4.92049742813946E-02
4.55948964466914E-02
4.89985138065143E-02
4.88939296722399E-02
5.22733353064393E-02
5.21593566293649E-02
4.85747919401417E-02
4.15428223989174E-02
4.14493468930429E-02
3.79088523831221E-02
3.78217758161688E-02
3.77340070604638E-02
3.42232256767557E-02
3.41421831959724E-02
4.08726207714236E-02
4.41716990057238E-02
4.74534525990312E-02
5.07176987597877E-02
5.73370215038701E-02
5.71929418092627E-02
6.37593316292576E-02
7.02902966813434E-02
6.34314804533569E-02
6.32658288950512E-02
6.30990321109491E-02
5.96189313555619E-02
5.61554909787752E-02
5.92975057710809E-02
5.91351871934945E-02
6.22480147419853E-02
6.20744340359448E-02
6.18997375619953E-02
6.17239296631369E-02
5.83076981522109E-02
5.81390499145459E-02
5.47488412126159E-02
5.13765657808663E-02
5.76268798485074E-02
5.42622014253114E-02
5.09158117142708E-02
5.07604105568772E-02
5.37668643966817E-02
6.30586337386099E-02
6.60040664076866E-02
6.57953995140728E-02
5.93393252717123E-02
6.22615079122443E-02
6.20594711387228E-02
6.49491596087089E-02
6.47347334939173E-02
5.22298057728623E-02
5.20543887033105E-02
5.49297120302662E-02
5.47420534776964E-02
5.75841874549812E-02
0.060404309675311
5.71830040570847E-02
5.99799181726337E-02
5.97661621691902E-02
5.06186673916598E-02
5.04352238510528E-02
5.02509120153308E-02
5.00657367105226E-02
5.28138029599032E-02
4.09234948392306E-02
4.36809518247559E-02
4.06135869768397E-02
3.75677665730166E-02
4.03009158901355E-02
3.72761577501393E-02
0.037129406594889
3.41372579953631E-02
3.96674173498803E-02
3.38634584039747E-02
3.09152310223054E-02
3.07884423507089E-02
2.78737645001432E-02
2.49818156764119E-02
2.21127372995837E-02
2.75238136303535E-02
3.01468774094094E-02
3.54747126817478E-02
3.26037382481111E-02
3.78712312992528E-02
4.57836123660265E-02
4.02176351062093E-02
4.00373144706978E-02
3.98563481441984E-02
3.70297584358514E-02
3.68596654247196E-02
3.66889840136685E-02
3.91261275138384E-02
0.184325510267201
0.178283469795971
0.169716506355042
0.232874982705818
0.234289899032225
0.233142108621495
0.231990710296138
0.235853905553709
0.249649155756619
0.248386088982434
0.24711924674477
0.24584866618926
0.244574384705299
0.235997546730176
0.242014869740302
0.240729712274878
0.23944100591642
0.238148789303736
0.229747508292029
0.230842901531879
0.234251468187477
0.232945602107621
0.23163642285936
0.230323970654965
0.229008285977602
0.227689409583955
0.22636738250693
0.225042246058407
0.183445514302299
0.202368358652739
0.212206653933271
0.204331641721574
0.187799394582569
0.186644492721816
9.49004138006955E-02
9.21637356216093E-02
9.15827134849068E-02
8.67679556379986E-02
8.83145045581532E-02
8.77436737547819E-02
4.77369237597851E-02
5.15469189824606E-02
5.12052638262764E-02
4.67939661571494E-02
4.24369337433929E-02
4.01413865008588E-02
3.98661921798566E-02
4.15700816254415E-02
3.73487572698064E-02
3.70860848599823E-02
0.147292072998715
0.146238267022874
0.160465375808
0.157400967342051
0.158127777154782
0.158825187751273
0.163202332096957
0.161972364956305
0.129688702263695
0.126881414066749
0.131295328945061
7.85191234014301E-02
7.79006936354717E-02
7.37688429692158E-02
7.31773650236797E-02
7.43135646276336E-02
6.68504549977082E-02
0.067999766585062
5.73193350959347E-02
5.68385036115497E-02
5.63573265821338E-02
6.08060433456109E-02
5.86524859295414E-02
5.97570884961095E-02
5.76312964469967E-02
0.158667501742475
0.157247406370668
0.155826709293907
0.154405471906284
0.152983756171426
0.11821806721338
0.118609920933931
0.117485930147572
0.114888828237634
0.118154871857604
0.117002038231506
0.117279418921022
0.114696357669837
0.113543619660761
0.126266458348167
0.127718420874273
0.126395588019249
0.103555157441662
9.58072719950708E-02
8.29361109613586E-02
0.05990312517579
0.054097857549086
5.35018711485203E-02
5.03868857869961E-02
4.85744686041968E-02
4.80221037197847E-02
4.62529659219901E-02
0.045715593799576
0.043989768834878
4.34674632324616E-02
4.29456650882521E-02
4.01311937236221E-02
4.64338442462861E-02
4.58575261157259E-02
3.75508500748042E-02
3.59837018862853E-02
3.65980231054011E-02
3.39977394172097E-02
3.35509388914251E-02
3.41393514146074E-02
3.26594289299621E-02
3.22147785613409E-02
5.65919238493226E-02
5.38447208770551E-02
4.63284126313553E-02
6.27912623177382E-02
6.65709074430505E-02
6.55957090093433E-02
6.09819403370633E-02
5.19972559840465E-02
5.20889094376314E-02
4.43319872215653E-02
4.27840414923095E-02
4.63178375101391E-02
5.13757278172211E-02
3.09767171847507E-02
2.64578038571492E-02
2.68044617391962E-02
2.55757462259105E-02
2.58985173667252E-02
2.54477485182945E-02
2.57337542412545E-02
2.45508266446481E-02
2.55226862391255E-02
2.92274858330013E-02
2.73148594042927E-02
2.61261675577762E-02
0.025622399883705
0.022544252449627
2.71464928022034E-02
0.027216767304821
2.72641617839703E-02
2.66956810895967E-02
1.74199701187563E-02
1.70447014961976E-02
1.72270731304503E-02
5.27033201982824E-02
5.20401359469199E-02
5.18779450894765E-02
5.06607814760629E-02
4.94508566139273E-02
4.82483413738605E-02
4.70534096484878E-02
4.58662384208948E-02
4.46870078342878E-02
4.35159012626322E-02
0.042353105382189
4.11988102438757E-02
4.00532093463482E-02
3.89164997096943E-02
3.77888819496083E-02
3.66705603519035E-02
1.95589586209543E-02
1.89544528720434E-02
1.86891443260897E-02
1.93766723609804E-02
2.81032299995095E-02
1.81006628421272E-02
1.83459571240754E-02
0.016850660275931
1.56945754322615E-02
1.58882728484902E-02
9.7675077223162E-03
9.38164295471559E-03
1.24623451342957E-02
9.06670768309591E-03
8.46491011558307E-03
9.10068824997099E-03
8.49139606952763E-03
8.06932064794738E-03
1.00042781021178E-02
8.22792436280753E-03
7.93730891782423E-03
8.36205114031586E-03
8.41969316719979E-03
8.29804762162767E-03
8.17501810747488E-03
8.0505929225457E-03
7.5945627515036E-03
7.31016812696878E-03
6.71023363793501E-03
5.4969909633624E-03
5.4010701851672E-03
5.15254952596841E-03
4.90857358571457E-03
4.6692315354542E-03
4.57766600849834E-03
4.76545441335038E-03
4.39163696522441E-03
4.5657544647369E-03
4.59568707095153E-03
4.61859354091424E-03
4.75965166488016E-03
5.98706189889131E-03
5.71620486731836E-03
5.56620383740636E-03
5.52771798755255E-03
0.005481619404323
1.06428968733504E-02
1.03201388029106E-02
9.99508705403801E-03
9.37784401975255E-03
9.24528883326123E-03
8.82749565674019E-03
8.67499684917682E-03
8.34094059534397E-03
8.00572525615823E-03
7.66962338426631E-03
7.33293694998909E-03
6.99599972117303E-03
6.65917976090525E-03
6.32288202870872E-03
5.98755106336511E-03
5.65367371591541E-03
5.32178188914047E-03
4.99245522431227E-03
4.66632365648694E-03
4.34406973521895E-03
4.02643057731315E-03
3.7141992809697E-03
3.40822558521403E-03
3.10941550361734E-03
2.81872959592066E-03
2.53717946457085E-03
2.17518909644238E-03
2.00575060488474E-03
1.75808321192313E-03
1.52394543524183E-03
1.30444883008131E-03
1.10066281911132E-03
9.13579568100043E-04
7.44071072248169E-04
5.92838136595371E-04
4.6035167215739E-04
3.46787961353811E-04
2.51961448918165E-04
1.57735214089271E-04
1.06353814226289E-04
6.42608058860106E-05
3.69487148322541E-05
1.89003782551146E-05
8.41545689774993E-06
2.73270285539582E-06
7.78284275695793E-07
1.52018958217176E-07
1.6257771396272E-08
5.84430793326709E-10
4.28542078535213E-12
6.04633009269428E-16
3.45453391450107E-24
3.07696505068367E-57
0
0
0
0
0
0
0
0
0
0
0
0
0
0
0
0
0
0
0
0
0
0
0
0
0
0
0
0
0
0
0
0
0
0
0
0
0
0
0
0
0
0
0
0
0
0
0
0
0
0
0
0
0
0
0
0
0
0
0
0
0
0
0
0
0
0
0
0
0
0
0
0
0
0
0
0
0
0
0
0
0
0
0
0
0
0
0
0
0
0
0
0
0
0
0
0
0
0
0
0
0
0
0
0
0
0
0
0
0
0
0
0
0
0
0
0
0
0
0
0
0
0
0
0
0
0
0
0
0
0
0
0
0
0
0
0
0
0
0
0
0
0
0
0
0
0
0
0
0
0
0
0
0
0
0
0
0
0
0
0
0
0
0
0
0
0
0
0
0
0
0
0
0
0
0
0
0
0
0
0
0
0
0
0
0
0
0
0
0
0
0
0
0
0
0
0
0
0
0
0
0
0
""
