0
0
0
0
0
0
0
0
0
0
0
0
0
0
0
0
0
0
0
0
0
0
0
0
0
0
0
0
0
0
0
0
0
0
0
0
0
0
0
0
0
0
0
0
0
0
0
0
0
0
0
0
0
0
0
0
0
0
0
0
0
0
0
0
0
0
0
0
0
0
0
0
0
0
0
0
0
0
0
0
0
0
0
0
0
0
0
0
0
0
0
0
0
0
0
0
0
0
0
0
0
0
0
0
0
0
0
0
0
0
0
0
0
0
0
0
0
0
0
0
0
0
0
0
0
0
0
0
0
0
0
0
0
0
0
0
0
0
0
0
0
0
0
0
0
0
0
0
0
0
0
0
0
0
0
0
0
0
0
0
0
0
0
0
0
0
0
0
0
0
0
0
0
0
0
0
0
0
0
0
0
0
0
0
0
0
0
0
0
0
0
0
0
0
0
0
0
0
0
0
0
0
0
0
0
0
0
0
0
0
0
0
0
0
0
0
0
0
0
0
0
0
0
0
0
0
0
0
0
0
0
0
0
0
0
0
0
0
0
0
0
0
0
0
0
0
0
0
0
0
0
0
0
0
0
0
0
0
0
0
0
0
0
0
0
0
0
0
0
0
0
0
0
0
0
0
0
0
0
0
0
0
0
0
0
0
0
0
0
0
0
0
0
0
0
0
0
0
0
0
0
0
0
0
0
0
3.47930904474742E-166
1.17415490748308E-35
6.3873905933488E-21
2.91197012651681E-15
2.92740229404073E-12
2.11779233660179E-10
3.48604672678368E-09
2.59153903912249E-08
1.47618900496777E-07
5.16651760815118E-07
1.20245629262872E-06
2.63286269133754E-06
5.75948712782087E-06
1.98784322472422E-05
3.04207263560148E-05
5.23588859377077E-05
7.61794084077567E-05
1.10685174964887E-04
1.49975306641825E-04
1.98994227453238E-04
2.51648595169018E-04
3.17623724596454E-04
3.23343266636349E-04
4.08701523612372E-04
4.90092009552399E-04
5.66124553432183E-04
6.46123452991201E-04
7.47564422538517E-04
8.77056102400696E-04
1.01903344956442E-03
1.07157904204529E-03
1.19979310619278E-03
1.2882007008207E-03
1.39142126868283E-03
1.49488449623989E-03
1.57818726981347E-03
1.6793341872097E-03
1.0630815258563E-03
1.45820634405325E-03
1.58048876395158E-03
1.39929421080284E-03
1.60087465577276E-03
1.65989325587539E-03
1.68311395768995E-03
1.70001023220533E-03
2.47467203224197E-03
2.59044472629413E-03
2.18899687685866E-03
2.61488520642747E-03
2.67913117621339E-03
2.91951433156687E-03
2.98344252451776E-03
3.0436995849255E-03
4.15031185020114E-03
4.29014743800977E-03
4.32265525070457E-03
4.07264432866076E-03
4.13885634726382E-03
4.66785975674141E-03
4.31927286507354E-03
3.8821290790766E-03
3.92096440301144E-03
4.02071699941544E-03
4.11974258612756E-03
4.28605327949151E-03
4.31553333232771E-03
4.41226485871477E-03
3.99921121866735E-03
2.37591349878243E-03
0.002424592053571
2.47284528982921E-03
2.83575355219157E-03
2.72856693786462E-03
2.9419006836277E-03
3.07741480229509E-03
3.21531954084071E-03
3.01141229731664E-03
3.32322981015216E-03
3.19870386103336E-03
3.51931278346374E-03
4.12250270208532E-03
4.1836537323172E-03
4.2442013837054E-03
4.39979655806013E-03
4.6543994593868E-03
4.71707439174479E-03
3.88303597988543E-03
3.63040838694545E-03
9.59847546310681E-03
7.85577204499586E-03
8.05471809020923E-03
8.25516699806756E-03
8.56414201460316E-03
7.90266971324337E-03
7.98966881854951E-03
6.63763221681933E-03
6.93128569259891E-03
7.0029511211311E-03
1.09531211977479E-02
1.09072136492644E-02
1.13400846136118E-02
0.012034012984934
9.16558332090968E-03
9.5013121856322E-03
9.84059681318541E-03
9.88820061941329E-03
1.02243637739315E-02
9.93311500350395E-03
9.76693837767189E-03
8.56509196694189E-03
8.31118169893742E-03
8.74166579505574E-03
1.19403234862155E-02
1.89036589118146E-02
1.94418415031862E-02
1.99841932762282E-02
2.05306325216524E-02
0.02108107873922
2.16354526177703E-02
0.021971739255056
2.27556719384889E-02
2.33213645236421E-02
2.38906790158658E-02
2.44635417497233E-02
2.50398801294683E-02
2.56196226095239E-02
2.62026986751352E-02
2.51816964938232E-02
2.73785745434055E-02
2.79712382993486E-02
2.85669635102145E-02
2.91656845324625E-02
2.97673366418648E-02
3.03718560157956E-02
3.09791797157904E-02
1.89535474022298E-02
1.89991756683521E-02
1.83777217632306E-02
1.93924676197336E-02
1.87306460071299E-02
1.97667993482321E-02
0.027537009076212
2.83858461956602E-02
2.63241496082708E-02
2.56634507304446E-02
2.64793623248399E-02
0.025386257252383
2.46345441183102E-02
0.02702516027435
2.58465727293053E-02
2.37971456406875E-02
2.54221813529604E-02
9.31120459893386E-03
9.45413980953345E-03
4.79872526810767E-03
5.31334158644244E-03
5.84122884976822E-03
5.01476553391452E-03
5.08711986670066E-03
5.62869407098022E-03
6.18363869273094E-03
6.26970529769356E-03
6.84486491221239E-03
6.44235509908134E-03
5.52447670801785E-03
5.08896631091593E-03
5.15579782542875E-03
5.74501611741255E-03
5.81877393175486E-03
5.35695141946588E-03
5.96662956487712E-03
6.04071854782723E-03
5.55900832932444E-03
5.62654282329507E-03
7.40241050547983E-03
8.06660653445515E-03
8.16149415272339E-03
7.66673541971624E-03
7.75503092807807E-03
8.44675141416081E-03
8.54201813528499E-03
9.87127643754638E-03
9.35656356085901E-03
9.45888268431653E-03
0.010836110279408
1.15964779573101E-02
1.23705847193024E-02
1.25005142733774E-02
1.06362180932888E-02
1.14173454004819E-02
3.25658994777709E-02
3.01534798896962E-02
3.11471367209793E-02
3.00575424380956E-02
2.96464604023197E-02
5.77307045161013E-02
4.46140981280942E-02
4.57657348658739E-02
3.59316246841213E-02
3.84881433550162E-02
0.047061904230421
3.46780849483824E-02
3.57541916539824E-02
3.53087843013135E-02
3.79473382720885E-02
3.75017670585874E-02
3.23135758065851E-02
2.14645338039022E-02
2.32529755890985E-02
2.34513646516697E-02
1.87566255934094E-02
0.027137207103592
2.90209471107322E-02
2.75878717109931E-02
2.94986273203421E-02
0.062872996045651
3.34014455023581E-02
3.97097012693017E-02
4.00225752446835E-02
0.041212038564856
3.97638818547153E-02
0.056096808429832
6.45985990299559E-02
6.32781286830824E-02
7.37696797587619E-02
8.99143214061088E-02
9.24241884506941E-02
9.30982968037951E-02
9.37716081998883E-02
9.44440983945321E-02
9.41645858802773E-02
3.63988772391068E-02
3.56888686900342E-02
3.59363862271006E-02
3.71614899425118E-02
3.74149739731042E-02
0.03667681787652
3.69228929543838E-02
3.51594734310465E-02
3.53915168446136E-02
3.76587937488054E-02
3.27812250603467E-02
3.19613135277452E-02
2.80150787187379E-02
2.40158926846125E-02
2.31160844973008E-02
1.90310560405514E-02
2.02125489429712E-02
2.14068664623808E-02
0.021537111047845
2.27504516979138E-02
2.17968197017571E-02
2.08299616603105E-02
2.09526869206027E-02
1.99659321472071E-02
1.78503990105693E-02
1.90751432481032E-02
1.91839931711852E-02
1.58880196736812E-02
1.59772499024644E-02
0.011475907523616
1.15393420128215E-02
1.27628851639025E-02
1.28323229934966E-02
0.014074459182864
1.41498292700438E-02
1.42250057900749E-02
1.31083209350141E-02
0.013176871646724
1.32452387223278E-02
1.33134201208095E-02
1.45979059786357E-02
1.58945301098231E-02
9.83042184128924E-03
7.40959012483803E-03
8.68729998030151E-03
1.12242244674048E-02
1.12788999233332E-02
0.010074142637609
8.85714240418455E-03
8.89927928589319E-03
8.94128423944965E-03
8.98315605872536E-03
9.02489354500296E-03
7.77128186308553E-03
6.50568625749449E-03
6.53520580638673E-03
6.56462603056121E-03
5.27515687984862E-03
6.62316518904708E-03
6.65228247827376E-03
6.68129715256021E-03
6.71020840201595E-03
6.73901542176567E-03
6.76771741192475E-03
5.43705086206034E-03
4.0948818772461E-03
4.11191116822537E-03
4.12887555139021E-03
4.14577456157394E-03
4.16260773652332E-03
4.17937461688619E-03
2.7973831641329E-03
2.8084717805845E-03
2.81951529346532E-03
1.41525670209899E-03
2.8414658161007E-03
2.85237223438018E-03
2.86323236612456E-03
2.87404592029671E-03
2.88481260772752E-03
4.34329821166422E-03
4.35930635248552E-03
4.37524290865049E-03
4.39110745751912E-03
4.40689957920729E-03
4.42261885657822E-03
4.4382648752341E-03
4.45383722350801E-03
2.97955699497061E-03
4.48475927584902E-03
4.50010817016615E-03
6.02050903278198E-03
6.04077292130984E-03
6.06093536521653E-03
6.08099584081936E-03
6.10095382799941E-03
7.65101101274117E-03
7.67570034297878E-03
9.24031156663716E-03
1.08145635751488E-02
7.74898560224561E-03
7.77315101807489E-03
7.79718389620057E-03
6.25686689739872E-03
6.27587966736961E-03
6.29478494195555E-03
0.00789197779965
7.91533885337637E-03
7.93856374550682E-03
7.96165188725275E-03
7.98460269414641E-03
8.00741558603379E-03
8.03008998706778E-03
6.44210026056116E-03
6.46001682774527E-03
8.09727655104243E-03
9.74326957931939E-03
1.46544565957986E-02
1.46937534820839E-02
1.47327940452592E-02
1.47715773104143E-02
1.64556692336612E-02
1.64981867614382E-02
1.98484982445908E-02
1.98988242138689E-02
1.99488007726022E-02
1.99984266819837E-02
1.83770589872343E-02
1.84219031774751E-02
1.84664225881595E-02
2.01933994045547E-02
2.02412538396398E-02
1.85980212047104E-02
0.022030545260779
2.03826652653568E-02
2.21315046921039E-02
2.21813959920451E-02
2.22308933822158E-02
2.22799956517551E-02
2.23287016006789E-02
1.89343931106608E-02
1.72499383008319E-02
1.90151328120011E-02
2.07872663730564E-02
2.08303802742267E-02
1.91336950799472E-02
1.74295751908298E-02
1.57181131630839E-02
0.015749327139867
1.75336209404357E-02
1.75676750382666E-02
2.11216966176969E-02
2.11618038661746E-02
1.76679423530344E-02
1.77007304436241E-02
1.77332000370914E-02
1.77653503519105E-02
1.60174625533651E-02
0.016045821054874
1.60738901402618E-02
1.96798178328921E-02
1.61291573760273E-02
1.61563542017215E-02
1.79813988465821E-02
1.62098710129248E-02
1.80402107982932E-02
0.018069127166366
1.80977162059518E-02
2.35637704053935E-02
2.36000824532249E-02
2.18178150885818E-02
2.36714212290917E-02
2.37064462588391E-02
2.73935083871343E-02
2.74329270425152E-02
2.93033033246731E-02
2.75102669362447E-02
2.75481863390141E-02
2.75856041759915E-02
2.57810182563478E-02
2.76589316177456E-02
3.13874847509026E-02
3.51249735999859E-02
0.035169176408123
3.52127373953182E-02
3.34000947149593E-02
0.027866786689041
0.027899652014664
2.42077398021711E-02
2.42353386377066E-02
2.42624942688696E-02
0.024289206055951
2.24450523415187E-02
1.87240735328591E-02
1.68692345423079E-02
1.68864939312006E-02
1.69034439405419E-02
1.31600654671549E-02
1.31727666271458E-02
1.50688299961513E-02
1.88534914759867E-02
0.018870599571684
1.69986252429481E-02
1.70133988600153E-02
1.70278601194825E-02
2.08291217231169E-02
2.08460318218221E-02
0.020862558935127
2.08787026762087E-02
2.08944626673335E-02
2.09098385398574E-02
2.28270872009744E-02
2.28430216363388E-02
2.28585358862586E-02
2.47797653872653E-02
2.67030194546818E-02
2.48111001103919E-02
2.48260825913671E-02
2.48406080154161E-02
2.29427778863741E-02
2.10423961402893E-02
2.10535249777533E-02
2.10642659820327E-02
2.29904933483861E-02
2.30013638164057E-02
2.49294612708081E-02
2.30218328671984E-02
2.30314309730164E-02
2.30406044976854E-02
2.30493532275379E-02
2.11362038789291E-02
2.11434442062703E-02
2.30730486603991E-02
2.11567549167471E-02
1.53911454473049E-02
1.15464571003563E-02
1.34742324604384E-02
1.15520140441216E-02
1.15544728437134E-02
1.15567184505202E-02
1.15587508123036E-02
0.011560569881789
1.54162341555549E-02
1.73453519693829E-02
1.73471204072617E-02
1.54209499533412E-02
1.54219527168393E-02
1.73505047078345E-02
1.54231043403489E-02
1.54232531735808E-02
1.73510070160985E-02
0.017350533973906
1.92774896718899E-02
1.92762524743664E-02
2.12021254701493E-02
2.11999819248664E-02
2.11974471358044E-02
2.11945211619144E-02
1.92647309738624E-02
1.92613599463277E-02
0.01925763350664
1.92535517414852E-02
0.021174026220405
1.92443226228846E-02
1.92391754841757E-02
1.92336734494736E-02
1.92278166468281E-02
1.92216052125608E-02
1.92150392912656E-02
1.92081190358076E-02
2.11209290680556E-02
2.30318594102642E-02
2.30222807006115E-02
2.10945878210541E-02
1.91682086753302E-02
1.91591660882349E-02
1.91497704686117E-02
1.72260198319386E-02
1.72169289145412E-02
1.72075208815657E-02
1.91086621694004E-02
1.90975048379049E-02
1.90859959120637E-02
1.71667220944589E-02
1.52495394881143E-02
1.52394898369024E-02
1.33255148333274E-02
1.33162309414008E-02
9.50478724891619E-03
7.59824495847474E-03
7.59252043227882E-03
7.58665635444654E-03
9.47581607773071E-03
7.57451009600474E-03
7.56822819972394E-03
7.56180732046396E-03
7.55524760865135E-03
9.43568652252161E-03
1.13125684583962E-02
1.13021055475979E-02
1.12914353400976E-02
1.12805580863181E-02
1.12694740416382E-02
1.12581834663928E-02
9.37223885489368E-03
7.48998919354903E-03
9.35256269579012E-03
9.34246769991983E-03
9.33220174191961E-03
1.49148241016211E-02
1.48978526568861E-02
1.48806088528387E-02
1.67209797330658E-02
1.85566322496657E-02
1.66806533066118E-02
1.66600330585058E-02
0.022185478356689
2.03107433567058E-02
2.02844278298448E-02
1.84161295779043E-02
1.65523811776268E-02
1.65299442394464E-02
0.018341340374795
1.83157422337923E-02
1.64608298053543E-02
1.82635469735463E-02
1.64132559844157E-02
1.45680191101822E-02
1.45462127966025E-02
1.27086246465831E-02
1.26890825299378E-02
1.62891132592375E-02
0.016263396599694
1.62373853162972E-02
1.62110800300716E-02
1.79827570772098E-02
1.79528777449649E-02
1.97149412489087E-02
2.50490046147352E-02
2.32196839531722E-02
0.023179158844371
2.66979411292754E-02
2.66502176992233E-02
2.48285465294074E-02
2.47831094997138E-02
2.29702817720997E-02
2.29272630849663E-02
2.28838323682584E-02
2.28399906698369E-02
2.10422206600254E-02
1.75008296717624E-02
1.57195456095427E-02
1.56880629652505E-02
1.91354772089061E-02
1.73602845420119E-02
1.90568074923599E-02
0.017288146961091
1.72516149634151E-02
1.72147753438434E-02
1.88953918999911E-02
1.88541945216101E-02
1.88126617488389E-02
2.04772304690492E-02
0.020431193551781
2.03847941015063E-02
2.03380332555834E-02
2.02909121614312E-02
2.19303846412485E-02
2.18785600241701E-02
2.18263489327672E-02
2.00988486034699E-02
2.00499438321312E-02
2.16674097345325E-02
2.16136657225101E-02
2.15595417792952E-02
2.15050392464268E-02
2.31001717438582E-02
2.30406656661753E-02
2.13392736903011E-02
2.29204450830997E-02
2.44925716863855E-02
2.44270963611702E-02
2.27371157004029E-02
2.26752124037364E-02
2.42281231416698E-02
2.41609551960408E-02
2.40933682839978E-02
2.24236731662649E-02
2.07626851278047E-02
1.91104886604166E-02
1.90550921507497E-02
1.74160867611844E-02
1.57860964569154E-02
1.41652040183531E-02
1.41226782283234E-02
1.40799105240092E-02
1.55965577734633E-02
1.86582049909324E-02
2.01502410368569E-02
1.85419233277606E-02
1.84833089837787E-02
1.84243809704053E-02
1.83651408049993E-02
2.28819875193885E-02
2.12866851639224E-02
1.97010262899518E-02
2.11459375649942E-02
0.018064311547776
1.80032309295187E-02
0.01943700316856
1.78801675980227E-02
1.93030371095954E-02
1.92355715635602E-02
1.91677866979716E-02
1.90996842961798E-02
1.90312661533668E-02
1.89625340765825E-02
2.03468352605321E-02
2.02721458249178E-02
2.01971242218006E-02
2.15590419093789E-02
0.021477956267502
0.022822955940723
2.27357214637797E-02
2.54791337967533E-02
2.53801695356815E-02
2.38763078366226E-02
2.23831266442736E-02
2.22940756132978E-02
1.94290849076179E-02
2.07327259084641E-02
2.06482458487583E-02
0.020563438818218
2.04783071420095E-02
0.019033329615932
2.03070792264581E-02
0.020220987710849
2.01345809971738E-02
0.020047861484404
1.99608315864798E-02
1.72236945680657E-02
1.58286802929715E-02
0.014445129561328
1.17657941700611E-02
0.011712667118785
1.42503322105744E-02
1.41849674748929E-02
1.28358088064634E-02
1.91640009802065E-02
2.16172037912874E-02
2.15148859404927E-02
2.01527063576118E-02
2.00558121876272E-02
1.99586247121389E-02
1.98611467560118E-02
1.85281698389775E-02
1.84362476144432E-02
1.83440611079106E-02
1.94683872360868E-02
2.05800936066004E-02
1.92703393333597E-02
1.91709085906533E-02
1.90712106048269E-02
0.01897124836224
1.76915858135977E-02
1.87705431452892E-02
1.86698062371316E-02
1.85688172049146E-02
0.01846757912935
1.72182141660607E-02
1.59813222342868E-02
1.58921015228087E-02
1.58026738512789E-02
1.79577622871086E-02
1.45072652880718E-02
1.22046390555836E-02
1.21337460044766E-02
1.09660921899374E-02
9.81123342943226E-03
1.08365151115016E-02
1.29258338043155E-02
1.49889764417314E-02
1.48976351120616E-02
1.37485385276127E-02
1.47144293329085E-02
1.56670402195062E-02
1.55684422004483E-02
0.014438357922954
1.53707245099908E-02
1.32353965683555E-02
1.31493555044493E-02
1.50728934063332E-02
1.39750755122787E-02
1.38819725557883E-02
1.28038190105005E-02
1.27171065828564E-02
1.65165053617171E-02
1.73676582027852E-02
1.62889152563573E-02
1.61748902295655E-02
1.60607172568043E-02
1.59464004008381E-02
1.76945253709858E-02
1.75664516021223E-02
1.46848259687505E-02
1.45767307360577E-02
1.44685196125981E-02
1.43601965884883E-02
1.60332363931588E-02
0.015911134811973
1.57889210064032E-02
1.56665995982433E-02
1.72713058262469E-02
1.71351695927421E-02
0.018698822381532
1.93919792502068E-02
1.83987744246679E-02
1.90780843400041E-02
1.89209914366875E-02
1.95796277395611E-02
1.86065461041542E-02
1.92513457780209E-02
1.43153195005268E-02
1.41920803450576E-02
1.40687969746221E-02
1.47202231234411E-02
1.38221182258432E-02
0.014459774008642
1.43295096703523E-02
1.49465539828744E-02
1.70308094087048E-02
1.68730724462243E-02
1.67153331642644E-02
1.58377030028165E-02
1.63998758266072E-02
1.62421720157053E-02
1.67838202193507E-02
1.66193219368266E-02
1.57692467974066E-02
1.49329224099347E-02
1.74699562924571E-02
1.66269085056928E-02
0.018430562207785
0.018890478285444
1.80477077915827E-02
0.01785644766459
1.64035037410064E-02
1.68502271839175E-02
1.66661852036515E-02
1.95345675091795E-02
2.05241065724029E-02
0.028648865043973
2.89128951189437E-02
3.20800561367619E-02
3.11307687790443E-02
0.036462423667276
0.034340747999806
3.11477173021141E-02
0.039561424086338
3.85337185703243E-02
3.80561600382773E-02
3.49328821504029E-02
3.44903032007618E-02
3.40484388432695E-02
3.41165180578845E-02
3.26644333320379E-02
3.42150164140895E-02
3.71808998855041E-02
4.82587866063332E-02
4.75966736500511E-02
4.69359419165446E-02
0.046276636008257
4.56188010460592E-02
4.49624826793958E-02
4.43077270966599E-02
4.23449436047267E-02
4.21430299592652E-02
4.23533072446008E-02
4.17052758367528E-02
0.041059046618679
4.04146692436683E-02
3.97721939833347E-02
3.91316717399711E-02
3.84931540591683E-02
3.78566931427019E-02
0.037222341861691
3.65901537700338E-02
3.59601831181196E-02
0.035332484866824
3.47071147017846E-02
3.40841290479656E-02
3.34635850845081E-02
3.28455407598683E-02
3.22300548072468E-02
3.16171867603072E-02
3.10069969691843E-02
3.03995466167805E-02
2.97948977353507E-02
2.91931132233701E-02
2.85942568626856E-02
2.79983933359425E-02
2.74055882442842E-02
1.98437720127343E-02
1.94097711487858E-02
1.94911072483117E-02
0.019802374955455
1.95918415456105E-02
1.67417451641767E-02
0.017510475435873
1.75417094727758E-02
0.01710884127897
1.75453103194818E-02
1.68850603702637E-02
1.54167735397647E-02
1.02046277224082E-02
1.45999002343189E-02
1.43854006480114E-02
1.32437031494487E-02
1.30408937320042E-02
1.23105917751988E-02
1.42952913587563E-02
1.36934368315989E-02
1.32636949268492E-02
1.26851290168019E-02
1.12338088394407E-02
9.8561840734851E-03
7.58580609998739E-03
6.65278678026955E-03
6.54024961678542E-03
7.65564199011137E-03
5.81975276912745E-03
6.27808598016392E-03
5.5371647250152E-03
5.3687042592256E-03
5.42336027487001E-03
5.47508427751554E-03
5.41552358998381E-03
5.24824583558723E-03
5.92991408107655E-03
6.48911518855113E-03
7.44641408522802E-03
7.56050739373666E-03
7.36590743686513E-03
6.17667439017764E-03
6.39156272385082E-03
7.27699548165565E-03
7.17812296927332E-03
5.19072119446428E-03
4.37249726504165E-03
4.12531015589333E-03
5.50840942811718E-03
5.60174003639276E-03
6.65134217044511E-03
6.97452259223546E-03
6.94369114408172E-03
6.90887712760418E-03
7.36075758245678E-03
7.22873885852674E-03
7.17434003546089E-03
6.88370492018919E-03
6.82539259582771E-03
6.5399043913721E-03
6.55049951302751E-03
6.55376253178454E-03
5.50447861563877E-03
5.38027369881624E-03
5.32161262512405E-03
5.12895768112124E-03
4.68531962796442E-03
4.31867626210801E-03
2.40258676642857E-03
2.33693928142849E-03
2.27089355246575E-03
3.41693308393756E-03
2.99278481404867E-03
2.89885918414616E-03
2.65428695048569E-03
2.61306475149981E-03
2.52147098922357E-03
2.42964328337971E-03
3.50646557529564E-03
3.36831014888093E-03
3.11047585511293E-03
2.9774665039011E-03
2.80818618295112E-03
2.53832387798662E-03
2.64635012581745E-03
2.48024084036898E-03
2.22915042674078E-03
2.30103608261578E-03
2.16613186803177E-03
2.05750579518483E-03
2.20241312932387E-03
2.05214914837577E-03
1.62383608230735E-03
1.50045737450413E-03
1.39692544535606E-03
1.55857570057844E-03
1.23352381146863E-03
1.11515526233289E-03
1.02424415892366E-03
9.12627224719928E-04
8.06329077499547E-04
4.91635285716779E-04
4.18924069568383E-04
2.64504028158791E-04
2.48200335948202E-04
2.06458429100952E-04
2.19430341056893E-04
1.5963810746585E-04
1.58959915700065E-04
1.19621042454499E-04
9.08105372345277E-05
5.95745797570624E-05
3.13135367612804E-05
2.05953753503527E-05
1.17737483870327E-05
6.18130620175791E-06
1.26742299758508E-06
5.84864746553325E-07
2.05124149868352E-07
6.23453824527761E-08
1.40730761446677E-08
1.68029102004959E-09
9.56379582225434E-11
1.50022997877528E-12
1.61211922655092E-15
5.37636923141785E-21
6.68134451790756E-35
1.16658229383593E-141
0
0
0
0
0
0
0
0
0
0
0
0
0
0
0
0
0
0
0
0
0
0
0
0
0
0
0
0
0
0
0
0
0
0
0
0
0
0
0
0
0
0
0
0
0
0
0
0
0
0
0
0
0
0
0
0
0
0
0
0
0
0
0
0
0
0
0
0
0
0
0
0
0
0
0
0
0
0
0
0
0
0
0
0
0
0
0
0
0
0
0
0
0
0
0
0
0
0
0
0
0
0
0
0
0
0
0
0
0
0
0
0
0
0
0
0
0
0
0
0
0
0
0
0
0
0
0
0
0
0
0
0
0
0
0
0
0
0
0
0
0
0
0
0
0
0
0
0
0
0
0
0
0
0
0
0
0
0
0
0
0
0
0
0
0
0
0
0
0
0
0
0
0
""
