0
0
0
0
0
0
0
0
0
0
0
0
0
0
0
0
0
0
0
0
0
0
0
0
0
0
0
0
0
0
0
0
0
0
0
0
0
0
0
0
0
0
0
0
0
0
0
0
0
0
0
0
0
0
0
0
0
0
0
0
0
0
0
0
0
0
0
0
0
0
0
0
0
0
0
0
0
0
0
0
0
0
0
0
0
0
0
0
0
0
0
0
0
0
0
0
0
0
0
0
0
0
0
0
0
0
0
0
0
0
0
0
0
0
0
0
0
0
0
0
0
0
0
0
0
0
0
0
0
0
0
0
0
0
0
0
0
0
0
0
0
0
0
0
0
0
0
0
0
0
0
0
0
0
0
0
0
0
0
0
0
0
0
0
0
0
0
0
0
0
0
0
0
0
0
0
0
0
0
0
0
0
0
0
0
0
0
0
0
0
0
0
0
0
0
0
0
0
0
0
0
0
0
0
0
0
0
0
0
0
0
0
0
0
0
0
0
0
0
0
0
0
0
0
0
0
0
0
0
0
0
0
0
0
0
0
0
0
0
0
0
0
0
0
0
0
0
0
0
0
0
0
0
0
0
0
0
0
0
0
0
0
0
0
0
0
0
0
0
0
0
0
0
0
0
0
0
0
0
0
0
0
0
0
0
0
0
0
0
0
0
0
0
0
0
0
0
0
0
0
0
0
0
0
0
0
0
0
0
0
0
0
0
0
0
0
0
0
0
0
0
0
0
0
0
0
0
0
0
0
0
0
0
0
0
0
0
0
0
0
0
0
0
0
0
0
0
0
0
8.42510201665648E-268
8.48575296531078E-34
2.34446405655933E-19
4.80675626882343E-14
2.44384839281276E-11
1.35075133002501E-09
1.54850869686101E-08
1.00399787193942E-07
4.58089357577159E-07
1.41294733244414E-06
2.90647047028178E-06
6.00140093481073E-06
1.03495076806342E-05
1.67528802647821E-05
2.60320296014506E-05
3.57006014271283E-05
5.16350675566882E-05
7.17381679743775E-05
9.335634030987E-05
1.1819192686764E-04
1.41456331304453E-04
1.7717907272175E-04
2.17875080244504E-04
2.71630660676081E-04
3.33039818583704E-04
3.7058955178413E-04
4.19801001633248E-04
5.11591874387938E-04
5.54556411995441E-04
7.45360742248002E-04
8.3646131297969E-04
9.3265514655234E-04
9.04589526834801E-04
1.32590781941475E-03
1.75072630760725E-03
9.64088487471398E-04
1.02842337930556E-03
1.18435636196605E-03
1.76986720912715E-03
2.03989460820511E-03
2.11349430475323E-03
2.07064170881221E-03
1.8552917862781E-03
2.31272723038825E-03
2.67340414978797E-03
2.5163490422549E-03
1.82299104518705E-03
2.52427514684774E-03
2.51673928079423E-03
4.37769275717975E-03
2.37092305982221E-03
1.89181500016876E-03
1.8937265683791E-03
2.71933916096097E-03
2.55495623951273E-03
2.75148831462251E-03
2.82569068075108E-03
2.96510303126953E-03
3.51240886188253E-03
3.39008575914123E-03
3.82364642983243E-03
3.5483197242487E-03
2.91416407311582E-03
2.8393650883478E-03
2.90875195806915E-03
3.14741183958648E-03
3.39778813818592E-03
4.14164715179241E-03
4.53969386595499E-03
5.9093696630468E-03
6.28383599201372E-03
5.98183010138586E-03
5.51540613969998E-03
5.61761490036643E-03
6.23235917611765E-03
6.88057902932498E-03
7.14264197512017E-03
7.26273679227188E-03
7.07446789661285E-03
7.16900284952543E-03
7.09434704034528E-03
7.33396307702785E-03
6.88735772445729E-03
6.75422177803267E-03
6.78416602525607E-03
7.37186207367021E-03
7.20538679838807E-03
6.81729954494251E-03
7.4277627522196E-03
7.21455408738628E-03
6.32506506494969E-03
6.72193051129619E-03
6.44189279246428E-03
6.61120096142207E-03
6.78169559176013E-03
6.70501276880814E-03
7.12612440576467E-03
8.34285733365702E-03
8.80975721561095E-03
9.29041824473004E-03
9.50534891426803E-03
1.20088859984667E-02
1.25696299076934E-02
1.31446269372289E-02
7.32476635207559E-03
7.16880842262553E-03
7.00055026602653E-03
7.14463798053071E-03
7.28936592055298E-03
7.43471610535987E-03
7.58067088763918E-03
7.72721294500192E-03
7.87432527169426E-03
8.38662713281132E-03
9.2843116419773E-03
9.45331635391466E-03
8.85306360076009E-03
1.05764730221621E-02
1.07608014829597E-02
9.72950560325229E-03
1.03066035980848E-02
9.64049083736658E-03
8.52116627735296E-03
6.92772995161795E-03
7.03880917589074E-03
7.59704588995708E-03
7.26177524036422E-03
6.45193748888617E-03
6.55003498002794E-03
7.12321899162909E-03
7.71067173630785E-03
6.84552727917322E-03
6.44837007664129E-03
6.54034083002967E-03
7.14265608128067E-03
6.72473983048235E-03
7.86594750003704E-03
7.97273507454233E-03
8.07967036448348E-03
9.27831205510465E-03
9.39981503392465E-03
9.52146049083228E-03
0.010210489781214
9.76514664373692E-03
1.04687698453639E-02
1.05980900105594E-02
1.07275194379722E-02
1.14602195962805E-02
1.22074158337152E-02
1.17339608711045E-02
1.18709589840779E-02
1.20080313859156E-02
1.08667312169447E-02
1.16359271849188E-02
1.04586239087401E-02
1.05742378999004E-02
1.06898820385599E-02
1.08055500801125E-02
1.02386586142517E-02
1.03471249388515E-02
9.0615169898333E-03
9.15552542393553E-03
9.24952880185262E-03
9.34352239773009E-03
1.08894248532819E-02
1.24642190256196E-02
0.01258705896874
1.34575010357388E-02
1.43423428444162E-02
1.52415700670439E-02
1.23086987375454E-02
1.16475798038322E-02
1.17556968249367E-02
1.10728344943999E-02
1.11736223442619E-02
1.20796529856566E-02
1.13749914007673E-02
1.14755638107415E-02
1.07491945641014E-02
9.1743635757128E-03
8.41198622061181E-03
8.48357529106111E-03
8.5550947600157E-03
9.48919584947539E-03
1.04374957643616E-02
0.010523047483674
9.72445992782878E-03
0.010693855127531
1.07791042751518E-02
9.95889202036858E-03
8.21195738378023E-03
9.19516083943317E-03
1.01924094019256E-02
1.02700312831153E-02
0.010347539638034
9.47721051215432E-03
9.5474583463658E-03
9.61759512509634E-03
1.06563801042616E-02
1.07332777760802E-02
1.08100448718343E-02
1.18763766912003E-02
1.29564811130289E-02
1.20431293504425E-02
1.11157526780176E-02
9.15694852797124E-03
9.21907022177336E-03
8.24983970678313E-03
8.30483977104154E-03
9.40469332499706E-03
1.05181259121665E-02
9.52780264988719E-03
8.52369710907518E-03
8.57811650346217E-03
7.55336250183556E-03
7.60076508597632E-03
6.55547840279581E-03
6.59592009360871E-03
6.63626526091436E-03
6.67651260085118E-03
6.71666081936533E-03
6.75670863209328E-03
6.79665476424722E-03
7.97591427558725E-03
8.02227642404181E-03
6.91587047069622E-03
6.95539732033842E-03
5.82901354607419E-03
8.20648039862364E-03
7.07332551162516E-03
5.92701118357945E-03
5.95949049054833E-03
4.79349988798166E-03
6.02416331165514E-03
6.05635487237458E-03
4.87075886068881E-03
6.12044346270639E-03
4.92187086424263E-03
3.71047978966854E-03
3.72949543856557E-03
3.74844953532298E-03
5.02312203243069E-03
6.31028475640892E-03
6.34156162672205E-03
6.37273224476723E-03
6.40379571016415E-03
7.72170135457231E-03
6.46559761282954E-03
6.49633428052251E-03
6.52696025631755E-03
6.55747467072327E-03
6.58787666028224E-03
6.61816536752567E-03
6.64833994092932E-03
8.01407944184452E-03
9.39168063342008E-03
1.21287067760351E-02
0.01218218412841
1.22354485340115E-02
1.22884985227347E-02
1.78263693611917E-02
1.79023713845072E-02
1.52122024256176E-02
1.52759753205422E-02
1.39449794107166E-02
1.40024607237986E-02
1.40596926750444E-02
1.41166737197089E-02
1.27560620914609E-02
1.13839015713972E-02
1.14288769027083E-02
1.00394408200526E-02
1.00784334215892E-02
1.15625646376106E-02
1.16067105140202E-02
0.010194315325209
1.02325739195323E-02
8.80341126450686E-03
8.83588456465228E-03
8.86819669449035E-03
1.03837379436799E-02
1.19097787582862E-02
1.19522101880157E-02
1.19944222650307E-02
1.20364138946899E-02
1.35879569891196E-02
1.21197314732273E-02
1.21610552725829E-02
1.06768850347938E-02
0.012243027576856
1.07482147320514E-02
9.24306937046123E-03
1.08187468275184E-02
1.08537115220843E-02
1.08884741267557E-02
1.09230337591256E-02
1.40880722702228E-02
1.25617606981829E-02
1.26005555417452E-02
1.26391144596677E-02
1.10927569214502E-02
1.27155206449911E-02
1.27533659944961E-02
1.43898430303462E-02
0.014431878527582
1.12572772560094E-02
1.12895478621995E-02
1.29389776296224E-02
1.29753704579285E-02
1.46379577455217E-02
1.46783467670184E-02
1.30830736272113E-02
1.31184799516056E-02
1.31536374483406E-02
1.31885452514604E-02
1.32232025023429E-02
0.011600407305975
9.96882146211973E-03
0.01165995465693
1.00194818002311E-02
8.37043808317326E-03
8.39114828029756E-03
6.72935860276167E-03
6.74567000190284E-03
5.07138931880023E-03
5.08342910944972E-03
5.09537158133604E-03
5.10721644511725E-03
5.11896341414542E-03
5.13061220446313E-03
6.85621671306686E-03
6.87148550209349E-03
6.88662227182319E-03
5.17621999346399E-03
5.18737372480657E-03
5.19842763001357E-03
5.20938144387242E-03
5.22023490383681E-03
5.23098775002406E-03
5.24163972521261E-03
5.25219057483954E-03
5.26264004699819E-03
7.03065052324781E-03
8.80538977425263E-03
1.05867554387879E-02
1.06068384313182E-02
1.23978356009399E-02
1.24207864210907E-02
1.24434967524525E-02
1.24659660566474E-02
0.012488193801453
1.25101794607982E-02
1.25319225147599E-02
1.43467685137818E-02
1.43710614372078E-02
1.61944597764665E-02
1.80235121332513E-02
2.34686788818711E-02
2.35063358836255E-02
1.99214534476355E-02
2.17664104933979E-02
2.17999028733149E-02
2.00135567717057E-02
0.018221345140626
1.82481929527243E-02
1.82746853270358E-02
1.64707394789635E-02
1.46612810319588E-02
1.46816189313392E-02
1.28639617202987E-02
1.28812559593134E-02
1.28982988782816E-02
1.47601029481301E-02
1.47790047677873E-02
1.47976180222598E-02
1.48159422780455E-02
1.29797299700257E-02
1.29952568325465E-02
1.30105297197998E-02
1.30255482768175E-02
0.013040312154715
1.11898465805915E-02
1.12020638640181E-02
1.49520826469335E-02
1.49677875545883E-02
1.31102995721304E-02
1.31235283892564E-02
1.12598573616954E-02
1.31492148700395E-02
1.31616719392593E-02
1.50558527712722E-02
1.31858122948166E-02
1.50828514550369E-02
1.50959075314225E-02
1.51086676931538E-02
1.51211316456606E-02
1.51332991013099E-02
0.011358877334554
0.013262150480413
1.32720172504744E-02
0.01328162363976
1.32909694269336E-02
1.33000543967263E-02
0.015210146674213
1.52199326324895E-02
1.52294198172949E-02
0.01523860801034
1.52474970002677E-02
1.33490757598211E-02
1.33563294900014E-02
1.71814125844713E-02
1.14600427082051E-02
1.14655852431489E-02
1.14709025338184E-02
1.14759944580844E-02
1.14808608990154E-02
1.14855017448774E-02
0.011489916889134
1.34097906021871E-02
1.34144146181172E-02
1.34187749790111E-02
0.011505318501283
0.015344804961827
1.53488836130332E-02
1.72717430945104E-02
1.53561356214752E-02
1.53593088124135E-02
1.72824525320778E-02
2.11265301554299E-02
2.11296473847557E-02
1.92112265052062E-02
1.72919744234291E-02
1.92150055312839E-02
1.92163283153164E-02
1.92172732367015E-02
1.92178402737827E-02
2.49834382376338E-02
2.30614087820547E-02
2.11390013918071E-02
2.30595953388846E-02
2.49795091557903E-02
2.49772988457145E-02
2.11323516497285E-02
2.11296502942799E-02
2.11265334804098E-02
1.92027284359687E-02
1.91991397933834E-02
0.02111469105038
2.30289962318936E-02
2.30233313114677E-02
0.023017213787228
0.024928197449434
2.49205899571559E-02
2.29961470466254E-02
0.024903905665274
2.48948292484808E-02
2.29710125462405E-02
0.02487520891467
2.48646654480269E-02
2.29418154774555E-02
2.29311813467631E-02
2.29200967272728E-02
1.90904682280236E-02
1.90804808757246E-02
1.90701187786938E-02
2.09653203926378E-02
1.90482713118773E-02
1.71331078000254E-02
1.71224350533892E-02
1.71114261863485E-02
1.71000814522701E-02
1.89871123470224E-02
1.70763854354649E-02
1.51680308430851E-02
1.51567548319155E-02
1.70383291901359E-02
1.70249750113341E-02
0.018901429952747
1.88858503825845E-02
1.69829104954748E-02
0.016968222742302
1.69532024239962E-02
1.69378498875517E-02
1.69221654877693E-02
0.016906149587257
1.68898025564311E-02
0.018747916415019
2.06019203188949E-02
2.05807292819061E-02
2.05591354364709E-02
2.05371392830553E-02
2.23797178163743E-02
1.86290382744583E-02
1.86079473844204E-02
2.04451419332313E-02
1.85646746193167E-02
1.85424937497372E-02
1.66679555162544E-02
1.66473410538852E-02
1.66264014675095E-02
1.66051372448094E-02
0.016583548881297
1.65616368803168E-02
1.83771130589414E-02
2.01872538003931E-02
2.01592895821032E-02
2.56211866444313E-02
3.28944809579415E-02
3.10219733621023E-02
3.64427443356395E-02
3.82077567930341E-02
3.81498882730374E-02
3.44635366499606E-02
3.07877491330561E-02
2.89309210029377E-02
2.88845744858084E-02
2.88376666052555E-02
3.59877480818949E-02
4.13168710781963E-02
4.12470297247233E-02
4.11763878815309E-02
4.46792904527766E-02
4.81688327949324E-02
4.63022426539541E-02
4.62187861346779E-02
4.43600330477409E-02
4.42780666909027E-02
4.59630531238879E-02
4.23471025025885E-02
4.22659524818194E-02
4.04263194575506E-02
4.21012035714874E-02
4.37683422982303E-02
4.36804193951706E-02
4.35916537769868E-02
4.69822113702159E-02
5.20939234832941E-02
5.02515734687798E-02
4.84155917416384E-02
5.17623119781901E-02
4.47631427329971E-02
4.12290042361233E-02
3.59952182564103E-02
3.42041586993358E-02
3.58328257903703E-02
3.40481882795109E-02
3.73661454899689E-02
0.037278568077593
3.54998098561482E-02
3.37284312502358E-02
3.36468748984711E-02
3.52429094301922E-02
0.035155927274206
4.00780277662779E-02
3.99770887235791E-02
0.036552438942643
3.97729278960668E-02
4.13226157391431E-02
4.12143126145058E-02
4.11052265114549E-02
4.42749889222149E-02
4.41554934157728E-02
4.89279567337986E-02
5.04197718399832E-02
6.64989594958059E-02
6.46950707372094E-02
5.48351029967856E-02
0.059502922357583
5.77276817215005E-02
5.59606646840723E-02
5.57961412875243E-02
6.03989034101597E-02
6.18026891024765E-02
5.68761880639271E-02
5.19774511641118E-02
5.65280982607358E-02
5.47871189978576E-02
5.77362177315905E-02
5.44425439527362E-02
4.49655207520417E-02
0.041729587311292
4.00534316036256E-02
3.99220721740024E-02
3.97899721044602E-02
0.038131860358752
3.34430153397941E-02
3.18144038941997E-02
3.62346769570326E-02
3.76139243087428E-02
4.19806252955172E-02
4.18328837956797E-02
4.16843745574959E-02
4.15351014402099E-02
3.99070301765202E-02
4.12342791461258E-02
4.54844597392344E-02
3.65450431716977E-02
3.64084059975094E-02
3.62711079942888E-02
3.90238050088164E-02
4.17536710658467E-02
3.58552853791597E-02
4.00012262256159E-02
3.98438132835245E-02
0.039685685003679
4.09385186790206E-02
4.07732743794096E-02
0.04200755425474
4.18351110613103E-02
4.02731936296826E-02
5.39343988350035E-02
4.95760077262262E-02
0.045251746335582
4.64234166604161E-02
4.48635062163788E-02
4.73753680690697E-02
4.85150414533011E-02
4.83002870211362E-02
4.54133208645954E-02
4.25495683864285E-02
4.36800909701808E-02
4.47977676545172E-02
0.043279533866724
4.30781394708663E-02
4.41752817569722E-02
5.30181529360189E-02
5.40521690704593E-02
5.76344404984663E-02
5.48057649326724E-02
5.07327428234489E-02
0.053006655142782
5.90219793880709E-02
0.058726005871169
0.06091540227402
6.30784802344557E-02
6.27541783613624E-02
4.77397081998645E-02
5.11432372306442E-02
6.54089797895974E-02
6.74709902072527E-02
6.83077420680783E-02
4.76761833996963E-02
4.74163496995671E-02
4.47979761699875E-02
4.45497136535188E-02
4.43007522776665E-02
4.52103391764286E-02
4.61060670269475E-02
4.69878902661623E-02
4.67163412558746E-02
4.64440801909477E-02
4.50449908817278E-02
4.92558067509514E-02
5.11869048141339E-02
4.86662407761997E-02
5.05690304254057E-02
5.13515646801133E-02
7.49222940276462E-02
9.06409195465548E-02
9.43598795305338E-02
0.10121955016384
0.100571898598831
9.88710265302876E-02
0.104497277936079
0.103811183991372
0.103123684581989
4.81443575005813E-02
4.06978253987907E-02
4.04211957437533E-02
3.41224356451101E-02
2.89031209150655E-02
3.56293806726069E-02
3.43958413860396E-02
3.22000638440573E-02
2.90630647420031E-02
2.98147621533095E-02
2.95973384875448E-02
0.027484114377796
2.63393889677419E-02
2.33411564875993E-02
0.028724281786212
2.85052178360422E-02
0.02828585052157
0.02535010551142
2.60497079038823E-02
2.76260127924158E-02
2.65214678756531E-02
2.54309047346924E-02
2.34845580827547E-02
0.023291855360254
2.39544654974329E-02
2.54509405536443E-02
2.60773793315622E-02
2.58552468720513E-02
2.31523122843259E-02
0.022131638391569
2.27501840391906E-02
2.17435695675537E-02
2.63380616087777E-02
6.56466879809115E-02
6.50487872219564E-02
6.36740275075653E-02
6.30826725786401E-02
6.24910290985665E-02
6.18991243471268E-02
5.30828780338885E-02
5.40508394964582E-02
5.27901538926073E-02
5.29957286723674E-02
0.053186739462109
5.33632085091049E-02
4.36652619339269E-02
4.53080550316712E-02
4.48380114735378E-02
4.23202372817612E-02
4.65994336194223E-02
5.01093642396829E-02
5.22108705977988E-02
4.18349580573589E-02
5.55944954948943E-02
5.04989095638744E-02
3.22324522982008E-02
2.81157537578365E-02
5.55825687150418E-02
5.49340196421246E-02
5.42858986621329E-02
5.36382446461427E-02
5.29910969827968E-02
4.76916515378712E-02
4.71030604020146E-02
4.65150412126405E-02
4.59276318563539E-02
0.044787933301281
4.31174262340616E-02
4.52467533242257E-02
4.35848693015181E-02
4.50987108579832E-02
4.86257096290334E-02
4.79585004211721E-02
0.047292360870727
0.046131304896275
4.54745160259094E-02
4.48189344772001E-02
4.46394997688781E-02
0.04444733235414
3.73296338983462E-02
3.76710387686341E-02
3.53044696334558E-02
3.47546694825687E-02
3.42062144432741E-02
3.06766965729327E-02
4.06583913064253E-02
3.99902891745373E-02
3.97294866905183E-02
0.038261283949058
1.76277617947113E-02
1.73215171645253E-02
1.70162741912312E-02
1.59693062307859E-02
0.014585707489446
1.39592924693479E-02
1.51034759461849E-02
0.014817051702863
1.55456200689434E-02
1.45790219477849E-02
1.49390904782734E-02
2.80027761551162E-02
2.68056691641707E-02
2.65528412253773E-02
0.023601089058467
2.30935472635982E-02
2.28745785364454E-02
0.019011128934018
1.25696793752854E-02
1.28144931444654E-02
1.19931439790457E-02
1.37435742341157E-02
1.31620177436323E-02
1.28371047929801E-02
1.27505009854925E-02
0.015184859275016
1.47886419116574E-02
1.22142511876983E-02
1.14587275005123E-02
9.28496635934738E-03
9.42418639240028E-03
9.15305860484712E-03
8.69527867563481E-03
8.43462802964239E-03
7.9986719245432E-03
9.98698952883181E-03
1.26681705108314E-02
0.015801576568476
1.52736181073529E-02
1.44504855167059E-02
1.40902171791806E-02
1.38656405076021E-02
1.33569236269939E-02
1.27248938452934E-02
1.22344040544112E-02
0.011990503450038
1.15040023638624E-02
1.10247492753041E-02
1.05529139277198E-02
1.00886690134396E-02
9.63219012926918E-03
9.18365571592729E-03
8.74324697926643E-03
8.31114779087249E-03
7.88754456535766E-03
7.47262611134707E-03
7.24162865269377E-03
7.08098819900563E-03
6.91870547741584E-03
0.00675479715451
6.32571280113715E-03
6.29374831644637E-03
6.12848091048601E-03
6.08340004942984E-03
5.91177922477959E-03
5.7387391039581E-03
5.56433684138303E-03
5.38863783693677E-03
5.21171651591861E-03
5.03365717325959E-03
4.4661904948099E-03
4.30055517546441E-03
2.56138714985355E-03
2.45791069249108E-03
2.3541298413847E-03
2.36856714708068E-03
2.25899146439495E-03
1.71954061401753E-03
1.63200313468167E-03
1.67342341291721E-03
1.63997560141979E-03
8.28504211246393E-04
6.96332389620541E-04
6.25303399352298E-04
5.58318667513177E-04
5.16949336671147E-04
4.5644430209869E-04
4.18268401667542E-04
4.14129277072115E-04
3.7473906405763E-04
2.69288841258258E-04
2.51910809798524E-04
2.11792914106469E-04
1.94300543365885E-04
1.59807189799669E-04
1.36194683857316E-04
1.14330032859424E-04
9.43232658228134E-05
7.24564106502233E-05
5.12081560352268E-05
3.70364743970491E-05
3.09907817177337E-05
2.21669121264027E-05
1.34413905319796E-05
8.11007811527746E-06
4.85402822702237E-06
2.47279644245117E-06
1.19773565545956E-06
4.95016686935928E-07
1.64645765852883E-07
3.73513312969597E-08
5.32072639448949E-09
3.96570497682152E-10
7.01591852315264E-12
1.14796062187302E-14
6.28142230341024E-20
1.50711305617387E-34
1.22925540730448E-266
0
0
0
0
0
0
0
0
0
0
0
0
0
0
0
0
0
0
0
0
0
0
0
0
0
0
0
0
0
0
0
0
0
0
0
0
0
0
0
0
0
0
0
0
0
0
0
0
0
0
0
0
0
0
0
0
0
0
0
0
0
0
0
0
0
0
0
0
0
0
0
0
0
0
0
0
0
0
0
0
0
0
0
0
0
0
0
0
0
0
0
0
0
0
0
0
0
0
0
0
0
0
0
0
0
0
0
0
0
0
0
0
0
0
0
0
0
0
0
0
0
0
0
0
0
0
0
0
0
0
0
0
0
0
0
0
0
0
0
0
0
0
0
0
0
0
0
0
0
0
0
0
0
0
0
0
0
0
0
0
0
0
0
0
0
0
0
0
0
0
0
0
0
0
0
0
0
0
0
0
0
0
0
0
0
0
0
0
0
0
0
0
0
0
0
0
0
0
0
0
0
0
0
0
0
0
0
0
0
0
0
0
0
0
0
0
0
0
""
