0
0
0
0
0
0
0
0
0
0
0
0
0
0
0
0
0
0
0
0
0
0
0
0
0
0
0
0
0
0
0
0
0
0
0
0
0
0
0
0
0
0
0
0
0
0
0
0
0
0
0
0
0
0
0
0
0
0
0
0
0
0
0
0
0
0
0
0
0
0
0
0
0
0
0
0
0
0
0
0
0
0
0
0
0
0
0
0
0
0
0
0
0
0
0
0
0
0
0
0
0
0
0
0
0
0
0
0
0
0
0
0
0
0
0
0
0
0
0
0
0
0
0
0
0
0
0
0
0
0
0
0
0
0
0
0
0
0
0
0
0
0
0
0
0
0
0
0
0
0
0
0
0
0
0
0
0
0
0
0
0
0
0
0
0
0
0
0
0
0
0
0
0
0
0
0
0
0
0
0
0
0
0
0
0
0
0
0
0
0
0
0
0
0
0
0
0
0
0
0
0
0
0
0
0
0
0
0
0
0
0
0
0
0
0
0
0
0
0
0
0
0
0
0
0
0
0
0
0
0
0
0
0
0
0
0
0
0
0
0
0
0
0
0
0
0
0
0
0
0
0
0
0
0
0
0
0
0
0
0
0
0
0
0
0
0
0
0
0
0
0
0
0
0
0
0
0
0
0
0
0
0
0
0
0
0
0
0
0
0
0
0
0
0
0
0
0
0
0
0
0
0
0
0
0
0
0
0
0
0
0
0
0
0
0
0
0
0
0
0
0
0
0
0
0
0
0
0
0
0
0
0
0
0
0
0
0
0
0
0
0
0
0
0
0
0
0
0
0
0
0
0
0
0
0
0
0
0
0
0
0
0
0
0
0
0
0
0
0
0
0
0
0
0
0
0
0
0
0
0
0
0
0
0
0
0
0
0
0
0
0
0
0
0
0
0
0
0
0
8.29284676905963E-32
4.03927807671746E-17
3.77934504729074E-12
1.22796773515084E-09
3.95044910207261E-08
4.01802907875887E-07
2.04892280116392E-06
6.83061114610231E-06
1.84101652733017E-05
3.53968142849701E-05
6.68591320221154E-05
1.1497288826338E-04
1.77999639991533E-04
2.64695291045524E-04
3.76756069133426E-04
4.81433678704796E-04
6.4684366587334E-04
7.89364061781273E-04
7.83546598114107E-04
9.74742240178324E-04
1.69128401008531E-03
1.90643499414924E-03
2.25810805372657E-03
2.60676104061157E-03
2.1714632607842E-03
1.28995638686581E-03
1.46495873793581E-03
1.65065792461115E-03
1.8467442798681E-03
1.97957946380025E-03
2.26878990948798E-03
2.22686875685777E-03
2.3386951715325E-03
2.54710120988056E-03
2.53250879309309E-03
2.98533220838955E-03
3.21462356856682E-03
3.45035421593074E-03
3.53843005759935E-03
3.44762589521402E-03
3.32003441643202E-03
4.45280061224164E-03
4.32404960329301E-03
4.36323229619797E-03
4.60321506798169E-03
4.61645735331213E-03
4.61000101895738E-03
4.58315152820075E-03
5.33558733844959E-03
5.58208472307657E-03
5.54016249157004E-03
6.08445562018291E-03
6.34007910906833E-03
6.26857763519384E-03
6.8596135474802E-03
7.83563306164282E-03
8.49788597430326E-03
9.18960362316529E-03
9.91102142642953E-03
9.84217874075809E-03
9.74844553691853E-03
1.00671136390733E-02
2.48408627746749E-02
2.60789675391635E-02
2.78300328952678E-02
2.47022634315537E-02
2.69422125504198E-02
4.49539038584841E-02
3.70647640780921E-02
4.96523233191214E-02
5.09654420190865E-02
5.22844323860514E-02
5.95655948475238E-02
6.10433339910199E-02
6.25267622550086E-02
6.40156195302275E-02
6.55096541473179E-02
6.70086225072259E-02
6.85122887296637E-02
7.00204243187327E-02
7.15328078448494E-02
7.30492246421514E-02
7.45694665205966E-02
7.60933314920082E-02
7.76206235093525E-02
7.91511522185672E-02
8.06847327223004E-02
8.22211853549447E-02
8.37603354683844E-02
8.53020132279085E-02
8.68460534177618E-02
0.088392295255844
8.90411763949117E-02
8.60013161531379E-02
8.74601245498541E-02
8.89204364247183E-02
8.94206072335354E-02
9.18450433350036E-02
9.52943824424429E-02
3.52882340816127E-02
3.27625592630277E-02
3.32618470492208E-02
3.90365639506083E-02
4.06849823464016E-02
4.23648044814122E-02
4.29740981340448E-02
4.35834772345593E-02
4.53260504795676E-02
4.82486549130128E-02
7.91793848998706E-02
0.080241761273366
8.01082846889311E-02
7.14644670074094E-02
8.58811292125017E-02
9.69133198833448E-02
0.099388065780936
0.100619719116876
0.103139937023589
9.91664379603689E-02
0.112232596468369
0.112218470676938
0.112172240924931
0.110726878037794
0.114748372229332
0.116034667077909
0.117319695203174
0.117174436744392
0.115552481007777
0.113867361338859
5.75348154630977E-02
6.11165038286383E-02
6.47589257896821E-02
6.08550507917104E-02
5.68582689033654E-02
0.057424812439708
0.156731156806635
0.158257814640332
0.159782104737916
0.16130396344872
0.162823327993457
0.16434013644098
0.165854327685898
0.167365841426989
0.168874618146405
0.170380599089619
0.171883726246085
0.173383942330597
0.171383566949996
0.172847907349101
0.174309230570999
0.154244934192294
0.160947066223886
0.162265676957678
0.158067378432485
0.172305028204682
0.171806111838203
0.176921043352167
0.180194556017804
0.126152093928117
0.132891926777787
0.133895057853808
0.123165584304025
0.165435735806424
0.121017834377313
0.185840639257474
0.191200338348757
0.198640566533291
0.202080209522327
0.205544373449444
0.206963260207938
0.208378039956606
0.209788669036781
0.211195104202293
0.212597302612075
0.213995221823014
0.215388819783017
0.21677805482431
0.218162885656941
0.219543271362498
0.220919171388015
0.222290545540077
0.223657353979111
0.225019557213846
0.226377116095963
0.227729991814893
0.229078145892792
0.230421540179662
0.231760136848629
0.233093898391363
0.234422787613641
0.235746767631045
0.237065801864797
0.23837985403771
0.239688888170279
0.240992868576874
0.242291759862066
0.243585526917048
0.244874134916176
0.246157549313612
0.247435735840068
0.248708660499644
0.249976289566772
0.25123858958324
0.252495527355312
0.253747069950936
0.254993184697032
0.256233839176859
0.257469001227468
0.258698638937229
0.259922720643423
0.261141214929921
0.26235409062492
0.263561316798751
0.264762862761754
0.265958698062212
0.267148792484349
0.268333116046391
0.269511638998676
0.270684331821828
0.271851165224981
0.273012110144058
0.274167137740102
0.275316219397651
0.276459326723168
0.277596431543514
0.278727505904468
0.279852522069289
0.280971452517323
0.28208426994265
0.283190947252772
0.284291457567339
0.285385774216917
0.286473870741786
0.287555720890779
0.288631298620154
0.289700578092502
0.290763533675682
0.291820139941795
0.287012964232862
0.290975061788206
0.206466128121123
0.210147624963382
0.216815150670826
0.217558281686893
0.242219572635179
0.240033143955435
0.231800631624037
0.214442393504584
0.227262512366628
0.231036342353815
0.231774942610186
0.23556778462332
0.248581417635091
0.264744430608326
0.256293485631739
0.269461211014142
0.270271531632172
0.224338694109598
0.312499268630793
0.313410158872108
0.31431416936734
0.315211279350293
0.192821895627235
0.316984715647111
0.317861001359769
0.318730305356867
0.31959260780079
0.320447889038389
0.321296129600588
0.322137310202016
0.322971411740642
0.323798415297426
0.324618302135982
0.32543105370225
0.326236651624179
0.327035077711425
0.327826313955053
0.328610342527256
0.329387145781073
0.330156706250133
0.330919006648389
0.331674029869877
0.332421758988473
0.333162177257668
0.333895268110338
0.334621015158536
0.335339402193281
0.302445371865928
0.33675403228015
0.337450243807396
0.338139032271072
0.338820382354192
0.339494278917645
0.340160707000038
0.340819651817542
0.338056387776109
0.335272732741327
0.332468898257774
0.298740868802847
0.220161038021891
0.220553834625771
0.196776271817729
0.238615867100508
0.235559518513854
0.201256748904025
0.20159065711853
0.198438748594717
0.209219131813464
0.209550767369123
0.216873719064936
0.210200200460947
0.249112947439076
0.189748021994874
0.242810596346666
0.257256279429033
0.247033189580922
0.268580570140533
0.268947768641545
0.269309050454508
0.269664407690499
0.273566646180495
0.281029316918176
0.284941952678203
0.285290987100458
0.285633745706736
0.257373198929938
0.225461569533024
0.326035132936812
0.329983156015062
0.312387795365955
0.309124954310035
0.313044187107195
0.198102450501907
0.198299046064027
0.184055550561088
0.198679148190481
0.213325384439111
0.141138710345971
0.137640503191941
0.130507778000664
0.134244653390022
0.134353360270691
0.130825082281901
0.127288290713253
0.127382729852905
0.127474367594976
0.120273876131881
0.116707868362801
0.105835460996656
0.105902088868217
0.113274414629444
0.11699680732774
0.124379027231291
0.117125846194893
0.128172737605182
0.120908476044411
0.120965712217532
0.110018444050136
0.110065639618198
0.124791803638293
0.117496287098539
0.106519611203235
9.55328489991286E-02
9.92387661866786E-02
8.45617667470582E-02
8.82625538164621E-02
7.35706680288997E-02
8.83051082765409E-02
8.83234733045194E-02
7.72974092825827E-02
7.36286474816973E-02
6.99571410082873E-02
6.99655287438844E-02
0.066289621389854
6.26116165008037E-02
6.26149917066729E-02
5.89336378267164E-02
6.26176119104014E-02
6.99835458932197E-02
6.99811632704201E-02
6.62942292301234E-02
6.62890566901328E-02
6.99647836780467E-02
7.36381546995663E-02
7.36275495845363E-02
6.99345593172309E-02
0.066241334700486
7.35860220931135E-02
7.72473903682992E-02
7.72277590485402E-02
8.45594229626018E-02
8.08588027938332E-02
8.45071241380408E-02
8.81511518586852E-02
9.91338958066734E-02
0.102765772115794
9.53863513333531E-02
0.102679495058963
9.89675061341479E-02
9.52567448615727E-02
0.223375787717549
0.161039772905219
0.153636463497038
0.153549765297256
0.149805888345373
0.153366241050739
0.164217234607925
0.16410988536614
0.142132403528748
0.152958738196359
0.152848447226347
0.152734794813408
0.156251540163627
0.163390088104747
0.101582462576335
0.126872184161568
0.130385314031925
0.130270656702233
0.155460688076967
0.155316894739237
0.18764706126413
0.115363023538506
0.115248395027284
0.111533380591058
0.115011535733613
0.118479601034232
0.114764557313628
0.118219695107484
0.157447786694918
0.289512132664995
0.292740845243502
0.295954612558456
0.306275902266483
0.305893299775218
0.181170957823523
0.156101724318892
0.184240324026355
0.261835820742766
0.18020762323315
0.201128260846792
0.193796433777721
0.218146971982954
0.200260959427512
0.196454915317824
0.185649440383431
0.19585656763781
0.195550927020432
0.202213876417968
0.208850084748011
0.211983952660095
0.215101704307226
0.214739576747896
0.22474559849456
0.141516893680493
0.141268065591986
0.127258458332528
0.113295512248741
0.109660843427152
0.109456959379393
0.102422500569442
9.88192868325645E-02
9.18260526475683E-02
9.16459215953735E-02
0.108401510450279
0.104802521193374
0.097841110878324
0.11110644974151
0.110874018967034
0.214572895750116
0.190694097965605
0.233677213044744
0.253148999518572
0.229321266639705
0.222172821096892
0.221666482834124
0.227756919817414
0.230518560864277
0.246401044516622
0.226147499048501
0.192905258507607
0.208741724035741
0.123634007860188
0.123324899362422
0.129487452779997
0.135614194858755
0.135263583912343
0.128485714793518
0.121738838203839
0.111828290562433
0.111526247073006
0.15253269080171
0.31689947834737
0.316015557780413
0.315124697695076
0.314226918502823
0.263190682273095
0.187446411224887
0.180665518452959
0.177023204489488
0.188877327672857
0.169782859765433
0.1631077559603
0.153399054075688
0.155977893259712
0.161582795979024
0.303900711345169
0.302921563225256
0.301935778472881
0.300943380153684
0.299944391527437
0.29893883604876
0.297926737367856
0.296908119331269
0.295883005982671
0.294851421563664
0.293813390514618
0.292768937475528
0.2917180872869
0.290660864990665
0.289597295831121
0.288527405255902
0.287451218916983
0.286368762671711
0.259604856951319
0.258608481881537
0.257606472918693
0.245319783829611
0.241542483038258
0.240579694943866
0.239611675417136
0.238638448143778
0.237660036995449
0.220164154447404
0.219244427439542
0.226506943861081
0.22554288518559
0.211045390709893
0.204742293786207
0.203846188404152
0.256352433777767
0.215332938095259
0.18260625319059
0.187045698897378
0.186188178882278
0.185326649826479
0.226029839894038
0.183591652671437
0.185291725226951
0.179279746089764
0.188605826323268
0.18768331135532
0.118615794044116
0.123047119955473
0.122428339339063
0.12180694906993
9.89248698409981E-02
8.11910484897289E-02
0.23740707453595
0.138772457762274
7.50715180804966E-02
6.50340364471099E-02
6.46818291673632E-02
0.061945730225707
6.16039507986876E-02
6.12608769459338E-02
0.060916518107063
6.52301825540697E-02
6.94892118727721E-02
6.90874929853912E-02
7.09738137710673E-02
8.87636775953741E-02
8.82358785187422E-02
8.99551327883862E-02
0.089410072404071
8.66415921753292E-02
0.101561612637464
0.09873440019338
9.81130320978307E-02
9.74896654711669E-02
9.90168591592514E-02
9.19598100423027E-02
9.34831426595806E-02
0.105529538632842
0.102729594681827
0.104120600539625
0.10548127104435
9.85952349468389E-02
0.104031533311569
0.103303582305851
0.10257360705657
0.105835420174143
0.105072683669408
0.104307916501473
0.105494749966389
0.108589694769278
0.105850800470704
0.169988390220452
0.168687742433868
0.188071844169283
0.186603405883567
0.18513152481336
0.18365625193747
0.18217763880722
0.180695737559582
0.179210600930768
0.177722282270312
0.176230835555646
0.174736315407204
0.173238777104065
0.171738276600166
0.170234870541098
0.165354043955887
0.167219571903199
0.165707796233738
0.164193348865964
0.162676290178058
0.161156681354431
0.159634584407375
0.158110062199542
0.142490692405203
0.141099138038706
0.132029423864711
9.87928559195524E-02
0.135408001482641
0.122110818237757
0.12084829513533
0.118125879070214
0.115432840369113
0.111341831682487
0.114371315838141
0.111720622027669
0.111861713606378
0.109239634733247
4.99488322019967E-02
6.67214312300176E-02
6.19872101518936E-02
5.99524362354406E-02
5.92360643699761E-02
6.23357307134378E-02
6.40848878759318E-02
5.95664353031083E-02
5.88173568389307E-02
5.68582478390721E-02
5.97066704524944E-02
5.53901078021185E-02
7.32620390215064E-02
6.99831127638797E-02
6.78982718795834E-02
6.58446914429476E-02
7.70270744819917E-02
9.54592438966544E-02
9.40847518817046E-02
8.63894795710243E-02
7.88820185348886E-02
6.54284337058691E-02
6.74506019565566E-02
5.64950327656357E-02
5.46317592220381E-02
5.18402875752463E-02
5.38340410773936E-02
5.66643100185163E-02
0.045670275105977
4.48952736559251E-02
8.82424516874487E-02
8.66964161640217E-02
0.074934285950863
7.19055953754603E-02
7.79686479923141E-02
8.05360788573103E-02
7.90027859766032E-02
7.74725625651778E-02
7.59455940388474E-02
7.44220712925122E-02
7.29021909375507E-02
7.13861555511727E-02
6.98741739383975E-02
6.83664614073247E-02
6.68632400584273E-02
6.53647390886078E-02
6.38711951108156E-02
6.23828524900472E-02
6.08999636965961E-02
5.94227896774464E-02
5.79516002467586E-02
5.64866744964108E-02
5.50283012276021E-02
5.35767794045649E-02
5.21324186314333E-02
5.06955396533673E-02
4.92664748830165E-02
4.78455689534383E-02
4.64331792985528E-02
4.50296767622223E-02
4.36354462369674E-02
4.22508873333111E-02
4.08764150806039E-02
3.95124606600976E-02
3.81594721708275E-02
2.98225114972239E-02
2.87455025869007E-02
2.80202643292959E-02
0.026950757389473
2.58923116869571E-02
2.45424000022245E-02
2.35201127316096E-02
2.25101880394759E-02
2.09819556546104E-02
2.33174812780918E-02
1.98013613369648E-02
1.88344974094177E-02
1.78829966198359E-02
4.96024381976226E-03
4.69131891740565E-03
4.05851943441417E-03
3.82151438838475E-03
3.75272260305193E-03
3.82143871695009E-03
3.57005139905276E-03
3.45814225032233E-03
3.21043353126126E-03
3.08423718274665E-03
2.73714652080268E-03
2.60876865811817E-03
2.47187025284122E-03
2.32773070877508E-03
4.86348295380413E-03
4.4377482632657E-03
3.78906787390892E-03
3.87733210154818E-03
3.41139328643243E-03
2.97496463671374E-03
2.3290097133223E-03
2.07642636405433E-03
2.19464310598386E-03
1.80359587587906E-03
0.001558431335317
1.19651889662691E-03
9.3905927532584E-04
7.02112772622309E-04
3.35295824442981E-04
1.71331092245712E-04
1.20294063414426E-04
7.73320058205683E-05
5.28863802819099E-05
3.00885353877868E-05
1.69219835748725E-05
1.03295001974289E-05
4.75181544933475E-06
1.30407594857948E-06
2.25846479553654E-07
1.74106474392326E-08
4.87294630291691E-10
1.12828021686609E-12
3.76889018398178E-18
4.30994398968082E-35
0
0
0
0
0
0
0
0
0
0
0
0
0
0
0
0
0
0
0
0
0
0
0
0
0
0
0
0
0
0
0
0
0
0
0
0
0
0
0
0
0
0
0
0
0
0
0
0
0
0
0
0
0
0
0
0
0
0
0
0
0
0
0
0
0
0
0
0
0
0
0
0
0
0
0
0
0
0
0
0
0
0
0
0
0
0
0
0
0
0
0
0
0
0
0
0
0
0
0
0
0
0
0
0
0
0
0
0
0
0
0
0
0
0
0
0
0
0
0
0
0
0
0
0
0
0
0
0
0
0
0
0
0
0
0
0
0
0
0
0
0
0
0
0
0
0
0
0
0
0
0
0
0
0
0
0
0
0
0
0
0
0
0
0
0
0
0
0
0
0
0
0
0
0
0
0
0
0
0
0
0
0
0
0
0
0
0
0
0
0
0
0
0
0
0
0
0
0
0
0
0
0
0
0
0
0
0
0
0
0
0
0
0
0
0
0
0
0
0
0
0
0
0
0
0
0
0
0
0
0
0
0
0
0
0
0
0
0
0
0
0
0
0
0
0
0
0
0
0
0
0
0
0
0
0
0
0
0
0
0
0
0
0
0
0
0
0
0
0
0
0
0
0
0
0
0
0
0
0
0
0
0
0
0
0
0
""
