0
0
0
0
0
0
0
0
0
0
0
0
0
0
0
0
0
0
0
0
0
0
0
0
0
0
0
0
0
0
0
0
0
0
0
0
0
0
0
0
0
0
0
0
0
0
0
0
0
0
0
0
0
0
0
0
0
0
0
0
0
0
0
0
0
0
0
0
0
0
0
0
0
0
0
0
0
0
0
0
0
0
0
0
0
0
0
0
0
0
0
0
0
0
0
0
0
0
0
0
0
0
0
0
0
0
0
0
0
0
0
0
0
0
0
0
0
0
0
0
0
0
0
0
0
0
0
0
0
0
0
0
0
0
0
0
0
0
0
0
0
0
0
0
0
0
0
0
0
0
0
0
0
0
0
0
0
0
0
0
0
0
0
0
0
0
0
0
0
0
0
0
0
0
0
0
0
0
0
0
0
0
0
0
0
0
0
0
0
0
0
0
0
0
0
0
0
0
0
0
0
0
0
0
0
0
0
0
0
0
0
0
0
0
0
0
0
0
0
0
0
0
0
0
0
0
0
0
0
0
0
0
0
0
0
0
0
0
0
0
0
0
0
0
0
0
0
0
0
0
0
0
0
0
0
0
0
0
0
0
0
0
0
0
0
0
0
0
0
0
0
0
0
0
0
0
0
0
0
0
0
0
0
0
0
0
0
0
0
0
0
0
0
0
0
0
0
0
0
0
0
0
0
0
0
0
0
0
0
0
0
0
0
0
0
0
0
0
0
0
0
0
0
0
0
0
0
0
0
0
0
0
0
0
0
0
0
0
0
0
0
0
0
0
0
0
0
0
0
0
0
0
0
0
0
0
0
0
0
0
0
0
0
0
0
0
0
0
0
0
0
0
0
0
0
0
0
0
0
0
0
0
0
0
0
0
0
0
0
0
0
0
0
0
0
0
0
0
0
0
0
0
0
0
0
0
0
0
0
0
0
0
0
0
0
0
0
0
0
0
0
0
0
0
0
0
0
0
0
0
0
0
0
0
0
0
0
0
0
0
0
0
0
0
0
0
0
7.56403784220075E-51
1.69402625457999E-19
5.41334856355073E-13
3.91235466336567E-10
1.49608654822804E-08
1.72919390463554E-07
8.24710705464084E-07
2.39711542207518E-06
6.38529069394181E-06
1.31891877220476E-05
2.37849206866657E-05
3.63688902831682E-05
5.49533082074125E-05
7.30213048569856E-05
9.20798115282057E-05
1.11105647611899E-04
1.29036568459207E-04
1.59302578524311E-04
1.92438386175084E-04
2.28224483884434E-04
2.90659640126612E-04
2.78963201403802E-04
3.17525132753041E-04
3.5771993398505E-04
3.59439167061601E-04
3.98103596701361E-04
4.37809643255467E-04
5.31596257145362E-04
5.77638184474769E-04
6.24469513468543E-04
6.04790198404687E-04
6.48094837265491E-04
6.91861941566589E-04
6.54243740519178E-04
6.07071834746642E-04
6.41897976842889E-04
6.76903376651322E-04
8.13775473508883E-04
9.60836694481806E-04
1.00628631291143E-03
9.34945772849505E-04
1.09739073345251E-03
1.14299046358486E-03
1.32065529510667E-03
1.50842707106099E-03
1.56408399572205E-03
1.76691367809136E-03
1.97974529666917E-03
2.04520961839189E-03
1.94818316717572E-03
1.84097343987656E-03
2.06832717790165E-03
2.30549473064807E-03
2.55242117448769E-03
2.99631944614458E-03
3.07532083337384E-03
3.15404697114186E-03
3.23248898618811E-03
3.31063898598366E-03
3.3884899619301E-03
4.54917185897557E-03
4.65054281001171E-03
4.7514995662469E-03
4.85203653064236E-03
4.7163321857244E-03
4.8112686393895E-03
4.41521368272786E-03
6.24987766990231E-03
6.87635117173296E-03
6.74292410568692E-03
6.86362811294032E-03
6.17796050458438E-03
6.2837613258807E-03
5.83350075312741E-03
5.92920602209551E-03
6.8850999094604E-03
6.70205701810898E-03
7.10128774969551E-03
0.007508969313626
7.62022824024504E-03
6.49399933323982E-03
7.21384837843377E-03
8.26882409140006E-03
8.38230695210282E-03
8.82197396102135E-03
8.93866812055536E-03
9.05478648410848E-03
9.50997157802374E-03
1.03169984484676E-02
0.010792241086976
1.05705736287411E-02
9.98331357743326E-03
8.65728522008063E-03
9.12180993587314E-03
0.00922508711413
1.97750160430995E-02
1.92373277935938E-02
2.02073366149331E-02
1.50273836795637E-02
1.55737448135681E-02
1.61273008945367E-02
1.62906573224827E-02
1.76570485670223E-02
1.86410026935907E-02
1.10473476632451E-02
1.03265522863979E-02
1.00066179654204E-02
1.00992484936884E-02
1.01913823510473E-02
1.07114792571561E-02
1.03741622281775E-02
1.04648092793095E-02
1.09947517934144E-02
1.15316716813988E-02
0.012522748688559
1.17243271852954E-02
1.00014147032638E-02
1.00817933616604E-02
9.69982442916426E-03
1.02411974029336E-02
9.85112228959271E-03
9.92612624789924E-03
9.52447669117948E-03
9.59509078539958E-03
1.01485608273279E-02
9.73509256924318E-03
7.35336041531803E-03
7.40509507582212E-03
6.95942192113692E-03
6.50662628608567E-03
6.04676945044117E-03
6.08717745911373E-03
6.63795234049857E-03
6.68119720033878E-03
7.75866557714341E-03
8.32848152273278E-03
9.42831747602432E-03
9.48672595221561E-03
1.32566209725929E-02
1.28032544892424E-02
1.23430102950217E-02
1.29555813141954E-02
1.35739682981317E-02
1.31059475424054E-02
1.26312119697211E-02
1.27020874082495E-02
1.44384698359259E-02
1.45175264126296E-02
1.68415972347056E-02
1.52384294603825E-02
1.36167719243149E-02
1.36877814368758E-02
1.31850364735716E-02
1.26759638041516E-02
1.38978568394668E-02
1.45488507575302E-02
1.52050638282973E-02
1.58664340921614E-02
1.59424388338465E-02
1.66111429629409E-02
1.96689543227918E-02
2.09573743168292E-02
2.10530146938676E-02
2.29606127572468E-02
2.36697999326509E-02
2.37739545215638E-02
0.022652825543001
2.27501080122603E-02
2.65514821902787E-02
2.54226301662237E-02
2.80184053322843E-02
2.68826347258512E-02
2.88743426371361E-02
2.20572751174494E-02
1.96134462474555E-02
1.96898033276879E-02
1.91279171596433E-02
1.85605415864339E-02
1.73453194612632E-02
1.80543695725832E-02
1.87675727259399E-02
1.81858746359264E-02
1.75989354331074E-02
1.63527091238963E-02
1.64095832425648E-02
1.58072952022457E-02
2.77565508560856E-02
2.78494518606598E-02
3.06025611462631E-02
3.07023726835136E-02
2.94620311676447E-02
3.15708047337052E-02
2.96483335818828E-02
2.43328010521613E-02
2.57630638006437E-02
2.31206260735822E-02
2.38714096183916E-02
2.53095143381267E-02
2.40107124577054E-02
2.33912703853629E-02
2.41470412693758E-02
2.42140888713879E-02
0.024974116578474
2.43459473970459E-02
2.37133068961017E-02
2.44748196164192E-02
2.45381343450466E-02
0.065367576101179
6.62364770015968E-02
6.56940994051277E-02
6.58543718563628E-02
6.67224628546642E-02
6.68804244200829E-02
5.77653796599341E-02
0.057898013785731
0.049432030248941
0.045952041254992
4.60527043143543E-02
4.75942368291987E-02
5.34764341382864E-02
5.43121975541022E-02
5.51493347106237E-02
3.99912711343967E-02
3.56993056378952E-02
3.72289207243427E-02
3.80316947485624E-02
3.73706052389326E-02
5.43243978211409E-02
6.39840009307032E-02
6.33614768489857E-02
0.063472531035889
6.43210362677235E-02
6.14673144389054E-02
5.78600931129649E-02
5.86970220289615E-02
5.87904317397537E-02
6.33541768307253E-02
6.41974516444151E-02
6.57887018643074E-02
6.58850642010886E-02
6.59795015799407E-02
7.28293779136589E-02
5.41330341457776E-02
5.11941504927972E-02
3.16613090321624E-02
3.77402148109678E-02
3.32528221695477E-02
3.55632863566191E-02
4.46962413147266E-02
4.01972767034634E-02
6.15027305804683E-02
6.15701058462741E-02
6.08747643051872E-02
6.09377865375014E-02
6.09990470582083E-02
6.02953133501112E-02
5.95883731688773E-02
5.88782919910055E-02
5.73998046162471E-02
0.056682982556827
5.90297171164439E-02
5.90767929295016E-02
5.91221682020773E-02
4.84084165147615E-02
2.84505085237426E-02
3.07782262857005E-02
3.31081312475889E-02
3.31287182204079E-02
3.08356780789567E-02
3.08530587545751E-02
3.00978152682307E-02
3.16572930851958E-02
3.01273909601089E-02
3.94150012674021E-02
0.050255853022218
4.87285232297763E-02
4.25561464856253E-02
4.64403271173512E-02
5.10998810366098E-02
5.18883928467874E-02
5.03518897620683E-02
5.19124790005007E-02
6.04468493603411E-02
6.20067135573607E-02
5.81389541092767E-02
0.06744814303932
6.82284935190252E-02
6.82316261646855E-02
6.90081797574519E-02
6.90073999084799E-02
0.068229312913936
6.66740781739815E-02
6.66676022186795E-02
6.20085757414264E-02
6.27739906864793E-02
0.063537347899401
5.19036738127074E-02
4.87932177031447E-02
3.09714867796103E-02
2.94141527887222E-02
2.78569429326355E-02
0.023205873795557
2.39701958463769E-02
0.024733214928747
2.54948647012917E-02
2.93439116518846E-02
2.54701458675133E-02
2.69995202464305E-02
2.62134897471076E-02
2.92802537042999E-02
2.61820015271221E-02
2.30868788035758E-02
2.30713281911599E-02
2.38236182107912E-02
0.023806178865387
2.30206980299569E-02
0.023002495856277
2.22175102584948E-02
2.29641045854334E-02
2.21791187351061E-02
2.44512699492825E-02
2.29015537596923E-02
2.36420267515473E-02
2.36184316263401E-02
2.28330520452851E-02
2.35691934909542E-02
2.58219592096813E-02
2.50344671664708E-02
2.19747227350169E-02
0.018921398160071
1.88985206753161E-02
1.96300980721498E-02
1.88511192988444E-02
1.88265959412418E-02
1.88015245026455E-02
2.02779776848996E-02
2.09997071321086E-02
2.09697874793474E-02
2.09392552694777E-02
2.09081108406402E-02
2.16219386273374E-02
2.15884148040671E-02
2.15542579830475E-02
2.15194685379375E-02
2.29657052513831E-02
2.51459231773912E-02
2.58412341301388E-02
2.72702658932694E-02
2.72218510552041E-02
0.028641423008332
2.93217400079175E-02
3.29251425255608E-02
3.28623514831468E-02
3.42562999344134E-02
3.41886813818436E-02
2.83123781700136E-02
2.89790578415541E-02
2.74729687720791E-02
2.74150118121804E-02
3.16756401376554E-02
3.37616311221519E-02
0.037270619866438
3.07506444508691E-02
3.56749161470832E-02
0.038439569303315
3.62185650358554E-02
4.32167027679447E-02
0.044525355749376
6.13359903043855E-02
6.11827210123936E-02
5.96246565415909E-02
0.059471273579059
5.93160742506026E-02
5.91590600227838E-02
5.90002323688564E-02
5.74551317619945E-02
5.66061847285185E-02
5.92012705403976E-02
5.90332503085461E-02
5.88634028540821E-02
5.86917296981315E-02
5.85182323651324E-02
5.76645064243638E-02
6.01948098120568E-02
0.056638280107787
5.91503581587191E-02
5.89635164830027E-02
5.94427132610354E-02
5.92499933589768E-02
5.97189421222231E-02
6.01816023068575E-02
5.14104039844373E-02
0.036127200008714
3.46931439928557E-02
4.82699101115041E-02
4.80987849026533E-02
0.058936161967855
5.35595476842621E-02
5.46482397991982E-02
5.44445644552288E-02
5.36010073861139E-02
5.27605530996409E-02
5.25564761128002E-02
5.29814015546394E-02
5.27713684665063E-02
4.94310418332304E-02
4.92302267407032E-02
4.96483762793483E-02
5.00597200667194E-02
4.98487801197688E-02
4.96361623984861E-02
4.75914285809187E-02
4.85984183405031E-02
4.83834616131899E-02
4.75647669476575E-02
4.79485924611116E-02
5.01151164183406E-02
0.049882479392097
2.77793008369405E-02
2.82354375694418E-02
0.028684944927259
0.029710317052952
2.95638271753891E-02
2.88394999716986E-02
2.92677060184889E-02
2.45505345616438E-02
2.15835529999566E-02
2.20355193453533E-02
0.018546591129018
1.84470671681447E-02
0.018902833543822
2.04576290201566E-02
2.08936024355934E-02
2.29628259625551E-02
3.04424861691807E-02
0.0372929314947
3.70749618584471E-02
3.84579999864949E-02
3.76966743311298E-02
3.74680383990843E-02
4.45806485819009E-02
4.16973745026319E-02
0.047132152383153
4.73463185479649E-02
4.75519836369704E-02
5.07969004368265E-02
5.04605953236574E-02
5.01222496759291E-02
4.97818632304794E-02
4.94394356449214E-02
4.90949664960001E-02
4.87484552779782E-02
4.83999014010608E-02
4.80493041898629E-02
4.76966628819299E-02
4.73419766263173E-02
4.69852444822412E-02
4.66264654178078E-02
4.62656383088342E-02
4.59027619377726E-02
4.55378349927504E-02
0.045170856066743
0.036289477162083
2.39925975285565E-02
2.37910996217668E-02
2.40253139767877E-02
3.24788443081773E-02
1.58825459974184E-02
1.70177638854512E-02
1.64427715646479E-02
1.62924164411188E-02
0.016969010086356
1.68092449436879E-02
1.70546926178515E-02
1.64871597038987E-02
1.47321703579039E-02
1.45849131592561E-02
1.36565115776331E-02
1.35157521127012E-02
1.26100166084317E-02
1.24759180527241E-02
1.34630473536466E-02
0.012945377506725
1.13379792166475E-02
1.15709924839099E-02
1.25098626679091E-02
1.23632121031274E-02
1.18667968217493E-02
1.24124771040071E-02
1.19188085182566E-02
1.14329241210415E-02
1.22827518849333E-02
1.14677058848241E-02
1.09925354956417E-02
1.08442873990295E-02
1.06953122084415E-02
1.20964342891305E-02
1.16181406659714E-02
1.14491979890092E-02
2.46366740535713E-02
2.54334658817387E-02
0.019860170751528
1.86976041454778E-02
1.33797179014604E-02
1.31601534502926E-02
1.32091404363589E-02
1.29829159000291E-02
0.011454055583974
1.12490534118546E-02
1.05411658246093E-02
7.88092978537602E-03
7.97138707637879E-03
8.52532821718397E-03
7.8897575917184E-03
6.81805338097245E-03
6.67395469316117E-03
6.31162044891879E-03
6.17118622605571E-03
6.44607219522814E-03
6.90394908473641E-03
1.48618869004657E-02
1.79714866475421E-02
1.73243145556799E-02
1.70522032996765E-02
0.016768683209759
1.69940032993743E-02
1.56622908121168E-02
1.51963672944526E-02
0.014729291015198
1.42611727884112E-02
1.36438337227624E-02
1.33223193408093E-02
1.38192212362704E-02
1.33128782767691E-02
1.28062508782699E-02
1.22995675587915E-02
1.17930827408674E-02
1.12870796184402E-02
1.07818733353797E-02
1.02778145048584E-02
9.77529309943555E-03
9.27474274135432E-03
8.77664542074419E-03
8.28153666548248E-03
7.7900111794661E-03
7.30272895472092E-03
6.82042184538571E-03
6.3439005658174E-03
5.81532141733251E-03
4.38363653593431E-03
4.01638288125813E-03
2.70903841942976E-03
2.49057682986948E-03
2.27135767887933E-03
2.73699345288934E-03
2.4100703591628E-03
2.0980653021214E-03
1.80257649264391E-03
1.36184738691847E-03
1.20746961827983E-03
8.96844547723638E-04
6.33983190639886E-04
5.33530511182078E-04
3.29322473402707E-04
2.21938878294709E-04
1.56887257188674E-04
9.45936625763118E-05
5.18196777728093E-05
2.21398307023465E-05
9.4772394931322E-06
3.14301761021745E-06
1.11686798807959E-06
1.32291671444778E-07
4.93836141960571E-09
1.68235926452509E-11
8.15542370738656E-17
1.68529680872534E-36
0
0
0
0
0
0
0
0
0
0
0
0
0
0
0
0
0
0
0
0
0
0
0
0
0
0
0
0
0
0
0
0
0
0
0
0
0
0
0
0
0
0
0
0
0
0
0
0
0
0
0
0
0
0
0
0
0
0
0
0
0
0
0
0
0
0
0
0
0
0
0
0
0
0
0
0
0
0
0
0
0
0
0
0
0
0
0
0
0
0
0
0
0
0
0
0
0
0
0
0
0
0
0
0
0
0
0
0
0
0
0
0
0
0
0
0
0
0
0
0
0
0
0
0
0
0
0
0
0
0
0
0
0
0
0
0
0
0
0
0
0
0
0
0
0
0
0
0
0
0
0
0
0
0
0
0
0
0
0
0
0
0
0
0
0
0
0
0
0
0
0
0
0
0
0
0
0
0
0
0
0
0
0
0
0
0
0
0
0
0
0
0
0
0
0
0
0
0
0
0
0
0
0
0
0
0
0
0
0
0
0
0
0
0
0
0
0
0
0
0
0
0
0
0
0
0
0
0
0
0
0
0
0
0
0
0
0
0
0
0
0
0
0
0
0
0
0
0
0
0
0
0
0
0
0
0
0
0
0
0
0
0
0
0
0
0
0
0
0
0
0
0
0
0
0
0
0
0
0
0
0
0
0
0
0
0
0
0
0
0
0
0
0
0
0
0
0
0
0
0
0
0
0
0
0
0
0
0
0
0
0
0
0
0
0
0
0
0
0
0
0
0
0
0
0
0
0
0
0
0
0
0
0
0
0
0
0
0
0
0
0
0
0
0
0
0
0
0
0
0
0
0
0
0
0
0
0
0
0
0
0
0
0
0
0
0
0
0
0
0
0
0
0
0
0
0
0
0
0
0
0
0
0
0
0
0
0
0
0
0
0
0
0
0
0
0
0
0
0
0
0
0
0
0
0
0
0
0
0
0
0
0
0
0
0
0
""
