0
0
0
0
0
0
0
0
0
0
0
0
0
0
0
0
0
0
0
0
0
0
0
0
0
0
0
0
0
0
0
0
0
0
0
0
0
0
0
0
0
0
0
0
0
0
0
0
0
0
0
0
0
0
0
0
0
0
0
0
0
0
0
0
0
0
0
0
0
0
0
0
0
0
0
0
0
0
0
0
0
0
0
0
0
0
0
0
0
0
0
0
0
0
0
0
0
0
0
0
0
0
0
0
0
0
0
0
0
0
0
0
0
0
0
0
0
0
0
0
0
0
0
0
0
0
0
0
0
0
0
0
0
0
0
0
0
0
0
0
0
0
0
0
0
0
0
0
0
0
0
0
0
0
0
0
0
0
0
0
0
0
0
0
0
0
0
0
0
0
0
0
0
0
0
0
0
0
0
0
0
0
0
0
0
0
0
0
0
0
0
0
0
0
0
0
0
0
0
0
0
0
0
0
0
0
0
0
0
0
0
0
0
0
0
0
0
0
0
0
0
0
0
0
0
0
0
0
0
0
0
0
0
0
0
0
0
0
0
0
0
0
0
0
0
0
0
0
0
0
0
0
0
0
0
0
0
0
0
0
0
0
0
0
0
0
0
0
0
0
0
0
0
0
0
0
0
0
0
0
0
0
0
0
0
0
0
0
0
0
0
0
0
0
0
0
0
0
0
0
0
0
0
0
0
0
0
0
0
0
0
0
0
0
0
0
0
0
0
0
0
0
0
0
0
0
0
0
0
0
0
0
0
0
0
0
0
0
0
0
0
0
0
0
0
0
0
0
0
1.1915501423557E-267
1.22143413894625E-33
5.86116014139832E-19
8.34857667743017E-14
5.30664222439343E-11
2.17438018979636E-09
2.92004497122363E-08
1.89325312994292E-07
8.22211667446183E-07
3.35574991455483E-06
8.03553600607316E-06
1.69451320512303E-05
2.5226924971546E-05
4.75565633322846E-05
7.47371172428742E-05
9.47912520651338E-05
1.32530006728833E-04
1.7818835271055E-04
1.89724175468445E-04
2.44009139339643E-04
3.06488717826315E-04
4.17228138989927E-04
4.97027526807775E-04
3.75489442699289E-04
4.44053091444938E-04
5.294136454059E-04
5.63732773621791E-04
6.19295426890661E-04
7.0443652334556E-04
7.95051458397869E-04
1.12740437836393E-03
1.17077986482102E-03
1.44303567376028E-03
1.51200014494665E-03
1.4005810460858E-03
1.39257225968091E-03
1.45693312068288E-03
1.54877370410945E-03
1.64114959391791E-03
2.24388406902562E-03
2.8657549894959E-03
3.01184248554504E-03
3.43426351928074E-03
3.59298694721031E-03
3.14771778926648E-03
1.8423269773652E-03
1.91647776545305E-03
3.9320439787436E-03
4.07711763488665E-03
4.53403892707903E-03
4.68796150464846E-03
3.56106352972944E-03
4.18915271186891E-03
3.96077660400836E-03
3.58910519360122E-03
3.75202951993978E-03
3.46789310819451E-03
6.06198841948437E-03
6.28180815682838E-03
6.3650589763468E-03
6.51436058415896E-03
5.57593099524795E-03
6.50082754771991E-03
6.86179896350718E-03
7.23032629577188E-03
7.86852959896621E-03
8.35672217770051E-03
8.76488118170022E-03
9.38203398964032E-03
9.70825016071974E-03
9.70136082977557E-03
0.010123097094653
1.04313116120413E-02
1.09855580273832E-02
1.16856734552206E-02
1.21421982870441E-02
1.26046623090356E-02
1.33634356977803E-02
1.35468534190459E-02
1.46497014751172E-02
0.015801045680769
0.012501073426752
8.43701321246018E-03
8.17616320498691E-03
8.43436857193997E-03
9.07306101374796E-03
9.54226900327069E-03
8.82238764639619E-03
9.90368366962613E-03
9.33648176014695E-03
1.33044472055838E-02
0.014116054073722
1.54145291819681E-02
1.58196594434028E-02
1.64698321514175E-02
2.08600397251809E-02
0.021632877660357
2.21607147925265E-02
2.13569871893599E-02
2.32260456118251E-02
1.87311287428223E-02
1.57259221408493E-02
1.66620675520587E-02
1.52358175863335E-02
1.67859228901732E-02
2.08830506224309E-02
2.29108917797232E-02
0.030851845825019
3.14768073842061E-02
3.21044559095085E-02
3.20455632977474E-02
3.23137995881899E-02
3.32869204667076E-02
3.42757804558376E-02
3.71372465679092E-02
3.78132654156587E-02
0.03849158087287
3.91721223043041E-02
3.98548203072583E-02
4.05396066802179E-02
4.12264143923391E-02
4.19151775537677E-02
4.26058313867648E-02
4.32983121976122E-02
4.39925573493171E-02
3.84321145021358E-02
2.81393790564114E-02
2.71903079888774E-02
2.90072977686952E-02
2.84928759665164E-02
3.27703548793084E-02
3.32497039274128E-02
1.93451102299239E-02
2.36458476162611E-02
0.022448347684025
1.39667673402326E-02
1.41587055000667E-02
1.43509231341762E-02
1.45434066560703E-02
1.47361426757544E-02
0.01548204829117
1.62424914255374E-02
0.01701748296869
1.89558728966658E-02
1.91927447165005E-02
2.11961800211189E-02
2.02630922717252E-02
2.05077613828177E-02
2.07526069173158E-02
2.09976141903976E-02
2.12427687083499E-02
2.14880561642699E-02
2.04550234671901E-02
2.00396523740268E-02
3.26831997148128E-02
3.10618238309575E-02
3.14015284882698E-02
1.82343657601898E-02
1.84295855056531E-02
0.020694249877703
2.16082328219102E-02
2.25366779666105E-02
0.022768070896868
2.22807072561256E-02
2.25048113634492E-02
2.12624912789981E-02
2.22124570036588E-02
0.023176807339328
2.41555247905957E-02
2.43865121072702E-02
2.38481038039943E-02
2.40716649279199E-02
2.27276805282109E-02
2.29365857383999E-02
2.39434764519898E-02
2.17433753741819E-02
2.27499828015345E-02
2.13117613628056E-02
1.98446668875718E-02
2.00167932561007E-02
2.01887669294683E-02
1.95122231694406E-02
2.30987558520424E-02
2.24290083714873E-02
2.26145741561168E-02
2.27999362146271E-02
2.12170034788992E-02
2.13877102550619E-02
2.15582085503036E-02
2.26338455008377E-02
2.00736736047961E-02
0.020229353846753
2.03848188038512E-02
2.14737017737865E-02
2.72798772275442E-02
2.74839104852475E-02
2.86423750390974E-02
3.46233424503468E-02
3.58441876234255E-02
3.90301010039279E-02
5.20847616552014E-02
5.34436951104014E-02
3.68761385524669E-02
0.041147358614012
4.34524877413414E-02
5.49416911678274E-02
5.42900801948876E-02
5.46551880574382E-02
5.81338783972908E-02
0.054338228099983
5.57460673344822E-02
5.61081711604468E-02
5.75349554862575E-02
5.36132281466385E-02
7.12174178744495E-02
6.94927093574978E-02
7.86657408335497E-02
0.046171440655261
4.64538568264005E-02
4.22845798053908E-02
4.58971822656631E-02
4.50447242139552E-02
0.049842134937813
5.01343183036913E-02
4.24034610985067E-02
4.95637383733229E-02
5.21654799025381E-02
5.47927273330974E-02
5.27559454197234E-02
5.54077165077304E-02
0.104315396830998
0.109654625026089
0.111448872395574
0.112049437596786
0.112648200626167
0.113245143511015
0.112616159713798
0.11320302987758
0.117498526672837
0.116857523741721
0.121199868308776
8.41372940432141E-02
7.82475309794706E-02
7.22938025446314E-02
7.26491475903464E-02
7.81263076640026E-02
7.72170135457231E-02
5.68972589928999E-02
5.45692079563891E-02
5.22156820505404E-02
6.16402619047987E-02
5.79733146104837E-02
4.76507906461849E-02
4.65383795865052E-02
4.27417570231708E-02
4.29333971813489E-02
3.90813885005577E-02
3.79001283994979E-02
3.80658398835913E-02
0.036865495568204
3.56527387223833E-02
3.71818482601303E-02
4.14878247971389E-02
4.16617508742059E-02
4.04404402910781E-02
3.92068900266362E-02
3.79611702226198E-02
3.95266864151849E-02
0.043937547203921
4.55356062855887E-02
4.57155076108333E-02
0.047328792437391
4.89523909048619E-02
0.049140899709845
5.07793584988384E-02
5.24279073867889E-02
5.11628695976615E-02
4.98859971655389E-02
5.00700125330296E-02
0.140413114329431
0.130538419863404
0.145894789789005
0.149402627350196
0.149930278312883
0.150455173683624
0.150977299879106
0.151496643415341
0.152013190907286
0.152526929068483
0.1530378447107
0.153545924743591
0.154051156174354
0.154553526107405
0.155053021744061
0.155549630382224
0.156043339416081
0.156534136335809
0.157022008727286
0.157506944271815
0.157988930745847
0.158467956020717
0.158944008062389
0.159417074931202
0.159887144781625
0.160354205862023
0.16081824651442
0.161279255174279
0.16173722037028
0.162192130724107
0.162643974950241
0.16309274185576
0.163538420340141
0.16398099939507
0.138113193207576
0.123642611732441
0.12727332408505
0.112689670972328
9.63652741338241E-02
0.096611052871706
9.35151634688236E-02
0.120534308397695
0.117476075924166
0.116081435897639
0.1180492250333
0.121713343651206
0.122002298626793
0.107002803208057
0.163430926243752
0.165513150390702
0.165889794610975
0.107985413230803
0.109943768033496
0.110185956349171
9.14465532178638E-02
8.12688550219696E-02
0.142090355220371
0.142389759465846
0.142686420704873
0.142980331833991
0.143271485822478
0.150562796478733
0.154370774711947
0.154674311511452
0.156735937981697
0.155272413102223
0.150263544443674
0.147002907839716
0.145500640932776
0.147544318636222
0.147810740385962
9.81215227257019E-02
9.47199302031864E-02
9.48845561831824E-02
9.86340335322496E-02
0.170656354566843
0.167342751023487
7.75011021729807E-02
8.48483005729187E-02
9.22171638511462E-02
7.60637313455175E-02
7.61824367268926E-02
8.17496357749308E-02
8.18736413387962E-02
0.078351784104692
7.66424104014421E-02
7.12712727754395E-02
7.32032865731711E-02
6.59757646438145E-02
6.60672851910262E-02
0.134152743654543
0.134333097861411
0.134510831159223
0.134685939401687
0.136705794102032
0.138727668958685
0.138899458856676
0.139068535393132
0.135521964110842
0.16541959215174
0.163749749765705
0.080104774664678
8.01939004942388E-02
8.21484683361326E-02
8.03674442272675E-02
7.48389377729414E-02
7.11701976772793E-02
6.74924317161755E-02
6.75591441701727E-02
6.57460743501974E-02
6.58083596962965E-02
0.067751337470725
7.15801238861472E-02
7.16435444114251E-02
7.92535145399683E-02
8.87634226972787E-02
8.88366484182561E-02
9.45831193831871E-02
9.65504573437089E-02
0.102308017991758
0.102384133075088
0.1043556143124
7.21509768890679E-02
7.41003030674753E-02
0.076050733371065
7.60996631624475E-02
7.42434216093128E-02
5.33351280361901E-02
5.52721766259703E-02
5.72103246849477E-02
4.96092238200053E-02
5.34532835961329E-02
6.30302348951282E-02
6.68825805850353E-02
0.114709025338184
0.110934613094816
8.41929799261131E-02
0.080398512214142
8.23444043721271E-02
8.42901123566047E-02
7.09047629814764E-02
7.09278106033444E-02
7.47845702583393E-02
8.63145279102768E-02
8.63374703233118E-02
8.82777980386086E-02
8.82977798234822E-02
9.40757664760329E-02
9.02528076675174E-02
9.21884952236941E-02
0.176720687217957
0.178664406498418
0.180605066200259
0.180621051994069
0.180633486163974
0.119147094067549
0.128759529834344
0.17296226472208
0.167195213669896
0.172955465932967
0.174868597986541
0.174856564090532
0.169077099878683
0.169058813197828
0.159432815856839
9.41091036854616E-02
9.40933693362466E-02
9.40757849875788E-02
0.113251524724765
9.40350679468988E-02
0.155407486352407
0.111249866638269
9.97127897977361E-02
9.96823598286236E-02
6.89884411398763E-02
7.08803468934723E-02
0.172348817874098
0.183768100369924
0.183693850446794
0.191266657292515
0.191181795645462
0.191093177889693
0.191000806060607
0.190904682280236
0.190804808757246
0.190701187786938
0.179158192446178
0.161910306150957
0.165620042066912
0.165516872182762
0.167311722710963
0.165300787371944
0.161390454949691
0.161276973557169
0.16116032770778
0.104202689469419
8.32984982628867E-02
8.51248750566707E-02
8.12761487968119E-02
7.36548164920795E-02
7.35926121470573E-02
6.97582490516858E-02
7.34638771706502E-02
0.175024448838035
0.176742617316702
0.172818418003072
0.172651315021296
0.159357289527661
0.159196657009643
0.177742661980098
0.177556169678612
0.182967240885402
0.184632671985088
0.184427478917137
0.180497089628878
0.180288978865767
0.170795006497714
0.170590942497582
0.170383545277267
0.170172819661937
0.184737794083439
0.184501524942326
0.184261654236633
0.184018187559075
0.183771130589414
0.183520489094482
0.183266268928211
0.183008476031652
0.182747116433008
0.18248219624766
0.182213721678197
0.181941699014448
0.181666134633511
0.181387034999793
7.24417626660143E-02
6.87109373819772E-02
8.12378657413361E-02
0.081105937327281
7.91730457801687E-02
7.90409707582886E-02
0.127327787411102
0.100255553102858
0.101868782232331
9.99057272783784E-02
0.101508762741361
9.59928635104849E-02
0.102915276670759
0.109809605393439
0.107836393867583
0.10939668146502
0.132081101505686
0.11952129230928
0.107007225744197
0.082284483520673
8.38664052387275E-02
8.89269737050532E-02
8.87441770326301E-02
0.131971272824345
0.131693778745768
0.162538057989786
0.167364808729481
0.163557636909028
0.163198141767988
0.162835511159952
0.162469753821845
0.163807203613121
0.158324075499726
0.154559965435781
0.154197713411862
0.150451575104628
0.156837205313596
0.158140312022814
0.15775397554467
0.159038718621408
0.155302357594327
0.126594114291334
9.80269953461791E-02
7.95458557921337E-02
7.60336129600233E-02
7.58343352106907E-02
0.075633616781077
9.67490498670621E-02
0.099758707346746
9.94868453587238E-02
9.92130994270637E-02
0.111912883053917
0.109981620253256
0.051609508702857
5.14619869038556E-02
4.97099481490699E-02
4.79662840149191E-02
5.10136148914508E-02
5.56305689304103E-02
5.38792674226719E-02
5.52962939510403E-02
5.82777482749132E-02
5.65280982607358E-02
0.079832659111164
7.95823541705707E-02
9.64410778591327E-02
5.89203375371581E-02
5.87305302899665E-02
0.058539630805299
5.68121796322342E-02
6.42761087841281E-02
6.40615254027034E-02
6.38457565577887E-02
6.51437794024089E-02
6.34106846748071E-02
8.72643043962832E-02
0.104951563238793
0.107570272617462
9.23011150915982E-02
0.117188321920592
0.118243052374875
0.106031003518609
0.129117176033956
0.127176750237508
0.136895606550635
0.136379366058526
0.140196632809451
0.135339485523779
0.134815873025641
0.141432907011999
0.14087633982389
0.137482551619888
0.125638902152856
0.105448123395025
0.107819389253833
8.08812147185332E-02
7.91576564445486E-02
8.29759982076977E-02
5.50844530291402E-02
0.102844878035414
0.102404595574447
0.059818008288505
6.09111875173753E-02
0.059296161776257
8.58671769264643E-02
8.81552699136263E-02
8.37694627607812E-02
8.73601819403616E-02
6.06087444737585E-02
6.16405482344251E-02
7.04915009523267E-02
0.10394183942817
0.107329431553404
0.108104338140919
0.10758428893047
0.108336977192492
0.107807078499829
0.107275373503249
0.106741877616724
0.104957116876132
0.10691274684828
0.107604466282307
9.96684009268697E-02
8.69107508253943E-02
8.40210325932012E-02
8.72119730527966E-02
8.79532550915973E-02
0.086283463664941
9.17766530444153E-02
9.12764731716667E-02
0.091953740559448
9.26165099638944E-02
7.46117933097541E-02
7.07136074297986E-02
5.30219770809896E-02
0.100852057156641
0.099129797299051
9.96848550439854E-02
8.89638569914124E-02
8.73171119675957E-02
3.33827640092177E-02
3.31815278019543E-02
3.18804757029732E-02
3.16850079941125E-02
3.47465711432562E-02
3.23717569809124E-02
3.10958693907441E-02
3.30295374218846E-02
3.07008953617485E-02
3.26064023663714E-02
3.23941561601845E-02
3.32195788772389E-02
3.09371053745966E-02
2.86817448939633E-02
2.84884777791535E-02
2.93053669142211E-02
2.91044304031821E-02
3.08964395988631E-02
2.96911505605057E-02
2.94821497594625E-02
2.92727853127794E-02
2.90630647420031E-02
0.026929462590086
0.026733079924234
0.026536386295803
2.53986965046083E-02
2.89430340446231E-02
3.05774612562902E-02
3.12637873040463E-02
3.19356376856436E-02
3.34983537115192E-02
3.41341000119838E-02
2.94083361983782E-02
0.02828956573403
0.028938615732581
3.13127441103396E-02
3.10558071470054E-02
3.33651483714244E-02
3.22378580346161E-02
3.19658198257859E-02
3.08594882021257E-02
0.038035941609964
4.01648252291438E-02
7.06880718360566E-02
6.12041217457067E-02
0.061455477087148
6.24829921746026E-02
7.21022701737348E-02
0.072215665343946
7.15449823147991E-02
7.01118863057087E-02
0.069447798047996
7.47646169491388E-02
7.40422458855592E-02
7.33196581841768E-02
7.25968885922841E-02
6.89990133562496E-02
6.97279257852303E-02
6.97235634106252E-02
6.48253710453142E-02
6.41528471852156E-02
6.00674335612094E-02
5.87558076070976E-02
5.81268625180321E-02
5.74980473671962E-02
5.68693961092222E-02
5.68873907389616E-02
0.056251949893936
5.56167804361111E-02
5.49819184597692E-02
5.43474005213742E-02
5.37132636500774E-02
5.24763687067285E-02
5.48302056382792E-02
5.47574668822234E-02
5.40893121100247E-02
5.34217636266751E-02
5.55911468151069E-02
0.056009307141895
5.52937448163962E-02
5.45790205494451E-02
3.82442795954765E-02
3.72065957451984E-02
2.88421988045242E-02
2.79339182975298E-02
2.55098406495596E-02
2.31430702133345E-02
2.18255636068398E-02
1.90699583334459E-02
1.87950370388258E-02
2.18448615890254E-02
2.15218661925309E-02
2.35038435656254E-02
2.40550006594892E-02
0.025919737199246
2.19966262547903E-02
2.16495028121988E-02
2.34335876598792E-02
1.76046642770089E-02
1.93767380536418E-02
2.10809521214995E-02
2.51089675915693E-02
2.03698580738886E-02
1.46270589389325E-02
1.43692982059285E-02
1.78262023041331E-02
1.89614197362798E-02
1.96861816875419E-02
1.86159122127396E-02
0.018607460278014
2.23045853163101E-02
1.98804844742521E-02
1.36400391323366E-02
0.01336496134676
1.43379160645564E-02
1.43446383631348E-02
0.014041154249974
1.57854626865102E-02
1.77277983657451E-02
2.09681569125199E-02
2.15870580575554E-02
2.02896141454036E-02
1.61646723195833E-02
0.014507106136011
1.34103577010594E-02
8.71954287825065E-03
8.02809321308788E-03
6.90220876137093E-03
6.72210995984428E-03
6.76146047890444E-03
5.94156240767306E-03
5.57097981560843E-03
5.01286510234058E-03
4.86864819406762E-03
8.12819528374558E-03
8.61798950854766E-03
9.77615457444169E-03
8.2650947824815E-03
8.16763625040448E-03
3.86977385350431E-03
3.42877141185474E-03
3.31156959757843E-03
3.48623930206529E-03
3.92159529507938E-03
3.91263419376588E-03
4.41475908918341E-03
4.11974830403644E-03
3.83696110401215E-03
4.02640082735185E-03
3.96890973910949E-03
3.79904901397913E-03
3.53103415470386E-03
3.37126654524421E-03
2.93876982909673E-03
2.88527150315792E-03
2.82579024889664E-03
2.76064059787518E-03
2.69014540008495E-03
2.60698631496976E-03
2.47834586965197E-03
2.42154691709554E-03
2.3641790040785E-03
2.24035661706941E-03
2.11932341268092E-03
1.87606558484266E-03
1.76418601433465E-03
1.65529818293828E-03
1.72162173118743E-03
2.3926648417947E-03
2.37100064825218E-03
2.39738959732256E-03
2.41615544316461E-03
2.42727744283147E-03
1.6828259382252E-03
1.7525280498998E-03
1.16427348591683E-03
1.11511413539275E-03
1.10533133530432E-03
1.01654615897773E-03
1.00306535817689E-03
9.52001828564306E-04
8.68892925937781E-04
8.50357719254703E-04
7.99935100513759E-04
7.49896419591352E-04
7.00339807274574E-04
6.51371778765373E-04
5.81568003755041E-04
5.55671324294058E-04
5.09196315073529E-04
4.96955132486538E-04
4.94655564556071E-04
4.03933261887387E-04
3.71868338274012E-04
3.28279016865027E-04
2.59067391154514E-04
2.23730065719537E-04
1.90672557400242E-04
1.65778547646165E-04
1.60349551898783E-04
2.40250203734951E-04
1.95795890722926E-04
1.55090236537643E-04
1.11911156202927E-04
1.14529045986414E-04
3.52836501464464E-05
2.43302343458324E-05
1.42384827992656E-05
7.24176101003556E-06
3.8498646068343E-06
1.55576673037006E-06
5.05697709405284E-07
1.40785787196233E-07
2.12829055779579E-08
1.38799674188753E-09
4.56034704004922E-11
7.27041727186248E-14
3.51759648990973E-19
7.94659611437133E-34
6.48152851124182E-266
0
0
0
0
0
0
0
0
0
0
0
0
0
0
0
0
0
0
0
0
0
0
0
0
0
0
0
0
0
0
0
0
0
0
0
0
0
0
0
0
0
0
0
0
0
0
0
0
0
0
0
0
0
0
0
0
0
0
0
0
0
0
0
0
0
0
0
0
0
0
0
0
0
0
0
0
0
0
0
0
0
0
0
0
0
0
0
0
0
0
0
0
0
0
0
0
0
0
0
0
0
0
0
0
0
0
0
0
0
0
0
0
0
0
0
0
0
0
0
0
0
0
0
0
0
0
0
0
0
0
0
0
0
0
0
0
0
0
0
0
0
0
0
0
0
0
0
0
0
0
0
0
0
0
0
0
0
0
0
0
0
0
0
0
0
0
0
0
0
0
0
0
0
0
0
0
0
0
0
0
0
0
0
0
0
0
0
0
0
0
0
0
0
0
0
0
0
0
0
0
0
0
0
0
0
0
0
0
0
0
0
0
0
0
0
0
0
0
""
