0
0
0
0
0
0
0
0
0
0
0
0
0
0
0
0
0
0
0
0
0
0
0
0
0
0
0
0
0
0
0
0
0
0
0
0
0
0
0
0
0
0
0
0
0
0
0
0
0
0
0
0
0
0
0
0
0
0
0
0
0
0
0
0
0
0
0
0
0
0
0
0
0
0
0
0
0
0
0
0
0
0
0
0
0
0
0
0
0
0
0
0
0
0
0
0
0
0
0
0
0
0
0
0
0
0
0
0
0
0
0
0
0
0
0
0
0
0
0
0
0
0
0
0
0
0
0
0
0
0
0
0
0
0
0
0
0
0
0
0
0
0
0
0
0
0
0
0
0
0
0
0
0
0
0
0
0
0
0
0
0
0
0
0
0
0
0
0
0
0
0
0
0
0
0
0
0
0
0
0
0
0
0
0
0
0
0
0
0
0
0
0
0
0
0
0
0
0
0
0
0
0
0
0
0
0
0
0
0
0
0
0
0
0
0
0
0
0
0
0
0
0
0
0
0
0
0
0
0
0
0
0
0
0
0
0
0
0
0
0
0
0
0
0
0
0
0
0
0
0
0
0
0
0
0
0
0
0
0
0
0
0
0
0
0
0
0
0
0
0
0
0
0
0
0
0
0
0
0
0
0
0
0
0
0
0
0
0
0
0
0
0
0
0
0
0
0
0
0
0
0
0
0
0
0
0
0
0
0
0
0
0
0
0
0
0
0
0
0
0
0
0
0
0
0
0
0
0
0
0
0
0
0
0
0
0
0
0
0
0
0
0
0
0
0
0
0
0
0
0
0
0
0
0
0
0
0
0
0
0
0
0
0
0
0
0
0
0
0
0
0
0
0
0
0
0
0
0
0
0
0
0
0
0
0
0
0
0
0
0
0
0
0
0
0
0
0
0
0
0
0
0
0
0
0
0
0
0
0
0
0
0
0
0
0
0
0
0
0
0
0
0
0
0
0
0
0
0
0
0
0
0
0
0
0
0
0
0
0
0
0
0
0
0
0
0
0
0
0
1.44322869377574E-79
7.96486271363777E-23
2.63724361327671E-14
9.77734401415296E-11
6.39171447052768E-09
1.11264776413295E-07
5.6894822063484E-07
2.24718585707274E-06
6.11695830389086E-06
1.48458338398532E-05
2.84406271100697E-05
4.83186896061356E-05
7.49125958157144E-05
1.2693380521513E-04
1.74207615250008E-04
2.55746432933745E-04
8.40450070756331E-04
1.10262642833234E-03
1.59993064081105E-03
1.53045868441656E-03
1.80190465805267E-03
2.08797810274721E-03
2.19681372693264E-03
0.002389952826402
3.00945206810514E-03
4.16244101384242E-03
4.70626792519455E-03
0.0061046336194
5.81201365078667E-03
4.78932923565455E-03
8.80593447138539E-03
9.43912265523489E-03
4.72150211838813E-03
5.07051476648504E-03
6.14883982428215E-03
8.35723027171585E-03
8.88479791562236E-03
8.25957415330063E-03
6.89446852824496E-03
7.43348564440261E-03
7.82268077049921E-03
7.67917504855343E-03
8.23558558697959E-03
8.61576806202846E-03
9.61156125692636E-03
9.16898965394995E-03
9.76804805764448E-03
1.06169441740282E-02
9.58537153699998E-03
9.44264700081174E-03
1.13242290499972E-02
1.06506154844238E-02
1.51347510347073E-02
1.10799672106901E-02
1.08423340351074E-02
1.29850474251848E-02
1.58571665050818E-02
1.63136202725082E-02
1.61124793379482E-02
0.017226607312669
2.04567586510899E-02
3.05875212166942E-02
3.28146769121419E-02
3.51126991408891E-02
0.038246305589946
3.91377425559164E-02
0.040028133322558
3.35522452159095E-02
3.42803953456415E-02
3.50074435148388E-02
3.52975460056709E-02
3.64579521036088E-02
3.80881425908607E-02
3.37431358556632E-02
3.90948172315061E-02
3.98226607683808E-02
0.040548963293295
4.12736770405254E-02
4.19967568319864E-02
4.11741300193114E-02
0.04239115061704
5.31997298486078E-02
5.40625465281877E-02
0.05492316206245
5.57815366505648E-02
5.66376323772526E-02
5.74914130847521E-02
5.83428442540838E-02
5.91918928948882E-02
0.060038527443182
5.96650633130979E-02
5.61692354635701E-02
5.69329218112461E-02
5.45242908723969E-02
6.29497830422196E-02
5.85594255305048E-02
6.06233834001056E-02
0.042034425424694
4.72814935641059E-02
5.19581616894047E-02
5.39637723870214E-02
5.31999503106314E-02
5.73583807354869E-02
5.58658992892342E-02
0.056495643609945
5.63908662299668E-02
5.77486001635175E-02
5.68750728488107E-02
6.50432966924281E-02
6.57255043218676E-02
0.065633090191205
0.066302473736476
6.69693918683634E-02
7.00209082207836E-02
7.15097001086969E-02
7.22001790162594E-02
7.20690578476215E-02
7.27465584094622E-02
5.25630696462812E-02
5.22023531525106E-02
5.18245203145698E-02
5.31439754305637E-02
5.62060908159189E-02
5.66947392940277E-02
5.10233989016131E-02
4.43585005919029E-02
0.04383517204293
4.69034623151289E-02
0.066382756388267
5.95845074617438E-02
5.63631002686567E-02
5.21502391376978E-02
4.88015670480349E-02
4.91762620017075E-02
5.52665280162352E-02
5.47207432966652E-02
8.31725639532207E-02
8.37812387319194E-02
8.43871362896851E-02
8.69667645610611E-02
8.55905620422348E-02
8.31815109170205E-02
8.88009703399456E-02
9.04225900783608E-02
9.41006764699395E-02
9.47277701303164E-02
9.74246794092692E-02
9.28432503962007E-02
0.089241420005301
0.102488460515971
9.88805305397361E-02
9.62862560156673E-02
9.68786369590716E-02
9.74679697707022E-02
0.100233228665219
0.100829398421542
0.101422424802728
0.109774104073989
0.104829424479868
0.100939454212809
0.1026350580271
0.103205958726153
9.69314752693368E-02
0.097458818305714
9.91359346852133E-02
0.100822341046205
0.101352947578589
6.32361659299698E-02
6.35616986015345E-02
6.38853190872095E-02
6.18289845349573E-02
5.97470403565397E-02
5.88405227303419E-02
9.05008053414565E-02
9.09368960144473E-02
0.107207806767399
4.40644704775448E-02
3.81213035685462E-02
3.70616893887923E-02
4.21947993319468E-02
4.23851130738944E-02
5.25916418228892E-02
4.90505476236712E-02
4.80013754230161E-02
4.82085132203152E-02
4.71401921806048E-02
4.09419678561988E-02
4.11128557653803E-02
4.12825569881291E-02
9.58555967406874E-02
9.75430985994536E-02
5.48421746002255E-02
0.055058642600255
6.31697552042748E-02
6.20924282984578E-02
5.96770545849828E-02
5.99022137507906E-02
5.07727890475672E-02
0.05766531580187
5.78755796281142E-02
5.94350028448948E-02
5.55799771797528E-02
0.055775771741
5.59699968528752E-02
4.93135458314337E-02
4.53578773186181E-02
4.55104003200601E-02
4.84290229866117E-02
0.048588086772692
5.29240062282321E-02
5.58881665947449E-02
7.42865201436175E-02
7.45191557647386E-02
7.75704681574179E-02
9.05397382291369E-02
0.114935397279955
0.119547826933207
0.119900089949974
9.73444667863897E-02
9.61886242284222E-02
8.35041341864107E-02
8.37382099831625E-02
0.102790847200893
0.110330332190838
0.122273057320519
9.77870735341367E-02
9.21907734642465E-02
0.114437132419925
0.13973548449086
0.143037838287075
0.138959619187881
0.139301473721645
0.141125072717589
0.129550246365545
0.131348724698609
0.133150637791375
0.131956840180381
0.135261358626602
0.135563205416478
0.138880536795441
0.139181608699393
0.144027157895563
0.147368832975206
0.141584728874007
0.141873885908206
0.142159234037037
0.142440768557017
0.144253092188529
0.147605035620618
7.85632759242929E-02
7.87092753548667E-02
7.42147492252504E-02
0.071250356651477
7.91346417591333E-02
6.06199269081645E-02
0.155701312570981
0.15596276748201
0.156220070418911
0.156473217113371
0.156722203364043
0.156967025036717
0.157207678064493
0.157444158447939
0.157676462255259
0.157904585622447
0.158128524753448
0.158348275920304
0.158563835463314
0.15877519979117
0.15898236538111
0.159185328779054
0.159384086599744
0.159578635526879
0.159768972313248
0.159955093780857
0.160136996821059
0.160314678394674
0.16048813553211
0.160657365333486
0.160822364968737
0.160983131677735
0.161139662770393
0.161291955626771
0.161440007697182
0.161583816502289
0.161723379633206
0.161858694751588
0.161989759589726
0.162116571950635
0.162239129708139
0.162357430806955
0.162471473262773
0.162581255162334
0.162686774663501
0.162788029995337
0.162885019458168
0.162977741423651
0.163066194334839
0.163150376706239
0.16323028712387
0.146975331820788
0.145405785251817
0.145465492493468
0.145521393299893
0.143937829577273
0.143985572228425
0.144029548615945
0.147344070682335
0.163757045120514
0.163794173999817
0.163827020105044
0.163855582883836
0.163879861855839
0.163899856612722
0.163915566818196
0.163926992208026
0.163934132590039
0.163936987844133
0.163935557922284
0.163929842848542
0.163919842719035
0.163905557701965
0.163886988037598
0.163864134038259
0.163836996088317
0.16380557464417
0.163769870234232
0.163729883458907
0.163685614990568
0.163637065573533
0.163584236024033
0.145539143234863
0.143849851333714
0.14542606748078
0.146997121807072
0.145297768699872
0.163177430706977
0.16309466911823
0.163007636511437
0.16291633434831
0.162820764162038
0.162720927557221
0.162616826209814
0.16250846186706
0.162395836347419
0.162278951540503
0.162157809406997
0.162032411978586
0.161902761357875
0.161768859718305
0.161630709304071
0.161488312430032
0.161341671481623
0.161190788914757
0.161035667255733
0.160876309101134
0.160712717117726
0.160544894042353
0.16037284268183
0.160196565912827
0.160016066681763
0.159831348004684
0.159642412967145
0.159449264724087
0.159251906499713
0.159050341587358
0.158844573349358
0.158634605216917
0.158420440689967
0.158202083337032
0.157979536795081
0.157752804769384
0.157521891033363
0.157286799428439
0.157047533863878
0.156804098316632
0.156556496831179
0.156304733519357
0.156048812560202
0.155788738199772
0.155524514750979
0.155256146593408
0.154983638173146
0.131500944902201
0.145160645540654
0.14489283778322
0.143082632586703
0.144345603233457
0.144066185481036
0.097894745104616
9.92257998429337E-02
0.095977675615718
0.098820712141612
9.25456167349718E-02
0.112030305673887
0.110278477573687
0.108530236197393
0.15040240496833
0.150064310534312
0.149722161407263
0.149375963196225
0.149025721572771
0.14867144227077
0.14831313108615
0.147950793876645
0.147584436561562
0.147214065121521
0.146839685598209
0.146461304094128
0.146078926772334
0.14569255985618
0.145302209629055
0.144907882434122
0.144509584674046
0.144107322810731
0.143701103365047
0.143290932916559
0.142876818103246
0.135335827340172
0.136355310935526
0.137362548482894
0.134121997490955
0.137932368648969
0.140309676579591
0.085319566573959
0.110143947281568
0.109788995630812
0.109430982861358
0.113211810205457
0.112833865196411
0.113824135955048
0.116168570364073
0.113043062999672
0.11400495635506
0.135240087972951
0.134756174594068
0.134268453694035
0.133776933019224
0.133281620368382
0.132782523592347
0.132279650593769
0.131773009326818
0.131262607796921
0.130748454060475
0.130230556224583
0.129708922446787
0.129183560934805
0.128654479946274
0.128121687788502
0.127585192818219
0.127045003441345
0.126501128112755
0.125953575336061
0.105337977077256
0.102374926790085
0.103159818606503
9.89814092117007E-02
9.85287605944355E-02
9.07177207724141E-02
3.53853539210907E-02
3.40037043775719E-02
3.38412318009283E-02
3.60833079513499E-02
3.23163711319711E-02
3.21568007570754E-02
2.96261745320023E-02
0.02593944777939
3.40184266091337E-02
3.38429196615279E-02
0.03250548028361
3.23340535913031E-02
3.90534260573356E-02
3.65580081390917E-02
3.74949449106341E-02
3.61583477157612E-02
3.14622446084535E-02
3.57542473414791E-02
3.44395855274909E-02
3.42411776550633E-02
0.036237945662175
3.60244768340709E-02
3.58098826724517E-02
3.45155553555018E-02
3.53773314982523E-02
5.11409179698426E-02
5.08222816211549E-02
5.26062839144808E-02
5.12255960133222E-02
5.08953975233414E-02
5.15954773798784E-02
0.075857720217463
7.53516859034416E-02
7.48432113690754E-02
7.43323044519062E-02
7.38189730395532E-02
0.07627497743904
7.67193965688879E-02
7.81237962082386E-02
4.75045478339324E-02
4.90814546603929E-02
4.87177628229452E-02
5.21447873410538E-02
4.42219216619401E-02
4.38822591528327E-02
8.43029980260628E-02
8.27204864566369E-02
9.11795038697222E-02
9.04442257300897E-02
8.97058291217916E-02
8.89643260901194E-02
8.82197288096277E-02
8.74720495907473E-02
8.67213008868627E-02
8.59674953018897E-02
0.085210645598384
8.44507647062199E-02
0.083687865731876
8.29219619683733E-02
8.21530669059064E-02
8.13811942432216E-02
8.06063578997894E-02
0.079828572028831
7.90478510312562E-02
7.82642095705812E-02
0.077477662588891
7.66882253239268E-02
7.58959133273755E-02
7.51007424844494E-02
7.43027290348511E-02
7.35018895952226E-02
7.26982411831889E-02
7.18918012431139E-02
0.071082587673695
7.02706188575324E-02
6.59831180081825E-02
4.66741743065919E-02
4.06910236169195E-02
3.95273907570166E-02
6.28616211548467E-02
6.27283628776307E-02
6.45113517507739E-02
0.063678072401447
6.28422310943476E-02
5.64235064440847E-02
6.11629652219068E-02
6.03195945130881E-02
5.94737697029873E-02
0.058625520601139
5.77748783184691E-02
5.69218753599205E-02
5.60665457241997E-02
5.52089250112351E-02
5.43490505379842E-02
5.34869614632906E-02
5.26226989225482E-02
5.17563061730047E-02
5.08878287506075E-02
5.00173146393822E-02
4.91448144544204E-02
4.82703816396569E-02
4.73940726817271E-02
4.65159473413088E-02
4.56360689034957E-02
4.47545044488865E-02
4.38713251472376E-02
4.21268744441875E-02
0.04125842048259
3.46188175771467E-02
2.78235907583791E-02
2.76038178884006E-02
3.70012074396841E-02
3.57683089733646E-02
3.52876078913481E-02
0.033712414276444
3.25221216856751E-02
1.77191704455625E-02
1.69219727366514E-02
1.87254288142987E-02
2.41704202226885E-02
2.50061723783781E-02
2.39767742376841E-02
2.32528711576829E-02
2.36422805192227E-02
0.022615160527366
2.26483724374181E-02
2.18754113941636E-02
2.03765087927101E-02
1.96339512357566E-02
1.91186542482893E-02
1.83723269205508E-02
1.76290788598594E-02
1.70880103466874E-02
1.69136265241327E-02
1.61477446073785E-02
1.62514303041548E-02
1.52895649058057E-02
1.43512162404811E-02
1.34368653539484E-02
1.31046652551936E-02
1.19447373422862E-02
9.24120808759231E-03
8.64656972389369E-03
0.008168985981726
7.58674127589189E-03
6.27758782562372E-03
5.94836641517704E-03
3.65746566435622E-03
3.25951935954397E-03
2.75699868253809E-03
2.53476983578142E-03
3.95435321018671E-03
3.40330202168966E-03
3.05660841279444E-03
2.64370379402433E-03
2.28636955563948E-03
2.04628891208836E-03
1.61001305510204E-03
1.23819766691314E-03
7.05173835961741E-04
6.82760285471497E-04
4.70047702761821E-04
3.45712479001882E-04
2.12505258742223E-04
1.34930107487381E-04
9.36046649924045E-05
5.40495840714122E-05
1.88059123811104E-05
6.9819742433876E-06
2.95443704958953E-06
3.26866056897808E-07
1.85319641204108E-08
4.5957382384838E-10
6.6661337798914E-13
4.14683967869825E-19
5.21758294970367E-43
0
0
0
0
0
0
0
0
0
0
0
0
0
0
0
0
0
0
0
0
0
0
0
0
0
0
0
0
0
0
0
0
0
0
0
0
0
0
0
0
0
0
0
0
0
0
0
0
0
0
0
0
0
0
0
0
0
0
0
0
0
0
0
0
0
0
0
0
0
0
0
0
0
0
0
0
0
0
0
0
0
0
0
0
0
0
0
0
0
0
0
0
0
0
0
0
0
0
0
0
0
0
0
0
0
0
0
0
0
0
0
0
0
0
0
0
0
0
0
0
0
0
0
0
0
0
0
0
0
0
0
0
0
0
0
0
0
0
0
0
0
0
0
0
0
0
0
0
0
0
0
0
0
0
0
0
0
0
0
0
0
0
0
0
0
0
0
0
0
0
0
0
0
0
0
0
0
0
0
0
0
0
0
0
0
0
0
0
0
0
0
0
0
0
0
0
0
0
0
0
0
0
0
0
0
0
0
0
0
0
0
0
0
0
0
0
0
0
0
0
0
0
0
0
0
0
0
0
0
0
0
0
0
0
0
0
0
0
0
0
0
0
0
0
0
0
0
0
0
0
0
0
0
0
0
0
0
0
0
0
0
0
0
0
0
0
0
0
0
0
0
0
0
0
0
0
0
0
0
0
0
0
0
0
0
0
0
0
0
0
0
0
0
0
0
0
0
0
0
0
0
0
0
0
0
0
0
0
0
0
0
0
0
0
0
0
0
0
0
0
0
0
0
0
0
0
0
0
0
0
0
0
0
0
0
0
0
0
0
0
0
0
0
0
0
0
0
0
0
0
0
0
0
0
0
0
""
