0
0
0
0
0
0
0
0
0
0
0
0
0
0
0
0
0
0
0
0
0
0
0
0
0
0
0
0
0
0
0
0
0
0
0
0
0
0
0
0
0
0
0
0
0
0
0
0
0
0
0
0
0
0
0
0
0
0
0
0
0
0
0
0
0
0
0
0
0
0
0
0
0
0
0
0
0
0
0
0
0
0
0
0
0
0
0
0
0
0
0
0
0
0
0
0
0
0
0
0
0
0
0
0
0
0
0
0
0
0
0
0
0
0
0
0
0
0
0
0
0
0
0
0
0
0
0
0
0
0
0
0
0
0
0
0
0
0
0
0
0
0
0
0
0
0
0
0
0
0
0
0
0
0
0
0
0
0
0
0
0
0
0
0
0
0
0
0
0
0
0
0
0
0
0
0
0
0
0
0
0
0
0
0
0
0
0
0
0
0
0
0
0
0
0
0
0
0
0
0
0
0
0
0
0
0
0
0
0
0
0
0
0
0
0
0
0
0
0
0
0
0
0
0
0
0
0
0
0
0
0
0
0
0
0
0
0
0
0
0
0
0
0
0
0
0
0
0
0
0
0
0
0
0
0
0
0
0
0
0
0
0
0
0
0
0
0
0
0
0
0
0
0
0
0
0
0
0
0
0
0
0
0
0
0
0
0
0
0
0
0
0
0
0
0
0
0
0
0
0
0
0
0
0
0
0
0
0
0
0
0
0
0
0
0
0
0
0
0
0
0
0
0
0
0
0
0
0
0
0
0
0
0
0
0
0
0
0
0
0
0
0
0
0
0
0
0
0
0
0
0
0
0
0
0
0
0
0
0
0
0
0
0
0
0
0
0
0
0
0
0
0
0
0
0
0
0
0
0
0
0
0
0
0
0
0
0
0
0
0
0
0
0
0
0
0
0
0
0
0
0
0
0
0
0
0
0
0
0
0
0
0
0
0
0
0
0
0
0
0
0
0
0
0
0
0
0
0
0
0
0
0
0
0
0
0
0
0
0
0
0
0
6.01806407122405E-257
4.55708607480821E-28
7.31041463185271E-16
2.12159770039673E-11
4.02830234332328E-09
9.28001483389392E-08
6.43525061664749E-07
3.16352824597325E-06
6.59434177378628E-06
1.28085400906415E-05
2.96681993060225E-05
7.95853131884165E-05
1.32985222443877E-04
2.0319361328456E-04
2.79958423645645E-04
2.79730255884369E-04
3.62094679339849E-04
4.53848606901877E-04
5.66007430238633E-04
9.30361741632587E-04
1.14911852317318E-03
1.0990370942718E-03
1.39819075244291E-03
1.60287799141331E-03
1.81780616269115E-03
1.97038846427254E-03
2.47421700398664E-03
2.55901712182358E-03
2.76188707012822E-03
3.12070703869538E-03
3.33074078928119E-03
3.59848230413667E-03
4.47103639335451E-03
4.78946266912171E-03
4.04348494196413E-03
4.46308802330874E-03
4.90439830431629E-03
3.54785974055315E-03
4.02894372175196E-03
3.73352692623378E-03
4.23610437883951E-03
4.8801390635262E-03
5.56469089285949E-03
5.56394892432278E-03
5.79517298334189E-03
5.76434836398752E-03
5.98533800507467E-03
6.34711787535953E-03
8.90939661648047E-03
8.45903954338272E-03
8.58225809866689E-03
8.37274882786855E-03
9.62642538923036E-03
1.38441227400309E-02
1.65289553318903E-02
0.015544186367673
1.57788347164607E-02
1.61925071474655E-02
1.66043921766674E-02
1.64139222299918E-02
1.63977161448853E-02
1.99262739054545E-02
1.86619958423926E-02
1.57850904002421E-02
1.56761412825433E-02
1.48608130441243E-02
1.51635983008404E-02
2.23644165925611E-02
0.020614817603483
2.12514393160241E-02
2.13916647653824E-02
2.17768116094886E-02
2.08562450829789E-02
2.12145912441477E-02
2.15708551838099E-02
2.19250322494015E-02
2.19986550068258E-02
1.72531737058312E-02
2.29750130506508E-02
1.57415524632064E-02
2.83974354822313E-02
2.94075304864015E-02
1.88678968552893E-02
1.91294100923714E-02
2.09529596496102E-02
2.69362077041656E-02
2.92143102391089E-02
2.95886712523111E-02
3.12776274938279E-02
3.26634276621461E-02
2.93482828779821E-02
2.15048705096154E-02
2.21012506751351E-02
2.41011010835323E-02
0.025432203576126
0.026427863875602
1.98558867985299E-02
2.00680479937347E-02
2.06475242960359E-02
2.04882020002479E-02
1.99436129763871E-02
2.09028225960166E-02
0.021491850026832
2.16994287422267E-02
2.15144420378502E-02
2.09259223748802E-02
2.19153558071523E-02
2.25158420628265E-02
2.14995330476435E-02
2.41433871606846E-02
2.51773732204973E-02
2.58077009015999E-02
1.84684834917952E-02
1.94671513685616E-02
1.91985903495518E-02
1.76319479449276E-02
1.77708557312732E-02
2.35871664058285E-02
4.13730828088994E-02
2.70507524670292E-02
2.94852865361634E-02
3.01509814246996E-02
3.21813643069014E-02
3.24099964462862E-02
3.30966147685705E-02
1.01826524993543E-02
9.7859322155396E-03
9.85156282991621E-03
9.91669732859643E-03
9.98133651460164E-03
9.5671249212026E-03
1.01091320425191E-02
9.68789511736638E-03
9.74757654240761E-03
9.31645024586647E-03
7.89242825726944E-03
7.44286044226008E-03
7.98530090383343E-03
7.52922938625386E-03
6.56230486090719E-03
6.59897551012699E-03
6.63534441747436E-03
6.15822637478346E-03
6.19124149575296E-03
6.2239789480942E-03
5.7350690816478E-03
6.28862190214057E-03
7.37394922398953E-03
7.94019655887129E-03
9.04330604814971E-03
9.08733135334178E-03
9.13096564463773E-03
9.17420920519925E-03
8.67488217033662E-03
7.62549134615304E-03
6.56583399023622E-03
6.59525744647695E-03
6.62440596720574E-03
0.006098839728465
6.12505556684352E-03
6.15101977716683E-03
5.05369020966015E-03
4.51068638806713E-03
4.5290209449579E-03
5.11556942174672E-03
5.13578484050521E-03
5.15579489275429E-03
5.17559964750822E-03
4.61795481735681E-03
4.6351942395052E-03
4.65225133679655E-03
4.66912615613319E-03
4.68581874108517E-03
5.29012027349751E-03
5.3084895368592E-03
5.32665391229262E-03
5.34461343500627E-03
5.95818681893632E-03
5.97768671932056E-03
5.99695910231379E-03
4.21120279558302E-03
4.82785713294465E-03
4.84272911167055E-03
4.85741914471642E-03
4.87192724350089E-03
4.27547174018968E-03
4.90039767362872E-03
4.91436001772625E-03
4.92814045323235E-03
4.94173898196745E-03
4.95515560406895E-03
4.34734152830799E-03
3.73608234071567E-03
3.74573550619873E-03
4.38112760237096E-03
4.39207125996642E-03
4.40285572263307E-03
3.78298369880918E-03
3.15996216320505E-03
3.16732417994252E-03
3.17457245787301E-03
3.18170698839423E-03
2.55098220988164E-03
2.55650781606108E-03
1.92145680084962E-03
2.56728595661859E-03
1.92940385528204E-03
1.93327495746876E-03
1.93707776697957E-03
1.94081227657925E-03
1.94447847886006E-03
1.94807636625945E-03
1.30107062071827E-03
1.30337811032884E-03
1.30564004105479E-03
1.96178461133117E-03
1.96504080665461E-03
1.96822863940954E-03
2.62846413521387E-03
2.63253224592457E-03
2.63650917370756E-03
2.64039490759146E-03
3.30523679577722E-03
3.30986593734756E-03
2.6515048364905E-03
2.65502568565623E-03
2.65845528665486E-03
2.66179362886381E-03
2.66504070177301E-03
2.66819649499917E-03
2.00344574872477E-03
2.00567565118948E-03
2.00783707120228E-03
2.00993000145653E-03
2.01195443478924E-03
2.0139103641898E-03
2.01579778280834E-03
2.0176166839639E-03
2.01936706115211E-03
2.02104890805276E-03
1.34844147902458E-03
1.34947132444909E-03
1.35045547115794E-03
6.75696957737176E-04
1.35228665386615E-03
1.35313368294954E-03
1.35393499949275E-03
2.03203590062902E-03
2.03310072421725E-03
2.03409696586946E-03
2.71336616226391E-03
2.71451158408738E-03
2.71556554878589E-03
2.0373960391444E-03
2.03804931786611E-03
2.03863399515381E-03
1.35943337911533E-03
1.35973169090512E-03
2.03997639641244E-03
2.04028664731415E-03
2.72070438375133E-03
2.72093508924823E-03
2.72107431197845E-03
3.40140256422467E-03
3.40134788407401E-03
3.40117884974201E-03
3.40089546191132E-03
3.40049772172574E-03
3.39998563078905E-03
3.39935919116347E-03
2.71889472429412E-03
3.39776327637421E-03
2.71743504608546E-03
2.71656800234951E-03
2.71560949334371E-03
2.03591964215398E-03
2.03506357131456E-03
2.03413891086121E-03
2.03314566442001E-03
2.03208383586782E-03
2.03095342932833E-03
2.02975444916777E-03
2.0284868999905E-03
2.02715078663412E-03
1.35049740944298E-03
2.02427288787019E-03
2.02273111325712E-03
1.3474138640282E-03
1.3462946280985E-03
1.34512970512929E-03
1.34391909932857E-03
1.34266281502732E-03
2.01204128501173E-03
2.68002645766369E-03
2.67723987233714E-03
2.67436196691134E-03
3.33924093890046E-03
3.33541529359783E-03
3.33147553533327E-03
3.32742167690199E-03
3.9879044775309E-03
3.9827660539027E-03
3.31457563110398E-03
3.31006550322644E-03
3.30544134145251E-03
3.30070315936617E-03
3.29585097061565E-03
3.29088478889268E-03
3.28580462791098E-03
2.62448840110747E-03
3.27530242300387E-03
3.26988040641471E-03
3.26434446519211E-03
3.25869461281673E-03
2.60234469011955E-03
2.59764258232422E-03
2.59284937730144E-03
2.5879650853254E-03
3.22873714560995E-03
2.57792328067563E-03
2.57276578754593E-03
2.56751724650315E-03
2.56217766667359E-03
3.19593382110006E-03
4.46464449482767E-03
5.09122556203586E-03
4.44484097896982E-03
5.06822896484728E-03
4.42440047467401E-03
4.41394138152403E-03
5.66141538236587E-03
5.02005207437295E-03
5.00755298251854E-03
4.37051296648745E-03
4.35925789176264E-03
4.34784364070882E-03
4.33627021728985E-03
3.70674653502211E-03
4.92873812887245E-03
4.30059493294523E-03
3.06313202372199E-03
3.66515619471095E-03
3.65441752297034E-03
3.03628533983882E-03
3.63253084228473E-03
3.62138281791035E-03
4.21178137866008E-03
4.19845690885253E-03
4.18497319565191E-03
2.97952158650791E-03
2.9696628321971E-03
2.95969028935946E-03
0.002949603940269
2.93940376544353E-03
2.92908974358239E-03
2.91866185150298E-03
4.07136808970637E-03
4.05645009582336E-03
3.46403363103849E-03
3.4509732573887E-03
3.43777606373726E-03
3.99518234153862E-03
3.97946621495783E-03
3.96359030434582E-03
3.94755454925203E-03
3.36973618766386E-03
3.35571706767317E-03
3.34156076370387E-03
3.32726721097579E-03
3.31283634122893E-03
4.39769077683361E-03
4.37808314619844E-03
0.004358292124007
4.88060729927817E-03
4.31815945603861E-03
3.76059037583323E-03
3.20796886584282E-03
3.19243655195149E-03
3.70622715569311E-03
3.16095750166093E-03
3.14501054326854E-03
2.60743761685003E-03
2.59391764133973E-03
3.09633850355767E-03
3.07983700911736E-03
3.06319654814216E-03
3.04641697718223E-03
4.03933086315915E-03
5.02073317383977E-03
5.49127716122718E-03
5.45949164288835E-03
5.42744962148578E-03
5.88561902328116E-03
5.36259475562065E-03
5.32978122614099E-03
5.2967098231779E-03
5.26338017528075E-03
4.75435627190226E-03
4.72358599925109E-03
5.16183786784941E-03
5.12747128502693E-03
5.09284441807373E-03
5.05795682166889E-03
5.02280803768207E-03
4.98739759506412E-03
4.50156819068487E-03
4.46889980418133E-03
4.43599219027885E-03
3.96256038578115E-03
4.36945736473586E-03
4.76941208189431E-03
5.59254769211215E-03
5.54820322483451E-03
5.92689334146901E-03
7.13812837542037E-03
6.6624951637774E-03
7.01925915437624E-03
6.95920151682998E-03
6.89872719360412E-03
6.83783516197565E-03
1.15599533584066E-02
1.14546482469618E-02
1.25226208830633E-02
1.16295334080001E-02
1.11344177341407E-02
0.01254708886146
1.24231526937249E-02
1.97519577776701E-02
1.69681384877298E-02
1.64268669349608E-02
1.62533302567169E-02
1.64359562791459E-02
1.23688692000471E-02
8.73659118827101E-03
8.98314264604698E-03
8.19652116985099E-03
9.45034361186589E-03
9.33735864683126E-03
7.90598697991818E-03
7.80790328990561E-03
9.3152807895341E-03
9.1952590585244E-03
9.07448323557276E-03
1.01878420006404E-02
1.00486870912497E-02
1.11097212108843E-02
1.06557716049619E-02
9.33434911862986E-03
8.90868655717606E-03
8.4908813750833E-03
9.47429027301489E-03
8.2276696149146E-03
7.28539868226476E-03
7.16519033211663E-03
6.78337992659515E-03
7.69185238974971E-03
7.80781709033284E-03
7.41927912895614E-03
8.7382053336399E-03
8.33423825628677E-03
7.93862579470938E-03
7.78028281880796E-03
6.94864710476647E-03
6.80274728363774E-03
6.44138522803323E-03
5.87883584991504E-03
6.15541900644866E-03
6.21177853843397E-03
6.25782152247119E-03
5.53065237530938E-03
5.38954326134757E-03
5.06688533569955E-03
5.28163848371603E-03
5.81843855760319E-03
5.6504272729778E-03
5.64309437291893E-03
5.3127905184927E-03
5.1432588808202E-03
5.11959716229366E-03
5.36810739223176E-03
5.04123653097384E-03
4.72418460077703E-03
4.41705419680282E-03
4.48347166082915E-03
4.18141417562502E-03
3.77846317324002E-03
3.8203612858876E-03
3.23596821029714E-03
3.0766156587216E-03
3.10034721436261E-03
2.84646989842416E-03
2.44080126303711E-03
2.44810430710738E-03
2.29418841794808E-03
2.14202181749544E-03
1.8051377723268E-03
1.78642179749592E-03
1.64577248126899E-03
1.31343941479502E-03
1.19631162147905E-03
1.08237878018244E-03
9.72014063815189E-04
8.65615850844438E-04
8.20169579152951E-04
7.15792712615967E-04
6.38376727368927E-04
5.78853291446774E-04
4.99275875677432E-04
3.84929867497758E-04
2.89045191948192E-04
2.33779672288566E-04
1.83011893855172E-04
1.33454484027834E-04
8.9866193923126E-05
5.89843522061006E-05
3.47520838761379E-05
1.92434589097387E-05
1.00287314765961E-05
3.31279276655876E-06
1.05985911128653E-06
1.9723806456258E-07
2.67637260284959E-08
1.11304041479175E-09
6.85828517466348E-12
4.58987049735763E-16
1.9114118481415E-27
5.75886478144116E-186
0
0
0
0
0
0
0
0
0
0
0
0
0
0
0
0
0
0
0
0
0
0
0
0
0
0
0
0
0
0
0
0
0
0
0
0
0
0
0
0
0
0
0
0
0
0
0
0
0
0
0
0
0
0
0
0
0
0
0
0
0
0
0
0
0
0
0
0
0
0
0
0
0
0
0
0
0
0
0
0
0
0
0
0
0
0
0
0
0
0
0
0
0
0
0
0
0
0
0
0
0
0
0
0
0
0
0
0
0
0
0
0
0
0
0
0
0
0
0
0
0
0
0
0
0
0
0
0
0
0
0
0
0
0
0
0
0
0
0
0
0
0
0
0
0
0
0
0
0
0
0
0
0
0
0
0
0
0
0
0
0
0
0
0
0
0
0
0
0
0
0
0
0
0
0
0
0
0
0
0
0
0
0
0
0
0
0
0
0
0
0
0
0
0
0
0
0
0
0
0
0
0
0
0
0
0
0
0
0
0
0
0
0
0
0
0
0
0
0
0
0
0
0
0
0
0
0
0
0
0
0
0
0
0
0
0
0
0
0
0
0
0
0
0
0
0
0
0
0
0
0
0
0
0
0
0
0
0
0
0
0
0
0
0
0
0
0
0
0
0
0
0
0
0
0
0
0
0
0
0
0
0
0
0
0
0
0
0
0
0
0
0
0
0
0
0
0
0
0
0
0
0
0
0
0
0
0
0
0
0
0
0
0
0
0
0
0
0
0
0
0
0
0
0
0
0
0
0
0
0
0
0
0
0
0
0
0
0
0
0
0
0
0
0
0
0
0
0
0
0
0
0
0
0
0
0
0
0
0
0
0
0
0
0
0
0
0
0
0
0
0
0
0
0
0
0
0
0
0
0
0
0
0
0
0
0
0
0
0
0
0
0
0
0
0
0
0
0
0
0
0
0
0
0
0
0
0
0
0
0
0
0
0
0
0
0
0
0
0
0
0
0
0
0
0
0
0
0
0
0
0
0
0
0
0
0
0
0
0
0
0
0
0
0
0
0
0
0
0
0
0
0
0
0
0
0
0
0
0
0
0
0
0
0
0
0
0
0
0
0
0
""
