0
0
0
0
0
0
0
0
0
0
0
0
0
0
0
0
0
0
0
0
0
0
0
0
0
0
0
0
0
0
0
0
0
0
0
0
0
0
0
0
0
0
0
0
0
0
0
0
0
0
0
0
0
0
0
0
0
0
0
0
0
0
0
0
0
0
0
0
0
0
0
0
0
0
0
0
0
0
0
0
0
0
0
0
0
0
0
0
0
0
0
0
0
0
0
0
0
0
0
0
0
0
0
0
0
0
0
0
0
0
0
0
0
0
0
0
0
0
0
0
0
0
0
0
0
0
0
0
0
0
0
0
0
0
0
0
0
0
0
0
0
0
0
0
0
0
0
0
0
0
0
0
0
0
0
0
0
0
0
0
0
0
0
0
0
0
0
0
0
0
0
0
0
0
0
0
0
0
0
0
0
0
0
0
0
0
0
0
0
0
0
0
0
0
0
0
0
0
0
0
0
0
0
0
0
0
0
0
0
0
0
0
0
0
0
0
0
0
0
0
0
0
0
0
0
0
0
0
0
0
0
0
0
0
0
0
0
0
0
0
0
0
0
0
0
0
0
0
0
0
0
0
0
0
0
0
0
0
0
0
0
0
0
0
0
0
0
0
0
0
0
0
0
0
0
0
0
0
0
0
0
0
0
0
0
0
0
0
0
0
0
0
0
0
0
0
0
0
0
0
0
0
0
0
0
0
0
0
0
0
0
0
0
0
0
0
0
0
0
0
0
0
0
0
0
0
0
0
0
0
0
0
0
0
0
0
0
0
0
0
0
0
0
0
0
0
0
0
0
0
0
0
0
0
0
0
0
0
0
0
0
0
0
0
0
0
0
0
0
0
0
0
0
0
0
0
0
0
0
0
0
0
0
0
0
0
0
0
0
0
0
0
0
0
0
0
0
0
0
0
0
0
0
0
0
0
0
0
0
0
0
0
0
0
0
0
0
0
0
0
0
0
0
0
0
0
0
0
0
0
0
0
0
0
0
0
0
0
0
0
0
0
0
0
0
0
0
0
0
0
0
0
0
0
0
0
0
0
0
0
0
0
0
0
0
0
0
0
0
0
0
0
0
0
0
0
0
0
0
0
0
0
0
0
0
9.49244350263932E-65
3.16843807085624E-22
3.10433060455291E-14
8.86096832160033E-11
7.20663688829165E-09
1.18406595103177E-07
7.43665158024978E-07
3.04924252788677E-06
1.27266619114862E-05
2.67974549520801E-05
4.20248010354027E-05
7.84962295484586E-05
1.29166965826835E-04
1.94714684937982E-04
2.54039192352547E-04
3.3975068270759E-04
3.11489088349159E-04
4.61096528675098E-04
8.78672562688107E-04
1.4718770482097E-03
1.87116446190734E-03
2.24165166689636E-03
2.59515779615301E-03
2.9984076125466E-03
3.39357915912215E-03
3.80512565690692E-03
4.23136888545675E-03
4.67072469026152E-03
5.12170933876008E-03
5.13630651285388E-03
3.51082322762409E-03
6.53113508896649E-03
7.0158331278536E-03
6.08005835646654E-03
6.48118507069627E-03
6.88553470445291E-03
6.57225043331629E-03
8.36708073117172E-03
8.81313762868147E-03
9.78654614503287E-03
1.03703173236627E-02
1.08492181545398E-02
0.011328088436324
1.13041670292526E-02
1.20229879559163E-02
1.07247959088321E-02
1.11244546348276E-02
1.15228683986371E-02
1.19198619150974E-02
1.23152780397042E-02
1.27089760936094E-02
1.34324969289093E-02
1.38322660186017E-02
1.42299271656021E-02
1.46253893652881E-02
1.85414468713128E-02
1.90239551798252E-02
4.8758709200346E-03
5.19479073709285E-03
5.31786784392471E-03
5.44012365736177E-03
5.56154658808525E-03
5.46358336743985E-03
1.20500077050499E-02
1.22968926285111E-02
1.25419826602114E-02
0.013022032122683
1.37504483239426E-02
0.016214482196259
1.87558689040493E-02
1.75569617903483E-02
1.73386187306486E-02
1.86792582991422E-02
0.019249711880028
2.47148975208036E-02
0.024821433638025
2.79961452541285E-02
2.81254636602682E-02
2.59376592476917E-02
1.92893852663965E-02
1.95556215005429E-02
0.02252234801122
2.28199174709291E-02
1.84920119112467E-02
1.43566919834252E-02
1.54825840513676E-02
1.69498052207075E-02
1.74750354148675E-02
1.53870296059365E-02
1.55627957673685E-02
1.43977342177114E-02
0.019971906895236
0.017791855371892
1.76339476507631E-02
1.64192096559573E-02
0.016233162229003
1.63950283000159E-02
3.49104467896572E-02
2.90686830338509E-02
2.93427899539274E-02
2.96144530624106E-02
3.02572295217806E-02
2.71354429726549E-02
2.73734010507932E-02
3.60453431434833E-02
3.59636765155091E-02
3.74324698776375E-02
3.77383019269504E-02
0.038041303359435
3.91402670344561E-02
0.039846326200031
4.05556686853736E-02
4.08596227774576E-02
4.11606881614268E-02
4.14588761626657E-02
4.17541978900429E-02
4.20466642361278E-02
4.23362858777754E-02
4.17706118114989E-02
3.81872626473208E-02
2.80723209845972E-02
2.86879107545412E-02
0.016184570431835
1.76059391787967E-02
1.81567834773279E-02
0.017820824264479
1.79266101951601E-02
1.93836435608635E-02
1.90416303549723E-02
1.91492517668221E-02
1.78803195660365E-02
1.84391091832546E-02
1.71479694552967E-02
1.63069382140436E-02
2.34169731072644E-02
3.15395485481661E-02
3.12254444954237E-02
3.13803154258431E-02
3.15334261915111E-02
3.36050708307527E-02
3.27990625408185E-02
3.44051366979032E-02
2.82340059418717E-02
2.88498590009003E-02
2.89773669516402E-02
2.95966030082743E-02
3.07138965122589E-02
3.13404838865009E-02
2.94719443335359E-02
3.00932954447111E-02
2.81993252144544E-02
2.78045840769942E-02
2.68969970889844E-02
2.44520294704052E-02
2.60772304993241E-02
2.61728658239737E-02
2.62671894249315E-02
0.026360203384655
3.21572235940875E-02
4.37167466013584E-02
4.38634945799664E-02
4.40080983364154E-02
4.88809781033087E-02
5.00908819460229E-02
5.07760843863134E-02
4.98705024776941E-02
5.00203720561468E-02
4.96341603025725E-02
4.65662613210925E-02
3.91836881046588E-02
3.71396695343348E-02
3.40026182448904E-02
3.46346838056822E-02
2.98421536830459E-02
2.50229492881015E-02
2.72672298615521E-02
2.73343476399151E-02
3.94563058873764E-02
3.68028659526576E-02
2.47753687366212E-02
3.09011359196363E-02
2.70981404256325E-02
1.93975458603373E-02
0.022770702345187
0.024487120102053
2.06327922116239E-02
2.12319577145819E-02
2.23921425486104E-02
1.85079362307829E-02
1.85415354808809E-02
0.018011457807507
1.80424512720001E-02
1.86374219891856E-02
1.86677486700643E-02
2.03970091224225E-02
2.83726537808778E-02
2.89831894752208E-02
3.13014828790174E-02
3.30549656183379E-02
3.30996623391924E-02
3.08572081564163E-02
2.05974378866717E-02
2.00496680507156E-02
1.60585490458243E-02
2.23925095728156E-02
2.24167935180228E-02
2.24401169046723E-02
0.021310557991056
1.90248242759313E-02
1.90421226425181E-02
1.90586092111656E-02
1.90742841975876E-02
1.96676068303057E-02
1.96820850841145E-02
1.91164416473601E-02
1.91288722320215E-02
1.97205070551804E-02
1.91513015248588E-02
1.62580731672919E-02
1.51040218330708E-02
1.22047340762689E-02
1.27909575850293E-02
1.27954633166593E-02
1.45448058418234E-02
1.39667510259143E-02
0.012223662110199
1.16437160276814E-02
1.10630904910157E-02
1.10641846275628E-02
1.22295297705503E-02
0.011647341647127
1.22293725200135E-02
1.22285211379624E-02
1.16449091169005E-02
1.22252728073647E-02
1.22228758183943E-02
1.45475756856714E-02
1.45434952901605E-02
1.57019055156924E-02
1.56961734840143E-02
1.56897787464276E-02
1.21976720619615E-02
1.39333340651792E-02
1.39258821788822E-02
1.27580208147876E-02
1.27501092517426E-02
1.33208234438584E-02
1.33114220533348E-02
1.44581036736363E-02
1.44466557546882E-02
1.32798256603458E-02
1.32681623331323E-02
1.44086229998193E-02
1.43947151949643E-02
1.38049843015146E-02
1.26412467840966E-02
1.54972424244742E-02
1.43329279007281E-02
1.37433033795711E-02
1.42983376682992E-02
1.42801176025853E-02
1.19794756797751E-02
1.25328071541653E-02
1.19462738225877E-02
1.19288946040013E-02
1.19109961982834E-02
1.13262650936752E-02
1.13082293214774E-02
1.01607284909043E-02
1.12706718260981E-02
0.010688592070171
1.01080180756049E-02
1.00895548195912E-02
1.00706445431111E-02
1.00512869550129E-02
0.010031481754428
1.05674079989234E-02
1.22106444318963E-02
0.011077085909795
9.94777845770301E-03
9.92573032636164E-03
8.80287338750685E-03
8.23357065522688E-03
7.66646736766467E-03
7.1016383029256E-03
6.53915831961473E-03
5.97910236003577E-03
5.96369999882654E-03
7.0294794838647E-03
7.01062272931997E-03
5.91583256196781E-03
6.43562435933496E-03
6.41731023351537E-03
6.39869279910417E-03
5.84812405887682E-03
5.30045547693247E-03
5.28418086519272E-03
5.79441748567952E-03
5.77595626210502E-03
5.75721490636872E-03
6.78150085767819E-03
6.75868847436351E-03
6.73554362246902E-03
6.19575305375437E-03
6.1737734071426E-03
5.12623788456027E-03
5.61814799585138E-03
5.08831890304299E-03
6.08276682325452E-03
6.05924060670346E-03
6.03540348491647E-03
6.0112548942678E-03
5.98679425626852E-03
5.96202097724224E-03
5.93693444799597E-03
5.91153404348613E-03
5.88581912248009E-03
5.3714732749455E-03
5.34732282612188E-03
4.83898383174393E-03
0.004816500719089
4.79375262506914E-03
4.29366503543697E-03
4.27271309252466E-03
4.25152094627039E-03
3.76007821739409E-03
3.74081210709792E-03
3.72133083731808E-03
3.2389296034991E-03
2.76129037758935E-03
2.74619268479916E-03
2.73093183257875E-03
3.62067646195291E-03
4.49986456805048E-03
4.92097011763558E-03
5.3364943432581E-03
4.86229916229317E-03
4.83250718523189E-03
5.23899223943687E-03
5.20582390413763E-03
5.1723198774966E-03
6.42309874726178E-03
8.93252513699025E-03
8.87211833689703E-03
9.65026955433913E-03
1.04160892329399E-02
9.92835875178228E-03
9.44589216233335E-03
8.96877309535707E-03
8.09246246014282E-03
7.62936836690952E-03
7.17190429765373E-03
7.90606550027515E-03
7.84276046255065E-03
8.16780819537641E-03
8.1000952446355E-03
8.4142215469525E-03
8.72115151229903E-03
9.7725249151374E-03
9.68557221863019E-03
9.22868402229983E-03
8.77781429900943E-03
8.33305119400721E-03
8.25332353189552E-03
0.008528228638823
8.09173463678777E-03
8.35812186228499E-03
7.23795028477036E-03
7.50292551145577E-03
7.08515303549377E-03
0.006340350661083
6.26971884866672E-03
6.52471406069221E-03
6.12662644534175E-03
5.41688035364182E-03
5.66628397194035E-03
5.90737520074862E-03
7.06106154140649E-03
5.45504392956477E-03
5.38344571159529E-03
5.90139032655775E-03
5.52948404256811E-03
5.73896171317254E-03
5.65674485759861E-03
6.13124278484247E-03
6.58835604031697E-03
6.21697162881447E-03
6.65144081686575E-03
7.32979368218815E-03
6.95156109626185E-03
7.08731137217121E-03
6.71591168009239E-03
6.84104061916529E-03
6.23673836205342E-03
6.35559960503988E-03
6.69543522912011E-03
7.24250257457442E-03
5.32190782768368E-03
5.21114828167445E-03
5.09960520153945E-03
4.77948316688783E-03
4.87420264555617E-03
4.95871248484186E-03
4.83935806320329E-03
4.53047677523943E-03
4.78233175436047E-03
4.47682604142323E-03
4.70292465218759E-03
4.40088814623422E-03
4.60101065995896E-03
4.78063040054934E-03
4.01346430129485E-03
3.73381128521898E-03
4.04100223463271E-03
4.31747042215579E-03
6.30786708450104E-03
5.94017126147746E-03
5.45814454074508E-03
5.35305774692203E-03
4.66834027477258E-03
3.80687929186892E-03
3.73245137552844E-03
3.54961409122016E-03
3.27378794439551E-03
3.36278081400517E-03
3.25568468663363E-03
3.13993748390798E-03
3.01596055004451E-03
2.95291045061806E-03
2.74532351801449E-03
2.42258352478425E-03
2.23087020842329E-03
2.0429898704314E-03
2.0408921500835E-03
1.55792420536802E-03
1.54470576610536E-03
1.40659047691154E-03
1.21015218916776E-03
1.02917189587378E-03
9.07015372544411E-04
7.50846008796728E-04
6.10932162368482E-04
4.2476752200704E-04
3.39621959756999E-04
2.7208390385952E-04
2.10869711499071E-04
1.44297378191583E-04
1.28949992180438E-04
7.62425286649735E-05
4.59580872066243E-05
2.51068051630576E-05
1.23376423212529E-05
5.18916128509281E-06
1.65302118035546E-06
2.24751525959823E-07
2.45949182682398E-08
1.041698568936E-09
6.24496691334063E-12
2.76499529044991E-16
5.58336623719566E-28
3.45669826354079E-180
0
0
0
0
0
0
0
0
0
0
0
0
0
0
0
0
0
0
0
0
0
0
0
0
0
0
0
0
0
0
0
0
0
0
0
0
0
0
0
0
0
0
0
0
0
0
0
0
0
0
0
0
0
0
0
0
0
0
0
0
0
0
0
0
0
0
0
0
0
0
0
0
0
0
0
0
0
0
0
0
0
0
0
0
0
0
0
0
0
0
0
0
0
0
0
0
0
0
0
0
0
0
0
0
0
0
0
0
0
0
0
0
0
0
0
0
0
0
0
0
0
0
0
0
0
0
0
0
0
0
0
0
0
0
0
0
0
0
0
0
0
0
0
0
0
0
0
0
0
0
0
0
0
0
0
0
0
0
0
0
0
0
0
0
0
0
0
0
0
0
0
0
0
0
0
0
0
0
0
0
0
0
0
0
0
0
0
0
0
0
0
0
0
0
0
0
0
0
0
0
0
0
0
0
0
0
0
0
0
0
0
0
0
0
0
0
0
0
0
0
0
0
0
0
0
0
0
0
0
0
0
0
0
0
0
0
0
0
0
0
0
0
0
0
0
0
0
0
0
0
0
0
0
0
0
0
0
0
0
0
0
0
0
0
0
0
0
0
0
0
0
0
0
0
0
0
0
0
0
0
0
0
0
0
0
0
0
0
0
0
0
0
0
0
0
0
0
0
0
0
0
0
0
0
0
0
0
0
0
0
0
0
0
0
0
0
0
0
0
0
0
0
0
0
0
0
0
0
0
0
0
0
0
0
0
0
0
0
0
0
0
0
0
0
0
0
0
0
0
0
0
0
0
0
0
0
0
0
0
0
0
0
0
0
0
0
0
0
0
0
0
0
0
0
0
0
0
0
0
0
0
0
0
0
0
0
0
0
0
0
0
0
0
0
0
0
0
0
0
0
0
0
0
0
0
0
0
0
0
0
0
0
0
0
0
0
0
0
0
0
0
0
0
0
0
0
0
0
0
0
0
0
0
0
0
0
0
0
0
0
0
0
0
0
0
0
0
0
0
0
0
0
0
0
0
0
0
0
0
0
0
0
0
0
0
0
0
0
0
0
0
0
0
0
0
0
0
0
0
0
0
0
0
0
0
0
0
0
0
0
0
0
0
0
""
