0
0
0
0
0
0
0
0
0
0
0
0
0
0
0
0
0
0
0
0
0
0
0
0
0
0
0
0
0
0
0
0
0
0
0
0
0
0
0
0
0
0
0
0
0
0
0
0
0
0
0
0
0
0
0
0
0
0
0
0
0
0
0
0
0
0
0
0
0
0
0
0
0
0
0
0
0
0
0
0
0
0
0
0
0
0
0
0
0
0
0
0
0
0
0
0
0
0
0
0
0
0
0
0
0
0
0
0
0
0
0
0
0
0
0
0
0
0
0
0
0
0
0
0
0
0
0
0
0
0
0
0
0
0
0
0
0
0
0
0
0
0
0
0
0
0
0
0
0
0
0
0
0
0
0
0
0
0
0
0
0
0
0
0
0
0
0
0
0
0
0
0
0
0
0
0
0
0
0
0
0
0
0
0
0
0
0
0
0
0
0
0
0
0
0
0
0
0
0
0
0
0
0
0
0
0
0
0
0
0
0
0
0
0
0
0
0
0
0
0
0
0
0
0
0
0
0
0
0
0
0
0
0
0
0
0
0
0
0
0
0
0
0
0
0
0
0
0
0
0
0
0
0
0
0
0
0
0
0
0
0
0
0
0
0
0
0
0
0
0
0
0
0
0
0
0
0
0
0
0
0
0
0
0
0
0
0
0
0
0
0
0
0
0
0
0
0
0
0
0
0
0
0
0
0
0
0
0
0
0
0
0
0
0
0
0
0
0
0
0
0
0
0
0
0
0
0
0
0
0
0
0
0
0
0
0
0
0
0
0
0
0
0
0
0
0
0
0
0
0
0
0
0
0
0
0
0
0
0
0
0
0
0
0
0
0
0
0
0
0
0
0
0
0
0
0
0
0
0
0
0
0
0
0
0
0
0
0
0
0
0
0
0
0
0
0
0
0
0
0
0
0
0
0
0
0
0
0
0
0
0
0
0
0
0
0
0
0
0
0
0
0
0
0
0
0
0
0
0
0
0
0
0
0
0
0
0
0
0
0
0
0
2.0368832241066E-256
1.06565705133976E-27
1.81652727215734E-15
3.98758122002278E-11
6.80335506872376E-09
1.62660934167129E-07
1.46097581567132E-06
6.56732445999509E-06
2.07975394404029E-05
6.24806833689828E-05
1.26412327477835E-04
2.94933807698249E-04
4.39429430684114E-04
7.06760394033254E-04
8.31391682341613E-04
1.09561016888045E-03
1.35592901199603E-03
2.92041712267295E-03
3.93744299296441E-03
4.80186705358755E-03
5.74559261586589E-03
5.91789204607894E-03
7.35889869706793E-03
8.43619995480692E-03
9.69496620101946E-03
1.14640783375857E-02
1.29297791821237E-02
1.44716830337609E-02
1.55053309200181E-02
1.69258686844495E-02
1.67685570770708E-02
1.81164971173777E-02
1.97526383945214E-02
2.23031694442683E-02
2.38031566394869E-02
2.59670575901599E-02
2.85659690707546E-02
3.05661762263041E-02
3.26152586998968E-02
2.94645908773044E-02
3.26180037170642E-02
3.41609734446834E-02
3.15332483928705E-02
2.85454770900038E-02
2.97317570449714E-02
3.30139951755649E-02
3.15590549358483E-02
3.15945423129008E-02
2.86269137185274E-02
3.92741121657055E-02
4.05706746482435E-02
3.73553409243366E-02
3.85057015569214E-02
3.89686417867535E-02
3.72780694719228E-02
3.68722560349453E-02
4.15818703116141E-02
4.26720188356738E-02
4.29760738690216E-02
4.32366731911978E-02
4.42738335911902E-02
6.04080724712727E-02
6.00615958145967E-02
6.31403616009685E-02
6.36003446320328E-02
4.29820438814673E-02
4.38577920085846E-02
0.0428254785815
4.17146897388127E-02
4.34913176700028E-02
0.045299995973751
0.043041227651695
4.27553024201067E-02
4.56113711749176E-02
0.107854275919049
0.109625161247008
0.11138559497127
9.27711635329937E-02
9.53463041602008E-02
0.109607846780845
0.110040062493646
0.106827355644479
0.108338246459403
8.51567287982983E-02
8.63136845267523E-02
8.87310371431338E-02
0.125846259491546
0.123557088745915
0.126427462711894
0.125320906132316
0.126838555886452
9.42118136611723E-02
6.49224238582094E-02
6.28724376092147E-02
5.36902075495993E-02
0.057141327298599
5.77625797775414E-02
5.83797759817737E-02
6.19425728881078E-02
6.40721953462299E-02
8.57951652569103E-02
8.81719062231972E-02
0.085967400107328
0.082147837381287
0.136127742348579
0.137400395970912
0.13707058904837
0.139919875676136
0.141166745293961
0.157136621520388
0.160144603435294
0.166501296139354
0.109131947906063
0.113417316669011
0.150175640067605
0.151376723819866
0.149101813940438
0.148511788481142
0.156689547659236
0.133036487542767
0.12866306852144
0.120603925698798
0.179490426275112
0.182591529274852
0.183870082047614
0.185139136351896
0.186398708867421
0.187648815807928
0.188889472925646
0.190120695516222
0.191342498424052
0.192554896047984
0.193757902347327
0.194951530848152
0.19613579464982
0.157848565145389
0.168704836691229
0.119779513557501
0.110428697665057
0.109035219227381
0.109644516168264
0.153123332710947
0.162166627869298
0.171291014715832
0.207465964936473
0.208547966605375
0.209620730071352
0.210684263542558
0.211738574903234
0.21278367172117
0.213819561255101
0.214846250462064
0.215863746004688
0.216872054258416
0.217871181318658
0.216672521677795
0.217643495733739
0.214189126272986
0.21955823022474
0.220502000406367
0.221436711978006
0.175194593934885
0.178172112328652
0.142664159766174
0.143235943808908
0.155214830735269
0.192483009329494
0.177120521270281
0.163937396016167
0.194678158059218
0.155850419782684
0.154081163152395
0.149946199714726
0.14812336765793
0.155715693081203
0.153881113021787
0.152024559929067
6.67316923720868E-02
6.93411659441185E-02
7.19635092277655E-02
7.45984495217564E-02
7.24178569941698E-02
7.02195721192229E-02
8.98622541772537E-02
9.25666176265169E-02
0.114826955307952
0.122509941840718
0.135144900487472
0.13552386246389
0.158135647422958
0.158564979330206
0.161472685337154
0.194276281717215
0.204766874338864
0.1702381011207
0.163134075370181
0.163534641126371
0.171495261012683
0.171901941678355
0.154565419981195
0.1599984518768
0.129813645126485
0.119896163864437
0.102260312642443
0.105039638446446
0.107826010177981
0.105474077422085
0.103107997731667
0.098145273526965
0.100922238382121
0.103705518872536
0.109092276510529
0.109289932140334
0.109483761267623
0.107062483366493
0.104628512604329
0.107422230763786
0.107596498954388
0.11565242194941
0.110566354328832
0.116006403643133
0.23499514677564
0.235332859859338
0.214479312740122
0.214771891755731
0.215057080538155
0.225968699365663
0.212943490309105
0.242518703861343
0.242805881044925
0.256441055836771
0.267423420158597
0.267711609493637
0.26799066686087
0.268260591305232
0.268521381891973
0.268773037707779
0.269015557861853
0.269248941486948
0.226357477701909
0.22653816847613
0.202420698667364
0.194465587846744
0.237845329123486
0.2596390375423
0.259801667126312
0.259955519902608
0.170691015652838
0.168069659868626
0.189849050147817
8.68277171924451E-02
8.68643706907961E-02
8.96136631099343E-02
0.081495841565776
7.88045736241562E-02
0.18211797023374
0.190320673076146
0.10877853527241
0.108798741141997
0.114256052249592
0.114269584117556
0.114279273748426
0.223128093582233
0.234016496418657
0.236733812731551
0.225838275622869
0.20133301134515
0.212191057835686
0.214879091865868
0.214839500881532
0.214792683219236
0.21473863906685
0.211959933594666
0.209175736180912
0.217248759467497
0.217164761829757
0.219786865701973
0.206126076300602
0.235844897072721
0.257397285876591
0.200387405027061
0.205681784182334
0.208257988399024
0.210823681809948
0.243089533699736
0.242912746544423
0.250818658043883
0.253313806437302
0.250410800826322
0.242123346923272
0.239217599680485
0.228252678554644
0.228031345634663
0.259962566393378
0.259692267616703
0.267436196691134
0.267139275112037
0.266833223487827
0.266518042826662
0.266193734152159
0.26586029850206
0.265517736926847
0.265166050488318
0.264805240258115
0.264435307316201
0.264056252749293
0.263668077649252
0.263270783111414
0.262864370232879
0.262448840110747
0.2541634680251
0.253742719537782
0.255924606071061
0.232019056432551
0.247222745561358
0.259764258232422
0.238542142711732
0.243268718020587
0.24021804363338
0.18303255292797
0.185239136703307
0.120673310585648
0.120422350333659
0.125280605787122
0.127561271280791
0.127280639050897
0.121915638280315
0.121637495156335
0.118826755605531
0.118545854246645
0.113228307647318
0.122991275822137
9.51435066678522E-02
0.097400003253149
0.104622189402303
0.104348247377012
0.104070485214957
0.106260067337301
8.37885481908317E-02
7.37244845647753E-02
7.10646629503501E-02
6.59728115047972E-02
7.06520721107599E-02
7.28708481561316E-02
6.78072423893149E-02
0.147269567928354
0.1371837363335
0.141547975784171
0.141093382024836
0.135866184344761
0.137792355413946
0.139697381657767
0.136861622828482
0.134036811704225
0.131223220512491
0.130756050947333
0.123304290716822
0.122852488616365
0.187057816076079
0.184051907060731
0.190223608860128
9.81673375349489E-02
0.100055150547511
0.106450711031002
0.108275781922341
0.105585067213468
0.105145801453759
0.104702237262721
0.133090688439032
0.134722011209976
0.123135341751341
0.122586328093556
0.111136449162178
0.108457939983959
0.172726378241544
0.193401790757138
0.192478131950569
0.176648155874649
0.177898903473269
0.17912092509412
0.180313937814063
0.179391708039282
0.176386399611102
0.127981991480384
0.139619277746654
0.120485730893591
0.11373290048147
0.115120929600036
9.84063702072595E-02
0.095847746814147
9.52929450395058E-02
0.067103013502006
7.45511742948947E-02
7.21512748938051E-02
0.120162340371179
0.115564577960245
0.128235080634113
0.123613263069459
0.120923801580828
0.125761140780331
0.186453501273706
0.185194342475408
0.183925702606142
0.182647565006621
0.181359912547786
0.180062727627395
0.178755992167253
0.177439687611154
0.176113794923607
0.174778294589434
0.173433166614338
0.172078390526528
0.170713945379524
0.169339809756257
0.167955961774597
0.11492804157516
0.12552086958414
0.121171979351863
0.115249324881386
0.107796460200557
0.110018866445525
0.105856749316751
0.104876949895655
0.100789289536001
9.82900324117248E-02
9.27724146120071E-02
9.18560380990566E-02
9.09335414670096E-02
8.41029472870088E-02
6.57074677398431E-02
6.50133210268678E-02
7.00314658850563E-02
7.35064226745658E-02
7.26884386864148E-02
6.63370533861931E-02
6.42060824971661E-02
6.48023561956518E-02
6.13597853934625E-02
6.06125668460394E-02
5.85592746742921E-02
6.03887168424969E-02
5.32690869597276E-02
0.057576031563634
8.64422957630091E-02
8.03894967299979E-02
0.100888279104246
9.11660459535633E-02
8.51759357074974E-02
8.39140798288841E-02
8.37766962341552E-02
9.25136579600278E-02
9.10528770717216E-02
0.089583420833774
6.26290710510935E-02
0.080356962207358
0.08717432708383
8.56341229262311E-02
8.70528751130853E-02
8.44693182251857E-02
8.28661403767941E-02
0.080320213922942
8.23794651403195E-02
7.97973667515118E-02
7.81218720314527E-02
7.04258118264967E-02
6.88663628132905E-02
6.72992478038387E-02
4.16790301933634E-02
3.91113845154449E-02
4.04309759850203E-02
3.93994197036443E-02
3.98112419233536E-02
0.03732357861826
3.83332422618563E-02
4.38739058842982E-02
4.12752045562071E-02
3.93771532547106E-02
3.50951782455966E-02
3.86163900241579E-02
3.33387722254393E-02
4.35998835111251E-02
3.88432956063889E-02
3.58412397683429E-02
3.63524729256418E-02
3.76327275806251E-02
3.64510564947861E-02
3.48077361603093E-02
3.31686741555457E-02
0.028843271800515
3.42861927235395E-02
2.79471590027099E-02
2.63606536408008E-02
2.47870561094622E-02
2.29418841794808E-02
0.019278196357459
1.66819628615028E-02
1.47523864567405E-02
1.29538221106333E-02
1.28425187224402E-02
1.04566497284835E-02
1.28281929503104E-02
1.15201666822541E-02
3.9754209446189E-03
3.73318567062723E-03
7.00983208217016E-03
5.70283209782908E-03
4.63082633157419E-03
4.47835330910667E-03
3.7251277499783E-03
3.06985928000148E-03
2.24428485397023E-03
1.74746840584293E-03
8.60996671147317E-04
6.11090118677257E-04
4.24687335883924E-04
3.30743970683243E-04
1.8579891361127E-04
1.11286568643518E-04
4.66441221531473E-05
1.47532388291085E-05
3.23094734331083E-06
4.0029225016533E-07
1.86566774288903E-08
1.23449133143943E-10
7.6776015592164E-15
2.42551572453818E-26
6.4067370693533E-185
0
0
0
0
0
0
0
0
0
0
0
0
0
0
0
0
0
0
0
0
0
0
0
0
0
0
0
0
0
0
0
0
0
0
0
0
0
0
0
0
0
0
0
0
0
0
0
0
0
0
0
0
0
0
0
0
0
0
0
0
0
0
0
0
0
0
0
0
0
0
0
0
0
0
0
0
0
0
0
0
0
0
0
0
0
0
0
0
0
0
0
0
0
0
0
0
0
0
0
0
0
0
0
0
0
0
0
0
0
0
0
0
0
0
0
0
0
0
0
0
0
0
0
0
0
0
0
0
0
0
0
0
0
0
0
0
0
0
0
0
0
0
0
0
0
0
0
0
0
0
0
0
0
0
0
0
0
0
0
0
0
0
0
0
0
0
0
0
0
0
0
0
0
0
0
0
0
0
0
0
0
0
0
0
0
0
0
0
0
0
0
0
0
0
0
0
0
0
0
0
0
0
0
0
0
0
0
0
0
0
0
0
0
0
0
0
0
0
0
0
0
0
0
0
0
0
0
0
0
0
0
0
0
0
0
0
0
0
0
0
0
0
0
0
0
0
0
0
0
0
0
0
0
0
0
0
0
0
0
0
0
0
0
0
0
0
0
0
0
0
0
0
0
0
0
0
0
0
0
0
0
0
0
0
0
0
0
0
0
0
0
0
0
0
0
0
0
0
0
0
0
0
0
0
0
0
0
0
0
0
0
0
0
0
0
0
0
0
0
0
0
0
0
0
0
0
0
0
0
0
0
0
0
0
0
0
0
0
0
0
0
0
0
0
0
0
0
0
0
0
0
0
0
0
0
0
0
0
0
0
0
0
0
0
0
0
0
0
0
0
0
0
0
0
0
0
0
0
0
0
0
0
0
0
0
0
0
0
0
0
0
0
0
0
0
0
0
0
0
0
0
0
0
0
0
0
0
0
0
0
0
0
0
0
0
0
0
0
0
0
0
0
0
0
0
0
0
0
0
0
0
0
0
0
0
0
0
0
0
0
0
0
0
0
0
0
0
0
0
0
0
0
0
0
0
0
0
0
0
0
0
0
0
0
0
0
0
0
0
0
0
""
