0
0
0
0
0
0
0
0
0
0
0
0
0
0
0
0
0
0
0
0
0
0
0
0
0
0
0
0
0
0
0
0
0
0
0
0
0
0
0
0
0
0
0
0
0
0
0
0
0
0
0
0
0
0
0
0
0
0
0
0
0
0
0
0
0
0
0
0
0
0
0
0
0
0
0
0
0
0
0
0
0
0
0
0
0
0
0
0
0
0
0
0
0
0
0
0
0
0
0
0
0
0
0
0
0
0
0
0
0
0
0
0
0
0
0
0
0
0
0
0
0
0
0
0
0
0
0
0
0
0
0
0
0
0
0
0
0
0
0
0
0
0
0
0
0
0
0
0
0
0
0
0
0
0
0
0
0
0
0
0
0
0
0
0
0
0
0
0
0
0
0
0
0
0
0
0
0
0
0
0
0
0
0
0
0
0
0
0
0
0
0
0
0
0
0
0
0
0
0
0
0
0
0
0
0
0
0
0
0
0
0
0
0
0
0
0
0
0
0
0
0
0
0
0
0
0
0
0
0
0
0
0
0
0
0
0
0
0
0
0
0
0
0
0
0
0
0
0
0
0
0
0
0
0
0
0
0
0
0
0
0
0
0
0
0
0
0
0
0
0
0
0
0
0
0
0
0
0
0
0
0
0
0
0
0
0
0
0
0
0
0
0
0
0
0
0
0
0
0
0
0
0
0
0
0
0
0
0
0
0
0
0
0
0
0
0
0
0
0
0
0
0
0
0
0
0
0
0
0
0
0
0
0
0
0
0
0
0
0
0
0
0
0
0
0
0
0
0
0
0
0
0
0
0
0
0
0
0
0
0
0
0
0
0
0
0
0
0
0
0
0
0
0
0
0
0
0
0
0
0
0
0
0
3.5407452782083E-59
3.40508766169306E-20
5.32965259123062E-13
5.76447391511735E-10
2.74003431201028E-08
3.19321211078534E-07
1.75340967356265E-06
6.13976720016736E-06
1.60793908915175E-05
3.45286334522195E-05
6.43492975898021E-05
1.07998087528154E-04
1.67377349162966E-04
2.43808255918024E-04
3.38077353627527E-04
4.50517574992992E-04
5.81098632258586E-04
7.29512886061307E-04
8.95250266877318E-04
1.07766025421811E-03
1.27600126947442E-03
1.48947891554007E-03
1.71727485436924E-03
1.93898241793524E-03
2.12404829850988E-03
2.42886772280876E-03
2.45236997994859E-03
2.67778440672573E-03
3.07293687205566E-03
3.39121110245885E-03
3.80282425092871E-03
2.69892979029287E-03
2.72234985876557E-03
3.02022478624544E-03
3.38858158148455E-03
2.14476962382475E-03
2.21970385345922E-03
2.35301088958227E-03
2.28637999373692E-03
2.4120777582122E-03
2.46453277416761E-03
2.51077317173771E-03
2.46832054408349E-03
2.49769441627179E-03
2.70028390840692E-03
2.91156300704247E-03
2.44652825578268E-03
2.44384288475123E-03
2.85704742496755E-03
3.07520663289495E-03
2.7326862075713E-03
2.94786111893787E-03
3.17160940936141E-03
3.40394981385552E-03
3.64489796299054E-03
3.89446660548588E-03
4.29108800471286E-03
4.27693853720153E-03
4.4015473949246E-03
4.22470031735189E-03
4.80671941017283E-03
4.93635779152023E-03
5.55651855663273E-03
6.03445398682105E-03
6.52941665329508E-03
6.68934661213769E-03
5.5877229687876E-03
6.08741805709123E-03
6.60411886273236E-03
7.33074187955782E-03
7.88568520727577E-03
8.25626068720255E-03
8.84097277709806E-03
9.02299454460247E-03
1.41286832350072E-02
6.76746171252684E-03
6.89872283757634E-03
7.48351733252419E-03
7.39220016206386E-03
7.05714265845017E-03
7.42352043988356E-03
8.04199618314088E-03
7.68561671759736E-03
7.31225962019971E-03
7.4346673586934E-03
8.07815654431191E-03
8.20880507675591E-03
8.07032912211336E-03
7.65009977200596E-03
1.38710269954086E-02
1.52074148021734E-02
1.25757440057885E-02
1.50800528816873E-02
1.50034106492919E-02
1.55148581750983E-02
1.63369010026947E-02
1.56417994848284E-02
1.67865853689265E-02
1.48058096690541E-02
1.50007719136071E-02
1.55187311802338E-02
1.57171996652197E-02
1.55837645271266E-02
1.57774354787061E-02
1.59707626792985E-02
1.68515567691972E-02
2.01844368313776E-02
2.32384632030137E-02
2.31517226949967E-02
2.26960423427316E-02
3.09672550172209E-02
3.13121486231368E-02
3.16563126718282E-02
3.23762022835973E-02
3.34838994983432E-02
2.99926564282764E-02
2.99171538483145E-02
3.10105344147806E-02
3.13261020381438E-02
2.88372898800661E-02
0.029528004665349
0.030225944450973
2.96938276085063E-02
0.022067068434913
2.47974118137771E-02
2.58774293624471E-02
2.22630084290442E-02
2.16019435394725E-02
4.22854348710312E-02
4.22222405986602E-02
4.25939349620325E-02
4.16219320372859E-02
4.19799580306551E-02
4.18817064795062E-02
4.49881911423627E-02
4.53621417416623E-02
4.20014972635818E-02
4.37542669208945E-02
4.41058965069135E-02
4.49344526317553E-02
4.19151478761449E-02
4.17554513545889E-02
4.89261579608601E-02
4.92982438548983E-02
4.96690985086345E-02
5.00387124309575E-02
5.04070762231517E-02
5.07741805767091E-02
5.11400162712363E-02
5.15045741724502E-02
5.18678452302599E-02
5.22298204769297E-02
5.25904910253203E-02
5.29498480672046E-02
5.33078828716531E-02
5.36645867834885E-02
5.40199512218039E-02
5.43739676785437E-02
5.47266277171423E-02
5.50779229712207E-02
5.54278451433358E-02
5.57763860037816E-02
5.61235373894403E-02
4.29166613140367E-02
4.94278662869585E-02
5.65850083020788E-02
5.74980871919545E-02
5.78381710128131E-02
5.81768177198589E-02
5.85140195876271E-02
5.88497689495858E-02
5.91840581973451E-02
5.95168797798989E-02
0.059848226202897
6.01780900279469E-02
6.05064638719434E-02
6.08333404064257E-02
6.11587123569595E-02
6.14825725025454E-02
0.06180491367505
0.06212572875866
6.24450106893592E-02
6.27627524544258E-02
0.06307894709195
6.33935876903714E-02
6.37066673880351E-02
6.40181793727655E-02
6.43281168814577E-02
0.064636473199685
0.064943241661323
6.52484156481886E-02
6.55519885896939E-02
0.065853953962514
0.066154305290269
6.64530361432182E-02
6.67501401379682E-02
6.70456109371917E-02
6.73394422493588E-02
6.76316278284798E-02
6.79221614738578E-02
6.82110370298524E-02
6.84982483856535E-02
6.87837894750642E-02
6.90676542762932E-02
6.93498368117562E-02
6.96303311478863E-02
6.85109487670522E-02
6.94843693898116E-02
6.90523937554762E-02
7.00279562647817E-02
0.062486402195912
6.05858904707387E-02
6.08141277635305E-02
4.23695596827485E-02
4.32467122392362E-02
4.26812780823736E-02
4.21095626604385E-02
3.06022429291001E-02
0.034366640021506
2.78831731576721E-02
2.72435662828306E-02
0.026598229813343
2.74299132589007E-02
5.87633932165001E-02
5.89587985891302E-02
5.91527836555923E-02
5.78429306504838E-02
5.87828506828766E-02
5.97261773590053E-02
5.99144417054547E-02
6.01012661615322E-02
0.061812891133853
6.35323816865353E-02
6.21885827221685E-02
6.00640374299982E-02
6.10136575629401E-02
6.19663429039905E-02
6.83597408661092E-02
6.77758350044302E-02
6.95295846919221E-02
7.05070169743541E-02
6.20602334365221E-02
6.30172056909734E-02
6.31870995415206E-02
6.33554841223777E-02
6.59044443762153E-02
6.92603866635802E-02
0.058264537848608
0.056812302589738
5.53506354817393E-02
0.055487995964774
6.04609073002089E-02
0.075961194280705
0.074522848108601
7.14511450708742E-02
7.08040270096615E-02
7.09671703110815E-02
5.64123592368092E-02
0.076204834347965
7.71950330688103E-02
8.14790980622212E-02
8.24799094352792E-02
8.26557425791422E-02
0.082829615159614
8.30015236907191E-02
8.31714647272584E-02
8.33394348648171E-02
8.35054307397739E-02
6.94456426943276E-02
6.87418188901652E-02
6.97129780048869E-02
7.82591333656092E-02
7.84042836141758E-02
0.076858384561651
7.53045451994342E-02
7.28952633441155E-02
8.32118166655818E-02
8.50560942375058E-02
8.52001629023417E-02
8.53422201269901E-02
0.085482263079191
8.56202889676533E-02
8.57562950420692E-02
8.58902785931299E-02
8.60222369525402E-02
8.61521674930347E-02
8.62800676283926E-02
8.64059348134542E-02
8.65297665441361E-02
8.66515603574473E-02
8.67713138315049E-02
0.08688902458555
6.61235646127727E-02
8.62471255301212E-02
8.72298773372191E-02
8.73393942266658E-02
0.087446857109724
8.75522638527133E-02
8.76556123631876E-02
8.77569005899513E-02
8.78561265230747E-02
8.79532881939089E-02
8.80483836751016E-02
8.81414110806114E-02
8.82323685657234E-02
8.83212543270632E-02
8.84080666026118E-02
8.84928036717198E-02
8.85754638551215E-02
8.86560455149487E-02
8.87345470547443E-02
8.88109669194761E-02
8.88853035955495E-02
8.89575556108205E-02
8.90277215346087E-02
8.90957999777093E-02
8.91617895924052E-02
8.92256890724793E-02
8.92874971532254E-02
8.93472126114596E-02
8.94048342655318E-02
8.94603609753353E-02
8.95137916423178E-02
8.95651252094913E-02
8.96143606614412E-02
8.96614970243365E-02
8.97065333659377E-02
8.97494687956063E-02
8.97903024643124E-02
0.089829033564643
8.98656613308093E-02
0.089900185038654
0.089932604005658
8.63644008873089E-02
8.54915689355319E-02
0.084616192685472
8.55391592589436E-02
9.00631067553529E-02
9.00828852769144E-02
0.090100555446364
9.01161169144877E-02
9.01295693737538E-02
9.01409125583161E-02
9.01501462440157E-02
9.01572702483841E-02
9.01622844306442E-02
7.84437141617894E-02
7.93460650172937E-02
7.93449071909164E-02
0.079341892592454
7.93370212814769E-02
0.079330293354246
0.079321708943712
0.080212532631099
5.04629817923487E-02
5.22559032288913E-02
4.95430065072561E-02
6.57422627384965E-02
5.13202274856294E-02
0.051306254071995
8.63849763499915E-02
8.18596162642656E-02
8.36300531520539E-02
8.35994197331646E-02
7.45811485146206E-02
7.27539228341351E-02
5.20726360900125E-02
5.74329945029473E-02
5.56112715132669E-02
5.02040245410666E-02
5.10733615230528E-02
5.46271071049445E-02
5.45954774417824E-02
5.72459737229787E-02
0.042013671026297
4.37729986111153E-02
3.92798637087412E-02
4.19287434697687E-02
4.01155543652499E-02
4.18672101020477E-02
4.18349707168716E-02
4.35805482636234E-02
4.53222348189533E-02
4.43961377377794E-02
4.52448239286977E-02
4.69772524106605E-02
4.69342718153283E-02
4.68901898149811E-02
4.41934030972752E-02
4.23837510476847E-02
4.32229408904677E-02
5.19899824184523E-02
5.36952961274816E-02
5.18783869198281E-02
5.53340323464203E-02
5.52711988176199E-02
5.52070663543293E-02
4.98900518264459E-02
4.80812704088071E-02
4.71487613265375E-02
4.79613732537555E-02
4.61579233352594E-02
4.34881484440843E-02
4.25614615416172E-02
4.25035358102429E-02
0.039845959875385
4.06546964949743E-02
6.47812644552834E-02
6.55489735921943E-02
6.20065780761375E-02
6.62121578754678E-02
5.83830023138716E-02
5.91487821830826E-02
6.93249574778837E-02
5.98134898521966E-02
5.97151111603116E-02
6.13186179068463E-02
7.73683654326666E-02
7.63862477803301E-02
7.62525275122133E-02
7.61170054790456E-02
7.59796843863142E-02
7.58405669763111E-02
6.89707977145104E-02
6.88407806369342E-02
6.78712183356741E-02
6.69032802639392E-02
7.84567174432939E-02
4.24820355653001E-02
4.15648257215955E-02
4.06500196979417E-02
4.13934148282708E-02
3.80017372340989E-02
0.03297446205756
4.19515197592773E-02
4.67842639409346E-02
4.50425146762836E-02
4.24899077817011E-02
4.40236616779994E-02
5.36826178847086E-02
5.27457880071237E-02
5.10019664138582E-02
4.76494100365426E-02
6.12301593271746E-02
6.18836431702463E-02
6.09283045892379E-02
7.03712815199669E-02
7.09899621600702E-02
0.079558737125563
7.93515736072023E-02
7.91425160607948E-02
7.89315687159658E-02
7.87187358431473E-02
7.85040217535934E-02
7.82874307993976E-02
7.80689673735113E-02
7.78486359097648E-02
7.76264408828901E-02
7.50803152042897E-02
7.71764782433454E-02
0.076948719784884
7.67191160717731E-02
7.64876717836734E-02
7.54918477249187E-02
0.072978509190357
7.12354023096293E-02
7.10109688786658E-02
6.17484668755426E-02
6.53027404643713E-02
6.20976347399197E-02
6.18934584908326E-02
5.20258478824295E-02
5.48140616148509E-02
3.83872768571126E-02
3.75199528960015E-02
3.37242596494542E-02
3.43367477251309E-02
3.27593010381114E-02
3.19168182831642E-02
3.10787854779529E-02
2.88050071837923E-02
2.86988187307248E-02
2.93067333390157E-02
2.91964670610985E-02
2.83760904003715E-02
3.32138825641194E-02
3.16771779061103E-02
3.22542395383794E-02
4.26026385660418E-02
4.86928201545129E-02
5.33457998682046E-02
5.17482455638489E-02
5.22221696677956E-02
4.10564560366209E-02
4.56536683732337E-02
4.34243313039063E-02
0.041886936630331
5.24682462349237E-02
0.052238741334769
5.00076527347429E-02
4.77931418577385E-02
4.49345576135352E-02
2.03916391061969E-02
4.71435247741728E-02
6.51731485350868E-02
6.48675799022467E-02
6.45604184257051E-02
6.42516707354596E-02
6.39413435095373E-02
6.04479713006406E-02
6.01501785348618E-02
3.02404570205661E-02
3.00884997655157E-02
2.93121381979563E-02
2.85414314097379E-02
2.83936826868433E-02
2.82452327697359E-02
2.87068693927801E-02
2.85537695045416E-02
3.26297450731558E-02
3.66589937718153E-02
2.86879104969007E-02
0.026151298156502
2.30496175885476E-02
2.35067731115131E-02
2.27880212655561E-02
2.26563730068877E-02
2.36792472342576E-02
2.52620824624188E-02
2.51116617902078E-02
2.55279032620081E-02
2.42451103702824E-02
2.29755298441583E-02
2.39468643265277E-02
2.43502596379387E-02
2.30963195044686E-02
2.34950295548181E-02
2.28003751890023E-02
2.53481608981126E-02
2.25021556122121E-02
2.55453731390806E-02
0.043874766953349
4.35762305148944E-02
4.27552007791505E-02
0.042458117811131
4.21599740890105E-02
2.14408857717213E-02
4.46015486086049E-02
4.47813837458605E-02
4.44532642430364E-02
4.41240341840116E-02
0.041333381619298
4.15089153000594E-02
4.07067444333755E-02
4.03918977133249E-02
4.00760431981557E-02
3.97591892125082E-02
3.99108839812799E-02
3.95882608192639E-02
3.60310925227245E-02
3.06939348855159E-02
3.67973597622096E-02
3.64862128743228E-02
3.17082151422711E-02
3.23193645626147E-02
3.90582292212678E-02
3.78424901113596E-02
3.66413802500408E-02
3.03289532263427E-02
2.92043291317669E-02
2.97719722956713E-02
3.44770125909795E-02
4.11437688424439E-02
4.07479659224663E-02
4.03511730149013E-02
3.99534026931428E-02
0.039554667722653
3.52394829612854E-02
3.41038331927341E-02
3.45175250461462E-02
3.60528266051877E-02
3.56696350903587E-02
3.11999026250327E-02
2.64510927869071E-02
2.50688466761748E-02
2.40696528639808E-02
2.02448174130678E-02
1.96609183813478E-02
2.01257382150063E-02
2.09166176126808E-02
1.93108957644469E-02
2.04150210899781E-02
2.04941023303169E-02
2.54607991650716E-02
2.61050080092424E-02
2.76782550749556E-02
2.73172283100397E-02
2.38572983016063E-02
2.32311326893305E-02
2.32158541246935E-02
2.31917908270084E-02
1.34849537847505E-02
1.38703857861022E-02
1.30997180982048E-02
1.31873413134635E-02
1.27135884516156E-02
1.14315015490584E-02
1.12547708614962E-02
1.21329138963907E-02
1.19390086431972E-02
1.32769009270891E-02
1.20529603135871E-02
1.85159196892858E-02
1.79562548891013E-02
2.31270455350454E-02
1.87353943444033E-02
1.83968218894727E-02
2.12183415659443E-02
1.92698989332594E-02
2.02050699730164E-02
1.95982645027876E-02
1.92087626551661E-02
1.90239035499296E-02
1.84300544221685E-02
1.82370300379579E-02
0.017652026298191
1.70757363943449E-02
1.68750491432802E-02
1.66662874615957E-02
1.62745238939642E-02
1.60540280907505E-02
1.63254280011481E-02
1.62390966098732E-02
1.58203150640495E-02
1.54023310997563E-02
1.49852245079594E-02
1.45690794251877E-02
1.41539846480182E-02
1.37400339735147E-02
1.33273265679346E-02
1.25284883452367E-02
1.23810068299857E-02
0.011855789896416
1.16911242162691E-02
1.12863384983665E-02
1.03393522575935E-02
9.85387414410468E-03
9.58022431649943E-03
9.10719405618922E-03
9.20224730192377E-03
8.72663072911399E-03
6.89900403703406E-03
6.58782024287711E-03
6.27946751059647E-03
5.90039577335231E-03
5.53203766242068E-03
5.50619757379956E-03
5.3294886699148E-03
5.02431072406705E-03
4.72364710093973E-03
4.32363964393919E-03
4.03984449366351E-03
3.80680199644647E-03
3.53098253876795E-03
3.10617506021885E-03
2.8559620833039E-03
1.89418111992269E-03
1.90141751971827E-03
1.26242580778479E-03
1.13348199396254E-03
8.80945660347493E-04
7.40113691086623E-04
6.47280573409567E-04
5.7414386439197E-04
4.90218809847767E-04
4.02117509007926E-04
3.24031531526566E-04
3.17952976142494E-04
2.51690888804652E-04
1.97887307995566E-04
1.53417447329159E-04
5.35879121472433E-05
3.62780534196374E-05
2.49110319370129E-05
1.61761267989302E-05
8.70513265783942E-06
4.14311633365429E-06
1.39486777132044E-06
3.63112528234824E-07
5.69478994472475E-08
3.37538848595701E-09
4.14659481766545E-11
1.0043044566163E-14
2.31401056948248E-24
4.76474049751327E-128
0
0
0
0
0
0
0
0
0
0
0
0
0
0
0
0
0
0
0
0
0
0
0
0
0
0
0
0
0
0
0
0
0
0
0
0
0
0
0
0
0
0
0
0
0
0
0
0
0
0
0
0
0
0
0
0
0
0
0
0
0
0
0
0
0
0
0
0
0
0
0
0
0
0
0
0
0
0
0
0
0
0
0
0
0
0
0
0
0
0
0
0
0
0
0
0
0
0
0
0
0
0
0
0
0
0
0
0
0
0
0
0
0
0
0
0
0
0
0
0
0
0
0
0
0
0
0
0
0
0
0
0
0
0
0
0
0
0
0
0
0
0
0
0
0
0
0
0
0
0
0
0
0
0
0
0
0
0
0
0
0
0
0
0
0
0
0
0
0
0
0
0
0
0
0
0
0
0
0
0
0
0
0
0
0
0
0
0
0
0
0
0
0
0
0
0
0
0
0
0
0
0
0
0
0
0
0
0
0
0
0
0
0
0
0
0
0
0
0
0
0
0
0
0
0
0
0
0
0
0
0
0
0
0
0
0
0
0
0
0
0
0
0
0
0
0
0
0
0
0
0
0
0
0
0
0
0
0
0
0
0
0
0
0
0
0
0
0
0
0
0
0
0
0
0
0
0
0
0
0
0
0
0
0
0
0
0
0
0
0
0
0
0
0
0
0
0
0
0
0
0
0
0
0
0
0
0
0
0
0
0
0
0
0
0
0
0
0
0
0
0
0
0
0
0
0
0
0
0
0
0
0
0
0
0
0
0
0
0
0
0
0
0
0
0
0
0
0
0
0
0
0
0
0
0
0
0
0
0
0
0
0
""
