0
0
0
0
0
0
0
0
0
0
0
0
0
0
0
0
0
0
0
0
0
0
0
0
0
0
0
0
0
0
0
0
0
0
0
0
0
0
0
0
0
0
0
0
0
0
0
0
0
0
0
0
0
0
0
0
0
0
0
0
0
0
0
0
0
0
0
0
0
0
0
0
0
0
0
0
0
0
0
0
0
0
0
0
0
0
0
0
0
0
0
0
0
0
0
0
0
0
0
0
0
0
0
0
0
0
0
0
0
0
0
0
0
0
0
0
0
0
0
0
0
0
0
0
0
0
0
0
0
0
0
0
0
0
0
0
0
0
0
0
0
0
0
0
0
0
0
0
0
0
0
0
0
0
0
0
0
0
0
0
0
0
0
0
0
0
0
0
0
0
0
0
0
0
0
0
0
0
0
0
0
0
0
0
0
0
0
0
0
0
0
0
0
0
0
0
0
0
0
0
0
0
0
0
0
0
0
0
0
0
0
0
0
0
0
0
0
0
0
0
0
0
0
0
0
0
0
0
0
0
0
0
0
0
0
0
0
0
0
0
0
0
0
0
0
0
0
0
0
0
0
0
0
0
0
0
0
0
0
0
0
0
0
0
0
0
0
0
0
0
0
0
0
0
0
0
0
0
0
0
0
0
0
0
0
0
0
0
0
0
0
0
0
0
0
0
0
0
0
0
0
0
0
0
0
0
0
0
0
0
0
0
0
0
0
0
0
0
0
0
0
0
0
0
0
0
0
0
0
0
0
0
0
0
0
0
0
0
0
0
0
0
0
0
0
0
0
0
0
0
0
0
0
0
0
0
0
0
0
0
0
0
0
0
0
0
0
0
0
0
0
0
0
0
0
0
0
0
0
0
0
0
0
0
0
0
0
0
0
0
0
0
0
0
0
0
0
0
0
0
0
0
0
0
0
0
0
0
0
0
0
0
0
0
0
0
0
0
0
0
0
0
0
0
0
0
0
0
0
0
0
0
0
0
0
0
0
0
0
0
0
0
1.52766241807995E-256
7.99242788504824E-28
1.36239545411801E-15
2.99068591501708E-11
5.10251630154282E-09
1.21995700625347E-07
1.09573186175349E-06
4.92549334499632E-06
1.55981545803022E-05
4.68605125267371E-05
9.48092456083761E-05
2.21200355773687E-04
3.29572073013086E-04
5.3007029552494E-04
6.2354376175621E-04
8.21707626660335E-04
1.01694675899702E-03
2.19031284200471E-03
2.95308224472331E-03
3.60140029019066E-03
4.30919446189942E-03
4.4384190345592E-03
5.51917402280095E-03
6.32714996610519E-03
7.2712246507646E-03
8.59805875318927E-03
9.69733438659278E-03
1.08537622753207E-02
1.16289981900135E-02
1.26944015133371E-02
1.25764178078031E-02
1.35873728380333E-02
1.48144787958911E-02
1.67273770832012E-02
1.78523674796152E-02
0.01947529319262
2.14244768030659E-02
2.29246321697281E-02
2.44614440249226E-02
2.20984431579783E-02
2.44635027877982E-02
2.56207300835125E-02
2.36499362946529E-02
2.14091078175029E-02
2.22988177837286E-02
2.47604963816737E-02
2.36692912018862E-02
2.36959067346756E-02
2.14701852888956E-02
2.94555841242791E-02
3.04280059861826E-02
2.80165056932525E-02
2.88792761676911E-02
2.92264813400652E-02
2.79585521039421E-02
0.027654192026209
3.11864027337106E-02
3.20040141267553E-02
3.22320554017662E-02
3.24275048933984E-02
3.32053751933927E-02
4.53060543534545E-02
4.50461968609475E-02
4.73552712007264E-02
4.77002584740246E-02
3.22365329111005E-02
3.28933440064385E-02
0.032119108936125
3.12860173041095E-02
3.26184882525021E-02
3.39749969803132E-02
3.22809207387713E-02
0.03206647681508
3.42085283811882E-02
8.08907069392871E-02
8.22188709352558E-02
8.35391962284524E-02
6.95783726497453E-02
7.15097281201506E-02
8.22058850856335E-02
8.25300468702349E-02
8.01205167333591E-02
8.12536848445522E-02
6.38675465987237E-02
6.47352633950642E-02
6.65482778573503E-02
9.43846946186596E-02
9.26678165594359E-02
9.48205970339204E-02
9.39906795992368E-02
9.51289169148387E-02
7.06588602458792E-02
0.048691817893657
0.047154328206911
4.02676556621995E-02
4.28559954739492E-02
4.33219348331561E-02
4.37848319863303E-02
4.64569296660809E-02
4.80541465096724E-02
6.43463739426828E-02
6.61289296673979E-02
0.064475550080496
6.16108780359652E-02
0.102095806761434
0.103050296978184
0.102802941786278
0.104939906757102
0.105875058970471
0.117852466140291
0.120108452576471
0.124875972104516
8.18489609295469E-02
8.50629875017584E-02
0.112631730050704
0.1135325428649
0.111826360455329
0.111383841360857
0.117517160744427
0.099777365657075
9.64973013910803E-02
9.04529442740988E-02
0.134617819706334
0.136943646956139
0.137902561535711
0.138854352263922
0.139799031650566
0.140736611855946
0.141667104694235
0.142590521637166
0.143506873818039
0.144416172035988
0.145318426760496
0.146213648136114
0.147101845987365
0.118386423859042
0.126528627518421
0.089834635168126
8.28215232487925E-02
8.17764144205357E-02
8.22333871261979E-02
0.11484249953321
0.121624970901973
0.128468261036874
0.155599473702355
0.156410974954031
0.157215547553514
0.158013197656918
0.158803931177426
0.159587753790877
0.160364670941326
0.161134687846548
0.161897809503516
0.162654040693812
0.163403385988994
0.162504391258347
0.163232621800305
0.160641844704739
0.164668672668555
0.165376500304775
0.166077533983505
0.131395945451164
0.133629084246489
0.10699811982463
0.107426957856681
0.116411123051452
0.14436225699712
0.132840390952711
0.122953047012125
0.146008618544414
0.116887814837013
0.115560872364296
0.112459649786044
0.111092525743448
0.116786769810902
0.11541083476634
0.1140184199468
5.00487692790651E-02
5.20058744580889E-02
5.39726319208241E-02
5.59488371413173E-02
5.43133927456273E-02
5.26646790894172E-02
6.73966906329403E-02
6.94249632198877E-02
8.61202164809636E-02
9.18824563805385E-02
0.101358675365604
0.101642896847917
0.118601735567219
0.118923734497655
0.121104514002865
0.145707211287911
0.153575155754148
0.127678575840525
0.122350556527636
0.122650980844778
0.128621445759512
0.128926456258766
0.115924064985896
0.1199988389076
9.73602338448634E-02
8.99221228983279E-02
7.66952344818325E-02
7.87797288348345E-02
8.08695076334855E-02
7.91055580665638E-02
7.73309982987504E-02
7.36089551452238E-02
7.56916787865909E-02
7.77791391544023E-02
8.18192073828968E-02
8.19674491052508E-02
0.082112820950717
8.02968625248699E-02
7.84713844532469E-02
8.05666730728392E-02
8.06973742157913E-02
8.67393164620577E-02
0.082924765746624
8.70048027323494E-02
0.17624636008173
0.176499644894503
0.160859484555091
0.161078918816798
0.161292810403616
0.169476524524248
0.159707617731829
0.181889027896008
0.182104410783694
0.192330791877578
0.200567565118948
0.200783707120228
0.200993000145653
0.201195443478924
0.20139103641898
0.201579778280834
0.20176166839639
0.201936706115211
0.169768108276432
0.169903626357098
0.151815524000523
0.145849190885058
0.178383996842615
0.194729278156725
0.194851250344734
0.194966639926956
0.128018261739628
0.12605224490147
0.142386787610862
6.51207878943339E-02
6.51482780180971E-02
6.72102473324507E-02
0.061121881174332
5.91034302181172E-02
0.136588477675305
0.14274050480711
8.15839014543073E-02
8.15990558564976E-02
8.56920391871943E-02
8.57021880881669E-02
8.57094553113193E-02
0.167346070186675
0.175512372313993
0.177550359548663
0.169378706717152
0.150999758508863
0.159143293376765
0.161159318899401
0.161129625661149
0.161094512414427
0.161053979300138
0.158969950196
0.156881802135684
0.162936569600623
0.162873571372318
0.164840149276479
0.154594557225452
0.176883672804541
0.193047964407443
0.150290553770296
0.154261338136751
0.156193491299268
0.158117761357461
0.182317150274802
0.182184559908317
0.188113993532912
0.189985354827976
0.187808100619741
0.181592510192454
0.179413199760364
0.171189508915983
0.171023509225997
0.194971924795034
0.194769200712527
0.200577147518351
0.200354456334028
0.20012491761587
0.199888532119996
0.199645300614119
0.199395223876545
0.199138302695135
0.198874537866239
0.198603930193586
0.19832648048715
0.19804218956197
0.197751058236939
0.197453087333561
0.197148277674659
0.19683663008306
0.190622601018825
0.190307039653336
0.191943454553296
0.174014292324414
0.185417059171018
0.194823193674316
0.178906607033799
0.18245153851544
0.180163532725035
0.137274414695977
0.13892935252748
9.05049829392361E-02
0.090316762750244
9.39604543403418E-02
9.56709534605929E-02
9.54604792881724E-02
9.14367287102364E-02
0.091228121367251
0.089120066704148
8.89093906849841E-02
8.49212307354881E-02
0.092243456866603
7.13576300008891E-02
7.30500024398617E-02
7.84666420517274E-02
7.82611855327587E-02
7.80528639112174E-02
7.96950505029754E-02
6.28414111431238E-02
5.52933634235815E-02
5.32984972127626E-02
4.94796086285979E-02
5.29890540830699E-02
5.46531361170987E-02
5.08554317919862E-02
0.110452175946266
0.102887802250125
0.106160981838128
0.105820036518627
0.10189963825857
0.103344266560459
0.104773036243325
0.102646217121361
0.100527608778169
9.84174153843685E-02
0.0980670382105
9.24782180376162E-02
9.21393664622735E-02
0.140293362057059
0.138038930295548
0.142667706645096
7.36255031512116E-02
7.50413629106333E-02
7.98380332732515E-02
8.12068364417561E-02
7.91888004101008E-02
7.88593510903194E-02
0.078526677947041
9.98180163292737E-02
0.101041508407482
9.23515063135058E-02
9.19397460701673E-02
8.33523368716339E-02
8.13434549879694E-02
0.129544783681158
0.145051343067853
0.144358598962927
0.132486116905987
0.133424177604952
0.13434069382059
0.135235453360547
0.134543781029461
0.132289799708326
9.59864936102877E-02
0.10471445830999
9.03642981701936E-02
8.52996753611026E-02
8.63406972000268E-02
7.38047776554447E-02
7.18858101106103E-02
7.14697087796294E-02
5.03272601265045E-02
0.055913380721171
5.41134561703538E-02
0.090121755278384
8.66734334701838E-02
9.61763104755847E-02
9.27099473020941E-02
0.090692851185621
9.43208555852482E-02
0.13984012595528
0.138895756856556
0.137944276954606
0.136985673754966
0.13601993441084
0.135047045720546
0.13406699412544
0.133079765708365
0.132085346192705
0.131083720942076
0.130074874960754
0.129058792894896
0.128035459034643
0.127004857317193
0.125966971330948
8.61960311813701E-02
9.41406521881049E-02
9.08789845138974E-02
8.64369936610399E-02
0.080847345150418
8.25141498341435E-02
7.93925619875629E-02
7.86577124217411E-02
7.55919671520005E-02
7.37175243087936E-02
6.95793109590053E-02
6.88920285742925E-02
6.82001561002572E-02
6.30772104652566E-02
4.92806008048823E-02
4.87599907701508E-02
5.25235994137922E-02
5.51298170059243E-02
5.45163290148111E-02
4.97527900396448E-02
4.81545618728745E-02
4.86017671467389E-02
4.60198390450969E-02
4.54594251345296E-02
0.043919456005719
4.52915376318727E-02
3.99518152197957E-02
4.31820236727255E-02
6.48317218222568E-02
6.02921225474985E-02
7.56662093281848E-02
6.83745344651724E-02
6.38819517806231E-02
6.29355598716631E-02
6.28325221756164E-02
6.93852434700208E-02
6.82896578037912E-02
6.71875656253305E-02
4.69718032883202E-02
6.02677216555185E-02
6.53807453128725E-02
6.42255921946733E-02
0.065289656334814
6.33519886688893E-02
6.21496052825956E-02
6.02401604422065E-02
6.17845988552397E-02
5.98480250636338E-02
5.85914040235896E-02
5.28193588698725E-02
5.16497721099679E-02
0.050474435852879
3.12592726450226E-02
2.93335383865837E-02
3.03232319887652E-02
2.95495647777333E-02
2.98584314425152E-02
0.027992683963695
2.87499316963922E-02
3.29054294132236E-02
3.09564034171553E-02
0.029532864941033
2.63213836841975E-02
2.89622925181184E-02
2.50040791690795E-02
3.26999126333438E-02
2.91324717047917E-02
2.68809298262571E-02
2.72643546942313E-02
2.82245456854689E-02
2.73382923710896E-02
0.026105802120232
2.48765056166593E-02
2.16324538503863E-02
2.57146445426546E-02
2.09603692520325E-02
1.97704902306006E-02
1.85902920820967E-02
1.72064131346106E-02
1.44586472680942E-02
1.25114721461271E-02
1.10642898425554E-02
9.71536658297499E-03
9.63188904183012E-03
7.84248729636263E-03
9.62114471273279E-03
8.64012501169057E-03
2.98156570846418E-03
2.79988925297042E-03
5.25737406162762E-03
4.27712407337181E-03
3.47311974868064E-03
0.00335876498183
2.79384581248372E-03
2.30239446000111E-03
1.68321364047767E-03
1.3106013043822E-03
6.45747503360488E-04
4.58317589007943E-04
3.18515501912943E-04
2.48057978012433E-04
1.39349185208453E-04
8.34649264826387E-05
3.49830916148605E-05
1.10649291218314E-05
2.42321050748312E-06
3.00219187623997E-07
1.39925080716678E-08
9.2586849857957E-11
5.7582011694123E-15
1.81913679340363E-26
4.80505280201497E-185
0
0
0
0
0
0
0
0
0
0
0
0
0
0
0
0
0
0
0
0
0
0
0
0
0
0
0
0
0
0
0
0
0
0
0
0
0
0
0
0
0
0
0
0
0
0
0
0
0
0
0
0
0
0
0
0
0
0
0
0
0
0
0
0
0
0
0
0
0
0
0
0
0
0
0
0
0
0
0
0
0
0
0
0
0
0
0
0
0
0
0
0
0
0
0
0
0
0
0
0
0
0
0
0
0
0
0
0
0
0
0
0
0
0
0
0
0
0
0
0
0
0
0
0
0
0
0
0
0
0
0
0
0
0
0
0
0
0
0
0
0
0
0
0
0
0
0
0
0
0
0
0
0
0
0
0
0
0
0
0
0
0
0
0
0
0
0
0
0
0
0
0
0
0
0
0
0
0
0
0
0
0
0
0
0
0
0
0
0
0
0
0
0
0
0
0
0
0
0
0
0
0
0
0
0
0
0
0
0
0
0
0
0
0
0
0
0
0
0
0
0
0
0
0
0
0
0
0
0
0
0
0
0
0
0
0
0
0
0
0
0
0
0
0
0
0
0
0
0
0
0
0
0
0
0
0
0
0
0
0
0
0
0
0
0
0
0
0
0
0
0
0
0
0
0
0
0
0
0
0
0
0
0
0
0
0
0
0
0
0
0
0
0
0
0
0
0
0
0
0
0
0
0
0
0
0
0
0
0
0
0
0
0
0
0
0
0
0
0
0
0
0
0
0
0
0
0
0
0
0
0
0
0
0
0
0
0
0
0
0
0
0
0
0
0
0
0
0
0
0
0
0
0
0
0
0
0
0
0
0
0
0
0
0
0
0
0
0
0
0
0
0
0
0
0
0
0
0
0
0
0
0
0
0
0
0
0
0
0
0
0
0
0
0
0
0
0
0
0
0
0
0
0
0
0
0
0
0
0
0
0
0
0
0
0
0
0
0
0
0
0
0
0
0
0
0
0
0
0
0
0
0
0
0
0
0
0
0
0
0
0
0
0
0
0
0
0
0
0
0
0
0
0
0
0
0
0
0
0
0
0
0
0
0
0
0
0
0
0
0
0
""
