0
0
0
0
0
0
0
0
0
0
0
0
0
0
0
0
0
0
0
0
0
0
0
0
0
0
0
0
0
0
0
0
0
0
0
0
0
0
0
0
0
0
0
0
0
0
0
0
0
0
0
0
0
0
0
0
0
0
0
0
0
0
0
0
0
0
0
0
0
0
0
0
0
0
0
0
0
0
0
0
0
0
0
0
0
0
0
0
0
0
0
0
0
0
0
0
0
0
0
0
0
0
0
0
0
0
0
0
0
0
0
0
0
0
0
0
0
0
0
0
0
0
0
0
0
0
0
0
0
0
0
0
0
0
0
0
0
0
0
0
0
0
0
0
0
0
0
0
0
0
0
0
0
0
0
0
0
0
0
0
0
0
0
0
0
0
0
0
0
0
0
0
0
0
0
0
0
0
0
0
0
0
0
0
0
0
0
0
0
0
0
0
0
0
0
0
0
0
0
0
0
0
0
0
0
0
0
0
0
0
0
0
0
0
0
0
0
0
0
0
0
0
0
0
0
0
0
0
0
0
0
0
0
0
0
0
0
0
0
0
0
0
0
0
0
0
0
0
0
0
0
0
0
0
0
0
0
0
0
0
0
0
0
0
0
0
0
0
0
0
0
0
0
0
0
0
0
0
0
0
0
0
0
0
0
0
0
0
0
0
0
0
0
0
0
0
0
0
0
0
0
0
0
0
0
0
0
0
0
0
0
0
0
0
0
0
0
0
0
0
0
0
0
0
0
0
0
0
0
0
0
0
0
0
0
0
0
0
0
0
0
0
0
0
0
0
0
0
0
0
0
0
0
0
0
0
0
0
0
0
0
0
0
0
0
0
0
0
0
0
0
0
0
0
0
0
0
0
0
0
0
0
0
0
0
0
0
0
0
0
0
0
0
0
0
0
0
0
0
0
0
0
0
0
0
0
0
0
0
0
0
0
0
0
0
0
0
0
0
0
0
0
0
0
0
0
0
0
0
0
0
0
0
0
0
0
0
0
0
0
0
0
0
0
0
0
0
0
0
0
0
0
0
0
0
0
0
0
0
0
0
0
0
0
0
0
0
0
0
0
0
0
0
0
0
0
0
0
0
0
0
0
0
0
0
0
0
0
2.18799602458473E-39
4.70956789307206E-18
2.6908255525532E-12
1.26595011048581E-09
5.39397744937255E-08
5.61213485754606E-07
3.1298937646512E-06
1.05787016571568E-05
2.74458645833485E-05
5.73226130144884E-05
1.05589257399467E-04
1.73257459632731E-04
2.72972644297229E-04
3.94305409431586E-04
5.28767229255032E-04
6.00394824422751E-04
6.53548261603331E-04
7.9959160390932E-04
9.55950835215968E-04
1.03764497698097E-03
1.34050909549073E-03
1.89068537640053E-03
2.22665661597056E-03
2.59191499686799E-03
2.53616708414288E-03
2.86348498661492E-03
3.10789239403386E-03
9.33562687007366E-04
1.07643509252904E-03
1.23069385523742E-03
1.32653120593165E-03
1.42353728723735E-03
1.44143991710567E-03
1.79086350970018E-03
2.08178513822362E-03
0.002106985684726
2.32418509663269E-03
2.44592794546996E-03
2.56786121710412E-03
2.80682361042891E-03
2.9341163427457E-03
3.06129145939852E-03
3.18826477779328E-03
3.03871431453878E-03
2.86776099559541E-03
2.97271775293107E-03
2.92342876900446E-03
3.18144861354487E-03
3.28514827892509E-03
3.21894338648856E-03
2.96740167372483E-03
3.23389995410848E-03
3.32534197686692E-03
3.41626409648091E-03
3.31183777667757E-03
3.3966872190876E-03
3.27624440312492E-03
3.56479632492355E-03
3.43344907913086E-03
3.95018821442243E-03
4.26144524095824E-03
4.58170772024153E-03
1.37972137317634E-02
1.50307614674992E-02
0.022625279272667
2.30591797942434E-02
2.34899637733727E-02
2.36604503356859E-02
2.43421761985441E-02
2.39647812832355E-02
2.40988331449081E-02
2.42209500663726E-02
2.48905779178214E-02
2.18732002826324E-02
2.16324402935789E-02
2.13718108961824E-02
2.16856461968504E-02
2.10931006826672E-02
0.02200059075233
2.47812033716946E-02
2.54286542435402E-02
2.54456636002095E-02
3.06066794510844E-02
3.16461040086403E-02
3.20381027930325E-02
3.34299407381007E-02
3.38277719763407E-02
3.42224818229021E-02
0.034614086428972
3.50026019058339E-02
2.72487941065201E-02
2.25353706082377E-02
2.27743572765728E-02
2.26461768700479E-02
2.21396399194287E-02
0.022361827927135
2.10767462692538E-02
3.42012743084183E-02
3.41429230636674E-02
3.44619733969824E-02
3.90768807276737E-02
3.94295358443873E-02
0.039779297559008
4.01261794088587E-02
0.040470194680072
4.08113564052157E-02
4.11496773616815E-02
4.14851700707586E-02
1.92362095267689E-02
1.47517018425284E-02
1.48661800288038E-02
1.54076759614694E-02
1.46610142776574E-02
1.52037907294391E-02
1.61895076966058E-02
1.63054238462871E-02
1.77517092058956E-02
1.87685887091531E-02
0.016197210632244
1.58531414673693E-02
1.59580539093663E-02
2.47814155875233E-02
2.54022508246015E-02
2.13797185928179E-02
2.29156998316055E-02
2.25855237663551E-02
2.46152283584765E-02
2.09519866388723E-02
2.10745495995762E-02
2.11959622906424E-02
0.032943261278848
3.11786901494335E-02
3.13502982904208E-02
2.56102039902804E-02
2.42615481008283E-02
2.28959300293873E-02
2.55161113155587E-02
2.71549039074568E-02
2.67859729283934E-02
0.026918558962694
2.80705433640953E-02
2.87181607695753E-02
2.62777368484401E-02
2.48471949236779E-02
2.44411658312038E-02
2.76858496599929E-02
0.027809051851196
3.47819048892324E-02
3.44027429111728E-02
5.31522360880393E-02
5.33746779294807E-02
5.35946263235211E-02
5.38120851668084E-02
5.40270582427428E-02
0.054239549224302
5.44495616768103E-02
5.46570990606513E-02
5.48621647339261E-02
5.50647619550552E-02
0.055264893885327
5.54625635913923E-02
5.56577740477048E-02
5.58505281389096E-02
0.05604082866218
5.62286783295022E-02
5.64140797699102E-02
5.65970355316707E-02
5.67775480844187E-02
5.69556198212449E-02
5.71312530607358E-02
5.73044500489667E-02
5.74752129614484E-02
5.76435439050298E-02
5.78094449197544E-02
5.79729179806741E-02
5.81339649996199E-02
0.05829258782693
5.84487882531372E-02
5.86025680106141E-02
5.34660751854138E-02
5.06564700641938E-02
5.07824837896866E-02
5.32741617485395E-02
5.93352135280076E-02
0.059474502593466
5.96113816183829E-02
5.97458519244611E-02
5.98779147883427E-02
6.00075714428863E-02
6.01348230784108E-02
6.02596708439068E-02
3.26063425580365E-02
3.14611227638124E-02
3.15222969436687E-02
0.040085129570694
0.040159606798473
3.96229181354423E-02
3.96931503853582E-02
4.09852659910407E-02
3.92161901903904E-02
3.74394582975033E-02
3.68847788826177E-02
0.036326718246063
3.08321970566775E-02
3.08778439084012E-02
3.58698625804049E-02
3.15848626618379E-02
3.16277653759952E-02
3.16694496718639E-02
3.10881527766642E-02
2.05435767886693E-02
2.05681848826047E-02
2.05920052750736E-02
1.99903399948789E-02
2.00119113341551E-02
1.75286293603378E-02
1.81728173105753E-02
0.018190291177753
1.63235831787694E-02
1.94799344817929E-02
2.07542282081274E-02
2.07709654175692E-02
1.95271030732903E-02
2.01717144945115E-02
2.14472604766589E-02
2.27236916000112E-02
2.46324667204272E-02
2.33827400235284E-02
2.71891736948359E-02
4.17531158822537E-02
3.98736926959669E-02
5.12879634620988E-02
5.13078219359649E-02
5.51276593974632E-02
5.70463925661752E-02
4.69176685559809E-02
4.88312812420566E-02
4.82066946579604E-02
5.58272826759059E-02
5.58341925629709E-02
5.45699393655735E-02
5.45725979953407E-02
5.45732095444816E-02
5.77445515753205E-02
6.21824715987657E-02
6.09072688591236E-02
3.17181307190596E-02
3.48837888927839E-02
4.05833596779178E-02
3.61354621966614E-02
3.73925570145049E-02
2.15412107120973E-02
3.23000381047316E-02
3.54524424889803E-02
0.031640038429222
3.35224148944049E-02
3.41372990941259E-02
3.91729764259532E-02
4.10441445180976E-02
3.84940947557488E-02
4.16215316663747E-02
4.15921424634873E-02
5.66743372460989E-02
5.78884156898646E-02
5.65834615193593E-02
5.59066414087717E-02
5.58564047273057E-02
5.51770342923547E-02
5.44967658321394E-02
5.31899069519485E-02
5.31338197008575E-02
5.43245446195532E-02
2.80670617173187E-02
2.61652038976217E-02
5.60003162472569E-02
6.21446550348446E-02
6.20643482807444E-02
6.19816528052538E-02
6.18965680444504E-02
6.18090934103242E-02
0.06171922829008
6.16269720454163E-02
6.15323240117792E-02
0.061435283497593
0.061335849783465
6.12340221213651E-02
6.11297997337801E-02
6.10231818128413E-02
4.14216339132095E-02
3.10094055509374E-02
3.03444731484092E-02
2.84691866365802E-02
0.024181651476806
2.23232539519698E-02
2.46859797752261E-02
2.34327177028708E-02
2.93782792776384E-02
2.87160225366888E-02
2.86521672995004E-02
2.97782877562111E-02
2.73326142232118E-02
2.72680948413515E-02
2.77938239075385E-02
3.24448908527845E-02
3.05984696377264E-02
3.11074461448226E-02
2.57580225610356E-02
0.025106068777092
2.44561931004598E-02
2.26470787959214E-02
2.31629637997601E-02
1.96326061908056E-02
1.95758673798439E-02
2.06664375351941E-02
2.11769605540411E-02
2.05419064228972E-02
2.10471675709519E-02
2.04138657936045E-02
1.92180536043688E-02
1.91555140444562E-02
1.96536762144426E-02
2.12665194089915E-02
2.11938300489236E-02
2.22317977990929E-02
2.38148166388879E-02
2.42812389970784E-02
2.36429093912204E-02
2.19119679152835E-02
1.96465894604607E-02
2.44643968739039E-02
2.16617266845761E-02
2.21157391048709E-02
2.14899415595834E-02
0.031568772127284
2.71755753525566E-02
2.75922375305027E-02
2.74747457531837E-02
2.68298762602548E-02
2.72358548289969E-02
2.71144511403655E-02
2.43963793256615E-02
3.04845233024518E-02
2.98280375615598E-02
3.32696567457773E-02
3.15815522204087E-02
3.09205011608143E-02
3.37935658831595E-02
0.036132780601133
3.39511208187943E-02
2.73180909144453E-02
2.86565376492833E-02
2.94862887720535E-02
2.39498393144883E-02
2.43040211962588E-02
2.22346822650527E-02
2.25890865984461E-02
1.76804119084536E-02
1.94771691102876E-02
1.98336848989114E-02
2.11221880545245E-02
2.00597974773319E-02
2.13258482087599E-02
2.11911561240447E-02
2.51747411590313E-02
0.029103429565607
2.93626306224021E-02
2.82679456668153E-02
0.027183753743358
2.52251193445731E-02
2.68051927871532E-02
2.57408454293759E-02
2.46875109537378E-02
2.45051788531616E-02
2.43212719135152E-02
2.03248705768081E-02
2.81502358065698E-02
2.66779375087184E-02
2.56372905411673E-02
3.07603792377926E-02
3.05057820720734E-02
3.10556918421474E-02
3.07899128441294E-02
3.09183110898097E-02
3.10374691728483E-02
3.15366307449852E-02
3.16334479875763E-02
3.17207011486483E-02
3.10411882048449E-02
3.11163240283166E-02
3.15528634133288E-02
2.46221642080149E-02
2.40074874010249E-02
3.34776253820869E-02
0.032411361205076
3.03006092468348E-02
2.47410782876427E-02
2.61871924523458E-02
2.55479847025205E-02
2.55876916234012E-02
1.92959753911348E-02
1.41326753402932E-02
0.013309129082506
0.012180032804782
1.20235622797968E-02
1.18658728456447E-02
1.20150365139501E-02
1.03313598826229E-02
1.01869666171221E-02
9.15545120606913E-03
8.43971925587156E-03
8.60038606596715E-03
9.03363892117225E-03
8.33669200498671E-03
8.20334962362094E-03
8.06900673050602E-03
8.72702725694848E-03
8.57704228423986E-03
8.68128309065792E-03
8.27375355047874E-03
8.36652367741563E-03
7.48324973219536E-03
7.33716209707158E-03
7.88585152161716E-03
6.36041757240467E-03
6.44802551922219E-03
6.52502532269131E-03
6.16608021685595E-03
6.64684405667342E-03
6.08317519731058E-03
3.3625968934495E-03
3.27753815083449E-03
2.6286789655715E-03
2.55779754670215E-03
2.30890843166427E-03
2.24236103027112E-03
2.17547002525043E-03
2.27042513531198E-03
2.19770426683274E-03
2.12467404807364E-03
2.19788591718689E-03
1.97779165297806E-03
1.76800093687034E-03
1.69930876933799E-03
1.63048239584977E-03
1.56156445787418E-03
1.6074182388062E-03
1.42365025972626E-03
1.35476675413315E-03
1.18709393313208E-03
1.21747910136229E-03
1.14923088370576E-03
9.98183064732015E-04
1.09198126064336E-03
1.02005702301774E-03
9.4890767382335E-04
9.41443410988998E-04
8.09537733525192E-04
7.41657387530455E-04
6.27003303428446E-04
6.5408667759525E-04
7.040923356458E-04
6.26042451738848E-04
5.51095565633954E-04
4.7961298793761E-04
4.80634581199621E-04
3.67927141076141E-04
3.2197075443309E-04
2.75317259886066E-04
2.3965188305309E-04
1.84997266201241E-04
1.4985313010749E-04
1.11239097530952E-04
7.23611127516027E-05
4.7576354922137E-05
2.65002745588382E-05
1.36771816808448E-05
6.27475799548845E-06
2.21881370043889E-06
4.57504695108854E-07
7.0212064095158E-08
3.90491553978587E-09
4.94085310857976E-11
1.41209409612535E-14
2.35181122500648E-23
3.19767699289646E-84
0
0
0
0
0
0
0
0
0
0
0
0
0
0
0
0
0
0
0
0
0
0
0
0
0
0
0
0
0
0
0
0
0
0
0
0
0
0
0
0
0
0
0
0
0
0
0
0
0
0
0
0
0
0
0
0
0
0
0
0
0
0
0
0
0
0
0
0
0
0
0
0
0
0
0
0
0
0
0
0
0
0
0
0
0
0
0
0
0
0
0
0
0
0
0
0
0
0
0
0
0
0
0
0
0
0
0
0
0
0
0
0
0
0
0
0
0
0
0
0
0
0
0
0
0
0
0
0
0
0
0
0
0
0
0
0
0
0
0
0
0
0
0
0
0
0
0
0
0
0
0
0
0
0
0
0
0
0
0
0
0
0
0
0
0
0
0
0
0
0
0
0
0
0
0
0
0
0
0
0
0
0
0
0
0
0
0
0
0
0
0
0
0
0
0
0
0
0
0
0
0
0
0
0
0
0
0
0
0
0
0
0
0
0
0
0
0
0
0
0
0
0
0
0
0
0
0
0
0
0
0
0
0
0
0
0
0
0
0
0
0
0
0
0
0
0
0
0
0
0
0
0
0
0
0
0
0
0
0
0
0
0
0
0
0
0
0
0
0
0
0
0
0
0
0
0
0
0
0
0
0
0
0
0
0
0
0
0
0
0
0
0
0
0
0
0
0
0
0
0
0
0
0
0
0
0
0
0
0
0
0
0
0
0
0
0
0
0
0
0
0
0
0
0
0
0
0
0
0
0
0
0
0
0
0
0
0
0
0
0
0
0
0
0
0
0
0
0
0
0
0
0
0
0
0
0
0
0
0
0
0
0
0
0
0
0
0
0
0
0
0
0
0
0
0
0
0
0
0
0
0
0
0
0
0
0
0
0
0
0
0
0
0
0
0
0
0
0
0
0
0
0
0
0
0
0
0
0
0
0
0
0
0
0
0
0
0
0
0
0
0
0
0
0
0
0
0
0
0
0
0
0
0
0
0
0
0
0
0
0
0
0
0
0
0
0
0
0
0
0
0
0
0
0
0
0
0
0
0
0
0
0
0
0
0
0
0
""
