0
0
0
0
0
0
0
0
0
0
0
0
0
0
0
0
0
0
0
0
0
0
0
0
0
0
0
0
0
0
0
0
0
0
0
0
0
0
0
0
0
0
0
0
0
0
0
0
0
0
0
0
0
0
0
0
0
0
0
0
0
0
0
0
0
0
0
0
0
0
0
0
0
0
0
0
0
0
0
0
0
0
0
0
0
0
0
0
0
0
0
0
0
0
0
0
0
0
0
0
0
0
0
0
0
0
0
0
0
0
0
0
0
0
0
0
0
0
0
0
0
0
0
0
0
0
0
0
0
0
0
0
0
0
0
0
0
0
0
0
0
0
0
0
0
0
0
0
0
0
0
0
0
0
0
0
0
0
0
0
0
0
0
0
0
0
0
0
0
0
0
0
0
0
0
0
0
0
0
0
0
0
0
0
0
0
0
0
0
0
0
0
0
0
0
0
0
0
0
0
0
0
0
0
0
0
0
0
0
0
0
0
0
0
0
0
0
0
0
0
0
0
0
0
0
0
0
0
0
0
0
0
0
0
0
0
0
0
0
0
0
0
0
0
0
0
0
0
0
0
0
0
0
0
0
0
0
0
0
0
0
0
0
0
0
0
0
0
0
0
0
0
0
0
0
0
0
0
0
0
0
0
0
0
0
0
0
0
0
0
0
0
0
0
0
0
0
0
0
0
0
0
0
0
0
0
0
0
0
0
0
0
0
0
0
0
0
0
0
0
0
0
0
0
0
0
0
0
0
0
0
0
0
0
0
0
0
0
0
0
0
0
0
0
0
0
0
0
0
0
0
0
0
0
0
0
0
0
0
0
0
0
0
0
0
0
0
0
0
0
0
0
0
0
0
0
0
0
0
0
0
0
0
0
0
0
0
0
0
0
0
0
0
0
0
0
0
0
0
0
0
0
0
0
0
0
0
0
0
0
0
0
0
0
0
0
0
0
0
0
0
0
0
0
0
0
0
0
0
0
0
0
0
0
0
0
0
0
0
0
0
0
0
0
0
0
0
2.0170767579202E-50
4.23506563644997E-19
1.44355961694686E-12
1.27151526559384E-09
4.48825964468411E-08
4.22691843355354E-07
2.32859493307506E-06
7.67076935064057E-06
1.91558720818254E-05
3.95675631661429E-05
7.13547620599971E-05
1.16380448906138E-04
1.61196370741743E-04
2.08632299591387E-04
2.54990247308877E-04
3.70352158706332E-04
4.69223885306208E-04
5.21353893352291E-04
6.99775949727578E-04
8.29907214125215E-04
9.68865467088708E-04
1.11585280561521E-03
1.27010053101216E-03
1.4308797359402E-03
1.43775666824641E-03
1.59241438680544E-03
1.94582063669096E-03
2.33902353143959E-03
2.77266328547889E-03
3.74681708081126E-03
4.03193465603125E-03
4.03259009854083E-03
3.99742455127363E-03
4.57970618363425E-03
5.20347286925693E-03
5.86878150256355E-03
6.5756328017557E-03
6.9170915248255E-03
7.25965502497365E-03
7.60305214199749E-03
6.54462040994654E-03
7.80366743788449E-03
8.12793218549231E-03
0.00792393177064
8.22778402396905E-03
9.10012506601918E-03
9.42353961648725E-03
1.27922003784777E-02
1.32152006111476E-02
0.01363728217023
1.33888977445568E-02
1.44782902453115E-02
1.48970428749568E-02
1.53145270469261E-02
0.015730677092259
1.53766041668692E-02
1.41932113701384E-02
1.37380781912995E-02
1.32425559439346E-02
1.35539598477204E-02
1.21311249572682E-02
1.24014474933645E-02
1.17656179735638E-02
1.01661717784887E-02
9.43266437144881E-03
0.009622537278779
9.81158596161747E-03
8.99982384465933E-03
1.12059056131945E-02
1.34858482113738E-02
1.16153706526682E-02
1.18187070522484E-02
1.42067647367738E-02
1.33337160071484E-02
1.24230983320096E-02
1.26226831673441E-02
1.28213264694259E-02
0.014202575499391
1.56186561723421E-02
1.58500747397097E-02
1.60803793013557E-02
1.63095702468937E-02
1.78097749660925E-02
1.67646139042056E-02
0.015683509264038
1.72152126766251E-02
1.74388480434682E-02
1.90199431560475E-02
1.78827973106771E-02
1.94956613184082E-02
2.11411472574821E-02
1.85404395009475E-02
0.023086093920215
2.62708126153146E-02
2.65682508886944E-02
2.38792646558183E-02
2.11233403223775E-02
2.13511481214388E-02
2.00365115727517E-02
2.18032427389953E-02
2.04541377199002E-02
2.06613214821732E-02
1.60518623336566E-02
1.62095675596441E-02
1.63664409825853E-02
1.65224836582367E-02
1.50099269481306E-02
1.85152889050955E-02
0.01868420097692
2.22798768548848E-02
2.42063785324143E-02
2.61620231982737E-02
2.28690837303021E-02
2.30633433627976E-02
2.32565332787523E-02
2.34486543705909E-02
2.36397074804418E-02
2.74958000772556E-02
2.77137840833265E-02
2.79305383716372E-02
2.81460636845506E-02
2.83603607082835E-02
2.85734300735384E-02
3.07042905132787E-02
3.09289472832851E-02
3.30993147354268E-02
3.13743377720236E-02
2.96203803032885E-02
2.18724688950017E-02
2.20224274298284E-02
1.81403083513235E-02
1.82615323773412E-02
0.018382021865996
0.016446023877757
0.016551819897906
1.87390834261487E-02
1.88566349520486E-02
1.89734519044312E-02
2.12105935561486E-02
2.13387574820707E-02
2.36127153469981E-02
2.80704261807566E-02
2.82338540601139E-02
2.62118950848109E-02
3.73444527800451E-02
3.97630562345202E-02
4.22047579819374E-02
4.46693120388603E-02
4.71564722571757E-02
4.74084472100789E-02
4.76587017351022E-02
5.01885319352112E-02
5.04470960727955E-02
4.83991345249423E-02
5.32751178846229E-02
5.12119546665063E-02
5.14632929573138E-02
5.64139878832404E-02
3.30657990627927E-02
3.08492655026045E-02
3.09935037813688E-02
2.87415419202229E-02
2.88727058658755E-02
2.90028792723118E-02
2.67043896676061E-02
2.43835430990398E-02
2.69384952403255E-02
2.70541825010663E-02
2.71689585202852E-02
2.72828226174108E-02
2.98862990211033E-02
3.00085224846711E-02
3.01297488387508E-02
3.02499773039305E-02
2.78384398350981E-02
2.79468176263958E-02
2.80542785008102E-02
3.32809711205022E-02
3.08361234866902E-02
2.57919565322617E-02
0.025886307208193
2.85778029993129E-02
3.12869963255242E-02
2.35479011384107E-02
2.36297998692933E-02
2.37109428033685E-02
2.37913293052163E-02
2.38709587377084E-02
2.39498304622928E-02
2.66977153769684E-02
2.67836646978588E-02
2.41818929875189E-02
2.42577274760859E-02
2.43328010521613E-02
0.024407113074294
0.02448066290144
2.45534498932028E-02
2.18893096978393E-02
2.19526513899021E-02
0.022015313303871
2.48369567342152E-02
0.024905919981999
2.77490184205266E-02
2.22591519058706E-02
1.95286056791426E-02
1.67827334512589E-02
1.68261492651748E-02
1.68690518970785E-02
1.69114409365779E-02
0.019778868638103
1.69946766080936E-02
1.70355224309781E-02
0.019921828550663
2.28208907298505E-02
0.022873289396832
2.57906244777083E-02
0.02872002578437
2.87829401964715E-02
2.88449920176962E-02
2.89061806152899E-02
2.89665053621879E-02
2.61233690734533E-02
2.90845608250158E-02
3.20565193483141E-02
2.91991535092884E-02
2.63296348259278E-02
2.63792507568936E-02
2.34916314902231E-02
2.64761383161531E-02
2.65234089135289E-02
2.65698967126977E-02
2.95728902380338E-02
2.96228021392315E-02
2.96718426220333E-02
3.56640133846855E-02
3.86974993730024E-02
3.87578493552672E-02
3.88170637849952E-02
3.88751420107271E-02
3.89320833915523E-02
3.29897507899704E-02
3.60392797923261E-02
3.30812986446419E-02
0.033125626789457
3.61843531796142E-02
3.62306062185291E-02
3.02298383359525E-02
3.02666266864843E-02
3.03025364845604E-02
3.33713240557055E-02
3.34088906856865E-02
3.34454895955069E-02
3.95685967983717E-02
3.96095612493759E-02
0.036599428234925
3.35821998405683E-02
3.05581400866038E-02
3.05861257096133E-02
3.06132291286651E-02
3.98312850399325E-02
3.98642245461699E-02
3.98960160043387E-02
4.29979405106017E-02
3.68826030588659E-02
4.30602291170159E-02
4.61673394285507E-02
4.31175662759297E-02
0.04006263598747
4.00863815026437E-02
4.01089763809476E-02
0.040130420357641
3.70621967826683E-02
4.01698546134785E-02
3.70964717810843E-02
4.02046824177744E-02
3.71264938893534E-02
3.71399096601821E-02
4.02482835017044E-02
3.40665873577399E-02
3.09781449831566E-02
0.027887200483607
2.47940198211347E-02
2.16988690011481E-02
2.17023497450763E-02
1.86044653149685E-02
2.17074483344938E-02
1.86077709597341E-02
0.012405750211761
1.24059649002161E-02
1.24058247026481E-02
1.24053296207156E-02
1.24044796602756E-02
1.24032748313822E-02
1.24017151482853E-02
0.015499750786785
1.54969141218051E-02
2.16910875635195E-02
0.021685874534731
2.16800407457272E-02
2.16735862653742E-02
1.85712952884236E-02
1.85646990364456E-02
1.85575709778402E-02
1.85499111965602E-02
2.78125796741364E-02
2.77994952491538E-02
3.08729040818343E-02
3.39422540240841E-02
2.77554597322315E-02
3.08213196887367E-02
3.08023547377907E-02
3.07825050714343E-02
3.38379480137012E-02
3.38141677830585E-02
3.07176501488865E-02
0.036833116847931
3.68039933700432E-02
3.67738100830259E-02
3.36806867253023E-02
3.36510767015404E-02
3.05640874366032E-02
3.35889455142153E-02
3.35564250667122E-02
3.35229352115795E-02
3.65328832724562E-02
3.64942350827677E-02
3.94924082030419E-02
3.64137704239575E-02
3.94029511110647E-02
4.54113555841704E-02
4.23326863127081E-02
5.13402564963918E-02
5.12750444928566E-02
5.12083409601777E-02
5.11401466471956E-02
5.40746071597321E-02
5.09992887494065E-02
5.39223106611791E-02
5.38437992643711E-02
5.37637135902175E-02
5.66643908854359E-02
5.65765353485896E-02
0.06243302312331
0.059364051139138
6.22296529392317E-02
5.91668780644498E-02
6.20189619123331E-02
6.48590107731812E-02
7.65154732362493E-02
7.63771280222187E-02
0.070372176019002
6.73136247189243E-02
6.71852519211001E-02
7.28857445413051E-02
0.075651550291739
0.081307342436962
6.66518330355743E-02
6.94053947926208E-02
0.069258977209719
7.48696948708217E-02
7.47065880149745E-02
7.74082104918328E-02
7.43736516951253E-02
0.074203825585933
7.11843875987315E-02
7.38574659554698E-02
6.80131715692245E-02
6.78481611419063E-02
6.76810927496668E-02
6.75119680136756E-02
6.45349223744278E-02
6.43689078738051E-02
5.86182380829484E-02
6.12470268471174E-02
6.66355565577672E-02
8.30676603787873E-02
8.00770418110749E-02
7.43457816088714E-02
7.68805120297345E-02
8.21349807266262E-02
7.91655888951541E-02
0.070766234488067
6.24133481298996E-02
6.22238483450475E-02
5.93353410653007E-02
0.056461705515141
6.16436763231392E-02
5.07600697509965E-02
5.05954999469914E-02
5.04293289032106E-02
4.76162128142169E-02
4.48193265505351E-02
0.04466635637441
5.76037107805905E-02
0.054792870937383
6.49983579765585E-02
0.064765013151489
0.139383883130128
0.200591186086469
0.20240567491591
0.201641884928714
0.157645989984469
0.210225904451201
0.209402682335003
0.150775338475732
0.160181603915278
0.139589503669842
0.173769316977719
0.20518305015001
0.2043184567872
0.203446986620955
0.214771575134402
0.191963752444987
0.147569557920229
8.42919920591399E-02
8.63074664300009E-02
8.82980622608858E-02
7.36360410073813E-02
0.167857902929598
0.160000812893503
0.184988624428854
0.200399001298343
0.199410912712428
0.193801439809815
0.188231521060085
0.189552964522459
0.190844047578563
0.176284154762827
0.164109230596159
0.116272423362851
0.124536315112239
0.212317014695679
0.186942758634257
0.185889543506399
0.191352770206279
0.194571816494087
0.189136037306861
0.143149222171953
0.174148016628318
0.175202658429521
0.174126768578719
0.173044104185923
0.171954665837437
0.16879991830144
0.167710221859422
0.154422577327953
8.27553763307981E-02
7.81907094944494E-02
8.76160792856437E-02
8.50358293092648E-02
8.64071410329601E-02
7.01977756002886E-02
0.110351775194419
0.107630441385293
9.53933257638597E-02
9.65776323176873E-02
9.77293085230616E-02
9.51179894523279E-02
9.43819021500218E-02
8.99694133980343E-02
8.37896163866607E-02
8.31143751628071E-02
8.60195014212339E-02
8.35297839883079E-02
9.16397911356943E-02
8.73647780974099E-02
9.00746615480118E-02
0.109890047982138
0.112317241643978
0.106245600879263
7.68667852606633E-02
7.94646325995206E-02
0.091835874814295
8.77098477489504E-02
8.68591828302954E-02
8.28186874174057E-02
9.93350842197986E-02
0.121738046063472
0.103492044748684
0.105465593452338
9.98073444217931E-02
9.72331197763367E-02
9.61656614785285E-02
9.94816240944556E-02
9.97998101737232E-02
0.100078901343272
0.100318635351091
9.77265620614649E-02
8.96456679733849E-02
9.39883186011088E-02
9.81886424512979E-02
0.104901340422673
0.102226406744718
7.11281708541524E-02
7.27205154993744E-02
7.42380494468293E-02
8.56055349692313E-02
7.82695792233866E-02
9.40039413834443E-02
7.71751235413076E-02
0.106411282539688
8.86511969778351E-02
8.83886741422587E-02
8.69681663594927E-02
0.091024394697857
8.19505855643491E-02
8.37265596818204E-02
8.22609446485403E-02
7.97660151022418E-02
5.92313127287572E-02
5.51665084976321E-02
4.44465218804151E-02
4.16793823951217E-02
3.99128913463401E-02
5.63625746160389E-02
5.87308012998183E-02
5.74575102936056E-02
5.02206879085913E-02
7.31941100877517E-02
0.071476178759624
6.73738872821114E-02
0.06338330774617
6.10117164786987E-02
5.72073917150438E-02
5.42306350613481E-02
5.13288262919877E-02
5.32181064153645E-02
5.49030044186673E-02
5.32155030226508E-02
5.15242371710341E-02
5.81345958622051E-02
5.67272952576397E-02
5.52768849450815E-02
5.32515131070765E-02
5.12250035130796E-02
4.91982702351662E-02
4.71723309634697E-02
2.12197096826675E-02
3.75209192071213E-02
3.12445560947695E-02
2.97168910222841E-02
2.74532385144088E-02
2.59788704454028E-02
2.41820870632088E-02
2.49280357742915E-02
2.30766234969181E-02
2.15525330314189E-02
0.020046725787983
1.85620360391623E-02
0.017751022022055
1.62638714204033E-02
1.49900125875113E-02
1.42085366687636E-02
0.01304198925292
0.011469305897822
1.02141077126423E-02
8.99170843766314E-03
7.98283875313731E-03
5.52002140830954E-03
5.19211935860326E-03
4.47193719686855E-03
3.55030586758336E-03
2.7352831840884E-03
2.00942526144024E-03
1.39504437785246E-03
8.61550361510686E-04
5.37690292539036E-04
3.1657112239389E-04
1.56391995599554E-04
6.31815966208813E-05
2.0525829291216E-05
4.52402223019579E-06
5.15937518634635E-07
1.80250191815608E-08
4.62648797744399E-11
2.2584250266609E-16
4.60790013524902E-36
0
0
0
0
0
0
0
0
0
0
0
0
0
0
0
0
0
0
0
0
0
0
0
0
0
0
0
0
0
0
0
0
0
0
0
0
0
0
0
0
0
0
0
0
0
0
0
0
0
0
0
0
0
0
0
0
0
0
0
0
0
0
0
0
0
0
0
0
0
0
0
0
0
0
0
0
0
0
0
0
0
0
0
0
0
0
0
0
0
0
0
0
0
0
0
0
0
0
0
0
0
0
0
0
0
0
0
0
0
0
0
0
0
0
0
0
0
0
0
0
0
0
0
0
0
0
0
0
0
0
0
0
0
0
0
0
0
0
0
0
0
0
0
0
0
0
0
0
0
0
0
0
0
0
0
0
0
0
0
0
0
0
0
0
0
0
0
0
0
0
0
0
0
0
0
0
0
0
0
0
0
0
0
0
0
0
0
0
0
0
0
0
0
0
0
0
0
0
0
0
0
0
0
0
0
0
0
0
0
0
0
0
0
0
0
0
0
0
0
0
0
0
0
0
0
0
0
0
0
0
0
0
0
0
0
0
0
0
0
0
0
0
0
0
0
0
0
0
0
0
0
0
0
0
0
0
0
0
0
0
0
0
0
0
0
0
0
0
0
0
0
0
0
0
0
0
0
0
0
0
0
0
0
0
0
0
0
0
0
0
0
0
0
0
0
0
0
0
0
0
0
0
0
0
0
0
0
0
0
0
0
0
0
0
0
0
0
0
0
0
0
0
0
0
0
0
0
0
0
0
0
0
0
0
0
0
0
0
0
0
0
0
0
0
0
0
0
0
0
0
0
0
0
0
0
0
0
0
0
0
0
0
0
0
0
0
0
0
0
0
0
0
0
0
0
0
0
0
0
0
0
0
0
0
0
0
0
0
0
0
0
0
0
0
0
0
0
0
0
0
0
0
0
0
0
0
0
0
0
0
0
0
0
0
0
0
""
