0
0
0
0
0
0
0
0
0
0
0
0
0
0
0
0
0
0
0
0
0
0
0
0
0
0
0
0
0
0
0
0
0
0
0
0
0
0
0
0
0
0
0
0
0
0
0
0
0
0
0
0
0
0
0
0
0
0
0
0
0
0
0
0
0
0
0
0
0
0
0
0
0
0
0
0
0
0
0
0
0
0
0
0
0
0
0
0
0
0
0
0
0
0
0
0
0
0
0
0
0
0
0
0
0
0
0
0
0
0
0
0
0
0
0
0
0
0
0
0
0
0
0
0
0
0
0
0
0
0
0
0
0
0
0
0
0
0
0
0
0
0
0
0
0
0
0
0
0
0
0
0
0
0
0
0
0
0
0
0
0
0
0
0
0
0
0
0
0
0
0
0
0
0
0
0
0
0
0
0
0
0
0
0
0
0
0
0
0
0
0
0
0
0
0
0
0
0
0
0
0
0
0
0
0
0
0
0
0
0
0
0
0
0
0
0
0
0
0
0
0
0
0
0
0
0
0
0
0
0
0
0
0
0
0
0
0
0
0
0
0
0
0
0
0
0
0
0
0
0
0
0
0
0
0
0
0
0
0
0
0
0
0
0
0
0
0
0
0
0
0
0
0
0
0
0
0
0
0
0
0
0
0
0
0
0
0
0
0
0
0
0
0
0
0
0
0
0
0
0
0
0
0
0
0
0
0
0
0
0
0
0
0
0
0
0
0
0
0
0
0
0
0
0
0
0
0
0
0
0
0
0
0
0
0
0
0
0
0
0
0
0
0
0
0
0
0
0
0
0
0
0
0
0
0
0
0
0
0
0
0
0
0
0
0
0
0
0
0
0
0
0
0
0
0
0
0
0
0
0
0
0
0
0
0
0
0
0
0
0
0
0
0
0
0
0
0
0
0
1.27219808388983E-32
5.15214040397636E-18
4.62776944566213E-13
1.41216289542346E-10
4.5430164673835E-09
4.41983198663476E-08
2.21790612497126E-07
8.44645464302973E-07
2.22859895413653E-06
4.63529710874609E-06
7.5614494548821E-06
1.3526222148633E-05
2.01309116657091E-05
2.64695291045524E-05
3.76756069133426E-05
5.55500398505534E-05
8.7075108867565E-05
1.08132063257709E-04
1.51210747004477E-04
1.96658522141241E-04
2.401205693331E-04
2.38304374268654E-04
2.22839610565122E-04
2.60676104061157E-04
3.01592119553361E-04
3.45524032196199E-04
3.92399661947093E-04
4.42140515520843E-04
4.94663646393241E-04
5.49883184388959E-04
6.07711582898567E-04
6.68060627057331E-04
8.77010689324687E-04
1.00822756224439E-03
1.15114036049686E-03
1.24388842016231E-03
1.2724551625577E-03
1.36576521047258E-03
1.46152545857364E-03
1.47755395509172E-03
1.5726478814678E-03
1.85533358843402E-03
2.06375094702621E-03
2.28550263134179E-03
2.30160753399084E-03
2.42364011048887E-03
2.42631632576704E-03
2.54619529344486E-03
2.66779366922479E-03
2.79104236153829E-03
2.77008124578502E-03
2.89011641958688E-03
3.32854153226087E-03
3.46421395629133E-03
3.77278745111411E-03
3.73973396123862E-03
3.69473303230577E-03
3.6375514341696E-03
3.76618814204322E-03
4.1009078086492E-03
4.02653185220548E-03
3.93930533702868E-03
3.8390424288134E-03
3.95841471576588E-03
3.83862522693348E-03
3.95236214904859E-03
4.32092088072771E-03
4.44311840461762E-03
5.10311969191123E-03
5.51692481323571E-03
5.37968554645913E-03
5.51891230741654E-03
5.36090353627714E-03
4.88346671928159E-03
5.00214098040068E-03
5.76140575772047E-03
5.89586887325861E-03
6.03077602565033E-03
6.16610598566974E-03
6.30183818868594E-03
6.79561674526069E-03
6.57443021779363E-03
6.71125198685369E-03
7.22886649174078E-03
8.15016546848201E-03
7.91511522185672E-03
8.06847327223004E-03
8.22211853549447E-03
7.95723186949652E-03
8.95671138893039E-03
9.11883560886499E-03
9.72315247814284E-03
9.44376113279367E-03
9.60652999582923E-03
1.02346954260468E-02
1.04055829858713E-02
1.10573869159748E-02
1.12363616846015E-02
9.9264981710878E-03
1.00823525947465E-02
1.07502147581809E-02
1.14337599231696E-02
1.21329860927566E-02
1.17772317318531E-02
1.19490474178342E-02
8.26424964116246E-03
8.38143792972293E-03
7.93205883392434E-03
9.19021998343102E-03
9.89742311248382E-03
8.85019425809184E-03
9.56516832106639E-03
1.02957282976776E-02
1.04284228329466E-02
9.93982768034306E-03
1.06936526473159E-02
1.08261723100436E-02
1.09586183087563E-02
1.37006262971562E-02
1.45242183664949E-02
1.46952759219799E-02
1.41904642133949E-02
1.77709804258188E-02
1.58988708510521E-02
1.60770924264573E-02
1.55483933401797E-02
1.57185220022965E-02
0.016610669144868
1.53282986417695E-02
1.47525167854097E-02
1.41611411310259E-02
1.50602152999261E-02
0.015974450832824
1.53670997036123E-02
1.55202195782995E-02
1.41058041125971E-02
1.34519142444282E-02
1.27825683790333E-02
1.29043170758976E-02
1.46540995194111E-02
1.56123129618931E-02
1.57561611301603E-02
1.67365841426989E-02
1.68874618146405E-02
1.95937688953061E-02
1.97666285182997E-02
1.90722336563657E-02
2.09857428918363E-02
1.49919103312995E-02
1.51186577536071E-02
1.34515930981651E-02
0.012658758017609
1.18508640474709E-02
1.19469530210599E-02
1.38955667907002E-02
1.40059330302883E-02
1.12928325543936E-02
1.04323164010307E-02
1.05126744940098E-02
1.15558197198076E-02
1.26133025514457E-02
1.17300556480024E-02
1.08321017492302E-02
1.38872924695277E-02
1.19897186617725E-02
1.20758108430794E-02
1.21616673387729E-02
0.011226678306796
1.13049405397194E-02
9.31334670935722E-03
1.04189019978303E-02
9.44049010665516E-03
1.05597552101146E-02
1.06298651306038E-02
8.55980887292057E-03
8.61555279132069E-03
8.6711221929724E-03
7.63570099799295E-03
7.68401449768744E-03
8.8367668555206E-03
7.78016909390271E-03
8.94629415916442E-03
7.87568450248462E-03
7.9231990633587E-03
7.97054971352125E-03
9.16312583571167E-03
8.06475390628818E-03
8.11160478970203E-03
1.04892254276113E-02
9.37691150454564E-03
9.42987070524181E-03
7.1119740559439E-03
7.1513956211313E-03
7.19066664510836E-03
7.22978605730623E-03
8.48021159517233E-03
8.52549344209668E-03
8.57059472206616E-03
8.61551422597643E-03
8.66025075440238E-03
8.70480311748755E-03
9.99905158267089E-03
8.79335063541339E-03
7.57486582065936E-03
7.61241209852809E-03
7.64979554091095E-03
7.68701517530576E-03
7.72407003682404E-03
7.76095916811686E-03
7.79768161930268E-03
7.83423644789764E-03
7.8706227187476E-03
1.05424526719501E-02
1.05905145104702E-02
1.06383479224885E-02
0.010685951699374
1.07333246418556E-02
0.010780465559947
1.08273732728731E-02
1.08740466089992E-02
1.09204844057623E-02
1.09666855096041E-02
9.63606767891778E-03
9.67607643531088E-03
0.009715875104023
8.36182517713405E-03
8.39557566207868E-03
7.02428631293308E-03
7.05210674856625E-03
7.07977368131929E-03
8.52874372702017E-03
7.13464435542293E-03
7.16184676854466E-03
7.18889302226947E-03
7.21578246550386E-03
8.69101734277505E-03
8.72290601027045E-03
8.75460419825386E-03
8.78611114998557E-03
1.02869971339265E-02
8.84854834804811E-03
1.03593899629836E-02
1.03952469499711E-02
8.94075130220109E-03
8.97109528278439E-03
9.00124289832882E-03
9.03119343989755E-03
1.05711039051556E-02
1.06055839104427E-02
1.06398315557678E-02
1.06738460412586E-02
1.07076265737873E-02
9.20671917167005E-03
9.23527083517416E-03
7.7196833021608E-03
7.74313824753282E-03
7.76642332276358E-03
9.34744558789991E-03
9.37497805892379E-03
9.40230476616323E-03
9.4294250810202E-03
9.45633838050878E-03
1.10635513884479E-02
1.10944650476489E-02
1.27144400543908E-02
1.27492122142747E-02
1.11857412730277E-02
1.28179155615355E-02
1.28518451840235E-02
1.28854924080806E-02
1.13039994109225E-02
1.13329445354099E-02
1.46078235961192E-02
1.13900868795788E-02
1.14182828068463E-02
1.14462277198999E-02
9.8347894186516E-03
9.85831027581767E-03
9.8816143734322E-03
1.15554847187547E-02
1.32367602659356E-02
1.32669611947951E-02
1.32968703595389E-02
1.33264870903067E-02
1.33558107244135E-02
1.33848406063414E-02
1.34135760877313E-02
1.51222685932964E-02
1.17863911298053E-02
1.18107585332589E-02
1.35255612908429E-02
1.35528152941677E-02
1.35797711567058E-02
1.19056247450013E-02
1.02245895545263E-02
1.02441329629124E-02
8.55287583523794E-03
1.02825432450858E-02
1.03014092690637E-02
1.20400567668222E-02
1.20615378310969E-02
1.20827535326676E-02
0.012103703403649
1.21243869823307E-02
1.21448038131739E-02
1.04271029544067E-02
1.04441446628799E-02
1.04609565906732E-02
1.04775383684561E-02
8.74490802681192E-03
8.75834168587278E-03
8.7715826563055E-03
0.010541556777493
0.010556982449855
1.05721758669466E-02
1.05871366963252E-02
1.23688420459456E-02
0.012385752503229
0.010630620412678
8.87053972666117E-03
8.88203396689919E-03
8.89333281386633E-03
8.90443602119386E-03
8.91534334688932E-03
8.9260545533355E-03
8.93656940728952E-03
8.9468876798819E-03
8.95700914661571E-03
0.010760320304839
8.97666078637803E-03
7.18895242581477E-03
7.19641809441827E-03
7.20372547279663E-03
5.40815580174619E-03
7.21786472788579E-03
7.22469629783566E-03
7.23136896403767E-03
7.23788258184468E-03
9.05529626262772E-03
9.06304013893499E-03
9.07058468851498E-03
9.07792974801967E-03
9.08507515846534E-03
9.09202076523233E-03
9.09876641806463E-03
7.28424957685578E-03
7.2893258261746E-03
7.29424177267505E-03
7.29899731011417E-03
7.30359233573907E-03
7.3080267502867E-03
7.31230045798375E-03
7.31641336654652E-03
9.15045673397602E-03
7.32415643458183E-03
7.32778642693401E-03
7.33125528591105E-03
7.33456293667572E-03
7.33770930787987E-03
7.34069433166429E-03
9.17939742957338E-03
9.18272510372712E-03
9.18585086530083E-03
7.35101971753175E-03
7.35319710843984E-03
7.35521281803851E-03
7.35706680288997E-03
7.35875902304507E-03
1.28805065235758E-02
1.47233160538253E-02
1.47257294963395E-02
1.47278191596394E-02
1.47295849987125E-02
1.47310269755231E-02
1.65736631913892E-02
1.65745566282369E-02
0.016575085638764
1.65752502115768E-02
0.016575050343131
1.65744860377311E-02
1.84150636750343E-02
1.84136268583702E-02
2.02529636962767E-02
2.02504925423807E-02
2.20882648753609E-02
2.20845976791255E-02
0.018400370750135
1.83965055232784E-02
1.65530122217784E-02
1.65488055104015E-02
1.28677382769177E-02
1.47016005079697E-02
1.46968911544419E-02
1.28553763127249E-02
1.46865030824701E-02
1.46808245879706E-02
1.10061174615407E-02
1.10013744706032E-02
1.09963895704609E-02
0.010991162868643
1.64785417168683E-02
1.64699767743974E-02
1.64610496603969E-02
1.64517605675631E-02
0.018269010773826
1.82578858393737E-02
2.00709953409686E-02
2.37047612195536E-02
2.55109442231086E-02
2.54931230327265E-02
2.72943655761334E-02
2.72740705023942E-02
2.54362972359392E-02
0.023600790504019
2.35816430980779E-02
2.53744368323135E-02
2.53526999506521E-02
2.35210907934588E-02
1.98845066144958E-02
1.80601040394461E-02
1.62386879940113E-02
1.62229251851024E-02
1.44060493784105E-02
1.43914039472333E-02
1.61734972125393E-02
1.61563092319407E-02
1.61387658722289E-02
1.79120750162854E-02
1.25242557598231E-02
1.25097835102158E-02
1.24950360774666E-02
1.24800137825855E-02
1.42453908030922E-02
1.42275953383822E-02
1.42094868881194E-02
0.010643299385379
1.24007910402355E-02
1.06149657057878E-02
1.06004484254794E-02
1.05856979393048E-02
8.80892880807822E-03
8.79624887028042E-03
8.78337541348739E-03
7.01624697563658E-03
7.00563925975211E-03
6.99487741563606E-03
8.72995209912645E-03
8.71611536284346E-03
8.70208686450047E-03
1.04254402947588E-02
1.21428381463756E-02
1.03906246813498E-02
0.010372873776672
1.20807104361397E-02
0.01205946901395
1.20379622746986E-02
1.02995920226128E-02
1.02807040712955E-02
1.19718549321211E-02
1.19492917331015E-02
1.19264656522061E-02
1.19033771950551E-02
1.18800268734743E-02
1.18564152054993E-02
1.01421794703265E-02
1.01214942287921E-02
1.01005863401373E-02
8.39954689144193E-03
1.00581044882867E-02
1.17092867171863E-02
1.00147377019176E-02
8.32726972100565E-03
9.9704898539002E-03
9.94803676553248E-03
1.15795923868572E-02
9.90247477467015E-03
9.87936689418329E-03
1.14987154107757E-02
1.31099999448406E-02
1.47131129370209E-02
1.63079471902923E-02
1.78943958745009E-02
0.016226960442424
1.61859315974996E-02
1.77590017076941E-02
1.77130883694734E-02
1.76667857841087E-02
1.76200950031872E-02
1.75730170883823E-02
1.59323210104295E-02
1.58888219585115E-02
1.58449739173685E-02
1.73808556779227E-02
1.73318583732292E-02
1.57113459251412E-02
1.72327232440717E-02
1.71825876956146E-02
1.55746136597378E-02
1.70811863981085E-02
0.017029922986897
1.85217665198654E-02
2.00037813913575E-02
2.14758675705963E-02
1.98795354154535E-02
1.98167579974275E-02
1.51950355672584E-02
1.36314703451365E-02
1.35871100312797E-02
1.50471690076842E-02
1.49972195763719E-02
1.34522476221942E-02
1.48963368683928E-02
1.48454059665635E-02
1.47941502991335E-02
1.62168281860015E-02
0.016159736478304
0.016102291561154
1.60444948007795E-02
1.59863475744866E-02
0.014479864791556
1.58690072890746E-02
1.86843292296039E-02
1.86139695736612E-02
1.85432040679514E-02
1.98929601447336E-02
1.98158825322072E-02
1.83284895964652E-02
0.016851801142204
1.39871915665038E-02
1.39309113614614E-02
0.012486895542407
1.10539552090906E-02
1.37602596529627E-02
1.50730543864685E-02
1.50094962799512E-02
1.49456128737439E-02
1.62342608238379E-02
1.48168765240018E-02
1.34109334476416E-02
1.33516892592587E-02
1.46213723398015E-02
1.45555709064963E-02
1.44894555483884E-02
1.57342122999109E-02
1.43562897752907E-02
1.29902206835654E-02
1.29289896247491E-02
1.54409771022459E-02
1.53668353791227E-02
1.65667279878546E-02
1.77538267498276E-02
1.89280522410823E-02
1.75781599936389E-02
1.62404939939574E-02
1.61580646725418E-02
1.48387304761497E-02
1.47620088163143E-02
1.59087214895224E-02
1.46076271328709E-02
0.018162464051733
0.019269344132477
1.91649864199595E-02
0.020251488727635
2.01397531457248E-02
1.88495005987489E-02
1.99150155350014E-02
2.09668443923795E-02
2.08467635618316E-02
0.018423331462771
1.83158229086625E-02
1.93459297323251E-02
1.80996673884599E-02
1.79910265576772E-02
1.78820144808142E-02
1.77726342923752E-02
1.76628891543415E-02
0.019746880038676
1.85324616184791E-02
1.84147145889982E-02
1.72203233320437E-02
1.71088018683354E-02
1.80592434683281E-02
1.68847261812548E-02
1.78204398937864E-02
1.77005020917362E-02
0.017580211840725
1.95136402498952E-02
1.73385888852615E-02
1.92428241550115E-02
1.81012247746889E-02
1.79720524824017E-02
1.78425311891447E-02
2.06647759106691E-02
2.14896712894496E-02
2.42387711538566E-02
0.023094720102699
2.29197829510722E-02
2.36920986564421E-02
2.44493397420068E-02
2.61244768236994E-02
2.77697287220041E-02
2.84667190503079E-02
2.91484222091553E-02
2.71043606339373E-02
3.85302792001152E-02
3.73216792767656E-02
3.61273212889075E-02
3.58209446584768E-02
3.55139493063334E-02
3.17715811710307E-02
3.23446254028086E-02
3.20584370934884E-02
3.34439143806397E-02
4.22554880396031E-02
3.69435034948418E-02
5.20564128569785E-02
5.47932716605064E-02
6.70465254510976E-02
6.64062261238074E-02
6.49820190639114E-02
6.12463291486692E-02
6.06414214262335E-02
5.92757135517314E-02
5.86768006424776E-02
5.65879401589608E-02
3.83177521160801E-02
3.13544000001186E-02
3.60727626153478E-02
3.14041063719835E-02
2.96518226247032E-02
0.029326663282263
2.96916894140387E-02
3.00408995516429E-02
3.17242582904574E-02
3.33607156150088E-02
3.56096739170452E-02
3.25828457801308E-02
3.02619024498791E-02
2.98957075870569E-02
3.20424439379659E-02
3.10241850537022E-02
2.94086784194653E-02
2.96388738735589E-02
3.04504019307722E-02
0.036533900890759
3.54681300024753E-02
3.49915563819398E-02
3.50807738044514E-02
2.62262754052419E-02
2.42085091229117E-02
0.023322428906569
2.45903328781728E-02
2.21241350120916E-02
2.17963472267455E-02
2.55579819163551E-02
2.51681350584167E-02
2.27962412913969E-02
2.63403124820541E-02
2.16001198230193E-02
2.07780509421519E-02
2.22941547613835E-02
0.021921732050869
2.19986840914033E-02
3.04436458321698E-02
1.90732115560848E-02
1.83078084993586E-02
0.019230566205065
2.29802330924715E-02
2.13420608971872E-02
2.21207800734489E-02
2.28544059567274E-02
0.02240395024146
1.86055178231281E-02
1.67675039156367E-02
1.67757465545256E-02
1.60710600058314E-02
1.64079507377579E-02
1.97246558172361E-02
2.15703638992406E-02
2.55484780443262E-02
2.52650552584691E-02
2.46644852971214E-02
2.46604577161403E-02
1.15903200493517E-02
2.40068366609746E-02
2.31118865155929E-02
2.25022473499173E-02
0.021895615825202
1.97712604648132E-02
1.92139252043764E-02
1.88989997366081E-02
2.32165896492764E-02
2.25148383811111E-02
2.18177231184837E-02
2.11254436666555E-02
0.020438207540302
1.97562303300488E-02
1.90797360854138E-02
1.84089577143357E-02
1.77441373993214E-02
1.70855270300584E-02
1.64333886521177E-02
1.57879949310714E-02
1.51496296310028E-02
1.45185881059318E-02
1.36172742461027E-02
1.31469215810533E-02
1.22923678476897E-02
1.14703007744613E-02
1.09102271578944E-02
1.00319249330787E-02
1.03338412911714E-02
9.77358107792845E-03
9.22390780548676E-03
8.6852599736017E-03
8.15809261533029E-03
7.64287743390018E-03
7.14010279810553E-03
6.65027355831218E-03
6.17391063704088E-03
5.71155033841972E-03
5.26374330923593E-03
4.8310530705892E-03
4.41405402293075E-03
4.01332880823289E-03
3.6294648908986E-03
3.26305019357772E-03
2.91466759531455E-03
2.58488806769879E-03
2.27426219095495E-03
1.98330975780916E-03
1.71250714214875E-03
1.4622720873622E-03
1.23294556515947E-03
9.42788753300416E-04
4.10554491562004E-04
3.22656781112875E-04
2.53229467503597E-04
2.01756543856985E-04
8.68176688289861E-05
6.21075209390706E-05
3.45845432316475E-05
2.23855806322698E-05
1.6768852284508E-05
9.77877400103071E-06
5.11594852263586E-06
2.31523280287198E-06
8.57966678352108E-07
2.38774469458215E-07
4.48371687349167E-08
3.90238649500041E-09
9.98554570269859E-11
2.32819727289828E-13
9.05983217303313E-19
7.31151212535139E-36
0
0
0
0
0
0
0
0
0
0
0
0
0
0
0
0
0
0
0
0
0
0
0
0
0
0
0
0
0
0
0
0
0
0
0
0
0
0
0
0
0
0
0
0
0
0
0
0
0
0
0
0
0
0
0
0
0
0
0
0
0
0
0
0
0
0
0
0
0
0
0
0
0
0
0
0
0
0
0
0
0
0
0
0
0
0
0
0
0
0
0
0
0
0
0
0
0
0
0
0
0
0
0
0
0
0
0
0
0
0
0
0
0
0
0
0
0
0
0
0
0
0
0
0
0
0
0
0
0
0
0
0
0
0
0
0
0
0
0
0
0
0
0
0
0
0
0
0
0
0
0
0
0
0
0
0
0
0
0
0
0
0
0
0
0
0
0
0
0
0
0
0
0
0
0
0
0
0
0
0
0
0
0
0
0
0
0
0
0
0
0
0
0
0
0
0
0
0
0
0
0
0
0
0
0
0
0
0
0
0
0
0
0
0
0
0
0
0
0
0
0
0
0
0
0
0
0
0
0
0
0
0
0
0
0
0
0
0
0
0
0
0
0
0
0
0
0
0
0
0
0
0
0
0
0
0
0
0
0
0
0
0
0
0
0
0
0
0
0
0
0
0
0
0
0
0
0
0
0
0
0
0
0
0
0
0
""
