0
0
0
0
0
0
0
0
0
0
0
0
0
0
0
0
0
0
0
0
0
0
0
0
0
0
0
0
0
0
0
0
0
0
0
0
0
0
0
0
0
0
0
0
0
0
0
0
0
0
0
0
0
0
0
0
0
0
0
0
0
0
0
0
0
0
0
0
0
0
0
0
0
0
0
0
0
0
0
0
0
0
0
0
0
0
0
0
0
0
0
0
0
0
0
0
0
0
0
0
0
0
0
0
0
0
0
0
0
0
0
0
0
0
0
0
0
0
0
0
0
0
0
0
0
0
0
0
0
0
0
0
0
0
0
0
0
0
0
0
0
0
0
0
0
0
0
0
0
0
0
0
0
0
0
0
0
0
0
0
0
0
0
0
0
0
0
0
0
0
0
0
0
0
0
0
0
0
0
0
0
0
0
0
0
0
0
0
0
0
0
0
0
0
0
0
0
0
0
0
0
0
0
0
0
0
0
0
0
0
0
0
0
0
0
0
0
0
0
0
0
0
0
0
0
0
0
0
0
0
0
0
0
0
0
0
0
0
0
0
0
0
0
0
0
0
0
0
0
0
0
0
0
0
0
0
0
0
0
0
0
0
0
0
0
0
0
0
0
0
0
0
0
0
0
0
0
0
0
0
0
0
0
0
0
0
0
0
0
0
0
0
0
0
0
0
0
0
0
0
0
0
0
0
0
0
0
0
0
0
0
0
0
0
0
0
0
0
0
0
0
0
0
0
0
0
0
0
0
0
0
0
0
0
0
0
0
0
0
0
0
0
0
0
0
0
0
0
0
0
0
0
0
0
0
0
0
0
0
0
0
0
0
0
0
0
0
0
0
0
0
0
0
0
0
0
0
0
0
0
0
0
0
0
0
0
0
0
0
0
0
0
0
0
0
0
0
0
0
0
0
0
0
0
0
0
0
0
0
0
0
0
0
0
0
0
0
0
0
0
0
0
0
0
0
0
0
0
0
0
0
0
0
0
0
0
0
0
0
0
0
0
1.20361281424481E-256
9.11417214961641E-28
1.46208292637054E-15
4.24319540079347E-11
8.05660468664655E-09
1.85600296677878E-07
1.2870501233295E-06
6.32705649194649E-06
1.31886835475726E-05
2.56170801812829E-05
5.93363986120449E-05
1.59170626376833E-04
2.65970444887753E-04
4.06387226569121E-04
5.5991684729129E-04
5.59460511768739E-04
7.24189358679697E-04
9.07697213803754E-04
1.13201486047727E-03
1.86072348326517E-03
2.29823704634636E-03
2.19807418854361E-03
2.79638150488581E-03
3.20575598282663E-03
3.6356123253823E-03
3.94077692854508E-03
4.94843400797327E-03
5.11803424364715E-03
5.52377414025643E-03
6.24141407739076E-03
6.66148157856238E-03
7.19696460827333E-03
8.94207278670902E-03
9.57892533824342E-03
8.08696988392825E-03
8.92617604661748E-03
9.80879660863259E-03
7.09571948110631E-03
8.05788744350392E-03
7.46705385246756E-03
8.47220875767902E-03
9.76027812705239E-03
0.011129381785719
1.11278978486456E-02
1.15903459666838E-02
0.011528696727975
1.19706760101493E-02
1.26942357507191E-02
1.78187932329609E-02
1.69180790867654E-02
1.71645161973338E-02
1.67454976557371E-02
1.92528507784607E-02
2.76882454800617E-02
3.30579106637806E-02
3.10883727353461E-02
3.15576694329214E-02
0.032385014294931
3.32087843533349E-02
3.28278444599835E-02
3.27954322897705E-02
3.98525478109091E-02
3.73239916847851E-02
3.15701808004842E-02
3.13522825650866E-02
2.97216260882487E-02
3.03271966016808E-02
4.47288331851223E-02
0.041229635206966
4.25028786320482E-02
4.27833295307648E-02
4.35536232189771E-02
4.17124901659577E-02
4.24291824882954E-02
4.31417103676198E-02
4.38500644988031E-02
4.39973100136516E-02
3.45063474116623E-02
4.59500261013016E-02
3.14831049264129E-02
5.67948709644627E-02
5.88150609728029E-02
3.77357937105785E-02
3.82588201847427E-02
4.19059192992203E-02
5.38724154083312E-02
5.84286204782179E-02
5.91773425046222E-02
6.25552549876558E-02
6.53268553242923E-02
5.86965657559643E-02
4.30097410192309E-02
4.42025013502702E-02
4.82022021670646E-02
0.050864407152252
5.28557277512041E-02
3.97117735970597E-02
4.01360959874694E-02
4.12950485920719E-02
4.09764040004959E-02
3.98872259527741E-02
4.18056451920331E-02
0.042983700053664
4.33988574844535E-02
4.30288840757003E-02
4.18518447497604E-02
4.38307116143045E-02
0.045031684125653
4.29990660952871E-02
4.82867743213693E-02
5.03547464409946E-02
5.16154018031998E-02
3.69369669835904E-02
3.89343027371233E-02
3.83971806991035E-02
3.52638958898552E-02
3.55417114625464E-02
0.047174332811657
8.27461656177988E-02
5.41015049340585E-02
5.89705730723269E-02
6.03019628493992E-02
6.43627286138028E-02
6.48199928925724E-02
6.61932295371411E-02
2.03653049987086E-02
1.95718644310792E-02
1.97031256598324E-02
1.98333946571929E-02
1.99626730292033E-02
1.91342498424052E-02
2.02182640850383E-02
1.93757902347328E-02
1.94951530848152E-02
1.86329004917329E-02
1.57848565145389E-02
1.48857208845202E-02
1.59706018076669E-02
1.50584587725077E-02
1.31246097218144E-02
0.013197951020254
1.32706888349487E-02
1.23164527495669E-02
1.23824829915059E-02
1.24479578961884E-02
1.14701381632956E-02
1.25772438042811E-02
1.47478984479791E-02
1.58803931177426E-02
1.80866120962994E-02
1.81746627066836E-02
1.82619312892755E-02
1.83484184103985E-02
1.73497643406732E-02
1.52509826923061E-02
1.31316679804724E-02
1.31905148929539E-02
1.32488119344115E-02
0.01219767945693
0.012250111133687
1.23020395543337E-02
1.01073804193203E-02
9.02137277613426E-03
9.0580418899158E-03
1.02311388434934E-02
1.02715696810104E-02
1.03115897855086E-02
1.03511992950164E-02
9.23590963471363E-03
9.2703884790104E-03
9.30450267359309E-03
9.33825231226638E-03
9.37163748217035E-03
0.010580240546995
1.06169790737184E-02
1.06533078245852E-02
1.06892268700125E-02
1.19163736378726E-02
1.19553734386411E-02
1.19939182046276E-02
8.42240559116605E-03
9.6557142658893E-03
9.6854582233411E-03
9.71483828943283E-03
9.74385448700178E-03
8.55094348037937E-03
9.80079534725744E-03
9.8287200354525E-03
9.85628090646469E-03
9.88347796393489E-03
9.91031120813791E-03
8.69468305661597E-03
7.47216468143135E-03
7.49147101239746E-03
8.76225520474193E-03
8.78414251993284E-03
8.80571144526613E-03
7.56596739761835E-03
6.3199243264101E-03
6.33464835988505E-03
6.34914491574601E-03
6.36341397678846E-03
5.10196441976329E-03
5.11301563212217E-03
3.84291360169924E-03
5.13457191323717E-03
3.85880771056409E-03
3.86654991493752E-03
3.87415553395914E-03
3.88162455315851E-03
3.88895695772012E-03
3.8961527325189E-03
2.60214124143653E-03
2.60675622065768E-03
2.61128008210959E-03
3.92356922266234E-03
3.93008161330923E-03
3.93645727881909E-03
5.25692827042774E-03
5.26506449184914E-03
5.27301834741511E-03
5.28078981518291E-03
6.61047359155443E-03
6.61973187469511E-03
0.005303009672981
5.31005137131246E-03
5.31691057330973E-03
5.32358725772763E-03
5.33008140354601E-03
5.33639298999835E-03
4.00689149744954E-03
4.01135130237896E-03
4.01567414240455E-03
4.01986000291305E-03
4.02390886957848E-03
4.02782072837959E-03
4.03159556561669E-03
4.0352333679278E-03
4.03873412230423E-03
4.04209781610552E-03
2.69688295804917E-03
2.69894264889819E-03
2.70091094231589E-03
1.35139391547435E-03
2.70457330773229E-03
2.70626736589908E-03
2.7078699989855E-03
4.06407180125804E-03
4.06620144843451E-03
4.06819393173893E-03
5.42673232452782E-03
5.42902316817476E-03
5.43113109757178E-03
4.0747920782888E-03
4.07609863573222E-03
4.07726799030762E-03
2.71886675823066E-03
2.71946338181024E-03
4.07995279282488E-03
4.0805732946283E-03
5.44140876750266E-03
5.44187017849646E-03
5.44214862395691E-03
6.80280512844934E-03
6.80269576814803E-03
6.80235769948401E-03
6.80179092382264E-03
6.80099544345149E-03
6.79997126157811E-03
6.79871838232695E-03
5.43778944858824E-03
6.79552655274842E-03
5.43487009217093E-03
5.43313600469901E-03
5.43121898668742E-03
4.07183928430795E-03
4.07012714262912E-03
4.06827782172241E-03
4.06629132884002E-03
4.06416767173565E-03
4.06190685865665E-03
4.05950889833554E-03
4.05697379998099E-03
4.05430157326824E-03
2.70099481888596E-03
4.04854577574038E-03
4.04546222651424E-03
2.6948277280564E-03
2.69258925619701E-03
2.69025941025857E-03
2.68783819865714E-03
2.68532563005463E-03
4.02408257002347E-03
5.36005291532738E-03
5.35447974467428E-03
5.34872393382269E-03
6.67848187780092E-03
6.67083058719567E-03
6.66295107066655E-03
6.65484335380398E-03
7.9758089550618E-03
7.96553210780541E-03
6.62915126220796E-03
6.62013100645288E-03
6.61088268290502E-03
6.60140631873233E-03
6.59170194123131E-03
6.58176957778535E-03
6.57160925582196E-03
5.24897680221494E-03
6.55060484600773E-03
6.53976081282943E-03
6.52868893038421E-03
6.51738922563347E-03
5.20468938023911E-03
5.19528516464844E-03
5.18569875460287E-03
5.17593017065079E-03
6.45747429121991E-03
5.15584656135127E-03
5.14553157509186E-03
5.13503449300631E-03
5.12435533334718E-03
6.39186764220012E-03
8.92928898965534E-03
1.01824511240717E-02
8.88968195793965E-03
1.01364579296946E-02
8.84880094934803E-03
8.82788276304806E-03
1.13228307647317E-02
1.00401041487459E-02
1.00151059650371E-02
8.74102593297491E-03
8.71851578352527E-03
8.69568728141763E-03
8.67254043457971E-03
7.41349307004423E-03
9.8574762577449E-03
8.60118986589045E-03
6.12626404744398E-03
7.33031238942191E-03
7.30883504594068E-03
6.07257067967764E-03
7.26506168456945E-03
7.2427656358207E-03
8.42356275732015E-03
8.39691381770507E-03
8.36994639130382E-03
5.95904317301581E-03
5.93932566439421E-03
5.91938057871893E-03
0.005899207880538
5.87880753088705E-03
5.85817948716479E-03
5.83732370300595E-03
8.14273617941274E-03
8.11290019164672E-03
6.92806726207699E-03
6.9019465147774E-03
6.87555212747451E-03
7.99036468307723E-03
7.95893242991566E-03
7.92718060869164E-03
7.89510909850406E-03
6.73947237532773E-03
6.71143413534633E-03
6.68312152740775E-03
6.65453442195158E-03
6.62567268245785E-03
8.79538155366722E-03
8.75616629239689E-03
0.008716584248014
9.76121459855633E-03
8.63631891207723E-03
7.52118075166646E-03
6.41593773168563E-03
6.38487310390298E-03
7.41245431138622E-03
6.32191500332187E-03
6.29002108653708E-03
5.21487523370006E-03
5.18783528267946E-03
6.19267700711533E-03
6.15967401823472E-03
6.12639309628431E-03
6.09283395436447E-03
8.07866172631829E-03
1.00414663476795E-02
1.09825543224544E-02
1.09189832857767E-02
1.08548992429716E-02
1.17712380465623E-02
1.07251895112413E-02
0.010659562452282
1.05934196463558E-02
1.05267603505615E-02
9.50871254380452E-03
9.44717199850219E-03
1.03236757356988E-02
1.02549425700539E-02
1.01856888361475E-02
1.01159136433378E-02
1.00456160753641E-02
9.97479519012824E-03
9.00313638136975E-03
8.93779960836265E-03
8.8719843805577E-03
7.92512077156231E-03
8.73891472947172E-03
9.53882416378862E-03
1.11850953842243E-02
0.011096406449669
0.011853786682938
1.42762567508407E-02
1.33249903275548E-02
1.40385183087525E-02
0.01391840303366
1.37974543872082E-02
1.36756703239513E-02
2.31199067168131E-02
2.29092964939236E-02
2.50452417661265E-02
2.32590668160002E-02
2.22688354682814E-02
2.50941777229199E-02
2.48463053874497E-02
3.95039155553402E-02
3.39362769754597E-02
3.28537338699215E-02
3.25066605134339E-02
3.28719125582917E-02
2.47377384000942E-02
0.017473182376542
0.017966285292094
0.016393042339702
1.89006872237318E-02
1.86747172936625E-02
1.58119739598364E-02
1.56158065798112E-02
1.86305615790682E-02
1.83905181170488E-02
1.81489664711455E-02
2.03756840012807E-02
2.00973741824995E-02
2.22194424217686E-02
2.13115432099239E-02
1.86686982372597E-02
1.78173731143521E-02
1.69817627501666E-02
1.89485805460298E-02
1.64553392298292E-02
1.45707973645295E-02
1.43303806642333E-02
1.35667598531903E-02
1.53837047794994E-02
1.56156341806657E-02
1.48385582579123E-02
1.74764106672798E-02
1.66684765125735E-02
1.58772515894188E-02
1.55605656376159E-02
1.38972942095329E-02
1.36054945672755E-02
1.28827704560665E-02
1.17576716998301E-02
1.23108380128973E-02
1.24235570768679E-02
1.25156430449424E-02
1.10613047506188E-02
1.07790865226951E-02
1.01337706713991E-02
1.05632769674321E-02
1.16368771152064E-02
1.13008545459556E-02
1.12861887458379E-02
1.06255810369854E-02
1.02865177616404E-02
1.02391943245873E-02
1.07362147844635E-02
1.00824730619477E-02
9.44836920155406E-03
8.83410839360563E-03
8.96694332165831E-03
8.36282835125003E-03
7.55692634648005E-03
7.64072257177521E-03
6.47193642059429E-03
6.1532313174432E-03
6.20069442872523E-03
5.69293979684832E-03
4.88160252607423E-03
4.89620861421476E-03
4.58837683589616E-03
4.28404363499089E-03
3.6102755446536E-03
3.57284359499184E-03
3.29154496253797E-03
2.62687882959003E-03
2.39262324295809E-03
2.16475756036488E-03
1.94402812763038E-03
1.73123170168888E-03
1.6403391583059E-03
1.43158542523193E-03
1.27675345473785E-03
1.15770658289355E-03
9.98551751354865E-04
7.69859734995515E-04
5.78090383896383E-04
4.67559344577131E-04
3.66023787710344E-04
2.66908968055668E-04
1.79732387846252E-04
1.17968704412201E-04
6.95041677522758E-05
3.84869178194774E-05
2.00574629531922E-05
6.62558553311751E-06
2.11971822257306E-06
3.94476129125159E-07
5.35274520569918E-08
2.22608082958351E-09
1.3716570349327E-11
9.17974099471526E-16
3.822823696283E-27
1.15177295628823E-185
0
0
0
0
0
0
0
0
0
0
0
0
0
0
0
0
0
0
0
0
0
0
0
0
0
0
0
0
0
0
0
0
0
0
0
0
0
0
0
0
0
0
0
0
0
0
0
0
0
0
0
0
0
0
0
0
0
0
0
0
0
0
0
0
0
0
0
0
0
0
0
0
0
0
0
0
0
0
0
0
0
0
0
0
0
0
0
0
0
0
0
0
0
0
0
0
0
0
0
0
0
0
0
0
0
0
0
0
0
0
0
0
0
0
0
0
0
0
0
0
0
0
0
0
0
0
0
0
0
0
0
0
0
0
0
0
0
0
0
0
0
0
0
0
0
0
0
0
0
0
0
0
0
0
0
0
0
0
0
0
0
0
0
0
0
0
0
0
0
0
0
0
0
0
0
0
0
0
0
0
0
0
0
0
0
0
0
0
0
0
0
0
0
0
0
0
0
0
0
0
0
0
0
0
0
0
0
0
0
0
0
0
0
0
0
0
0
0
0
0
0
0
0
0
0
0
0
0
0
0
0
0
0
0
0
0
0
0
0
0
0
0
0
0
0
0
0
0
0
0
0
0
0
0
0
0
0
0
0
0
0
0
0
0
0
0
0
0
0
0
0
0
0
0
0
0
0
0
0
0
0
0
0
0
0
0
0
0
0
0
0
0
0
0
0
0
0
0
0
0
0
0
0
0
0
0
0
0
0
0
0
0
0
0
0
0
0
0
0
0
0
0
0
0
0
0
0
0
0
0
0
0
0
0
0
0
0
0
0
0
0
0
0
0
0
0
0
0
0
0
0
0
0
0
0
0
0
0
0
0
0
0
0
0
0
0
0
0
0
0
0
0
0
0
0
0
0
0
0
0
0
0
0
0
0
0
0
0
0
0
0
0
0
0
0
0
0
0
0
0
0
0
0
0
0
0
0
0
0
0
0
0
0
0
0
0
0
0
0
0
0
0
0
0
0
0
0
0
0
0
0
0
0
0
0
0
0
0
0
0
0
0
0
0
0
0
0
0
0
0
0
0
0
0
0
0
0
0
0
0
0
0
0
0
0
0
0
0
0
0
0
""
