0
0
0
0
0
0
0
0
0
0
0
0
0
0
0
0
0
0
0
0
0
0
0
0
0
0
0
0
0
0
0
0
0
0
0
0
0
0
0
0
0
0
0
0
0
0
0
0
0
0
0
0
0
0
0
0
0
0
0
0
0
0
0
0
0
0
0
0
0
0
0
0
0
0
0
0
0
0
0
0
0
0
0
0
0
0
0
0
0
0
0
0
0
0
0
0
0
0
0
0
0
0
0
0
0
0
0
0
0
0
0
0
0
0
0
0
0
0
0
0
0
0
0
0
0
0
0
0
0
0
0
0
0
0
0
0
0
0
0
0
0
0
0
0
0
0
0
0
0
0
0
0
0
0
0
0
0
0
0
0
0
0
0
0
0
0
0
0
0
0
0
0
0
0
0
0
0
0
0
0
0
0
0
0
0
0
0
0
0
0
0
0
0
0
0
0
0
0
0
0
0
0
0
0
0
0
0
0
0
0
0
0
0
0
0
0
0
0
0
0
0
0
0
0
0
0
0
0
0
0
0
0
0
0
0
0
0
0
0
0
0
0
0
0
0
0
0
0
0
0
0
0
0
0
0
0
0
0
0
0
0
0
0
0
0
0
0
0
0
0
0
0
0
0
0
0
0
0
0
0
0
0
0
0
0
0
0
0
0
0
0
0
0
0
0
0
0
0
0
0
0
0
0
0
0
0
0
0
0
0
0
0
0
0
0
0
0
0
0
0
0
0
0
0
0
0
0
0
0
0
0
0
0
0
0
0
0
0
0
0
0
0
0
0
0
0
0
0
0
0
0
0
0
0
0
0
0
0
0
0
0
0
0
0
0
0
0
0
0
0
0
0
0
0
0
0
0
0
0
0
0
0
0
0
0
0
0
0
0
0
0
0
0
0
0
0
0
0
0
0
0
0
0
0
0
0
0
0
0
0
0
0
0
0
0
0
0
0
0
0
0
0
0
0
0
0
0
0
0
0
0
0
0
0
0
0
0
0
0
0
0
0
0
0
0
0
0
0
0
4.91649335242286E-80
3.09744661085913E-23
1.82992413982465E-14
1.13736450776881E-10
1.43381702987513E-08
2.36794267751372E-07
1.58913123694559E-06
6.17976110695004E-06
2.16446216906907E-05
5.0035958497283E-05
1.01729935432172E-04
1.8167827291907E-04
2.93407666944881E-04
4.41917692230452E-04
6.36527824951953E-04
7.85506901153646E-04
9.96533655325364E-04
1.25576898782294E-03
1.56183705412507E-03
1.90147897154784E-03
2.30089364028263E-03
2.70784660200028E-03
3.29522059039895E-03
3.78047083449044E-03
4.2921693430352E-03
4.82843157605721E-03
5.3874382827885E-03
5.55590250754382E-03
3.92499623170009E-03
2.97268711178558E-03
2.6956942259343E-03
2.82200574228672E-03
2.93782354033039E-03
3.15498696581291E-03
3.49639911576828E-03
3.72861042891938E-03
3.82729756365271E-03
4.34714429121086E-03
4.5963123521633E-03
4.20153536422756E-03
4.2514569404887E-03
4.82180758862657E-03
5.05365479201021E-03
5.48276149401811E-03
5.52153519014919E-03
5.75727257341044E-03
6.43803167435659E-03
6.69329089232211E-03
7.18902865274999E-03
6.21226776369193E-03
6.43422105113477E-03
6.6566346777649E-03
6.87943228850333E-03
1.02276620406371E-02
1.08423340351074E-02
1.14751581896982E-02
1.15042188370201E-02
1.08757468483388E-02
1.01936093770693E-02
8.10663873537366E-03
6.93449445799659E-03
6.75770817578129E-03
6.9275429036744E-03
7.47078705125301E-03
8.03172417388865E-03
8.21892593674245E-03
8.80618933096277E-03
9.82016933148569E-03
9.61523284085066E-03
9.81916098586943E-03
1.00227599769189E-02
9.78140178389504E-03
1.04288961855928E-02
1.15558684437203E-02
1.13045254645319E-02
1.15149862462788E-02
1.17250014342058E-02
1.14372839991817E-02
1.26496255518031E-02
0.011837562380552
1.20369933850854E-02
1.22359378651798E-02
1.29750111667651E-02
0.013181558894988
1.39453841626412E-02
1.47257844180857E-02
1.66725097945781E-02
1.69194248336843E-02
1.65737300105687E-02
1.50096318607955E-02
1.70471609465994E-02
0.016665597335345
1.56409125855072E-02
1.58500845559293E-02
1.60586181230152E-02
1.56158468081346E-02
1.71326953087255E-02
0.017347540651461
1.75616976095251E-02
1.77751605779543E-02
1.72960808932761E-02
0.017499983654813
1.84113320879341E-02
1.86219664297447E-02
0.018831881203315
1.68440249777823E-02
0.01702843338155
1.64638368772873E-02
1.58826654714069E-02
1.52850010050855E-02
1.54430800449894E-02
1.63806111584235E-02
0.016545379167478
1.67095349163234E-02
1.68730753065464E-02
1.78472352624461E-02
1.88362310283556E-02
1.73599741658944E-02
1.75210232154271E-02
1.76814421968181E-02
1.86908106052547E-02
1.80003787748683E-02
1.72941817895135E-02
1.57000816506538E-02
1.67145617091491E-02
0.015081890201247
1.52081209128533E-02
1.62358138783138E-02
1.72777037174942E-02
1.74170098734328E-02
1.66317345055052E-02
1.39688140547405E-02
1.50158667840107E-02
1.51311575389869E-02
1.42930675904056E-02
1.44001956043856E-02
1.45068425499804E-02
1.46130067555673E-02
1.47186865621544E-02
1.38356216347143E-02
1.49285864027154E-02
1.60349900562931E-02
1.81638348422616E-02
1.72717306891251E-02
1.84110019180316E-02
0.017504044480602
1.86557896741154E-02
1.77341040082631E-02
1.67983849421743E-02
1.69053130747993E-02
1.59484726676994E-02
1.60477093359445E-02
1.61464394931786E-02
1.62446616284504E-02
1.63423742388944E-02
1.64395758295993E-02
1.76386825743875E-02
1.77412693452912E-02
1.78433062944456E-02
1.79447918600549E-02
1.69178667077638E-02
1.70119712185966E-02
1.59651841620084E-02
1.37588919961008E-02
0.013832921118867
1.39065297994765E-02
1.51446933163409E-02
1.52235214275853E-02
1.41248219114521E-02
1.77459219686693E-02
1.66462650671039E-02
1.67291712998311E-02
1.92132319119484E-02
1.81001610682913E-02
1.81873792028895E-02
1.94923285031635E-02
1.83601960323103E-02
1.72160725793435E-02
1.48246757555169E-02
1.24102350976314E-02
0.012466209727616
1.25218194816403E-02
1.38347698425739E-02
1.26319409007937E-02
1.26864508474514E-02
1.91108887218668E-02
2.17504204236056E-02
2.44107581106945E-02
2.32214383058226E-02
2.59069180380236E-02
2.47109183118616E-02
2.61153212382026E-02
2.62184012382167E-02
2.63207313351145E-02
2.77434254099492E-02
2.78492921396586E-02
2.66232061114625E-02
2.67225205513511E-02
0.024138969405434
0.024226986821071
2.29635238264366E-02
2.30453563916048E-02
2.31265395023658E-02
0.025937315614747
2.87662350683363E-02
2.74896226173443E-02
2.62029577600346E-02
2.62900410498749E-02
2.08234657597252E-02
2.08910550900916E-02
2.09580624730293E-02
2.10244868330993E-02
2.10903271032279E-02
1.97452100764337E-02
2.26349345572842E-02
2.97980659614697E-02
2.84637683174302E-02
2.85476404642795E-02
3.00622618016792E-02
0.028713022157738
2.59150761268171E-02
2.31001958574241E-02
2.31641345804828E-02
2.32274383559659E-02
2.47457377910575E-02
2.48116455235869E-02
2.34135297686975E-02
2.49414262966502E-02
2.79470968981721E-02
3.24415715702645E-02
3.54790517075441E-02
3.40844031446577E-02
3.56526499497066E-02
3.87161655805077E-02
3.73149786075594E-02
3.29136408023624E-02
3.29892100450953E-02
3.60696956337606E-02
3.91627037869827E-02
4.07584184073576E-02
3.78210893204871E-02
3.79018836567271E-02
3.79816579833006E-02
3.95828274271416E-02
3.81381413731738E-02
3.66862539450417E-02
0.036758908014714
3.98997914564017E-02
0.038438811359536
3.85114097668102E-02
3.70396589905255E-02
3.86535152214846E-02
0.038723019919281
3.72398314160627E-02
0.040413284605443
4.67103937712944E-02
5.30273409438833E-02
7.49856338010774E-02
7.82366085566856E-02
9.56005440520661E-02
9.41802150220304E-02
9.43246068386959E-02
7.08498713015728E-02
6.30705849021037E-02
6.47408801052035E-02
5.37636984161722E-02
5.54218965721065E-02
7.29393643131244E-02
8.25631038914084E-02
8.74403009596105E-02
6.84496913749931E-02
6.69413163718924E-02
0.068618813276558
6.39075889252991E-02
6.23824865745343E-02
7.84671284423189E-02
0.07855419241339
9.46879999639452E-02
9.47878455467566E-02
9.00605243824928E-02
9.81997103234185E-02
9.66837976622356E-02
0.100001012488598
0.101707204849225
0.100181966231419
0.105120196761584
0.1019709776935
0.10043365094563
0.116723931804457
8.27419561511508E-02
8.60494383276861E-02
0.116979460749197
0.105677815855517
0.105746403531276
0.102556458897062
0.130308015566534
0.086378202954535
0.122299645751129
0.120731278762617
0.12568732108538
0.137176976366069
0.135603148043829
0.137293273814059
0.140616177795402
0.140666515268698
9.32633820115936E-02
7.36514737240629E-02
6.87605663184228E-02
7.53282407554367E-02
7.69832617799139E-02
7.53604292483204E-02
9.17591264149484E-02
0.106521910206295
6.39209440789615E-02
6.22879153909145E-02
7.04886066494511E-02
6.22949703842147E-02
0.054099205988564
5.57380896935765E-02
5.73754449969897E-02
5.90111433788528E-02
6.06450563497272E-02
6.06381855739114E-02
5.57138055730081E-02
0.058981318591794
5.56938953790179E-02
0.055681755879639
5.40308615414394E-02
4.09214037476421E-02
4.09092663933833E-02
4.08960590060084E-02
4.08817818075459E-02
0.034327805431909
3.59480166806422E-02
3.59326297750622E-02
2.93860655797494E-02
3.10037118343256E-02
3.42498805148282E-02
3.26015273022873E-02
3.25832668696621E-02
3.41923604740279E-02
3.90530226137331E-02
0.034149533504061
3.41267769920826E-02
3.41031256329581E-02
3.24557903081006E-02
3.24315618813994E-02
3.40268065155031E-02
2.91424970444175E-02
2.91183947492948E-02
2.90935276747327E-02
2.90678962374058E-02
2.90415008666921E-02
3.06262498938038E-02
2.89864201060319E-02
2.89577356382041E-02
0.030535416252368
2.72926319872001E-02
0.027263383255911
3.04373475234371E-02
3.04030526695349E-02
3.03679561208899E-02
0.028735634334086
3.02953602975765E-02
3.18503812999426E-02
3.34005717333452E-02
3.33573604033652E-02
3.33132670955525E-02
0.033268292544893
3.32224375007766E-02
2.52767258872129E-02
2.52404487631014E-02
2.67787214756717E-02
2.51658879085503E-02
2.35571300795818E-02
2.35206147474948E-02
2.50490394929886E-02
2.65718046982907E-02
2.80887862608363E-02
0.028041972875959
3.11049029501957E-02
3.26037907846157E-02
0.034096400398092
3.24884687405438E-02
3.08852437320541E-02
2.77454370223187E-02
2.46163668966371E-02
2.45694643801628E-02
2.45219039116656E-02
0.024473686276154
2.59513630358442E-02
2.58987378645588E-02
2.73657356699849E-02
3.18599664169575E-02
3.63341531915311E-02
3.47452737560931E-02
3.46693810075005E-02
3.45925531427159E-02
3.15135052122054E-02
3.29388755095979E-02
3.43564715351317E-02
3.12954015302818E-02
3.27077172995695E-02
3.41120201498144E-02
3.40286825916284E-02
3.39444204091593E-02
3.68035162803801E-02
3.96467151115165E-02
3.95445521054145E-02
4.23628887639767E-02
4.66216191539775E-02
4.50436849850072E-02
4.20232859058953E-02
0.053468546329397
5.18786362118632E-02
5.31694082450676E-02
0.106035290358253
0.108586381758467
0.108268661872138
8.66424371569491E-02
0.104792047296228
8.89440614940018E-02
8.30409158192773E-02
8.27827091819584E-02
8.25222037354685E-02
9.06247667506575E-02
0.107009527386994
9.69641620290513E-02
8.14572780746581E-02
8.11853420315643E-02
7.81683825233461E-02
8.06346547232975E-02
8.17178768672329E-02
7.87177079594462E-02
7.97916519040411E-02
8.62439517402035E-02
8.59318103641824E-02
8.96305451228798E-02
9.06315018504994E-02
6.50634365602503E-02
5.55574532493828E-02
5.27092037307274E-02
5.25050431187684E-02
4.70694434617709E-02
4.68830002408499E-02
4.79923013053113E-02
0.049089753155226
0.050175247179047
5.25298919932857E-02
5.23099290554698E-02
5.97111516174319E-02
5.81905189318671E-02
5.03814301344245E-02
4.38908237821899E-02
4.61935645272335E-02
0.047229796470447
9.27950711359694E-02
9.85287605944355E-02
9.80732116458531E-02
9.88349540554601E-02
0.102011113132716
9.06461566096292E-02
9.62221545369331E-02
9.69491133959134E-02
0.103616357995021
8.53233826521667E-02
0.102578725309406
0.102055279827401
9.68607700657524E-02
0.066171870577349
6.12037442978237E-02
0.066620550333102
6.39765142434105E-02
6.70364166584064E-02
6.89268503331697E-02
5.95535344374298E-02
4.24581687180064E-02
3.77724486430545E-02
3.86593941266844E-02
3.95323043587364E-02
4.03910800866856E-02
3.90653265517655E-02
3.77513886700801E-02
0.038593452543548
4.04865600594588E-02
4.34106988847365E-02
0.041032901453295
4.39076537257047E-02
4.15472632843603E-02
3.40530150707197E-02
3.48535471269425E-02
3.36027788488321E-02
3.33760266916147E-02
3.51571710245502E-02
3.49143791403292E-02
3.66516125356426E-02
3.93432802917374E-02
3.90618981041193E-02
2.52064947690253E-02
2.50219180621611E-02
2.19707557828969E-02
2.37021760641153E-02
2.35222987563511E-02
2.42752922973117E-02
2.31601642928744E-02
2.20587963884365E-02
2.37066710061278E-02
2.35154986898233E-02
2.42205738628837E-02
2.49100113052334E-02
2.47015240666958E-02
2.44921738854092E-02
2.42819642483215E-02
1.97725239194346E-02
1.87463420316445E-02
0.021112691176555
0.020921966432969
0.021559710111777
1.97167360574175E-02
1.95314866183732E-02
1.69273351589558E-02
1.59657144057662E-02
0.012647656165001
1.33049156269988E-02
1.23964260142226E-02
1.30369983050676E-02
1.13843869991063E-02
1.12651113726674E-02
1.11454093552277E-02
9.55524564737893E-03
8.72378894198266E-03
8.62701614917367E-03
9.24073639758035E-03
9.13518045147921E-03
9.02926878006708E-03
8.92300391155433E-03
9.49457217728122E-03
1.07192924086825E-02
9.92551912971264E-03
9.8013066996298E-03
1.09669297976316E-02
1.01884915842315E-02
1.00547569750956E-02
9.92061651764126E-03
1.03977040877242E-02
0.010254331067225
1.01105408495078E-02
9.96633850219363E-03
1.03994780973244E-02
1.02459375647857E-02
1.00919782303559E-02
9.38551725190996E-03
9.78282909683716E-03
9.62765306339232E-03
9.99831279528417E-03
9.83369817287089E-03
1.01775657501215E-02
1.10038092206641E-02
1.03204110354283E-02
9.65407632793139E-03
9.47881453634543E-03
8.37287052143558E-03
8.21449240262923E-03
8.9509008897773E-03
8.77426502944753E-03
8.5973213151403E-03
7.99908152213479E-03
7.83044683292604E-03
7.25832802392498E-03
7.09812459987445E-03
6.55229715077739E-03
6.40064476365471E-03
5.88126798189134E-03
5.73828328109685E-03
5.59520373086883E-03
5.45205244478846E-03
6.30426435287013E-03
2.77652910005119E-02
2.19731092933532E-02
2.13467325181277E-02
4.73615293583884E-03
3.73194228456638E-03
3.89402267375432E-03
4.03842152274392E-03
3.64456567958453E-03
3.5201811438884E-03
3.15350731315752E-03
3.03858769124805E-03
2.92402947326777E-03
2.59374027113658E-03
3.11101391644577E-03
3.17916471566278E-03
3.04065195939464E-03
2.72152999000762E-03
2.59331334640768E-03
2.63046277949345E-03
2.49586369399672E-03
2.3625257765184E-03
2.23058132003295E-03
2.36269529847419E-03
2.21788994102215E-03
2.19046433005307E-03
2.14973315308579E-03
1.79685977586913E-03
1.47707948838205E-03
1.35962660918332E-03
1.16727627585837E-03
1.06288674767738E-03
9.61743726466776E-04
7.48909269662692E-04
7.18973310943037E-04
7.26037764627127E-04
7.14531836757142E-04
5.49341048108952E-04
4.39686453007592E-04
3.94465332450768E-04
3.26078593438388E-04
2.64148835608137E-04
2.08940395840516E-04
1.70690071367874E-04
1.19377194352209E-04
6.38238422772706E-05
5.04249766506969E-05
3.65912155897982E-05
2.40697709980469E-05
1.26349677050054E-05
5.7373969976269E-06
2.01175529046761E-06
5.58060331589133E-07
9.92271958439776E-08
8.01382232233979E-09
1.72340183943142E-10
2.43882943166759E-13
1.76240686344676E-19
2.16338805231615E-43
0
0
0
0
0
0
0
0
0
0
0
0
0
0
0
0
0
0
0
0
0
0
0
0
0
0
0
0
0
0
0
0
0
0
0
0
0
0
0
0
0
0
0
0
0
0
0
0
0
0
0
0
0
0
0
0
0
0
0
0
0
0
0
0
0
0
0
0
0
0
0
0
0
0
0
0
0
0
0
0
0
0
0
0
0
0
0
0
0
0
0
0
0
0
0
0
0
0
0
0
0
0
0
0
0
0
0
0
0
0
0
0
0
0
0
0
0
0
0
0
0
0
0
0
0
0
0
0
0
0
0
0
0
0
0
0
0
0
0
0
0
0
0
0
0
0
0
0
0
0
0
0
0
0
0
0
0
0
0
0
0
0
0
0
0
0
0
0
0
0
0
0
0
0
0
0
0
0
0
0
0
0
0
0
0
0
0
0
0
0
0
0
0
0
0
0
0
0
0
0
0
0
0
0
0
0
0
0
0
0
0
0
0
0
0
0
0
0
0
0
0
0
0
0
0
0
0
0
0
0
0
0
0
0
0
0
0
0
0
0
0
0
0
0
0
0
0
0
0
0
0
0
0
0
0
0
0
0
0
0
0
0
0
0
0
0
0
0
0
0
0
0
0
0
0
0
0
0
0
0
0
0
0
0
0
0
0
0
0
0
0
0
0
0
0
0
0
0
0
0
0
0
0
0
0
0
0
0
0
0
0
0
0
0
0
0
0
0
0
0
0
0
0
0
0
0
0
0
0
0
0
0
0
0
0
0
0
0
0
0
0
0
0
0
0
0
0
0
0
0
0
0
0
0
0
0
""
