0
0
0
0
0
0
0
0
0
0
0
0
0
0
0
0
0
0
0
0
0
0
0
0
0
0
0
0
0
0
0
0
0
0
0
0
0
0
0
0
0
0
0
0
0
0
0
0
0
0
0
0
0
0
0
0
0
0
0
0
0
0
0
0
0
0
0
0
0
0
0
0
0
0
0
0
0
0
0
0
0
0
0
0
0
0
0
0
0
0
0
0
0
0
0
0
0
0
0
0
0
0
0
0
0
0
0
0
0
0
0
0
0
0
0
0
0
0
0
0
0
0
0
0
0
0
0
0
0
0
0
0
0
0
0
0
0
0
0
0
0
0
0
0
0
0
0
0
0
0
0
0
0
0
0
0
0
0
0
0
0
0
0
0
0
0
0
0
0
0
0
0
0
0
0
0
0
0
0
0
0
0
0
0
0
0
0
0
0
0
0
0
0
0
0
0
0
0
0
0
0
0
0
0
0
0
0
0
0
0
0
0
0
0
0
0
0
0
0
0
0
0
0
0
0
0
0
0
0
0
0
0
0
0
0
0
0
0
0
0
0
0
0
0
0
0
0
0
0
0
0
0
0
0
0
0
0
0
0
0
0
0
0
0
0
0
0
0
0
0
0
0
0
0
0
0
0
0
0
0
0
0
0
0
0
0
0
0
0
0
0
0
0
0
0
0
0
0
0
0
0
0
0
0
0
0
0
0
0
0
0
0
0
0
0
0
0
0
0
0
0
0
0
0
0
0
0
0
0
0
0
0
0
0
0
0
0
0
0
0
0
0
0
0
0
0
0
0
0
0
0
0
0
0
0
0
0
0
0
0
0
0
0
0
0
0
0
0
0
0
0
0
0
0
0
0
0
0
0
0
0
0
0
0
0
0
0
0
0
0
0
0
0
0
0
0
0
0
0
6.59658265720652E-32
3.09128424238581E-17
2.73809692201676E-12
6.87661931684468E-10
2.09373802409848E-08
2.1295554117422E-07
1.013899942844E-06
3.59892415224745E-06
8.52681338973975E-06
1.8962579081234E-05
3.50214501068223E-05
6.22206218837117E-05
8.6880776662534E-05
1.21448427656182E-04
1.72864549367101E-04
2.03683479452029E-04
2.90250362891883E-04
3.7846222140198E-04
4.5363224101343E-04
1.1115481686244E-03
1.33632316846247E-03
1.60541894244146E-03
1.84214078067168E-03
2.12016564636408E-03
2.33231239121266E-03
2.62598264469112E-03
3.03455738572418E-03
5.12882998004178E-03
5.7380982981616E-03
6.37864493891192E-03
7.04945436162338E-03
7.83857802413935E-03
8.57521562895249E-03
9.33937110289539E-03
1.01300351723724E-02
1.24388842016231E-02
1.33942648690284E-02
1.43764758997114E-02
1.52306337261885E-02
1.64172661676858E-02
1.74738653496422E-02
1.85533358843402E-02
1.88685800870968E-02
1.70373832518206E-02
1.73168566843121E-02
1.80041836779173E-02
1.86826357084062E-02
1.93510842301809E-02
1.97416731522635E-02
0.021211921947691
1.45793749778159E-02
1.55153618314664E-02
1.45821819508572E-02
1.58364066573318E-02
1.64630725139525E-02
2.60000551590875E-02
3.17747040778296E-02
3.06320120772176E-02
3.17152685645745E-02
3.28072624691936E-02
3.26361002757707E-02
3.37029456612453E-02
3.61321640358908E-02
4.05155388554861E-02
4.22248774962683E-02
4.34759836395345E-02
4.32092088072771E-02
4.44311840461762E-02
0.045122321486373
4.41353985058857E-02
4.87003112626827E-02
4.99606798355603E-02
4.22915723417419E-02
0.027469500295959
2.81370430147539E-02
3.32881221557183E-02
3.40650201566053E-02
2.41231041026013E-02
2.46644239426789E-02
2.52073527547438E-02
2.43211546672488E-02
0.027028213117596
2.60993132822088E-02
2.66326660222029E-02
2.32861870528058E-02
2.45368571877558E-02
2.90465037800282E-02
2.79552030206812E-02
2.51281006405153E-02
2.55906039683725E-02
2.60538160253285E-02
2.56337656241948E-02
2.51833630207831E-02
2.65323209408617E-02
2.60519519935736E-02
2.64869385094906E-02
2.88453571721082E-02
2.93122478728735E-02
2.87868446961546E-02
2.62141167463409E-02
2.96910693321188E-02
3.84590106506615E-02
3.79815216816729E-02
0.085652594413477
8.69021630387943E-02
8.81519961723996E-02
8.94020045837113E-02
9.06521009591353E-02
9.19021998343102E-02
8.84946066527965E-02
9.91221756906286E-02
0.100434267371197
0.101746020824108
0.101830481780538
0.104368190643602
0.105678449691122
0.106988055769843
0.072197955916512
6.78507207097261E-02
9.37472276382851E-02
9.61872605802323E-02
0.135147278222809
0.136699849429375
0.138251050878714
0.139800803708325
0.14134903036527
0.142895654566332
0.144440601259722
0.145983796588281
0.147525167854097
0.149064643484484
0.150602152999261
0.152137626979276
0.153670997036123
0.155202195782995
0.156731156806635
0.158257814640332
0.159782104737916
0.16130396344872
0.162823327993457
0.16434013644098
0.165854327685898
0.167365841426989
0.168874618146405
0.170380599089619
0.171883726246085
0.173383942330597
0.174881190765302
0.134045315903384
0.136957252591499
0.105819199038899
0.104886852145903
0.105746171500509
0.110279566348245
0.113017276564361
0.106445091030191
0.107281909266739
0.10242637921012
0.105126744940098
0.104002377478268
0.098965912326728
0.107525510106688
0.139832586217335
0.148792419316369
0.149871483272156
0.148935000397979
0.147966952621737
0.151049853582346
0.168546386228544
0.169709873370509
0.177121333963115
0.178320368681264
0.179515838571949
0.180707707220264
0.181895938549562
0.189542161409055
0.190764688245393
0.213799627943803
0.219543271362498
0.220919171388015
0.222290545540077
0.223657353979111
0.222769361641708
0.224113344935003
0.227729991814893
0.229078145892792
0.230421540179662
0.231760136848629
0.233093898391363
0.234422787613641
0.235746767631045
0.237065801864797
0.23837985403771
0.237291999288576
0.240992868576874
0.242291759862066
0.243585526917048
0.244874134916176
0.246157549313612
0.247435735840068
0.248708660499644
0.249976289566772
0.25123858958324
0.252495527355312
0.253747069950936
0.254993184697032
0.256233839176859
0.257469001227468
0.258698638937229
0.259922720643423
0.261141214929921
0.26235409062492
0.263561316798751
0.264762862761754
0.265958698062212
0.267148792484349
0.268333116046391
0.269511638998676
0.270684331821828
0.271851165224981
0.273012110144058
0.271425466362701
0.275316219397651
0.276459326723168
0.205421359342201
0.17281105366077
0.279852522069289
0.280971452517323
0.28208426994265
0.283190947252772
0.284291457567339
0.285385774216917
0.286473870741786
0.287555720890779
0.288631298620154
0.289700578092502
0.290763533675682
0.21302870215751
0.202080556449668
0.202800800640265
0.212365160353155
0.168710065111448
0.196024656770883
0.187755777346223
0.191383366032734
0.20402817236212
0.198686255677746
0.214442393504584
0.212111678208853
0.246236101719198
0.304967029750245
0.305932187822494
0.306890639055668
0.307842361172472
0.308787332086432
0.309725529901313
0.298230655594121
0.277307552441031
0.265624378336174
0.266398635041292
0.270310185655912
0.274233813034755
0.27500827736999
0.278946549769457
0.279717681196597
0.283669971767612
0.287633347020711
0.281994142353782
0.279527632752512
0.283480832977774
0.293903984683984
0.323798415297426
0.324618302135982
0.292887948332025
0.225103289620683
0.225654203620883
0.199974051512582
0.170877378114173
0.204220030384265
0.171681487250069
0.175387073523646
0.169153755233637
0.169535097084121
0.183239197491717
0.203676113547306
0.204118819246707
0.19114345925017
0.22179327270168
0.218890120982098
0.222717160912881
0.23331593226704
0.274444509706896
0.271595423134116
0.27212856560003
0.241981952790455
0.235615058146985
0.239480523386662
0.287911210862402
0.302174671892535
0.299281411061008
0.299815368944408
0.300342730669166
0.300863484604989
0.301377619275077
0.301885123356038
0.323240191586609
0.323768484549276
0.331263625371318
0.335281227790596
0.335804468229578
0.322306974040118
0.308759709501954
0.316246703324791
0.313190479345699
0.310117158763766
0.328201237586082
0.321589893194586
0.322029565083955
0.340179853205694
0.340628725503789
0.355281358675968
0.355733312554653
0.356177440847754
0.356613733875573
0.35704218213342
0.339589637477002
0.343560486907465
0.34753195488869
0.347917023189794
0.35547576714057
0.359447621290739
0.359820904720913
0.360186273639831
0.360543720116413
0.36089323639429
0.361234814891783
0.361568448201884
0.3401804813467
0.347723376484904
0.351645957390678
0.359195153665193
0.308649611432669
0.27255225475396
0.225482114977762
0.251125953138584
0.247664485613097
0.262415729742286
0.320946637997702
0.317506382989967
0.325009858940389
0.274051003135751
0.142589858930683
0.14632826733093
0.146407307743616
0.142821050474346
0.153883514965614
0.307912722008264
0.30805164334038
0.297177226969135
0.315649856261564
0.308427753633665
0.312212653526722
0.271901185612904
0.275663239407441
0.279421490120714
0.279498087085463
0.279568538509819
0.279632842875713
0.29073143296071
0.294466321076506
0.298196022300874
0.301920292772608
0.301956492473606
0.298303296254343
0.243080393473708
0.28729231488944
0.287301484405243
0.287304337000665
0.290984217134966
0.287291091320672
0.287274993330535
0.257790776017183
0.257764992498067
0.235642095038612
0.231926781191289
0.228207509350964
0.242884893901782
0.239154571802619
0.334738691595963
0.334653622543674
0.257354765538353
0.367540012699242
0.367422278861047
0.323220890148513
0.319431442043725
0.267925048730464
0.264146819076978
0.253031612823873
0.238255107359986
0.256460466935003
0.274642361947806
0.237899664519073
0.2341127062812
0.233980594738675
0.277688963762155
0.310384059269353
0.313837381695145
0.313632225366401
0.313420171883906
0.309559351111679
0.309336143196178
0.309106132360468
0.305235566831271
0.301363940282088
0.301119442636994
0.286368644250396
0.257148813785185
0.282253089521505
0.23499871453495
0.23116933170491
0.285079189228198
0.360509448557832
0.360151234460263
0.359785098680832
0.359411049167541
0.359029094043126
0.344293671940883
0.347494255315937
0.354257520063567
0.34312549056592
0.342720989553369
0.338743231241606
0.277785120660299
0.277438109098453
0.262875507430209
0.262534718172681
0.269274319730827
0.283065752154341
0.18020762323315
0.158785469089573
0.158560718545408
0.172406477857496
0.140534006615798
0.140324939512732
0.157626883344423
0.206348883761264
0.199042907860083
0.247537676304754
0.250620101697613
0.34751467649196
0.34693823275359
0.346354156044994
0.3457624592224
0.345163155318276
0.344556257541428
0.343941779277103
0.343319734087094
0.342690135709851
0.342052998060603
0.341408335231472
0.340756161491602
0.34009649128729
0.339429339242124
0.338754720157123
0.338072649010884
0.337383140959738
0.336686211337909
0.3326220569011
0.33191744811346
0.334551049062464
0.33382459006392
0.333090788840226
0.332349661796673
0.331601225517749
0.33084549676735
0.330082492489005
0.32931222980611
0.328534726022163
0.327749998621016
0.326958065267131
0.326158943805846
0.325352652263653
0.32453920884848
0.323718631949992
0.322890940139892
0.322056152172244
0.321214286983794
0.320365363694314
0.31950940160695
0.318646420208589
0.314598674778527
0.313730483563896
0.309695246624804
0.311973450718125
0.314226918502823
0.313322240801303
0.312410685374811
0.246078895823857
0.245347950081922
0.306538613764145
0.308696108664424
0.307750482943962
0.306798108151376
0.305839006391593
0.304873199960423
0.303900711345169
0.302921563225256
0.301935778472881
0.300943380153684
0.299944391527437
0.29893883604876
0.297926737367856
0.296908119331269
0.295883005982671
0.294851421563664
0.293813390514618
0.292768937475528
0.2917180872869
0.290660864990665
0.289597295831121
0.288527405255902
0.287451218916983
0.286368762671711
0.285280062583867
0.284185144924766
0.229298069301254
0.208662804636681
0.193795713135346
0.195820681931053
0.195032759060459
0.149842746508884
0.154755372927269
0.137602596529627
0.243909425526491
0.248338938450101
0.249999342615353
0.248925332632182
0.250539912133122
0.230668055299435
0.232319393111101
0.260526270781918
0.256707341441843
0.258175753407648
0.251747396798574
0.242751808927642
0.241618104714316
0.258579792494982
0.257349618370765
0.256113922985378
0.254872738274686
0.253626096426108
0.252374029881097
0.251116571337699
0.24985375375319
0.248585610346797
0.247312174602495
0.246033480271906
0.244749561377268
0.243460452214515
0.242166187356441
0.240866801655963
0.237166706946998
0.235870280474808
0.234568889579618
0.233262569909517
0.234294300411781
0.232964937693106
0.231630706242574
0.230291643284637
0.224368830631116
0.184355330390392
0.183259132308157
0.173163630617643
0.167643885757633
0.193277397929581
0.192083919553464
0.186498311476384
0.185324616184791
0.184147145889982
0.182965935402965
0.171088018683354
0.165720116532893
0.179400215675832
0.178204398937864
0.177005020917362
0.202689501222476
0.184866065525323
0.142788379055095
0.143814791053244
0.130731067817197
0.101841630733609
0.107055187134868
0.106275990397727
9.96339305238118E-02
0.100833288000043
0.100077120445029
0.11650889666795
0.123198913013499
0.12600813559342
0.153014792824525
0.13884864361002
0.139578751472477
0.142098558269632
0.140942675296474
0.136200056707384
0.135068934525437
0.142746976800074
0.143283778633907
0.142055797225333
0.140825386812136
0.1395925938437
0.134982893025214
0.133775657522559
0.130909159024653
0.129712745604111
0.128514269240666
0.12731377827
0.126111321681826
0.123325848515642
0.142490692405203
0.142649678017154
0.142776004876955
0.127670767649883
0.127885334733605
0.122110818237757
0.110531977257923
0.113750846512058
0.115432840369113
0.111341831682487
0.111547332731026
0.108927606476977
0.107718687176512
0.109239634733247
0.107997475031344
0.105419861343428
0.102872391315909
0.102961792665213
0.100443761323003
9.41396749549877E-02
0.125656642893984
0.124096740214809
0.122536160081106
0.120974995402281
0.115830940677839
0.113137241468157
0.104660055745009
0.103253772930314
0.104110683548695
0.102673078182223
0.103436357161532
0.103052592842979
0.102637911143678
9.79783121964057E-02
0.101716287058146
9.91649698354578E-02
9.26187370149733E-02
9.11849651655874E-02
5.07294907061783E-02
3.55201970422984E-02
4.91117567723591E-02
2.32230778764411E-02
2.28351375529885E-02
3.05287860860291E-02
3.00024335737326E-02
2.86098173341272E-02
2.81003572315736E-02
2.92639050946641E-02
2.54424009238077E-02
2.65769060229124E-02
3.00210586711092E-02
3.02142994004193E-02
0.028859325734762
4.16763599238068E-02
4.51993583812815E-02
4.35455548862154E-02
4.40207295811904E-02
4.37545353006878E-02
4.68042680408991E-02
0.041179785625823
0.037045293164273
3.55582259193269E-02
5.23739687790727E-02
5.22920549161528E-02
5.79516002467586E-02
5.64866744964108E-02
5.50283012276021E-02
5.35767794045649E-02
5.21324186314333E-02
5.06955396533673E-02
4.92664748830165E-02
4.78455689534383E-02
4.64331792985528E-02
4.50296767622223E-02
4.36354462369674E-02
4.22508873333111E-02
4.08764150806039E-02
3.95124606600976E-02
3.81594721708275E-02
3.68179154286715E-02
3.54882747986428E-02
3.41710540601169E-02
3.28667773042354E-02
3.15759898621428E-02
3.02992592620055E-02
2.90371762118637E-02
2.77903556042913E-02
2.65594375374815E-02
0.025345088345752
2.41480016304449E-02
2.29688992797777E-02
2.18085324632146E-02
2.06676825823428E-02
1.95471621558569E-02
1.84478156109735E-02
1.73705199472034E-02
1.63161852306606E-02
1.52857548678004E-02
1.42802055962111E-02
1.33005471166244E-02
1.23478212740818E-02
1.14231006768394E-02
1.05274866184719E-02
9.66210614117839E-03
8.82810804586149E-03
8.02665761646578E-03
6.2426796123456E-03
4.50300926713725E-03
4.5468814486907E-03
4.03242538561011E-03
3.50236377407063E-03
3.0542970270261E-03
2.6030108560661E-03
2.77831696598818E-03
0.002342596573803
1.90607291428128E-03
1.62546064006181E-03
1.31751518954424E-03
8.86303136262591E-04
6.77901987359471E-04
5.44855714719844E-04
3.76928402940566E-04
3.00735158536066E-04
1.89259908981917E-04
1.19961789419942E-04
2.93363220030921E-05
2.3218535602732E-05
1.0507595028419E-05
4.75181544933475E-06
1.28570868169808E-06
2.22525207795512E-07
1.98121160515405E-08
7.66889909967252E-10
1.71928413998642E-12
7.2478657384265E-18
3.61727441991069E-35
0
0
0
0
0
0
0
0
0
0
0
0
0
0
0
0
0
0
0
0
0
0
0
0
0
0
0
0
0
0
0
0
0
0
0
0
0
0
0
0
0
0
0
0
0
0
0
0
0
0
0
0
0
0
0
0
0
0
0
0
0
0
0
0
0
0
0
0
0
0
0
0
0
0
0
0
0
0
0
0
0
0
0
0
0
0
0
0
0
0
0
0
0
0
0
0
0
0
0
0
0
0
0
0
0
0
0
0
0
0
0
0
0
0
0
0
0
0
0
0
0
0
0
0
0
0
0
0
0
0
0
0
0
0
0
0
0
0
0
0
0
0
0
0
0
0
0
0
0
0
0
0
0
0
0
0
0
0
0
0
0
0
0
0
0
0
0
0
0
0
0
0
0
0
0
0
0
0
0
0
0
0
0
0
0
0
0
0
0
0
0
0
0
0
0
0
0
0
0
0
0
0
0
0
0
0
0
0
0
0
0
0
0
0
0
0
0
0
0
0
0
0
0
0
0
0
0
0
0
0
0
0
0
0
0
0
0
0
0
0
0
0
0
0
0
0
0
0
0
0
0
0
0
0
0
0
0
0
0
0
0
0
0
0
0
0
0
0
0
0
0
0
0
0
0
0
0
0
0
0
0
0
0
0
0
0
""
