0
0
0
0
0
0
0
0
0
0
0
0
0
0
0
0
0
0
0
0
0
0
0
0
0
0
0
0
0
0
0
0
0
0
0
0
0
0
0
0
0
0
0
0
0
0
0
0
0
0
0
0
0
0
0
0
0
0
0
0
0
0
0
0
0
0
0
0
0
0
0
0
0
0
0
0
0
0
0
0
0
0
0
0
0
0
0
0
0
0
0
0
0
0
0
0
0
0
0
0
0
0
0
0
0
0
0
0
0
0
0
0
0
0
0
0
0
0
0
0
0
0
0
0
0
0
0
0
0
0
0
0
0
0
0
0
0
0
0
0
0
0
0
0
0
0
0
0
0
0
0
0
0
0
0
0
0
0
0
0
0
0
0
0
0
0
0
0
0
0
0
0
0
0
0
0
0
0
0
0
0
0
0
0
0
0
0
0
0
0
0
0
0
0
0
0
0
0
0
0
0
0
0
0
0
0
0
0
0
0
0
0
0
0
0
0
0
0
0
0
0
0
0
0
0
0
0
0
0
0
0
0
0
0
0
0
0
0
0
0
0
0
0
0
0
0
0
0
0
0
0
0
0
0
0
0
0
0
0
0
0
0
0
0
0
0
0
0
0
0
0
0
0
0
0
0
0
0
0
0
0
0
0
0
0
0
0
0
0
0
0
0
0
0
0
0
0
0
0
0
0
0
0
0
0
0
0
0
0
0
0
0
0
0
0
0
8.27743672341321E-251
5.18194535011442E-34
2.49291360774114E-19
5.83581207592888E-14
4.62758592654689E-11
2.08268407242515E-09
5.00370502733915E-08
3.33565576014044E-07
1.39570812980085E-06
4.27054808502938E-06
1.04819078776006E-05
2.189941711127E-05
4.05267513377162E-05
6.8295343643268E-05
1.06906404849524E-04
1.57734073745116E-04
2.0625909893483E-04
2.78715181103571E-04
3.40832105635214E-04
4.28268783932076E-04
5.25406827406847E-04
6.3145692897254E-04
7.54504890273271E-04
8.87779623707393E-04
6.50278046855845E-04
5.34879398070962E-04
5.91242365738046E-04
6.64971939422435E-04
5.41229544621977E-04
6.21359714463115E-04
6.58856305314204E-04
6.66753359834563E-04
7.24713938845405E-04
7.52418332619551E-04
7.42512909735334E-04
6.87463379278591E-04
6.56888922143408E-04
6.5792618451239E-04
8.28729255573115E-04
9.22543640792502E-04
1.02156856921566E-03
1.12575442086475E-03
1.18134707213437E-03
1.23692883886588E-03
1.23369443786058E-03
1.22530314442947E-03
1.33928112804978E-03
1.32551629651642E-03
1.44406455920595E-03
1.42482435093187E-03
1.40035946238678E-03
1.37069040277829E-03
1.3358450535985E-03
1.37684889384144E-03
1.50092236749142E-03
1.54365766804254E-03
1.58603408238999E-03
1.62804140135253E-03
4.3596962123453E-03
5.41789799649561E-03
5.54726544603567E-03
4.6796972378598E-03
4.98787451342433E-03
5.71979465386092E-03
6.26442096829462E-03
6.39172683479548E-03
5.74440877198908E-03
5.85425117674598E-03
3.32547158277223E-03
3.73563161365559E-03
3.56348963275786E-03
3.74495587769593E-03
3.80694647041102E-03
3.61868411389737E-03
3.54865380509729E-03
3.34545026811248E-03
3.39515728442566E-03
3.70925097204193E-03
3.76158136987024E-03
3.94951021816067E-03
4.00249040287142E-03
3.9150473944413E-03
3.96504825038389E-03
4.14672811216112E-03
4.18729345518636E-03
4.3786422281816E-03
4.40326499865106E-03
4.41590379684956E-03
4.60023401380703E-03
4.78685039151649E-03
4.37862029128055E-03
4.5467402324735E-03
4.71674736637941E-03
4.22197412614436E-03
3.91174917444337E-03
3.80923256148298E-03
3.93807787046744E-03
3.81389541160068E-03
3.41204309348235E-03
3.51966824696238E-03
4.46551462660568E-03
4.88777432948225E-03
5.62412508431075E-03
6.70041865964599E-03
5.95057863125835E-03
6.11565752962219E-03
6.28193456755266E-03
6.78882410282629E-03
6.61797614852039E-03
7.14493517281055E-03
7.69096732256077E-03
8.25621631275226E-03
8.84082112150043E-03
9.44491609243356E-03
9.66588579284599E-03
9.8880842928656E-03
9.2688590848749E-03
9.04404581934015E-03
9.24154480375164E-03
1.03390697276291E-02
1.05574909862139E-02
1.12454923859736E-02
1.09973622972229E-02
1.12187625961113E-02
1.14411068276813E-02
1.36929573904352E-02
1.44729954103711E-02
1.84336876988721E-02
1.93139234938032E-02
1.96687788946337E-02
2.22498846273195E-02
2.03822413069361E-02
1.95885152416988E-02
1.99282328167434E-02
2.08651641699939E-02
2.12170375170492E-02
1.66396731768588E-02
1.75390892470526E-02
1.84595376268651E-02
0.018754374269386
2.23344490752011E-02
0.022014760884185
2.43848510570474E-02
0.042632675130428
4.18748184913652E-02
4.95758025891669E-02
4.67063585507433E-02
4.08191686296086E-02
4.28787099030669E-02
4.64802692268048E-02
3.19239473949534E-02
3.15914865822127E-02
3.35817655830654E-02
3.40317042365737E-02
0.036086150173594
3.65584057131474E-02
3.62083928063929E-02
3.66713950856254E-02
3.12271380025118E-02
5.04169804287234E-02
0.05709563180695
4.72854667025716E-02
4.78568980820939E-02
4.93256998089286E-02
5.08162111558521E-02
5.04923410319919E-02
5.57196588214635E-02
4.41464892559755E-02
3.98966425608924E-02
0.042264621292541
0.042733019171975
4.32016516949619E-02
4.46630057392488E-02
4.31363524997096E-02
4.35948803840915E-02
4.30290428358263E-02
4.65826605645439E-02
4.70628696113643E-02
4.96561785156225E-02
6.93672452804804E-02
5.38931447391207E-02
7.61976214796468E-02
6.81511163690479E-02
4.55052732817237E-02
5.26661526597478E-02
5.31676335387886E-02
5.13852143242954E-02
5.18651181989961E-02
4.76919939983561E-02
0.057519960041409
5.80419616079226E-02
0.100394967707051
8.68191376364279E-02
0.08393566312018
8.71234134353218E-02
8.78777825167657E-02
8.86316570181126E-02
7.80545123629445E-02
8.37900668271284E-02
8.44893012688107E-02
2.96867142876434E-02
3.12312812843779E-02
3.27967637039703E-02
0.033060694483335
3.33243667759777E-02
3.89618137019962E-02
4.19751102804321E-02
4.36655765190346E-02
4.67517262926188E-02
4.71083580885827E-02
5.30486227348462E-02
5.06332698643314E-02
5.10094638759468E-02
4.85304272707328E-02
4.74469778705347E-02
4.05494397814498E-02
4.22990040066552E-02
4.55378542534304E-02
4.73383679238106E-02
4.91590721473469E-02
4.64999146098264E-02
2.71855587048924E-02
2.73708578108134E-02
2.90867214590675E-02
2.77405031116216E-02
2.48220770996124E-02
2.49856320374284E-02
2.67206895852773E-02
2.53118284872831E-02
2.38823054481808E-02
2.72390691007616E-02
2.74111808813815E-02
2.75829425581302E-02
2.77543485453797E-02
2.79253932964336E-02
2.64433612264431E-02
0.026603649030823
0.023418133727426
2.35577591064144E-02
2.36970646262121E-02
2.04308964892699E-02
1.88372631757331E-02
1.89459429909952E-02
1.55899291528638E-02
0.015678412700572
1.22629686689663E-02
1.40930758706746E-02
1.06283460451658E-02
1.06867316487051E-02
0.010744961945677
9.00252931652251E-03
9.05079133874108E-03
9.09891957707079E-03
9.14691259668592E-03
9.19476897217017E-03
7.39398982995038E-03
1.30060925899207E-02
0.013072505766847
1.31387197892259E-02
1.13183423363478E-02
1.13747508493872E-02
1.14309837244713E-02
1.14870393382123E-02
1.34667354240298E-02
1.54648164541664E-02
1.55388353797402E-02
1.56126094380177E-02
1.56861365336066E-02
1.37894877615723E-02
1.97905519034455E-02
1.98815191160888E-02
0.017974950584885
1.60499951752616E-02
1.61219972434975E-02
1.61937380555042E-02
1.82983675745242E-02
1.83784814614992E-02
1.43564514831798E-02
1.44182930012596E-02
1.65484540893506E-02
1.66185860329719E-02
1.46023876791272E-02
1.46632703657742E-02
1.47239091863977E-02
1.47843024993934E-02
1.27238131490514E-02
1.27751537911833E-02
1.49639931373045E-02
1.71695865345128E-02
1.72371768485323E-02
1.73044755813294E-02
1.73714809414756E-02
1.96179650431037E-02
1.96926799921503E-02
1.97670589308812E-02
1.98410998970816E-02
2.21275566018763E-02
2.22090668097121E-02
2.22901950392536E-02
2.46080330852207E-02
2.24512970893761E-02
2.25312667088569E-02
2.26108459477427E-02
2.49590360153178E-02
2.73225900463048E-02
2.74166649641146E-02
2.52177398146848E-02
2.99036590580559E-02
0.034620013123836
0.034735197450885
3.71730901564475E-02
3.49637339075004E-02
3.27386081871188E-02
2.58058592098769E-02
2.11811486879909E-02
2.12480380525194E-02
2.13145512065147E-02
1.90050546374608E-02
1.66805661274483E-02
1.67314129409687E-02
0.019179385106376
1.68322119380129E-02
1.68821615894777E-02
1.45129797176868E-02
1.45552756620681E-02
1.94630813277984E-02
2.19586270053558E-02
1.46805956444813E-02
1.47218428858545E-02
1.47628253696412E-02
0.027139827145059
2.72139853435365E-02
2.48069569136731E-02
2.73608271094256E-02
2.49395518646491E-02
2.50051733082474E-02
2.75773760967901E-02
2.01080448452805E-02
2.26793827537852E-02
2.27368032061304E-02
2.27938104018352E-02
2.28504029465621E-02
2.03614039624553E-02
2.29623385646616E-02
2.81327186656354E-02
2.81998433948658E-02
2.82664530232968E-02
3.09082319268458E-02
3.35614151601517E-02
3.62258593397048E-02
4.14948485584229E-02
4.15879542176184E-02
3.90752782786594E-02
3.91611320329356E-02
3.92462662717456E-02
0.039330678944385
4.46696170888013E-02
4.73967977822703E-02
5.27727564651526E-02
5.02373599404307E-02
4.50407615157361E-02
4.24766823374974E-02
4.25612753145102E-02
4.53103994811216E-02
4.00575937367292E-02
4.01346822159022E-02
4.02110278473306E-02
4.83439545744288E-02
4.84337799722746E-02
4.58270015029413E-02
4.59101385781913E-02
0.054108733728979
5.42045350878226E-02
5.15843630667783E-02
5.16734591088522E-02
5.17615943502282E-02
5.18487667057669E-02
5.19349741146059E-02
5.20202145401516E-02
4.66198032363803E-02
4.39476096137176E-02
4.67679966607661E-02
4.68407858395317E-02
4.96722716863761E-02
4.97474900063046E-02
4.98217793741739E-02
5.26670901578533E-02
5.55195158820729E-02
9.17382701090071E-02
9.18676233842941E-02
8.92075229081158E-02
7.25803165161804E-02
7.26781618944703E-02
7.27746462079517E-02
7.56724505538014E-02
7.85761013120555E-02
0.134872449892276
0.13222713939647
0.121122026194291
0.101526709390035
0.104470554779639
0.101765434888522
0.101881932481145
0.101996516337521
0.102109183790999
8.80227194122753E-02
0.082431500347079
7.96721813643716E-02
8.26021804863218E-02
0.079833977133907
8.27666448361554E-02
8.28465412958262E-02
9.72222709096478E-02
0.10017440941927
0.103129902231401
0.108955844475227
0.134877996233808
0.123503570391947
0.166724095667887
0.15535133097775
0.158352995894762
0.195932477420953
0.181661772278797
0.132738797309684
0.121282451393632
0.121366320789528
9.83149662190326E-02
9.83791501529985E-02
9.26508015756902E-02
9.56048283344832E-02
9.56617120117065E-02
9.57167888448688E-02
8.12594427817396E-02
7.54957406208578E-02
7.55348578967254E-02
7.55725477951003E-02
7.85168405803858E-02
8.14623837134332E-02
8.44090114056652E-02
8.44446725238111E-02
8.15656771941054E-02
0.081597024872187
7.87115856637724E-02
8.74875970966266E-02
9.91850517953161E-02
0.102133723968359
0.102163256857616
0.116789551073903
0.122659829195821
0.128530609664952
0.113949148914979
0.11104894271353
9.93769969843027E-02
9.64692234525721E-02
9.35587659060202E-02
9.06457900069386E-02
9.94278563583896E-02
0.131606295780075
0.10821629166076
0.204742270510083
0.21644697824729
0.184273324089522
0.187195665703414
0.13454244687163
0.128686094912634
0.134525932859544
9.94232856675481E-02
0.105260271496389
0.102323313643096
0.105231410725931
0.108136604285214
0.108116656999116
0.108094664068521
0.108070625998982
0.102204297756996
9.05002410194011E-02
9.04749634665164E-02
9.33656511044007E-02
0.102086277957903
0.093304634727862
9.61862130544849E-02
8.74092751100741E-02
7.86373969839564E-02
6.98710751536841E-02
6.98409209222205E-02
6.69007194953871E-02
6.97766524016242E-02
6.68366004427128E-02
6.68026459218435E-02
6.67674291045133E-02
6.96322964892488E-02
7.24926215821856E-02
7.82462502016212E-02
7.53027323481044E-02
7.52558017346451E-02
7.52074501771127E-02
8.38297186516754E-02
7.79951998303079E-02
7.79405688988355E-02
7.49998573150444E-02
7.49444184329493E-02
7.48875657964666E-02
7.19512506918822E-02
7.18938697588785E-02
6.89617279989759E-02
6.31620376383111E-02
0.057370879572035
5.15885794828513E-02
5.15423954459921E-02
5.72169339712069E-02
5.71634621776076E-02
5.42534684254726E-02
5.42006265446082E-02
5.12969349334858E-02
5.40918839977194E-02
6.25679836226389E-02
0.065343086582827
6.52729617646317E-02
6.23667574427563E-02
6.51290331097112E-02
5.93982558713902E-02
5.65045307006061E-02
6.49039679108124E-02
5.91894196290721E-02
6.19327069730633E-02
6.18562886740391E-02
6.73949566985201E-02
7.01136064579338E-02
7.28237316668146E-02
7.27279481483163E-02
7.54242948004227E-02
8.36911115721114E-02
0.17550935770949
0.194737885658433
0.208351854998079
0.210826107316862
0.196668499950164
0.196377356631381
0.157418381647194
0.148906196873813
0.143169877388175
0.123703209878476
0.123507103759835
0.128789082012576
0.136786655455456
0.133829879735913
0.122699705390801
0.114325993741051
0.108695367808088
0.103081475416301
0.113732060951805
0.124342219601283
0.143006034808961
0.140052242347325
0.145170775266615
0.136849993290677
0.133913450356197
0.125638295658041
0.128063615164603
0.127813411093621
0.124903327048997
0.12465371515134
0.124401801973138
9.77332119397756E-02
9.75312883077643E-02
0.223590357575121
0.22836807327679
0.227880636508118
0.243071009174943
0.245148976158015
0.187359911769118
0.215503391194384
0.202065566103584
0.204190863972726
0.203721837918909
0.205821856693439
0.195072386357507
0.192049780477345
0.094517935533917
0.081547752010567
7.37223281449235E-02
6.84688933257134E-02
6.57689364309098E-02
5.80340144829283E-02
5.53699458885659E-02
5.77384579882464E-02
6.00929814821275E-02
5.99360484268906E-02
5.47965278858243E-02
5.21665649361166E-02
0.049548962628331
4.94145881425675E-02
4.92793226612455E-02
4.91431695331463E-02
4.90061321336406E-02
5.61984459444431E-02
5.84753017861297E-02
5.83076981522109E-02
0.060561510327652
5.31385811769507E-02
5.05738069405403E-02
5.28246398611318E-02
5.74540956268003E-02
5.48936095044482E-02
4.52084906522187E-02
4.26972158444237E-02
3.78351802431659E-02
4.00738974618097E-02
3.75973711508988E-02
3.51351268056191E-02
3.50220982006374E-02
3.72356826832337E-02
3.71138054906908E-02
3.93032310498784E-02
3.91723543296468E-02
3.67442743788074E-02
3.20423320176553E-02
3.19328645286563E-02
2.95497804045298E-02
3.39774241923624E-02
4.06300291984549E-02
0.047234185560949
4.93070837895819E-02
0.049129883056611
4.89518349142571E-02
4.87729440148799E-02
4.63844325406312E-02
5.28138029599032E-02
5.04235918554806E-02
4.80490470072314E-02
4.35145574751854E-02
4.76821652657518E-02
0.047497508013374
4.73120463751768E-02
0.047125785293513
4.69387297436242E-02
4.46258445186154E-02
4.44457891552167E-02
4.21571332122346E-02
4.82818755045208E-02
5.01727761002577E-02
4.78818133797895E-02
3.93883133148835E-02
4.12857204455302E-02
4.11093782855583E-02
4.29789788259637E-02
4.27924064506458E-02
4.05763192491995E-02
4.24171702802893E-02
4.22285168615198E-02
4.60429116413025E-02
4.38419829586182E-02
4.16584782403328E-02
4.93656233366781E-02
5.11025134476098E-02
4.89076593922981E-02
4.86775115142255E-02
0.048446595053253
4.62863199150114E-02
4.41438840843446E-02
4.96592720774825E-02
4.94159904143385E-02
4.34982581805258E-02
4.89271399818865E-02
5.05539540407154E-02
4.84352873515747E-02
4.81882531152301E-02
4.60966249104862E-02
4.76920050175333E-02
4.74428057859633E-02
4.90080111224112E-02
5.05532395777243E-02
5.02826112424482E-02
4.28667820746725E-02
4.97391512797176E-02
4.76996811838831E-02
4.74359223079642E-02
4.71714844267932E-02
4.69063756290204E-02
4.83680338375427E-02
4.29390536208004E-02
4.43994348688713E-02
4.41416395888514E-02
4.21954211359514E-02
4.53020934709945E-02
4.67003904583243E-02
4.64202055479031E-02
0.047787238789723
4.91335625361371E-02
5.04591215788631E-02
5.01462413833221E-02
4.66177034830233E-02
3.83369498308912E-02
3.80932488166823E-02
3.46949839335602E-02
3.76044316091923E-02
3.73593316380927E-02
4.02065968063193E-02
3.99401057844956E-02
3.96731452201919E-02
4.24369337433929E-02
3.91378518383374E-02
4.03645195821048E-02
3.56314985360927E-02
3.83316193032223E-02
4.39177320710317E-02
3.92455852397891E-02
3.89648014107001E-02
3.72508908125715E-02
3.69797453393975E-02
3.67082339823601E-02
3.64363666017626E-02
3.75550821018565E-02
3.72720498905135E-02
0.036988679166758
0.036704980497881
3.50720399236807E-02
3.88134303177524E-02
3.98355819726844E-02
4.08363237865302E-02
3.52819438507027E-02
3.62926710972164E-02
3.72819845179527E-02
4.58998424449169E-02
4.67826926150644E-02
4.51364587503483E-02
4.59975239015945E-02
4.56045325092082E-02
4.27674376569573E-02
4.11839393689404E-02
4.08221683166227E-02
4.04602129443313E-02
4.12774441723003E-02
4.44106121487636E-02
0.045163600532588
4.58951268514277E-02
4.66051995745055E-02
5.51761341053412E-02
5.24225194645812E-02
0.05413031330427
5.14192497898831E-02
4.98342014689748E-02
4.93431701557956E-02
4.88521523408563E-02
4.62585117136435E-02
4.89109083161856E-02
3.70795415441438E-02
3.66954932959111E-02
3.53028945823847E-02
3.79237118313822E-02
3.75187168634718E-02
3.80905741606926E-02
3.57432273092176E-02
3.82156222489431E-02
0.06424327937842
8.22029468686407E-02
4.61750997305623E-02
4.29057118092145E-02
3.97003840891054E-02
4.10174871568457E-02
4.14115697011966E-02
4.43965321520444E-02
4.04178451073623E-02
3.99217807239411E-02
0.039426287697057
3.64464133078981E-02
6.37892897075057E-02
0.062162818656968
6.13552953544957E-02
0.073130562114903
7.13822802305427E-02
6.88909828991389E-02
6.79530485278285E-02
6.70167519268294E-02
6.53479112462442E-02
6.37015673681135E-02
6.20777252459457E-02
6.11796015585781E-02
0.060283380462812
6.34849304255248E-02
6.25311828428835E-02
6.02553910020059E-02
5.93266299582712E-02
5.84002166370025E-02
5.74762256375817E-02
4.22606793335206E-02
3.72943371369038E-02
3.60788234415671E-02
3.37026688044305E-02
3.42947506211073E-02
1.94238880250439E-02
1.79631166011491E-02
1.76460029082888E-02
1.67884329261197E-02
1.43565110095081E-02
1.25260653570005E-02
1.17795331181012E-02
1.20582311805121E-02
1.08402461046444E-02
1.11110958501733E-02
2.93560910535455E-02
2.55157193482697E-02
2.45377456055733E-02
2.35811849624771E-02
2.17749626484454E-02
2.25842294824619E-02
3.45930742700171E-02
3.50449912658682E-02
3.46491721483319E-02
3.42394437590545E-02
0.033816071635272
3.30084467897965E-02
3.22057678670519E-02
3.14081509403656E-02
3.43996788156711E-02
3.35152558757158E-02
3.26369259469742E-02
3.17648290366418E-02
3.08991076829067E-02
3.00399070097611E-02
2.91873747822707E-02
2.83416614622062E-02
2.75029202639276E-02
2.66713072103923E-02
2.58469811891501E-02
2.50301040081559E-02
2.42208404512255E-02
2.34193583329246E-02
0.022625828552659
2.18404251477088E-02
2.10633253449138E-02
2.02947096106829E-02
1.95347616989634E-02
1.87836686967619E-02
1.80416210667608E-02
1.73088126865219E-02
0.016585440883712
1.58717064667183E-02
1.51678137499517E-02
1.44739705730585E-02
0.011541005112762
1.13937611718563E-02
1.12448299625036E-02
1.10941931465043E-02
1.04080849299676E-02
9.99838563604975E-03
9.72427455659493E-03
9.58009934469712E-03
9.30849806669347E-03
2.47648785375117E-03
2.19305043809064E-03
2.27668641287081E-03
2.5914385970137E-03
2.66195601983241E-03
2.50050197583761E-03
5.13169056688341E-03
4.92458013504935E-03
4.72071807126391E-03
4.52017367148676E-03
4.42594662901522E-03
4.33075239669897E-03
4.13611836385637E-03
4.04126934829996E-03
3.94550072220329E-03
4.21538031656633E-03
2.50083962945178E-03
2.52218611382475E-03
2.53823785142719E-03
2.54895302301019E-03
2.87358215580461E-03
2.70903643576402E-03
1.42429990520042E-03
1.5226911681557E-03
1.5408814722102E-03
1.35114729439901E-03
1.10606209827004E-03
8.75798762511118E-04
9.60687030738988E-04
8.05310455347962E-04
7.14961352623936E-04
7.87049968631966E-04
7.99101571308631E-04
7.58745843445046E-04
7.18506127603813E-04
7.20843398779215E-04
6.7852719086541E-04
6.36538041099815E-04
6.9994854847304E-04
6.51610460282843E-04
6.6436104525667E-04
0.00061284288136
6.64603989116736E-04
5.83015406928252E-04
5.28511799235123E-04
4.75721149607035E-04
4.07847955582946E-04
3.61035108879254E-04
3.29640602235587E-04
3.0859895063647E-04
2.54367521865856E-04
2.22884220870043E-04
3.69999725080517E-04
3.18090383386092E-04
2.3565315929666E-04
2.69305728212073E-04
2.05471867102133E-04
1.71963688886648E-04
1.18301410566953E-04
7.80313310899403E-05
4.49825641202074E-05
2.55798794992528E-05
1.32406496017973E-05
5.8954437058413E-06
2.20324167716288E-06
6.27491697279733E-07
1.22565285062598E-07
6.87828789842277E-09
3.12139173708583E-10
2.46076896658892E-12
4.63123156036158E-16
3.02271717518843E-24
2.88465473501594E-57
0
0
0
0
0
0
0
0
0
0
0
0
0
0
0
0
0
0
0
0
0
0
0
0
0
0
0
0
0
0
0
0
0
0
0
0
0
0
0
0
0
0
0
0
0
0
0
0
0
0
0
0
0
0
0
0
0
0
0
0
0
0
0
0
0
0
0
0
0
0
0
0
0
0
0
0
0
0
0
0
0
0
0
0
0
0
0
0
0
0
0
0
0
0
0
0
0
0
0
0
0
0
0
0
0
0
0
0
0
0
0
0
0
0
0
0
0
0
0
0
0
0
0
0
0
0
0
0
0
0
0
0
0
0
0
0
0
0
0
0
0
0
0
0
0
0
0
0
0
0
0
0
0
0
0
0
0
0
0
0
0
0
0
0
0
0
0
0
0
0
0
0
0
0
0
0
0
0
0
0
0
0
0
0
0
0
0
0
0
0
0
0
0
0
0
0
0
0
0
0
0
0
""
